SubmitTime,StartTime,EndTime,QueuedTime,RunTime,NodesRequested,walltime,bslowdown
211,217,3973,6,3756,2,36000,1.00159744409
227,233,3953,6,3720,2,36000,1.00161290323
321,327,3734,6,3407,2,36000,1.00176108013
352,358,3440,6,3082,2,36000,1.0019467878
394,400,3680,6,3280,2,36000,1.00182926829
441,453,3300,12,2847,2,36000,1.00421496312
441,447,3470,6,3023,2,36000,1.00198478333
484,489,4054,5,3565,2,36000,1.00140252454
515,521,4096,6,3575,2,36000,1.00167832168
516,527,3805,11,3278,2,36000,1.0033557047
527,532,3429,5,2897,2,36000,1.00172592337
538,544,3818,6,3274,2,36000,1.00183262065
574,581,3488,7,2907,2,36000,1.00240798074
663,669,3805,6,3136,2,36000,1.00191326531
679,685,4339,6,3654,2,36000,1.00164203612
706,712,3807,6,3095,2,36000,1.00193861066
758,764,4545,6,3781,2,36000,1.00158688178
774,780,4562,6,3782,2,36000,1.00158646219
795,801,4566,6,3765,2,36000,1.0015936255
852,858,4641,6,3783,2,36000,1.00158604282
853,864,4643,11,3779,2,36000,1.00291082297
874,880,4652,6,3772,2,36000,1.00159066808
952,958,4759,6,3801,2,36000,1.00157853197
963,969,4749,6,3780,2,36000,1.00158730159
975,981,4789,6,3808,2,36000,1.00157563025
1024,1029,4861,5,3832,2,36000,1.00130480167
1102,1108,4876,6,3768,2,36000,1.00159235669
1129,1134,4929,5,3795,2,36000,1.00131752306
1201,1207,5006,6,3799,2,36000,1.00157936299
1288,1295,5132,7,3837,2,36000,1.00182434193
1330,1336,5132,6,3796,2,36000,1.00158061117
1341,1346,5108,5,3762,2,36000,1.00132908028
1479,1485,5107,6,3622,2,36000,1.00165654335
2718,2724,6559,6,3835,2,36000,1.00156453716
2765,2771,6606,6,3835,2,36000,1.00156453716
2806,2812,6608,6,3796,2,36000,1.00158061117
3169,3175,5660,6,2485,2,36000,1.00241448692
3309,3315,6442,6,3127,2,36000,1.00191877199
3418,3424,6886,6,3462,2,36000,1.00173310225
3439,3445,6763,6,3318,2,36000,1.00180831826
3450,3456,6727,6,3271,2,36000,1.00183430144
3476,3482,6409,6,2927,2,36000,1.00204988042
3498,3504,7307,6,3803,2,36000,1.00157770181
3514,3520,7270,6,3750,2,36000,1.0016
3525,3531,7145,6,3614,2,36000,1.00166021029
3689,3695,7496,6,3801,2,36000,1.00157853197
3741,3747,7470,6,3723,2,36000,1.00161160355
3814,3830,7623,16,3793,2,36000,1.00421829686
3814,3820,7569,6,3749,2,36000,1.00160042678
3814,3825,7653,11,3828,2,36000,1.00287356322
3825,3836,7654,11,3818,2,36000,1.00288108958
3959,3965,7721,6,3756,2,36000,1.00159744409
3980,3987,7740,7,3753,2,36000,1.00186517453
4063,4069,7846,6,3777,2,36000,1.00158856235
4105,4111,7890,6,3779,2,36000,1.00158772162
4346,4352,8117,6,3765,2,36000,1.0015936255
4553,4559,8318,6,3759,2,36000,1.00159616919
4569,4576,8339,7,3763,2,36000,1.00186021791
4575,4582,8358,7,3776,2,36000,1.00185381356
4648,4653,8250,5,3597,2,36000,1.00139004726
4653,4660,8065,7,3405,2,36000,1.00205580029
4659,4666,8163,7,3497,2,36000,1.00200171576
4757,4763,7489,6,2726,2,36000,1.00220102715
4768,4774,7337,6,2563,2,36000,1.00234100663
4795,4800,8568,5,3768,2,36000,1.00132696391
4805,4811,4817,6,6,2,300,1.2
4822,4828,4847,6,19,2,300,1.31578947368
4854,4860,4896,6,36,2,300,1.16666666667
4868,4874,8521,6,3647,2,36000,1.00164518783
4884,4890,8628,6,3738,2,36000,1.00160513644
4904,4910,5161,6,251,2,300,1.02390438247
4936,4942,8712,6,3770,2,36000,1.00159151194
5014,5020,8769,6,3749,2,36000,1.00160042678
5112,5118,8881,6,3763,2,36000,1.0015944725
5118,5123,8918,5,3795,2,36000,1.00131752306
5140,5151,8919,11,3768,2,36000,1.00291932059
5140,5145,8916,5,3771,2,36000,1.00132590825
5168,5175,5193,7,18,2,300,1.38888888889
5200,5207,5248,7,41,2,300,1.17073170732
5255,5261,5294,6,33,2,300,1.18181818182
5301,5307,5618,6,311,2,300,1.0192926045
5667,5673,9466,6,3793,2,36000,1.00158186132
6418,6424,10193,6,3769,2,36000,1.0015919342
6450,6456,10052,6,3596,2,36000,1.00166852058
6568,6574,10314,6,3740,2,36000,1.00160427807
6615,6621,10249,6,3628,2,36000,1.00165380375
6616,6626,10349,10,3723,2,36000,1.00268600591
6734,6740,10478,6,3738,2,36000,1.00160513644
6771,6777,10510,6,3733,2,36000,1.00160728636
6894,6900,10656,6,3756,2,36000,1.00159744409
7151,7157,10852,6,3695,2,36000,1.00162381597
7280,7287,11051,7,3764,2,36000,1.0018597237
7312,7318,11070,6,3752,2,36000,1.00159914712
7344,7350,11100,6,3750,2,36000,1.0016
7479,7485,11094,6,3609,2,36000,1.00166251039
7495,7501,11188,6,3687,2,36000,1.0016273393
7506,7512,11258,6,3746,2,36000,1.00160170849
7578,7585,11317,7,3732,2,36000,1.00187566988
7631,7637,11290,6,3653,2,36000,1.00164248563
7663,7674,11444,11,3770,2,36000,1.00291777188
7663,7669,10624,6,2955,2,36000,1.00203045685
7731,7737,11379,6,3642,2,36000,1.00164744646
7747,7752,11356,5,3604,2,36000,1.00138734739
7856,7862,11051,6,3189,2,36000,1.00188146754
7898,7904,10765,6,2861,2,36000,1.00209716882
8073,8079,11574,6,3495,2,36000,1.0017167382
8125,8131,11916,6,3785,2,36000,1.00158520476
8172,8178,11826,6,3648,2,36000,1.00164473684
8260,8266,12019,6,3753,2,36000,1.00159872102
8327,8333,12054,6,3721,2,36000,1.00161246977
8349,8355,11989,6,3634,2,36000,1.0016510732
8365,8371,12072,6,3701,2,36000,1.00162118346
8531,8537,12299,6,3762,2,36000,1.00159489633
8578,8584,12334,6,3750,2,36000,1.0016
8635,8642,12392,7,3750,2,36000,1.00186666667
8718,8725,12492,7,3767,2,36000,1.00185824263
8776,8782,12536,6,3754,2,36000,1.00159829515
8888,8894,12634,6,3740,2,36000,1.00160427807
8925,8936,12675,11,3739,2,36000,1.00294196309
8925,8930,12638,5,3708,2,36000,1.00134843581
8925,8941,12645,16,3704,2,36000,1.00431965443
9474,9480,13124,6,3644,2,36000,1.00164654226
10057,10063,13393,6,3330,2,36000,1.0018018018
10201,10207,13994,6,3787,2,36000,1.00158436757
10256,10262,14035,6,3773,2,36000,1.00159024649
10324,10330,14152,6,3822,2,36000,1.00156985871
10355,10361,14153,6,3792,2,36000,1.00158227848
10485,10491,14236,6,3745,2,36000,1.00160213618
10517,10523,14284,6,3761,2,36000,1.00159532039
10630,10637,14172,7,3535,2,36000,1.00198019802
10662,10668,14008,6,3340,2,36000,1.00179640719
10776,10782,14271,6,3489,2,36000,1.00171969046
10859,10866,14602,7,3736,2,36000,1.00187366167
11061,11067,14845,6,3778,2,36000,1.00158814187
11061,11072,14845,11,3773,2,36000,1.0029154519
11078,11084,14859,6,3775,2,36000,1.00158940397
11104,11110,14698,6,3588,2,36000,1.0016722408
11110,11116,14858,6,3742,2,36000,1.00160342063
11198,11204,15028,6,3824,2,36000,1.00156903766
11265,11271,14767,6,3496,2,36000,1.00171624714
11297,11303,15124,6,3821,2,36000,1.00157026956
11324,11330,15133,6,3803,2,36000,1.00157770181
11365,11371,15166,6,3795,2,36000,1.00158102767
11387,11393,15190,6,3797,2,36000,1.00158019489
11450,11455,15284,5,3829,2,36000,1.00130582397
11584,11590,14949,6,3359,2,36000,1.00178624591
11832,11837,15581,5,3744,2,36000,1.00133547009
11924,11931,15265,7,3334,2,36000,1.00209958008
11997,12003,15735,6,3732,2,36000,1.00160771704
12029,12035,15119,6,3084,2,36000,1.00194552529
12062,12068,15739,6,3671,2,36000,1.00163443203
12078,12084,15828,6,3744,2,36000,1.0016025641
12309,12315,16002,6,3687,2,36000,1.0016273393
12341,12347,16127,6,3780,2,36000,1.00158730159
12398,12404,16173,6,3769,2,36000,1.0015919342
12501,12507,16122,6,3615,2,36000,1.00165975104
12542,12549,16014,7,3465,2,36000,1.00202020202
12641,12647,16071,6,3424,2,36000,1.00175233645
12647,12653,15917,6,3264,2,36000,1.00183823529
12652,12659,16453,7,3794,2,36000,1.00184501845
12685,12691,16348,6,3657,2,36000,1.00164068909
13131,13137,15626,6,2489,2,36000,1.00241060667
13403,13409,17223,6,3814,2,36000,1.00157315155
14002,14008,17802,6,3794,2,36000,1.00158144439
14019,14025,17851,6,3826,2,36000,1.00156821746
14045,14051,17869,6,3818,2,36000,1.0015715034
14159,14165,17931,6,3766,2,36000,1.00159320234
14160,14170,17997,10,3827,2,36000,1.0026130128
14181,14187,18002,6,3815,2,36000,1.00157273919
14243,14250,18019,7,3769,2,36000,1.00185725657
14280,14286,18060,6,3774,2,36000,1.00158982512
14291,14297,17736,6,3439,2,36000,1.00174469322
14609,14616,17523,7,2907,2,36000,1.00240798074
14708,14714,18476,6,3762,2,36000,1.00159489633
14776,14782,18584,6,3802,2,36000,1.00157811678
14854,14865,18649,11,3784,2,36000,1.00290697674
14854,14860,18658,6,3798,2,36000,1.00157977883
14866,14872,18682,6,3810,2,36000,1.00157480315
14866,14877,18690,11,3813,2,36000,1.00288486756
14955,14960,18789,5,3829,2,36000,1.00130582397
15038,15044,18836,6,3792,2,36000,1.00158227848
15127,15133,18903,6,3770,2,36000,1.00159151194
15133,15139,18836,6,3697,2,36000,1.00162293752
15139,15145,18933,6,3788,2,36000,1.00158394931
15175,15182,18977,7,3795,2,36000,1.00184453228
15197,15203,18998,6,3795,2,36000,1.00158102767
15275,15281,19087,6,3806,2,36000,1.00157645822
15291,15297,19081,6,3784,2,36000,1.00158562368
15590,15596,19414,6,3818,2,36000,1.0015715034
15634,15640,19469,6,3829,2,36000,1.00156698877
15742,15749,19551,7,3802,2,36000,1.00184113624
15748,15755,19558,7,3803,2,36000,1.00184065212
15837,15843,19484,6,3641,2,36000,1.00164789893
15925,15932,19724,7,3792,2,36000,1.00184599156
16008,16014,18331,6,2317,2,36000,1.00258955546
16020,16025,19023,5,2998,2,36000,1.00166777852
16077,16083,19105,6,3022,2,36000,1.00198544011
16129,16135,19547,6,3412,2,36000,1.00175849941
16135,16140,19249,5,3109,2,36000,1.00160823416
16182,16188,19483,6,3295,2,36000,1.00182094082
16358,16364,20202,6,3838,2,36000,1.00156331423
16461,16467,20032,6,3565,2,36000,1.00168302945
17232,17238,20990,6,3752,2,36000,1.00159914712
17530,17536,20804,6,3268,2,36000,1.00183598531
17742,17748,21497,6,3749,2,36000,1.00160042678
17810,17816,21569,6,3753,2,36000,1.00159872102
17858,17864,21625,6,3761,2,36000,1.00159532039
17879,17885,21652,6,3767,2,36000,1.0015927794
17942,17948,21716,6,3768,2,36000,1.00159235669
18005,18011,21795,6,3784,2,36000,1.00158562368
18011,18017,21788,6,3771,2,36000,1.0015910899
18027,18033,21792,6,3759,2,36000,1.00159616919
18069,18075,21835,6,3760,2,36000,1.00159574468
18337,18342,22097,5,3755,2,36000,1.00133155792
18482,18488,22168,6,3680,2,36000,1.00163043478
18593,18599,22335,6,3736,2,36000,1.00160599572
18657,18663,21965,6,3302,2,36000,1.00181708056
18668,18674,21838,6,3164,2,36000,1.00189633375
18689,18695,21991,6,3296,2,36000,1.00182038835
18695,18700,21748,5,3048,2,36000,1.00164041995
18800,18806,20941,6,2135,2,36000,1.00281030445
18842,18848,21891,6,3043,2,36000,1.00197173842
18842,18853,21449,11,2596,2,36000,1.00423728814
18911,18917,21902,6,2985,2,36000,1.00201005025
18943,18949,22319,6,3370,2,36000,1.00178041543
18985,18991,22652,6,3661,2,36000,1.00163889648
19006,19012,22783,6,3771,2,36000,1.0015910899
19033,19039,22814,6,3775,2,36000,1.00158940397
19090,19096,22888,6,3792,2,36000,1.00158227848
19096,19102,22715,6,3613,2,36000,1.0016606698
19112,19119,22804,7,3685,2,36000,1.00189959294
19258,19264,22881,6,3617,2,36000,1.00165883329
19424,19430,23169,6,3739,2,36000,1.00160470714
19477,19483,23248,6,3765,2,36000,1.0015936255
19493,19499,23233,6,3734,2,36000,1.00160685592
19494,19504,23242,10,3738,2,36000,1.00267522739
19556,19562,23314,6,3752,2,36000,1.00159914712
19557,19568,23346,11,3778,2,36000,1.00291159344
19568,19574,23328,6,3754,2,36000,1.00159829515
19733,19739,23491,6,3752,2,36000,1.00159914712
20042,20048,23776,6,3728,2,36000,1.00160944206
20211,20217,23946,6,3729,2,36000,1.00160901046
20810,20816,24395,6,3579,2,36000,1.00167644593
20950,20956,24721,6,3765,2,36000,1.0015936255
20997,21003,24756,6,3753,2,36000,1.00159872102
21459,21466,25135,7,3669,2,36000,1.00190787681
21507,21513,25201,6,3688,2,36000,1.00162689805
21577,21583,25039,6,3456,2,36000,1.00173611111
21630,21636,25054,6,3418,2,36000,1.00175541252
21662,21668,25344,6,3676,2,36000,1.00163220892
21726,21732,25377,6,3645,2,36000,1.00164609053
21757,21764,25407,7,3643,2,36000,1.00192149327
21794,21800,25502,6,3702,2,36000,1.00162074554
21800,21805,25241,5,3436,2,36000,1.00145518044
21800,21812,25372,12,3560,2,36000,1.00337078652
21843,21848,25585,5,3737,2,36000,1.00133797164
21843,21855,25565,12,3710,2,36000,1.00323450135
21901,21907,25628,6,3721,2,36000,1.00161246977
21912,21918,25564,6,3646,2,36000,1.00164563906
21975,21981,25572,6,3591,2,36000,1.00167084378
21996,22001,25503,5,3502,2,36000,1.00142775557
22105,22111,25794,6,3683,2,36000,1.00162910671
22176,22182,25852,6,3670,2,36000,1.00163487738
22325,22332,26047,7,3715,2,36000,1.00188425303
22342,22348,26103,6,3755,2,36000,1.00159786951
22660,22666,24652,6,1986,2,36000,1.00302114804
22723,22729,25614,6,2885,2,36000,1.0020797227
22791,22797,26341,6,3544,2,36000,1.00169300226
22813,22819,26418,6,3599,2,36000,1.00166712976
22824,22830,26151,6,3321,2,36000,1.00180668473
22892,22898,26686,6,3788,2,36000,1.00158394931
22897,22904,26694,7,3790,2,36000,1.0018469657
23177,23183,26641,6,3458,2,36000,1.001735107
23240,23246,26935,6,3689,2,36000,1.00162645703
23251,23257,26936,6,3679,2,36000,1.00163087796
23257,23263,26891,6,3628,2,36000,1.00165380375
23320,23326,27112,6,3786,2,36000,1.00158478605
23336,23342,27119,6,3777,2,36000,1.00158856235
23352,23358,27164,6,3806,2,36000,1.00157645822
23498,23504,27102,6,3598,2,36000,1.00166759311
23782,23788,27583,6,3795,2,36000,1.00158102767
23953,23959,27601,6,3642,2,36000,1.00164744646
24404,24410,27591,6,3181,2,36000,1.00188619931
24662,24668,26939,6,2271,2,36000,1.00264200793
24730,24736,28423,6,3687,2,36000,1.0016273393
24762,24767,27677,5,2910,2,36000,1.00171821306
25046,25052,28863,6,3811,2,36000,1.00157438992
25062,25069,28880,7,3811,2,36000,1.00183678824
25141,25147,28679,6,3532,2,36000,1.00169875425
25210,25216,27845,6,2629,2,36000,1.00228223659
25247,25253,28548,6,3295,2,36000,1.00182094082
25353,25359,28981,6,3622,2,36000,1.00165654335
25380,25386,29051,6,3665,2,36000,1.00163710778
25385,25392,28637,7,3245,2,36000,1.00215716487
25417,25423,28529,6,3106,2,36000,1.00193174501
25511,25517,29054,6,3537,2,36000,1.00169635284
25512,25522,28595,10,3073,2,36000,1.00325414904
25570,25575,29162,5,3587,2,36000,1.0013939225
25570,25582,27882,12,2300,2,36000,1.0052173913
25581,25588,29021,7,3433,2,36000,1.00203903292
25593,25599,28851,6,3252,2,36000,1.00184501845
25625,25631,29224,6,3593,2,36000,1.00166991372
25636,25642,29318,6,3676,2,36000,1.00163220892
25802,25808,29564,6,3756,2,36000,1.00159744409
25861,25867,29624,6,3757,2,36000,1.0015970189
26057,26063,29417,6,3354,2,36000,1.00178890877
26111,26117,29209,6,3092,2,36000,1.00194049159
26160,26166,28602,6,2436,2,36000,1.00246305419
26351,26357,30173,6,3816,2,36000,1.00157232704
26424,26431,29941,7,3510,2,36000,1.00199430199
26651,26657,29613,6,2956,2,36000,1.00202976996
26696,26702,29598,6,2896,2,36000,1.0020718232
26703,26710,29616,7,2906,2,36000,1.00240880936
26899,26905,29748,6,2843,2,36000,1.00211044671
26945,26950,30683,5,3733,2,36000,1.0013394053
26945,26956,30502,11,3546,2,36000,1.00310208686
26946,26961,30690,15,3729,2,36000,1.00402252615
27112,27118,30876,6,3758,2,36000,1.00159659393
27118,27124,30875,6,3751,2,36000,1.00159957345
27125,27130,30885,5,3755,2,36000,1.00133155792
27172,27178,30946,6,3768,2,36000,1.00159235669
27593,27599,31423,6,3824,2,36000,1.00156903766
27599,27605,30869,6,3264,2,36000,1.00183823529
27610,27616,31284,6,3668,2,36000,1.00163576881
27683,27688,31407,5,3719,2,36000,1.00134444743
27857,27863,31664,6,3801,2,36000,1.00157853197
27889,27895,31550,6,3655,2,36000,1.00164158687
28430,28436,32233,6,3797,2,36000,1.00158019489
28536,28542,32381,6,3839,2,36000,1.00156290701
28557,28564,32378,7,3814,2,36000,1.00183534347
28605,28611,32456,6,3845,2,36000,1.00156046814
28611,28616,32076,5,3460,2,36000,1.00144508671
28643,28648,32290,5,3642,2,36000,1.00137287205
28690,28696,32327,6,3631,2,36000,1.00165243735
28861,28867,32645,6,3778,2,36000,1.00158814187
28872,28878,32651,6,3773,2,36000,1.00159024649
28888,28895,32717,7,3822,2,36000,1.00183150183
28988,28994,32817,6,3823,2,36000,1.00156944808
29031,29037,32888,6,3851,2,36000,1.00155803687
29058,29063,32876,5,3813,2,36000,1.00131130344
29063,29069,32906,6,3837,2,36000,1.00156372166
29168,29174,32966,6,3792,2,36000,1.00158227848
29215,29221,33049,6,3828,2,36000,1.00156739812
29231,29237,33055,6,3818,2,36000,1.0015715034
29326,29332,33096,6,3764,2,36000,1.00159404888
29425,29431,33213,6,3782,2,36000,1.00158646219
29571,29576,33108,5,3532,2,36000,1.00141562854
29607,29613,32060,6,2447,2,36000,1.00245198202
29619,29624,32447,5,2823,2,36000,1.00177116543
29624,29630,32260,6,2630,2,36000,1.00228136882
29630,29636,32242,6,2606,2,36000,1.00230237913
29755,29761,32606,6,2845,2,36000,1.00210896309
29946,29952,33768,6,3816,2,36000,1.00157232704
30183,30189,33983,6,3794,2,36000,1.00158144439
30512,30518,34283,6,3765,2,36000,1.0015936255
30690,30697,34494,7,3797,2,36000,1.00184356071
30696,30703,34463,7,3760,2,36000,1.00186170213
30878,30884,34456,6,3572,2,36000,1.00167973124
30884,30890,34383,6,3493,2,36000,1.00171772116
30887,30896,33681,9,2785,2,36000,1.00323159785
30893,30902,34243,9,3341,2,36000,1.00269380425
30952,30957,33752,5,2795,2,36000,1.00178890877
31291,31298,35056,7,3758,2,36000,1.00186269292
31413,31419,35145,6,3726,2,36000,1.00161030596
31430,31436,35219,6,3783,2,36000,1.00158604282
31555,31560,35352,5,3792,2,36000,1.0013185654
31670,31676,35480,6,3804,2,36000,1.00157728707
32071,32077,35356,6,3279,2,36000,1.00182982617
32085,32091,34698,6,2607,2,36000,1.00230149597
32239,32245,35781,6,3536,2,36000,1.00169683258
32253,32259,35432,6,3173,2,36000,1.00189095493
32266,32273,35345,7,3072,2,36000,1.00227864583
32300,32306,35016,6,2710,2,36000,1.00221402214
32333,32339,35042,6,2703,2,36000,1.00221975583
32389,32395,35436,6,3041,2,36000,1.00197303519
32392,32401,35179,9,2778,2,36000,1.00323974082
32462,32469,34807,7,2338,2,36000,1.00299401198
32470,32476,35111,6,2635,2,36000,1.00227703985
32612,32618,36156,6,3538,2,36000,1.00169587337
32657,32663,36371,6,3708,2,36000,1.00161812298
32661,32669,36018,8,3349,2,36000,1.00238877277
32723,32729,36519,6,3790,2,36000,1.00158311346
32831,32837,36599,6,3762,2,36000,1.00159489633
32891,32897,36659,6,3762,2,36000,1.00159489633
32895,32903,36680,8,3777,2,36000,1.00211808313
32916,32922,36561,6,3639,2,36000,1.00164880462
32973,32979,36684,6,3705,2,36000,1.0016194332
33059,33065,36777,6,3712,2,36000,1.00161637931
33066,33072,36805,6,3733,2,36000,1.00160728636
33106,33112,36802,6,3690,2,36000,1.00162601626
33117,33124,36815,7,3691,2,36000,1.00189650501
33226,33233,36961,7,3728,2,36000,1.0018776824
33692,33698,37422,6,3724,2,36000,1.00161117078
33762,33768,37538,6,3770,2,36000,1.00159151194
33768,33774,33780,6,6,16,3600,1.2
33778,33784,37502,6,3718,2,36000,1.00161377084
33983,33989,34092,6,103,16,3600,1.05825242718
33990,33997,37551,7,3554,2,36000,1.00196961171
34250,34256,37648,6,3392,2,36000,1.00176886792
34292,34298,37428,6,3130,2,36000,1.00191693291
34390,34396,37455,6,3059,2,36000,1.0019614253
34465,34471,38012,6,3541,2,36000,1.0016944366
34470,34477,38271,7,3794,2,36000,1.00184501845
34502,34508,38046,6,3538,2,36000,1.00169587337
34708,34714,38410,6,3696,2,36000,1.00162337662
34813,34819,38567,6,3748,2,36000,1.00160085379
35023,35029,38788,6,3759,2,36000,1.00159616919
35050,35056,38817,6,3761,2,36000,1.00159532039
35061,35067,38815,6,3748,2,36000,1.00160085379
35121,35127,38845,6,3718,2,36000,1.00161377084
35150,35156,38867,6,3711,2,36000,1.00161681487
35188,35194,38910,6,3716,2,36000,1.0016146394
35225,35231,38947,6,3716,2,36000,1.0016146394
35352,35358,39055,6,3697,2,36000,1.00162293752
35358,35364,39002,6,3638,2,36000,1.00164925783
35364,35369,39082,5,3713,2,36000,1.00134661998
35439,35445,39166,6,3721,2,36000,1.00161246977
35445,35451,39129,6,3678,2,36000,1.00163132137
35489,35495,39162,6,3667,2,36000,1.00163621489
35789,35795,38798,6,3003,2,36000,1.001998002
36028,36035,39546,7,3511,2,36000,1.00199373398
36162,36167,36254,5,87,16,3600,1.05747126437
36166,36174,39726,8,3552,2,36000,1.00225225225
36381,36387,40105,6,3718,2,36000,1.00161377084
36525,36531,40237,6,3706,2,36000,1.00161899622
36568,36574,40245,6,3671,2,36000,1.00163443203
36610,36616,40266,6,3650,2,36000,1.00164383562
36665,36670,40365,5,3695,2,36000,1.00135317997
36690,36696,40378,6,3682,2,36000,1.00162954916
36691,36702,40441,11,3739,2,36000,1.00294196309
36787,36793,40526,6,3733,2,36000,1.00160728636
36811,36818,40537,7,3719,2,36000,1.0018822264
36812,36823,40592,11,3769,2,36000,1.00291854603
36824,36830,40496,6,3666,2,36000,1.00163666121
36968,36975,39641,7,2666,2,36000,1.00262565641
37429,37434,41051,5,3617,2,36000,1.00138236107
37436,37442,41055,6,3613,2,36000,1.0016606698
37461,37467,40931,6,3464,2,36000,1.00173210162
37511,37517,41101,6,3584,2,36000,1.00167410714
37549,37555,40607,6,3052,2,36000,1.00196592398
37562,37568,41209,6,3641,2,36000,1.00164789893
37654,37660,41261,6,3601,2,36000,1.00166620383
38019,38025,41770,6,3745,2,36000,1.00160213618
38054,38060,41892,6,3832,2,36000,1.001565762
38281,38287,41761,6,3474,2,36000,1.00172711572
38420,38426,42206,6,3780,2,36000,1.00158730159
38578,38585,41090,7,2505,2,36000,1.00279441118
38795,38801,42536,6,3735,2,36000,1.0016064257
38807,38813,42443,6,3630,2,36000,1.00165289256
38825,38831,42478,6,3647,2,36000,1.00164518783
38826,38837,42538,11,3701,2,36000,1.00297216968
38855,38861,42497,6,3636,2,36000,1.00165016502
38879,38885,42636,6,3751,2,36000,1.00159957345
38919,38926,42714,7,3788,2,36000,1.00184794087
38954,38961,42672,7,3711,2,36000,1.00188628402
39013,39019,42255,6,3236,2,36000,1.00185414091
39064,39070,42423,6,3353,2,36000,1.00178944229
39089,39095,42331,6,3236,2,36000,1.00185414091
39140,39146,42472,6,3326,2,36000,1.00180396873
39170,39176,42537,6,3361,2,36000,1.00178518298
39176,39183,41671,7,2488,2,36000,1.00281350482
39348,39354,39357,6,3,16,3600,1.0
39493,39500,39503,7,3,16,3600,1.0
39554,39560,42807,6,3247,2,36000,1.00184785956
39650,39656,42720,6,3064,2,36000,1.00195822454
39719,39725,39730,6,5,16,3600,1.1
39736,39742,43174,6,3432,2,36000,1.00174825175
39997,40003,40008,6,5,16,3600,1.1
40062,40068,40070,6,2,16,3600,1.0
40115,40121,43202,6,3081,2,36000,1.00194741967
40222,40228,40230,6,2,16,3600,1.0
40245,40251,44074,6,3823,2,36000,1.00156944808
40252,40257,44065,5,3808,2,36000,1.00131302521
40275,40281,44092,6,3811,2,36000,1.00157438992
40370,40376,42967,6,2591,2,36000,1.00231570822
40387,40393,43229,6,2836,2,36000,1.00211565585
40449,40455,43349,6,2894,2,36000,1.00207325501
40506,40513,43625,7,3112,2,36000,1.00224935733
40586,40592,44340,6,3748,2,36000,1.00160085379
40589,40598,44235,9,3637,2,36000,1.00247456695
40600,40606,44246,6,3640,2,36000,1.00164835165
40618,40624,44083,6,3459,2,36000,1.00173460538
40646,40652,71550,6,30898,2,36000,1.00019418733
40677,40683,40686,6,3,16,3600,1.0
40940,40946,43091,6,2145,2,36000,1.0027972028
40941,40952,62458,11,21506,2,72000,1.00051148517
41058,41064,44686,6,3622,2,36000,1.00165654335
41063,41070,44702,7,3632,2,36000,1.00192731278
41098,41104,44716,6,3612,2,36000,1.00166112957
41111,41117,44651,6,3534,2,36000,1.00169779287
41214,41220,44229,6,3009,2,36000,1.00199401795
41241,41247,41250,6,3,16,3600,1.0
41267,41274,44874,7,3600,2,36000,1.00194444444
41386,41392,41398,6,6,16,3600,1.2
41496,41502,41505,6,3,16,3600,1.0
41595,41601,70211,6,28610,2,72000,1.00020971688
41676,41681,45059,5,3378,2,36000,1.00148016578
41769,41775,45112,6,3337,2,36000,1.00179802218
41781,41787,45197,6,3410,2,36000,1.00175953079
41844,41850,41853,6,3,16,3600,1.0
41899,41905,45200,6,3295,2,36000,1.00182094082
42217,42223,45310,6,3087,2,36000,1.0019436346
42258,42265,62864,7,20599,2,72000,1.00033982232
42262,42271,46053,9,3782,2,36000,1.00237969328
42339,42345,45100,6,2755,2,36000,1.00217785844
42430,42436,46135,6,3699,2,36000,1.00162206002
42449,42454,45975,5,3521,2,36000,1.00142005112
42479,42485,46213,6,3728,2,36000,1.00160944206
42486,42491,46201,5,3710,2,36000,1.00134770889
42504,42510,46240,6,3730,2,36000,1.00160857909
42546,42551,46293,5,3742,2,36000,1.00133618386
42546,42556,46338,10,3782,2,36000,1.00264410365
42547,42563,46403,16,3840,2,36000,1.00416666667
42642,42648,46450,6,3802,2,36000,1.00157811678
42683,42689,45738,6,3049,2,36000,1.00196785831
42723,42729,45800,6,3071,2,36000,1.00195376099
42730,42735,45861,5,3126,2,36000,1.00159948816
42815,42821,46304,6,3483,2,36000,1.00172265289
42974,42980,46740,6,3760,2,36000,1.00159574468
43098,43104,45808,6,2704,2,36000,1.00221893491
43182,43188,46032,6,2844,2,36000,1.00210970464
43212,43218,46701,6,3483,2,36000,1.00172265289
43237,43243,46966,6,3723,2,36000,1.00161160355
43358,43365,47130,7,3765,2,36000,1.00185922975
43634,43640,46600,6,2960,2,36000,1.00202702703
44073,44079,47897,6,3818,2,36000,1.0015715034
44079,44085,47574,6,3489,2,36000,1.00171969046
44090,44096,47914,6,3818,2,36000,1.0015715034
44101,44108,47857,7,3749,2,36000,1.00186716458
44239,44245,48060,6,3815,2,36000,1.00157273919
44246,44251,48072,5,3821,2,36000,1.00130855797
44252,44258,48064,6,3806,2,36000,1.00157645822
44349,44355,47808,6,3453,2,36000,1.00173761946
44658,44664,47663,6,2999,2,36000,1.00200066689
44694,44700,47782,6,3082,2,36000,1.0019467878
44709,44715,47304,6,2589,2,36000,1.0023174971
44723,44729,47512,6,2783,2,36000,1.00215594682
44884,44890,48628,6,3738,2,36000,1.00160513644
45070,45076,48783,6,3707,2,36000,1.00161855948
45110,45116,48888,6,3772,2,36000,1.00159066808
45118,45123,48874,5,3751,2,36000,1.00133297787
45204,45210,48562,6,3352,2,36000,1.00178997613
45210,45216,48565,6,3349,2,36000,1.00179157958
45318,45324,48619,6,3295,2,36000,1.00182094082
45748,45754,48881,6,3127,2,36000,1.00191877199
45806,45812,48418,6,2606,2,36000,1.00230237913
45818,45824,48821,6,2997,2,36000,1.002002002
45869,45875,49314,6,3439,2,36000,1.00174469322
45982,45988,48397,6,2409,2,36000,1.00249066002
46038,46044,48732,6,2688,2,36000,1.00223214286
46062,46068,49073,6,3005,2,36000,1.00199667221
46146,46152,49877,6,3725,2,36000,1.00161073826
46209,46215,49988,6,3773,2,36000,1.00159024649
46220,46226,49936,6,3710,2,36000,1.00161725067
46251,46257,49996,6,3739,2,36000,1.00160470714
46302,46308,50128,6,3820,2,36000,1.00157068063
46314,46320,50089,6,3769,2,36000,1.0015919342
46344,46350,50177,6,3827,2,36000,1.00156780768
46410,46416,50232,6,3816,2,36000,1.00157232704
46461,46467,50279,6,3812,2,36000,1.00157397692
46608,46614,50349,6,3735,2,36000,1.0016064257
46711,46717,50542,6,3825,2,36000,1.00156862745
46751,46757,50545,6,3788,2,36000,1.00158394931
46974,46980,50647,6,3667,2,36000,1.00163621489
47140,47146,51008,6,3862,2,36000,1.00155359917
47313,47319,51035,6,3716,2,36000,1.0016146394
47519,47525,51310,6,3785,2,36000,1.00158520476
47584,47590,51432,6,3842,2,36000,1.00156168662
47670,47677,51022,7,3345,2,36000,1.00209267564
47792,47798,51570,6,3772,2,36000,1.00159066808
47818,47824,51580,6,3756,2,36000,1.00159744409
47865,47872,51653,7,3781,2,36000,1.00185136207
47906,47912,51660,6,3748,2,36000,1.00160085379
47925,47931,51675,6,3744,2,36000,1.0016025641
48072,48079,51875,7,3796,2,36000,1.00184404636
48073,48084,51871,11,3787,2,36000,1.00290467388
48081,48090,51894,9,3804,2,36000,1.0023659306
48410,48416,52120,6,3704,2,36000,1.00161987041
48427,48433,51710,6,3277,2,36000,1.00183094294
48576,48582,51732,6,3150,2,36000,1.0019047619
48578,48588,51713,10,3125,2,36000,1.0032
48627,48633,52071,6,3438,2,36000,1.0017452007
48634,48641,51745,7,3104,2,36000,1.00225515464
48728,48734,48738,6,4,16,3600,1.0
48740,48747,51128,7,2381,2,36000,1.0029399412
48796,48802,51358,6,2556,2,36000,1.00234741784
48831,48837,52449,6,3612,2,36000,1.00166112957
48880,48886,52703,6,3817,2,36000,1.00157191512
48891,48897,52698,6,3801,2,36000,1.00157853197
48896,48903,52740,7,3837,2,36000,1.00182434193
49027,49033,49079,6,46,2,324000,1.13043478261
49079,49084,52880,5,3796,2,36000,1.00131717597
49323,49329,53105,6,3776,2,36000,1.00158898305
49425,49431,49534,6,103,16,3600,1.05825242718
49748,49754,49834,6,80,16,3600,1.075
49886,49892,53187,6,3295,2,36000,1.00182094082
49944,49950,52231,6,2281,2,36000,1.00263042525
49995,50001,53629,6,3628,2,36000,1.00165380375
50006,50013,53640,7,3627,2,36000,1.00192996967
50099,50105,53788,6,3683,2,36000,1.00162910671
50138,50145,53877,7,3732,2,36000,1.00187566988
50183,50189,53948,6,3759,2,36000,1.00159616919
50238,50244,54000,6,3756,2,36000,1.00159744409
50288,50294,54066,6,3772,2,36000,1.00159066808
50355,50361,54147,6,3786,2,36000,1.00158478605
50549,50556,54294,7,3738,2,36000,1.00187265918
50555,50562,54336,7,3774,2,36000,1.00185479597
50656,50662,54415,6,3753,2,36000,1.00159872102
51016,51022,54672,6,3650,2,36000,1.00164383562
51027,51033,54774,6,3741,2,36000,1.00160384924
51044,51050,54744,6,3694,2,36000,1.00162425555
51135,51141,54674,6,3533,2,36000,1.00169827342
51321,51327,54569,6,3242,2,36000,1.00185070944
51365,51371,55115,6,3744,2,36000,1.0016025641
51439,51445,55077,6,3632,2,36000,1.00165198238
51580,51586,55339,6,3753,2,36000,1.00159872102
51586,51592,55204,6,3612,2,36000,1.00166112957
51662,51669,55380,7,3711,2,36000,1.00188628402
51669,51675,55357,6,3682,2,36000,1.00162954916
51685,51691,55381,6,3690,2,36000,1.00162601626
51718,51724,55401,6,3677,2,36000,1.00163176503
51719,51730,55380,11,3650,2,36000,1.00301369863
51741,51747,55442,6,3695,2,36000,1.00162381597
51752,51758,55495,6,3737,2,36000,1.00160556596
51877,51883,55637,6,3754,2,36000,1.00159829515
51883,51889,55646,6,3757,2,36000,1.0015970189
51900,51906,55655,6,3749,2,36000,1.00160042678
52079,52085,55768,6,3683,2,36000,1.00162910671
52128,52134,55863,6,3729,2,36000,1.00160901046
52240,52246,55799,6,3553,2,36000,1.00168871376
52456,52462,55840,6,3378,2,36000,1.00177619893
52708,52714,55688,6,2974,2,36000,1.00201748487
52713,52720,55649,7,2929,2,36000,1.00238989416
52747,52753,55021,6,2268,2,36000,1.00264550265
52885,52891,56351,6,3460,2,36000,1.00173410405
53113,53119,56613,6,3494,2,36000,1.00171722954
53197,53203,56079,6,2876,2,36000,1.00208623088
53385,53391,53460,6,69,4,300,1.08695652174
53558,53564,53575,6,11,4,300,1.54545454545
53635,53641,57377,6,3736,2,36000,1.00160599572
53646,53652,57383,6,3731,2,36000,1.00160814795
53662,53668,53679,6,11,4,300,1.54545454545
53797,53803,57533,6,3730,2,36000,1.00160857909
53885,53892,57571,7,3679,2,36000,1.00190269095
53936,53942,54046,6,104,4,300,1.05769230769
53958,53964,57476,6,3512,2,36000,1.00170842825
54007,54013,57101,6,3088,2,36000,1.00194300518
54076,54082,57845,6,3763,2,36000,1.0015944725
54097,54103,54209,6,106,4,300,1.05660377358
54154,54160,57881,6,3721,2,36000,1.00161246977
54304,54310,57969,6,3659,2,36000,1.00163979229
54346,54352,58014,6,3662,2,36000,1.00163844894
54424,54430,56745,6,2315,2,36000,1.00259179266
54575,54581,57365,6,2784,2,36000,1.00215517241
54680,54685,58178,5,3493,2,36000,1.0014314343
54680,54691,57802,11,3111,2,36000,1.00353584057
54753,54759,57999,6,3240,2,36000,1.00185185185
54780,54786,57724,6,2938,2,36000,1.00204220558
54794,54800,54801,6,1,5,21600,1.0
55030,55036,58819,6,3783,2,36000,1.00158604282
55083,55088,58875,5,3787,2,36000,1.00132030631
55125,55131,58225,6,3094,2,36000,1.00193923723
55210,55216,58238,6,3022,2,36000,1.00198544011
55346,55352,59136,6,3784,2,36000,1.00158562368
55368,55374,59074,6,3700,2,36000,1.00162162162
55389,55395,59137,6,3742,2,36000,1.00160342063
55390,55406,59180,16,3774,2,36000,1.00423953365
55390,55400,59170,10,3770,2,36000,1.00265251989
55407,55412,59210,5,3798,2,36000,1.00131648236
55449,55455,58126,6,2671,2,36000,1.00224634968
55501,55508,58672,7,3164,2,36000,1.00221238938
55642,55648,59366,6,3718,2,36000,1.00161377084
55654,55659,59344,5,3685,2,36000,1.0013568521
55654,55665,57968,11,2303,2,36000,1.00477637864
55665,55671,59419,6,3748,2,36000,1.00160085379
55697,55703,59425,6,3722,2,36000,1.00161203654
55775,55782,58303,7,2521,2,36000,1.00277667592
55808,55814,58048,6,2234,2,36000,1.00268576544
55850,55857,58444,7,2587,2,36000,1.00270583688
55872,55878,58430,6,2552,2,36000,1.00235109718
56089,56096,59787,7,3691,2,36000,1.00189650501
56357,56364,59410,7,3046,2,36000,1.00229809586
56380,56386,56468,6,82,16,3600,1.07317073171
56620,56626,60152,6,3526,2,36000,1.00170164492
56679,56685,56765,6,80,16,3600,1.075
56743,56750,257130,7,200380,2,324000,1.00003493363
56755,56761,60536,6,3775,2,36000,1.00158940397
57088,57094,57177,6,83,16,3600,1.07228915663
57110,57117,60077,7,2960,2,36000,1.00236486486
57374,57380,60891,6,3511,2,36000,1.00170891484
57386,57392,60905,6,3513,2,36000,1.00170794193
57391,57398,60980,7,3582,2,36000,1.00195421552
57486,57492,61275,6,3783,2,36000,1.00158604282
57543,57549,61313,6,3764,2,36000,1.00159404888
57580,57586,61264,6,3678,2,36000,1.00163132137
57730,57736,60821,6,3085,2,36000,1.00194489465
57808,57814,60723,6,2909,2,36000,1.00206256446
57856,57862,61662,6,3800,2,36000,1.00157894737
57870,57876,57957,6,81,16,3600,1.07407407407
57888,57894,60416,6,2522,2,36000,1.00237906423
57977,57983,61746,6,3763,2,36000,1.0015944725
57977,57988,61676,11,3688,2,36000,1.00298264642
58009,58015,61554,6,3539,2,36000,1.00169539418
58020,58026,61742,6,3716,2,36000,1.0016146394
58033,58039,58126,6,87,16,3600,1.06896551724
58057,58063,61769,6,3706,2,36000,1.00161899622
58135,58141,61386,6,3245,2,36000,1.00184899846
58182,58188,58216,6,28,16,3600,1.21428571429
58188,58194,61450,6,3256,2,36000,1.00184275184
58235,58241,61410,6,3169,2,36000,1.00189334175
58246,58252,60626,6,2374,2,36000,1.00252737995
58309,58315,61735,6,3420,2,36000,1.00175438596
58439,58445,61208,6,2763,2,36000,1.00217155266
58450,58456,61219,6,2763,2,36000,1.00217155266
58678,58683,62416,5,3733,2,36000,1.0013394053
58817,58824,58857,7,33,16,3600,1.21212121212
58828,58834,62638,6,3804,2,36000,1.00157728707
58881,58887,62674,6,3787,2,36000,1.00158436757
58954,58960,214568,6,155608,2,356400,1.00003855843
58995,59001,66841,6,7840,5,21600,1.00076530612
59084,59090,62773,6,3683,2,36000,1.00162910671
59143,59148,62907,5,3759,2,36000,1.00133014099
59143,59154,62792,11,3638,2,36000,1.00302363936
59180,59187,62917,7,3730,2,36000,1.0018766756
59186,59193,62909,7,3716,2,36000,1.00188374596
59218,59224,63044,6,3820,2,36000,1.00157068063
59353,59360,63046,7,3686,2,36000,1.00189907759
59375,59381,62690,6,3309,2,36000,1.00181323663
59417,59423,62919,6,3496,2,36000,1.00171624714
59428,59435,62691,7,3256,2,36000,1.00214987715
59434,59441,62850,7,3409,2,36000,1.00205338809
59794,59800,63616,6,3816,2,36000,1.00157232704
60084,60090,63859,6,3769,2,36000,1.0015919342
60158,60163,63993,5,3830,2,36000,1.00130548303
60426,60432,64209,6,3777,2,36000,1.00158856235
60546,60552,64281,6,3729,2,36000,1.00160901046
60636,60642,64442,6,3800,2,36000,1.00157894737
60730,60736,63938,6,3202,2,36000,1.00187382886
60828,60835,63508,7,2673,2,36000,1.0026187804
60897,60903,64388,6,3485,2,36000,1.00172166428
60914,60920,64187,6,3267,2,36000,1.00183654729
60929,60935,60983,6,48,16,3600,1.125
60987,60992,64801,5,3809,2,36000,1.00131268049
61032,61039,238288,7,177249,2,356400,1.00003949247
61165,61171,199092,6,137921,2,356400,1.00004350316
61210,61217,61278,7,61,16,3600,1.11475409836
61216,61223,64994,7,3771,2,36000,1.00185627155
61227,61233,65021,6,3788,2,36000,1.00158394931
61274,61280,65049,6,3769,2,36000,1.0015919342
61285,61291,65062,6,3771,2,36000,1.0015910899
61322,61328,65099,6,3771,2,36000,1.0015910899
61396,61402,65191,6,3789,2,36000,1.00158353127
61417,61423,65234,6,3811,2,36000,1.00157438992
61451,61458,61537,7,79,16,3600,1.08860759494
61459,61466,65267,7,3801,2,36000,1.00184162063
61563,61569,65373,6,3804,2,36000,1.00157728707
61668,61674,65457,6,3783,2,36000,1.00158604282
61684,61690,65441,6,3751,2,36000,1.00159957345
61706,61712,61792,6,80,16,3600,1.075
61742,61748,65568,6,3820,2,36000,1.00157068063
61746,61759,61797,13,38,16,3600,1.34210526316
61748,61754,65517,6,3763,2,36000,1.0015944725
61753,61765,65545,12,3780,2,36000,1.00317460317
61775,61781,65585,6,3804,2,36000,1.00157728707
61898,61905,332007,7,270102,2,356400,1.00002591614
62204,62211,62243,7,32,16,3600,1.21875
62424,62430,66221,6,3791,2,36000,1.00158269586
62649,62655,66475,6,3820,2,36000,1.00157068063
62680,62686,66474,6,3788,2,36000,1.00158394931
62697,62708,66489,11,3781,2,36000,1.00290928326
62697,62702,66471,5,3769,2,36000,1.00132661183
62781,62787,66510,6,3723,2,36000,1.00161160355
62798,62803,66563,5,3760,2,36000,1.00132978723
62855,62861,66616,6,3755,2,36000,1.00159786951
62914,62920,66507,6,3587,2,36000,1.001672707
62920,62925,66643,5,3718,2,36000,1.00134480904
62927,62933,65727,6,2794,2,36000,1.00214745884
62928,62938,66035,10,3097,2,36000,1.00322893122
62994,63000,63008,6,8,2,356400,1.4
63025,63031,359111,6,296080,2,356400,1.00002026479
63054,63060,65256,6,2196,2,36000,1.00273224044
63054,63065,65418,11,2353,2,36000,1.00467488313
63518,63524,67271,6,3747,2,36000,1.00160128102
63622,63628,67375,6,3747,2,36000,1.00160128102
63865,63871,67612,6,3741,2,36000,1.00160384924
63948,63954,67668,6,3714,2,36000,1.00161550889
64000,64007,67733,7,3726,2,36000,1.00187869028
64012,64018,64027,6,9,2,356400,1.5
64055,64061,299400,6,235339,2,356400,1.00002549514
64193,64199,67880,6,3681,2,36000,1.00162999185
64214,64220,67979,6,3759,2,36000,1.00159616919
64288,64294,67806,6,3512,2,36000,1.00170842825
64397,64403,68073,6,3670,2,36000,1.00163487738
64449,64456,67134,7,2678,2,36000,1.00261389096
64811,64817,68528,6,3711,2,36000,1.00161681487
64849,64855,324900,6,260045,2,356400,1.00002307293
65005,65011,68762,6,3751,2,36000,1.00159957345
65031,65037,68777,6,3740,2,36000,1.00160427807
65058,65064,68773,6,3709,2,36000,1.00161768671
65069,65075,68802,6,3727,2,36000,1.00160987389
65106,65112,68840,6,3728,2,36000,1.00160944206
65200,65206,68961,6,3755,2,36000,1.00159786951
65243,65249,68994,6,3745,2,36000,1.00160213618
65264,65270,68990,6,3720,2,36000,1.00161290323
65275,65282,69068,7,3786,2,36000,1.00184891706
65379,65386,69153,7,3767,2,36000,1.00185824263
65426,65433,69155,7,3722,2,36000,1.0018807093
65448,65454,69157,6,3703,2,36000,1.00162030786
65465,65471,69184,6,3713,2,36000,1.00161594398
65522,65528,69243,6,3715,2,36000,1.00161507402
65554,65560,69308,6,3748,2,36000,1.00160085379
65576,65582,69335,6,3753,2,36000,1.00159872102
65592,65598,69329,6,3731,2,36000,1.00160814795
65737,65744,69363,7,3619,2,36000,1.00193423598
66041,66048,69489,7,3441,2,36000,1.00203429236
66229,66235,69107,6,2872,2,36000,1.00208913649
66478,66484,69930,6,3446,2,36000,1.00174114916
66483,66490,69901,7,3411,2,36000,1.00205218411
66484,66495,69947,11,3452,2,36000,1.00318655852
66495,66501,70080,6,3579,2,36000,1.00167644593
66517,66528,70195,11,3667,2,36000,1.0029997273
66517,66522,69754,5,3232,2,36000,1.0015470297
66570,66576,70258,6,3682,2,36000,1.00162954916
66622,66629,70346,7,3717,2,36000,1.00188323917
66649,66655,70293,6,3638,2,36000,1.00164925783
67150,67156,70881,6,3725,2,36000,1.00161073826
67279,67285,70327,6,3042,2,36000,1.00197238659
67382,67388,71176,6,3788,2,36000,1.00158394931
67621,67627,71410,6,3783,2,36000,1.00158604282
67676,67682,71461,6,3779,2,36000,1.00158772162
67741,67747,71530,6,3783,2,36000,1.00158604282
67814,67821,71576,7,3755,2,36000,1.00186418109
67887,67894,71688,7,3794,2,36000,1.00184501845
67989,67995,71801,6,3806,2,36000,1.00157645822
68083,68090,71896,7,3806,2,36000,1.00183920126
68537,68543,71740,6,3197,2,36000,1.00187675946
68769,68776,71991,7,3215,2,36000,1.00217729393
68781,68787,71385,6,2598,2,36000,1.00230946882
68787,68793,71988,6,3195,2,36000,1.00187793427
68808,68814,71592,6,2778,2,36000,1.00215982721
68848,68854,71471,6,2617,2,36000,1.00229270157
68968,68974,72693,6,3719,2,36000,1.00161333692
69000,69006,72706,6,3700,2,36000,1.00162162162
69000,69011,72725,11,3714,2,36000,1.00296176629
69073,69079,72743,6,3664,2,36000,1.00163755459
69116,69122,72678,6,3556,2,36000,1.00168728909
69163,69169,72459,6,3290,2,36000,1.00182370821
69164,69174,72504,10,3330,2,36000,1.003003003
69164,69180,72662,16,3482,2,36000,1.00459506031
69191,69197,72282,6,3085,2,36000,1.00194489465
69248,69254,73007,6,3753,2,36000,1.00159872102
69316,69323,73047,7,3724,2,36000,1.00187969925
69338,69344,73076,6,3732,2,36000,1.00160771704
69344,69350,73089,6,3739,2,36000,1.00160470714
69370,69376,73085,6,3709,2,36000,1.00161768671
69495,69500,73143,5,3643,2,36000,1.0013724952
69761,69767,73490,6,3723,2,36000,1.00161160355
69907,69912,73516,5,3604,2,36000,1.00138734739
69939,69945,73553,6,3608,2,36000,1.00166297118
69955,69961,73272,6,3311,2,36000,1.00181214135
70090,70097,72655,7,2558,2,36000,1.0027365129
70200,70206,73114,6,2908,2,36000,1.00206327373
70264,70270,73582,6,3312,2,36000,1.0018115942
70301,70307,73699,6,3392,2,36000,1.00176886792
70332,70338,72711,6,2373,2,36000,1.00252844501
70354,70360,72182,6,1822,2,36000,1.00329308452
70816,70822,211755,6,140933,3,288000,1.00004257342
70887,70893,74664,6,3771,2,36000,1.0015910899
71187,71193,74675,6,3482,2,36000,1.00172314762
71396,71402,74802,6,3400,2,36000,1.00176470588
71417,71423,75156,6,3733,2,36000,1.00160728636
71470,71476,75160,6,3684,2,36000,1.0016286645
71481,71488,75197,7,3709,2,36000,1.00188730116
71539,71546,75274,7,3728,2,36000,1.0018776824
71582,71587,75286,5,3699,2,36000,1.00135171668
71598,71603,74075,5,2472,2,36000,1.00202265372
71697,71703,75181,6,3478,2,36000,1.00172512938
71749,71756,75168,7,3412,2,36000,1.00205158265
71807,71814,74699,7,2885,2,36000,1.00242634315
71902,71908,75620,6,3712,2,36000,1.00161637931
71929,71936,71938,7,2,4,540000,1.0
71996,72002,75331,6,3329,2,36000,1.00180234305
72002,72008,75700,6,3692,2,36000,1.00162513543
72131,72138,72150,7,12,4,540000,1.58333333333
72172,72179,72180,7,1,4,540000,1.0
72188,72194,75885,6,3691,2,36000,1.00162557572
72249,72255,72256,6,1,4,540000,1.0
72292,72298,76111,6,3813,2,36000,1.00157356412
72408,72414,72415,6,1,4,540000,1.0
72464,72470,74799,6,2329,2,36000,1.00257621297
72513,72519,75874,6,3355,2,36000,1.00178837556
72664,72670,75702,6,3032,2,36000,1.00197889182
72670,72675,75961,5,3286,2,36000,1.00152160682
72686,72693,75802,7,3109,2,36000,1.00225152782
72703,72709,75973,6,3264,2,36000,1.00183823529
72714,72720,75331,6,2611,2,36000,1.00229797013
72720,72726,75283,6,2557,2,36000,1.0023464998
72731,72737,75251,6,2514,2,36000,1.00238663484
72752,72758,76263,6,3505,2,36000,1.00171184023
73012,73018,76781,6,3763,2,36000,1.0015944725
73054,73060,76729,6,3669,2,36000,1.00163532298
73086,73092,76695,6,3603,2,36000,1.00166527893
73092,73098,76053,6,2955,2,36000,1.00203045685
73098,73103,76609,5,3506,2,36000,1.00142612664
73120,73125,76412,5,3287,2,36000,1.0015211439
73152,73158,76408,6,3250,2,36000,1.00184615385
73157,73164,76886,7,3722,4,3600,1.0018807093
73282,73288,76495,6,3207,2,36000,1.00187090739
73501,73507,77343,6,3836,2,36000,1.0015641293
73523,73529,76528,6,2999,2,36000,1.00200066689
73560,73566,76167,6,2601,2,36000,1.00230680507
73592,73598,76650,6,3052,2,36000,1.00196592398
73706,73712,75789,6,2077,2,36000,1.0028887819
74083,74089,77864,6,3775,2,36000,1.00158940397
74671,74678,77539,7,2861,2,36000,1.00244669696
74683,74689,78407,6,3718,2,36000,1.00161377084
74704,74710,77928,6,3218,2,36000,1.00186451212
74805,74811,78420,6,3609,2,36000,1.00166251039
74811,74817,78258,6,3441,2,36000,1.00174367916
75162,75169,78941,7,3772,2,36000,1.00185577943
75168,75175,78993,7,3818,2,36000,1.00183342064
75174,75181,78942,7,3761,2,36000,1.00186120713
75190,75197,78529,7,3332,2,36000,1.00210084034
75207,75213,78807,6,3594,2,36000,1.00166944908
75260,75266,78864,6,3598,2,36000,1.00166759311
75281,75288,79056,7,3768,2,36000,1.00185774947
75293,75298,79062,5,3764,2,36000,1.00132837407
75293,75303,78776,10,3473,2,36000,1.00287935502
75341,75351,79128,10,3777,2,36000,1.00264760392
75341,75346,79157,5,3811,2,36000,1.0013119916
75629,75635,79447,6,3812,2,36000,1.00157397692
75708,75719,79521,11,3802,2,36000,1.0028932141
75708,75714,79425,6,3711,2,36000,1.00161681487
75798,75805,79329,7,3524,2,36000,1.00198637911
75810,75816,79419,6,3603,2,36000,1.00166527893
75883,75889,79700,6,3811,2,36000,1.00157438992
75895,75901,79184,6,3283,2,36000,1.00182759671
75969,75975,79414,6,3439,2,36000,1.00174469322
75980,75986,78861,6,2875,2,36000,1.00208695652
76058,76064,79045,6,2981,2,36000,1.0020127474
76117,76122,78697,5,2575,2,36000,1.00194174757
76175,76181,79990,6,3809,2,36000,1.00157521659
76270,76276,79558,6,3282,2,36000,1.00182815356
76417,76423,80181,6,3758,2,36000,1.00159659393
76418,76429,80203,11,3774,2,36000,1.00291467939
76502,76508,80295,6,3787,2,36000,1.00158436757
76534,76540,80282,6,3742,2,36000,1.00160342063
76618,76624,80438,6,3814,2,36000,1.00157315155
76661,76667,80441,6,3774,2,36000,1.00158982512
76703,76709,80507,6,3798,2,36000,1.00157977883
76735,76741,80495,6,3754,2,36000,1.00159829515
76787,76793,80517,6,3724,2,36000,1.00161117078
77352,77359,81112,7,3753,2,36000,1.00186517453
77546,77552,80946,6,3394,2,36000,1.00176782557
77871,77877,81254,6,3377,2,36000,1.0017767249
77937,77943,81611,6,3668,2,36000,1.00163576881
78080,78087,526898,7,448811,6,504000,1.00001559677
78269,78275,82029,6,3754,2,36000,1.00159829515
78415,78421,82197,6,3776,2,36000,1.00158898305
78430,78437,82220,7,3783,2,36000,1.00185038329
78535,78540,82325,5,3785,2,36000,1.00132100396
78706,78712,81737,6,3025,2,36000,1.00198347107
78785,78791,82006,6,3215,2,36000,1.00186625194
78816,78823,82022,7,3199,2,36000,1.00218818381
78869,78875,81541,6,2666,2,36000,1.00225056264
78870,78880,81851,10,2971,2,36000,1.00336587008
78948,78954,81216,6,2262,2,36000,1.00265251989
78949,78959,80852,10,1893,2,36000,1.00528262018
79002,79008,82192,6,3184,2,36000,1.00188442211
79054,79061,82313,7,3252,2,36000,1.00215252153
79066,79072,81633,6,2561,2,36000,1.00234283483
79071,79078,82501,7,3423,2,36000,1.00204498978
79135,79141,82362,6,3221,2,36000,1.00186277554
79167,79173,82800,6,3627,2,36000,1.00165425972
79194,79200,82669,6,3469,2,36000,1.00172960507
79334,79340,83083,6,3743,2,36000,1.00160299225
79424,79430,83121,6,3691,2,36000,1.00162557572
79430,79436,83187,6,3751,2,36000,1.00159957345
79430,79441,83193,11,3752,2,36000,1.00293176972
79457,79464,83172,7,3708,2,36000,1.00188781014
79531,79537,83109,6,3572,2,36000,1.00167973124
79568,79574,83127,6,3553,2,36000,1.00168871376
79709,79715,83439,6,3724,2,36000,1.00161117078
79998,80004,82645,6,2641,2,36000,1.00227186672
80191,80197,83938,6,3741,2,36000,1.00160384924
80213,80219,83872,6,3653,2,36000,1.00164248563
80292,80298,83903,6,3605,2,36000,1.00166435506
80303,80309,83860,6,3551,2,36000,1.00168966488
80443,80449,83572,6,3123,2,36000,1.00192122959
80449,80455,83206,6,2751,2,36000,1.00218102508
80502,80508,83492,6,2984,2,36000,1.00201072386
80513,80519,83858,6,3339,2,36000,1.00179694519
80524,80530,83453,6,2923,2,36000,1.0020526856
80862,80868,84246,6,3378,2,36000,1.00177619893
80956,80962,84808,6,3846,2,36000,1.0015600624
81118,81124,84278,6,3154,2,36000,1.00190234623
81223,81229,84997,6,3768,2,36000,1.00159235669
81260,81266,85014,6,3748,2,36000,1.00160085379
81551,81557,85325,6,3768,2,36000,1.00159235669
81620,81626,84104,6,2478,2,36000,1.00242130751
81642,81648,84248,6,2600,2,36000,1.00230769231
81746,81752,85453,6,3701,2,36000,1.00162118346
81861,81867,85598,6,3731,2,36000,1.00160814795
82013,82019,85583,6,3564,2,36000,1.00168350168
82029,82035,85439,6,3404,2,36000,1.0017626322
82035,82041,85064,6,3023,2,36000,1.00198478333
82198,82204,85134,6,2930,2,36000,1.00204778157
82203,82210,85234,7,3024,2,36000,1.00231481481
82225,82231,84759,6,2528,2,36000,1.00237341772
82319,82325,84685,6,2360,2,36000,1.00254237288
82336,82342,84373,6,2031,2,36000,1.00295420975
82373,82379,86210,6,3831,2,36000,1.00156617071
82508,82515,86322,7,3807,2,36000,1.00183871815
82550,82557,442598,7,360041,8,360000,1.00001944223
82655,82661,86225,6,3564,2,36000,1.00168350168
82677,82683,85562,6,2879,2,36000,1.00208405696
82807,82813,85455,6,2642,2,36000,1.00227100681
83046,83052,83053,6,1,2,300,1.0
83070,83076,443147,6,360071,8,360000,1.00001666338
83093,83099,86776,6,3677,2,36000,1.00163176503
83116,83123,86885,7,3762,2,36000,1.00186071239
83128,83134,86780,6,3646,2,36000,1.00164563906
83134,83140,86897,6,3757,2,36000,1.0015970189
83178,83184,86905,6,3721,2,36000,1.00161246977
83196,83203,86931,7,3728,2,36000,1.0018776824
83202,83209,86948,7,3739,2,36000,1.00187215833
83211,83217,443285,6,360068,8,360000,1.00001666352
83214,83223,86911,9,3688,2,36000,1.00244034707
83389,83395,443446,6,360051,8,360000,1.00001666431
83446,83452,85733,6,2281,2,36000,1.00263042525
83465,83472,86410,7,2938,2,36000,1.00238257318
83501,83507,86095,6,2588,2,36000,1.00231839258
83549,83555,263596,6,180041,8,180000,1.00003332574
83582,83588,87376,6,3788,2,36000,1.00158394931
83864,83870,87340,6,3470,2,36000,1.00172910663
83870,83876,87350,6,3474,2,36000,1.00172711572
83881,83887,87505,6,3618,2,36000,1.00165837479
83912,83918,86694,6,2776,2,36000,1.00216138329
83913,83924,84022,11,98,8,360000,1.11224489796
83944,83949,87003,5,3054,2,36000,1.00163719712
84116,84122,87484,6,3362,2,36000,1.00178465199
84256,84262,88034,6,3772,2,36000,1.00159066808
84257,84268,88031,11,3763,2,36000,1.00292319957
84284,84289,88008,5,3719,2,36000,1.00134444743
84382,84388,88165,6,3777,2,36000,1.00158856235
84552,84558,120238,6,35680,8,360000,1.00016816143
84692,84699,88497,7,3798,2,36000,1.0018430753
84766,84772,88380,6,3608,2,36000,1.00166297118
84813,84819,87626,6,2807,2,36000,1.00213751336
84828,84834,253511,6,168677,8,360000,1.00003557094
85006,85012,88730,6,3718,2,36000,1.00161377084
85022,85028,88575,6,3547,2,36000,1.00169157034
85070,85075,88514,5,3439,2,36000,1.00145391102
85143,85149,88630,6,3481,2,36000,1.00172364263
85243,85249,89041,6,3792,2,36000,1.00158227848
85331,85337,88949,6,3612,2,36000,1.00166112957
85446,85453,88861,7,3408,2,36000,1.00205399061
85463,85469,89247,6,3778,2,36000,1.00158814187
85464,85475,89077,11,3602,2,36000,1.00305385897
85569,85575,89373,6,3798,2,36000,1.00157977883
85591,85597,89426,6,3829,2,36000,1.00156698877
85607,85613,89323,6,3710,2,36000,1.00161725067
85743,85749,89583,6,3834,2,36000,1.00156494523
86102,86108,89175,6,3067,2,36000,1.0019563091
86217,86223,89544,6,3321,2,36000,1.00180668473
86234,86240,88975,6,2735,2,36000,1.00219378428
86328,86333,89998,5,3665,2,36000,1.00136425648
86417,86423,89877,6,3454,2,36000,1.00173711639
86703,86709,90510,6,3801,2,36000,1.00157853197
86786,86792,90582,6,3790,2,36000,1.00158311346
86787,86797,90580,10,3783,2,36000,1.00264340471
86891,86897,90579,6,3682,2,36000,1.00162954916
86907,86913,90563,6,3650,2,36000,1.00164383562
86913,86919,90665,6,3746,2,36000,1.00160170849
86918,86925,90699,7,3774,2,36000,1.00185479597
86940,86946,90650,6,3704,2,36000,1.00161987041
86956,86962,90767,6,3805,2,36000,1.00157687254
87013,87020,90791,7,3771,2,36000,1.00185627155
87346,87353,91117,7,3764,2,36000,1.0018597237
87358,87364,91083,6,3719,2,36000,1.00161333692
87384,87390,91112,6,3722,2,36000,1.00161203654
87493,87499,91272,6,3773,2,36000,1.00159024649
87515,87521,91310,6,3789,2,36000,1.00158353127
87634,87640,91388,6,3748,2,36000,1.00160085379
88016,88023,91772,7,3749,2,36000,1.00186716458
88038,88044,91722,6,3678,2,36000,1.00163132137
88044,88050,91798,6,3748,2,36000,1.00160085379
88174,88180,91443,6,3263,2,36000,1.00183879865
88387,88393,92112,6,3719,2,36000,1.00161333692
88507,88513,92272,6,3759,2,36000,1.00159616919
88523,88529,92302,6,3773,2,36000,1.00159024649
88581,88587,92196,6,3609,2,36000,1.00166251039
88639,88645,92353,6,3708,2,36000,1.00161812298
88739,88745,92478,6,3733,2,36000,1.00160728636
88869,88875,92630,6,3755,2,36000,1.00159786951
88958,88964,92697,6,3733,2,36000,1.00160728636
88985,88991,92712,6,3721,2,36000,1.00161246977
89048,89054,92746,6,3692,2,36000,1.00162513543
89085,89091,92802,6,3711,2,36000,1.00161681487
89184,89190,92926,6,3736,2,36000,1.00160599572
89252,89257,92856,5,3599,2,36000,1.0013892748
89330,89336,93045,6,3709,2,36000,1.00161768671
89382,89389,93021,7,3632,2,36000,1.00192731278
89435,89441,93001,6,3560,2,36000,1.00168539326
89550,89555,91880,5,2325,2,36000,1.00215053763
89592,89598,92777,6,3179,2,36000,1.00188738597
89886,89892,93263,6,3371,2,36000,1.00177988727
90005,90011,93691,6,3680,2,36000,1.00163043478
90517,90524,94264,7,3740,2,36000,1.00187165775
90570,90576,94321,6,3745,2,36000,1.00160213618
90586,90592,94331,6,3739,2,36000,1.00160470714
90587,90597,94286,10,3689,2,36000,1.00271076172
90592,90604,94320,12,3716,2,36000,1.00322927879
90656,90662,94380,6,3718,2,36000,1.00161377084
90672,90678,94399,6,3721,2,36000,1.00161246977
90709,90715,94465,6,3750,2,36000,1.0016
90772,90778,94416,6,3638,2,36000,1.00164925783
90799,90805,94547,6,3742,2,36000,1.00160342063
91089,91095,94786,6,3691,2,36000,1.00162557572
91121,91127,93942,6,2815,2,36000,1.00213143872
91126,91133,94595,7,3462,2,36000,1.00202195263
91283,91289,94904,6,3615,2,36000,1.00165975104
91320,91326,94577,6,3251,2,36000,1.00184558597
91398,91405,94880,7,3475,2,36000,1.00201438849
91451,91457,95018,6,3561,2,36000,1.00168491997
91732,91738,95463,6,3725,2,36000,1.00161073826
91780,91786,95446,6,3660,2,36000,1.00163934426
91807,91813,95540,6,3727,2,36000,1.00160987389
91891,91897,95556,6,3659,2,36000,1.00163979229
92119,92125,95814,6,3689,2,36000,1.00162645703
92203,92209,95778,6,3569,2,36000,1.00168114318
92282,92288,95086,6,2798,2,36000,1.00214438885
92309,92315,95338,6,3023,2,36000,1.00198478333
92361,92368,95298,7,2930,2,36000,1.0023890785
92488,92494,95723,6,3229,2,36000,1.00185816042
92638,92644,96282,6,3638,2,36000,1.00164925783
92706,92712,96511,6,3799,2,36000,1.00157936299
92723,92729,96506,6,3777,2,36000,1.00158856235
92755,92761,96586,6,3825,2,36000,1.00156862745
92787,92793,96576,6,3783,2,36000,1.00158604282
92808,92815,96614,7,3799,2,36000,1.00184259016
92861,92867,96656,6,3789,2,36000,1.00158353127
92935,92941,96738,6,3797,2,36000,1.00158019489
93008,93014,96858,6,3844,2,36000,1.00156087409
93030,93036,96831,6,3795,2,36000,1.00158102767
93052,93057,96857,5,3800,2,36000,1.00131578947
93268,93274,97057,6,3783,2,36000,1.00158604282
93701,93707,97516,6,3809,2,36000,1.00157521659
93949,93955,97728,6,3773,2,36000,1.00159024649
94269,94275,97589,6,3314,2,36000,1.00181050091
94297,94303,97533,6,3230,2,36000,1.00185758514
94329,94340,96799,11,2459,2,36000,1.00447336316
94329,94335,97205,6,2870,2,36000,1.00209059233
94340,94346,96952,6,2606,2,36000,1.00230237913
94389,94395,96902,6,2507,2,36000,1.00239329876
94405,94411,97581,6,3170,2,36000,1.00189274448
94426,94433,97241,7,2808,2,36000,1.00249287749
94474,94481,97180,7,2699,2,36000,1.00259355317
94554,94560,97972,6,3412,2,36000,1.00175849941
94586,94592,98198,6,3606,2,36000,1.00166389351
94602,94608,98178,6,3570,2,36000,1.00168067227
94795,94801,98500,6,3699,2,36000,1.00162206002
94889,94896,98521,7,3625,2,36000,1.00193103448
94911,94917,98536,6,3619,2,36000,1.00165791655
95026,95032,97574,6,2542,2,36000,1.00236034618
95094,95101,98857,7,3756,2,36000,1.00186368477
95308,95314,98618,6,3304,2,36000,1.00181598063
95346,95352,98644,6,3292,2,36000,1.00182260024
95452,95457,99214,5,3757,2,36000,1.00133084908
95468,95474,99247,6,3773,2,36000,1.00159024649
95548,95554,99282,6,3728,2,36000,1.00160944206
95565,95571,99267,6,3696,2,36000,1.00162337662
95731,95737,97881,6,2144,2,36000,1.00279850746
95784,95790,98280,6,2490,2,36000,1.00240963855
95821,95827,98950,6,3123,2,36000,1.00192122959
96291,96297,100140,6,3843,2,36000,1.00156128025
96388,96394,96397,6,3,2,300,1.0
96405,96412,96439,7,27,2,300,1.25925925926
96448,96454,96507,6,53,2,300,1.11320754717
96512,96518,100081,6,3563,2,36000,1.00168397418
96514,96529,96763,15,234,2,300,1.0641025641
96518,96523,100223,5,3700,2,36000,1.00135135135
96582,96588,100349,6,3761,2,36000,1.00159532039
96593,96599,100402,6,3803,2,36000,1.00157770181
96620,96626,99091,6,2465,2,36000,1.00243407708
96662,96668,99618,6,2950,2,36000,1.00203389831
96746,96752,100224,6,3472,2,36000,1.0017281106
96770,96776,96795,6,19,2,300,1.31578947368
96802,96808,96843,6,35,2,300,1.17142857143
96805,96814,100475,9,3661,2,36000,1.00245834471
96837,96843,100535,6,3692,2,36000,1.00162513543
96851,96857,96889,6,32,2,300,1.1875
96864,96875,100677,11,3802,2,36000,1.0028932141
96864,96870,100611,6,3741,2,36000,1.00160384924
96896,96902,97213,6,311,2,300,1.0192926045
96912,96918,99288,6,2370,2,36000,1.00253164557
96960,96966,100247,6,3281,2,36000,1.00182871076
97065,97071,100635,6,3564,2,36000,1.00168350168
97187,97193,100349,6,3156,2,36000,1.00190114068
97214,97220,100490,6,3270,2,36000,1.00183486239
97227,97233,97589,6,356,2,360,1.01685393258
97251,97257,100750,6,3493,2,36000,1.00171772116
97524,97530,99954,6,2424,2,36000,1.00247524752
97540,97546,100219,6,2673,2,36000,1.00224466891
97583,97589,101305,6,3716,2,36000,1.0016146394
97589,97595,99934,6,2339,2,36000,1.0025651988
97600,97606,101456,6,3850,2,36000,1.00155844156
97604,97612,97765,8,153,2,360,1.0522875817
97735,97741,101546,6,3805,2,36000,1.00157687254
97887,97892,100702,5,2810,2,36000,1.00177935943
97981,97987,100677,6,2690,2,36000,1.00223048327
98185,98192,101949,7,3757,2,36000,1.00186318871
98208,98214,101882,6,3668,2,36000,1.00163576881
98287,98293,101894,6,3601,2,36000,1.00166620383
98508,98514,101679,6,3165,2,36000,1.0018957346
98530,98536,101642,6,3106,2,36000,1.00193174501
98546,98552,101979,6,3427,2,36000,1.00175080245
98626,98632,100933,6,2301,2,36000,1.00260756193
98654,98660,102422,6,3762,2,36000,1.00159489633
98862,98867,101728,5,2861,2,36000,1.00174764069
98957,98963,101609,6,2646,2,36000,1.0022675737
99101,99107,101884,6,2777,2,36000,1.00216060497
99223,99229,102809,6,3580,2,36000,1.00167597765
99255,99261,103026,6,3765,2,36000,1.0015936255
99277,99283,102854,6,3571,2,36000,1.00168020162
99289,99294,103042,5,3748,2,36000,1.00133404482
99294,99300,103058,6,3758,2,36000,1.00159659393
99626,99632,103438,6,3806,2,36000,1.00157645822
99943,99949,103428,6,3479,2,36000,1.00172463352
99959,99965,103174,6,3209,2,36000,1.00186974135
100087,100093,103805,6,3712,2,36000,1.00161637931
100146,100152,103740,6,3588,2,36000,1.0016722408
100225,100231,103568,6,3337,2,36000,1.00179802218
100231,100236,103881,5,3645,2,36000,1.00137174211
100231,100243,104038,12,3795,2,36000,1.00316205534
100254,100259,104056,5,3797,2,36000,1.00131682908
100354,100360,104177,6,3817,2,36000,1.00157191512
100355,100365,104180,10,3815,2,36000,1.00262123198
100411,100417,104194,6,3777,2,36000,1.00158856235
100481,100487,104231,6,3744,2,36000,1.0016025641
100498,100504,104147,6,3643,2,36000,1.00164699424
100542,100547,104263,5,3716,2,36000,1.00134553283
100622,100628,104437,6,3809,2,36000,1.00157521659
100644,100650,104493,6,3843,2,36000,1.00156128025
100682,100688,104510,6,3822,2,36000,1.00156985871
100683,100694,104513,11,3819,2,36000,1.00288033517
100710,100716,104548,6,3832,2,36000,1.001565762
100758,100764,104511,6,3747,2,36000,1.00160128102
100940,100947,104557,7,3610,2,36000,1.00193905817
101315,101321,105073,6,3752,2,36000,1.00159914712
101466,101472,105212,6,3740,2,36000,1.00160427807
101551,101557,105332,6,3775,2,36000,1.00158940397
101617,101623,105407,6,3784,2,36000,1.00158562368
101653,101659,105465,6,3806,2,36000,1.00157645822
101686,101692,105461,6,3769,2,36000,1.0015919342
101735,101741,105492,6,3751,2,36000,1.00159957345
101892,101898,105657,6,3759,2,36000,1.00159616919
101893,101904,105703,11,3799,2,36000,1.00289549882
101905,101911,105659,6,3748,2,36000,1.00160085379
101959,101965,105712,6,3747,2,36000,1.00160128102
101987,101993,105750,6,3757,2,36000,1.0015970189
102433,102439,106219,6,3780,2,36000,1.00158730159
102818,102824,106619,6,3795,2,36000,1.00158102767
102862,102868,106623,6,3755,2,36000,1.00159786951
103034,103040,105994,6,2954,2,36000,1.00203114421
103051,103057,105446,6,2389,2,36000,1.00251151109
103068,103075,106378,7,3303,2,36000,1.0021192855
103183,103189,105546,6,2357,2,36000,1.00254560882
103437,103444,107148,7,3704,2,36000,1.00188984881
103449,103455,107108,6,3653,2,36000,1.00164248563
103578,103584,107323,6,3739,2,36000,1.00160470714
103746,103751,107441,5,3690,2,36000,1.00135501355
103816,103822,107534,6,3712,2,36000,1.00161637931
103891,103897,107635,6,3738,2,36000,1.00160513644
104047,104053,107769,6,3716,2,36000,1.0016146394
104064,104071,107789,7,3718,2,36000,1.00188273265
104156,104162,107825,6,3663,2,36000,1.00163800164
104185,104191,107909,6,3718,2,36000,1.00161377084
104186,104197,107850,11,3653,2,36000,1.00301122365
104204,104211,107729,7,3518,2,36000,1.00198976691
104240,104246,107811,6,3565,2,36000,1.00168302945
104270,104277,107015,7,2738,2,36000,1.00255661066
104448,104454,107076,6,2622,2,36000,1.00228832952
104501,104507,107422,6,2915,2,36000,1.00205831904
104517,104523,108145,6,3622,2,36000,1.00165654335
104521,104529,108222,8,3693,2,36000,1.00216626049
104524,104535,107859,11,3324,2,36000,1.00330926594
104553,104559,107854,6,3295,2,36000,1.00182094082
104563,104569,108074,6,3505,2,36000,1.00171184023
105080,105086,108811,6,3725,2,36000,1.00161073826
105219,105225,108969,6,3744,2,36000,1.0016025641
105340,105346,109061,6,3715,2,36000,1.00161507402
105414,105420,109133,6,3713,2,36000,1.00161594398
105453,105460,109201,7,3741,2,36000,1.00187115744
105472,105478,109253,6,3775,2,36000,1.00158940397
105474,105484,109227,10,3743,2,36000,1.00267165375
105502,105508,109230,6,3722,2,36000,1.00161203654
105552,105558,109267,6,3709,2,36000,1.00161768671
105664,105670,109428,6,3758,2,36000,1.00159659393
105670,105676,109345,6,3669,2,36000,1.00163532298
105713,105719,109383,6,3664,2,36000,1.00163755459
105719,105724,109417,5,3693,2,36000,1.00135391281
105756,105762,109218,6,3456,2,36000,1.00173611111
106000,106006,109490,6,3484,2,36000,1.00172215844
106226,106232,109814,6,3582,2,36000,1.00167504188
106385,106391,110034,6,3643,2,36000,1.00164699424
106629,106635,110373,6,3738,2,36000,1.00160513644
106630,106641,110129,11,3488,2,36000,1.00315366972
107023,107029,110659,6,3630,2,36000,1.00165289256
107083,107089,110512,6,3423,2,36000,1.00175284838
107115,107122,110073,7,2951,2,36000,1.00237207726
107153,107159,110156,6,2997,2,36000,1.002002002
107333,107339,110990,6,3651,2,36000,1.00164338537
107429,107435,110925,6,3490,2,36000,1.00171919771
107451,107457,111008,6,3551,2,36000,1.00168966488
107542,107548,111328,6,3780,2,36000,1.00158730159
107643,107649,111009,6,3360,2,36000,1.00178571429
107738,107745,111552,7,3807,2,36000,1.00183871815
107776,107782,111623,6,3841,2,36000,1.0015620932
107798,107804,111614,6,3810,2,36000,1.00157480315
107819,107826,111627,7,3801,2,36000,1.00184162063
107831,107836,111640,5,3804,2,36000,1.00131440589
107857,107864,111662,7,3798,2,36000,1.0018430753
107863,107870,111664,7,3794,2,36000,1.00184501845
107869,107876,111680,7,3804,2,36000,1.00184016824
107918,107924,111721,6,3797,2,36000,1.00158019489
108083,108089,111884,6,3795,2,36000,1.00158102767
108151,108157,111966,6,3809,2,36000,1.00157521659
108230,108236,112021,6,3785,2,36000,1.00158520476
108818,108824,112593,6,3769,2,36000,1.0015919342
108977,108983,111826,6,2843,2,36000,1.00211044671
109068,109074,112095,6,3021,2,36000,1.00198609732
109144,109150,110910,6,1760,2,36000,1.00340909091
109208,109215,112413,7,3198,2,36000,1.00218886804
109225,109231,112374,6,3143,2,36000,1.00190900414
109236,109242,112583,6,3341,2,36000,1.0017958695
109237,109247,112483,10,3236,2,36000,1.00309023486
109259,109264,112400,5,3136,2,36000,1.00159438776
109275,109281,112016,6,2735,2,36000,1.00219378428
109355,109361,112926,6,3565,2,36000,1.00168302945
109393,109399,112233,6,2834,2,36000,1.00211714891
109425,109431,113201,6,3770,2,36000,1.00159151194
109436,109442,113209,6,3767,2,36000,1.0015927794
109500,109506,113168,6,3662,2,36000,1.00163844894
109823,109829,113513,6,3684,2,36000,1.0016286645
110044,110050,113565,6,3515,2,36000,1.00170697013
110083,110089,113846,6,3757,2,36000,1.0015970189
110137,110143,113880,6,3737,2,36000,1.00160556596
110164,110170,113928,6,3758,2,36000,1.00159659393
110379,110385,113911,6,3526,2,36000,1.00170164492
110521,110527,113376,6,2849,2,36000,1.00210600211
110668,110674,113252,6,2578,2,36000,1.00232738557
110921,110927,114486,6,3559,2,36000,1.00168586682
110933,110939,113301,6,2362,2,36000,1.00254022015
110996,111003,114034,7,3031,2,36000,1.00230946882
111018,111024,113201,6,2177,2,36000,1.00275608636
111019,111029,113589,10,2560,2,36000,1.00390625
111337,111343,114853,6,3510,2,36000,1.00170940171
111560,111566,113911,6,2345,2,36000,1.00255863539
111625,111631,114705,6,3074,2,36000,1.00195185426
111631,111637,115114,6,3477,2,36000,1.00172562554
111637,111643,115317,6,3674,2,36000,1.00163309744
111648,111654,115200,6,3546,2,36000,1.00169204738
111670,111675,115356,5,3681,2,36000,1.00135832654
111670,111681,115295,11,3614,2,36000,1.00304371887
111687,111693,115356,6,3663,2,36000,1.00163800164
111730,111736,115448,6,3712,2,36000,1.00161637931
111836,111842,115395,6,3553,2,36000,1.00168871376
111890,111895,115264,5,3369,2,36000,1.00148411992
111975,111981,115169,6,3188,2,36000,1.00188205772
112023,112029,115406,6,3377,2,36000,1.0017767249
112029,112035,115628,6,3593,2,36000,1.00166991372
112103,112109,114764,6,2655,2,36000,1.00225988701
112241,112247,115387,6,3140,2,36000,1.00191082803
112384,112390,116203,6,3813,2,36000,1.00157356412
112406,112412,115830,6,3418,2,36000,1.00175541252
112423,112429,115252,6,2823,2,36000,1.00212539851
112492,112498,115291,6,2793,2,36000,1.00214822771
112592,112599,116295,7,3696,2,36000,1.00189393939
112604,112610,115509,6,2899,2,36000,1.0020696792
112936,112942,116604,6,3662,2,36000,1.00163844894
113177,113183,116948,6,3765,2,36000,1.0015936255
113210,113216,116577,6,3361,2,36000,1.00178518298
113211,113222,116837,11,3615,2,36000,1.0030428769
113217,113228,116661,11,3433,2,36000,1.00320419458
113260,113267,116723,7,3456,2,36000,1.00202546296
113309,113315,117152,6,3837,2,36000,1.00156372166
113383,113389,116452,6,3063,2,36000,1.00195886386
113520,113526,116319,6,2793,2,36000,1.00214822771
113573,113580,116637,7,3057,2,36000,1.00228982663
113596,113602,116836,6,3234,2,36000,1.00185528757
113851,113857,117610,6,3753,2,36000,1.00159872102
113889,113895,117664,6,3769,2,36000,1.0015919342
113917,113922,117689,5,3767,2,36000,1.00132731617
113917,113928,117727,11,3799,2,36000,1.00289549882
113934,113940,117638,6,3698,2,36000,1.00162249865
114043,114049,117883,6,3834,2,36000,1.00156494523
114494,114501,117397,7,2896,2,36000,1.00241712707
114711,114718,118298,7,3580,2,36000,1.00195530726
114772,114778,118518,6,3740,2,36000,1.00160427807
114860,114866,118452,6,3586,2,36000,1.00167317345
115125,115131,118919,6,3788,2,36000,1.00158394931
115181,115188,119010,7,3822,2,36000,1.00183150183
115210,115216,119000,6,3784,2,36000,1.00158562368
115258,115265,119089,7,3824,2,36000,1.00183054393
115270,115276,119009,6,3733,2,36000,1.00160728636
115300,115306,118983,6,3677,2,36000,1.00163176503
115305,115312,118830,7,3518,2,36000,1.00198976691
115322,115328,118496,6,3168,2,36000,1.00189393939
115366,115372,118936,6,3564,2,36000,1.00168350168
115367,115377,119160,10,3783,2,36000,1.00264340471
115396,115402,118137,6,2735,2,36000,1.00219378428
115402,115408,118343,6,2935,2,36000,1.00204429302
115413,115419,118307,6,2888,2,36000,1.00207756233
115456,115463,118220,7,2757,2,36000,1.00253899166
115516,115522,118042,6,2520,2,36000,1.00238095238
115634,115639,119477,5,3838,2,36000,1.00130276186
115838,115844,119636,6,3792,2,36000,1.00158227848
116211,116217,120009,6,3792,2,36000,1.00158227848
116302,116309,119894,7,3585,2,36000,1.0019525802
116324,116330,118907,6,2577,2,36000,1.00232828871
116458,116463,119541,5,3078,2,36000,1.00162443145
116584,116590,120308,6,3718,2,36000,1.00161377084
116612,116618,120367,6,3749,2,36000,1.00160042678
116646,116653,120423,7,3770,2,36000,1.00185676393
116669,116675,120455,6,3780,2,36000,1.00158730159
116733,116739,120497,6,3758,2,36000,1.00159659393
116847,116853,120593,6,3740,2,36000,1.00160427807
116848,116859,120608,11,3749,2,36000,1.00293411576
116956,116962,120706,6,3744,2,36000,1.0016025641
117161,117167,120916,6,3749,2,36000,1.00160042678
117403,117409,119945,6,2536,2,36000,1.0023659306
117618,117624,120886,6,3262,2,36000,1.00183936235
117647,117654,121361,7,3707,2,36000,1.0018883194
117670,117676,121436,6,3760,2,36000,1.00159574468
117698,117704,121378,6,3674,2,36000,1.00163309744
117737,117744,121348,7,3604,2,36000,1.00194228635
117893,117899,121657,6,3758,2,36000,1.00159659393
118048,118054,121768,6,3714,2,36000,1.00161550889
118143,118149,121899,6,3750,2,36000,1.0016
118225,118231,121971,6,3740,2,36000,1.00160427807
118306,118312,122067,6,3755,2,36000,1.00159786951
118312,118318,122070,6,3752,2,36000,1.00159914712
118351,118357,122129,6,3772,2,36000,1.00159066808
118462,118468,122225,6,3757,2,36000,1.0015970189
118501,118507,121572,6,3065,2,36000,1.00195758564
118523,118529,121091,6,2562,2,36000,1.00234192037
118839,118845,122360,6,3515,2,36000,1.00170697013
118915,118921,122662,6,3741,2,36000,1.00160384924
118926,118932,122657,6,3725,2,36000,1.00161073826
118943,118949,122698,6,3749,2,36000,1.00160042678
118993,118999,122732,6,3733,2,36000,1.00160728636
119011,119017,122736,6,3719,2,36000,1.00161333692
119017,119023,122739,6,3716,2,36000,1.0016146394
119018,119029,122774,11,3745,2,36000,1.00293724967
119095,119101,122856,6,3755,2,36000,1.00159786951
119170,119177,122908,7,3731,2,36000,1.00187617261
119488,119494,123229,6,3735,2,36000,1.0016064257
119552,119558,123260,6,3702,2,36000,1.00162074554
119642,119649,123402,7,3753,2,36000,1.00186517453
119900,119906,122808,6,2902,2,36000,1.00206753963
119951,119956,123189,5,3233,2,36000,1.00154655119
120015,120021,123038,6,3017,2,36000,1.00198873053
120319,120325,124028,6,3703,2,36000,1.00162030786
120376,120382,123890,6,3508,2,36000,1.00171037628
120430,120436,123879,6,3443,2,36000,1.00174266628
120465,120471,124064,6,3593,2,36000,1.00166991372
120503,120510,124081,7,3571,2,36000,1.00196023523
120602,120608,124244,6,3636,2,36000,1.00165016502
120614,120620,124085,6,3465,2,36000,1.00173160173
120717,120723,124371,6,3648,2,36000,1.00164473684
120894,120901,124570,7,3669,2,36000,1.00190787681
120925,120931,124598,6,3667,2,36000,1.00163621489
121097,121104,124775,7,3671,2,36000,1.00190683737
121312,121319,122502,7,1183,8,360000,1.00591715976
121357,121363,124842,6,3479,2,36000,1.00172463352
121369,121375,124734,6,3359,2,36000,1.00178624591
121387,121393,124820,6,3427,2,36000,1.00175080245
121447,121453,125096,6,3643,2,36000,1.00164699424
121578,121584,125386,6,3802,2,36000,1.00157811678
121666,121672,125454,6,3782,2,36000,1.00158646219
121779,121785,125580,6,3795,2,36000,1.00158102767
121906,121912,125696,6,3784,2,36000,1.00158562368
121977,121983,125769,6,3786,2,36000,1.00158478605
122073,122079,125890,6,3811,2,36000,1.00157438992
122079,122085,125897,6,3812,2,36000,1.00157397692
122140,122146,125939,6,3793,2,36000,1.00158186132
122233,122239,126035,6,3796,2,36000,1.00158061117
122340,122346,482391,6,360045,8,360000,1.00001666458
122366,122373,126135,7,3762,2,36000,1.00186071239
122664,122670,126457,6,3787,2,36000,1.00158436757
122671,122678,126462,7,3784,2,36000,1.00184989429
122709,122715,126401,6,3686,2,36000,1.00162778079
122740,122746,126578,6,3832,2,36000,1.001565762
122747,122753,126510,6,3757,2,36000,1.0015970189
122748,122759,126527,11,3768,2,36000,1.00291932059
122783,122789,126118,6,3329,2,36000,1.00180234305
122820,122826,126640,6,3814,2,36000,1.00157315155
122866,122873,125922,7,3049,2,36000,1.0022958347
122917,122923,125641,6,2718,2,36000,1.00220750552
123048,123055,126070,7,3015,2,36000,1.00232172471
123199,123206,126173,7,2967,2,36000,1.00235928547
123240,123246,126676,6,3430,2,36000,1.00174927114
123272,123278,126315,6,3037,2,36000,1.00197563385
123410,123416,127187,6,3771,2,36000,1.0015910899
123887,123893,127561,6,3668,2,36000,1.00163576881
123900,123906,127578,6,3672,2,36000,1.00163398693
124037,124044,126888,7,2844,2,36000,1.00246132208
124073,124079,127865,6,3786,2,36000,1.00158478605
124091,124097,127848,6,3751,2,36000,1.00159957345
124092,124103,127851,11,3748,2,36000,1.00293489861
124251,124257,127875,6,3618,2,36000,1.00165837479
124379,124385,126617,6,2232,2,36000,1.00268817204
124577,124583,128140,6,3557,2,36000,1.00168681473
124605,124611,127819,6,3208,2,36000,1.00187032419
124740,124747,127640,7,2893,2,36000,1.0024196336
124785,124791,127761,6,2970,2,36000,1.00202020202
124829,124835,127899,6,3064,2,36000,1.00195822454
124851,124857,128308,6,3451,2,36000,1.00173862649
125102,125107,128776,5,3669,2,36000,1.00136276915
125393,125399,128829,6,3430,2,36000,1.00174927114
125463,125469,129261,6,3792,2,36000,1.00158227848
125593,125599,129038,6,3439,2,36000,1.00174469322
125650,125657,129398,7,3741,2,36000,1.00187115744
125707,125714,129454,7,3740,2,36000,1.00187165775
125718,125724,170952,6,45228,2,72000,1.00013266118
125780,125786,129005,6,3219,2,36000,1.0018639329
125896,125902,128836,6,2934,2,36000,1.00204498978
125908,125914,128910,6,2996,2,36000,1.00200267023
125930,125936,129025,6,3089,2,36000,1.00194237617
125947,125953,129162,6,3209,2,36000,1.00186974135
126043,126050,128372,7,2322,2,36000,1.00301464255
126078,126084,128329,6,2245,2,36000,1.00267260579
126125,126131,129955,6,3824,2,36000,1.00156903766
126142,126148,129838,6,3690,2,36000,1.00162601626
126179,126185,129852,6,3667,2,36000,1.00163621489
126322,126328,130140,6,3812,2,36000,1.00157397692
126411,126417,129445,6,3028,2,36000,1.00198150594
126466,126472,129183,6,2711,2,36000,1.00221320546
126473,126479,129092,6,2613,2,36000,1.00229621125
126510,126516,126686,6,170,1,3600,1.03529411765
126516,126522,129532,6,3010,2,36000,1.00199335548
126535,126542,129508,7,2966,2,36000,1.00236008092
126585,126591,129238,6,2647,2,36000,1.00226671704
126622,126628,129836,6,3208,2,36000,1.00187032419
126645,126650,129230,5,2580,2,36000,1.0019379845
126684,126690,129895,6,3205,2,36000,1.00187207488
126896,126902,130643,6,3741,2,36000,1.00160384924
127196,127202,130987,6,3785,2,36000,1.00158520476
127568,127574,130225,6,2651,2,36000,1.00226329687
127585,127592,131003,7,3411,2,36000,1.00205218411
127648,127654,130587,6,2933,2,36000,1.00204568701
127768,127774,131575,6,3801,2,36000,1.00157853197
127830,127836,131635,6,3799,2,36000,1.00157936299
127858,127864,131681,6,3817,2,36000,1.00157191512
127859,127870,131652,11,3782,2,36000,1.00290851401
127872,127878,131688,6,3810,2,36000,1.00157480315
127884,127890,131707,6,3817,2,36000,1.00157191512
127906,127912,131723,6,3811,2,36000,1.00157438992
128149,128156,131617,7,3461,2,36000,1.00202253684
128316,128322,131956,6,3634,2,36000,1.0016510732
128338,128345,131930,7,3585,2,36000,1.0019525802
128382,128388,131444,6,3056,2,36000,1.00196335079
128784,128790,132407,6,3617,2,36000,1.00165883329
128838,128844,132634,6,3790,2,36000,1.00158311346
128844,128849,132561,5,3712,2,36000,1.00134698276
128920,128927,132764,7,3837,2,36000,1.00182434193
129015,129021,132783,6,3762,2,36000,1.00159489633
129032,129038,132828,6,3790,2,36000,1.00158311346
129044,129050,132796,6,3746,2,36000,1.00160170849
129099,129105,132918,6,3813,2,36000,1.00157356412
129170,129176,132696,6,3520,2,36000,1.00170454545
129192,129198,132704,6,3506,2,36000,1.00171135197
129237,129243,132357,6,3114,2,36000,1.00192678227
129248,129254,132137,6,2883,2,36000,1.00208116545
129270,129276,132078,6,2802,2,36000,1.00214132762
129404,129410,132368,6,2958,2,36000,1.00202839757
129454,129461,133268,7,3807,2,36000,1.00183871815
129460,129467,133207,7,3740,2,36000,1.00187165775
129514,129520,133309,6,3789,2,36000,1.00158353127
129542,129548,133338,6,3790,2,36000,1.00158311346
129846,129852,133640,6,3788,2,36000,1.00158394931
129847,129858,133629,11,3771,2,36000,1.00291699814
129858,129864,133620,6,3756,2,36000,1.00159744409
129902,129908,133720,6,3812,2,36000,1.00157397692
129961,129967,133682,6,3715,2,36000,1.00161507402
130150,130156,133785,6,3629,2,36000,1.00165334803
130235,130242,133698,7,3456,2,36000,1.00202546296
130593,130598,134372,5,3774,2,36000,1.00132485427
130652,130658,134421,6,3763,2,36000,1.0015944725
130954,130961,134112,7,3151,1,43200,1.00222151698
130998,131004,134717,6,3713,2,36000,1.00161594398
131009,131016,134762,7,3746,2,36000,1.0018686599
131153,131159,379490,6,248331,1,259200,1.0000241613
131451,131457,135104,6,3647,2,36000,1.00164518783
131581,131587,135223,6,3636,2,36000,1.00165016502
131625,131632,135365,7,3733,2,36000,1.00187516743
131643,131649,135404,6,3755,2,36000,1.00159786951
131659,131666,135402,7,3736,2,36000,1.00187366167
131687,131693,135458,6,3765,2,36000,1.0015936255
131698,131704,135405,6,3701,2,36000,1.00162118346
131715,131721,135412,6,3691,2,36000,1.00162557572
131731,131737,135459,6,3722,2,36000,1.00161203654
131937,131943,135685,6,3742,2,36000,1.00160342063
131964,131970,135699,6,3729,2,36000,1.00160901046
132087,132093,135826,6,3733,2,36000,1.00160728636
132146,132152,135764,6,3612,2,36000,1.00166112957
132367,132373,135902,6,3529,2,36000,1.00170019836
132378,132384,135976,6,3592,2,36000,1.00167037862
132416,132422,135523,6,3101,2,36000,1.00193485972
132570,132577,136225,7,3648,2,36000,1.00191885965
132640,132645,136350,5,3705,2,36000,1.00134952767
132704,132711,136450,7,3739,2,36000,1.00187215833
132710,132717,136401,7,3684,2,36000,1.00190010858
132774,132781,136408,7,3627,2,36000,1.00192996967
132791,132797,136457,6,3660,2,36000,1.00163934426
132802,132808,136568,6,3760,2,36000,1.00159574468
132834,132841,136596,7,3755,2,36000,1.00186418109
132924,132930,136680,6,3750,2,36000,1.0016
133218,133224,136973,6,3749,2,36000,1.00160042678
133276,133282,136987,6,3705,2,36000,1.0016194332
133319,133325,137013,6,3688,2,36000,1.00162689805
133346,133352,137026,6,3674,2,36000,1.00163309744
133627,133633,136656,6,3023,2,36000,1.00198478333
133638,133644,136392,6,2748,2,36000,1.00218340611
133650,133656,137141,6,3485,2,36000,1.00172166428
133686,133692,137425,6,3733,4,3600,1.00160728636
133693,133699,137259,6,3560,2,36000,1.00168539326
133704,133710,137211,6,3501,2,36000,1.00171379606
133726,133732,137322,6,3590,2,36000,1.00167130919
133794,133800,137500,6,3700,2,36000,1.00162162162
134380,134386,138119,6,3733,2,36000,1.00160728636
134428,134435,138090,7,3655,2,36000,1.00191518468
134725,134732,137993,7,3261,2,36000,1.0021465808
134769,134775,138105,6,3330,2,36000,1.0018018018
135114,135120,138714,6,3594,2,36000,1.00166944908
135233,135239,139054,6,3815,2,36000,1.00157273919
135371,135376,139151,5,3775,2,36000,1.00132450331
135409,135415,139195,6,3780,2,36000,1.00158730159
135409,135421,139220,12,3799,2,36000,1.00315872598
135415,135426,139213,11,3787,2,36000,1.00290467388
135421,135432,139235,11,3803,2,36000,1.00289245333
135465,135476,139260,11,3784,2,36000,1.00290697674
135465,135471,139296,6,3825,2,36000,1.00156862745
135530,135536,139364,6,3828,2,36000,1.00156739812
135693,135699,139485,6,3786,2,36000,1.00158478605
135710,135716,139492,6,3776,2,36000,1.00158898305
135710,135721,139345,11,3624,2,72000,1.00303532009
135774,135781,139546,7,3765,2,36000,1.00185922975
135832,135838,139659,6,3821,2,36000,1.00157026956
135911,135918,139791,7,3873,2,36000,1.00180738446
135981,135987,139813,6,3826,2,36000,1.00156821746
136233,136239,139203,6,2964,2,36000,1.0020242915
136355,136361,139306,6,2945,2,36000,1.00203735144
136398,136404,138765,6,2361,2,36000,1.00254129606
136410,136416,139585,6,3169,2,36000,1.00189334175
136415,136422,139361,7,2939,2,36000,1.0023817625
136458,136464,139685,6,3221,2,36000,1.00186277554
136464,136470,139483,6,3013,2,36000,1.00199137073
136575,136581,139233,6,2652,2,36000,1.00226244344
136602,136608,139398,6,2790,2,36000,1.00215053763
136666,136672,140414,6,3742,2,36000,1.00160342063
136687,136694,140445,7,3751,2,36000,1.00186616902
136858,136865,138221,7,1356,2,21600,1.00516224189
136983,136989,140723,6,3734,2,36000,1.00160685592
136994,137001,140707,7,3706,2,36000,1.00188882893
137023,137029,140735,6,3706,2,36000,1.00161899622
137034,137040,140735,6,3695,2,36000,1.00162381597
137151,137157,140673,6,3516,2,36000,1.00170648464
137220,137226,140984,6,3758,2,36000,1.00159659393
137268,137274,141043,6,3769,2,36000,1.0015919342
137331,137337,140964,6,3627,2,36000,1.00165425972
137510,137516,139920,6,2404,2,36000,1.00249584027
138000,138006,141007,6,3001,2,36000,1.00199933356
138095,138101,140836,6,2735,2,36000,1.00219378428
138112,138118,140858,6,2740,2,36000,1.00218978102
138128,138134,141500,6,3366,2,36000,1.00178253119
138723,138730,142447,7,3717,2,36000,1.00188323917
138734,138740,138744,6,4,16,3600,1.0
138772,138778,142432,6,3654,2,36000,1.00164203612
138812,138819,138821,7,2,16,3600,1.0
139010,139017,139019,7,2,16,3600,1.0
139053,139059,139061,6,2,16,3600,1.0
139064,139070,142316,6,3246,2,36000,1.00184842884
139161,139167,142994,6,3827,2,36000,1.00156780768
139202,139208,139209,6,1,16,3600,1.0
139205,139214,143038,9,3824,2,36000,1.00235355649
139211,139220,143008,9,3788,2,36000,1.00237592397
139223,139229,143043,6,3814,2,36000,1.00157315155
139229,139235,143041,6,3806,2,36000,1.00157645822
139240,139246,143084,6,3838,2,36000,1.00156331423
139241,139252,143061,11,3809,2,36000,1.00288789709
139268,139275,143082,7,3807,2,36000,1.00183871815
139301,139306,142443,5,3137,2,36000,1.0015938795
139312,139318,142800,6,3482,2,36000,1.00172314762
139335,139341,139387,6,46,32,28800,1.13043478261
139372,139378,142504,6,3126,2,36000,1.0019193858
139372,139383,142170,11,2787,2,36000,1.0039468963
139405,139412,142845,7,3433,2,36000,1.00203903292
139491,139497,142498,6,3001,2,36000,1.00199933356
139492,139503,143046,11,3543,2,36000,1.00310471352
139503,139509,142705,6,3196,2,36000,1.00187734668
139543,139549,139648,6,99,16,3600,1.06060606061
139552,139558,142561,6,3003,2,36000,1.001998002
139595,139601,143239,6,3638,2,36000,1.00164925783
139669,139675,143366,6,3691,2,36000,1.00162557572
139691,139697,143411,6,3714,2,36000,1.00161550889
139720,139726,140112,6,386,16,600,1.01554404145
139798,139803,143539,5,3736,2,36000,1.00133832976
139819,139825,143030,6,3205,2,36000,1.00187207488
139928,139934,143464,6,3530,2,36000,1.00169971671
140423,140429,143289,6,2860,2,36000,1.0020979021
140451,140457,144238,6,3781,2,36000,1.00158688178
140680,140686,144447,6,3761,2,36000,1.00159532039
140713,140720,144558,7,3838,2,36000,1.0018238666
140730,140736,144552,6,3816,2,36000,1.00157232704
140741,140747,144552,6,3805,2,36000,1.00157687254
140742,140752,144565,10,3813,2,36000,1.00262260687
140826,140832,140866,6,34,128,10800,1.17647058824
140845,140851,144651,6,3800,2,36000,1.00157894737
140867,140873,144511,6,3638,2,36000,1.00164925783
140874,140880,158989,6,18109,128,18000,1.00033132696
140974,140980,144514,6,3534,2,36000,1.00169779287
140991,140997,144510,6,3513,2,36000,1.00170794193
141013,141018,144349,5,3331,2,36000,1.00150105074
141050,141056,144667,6,3611,2,36000,1.00166158959
141508,141514,144588,6,3074,2,36000,1.00195185426
141685,141691,156070,6,14379,2,72000,1.00041727519
141961,159000,202231,17039,43231,12,43200,1.39413846545
141962,159036,202284,17074,43248,12,43200,1.39479282279
141962,159015,202291,17053,43276,12,43200,1.39405213051
141962,159005,202239,17043,43234,12,43200,1.39420363603
141962,159041,197585,17079,38544,12,43200,1.44310398506
141962,159026,202235,17064,43209,12,43200,1.39491772547
141962,159021,202231,17059,43210,12,43200,1.39479287202
141962,159031,202243,17069,43212,12,43200,1.39500601685
141962,159010,202236,17048,43226,12,43200,1.39439226392
141962,159057,193426,17095,34369,12,43200,1.4973959091
141963,202247,209740,60284,7493,12,43200,9.04537568397
141963,197596,209739,55633,12143,12,43200,5.58148727662
141963,202258,209741,60295,7483,12,43200,9.05759722037
141963,202242,209744,60279,7502,12,43200,9.03505731805
141963,200156,209745,58193,9589,12,43200,7.06872458025
141963,200656,209761,58693,9105,12,43200,7.44623833059
141963,159547,200145,17584,40598,12,43200,1.43312478447
141963,202253,209781,60290,7528,12,43200,9.00876726886
141964,202295,209741,60331,7446,12,43200,9.10247112544
141964,202269,209740,60305,7471,12,43200,9.07187792799
141964,202263,209770,60299,7507,12,43200,9.0323697882
141977,202303,209741,60326,7438,12,43200,9.11051357892
142177,142183,145764,6,3581,2,36000,1.00167550963
142323,142329,146139,6,3810,2,36000,1.00157480315
142442,142448,146207,6,3759,2,36000,1.00159616919
142456,142462,146235,6,3773,2,36000,1.00159024649
142460,142468,146225,8,3757,2,36000,1.00212935853
142507,142514,146281,7,3767,2,36000,1.00185824263
142513,142520,146267,7,3747,2,36000,1.0018681612
142573,142579,146391,6,3812,2,36000,1.00157397692
142714,142720,146485,6,3765,2,36000,1.0015936255
142809,142815,146563,6,3748,2,36000,1.00160085379
142852,142858,146667,6,3809,2,36000,1.00157521659
143007,143013,145738,6,2725,2,36000,1.00220183486
143018,143024,145557,6,2533,2,36000,1.00236873273
143046,143053,146127,7,3074,2,36000,1.00227716331
143051,143059,146051,8,2992,2,36000,1.00267379679
143055,143065,146676,10,3611,2,36000,1.00276931598
143056,143070,146739,14,3669,2,36000,1.00381575361
143056,143075,146783,19,3708,2,36000,1.00512405609
143074,143081,146708,7,3627,2,36000,1.00192996967
143089,143095,146731,6,3636,2,36000,1.00165016502
143092,143101,146808,9,3707,2,36000,1.00242783922
143250,143256,147032,6,3776,2,36000,1.00158898305
143298,143304,147065,6,3761,2,36000,1.00159532039
143373,143379,147134,6,3755,2,36000,1.00159786951
143419,143425,147181,6,3756,2,36000,1.00159744409
143473,143479,147217,6,3738,2,36000,1.00160513644
143545,143551,147283,6,3732,2,36000,1.00160771704
144247,144253,147780,6,3527,2,36000,1.00170116246
144364,144370,148100,6,3730,2,36000,1.00160857909
144452,144458,148109,6,3651,2,36000,1.00164338537
144522,144529,148276,7,3747,2,36000,1.0018681612
144526,144535,148282,9,3747,2,36000,1.00240192154
144529,144540,148259,11,3719,2,36000,1.00295778435
144560,144566,148265,6,3699,2,36000,1.00162206002
144561,144572,148318,11,3746,2,36000,1.00293646556
144568,144578,148327,10,3749,2,36000,1.00266737797
144575,144584,148313,9,3729,2,36000,1.00241351569
144597,144603,148333,6,3730,2,36000,1.00160857909
144661,144667,148397,6,3730,2,36000,1.00160857909
144677,144683,148396,6,3713,2,36000,1.00161594398
145218,158995,158997,13777,2,16,7200,1377.9
145565,145571,149212,6,3641,2,36000,1.00164789893
145749,145755,149489,6,3734,2,36000,1.00160685592
145771,145777,149477,6,3700,2,36000,1.00162162162
146057,146063,149783,6,3720,2,36000,1.00161290323
146135,146141,149720,6,3579,2,36000,1.00167644593
146145,146151,149781,6,3630,2,36000,1.00165289256
146215,146221,149918,6,3697,2,36000,1.00162293752
146232,146239,149578,7,3339,2,36000,1.00209643606
146244,146251,149388,7,3137,2,36000,1.0022314313
146273,146279,148993,6,2714,2,36000,1.00221075903
146286,146292,149633,6,3341,2,36000,1.0017958695
146402,146407,149589,5,3182,2,36000,1.00157133878
146490,146496,149672,6,3176,2,36000,1.00188916877
146572,146578,150222,6,3644,2,36000,1.00164654226
146678,146684,150225,6,3541,2,36000,1.0016944366
146686,146693,150227,7,3534,2,36000,1.00198075835
146719,146725,149855,6,3130,2,36000,1.00191693291
146743,146749,149950,6,3201,2,36000,1.00187441425
146745,146755,150020,10,3265,2,36000,1.00306278714
146796,146802,150210,6,3408,2,36000,1.00176056338
146819,146825,150266,6,3441,2,36000,1.00174367916
147039,147045,150600,6,3555,2,36000,1.00168776371
147075,147082,150714,7,3632,2,36000,1.00192731278
147140,147147,150817,7,3670,2,36000,1.00190735695
147190,147196,150906,6,3710,2,36000,1.00161725067
147222,147228,150985,6,3757,2,36000,1.0015970189
147291,147297,150899,6,3602,2,36000,1.00166574125
147789,147795,151193,6,3398,2,36000,1.00176574456
148106,148112,151893,6,3781,2,36000,1.00158688178
148117,148123,151970,6,3847,2,36000,1.00155965688
148266,148272,151867,6,3595,2,36000,1.0016689847
148272,148278,151911,6,3633,2,36000,1.00165152766
148283,148289,151687,6,3398,2,36000,1.00176574456
148288,148295,151982,7,3687,2,36000,1.00189856252
148320,148326,151572,6,3246,2,36000,1.00184842884
148326,148332,152064,6,3732,2,36000,1.00160771704
148337,148343,151489,6,3146,2,36000,1.00190718373
148343,148349,152004,6,3655,2,36000,1.00164158687
148406,148412,151148,6,2736,2,36000,1.00219298246
148407,148418,151256,11,2838,2,36000,1.00387596899
148497,148805,149973,308,1168,1,7200,1.26369863014
148591,148794,149487,203,693,2,3600,1.29292929293
148676,149985,150691,1309,706,4,1800,2.85410764873
148771,159046,159535,10275,489,8,1800,22.0122699387
148891,209751,210028,60860,277,16,3600,220.711191336
148999,149006,152801,7,3795,2,36000,1.00184453228
149221,149227,153031,6,3804,2,36000,1.00157728707
149396,149402,153211,6,3809,2,36000,1.00157521659
149487,149493,153247,6,3754,2,36000,1.00159829515
149498,149504,153345,6,3841,2,36000,1.0015620932
149584,149590,153398,6,3808,2,36000,1.00157563025
149596,149602,153401,6,3799,2,36000,1.00157936299
149640,149646,153495,6,3849,2,36000,1.00155884645
149678,149684,153469,6,3785,2,36000,1.00158520476
149727,149733,153477,6,3744,2,36000,1.0016025641
149791,149802,153159,11,3357,2,36000,1.00327673518
149791,149797,153156,6,3359,2,36000,1.00178624591
149862,149868,152310,6,2442,2,36000,1.00245700246
149925,149932,153195,7,3263,2,36000,1.00214526509
149958,149964,153352,6,3388,2,36000,1.00177095632
150029,150035,152100,6,2065,2,36000,1.00290556901
150218,150224,152942,6,2718,2,36000,1.00220750552
150230,150235,152434,5,2199,2,36000,1.0022737608
150230,150242,154000,12,3758,2,36000,1.00319318787
150237,150248,154012,11,3764,2,36000,1.00292242295
150275,150281,154030,6,3749,2,36000,1.00160042678
150609,150616,154361,7,3745,2,36000,1.00186915888
150721,150727,154052,6,3325,2,36000,1.00180451128
150827,150833,154598,6,3765,2,36000,1.0015936255
150907,150913,154659,6,3746,2,36000,1.00160170849
150913,150919,154652,6,3733,2,36000,1.00160728636
150992,150998,154587,6,3589,2,36000,1.00167177487
151156,151162,154123,6,2961,2,36000,1.00202634245
151199,151205,154179,6,2974,2,36000,1.00201748487
151263,151269,154649,6,3380,2,36000,1.00177514793
151499,151505,154588,6,3083,2,36000,1.00194615634
151579,151585,154701,6,3116,2,36000,1.00192554557
151697,151703,155264,6,3561,2,36000,1.00168491997
151873,151878,155168,5,3290,2,36000,1.00151975684
151900,151906,155445,6,3539,2,36000,1.00169539418
151917,151923,155245,6,3322,2,36000,1.00180614088
151976,151982,155357,6,3375,2,36000,1.00177777778
151988,151993,155536,5,3543,2,36000,1.00141123342
152014,152021,155633,7,3612,2,36000,1.0019379845
152074,152080,154248,6,2168,2,36000,1.00276752768
152107,152113,154920,6,2807,2,36000,1.00213751336
152211,156081,222286,3870,66205,1,86400,1.05845479949
152316,152322,155883,6,3561,2,36000,1.00168491997
152442,152448,155577,6,3129,2,36000,1.00191754554
152808,152814,156157,6,3343,2,36000,1.00179479509
152950,152956,155461,6,2505,2,36000,1.00239520958
153041,153047,156336,6,3289,2,36000,1.00182426269
153162,153168,156930,6,3762,2,36000,1.00159489633
153168,153174,156856,6,3682,2,36000,1.00162954916
153200,153206,156969,6,3763,2,36000,1.0015944725
153217,153223,156998,6,3775,2,36000,1.00158940397
153255,153261,156438,6,3177,2,36000,1.00188857413
153351,153357,157053,6,3696,2,36000,1.00162337662
153362,153368,156513,6,3145,2,36000,1.00190779014
153406,153412,157127,6,3715,2,36000,1.00161507402
153407,153418,156472,11,3054,2,36000,1.00360183366
153477,153483,157138,6,3655,2,36000,1.00164158687
153483,153489,157191,6,3702,2,36000,1.00162074554
153505,153511,156814,6,3303,2,36000,1.00181653043
154009,154015,157827,6,3812,2,36000,1.00157397692
154020,154026,157788,6,3762,2,36000,1.00159489633
154036,154042,157875,6,3833,2,36000,1.00156535351
154058,154064,157873,6,3809,2,36000,1.00157521659
154131,154138,157947,7,3809,2,36000,1.00183775269
154185,154190,157989,5,3799,2,36000,1.00131613583
154258,154265,158021,7,3756,2,36000,1.00186368477
154369,154375,157814,6,3439,2,36000,1.00174469322
154594,154600,157728,6,3128,2,36000,1.00191815857
154595,154605,158102,10,3497,2,36000,1.00285959394
154606,154612,158383,6,3771,2,36000,1.0015910899
154659,154665,158268,6,3603,2,36000,1.00166527893
154660,154670,157651,10,2981,2,36000,1.003354579
154665,154676,158500,11,3824,2,36000,1.00287656904
154709,154715,158377,6,3662,2,36000,1.00163844894
154927,154933,158733,6,3800,2,36000,1.00157894737
155178,155184,158536,6,3352,2,36000,1.00178997613
155253,155259,158392,6,3133,2,36000,1.00191509735
155270,155276,158774,6,3498,2,36000,1.00171526587
155365,155371,158440,6,3069,2,36000,1.00195503421
155454,155460,158523,6,3063,2,36000,1.00195886386
155471,155477,159031,6,3554,2,36000,1.0016882386
155544,155550,159318,6,3768,2,36000,1.00159235669
155587,155593,159333,6,3740,2,36000,1.00160427807
155640,155646,159396,6,3750,2,36000,1.0016
155889,155895,159619,6,3724,2,36000,1.00161117078
156166,156172,159881,6,3709,2,36000,1.00161768671
156344,156350,160120,6,3770,2,36000,1.00159151194
156445,156451,160188,6,3737,2,36000,1.00160556596
156482,156488,160221,6,3733,2,36000,1.00160728636
156520,156525,160310,5,3785,2,36000,1.00132100396
156822,156828,159665,6,2837,2,36000,1.00211491012
156865,156871,159231,6,2360,2,36000,1.00254237288
156940,156946,159792,6,2846,2,36000,1.00210822207
156977,156983,160308,6,3325,2,36000,1.00180451128
157004,157010,159932,6,2922,2,36000,1.00205338809
157063,157069,160440,6,3371,2,36000,1.00177988727
157137,157143,160906,6,3763,2,36000,1.0015944725
157148,157154,160947,6,3793,2,36000,1.00158186132
157201,157207,160799,6,3592,2,36000,1.00167037862
157661,157668,161298,7,3630,2,36000,1.00192837466
157736,157743,160875,7,3132,2,36000,1.00223499361
157795,157801,161494,6,3693,2,36000,1.00162469537
157822,157828,161072,6,3244,2,36000,1.00184956843
157833,157839,161117,6,3278,2,36000,1.00183038438
157882,157893,160936,11,3043,2,36000,1.00361485376
157882,157888,161336,6,3448,2,36000,1.00174013921
157956,157963,161516,7,3553,2,36000,1.00197016606
157999,158005,161298,6,3293,2,36000,1.00182204677
158027,158033,161812,6,3779,2,36000,1.00158772162
158112,158118,161890,6,3772,2,36000,1.00159066808
158274,158280,161897,6,3617,2,36000,1.00165883329
158384,158391,162129,7,3738,2,36000,1.00187265918
158390,158397,162129,7,3732,2,36000,1.00187566988
158402,158408,162136,6,3728,2,36000,1.00160944206
158450,158456,162216,6,3760,2,36000,1.00159574468
158508,158514,162266,6,3752,2,36000,1.00159914712
158529,158535,162281,6,3746,2,36000,1.00160170849
158546,158552,162282,6,3730,2,36000,1.00160857909
158739,158745,162457,6,3712,2,36000,1.00161637931
158782,158788,162468,6,3680,2,36000,1.00163043478
159037,159052,161770,15,2718,2,36000,1.0055187638
159236,159242,162611,6,3369,2,36000,1.0017809439
159327,159333,162934,6,3601,2,36000,1.00166620383
159344,159350,163061,6,3711,2,36000,1.00161681487
159402,159408,163069,6,3661,2,36000,1.00163889648
159628,159634,163346,6,3712,2,36000,1.00161637931
159676,159682,163360,6,3678,2,36000,1.00163132137
159801,159808,163511,7,3703,2,36000,1.00189035917
159891,159897,162688,6,2791,2,36000,1.00214976711
159939,159945,163215,6,3270,2,36000,1.00183486239
160128,160134,163601,6,3467,2,36000,1.00173060283
160197,160203,163788,6,3585,2,36000,1.00167364017
160229,160235,164011,6,3776,2,36000,1.00158898305
160318,160324,164106,6,3782,2,36000,1.00158646219
160319,160330,164140,11,3810,2,36000,1.00288713911
160450,160457,164258,7,3801,2,36000,1.00184162063
160806,160812,164602,6,3790,2,36000,1.00158311346
160881,160886,164666,5,3780,2,36000,1.00132275132
160912,160918,164689,6,3771,2,36000,1.0015910899
160944,160950,164735,6,3785,2,36000,1.00158520476
160955,160961,164806,6,3845,2,36000,1.00156046814
161077,161083,164907,6,3824,2,36000,1.00156903766
161126,161132,164912,6,3780,2,36000,1.00158730159
161305,161310,163820,5,2510,2,36000,1.00199203187
161305,161316,164158,11,2842,2,36000,1.00387051372
161342,161348,164497,6,3149,2,36000,1.00190536678
161504,161511,164604,7,3093,2,36000,1.00226317491
161526,161532,164763,6,3231,2,36000,1.00185701021
161778,161784,165373,6,3589,2,36000,1.00167177487
161821,161827,165231,6,3404,2,36000,1.0017626322
161895,161901,164195,6,2294,2,36000,1.00261551874
161907,161913,164716,6,2803,2,36000,1.00214056368
162139,162145,165601,6,3456,2,36000,1.00173611111
162139,162150,165353,11,3203,2,36000,1.00343428036
162145,162156,165337,11,3181,2,36000,1.00345803207
162225,162231,165962,6,3731,2,36000,1.00160814795
162273,162279,165988,6,3709,2,36000,1.00161768671
162290,162301,165978,11,3677,2,36000,1.00299156921
162290,162296,165968,6,3672,2,36000,1.00163398693
162463,162470,165367,7,2897,2,36000,1.00241629272
162475,162481,165647,6,3166,2,36000,1.00189513582
162622,162628,165721,6,3093,2,36000,1.00193986421
162696,162702,165258,6,2556,2,36000,1.00234741784
162942,162948,166374,6,3426,2,36000,1.00175131349
163068,163074,166712,6,3638,2,36000,1.00164925783
163079,163085,166732,6,3647,2,36000,1.00164518783
163222,163228,166566,6,3338,2,36000,1.00179748352
163354,163360,167091,6,3731,2,36000,1.00160814795
163366,163371,165966,5,2595,2,36000,1.00192678227
163517,163523,167250,6,3727,2,36000,1.00160987389
163607,163612,167038,5,3426,2,36000,1.0014594279
163796,163802,166769,6,2967,2,36000,1.00202224469
163828,163834,166349,6,2515,2,36000,1.00238568588
164017,164024,167837,7,3813,2,36000,1.00183582481
164113,164119,167467,6,3348,2,36000,1.0017921147
164146,164152,167074,6,2922,2,36000,1.00205338809
164168,164174,167161,6,2987,2,36000,1.00200870439
164205,164211,166474,6,2263,2,36000,1.00265134777
164264,164270,167795,6,3525,2,36000,1.00170212766
164504,164510,167740,6,3230,2,36000,1.00185758514
164612,164618,168283,6,3665,2,36000,1.00163710778
164612,164623,168363,11,3740,2,36000,1.00294117647
164672,164678,168335,6,3657,2,36000,1.00164068909
164700,164706,168466,6,3760,2,36000,1.00159574468
164722,164728,168455,6,3727,2,36000,1.00160987389
164745,164752,167791,7,3039,2,36000,1.00230338927
164772,164779,167424,7,2645,2,36000,1.00264650284
164816,164822,168273,6,3451,2,36000,1.00173862649
164917,164923,167350,6,2427,2,36000,1.00247218789
164923,164929,167542,6,2613,2,36000,1.00229621125
165236,165241,169036,5,3795,2,36000,1.00131752306
165268,165274,169062,6,3788,2,36000,1.00158394931
165344,165350,169071,6,3721,2,36000,1.00161246977
165360,165366,169177,6,3811,2,36000,1.00157438992
165377,165383,169200,6,3817,2,36000,1.00157191512
165383,165389,169018,6,3629,2,36000,1.00165334803
165610,165617,168913,7,3296,2,36000,1.00212378641
165654,165660,168837,6,3177,2,36000,1.00188857413
165729,165735,169032,6,3297,2,36000,1.00181983621
165969,165975,169751,6,3776,2,36000,1.00158898305
165975,165981,169658,6,3677,2,36000,1.00163176503
165975,165986,169714,11,3728,2,36000,1.00295064378
165987,165993,169732,6,3739,2,36000,1.00160470714
165998,166004,169803,6,3799,2,36000,1.00157936299
166356,166362,169834,6,3472,2,36000,1.0017281106
166384,166390,169287,6,2897,2,36000,1.00207110804
166481,166487,170053,6,3566,2,36000,1.00168255749
166577,166583,170299,6,3716,2,36000,1.0016146394
166721,166727,170550,6,3823,2,36000,1.00156944808
166738,166744,170499,6,3755,2,36000,1.00159786951
166776,166782,170536,6,3754,2,36000,1.00159829515
166900,193437,200643,26537,7206,16,7200,4.68262558979
167046,167052,170758,6,3706,2,36000,1.00161899622
167085,167091,170535,6,3444,2,36000,1.00174216028
167101,167108,169490,7,2382,2,36000,1.00293870697
167166,167172,169651,6,2479,2,36000,1.00242033078
167258,167264,171034,6,3770,2,36000,1.00159151194
167359,167365,171128,6,3763,2,36000,1.0015944725
167434,167440,171190,6,3750,2,36000,1.0016
167478,167484,171237,6,3753,2,36000,1.00159872102
167547,167553,171293,6,3740,2,36000,1.00160427807
167751,167757,171442,6,3685,2,36000,1.00162822252
167800,167806,171518,6,3712,2,36000,1.00161637931
167801,167811,171542,10,3731,2,36000,1.00268024658
167845,167851,171436,6,3585,2,36000,1.00167364017
168281,168288,172031,7,3743,2,36000,1.00187015763
168289,168295,171985,6,3690,2,36000,1.00162601626
168341,168346,172048,5,3702,2,36000,1.00135062129
168371,168377,172113,6,3736,2,36000,1.00160599572
168462,168468,172221,6,3753,2,36000,1.00159872102
168474,168480,172209,6,3729,2,36000,1.00160901046
168536,200661,200665,32125,4,4,129600,3212.9
168536,200676,214862,32140,14186,4,129600,3.26561398562
168537,209756,209760,41219,4,4,129600,4122.3
168537,209777,214862,41240,5085,4,129600,9.11012782694
168537,209783,214862,41246,5079,4,129600,9.12088993896
168537,209767,214862,41230,5095,4,129600,9.09224730128
168537,209772,214862,41235,5090,4,129600,9.10117878193
168847,168853,172318,6,3465,2,36000,1.00173160173
168924,168930,171737,6,2807,2,36000,1.00213751336
169024,169030,172572,6,3542,2,36000,1.00169395822
169040,169046,172640,6,3594,2,36000,1.00166944908
169043,169053,172597,10,3544,2,36000,1.00282167043
169074,169080,172362,6,3282,2,36000,1.00182815356
169077,169086,172541,9,3455,2,36000,1.00260492041
169184,169190,172763,6,3573,2,36000,1.00167926113
169207,169214,172943,7,3729,2,36000,1.00187717887
169297,169303,172841,6,3538,2,36000,1.00169587337
169298,169309,169311,11,2,2,300,1.3
169500,169506,173074,6,3568,2,36000,1.00168161435
169660,169666,173426,6,3760,2,36000,1.00159574468
169666,169672,173383,6,3711,2,36000,1.00161681487
169723,169729,173420,6,3691,2,36000,1.00162557572
169742,169748,173477,6,3729,2,36000,1.00160901046
169759,169765,173524,6,3759,2,36000,1.00159616919
169812,169818,173522,6,3704,2,36000,1.00161987041
169839,169845,173469,6,3624,2,36000,1.00165562914
170059,170065,173649,6,3584,2,36000,1.00167410714
170307,170313,173828,6,3515,2,36000,1.00170697013
170506,170512,174055,6,3543,2,36000,1.0016934801
170544,170549,174208,5,3659,2,36000,1.00136649358
170544,170554,174254,10,3700,2,36000,1.0027027027
170555,170561,174261,6,3700,2,36000,1.00162162162
170765,170771,174385,6,3614,2,36000,1.00166021029
171039,171045,174597,6,3552,2,36000,1.00168918919
171134,171141,174760,7,3619,2,36000,1.00193423598
171199,171206,174965,7,3759,2,36000,1.00186219739
171243,171248,175041,5,3793,2,36000,1.00131821777
171301,171307,174840,6,3533,2,36000,1.00169827342
171444,171450,175251,6,3801,2,36000,1.00157853197
171450,171456,175259,6,3803,2,36000,1.00157770181
171524,171530,175309,6,3779,2,36000,1.00158772162
171551,171558,175368,7,3810,2,36000,1.00183727034
171744,171750,175548,6,3798,2,36000,1.00157977883
171993,171999,175774,6,3775,2,36000,1.00158940397
172041,172047,175860,6,3813,2,36000,1.00157356412
172058,172064,175821,6,3757,2,36000,1.0015970189
172121,172127,175900,6,3773,2,36000,1.00159024649
172217,172223,175120,6,2897,2,36000,1.00207110804
172228,172234,175084,6,2850,2,36000,1.00210526316
172328,172335,175119,7,2784,2,36000,1.00251436782
172371,172377,175097,6,2720,2,36000,1.00220588235
172550,172556,175317,6,2761,2,36000,1.00217312568
172583,172589,176362,6,3773,2,36000,1.00159024649
172605,172611,176203,6,3592,2,36000,1.00167037862
172648,172654,176370,6,3716,2,36000,1.0016146394
172773,172780,175426,7,2646,2,36000,1.00264550265
172848,172854,176571,6,3717,2,36000,1.001614205
172953,172959,176630,6,3671,2,36000,1.00163443203
173084,173090,176867,6,3777,2,36000,1.00158856235
173392,173398,176524,6,3126,2,36000,1.0019193858
173430,173436,176212,6,2776,2,36000,1.00216138329
173436,173442,176437,6,2995,2,36000,1.0020033389
173479,173485,176361,6,2876,2,36000,1.00208623088
173485,173490,176568,5,3078,2,36000,1.00162443145
173528,173534,175832,6,2298,2,36000,1.00261096606
173534,173540,175483,6,1943,2,36000,1.00308800823
173656,173662,176279,6,2617,2,36000,1.00229270157
173834,173841,177108,7,3267,2,36000,1.00214263851
174060,174066,177651,6,3585,2,36000,1.00167364017
174218,174225,176913,7,2688,2,36000,1.00260416667
174261,174267,177053,6,2786,2,36000,1.00215362527
174267,174272,176736,5,2464,2,36000,1.00202922078
174393,174400,177512,7,3112,2,36000,1.00224935733
174604,174610,177188,6,2578,2,36000,1.00232738557
174767,174774,178577,7,3803,2,36000,1.00184065212
174847,174853,177055,6,2202,2,36000,1.00272479564
174976,174982,178266,6,3284,2,36000,1.00182704019
175051,175057,178767,6,3710,2,36000,1.00161725067
175093,175099,178769,6,3670,2,36000,1.00163487738
175105,175111,178821,6,3710,2,36000,1.00161725067
175127,175133,178812,6,3679,2,36000,1.00163087796
175128,175138,178806,10,3668,2,36000,1.00272628135
175261,175267,178590,6,3323,2,36000,1.00180559735
175267,175273,178314,6,3041,2,36000,1.00197303519
175315,175321,178337,6,3016,2,36000,1.00198938992
175326,175333,178645,7,3312,2,36000,1.00211352657
175374,175380,178843,6,3463,2,36000,1.00173260179
175433,175439,179136,6,3697,2,36000,1.00162293752
175491,175498,178403,7,2905,2,36000,1.00240963855
175556,175562,179174,6,3612,2,36000,1.00166112957
175783,175789,179560,6,3771,2,36000,1.0015910899
175827,175832,179617,5,3785,2,36000,1.00132100396
175838,175844,179646,6,3802,2,36000,1.00157811678
175870,175876,179650,6,3774,2,36000,1.00158982512
175908,175914,179696,6,3782,2,36000,1.00158646219
176213,176220,178924,7,2704,2,36000,1.0025887574
176219,176226,179891,7,3665,2,36000,1.00190995907
176288,176294,179405,6,3111,2,36000,1.00192864031
176368,176374,180017,6,3643,2,36000,1.00164699424
176369,176379,179499,10,3120,2,36000,1.00320512821
176380,176386,179955,6,3569,2,36000,1.00168114318
176443,176450,180065,7,3615,2,36000,1.00193637621
176529,176535,180308,6,3773,2,36000,1.00159024649
176578,176584,179734,6,3150,2,36000,1.0019047619
176579,176589,179913,10,3324,2,36000,1.00300842359
176638,176644,180113,6,3469,2,36000,1.00172960507
176743,176749,180581,6,3832,2,36000,1.001565762
176876,176883,180680,7,3797,2,36000,1.00184356071
176919,176925,180649,6,3724,2,36000,1.00161117078
177062,177068,179260,6,2192,2,36000,1.00273722628
177062,177073,179456,11,2383,2,36000,1.00461603021
177117,177123,180939,6,3816,2,36000,1.00157232704
177196,177202,180992,6,3790,2,36000,1.00158311346
177520,177526,181241,6,3715,2,36000,1.00161507402
177658,177664,181042,6,3378,2,36000,1.00177619893
178274,178280,182011,6,3731,2,36000,1.00160814795
178323,178329,182067,6,3738,2,36000,1.00160513644
178345,178351,182032,6,3681,2,36000,1.00162999185
178409,178414,181273,5,2859,2,36000,1.00174886324
178584,178590,181637,6,3047,2,36000,1.00196914998
178596,178602,182361,6,3759,2,36000,1.00159616919
178656,178662,181900,6,3238,2,36000,1.00185299568
178773,178779,182426,6,3647,2,36000,1.00164518783
178779,178784,182467,5,3683,2,36000,1.00135758892
178812,178818,182534,6,3716,2,36000,1.0016146394
178818,178823,182545,5,3722,2,36000,1.00134336378
178829,178836,182569,7,3733,2,36000,1.00187516743
178852,178858,182597,6,3739,2,36000,1.00160470714
178932,178938,182670,6,3732,2,36000,1.00160771704
179029,179035,179039,6,4,2,300,1.0
179050,179056,179084,6,28,2,300,1.21428571429
179092,179098,179149,6,51,2,300,1.11764705882
179144,179150,182881,6,3731,2,36000,1.00160814795
179157,179163,179428,6,265,2,300,1.02264150943
179182,179188,182810,6,3622,2,36000,1.00165654335
179267,179274,182574,7,3300,2,36000,1.00212121212
179411,179417,183001,6,3584,2,36000,1.00167410714
179436,179442,179456,6,14,2,300,1.42857142857
179466,179472,182895,6,3423,2,36000,1.00175284838
179467,179478,179513,11,35,2,300,1.31428571429
179509,179515,183267,6,3752,2,36000,1.00159914712
179521,179527,179566,6,39,2,360,1.15384615385
179569,179575,183267,6,3692,2,36000,1.00162513543
179574,179581,179890,7,309,2,300,1.02265372168
179623,179629,183317,6,3688,2,36000,1.00162689805
179656,179662,183320,6,3658,2,36000,1.00164024057
179657,179667,183353,10,3686,2,36000,1.00271296799
179705,179711,183317,6,3606,2,36000,1.00166389351
179743,179749,183483,6,3734,2,36000,1.00160685592
179899,179905,183617,6,3712,2,36000,1.00161637931
179905,179911,180266,6,355,2,360,1.01690140845
179920,179926,183646,6,3720,2,36000,1.00161290323
179965,179971,183676,6,3705,2,36000,1.0016194332
180024,180030,183753,6,3723,2,36000,1.00161160355
180072,180078,183816,6,3738,2,36000,1.00160513644
180121,180127,183607,6,3480,2,36000,1.00172413793
180280,180286,180538,6,252,2,360,1.02380952381
180316,180322,183650,6,3328,2,36000,1.00180288462
180589,180595,183621,6,3026,2,36000,1.0019828156
180660,180666,184364,6,3698,2,36000,1.00162249865
180687,180693,184360,6,3667,2,36000,1.00163621489
180945,180951,184677,6,3726,2,36000,1.00161030596
180999,181006,184599,7,3593,2,36000,1.00194823267
181048,181054,184677,6,3623,2,36000,1.00165608612
181246,181252,184087,6,2835,2,36000,1.00211640212
181279,181285,184248,6,2963,2,36000,1.00202497469
181645,181651,185436,6,3785,2,36000,1.00158520476
181910,181916,185721,6,3805,2,36000,1.00157687254
182017,182023,185831,6,3808,2,36000,1.00157563025
182039,182045,185829,6,3784,2,36000,1.00158562368
182077,182083,185876,6,3793,2,36000,1.00158186132
182366,182372,186177,6,3805,2,36000,1.00157687254
182432,182438,185316,6,2878,2,36000,1.0020847811
182475,182481,185293,6,2812,2,36000,1.00213371266
182540,182546,185387,6,2841,2,36000,1.00211193242
182551,182557,185411,6,2854,2,36000,1.00210231254
182578,182584,184901,6,2317,2,36000,1.00258955546
182584,182590,184327,6,1737,2,36000,1.00345423143
182606,182613,185593,7,2980,2,36000,1.00234899329
182675,182681,186355,6,3674,2,36000,1.00163309744
182819,182825,186387,6,3562,2,36000,1.00168444694
182888,182894,186479,6,3585,2,36000,1.00167364017
182906,182912,186488,6,3576,2,36000,1.00167785235
183007,183013,186744,6,3731,2,36000,1.00160814795
183273,183279,187062,6,3783,2,36000,1.00158604282
183274,183285,187048,11,3763,2,36000,1.00292319957
183323,183329,187063,6,3734,2,36000,1.00160685592
183324,183335,187063,11,3728,2,36000,1.00295064378
183329,183340,186967,11,3627,2,36000,1.00303280948
183362,183368,187002,6,3634,2,36000,1.0016510732
183490,183496,186427,6,2931,2,36000,1.00204708291
183614,183619,186685,5,3066,2,36000,1.0016307893
183625,183631,186075,6,2444,2,36000,1.00245499182
183631,183637,186667,6,3030,2,36000,1.00198019802
183653,183659,186155,6,2496,2,36000,1.00240384615
183659,183665,185950,6,2285,2,36000,1.00262582057
183686,183692,186250,6,2558,2,36000,1.00234558249
183762,183768,186592,6,2824,2,36000,1.00212464589
183826,183832,186615,6,2783,2,36000,1.00215594682
184094,184100,186286,6,2186,2,36000,1.00274473925
184253,184259,187682,6,3423,2,36000,1.00175284838
184334,184340,187120,6,2780,2,36000,1.00215827338
184367,184373,187739,6,3366,2,36000,1.00178253119
184373,184379,188077,6,3698,2,36000,1.00162249865
184606,184612,187570,6,2958,2,36000,1.00202839757
184686,184697,186837,11,2140,2,36000,1.00514018692
184686,184692,187947,6,3255,2,36000,1.00184331797
184908,184914,188390,6,3476,2,36000,1.00172612198
185299,185304,188594,5,3290,2,36000,1.00151975684
185326,185333,188658,7,3325,2,36000,1.00210526316
185397,185403,189211,6,3808,2,36000,1.00157563025
185419,185425,189203,6,3778,2,36000,1.00158814187
185447,185453,188879,6,3426,2,36000,1.00175131349
185604,185610,187823,6,2213,2,36000,1.00271125169
185727,185733,189509,6,3776,2,36000,1.00158898305
185835,185841,189607,6,3766,2,36000,1.00159320234
185841,185847,189606,6,3759,2,36000,1.00159616919
185884,185890,189634,6,3744,2,36000,1.0016025641
185961,185967,189770,6,3803,2,36000,1.00157770181
186081,186087,189855,6,3768,2,36000,1.00159235669
186166,186172,189732,6,3560,2,36000,1.00168539326
186184,186190,189740,6,3550,2,36000,1.00169014085
186257,186263,189759,6,3496,2,36000,1.00171624714
186291,186297,189467,6,3170,2,36000,1.00189274448
186363,186369,190068,6,3699,2,36000,1.00162206002
186396,186403,188898,7,2495,2,36000,1.00280561122
186435,186442,190065,7,3623,2,36000,1.00193210047
186485,186492,189785,7,3293,2,36000,1.00212572123
186497,186503,190248,6,3745,2,36000,1.00160213618
186601,186607,190347,6,3740,2,36000,1.00160427807
186624,186630,190371,6,3741,2,36000,1.00160384924
186673,186679,190506,6,3827,2,36000,1.00156780768
186690,186696,190500,6,3804,2,36000,1.00157728707
186755,186761,190549,6,3788,2,36000,1.00158394931
186844,186850,190683,6,3833,2,36000,1.00156535351
186976,186982,190125,6,3143,2,36000,1.00190900414
187011,187017,189952,6,2935,2,36000,1.00204429302
187055,187061,190799,6,3738,2,36000,1.00160513644
187072,187078,190711,6,3633,2,36000,1.00165152766
187073,187084,190917,11,3833,2,36000,1.00286981477
187074,187090,190902,16,3812,2,36000,1.00419727177
187128,187134,190544,6,3410,2,36000,1.00175953079
187579,187586,191334,7,3748,2,36000,1.00186766275
187688,187694,191380,6,3686,2,36000,1.00162778079
187748,187755,191491,7,3736,2,36000,1.00187366167
187829,187835,191552,6,3717,2,36000,1.001614205
187957,187963,191737,6,3774,2,36000,1.00158982512
188085,188091,191915,6,3824,2,36000,1.00156903766
188396,188402,190713,6,2311,2,36000,1.00259627867
188603,188609,192379,6,3770,2,36000,1.00159151194
188668,188674,192390,6,3716,2,36000,1.0016146394
188891,188897,192628,6,3731,2,36000,1.00160814795
188904,188910,192600,6,3690,2,36000,1.00162601626
189214,189220,192584,6,3364,2,36000,1.00178359096
189220,189226,192761,6,3535,2,36000,1.00169731259
189474,189480,193122,6,3642,2,36000,1.00164744646
189520,189526,193244,6,3718,2,36000,1.00161377084
189614,189620,193373,6,3753,2,36000,1.00159872102
189615,189625,193380,10,3755,2,36000,1.00266311585
189641,189648,193355,7,3707,2,36000,1.0018883194
189741,189747,193461,6,3714,2,36000,1.00161550889
189748,189754,193547,6,3793,2,36000,1.00158186132
189771,189777,193529,6,3752,2,36000,1.00159914712
189779,189785,193498,6,3713,2,36000,1.00161594398
189796,189802,193536,6,3734,2,36000,1.00160685592
189861,189867,193584,6,3717,2,36000,1.001614205
189960,189966,193717,6,3751,2,36000,1.00159957345
190074,190080,193550,6,3470,2,36000,1.00172910663
190075,190086,193702,11,3616,2,36000,1.0030420354
190135,190141,193450,6,3309,2,36000,1.00181323663
190254,190260,193150,6,2890,2,36000,1.00207612457
190353,190360,193199,7,2839,2,36000,1.00246565692
190381,190387,193615,6,3228,2,36000,1.00185873606
190506,190512,194165,6,3653,2,36000,1.00164248563
190512,190518,193655,6,3137,2,36000,1.0019126554
190551,190557,194129,6,3572,2,36000,1.00167973124
190557,190563,193933,6,3370,2,36000,1.00178041543
190690,190696,194352,6,3656,2,36000,1.00164113786
190721,190728,194322,7,3594,2,36000,1.0019476906
190724,190734,194353,10,3619,2,36000,1.00276319425
190809,190815,194280,6,3465,2,36000,1.00173160173
190910,190916,194573,6,3657,2,36000,1.00164068909
190927,190933,194587,6,3654,2,36000,1.00164203612
191343,191349,194758,6,3409,2,36000,1.00176004693
191387,191393,195173,6,3780,2,36000,1.00158730159
191531,191537,195373,6,3836,2,36000,1.0015641293
191558,191565,195380,7,3815,2,36000,1.00183486239
191745,191751,195504,6,3753,2,36000,1.00159872102
191924,191930,195714,6,3784,2,36000,1.00158562368
192385,192390,195606,5,3216,2,36000,1.00155472637
192396,192402,195550,6,3148,2,36000,1.00190597205
192594,192600,195767,6,3167,2,36000,1.00189453742
192610,192617,194617,7,2000,2,36000,1.0035
192633,192639,196411,6,3772,2,36000,1.00159066808
192771,192778,196360,7,3582,2,36000,1.00195421552
193132,193138,196880,6,3742,2,36000,1.00160342063
193160,193166,196864,6,3698,2,36000,1.00162249865
193208,193214,196698,6,3484,2,36000,1.00172215844
193252,193258,196695,6,3437,2,36000,1.00174570847
193365,193371,196051,6,2680,2,36000,1.00223880597
193382,193389,196361,7,2972,2,36000,1.00235531629
193388,193395,196318,7,2923,2,36000,1.00239479986
193458,193465,196460,7,2995,2,36000,1.00233722871
193470,193476,195675,6,2199,2,36000,1.00272851296
193508,193514,195877,6,2363,2,36000,1.00253914515
193535,193541,196558,6,3017,2,36000,1.00198873053
193547,193553,196286,6,2733,2,36000,1.00219538968
193553,193559,196191,6,2632,2,36000,1.00227963526
193559,193565,196850,6,3285,2,36000,1.00182648402
193591,193598,197387,7,3789,2,36000,1.00184745315
193624,193631,197044,7,3413,2,36000,1.00205098154
193663,193669,195729,6,2060,2,36000,1.00291262136
193711,193717,196754,6,3037,2,36000,1.00197563385
193728,193734,197273,6,3539,2,36000,1.00169539418
193942,193948,197368,6,3420,2,36000,1.00175438596
194138,194144,197739,6,3595,2,36000,1.0016689847
194171,194176,197659,5,3483,2,36000,1.00143554407
194288,194294,197652,6,3358,2,36000,1.00178677784
194331,194337,197624,6,3287,2,36000,1.00182537268
194358,194364,197277,6,2913,2,36000,1.00205973223
194359,194370,197506,11,3136,2,36000,1.00350765306
194582,194588,198406,6,3818,2,36000,1.0015715034
194594,194600,198396,6,3796,2,36000,1.00158061117
194626,194632,198152,6,3520,2,36000,1.00170454545
194769,194775,197801,6,3026,2,36000,1.0019828156
195180,195185,198799,5,3614,2,36000,1.00138350858
195383,195389,198919,6,3530,2,36000,1.00169971671
195389,195395,199107,6,3712,2,36000,1.00161637931
195515,195521,199295,6,3774,2,36000,1.00158982512
195559,195565,199319,6,3754,2,36000,1.00159829515
195613,195620,199232,7,3612,2,36000,1.0019379845
195684,195690,198822,6,3132,2,36000,1.00191570881
195722,195729,199504,7,3775,2,36000,1.00185430464
195740,195746,199543,6,3797,2,36000,1.00158019489
195775,195781,199458,6,3677,2,36000,1.00163176503
195887,195893,199299,6,3406,2,36000,1.00176159718
196057,196062,199330,5,3268,2,36000,1.00152998776
196197,196202,199971,5,3769,2,36000,1.00132661183
196294,196300,200118,6,3818,2,36000,1.0015715034
196327,196333,200129,6,3796,2,36000,1.00158061117
196366,196371,200161,5,3790,2,36000,1.00131926121
196371,196377,200049,6,3672,2,36000,1.00163398693
196421,196427,200221,6,3794,2,36000,1.00158144439
196469,196475,199913,6,3438,2,36000,1.0017452007
196567,196573,199637,6,3064,2,36000,1.00195822454
196706,196712,200484,6,3772,2,36000,1.00159066808
196707,196718,200278,11,3560,2,36000,1.00308988764
196761,196767,200534,6,3767,2,36000,1.0015927794
196858,196864,200643,6,3779,2,36000,1.00158772162
196870,196876,200630,6,3754,2,36000,1.00159829515
196886,196893,200669,7,3776,2,36000,1.00185381356
197051,197057,200728,6,3671,2,36000,1.00163443203
197281,197287,200975,6,3688,2,36000,1.00162689805
197287,197293,201034,6,3741,2,36000,1.00160384924
197374,197380,201154,6,3774,2,36000,1.00158982512
197396,197402,201144,6,3742,2,36000,1.00160342063
197514,197520,201262,6,3742,2,36000,1.00160342063
197633,197639,201406,6,3767,2,36000,1.0015927794
197660,197666,201448,6,3782,2,36000,1.00158646219
197666,197672,201430,6,3758,2,36000,1.00159659393
197746,197752,201485,6,3733,2,36000,1.00160728636
197811,197817,200568,6,2751,2,36000,1.00218102508
198163,198169,201883,6,3714,2,36000,1.00161550889
198404,198410,202155,6,3745,2,36000,1.00160213618
198416,198422,202164,6,3742,2,36000,1.00160342063
198807,198814,202420,7,3606,2,36000,1.0019412091
198829,198836,202591,7,3755,2,36000,1.00186418109
198925,198931,202566,6,3635,2,36000,1.00165061898
199117,199123,202863,6,3740,2,36000,1.00160427807
199243,199249,202984,6,3735,2,36000,1.0016064257
199302,199308,203062,6,3754,2,36000,1.00159829515
199308,199314,203072,6,3758,2,36000,1.00159659393
199325,199331,203018,6,3687,2,36000,1.0016273393
199337,199343,203032,6,3689,2,36000,1.00162645703
199465,199471,202693,6,3222,2,36000,1.00186219739
199514,199520,202807,6,3287,2,36000,1.00182537268
199553,199559,202353,6,2794,2,36000,1.00214745884
199645,199651,203274,6,3623,2,36000,1.00165608612
199920,199926,203501,6,3575,2,36000,1.00167832168
199980,199986,203594,6,3608,2,36000,1.00166297118
200055,200061,203644,6,3583,2,36000,1.00167457438
200125,200131,203659,6,3528,2,36000,1.00170068027
200136,200143,203667,7,3524,2,36000,1.00198637911
200169,200175,203140,6,2965,2,36000,1.00202360877
200229,200235,203440,6,3205,2,36000,1.00187207488
200289,200295,203259,6,2964,2,36000,1.0020242915
200494,200500,203201,6,2701,2,36000,1.00222139948
200542,200548,203447,6,2899,2,36000,1.0020696792
200575,200582,204405,7,3823,2,36000,1.00183102276
200640,200646,204435,6,3789,2,36000,1.00158353127
200651,200667,204450,16,3783,2,36000,1.00422944753
200678,200684,204508,6,3824,2,36000,1.00156903766
200738,200744,204526,6,3782,2,36000,1.00158646219
200983,200989,204767,6,3778,2,36000,1.00158814187
201043,201049,204843,6,3794,2,36000,1.00158144439
201151,201157,204983,6,3826,2,36000,1.00156821746
201162,201169,204949,7,3780,2,36000,1.00185185185
201269,201275,205015,6,3740,2,36000,1.00160427807
201413,201420,205211,7,3791,2,36000,1.0018464785
201436,201442,204367,6,2925,2,36000,1.00205128205
201458,201465,204275,7,2810,2,36000,1.0024911032
201491,201497,204275,6,2778,2,36000,1.00215982721
201890,201896,205431,6,3535,2,36000,1.00169731259
202165,202171,205677,6,3506,2,36000,1.00171135197
202171,202177,205452,6,3275,2,36000,1.00183206107
202362,202368,205977,6,3609,2,36000,1.00166251039
202426,202432,205102,6,2670,2,36000,1.00224719101
202576,202582,205157,6,2575,2,36000,1.00233009709
202598,202604,205043,6,2439,2,36000,1.0024600246
202700,202706,205684,6,2978,2,36000,1.00201477502
202813,202819,206471,6,3652,2,36000,1.00164293538
202874,202880,206640,6,3760,2,36000,1.00159574468
202993,202999,206431,6,3432,2,36000,1.00174825175
203026,203032,205347,6,2315,2,36000,1.00259179266
203038,203044,206153,6,3109,2,36000,1.00192988099
203071,203077,206551,6,3474,2,36000,1.00172711572
203082,203089,205416,7,2327,2,36000,1.00300816502
203149,203155,206573,6,3418,2,36000,1.00175541252
203206,203212,206898,6,3686,2,36000,1.00162778079
203266,203273,206543,7,3270,2,36000,1.00214067278
203280,203286,206610,6,3324,2,36000,1.00180505415
203447,203454,205884,7,2430,2,36000,1.00288065844
203453,203460,206902,7,3442,2,36000,1.00203370134
203509,203515,207269,6,3754,2,36000,1.00159829515
203603,203609,207396,6,3787,2,36000,1.00158436757
203654,203660,206812,6,3152,2,36000,1.0019035533
203665,203671,206477,6,2806,2,36000,1.00213827512
203677,203683,206527,6,2844,2,36000,1.00210970464
204282,204288,207912,6,3624,2,36000,1.00165562914
204283,204294,207121,11,2827,2,36000,1.00389105058
204374,204381,207041,7,2660,2,36000,1.00263157895
204414,204421,207486,7,3065,2,36000,1.00228384992
204444,204450,207198,6,2748,2,36000,1.00218340611
204455,204461,208148,6,3687,2,36000,1.0016273393
204517,204523,208175,6,3652,2,36000,1.00164293538
204534,204540,208344,6,3804,2,36000,1.00157728707
204773,204780,208402,7,3622,2,36000,1.0019326339
204853,204859,208169,6,3310,2,36000,1.00181268882
204958,204964,208331,6,3367,2,36000,1.00178200178
204992,204999,207604,7,2605,2,36000,1.00268714012
205022,205028,208695,6,3667,2,36000,1.00163621489
205051,205058,208851,7,3793,2,36000,1.00184550488
205109,205115,208139,6,3024,2,36000,1.00198412698
205165,205171,208592,6,3421,2,36000,1.00175387314
205217,205223,209050,6,3827,2,36000,1.00156780768
205354,205360,209126,6,3766,2,36000,1.00159320234
205422,205427,208714,5,3287,2,36000,1.0015211439
205440,205446,208966,6,3520,2,36000,1.00170454545
205458,205464,208545,6,3081,2,36000,1.00194741967
205685,205691,209439,6,3748,2,36000,1.00160085379
205691,205697,209412,6,3715,2,36000,1.00161507402
205890,205896,209697,6,3801,2,36000,1.00157853197
205983,205988,209620,5,3632,2,36000,1.00137665198
206163,206169,209518,6,3349,2,36000,1.00179157958
206438,206444,210231,6,3787,2,36000,1.00158436757
206481,206487,210205,6,3718,2,36000,1.00161377084
206488,206493,210000,5,3507,2,36000,1.00142571999
206536,206542,210320,6,3778,2,36000,1.00158814187
206550,206556,210332,6,3776,2,36000,1.00158898305
206557,206563,210326,6,3763,2,36000,1.0015944725
206583,206589,210382,6,3793,2,36000,1.00158186132
206620,206626,210362,6,3736,2,36000,1.00160599572
206651,206657,210377,6,3720,2,36000,1.00161290323
206822,206829,209270,7,2441,2,36000,1.00286767718
206907,206913,210100,6,3187,2,36000,1.00188264826
206908,206919,210042,11,3123,2,36000,1.00352225424
207051,207057,210597,6,3540,2,36000,1.00169491525
207132,207138,210850,6,3712,2,36000,1.00161637931
207206,207212,210929,6,3717,2,36000,1.001614205
207279,207285,210997,6,3712,2,36000,1.00161637931
207407,207413,211157,6,3744,2,36000,1.0016025641
207494,207500,211213,6,3713,2,36000,1.00161594398
207610,207616,210887,6,3271,2,36000,1.00183430144
207922,207928,211500,6,3572,2,36000,1.00167973124
208145,208150,211837,5,3687,2,36000,1.00135611608
208158,208164,211912,6,3748,2,36000,1.00160085379
208177,208183,211887,6,3704,2,36000,1.00161987041
208184,208190,211908,6,3718,2,36000,1.00161377084
208339,208345,210926,6,2581,2,36000,1.00232468036
208352,208358,211152,6,2794,2,36000,1.00214745884
208408,208414,211044,6,2630,2,36000,1.00228136882
208556,208562,211411,6,2849,2,36000,1.00210600211
208600,208606,211492,6,2886,2,36000,1.00207900208
208629,209761,214870,1132,5109,4,129600,1.22156977882
208704,208711,212073,7,3362,2,36000,1.00208209399
208722,208728,212062,6,3334,2,36000,1.00179964007
208860,208866,212458,6,3592,2,36000,1.00167037862
208863,208872,216196,9,7324,1,7200,1.0012288367
208973,208979,212723,6,3744,2,36000,1.0016025641
209065,209071,212197,6,3126,2,36000,1.0019193858
209136,209142,212099,6,2957,2,36000,1.00202908353
209277,209283,212119,6,2836,2,36000,1.00211565585
209423,209429,212077,6,2648,2,36000,1.00226586103
209448,209455,213022,7,3567,2,36000,1.00196243342
209526,209532,213028,6,3496,2,36000,1.00171624714
209632,209638,213443,6,3805,2,36000,1.00157687254
209703,209709,213497,6,3788,2,36000,1.00158394931
210009,210016,213802,7,3786,2,36000,1.00184891706
210049,210054,213850,5,3796,2,36000,1.00131717597
210110,210116,213861,6,3745,2,36000,1.00160213618
210214,210220,214050,6,3830,2,36000,1.00156657963
210242,210248,214086,6,3838,2,36000,1.00156331423
210329,210335,214099,6,3764,2,36000,1.00159404888
210337,210343,213030,6,2687,2,36000,1.00223297358
210338,210349,213106,11,2757,2,36000,1.00398984403
210372,210378,213477,6,3099,2,36000,1.00193610842
210389,210395,213175,6,2780,2,36000,1.00215827338
210390,210401,212759,11,2358,2,36000,1.00466497031
210621,210627,214335,6,3708,2,36000,1.00161812298
210861,210867,214544,6,3677,2,36000,1.00163176503
210899,210906,214239,7,3333,2,36000,1.00210021002
210940,210946,213763,6,2817,2,36000,1.00212992545
210944,210952,213857,8,2905,2,36000,1.00275387263
211006,211012,214726,6,3714,2,36000,1.00161550889
211050,211055,214795,5,3740,2,36000,1.0013368984
211160,211166,214771,6,3605,2,36000,1.00166435506
211168,211174,214817,6,3643,2,36000,1.00164699424
211227,211233,214480,6,3247,2,36000,1.00184785956
211418,211424,215015,6,3591,2,36000,1.00167084378
211499,211506,213747,7,2241,2,36000,1.00312360553
211506,211512,214336,6,2824,2,36000,1.00212464589
211844,211850,215199,6,3349,2,36000,1.00179157958
211896,211902,215094,6,3192,2,36000,1.00187969925
211915,211921,215497,6,3576,2,36000,1.00167785235
211921,211927,215616,6,3689,2,36000,1.00162645703
212073,212079,215404,6,3325,2,36000,1.00180451128
212080,212086,215296,6,3210,2,36000,1.00186915888
212087,212092,215264,5,3172,2,36000,1.00157629256
212105,212111,215414,6,3303,2,36000,1.00181653043
212128,212135,215775,7,3640,2,36000,1.00192307692
212205,212211,215184,6,2973,2,36000,1.00201816347
212210,212222,255452,12,43230,4,43200,1.00027758501
212210,212217,255449,7,43232,4,43200,1.0001619171
212210,212227,255453,17,43226,4,43200,1.00039328182
212210,212232,255475,22,43243,4,43200,1.00050875286
212211,212242,255468,31,43226,4,43200,1.00071716097
212211,212268,240996,57,28728,4,43200,1.00198412698
212211,212274,244408,63,32134,4,43200,1.00196054024
212211,212247,255489,36,43242,4,43200,1.00083252394
212211,212252,255489,41,43237,4,43200,1.00094826191
212211,212258,255490,47,43232,4,43200,1.00108715766
212211,212237,255492,26,43255,4,43200,1.00060108658
212211,212263,255472,52,43209,4,43200,1.00120345298
212212,212310,248523,98,36213,4,43200,1.00270621048
212212,212299,255531,87,43232,4,43200,1.00201239822
212212,212284,255527,72,43243,4,43200,1.00166500937
212212,212294,255518,82,43224,4,43200,1.00189709421
212212,212289,255515,77,43226,4,43200,1.00178133531
212212,212279,255535,67,43256,4,43200,1.00154891807
212212,212304,255538,92,43234,4,43200,1.00212795485
212213,212320,250719,107,38399,4,43200,1.0027865309
212213,212315,252369,102,40054,4,43200,1.00254656214
212467,212473,215691,6,3218,2,36000,1.00186451212
212736,212742,215563,6,2821,2,36000,1.00212690535
212769,212775,215779,6,3004,2,36000,1.00199733688
213033,213039,216822,6,3783,2,36000,1.00158604282
213034,213045,216786,11,3741,2,36000,1.00294039027
213041,213051,216529,10,3478,2,36000,1.00287521564
213116,213122,216832,6,3710,2,36000,1.00161725067
213185,213191,216759,6,3568,2,36000,1.00168161435
213449,213455,216038,6,2583,2,36000,1.00232288037
213485,213491,215767,6,2276,2,36000,1.00263620387
213504,213510,217163,6,3653,2,36000,1.00164248563
213754,213761,216582,7,2821,2,36000,1.00248138958
213774,213780,217300,6,3520,2,36000,1.00170454545
213781,213787,373684,6,159897,12,345600,1.00003752416
213810,213816,217487,6,3671,2,36000,1.00163443203
213856,213861,217696,5,3835,2,36000,1.00130378096
213869,213875,217628,6,3753,2,36000,1.00159872102
213870,213880,217426,10,3546,2,36000,1.00282007896
214062,214068,216932,6,2864,2,36000,1.00209497207
214091,214097,217272,6,3175,2,36000,1.00188976378
214105,214110,217539,5,3429,2,36000,1.00145815106
214248,214254,218055,6,3801,2,36000,1.00157853197
214344,214350,218162,6,3812,2,36000,1.00157397692
214345,214356,218154,11,3798,2,36000,1.00289626119
214488,214494,217695,6,3201,2,36000,1.00187441425
214555,214562,216870,7,2308,2,36000,1.00303292894
214732,214737,218399,5,3662,2,36000,1.00136537411
214779,214785,218549,6,3764,2,36000,1.00159404888
214805,214811,218550,6,3739,2,36000,1.00160470714
214823,214830,218540,7,3710,2,36000,1.00188679245
214838,214849,217500,11,2651,4,129600,1.00414937759
214838,214844,217528,6,2684,4,129600,1.00223546945
214838,214854,214857,16,3,4,129600,1.9
214839,214877,217652,38,2775,4,129600,1.01369369369
214839,214860,217575,21,2715,4,129600,1.00773480663
214839,214871,217652,32,2781,4,129600,1.01150665228
214839,214865,217652,26,2787,4,129600,1.00932902763
215025,215031,218824,6,3793,2,36000,1.00158186132
215101,215107,218626,6,3519,2,36000,1.00170502984
215192,215198,218534,6,3336,2,36000,1.00179856115
215209,215215,218613,6,3398,2,36000,1.00176574456
215274,215280,219025,6,3745,2,36000,1.00160213618
215303,215310,219072,7,3762,2,36000,1.00186071239
215410,215416,219159,6,3743,2,36000,1.00160299225
215421,215427,219179,6,3752,2,36000,1.00159914712
215507,215513,219295,6,3782,2,36000,1.00158646219
215569,215575,219303,6,3728,2,36000,1.00160944206
215625,215631,219377,6,3746,2,36000,1.00160170849
215697,215703,218349,6,2646,2,36000,1.0022675737
215774,215780,218079,6,2299,2,36000,1.00260983036
215786,215792,218654,6,2862,2,36000,1.00209643606
215787,215798,218437,11,2639,2,36000,1.00416824555
216048,216054,219789,6,3735,2,36000,1.0016064257
216541,216547,220079,6,3532,2,36000,1.00169875425
216588,216594,219481,6,2887,2,36000,1.00207828195
216764,216770,220425,6,3655,2,36000,1.00164158687
216795,216801,220212,6,3411,2,36000,1.00175901495
216830,216836,220562,6,3726,2,36000,1.00161030596
216842,216849,220342,7,3493,2,36000,1.00200400802
216880,216886,220494,6,3608,2,36000,1.00166297118
216940,216946,220706,6,3760,2,36000,1.00159574468
217170,217176,220577,6,3401,2,36000,1.001764187
217281,217287,220148,6,2861,2,36000,1.00209716882
217310,217316,219989,6,2673,2,36000,1.00224466891
217433,217440,220989,7,3549,2,36000,1.00197238659
217496,217502,220925,6,3423,2,36000,1.00175284838
217547,217553,220688,6,3135,2,36000,1.0019138756
217634,217640,221215,6,3575,2,36000,1.00167832168
217639,217645,223748,6,6103,4,129600,1.00098312305
217639,217650,223813,11,6163,4,129600,1.00178484504
217639,217655,217659,16,4,4,129600,2.0
217640,217661,223925,21,6264,4,129600,1.00335249042
217640,217666,225291,26,7625,4,129600,1.00340983607
217640,217671,225488,31,7817,4,129600,1.00396571575
217640,217677,225495,37,7818,4,129600,1.0047326682
217701,217706,221322,5,3616,2,36000,1.00138274336
217707,217712,221361,5,3649,2,36000,1.00137023842
217839,217845,217846,6,1,2,900,1.0
218061,218067,220850,6,2783,2,36000,1.00215594682
218084,218090,221142,6,3052,2,36000,1.00196592398
218163,218170,221543,7,3373,2,36000,1.00207530388
218169,218176,221690,7,3514,2,36000,1.00199203187
218358,218364,222153,6,3789,2,36000,1.00158353127
218408,218414,222198,6,3784,2,36000,1.00158562368
218448,218454,222242,6,3788,2,36000,1.00158394931
218541,218547,222342,6,3795,2,36000,1.00158102767
218547,218553,222349,6,3796,2,36000,1.00158061117
218558,218564,222350,6,3786,2,36000,1.00158478605
218559,218570,222352,11,3782,2,36000,1.00290851401
218605,218611,218612,6,1,1,7200,1.0
218621,218627,222430,6,3803,2,36000,1.00157770181
218632,218638,222441,6,3803,2,36000,1.00157770181
218663,218669,222463,6,3794,2,36000,1.00158144439
218723,218729,218731,6,2,2,7200,1.0
218737,218743,226025,6,7282,1,7200,1.00082394946
218834,218840,222649,6,3809,2,36000,1.00157521659
218854,218860,218862,6,2,4,7200,1.0
218882,218889,399316,7,180427,2,216000,1.00003879685
219026,219032,219376,6,344,4,7200,1.01744186047
219033,219039,221993,6,2954,2,36000,1.00203114421
219067,219073,219687,6,614,2,7200,1.00977198697
219080,219087,221996,7,2909,2,36000,1.0024063252
219084,219093,220157,9,1064,1,7200,1.00845864662
219167,219173,222209,6,3036,2,36000,1.00197628458
219186,219192,221873,6,2681,2,36000,1.00223797091
219304,219311,221989,7,2678,2,36000,1.00261389096
219311,219317,223033,6,3716,2,36000,1.0016146394
219318,219325,219891,7,566,2,900,1.01236749117
219388,219394,223011,6,3617,2,36000,1.00165883329
219492,219498,223261,6,3763,2,36000,1.0015944725
219797,219803,223418,6,3615,2,36000,1.00165975104
220000,220006,222570,6,2564,2,36000,1.0023400936
220091,220097,222627,6,2530,2,36000,1.0023715415
220155,220162,222737,7,2575,2,36000,1.0027184466
220222,220228,222999,6,2771,2,36000,1.00216528329
220351,220357,224195,6,3838,2,36000,1.00156331423
220435,220441,223547,6,3106,2,36000,1.00193174501
220501,220506,224041,5,3535,2,36000,1.00141442716
220574,220580,222890,6,2310,2,36000,1.0025974026
220588,220594,223435,6,2841,2,36000,1.00211193242
220698,220704,223772,6,3068,2,36000,1.00195567145
220717,220724,223518,7,2794,2,36000,1.00250536865
220838,220854,220855,16,1,4,43200,1.7
220838,220849,220850,11,1,4,43200,1.2
220838,220844,220847,6,3,4,43200,1.0
220839,220870,220871,31,1,4,43200,3.2
220839,220865,220866,26,1,4,43200,2.7
220839,220859,220861,20,2,4,43200,2.2
220839,220886,220887,47,1,4,43200,4.8
220839,220875,220876,36,1,4,43200,3.7
220839,220891,220892,52,1,4,43200,5.3
220839,220903,220904,64,1,4,43200,6.5
220840,220945,220946,105,1,4,43200,10.6
220840,220918,220919,78,1,4,43200,7.9
220840,220924,220925,84,1,4,43200,8.5
220840,220929,220930,89,1,4,43200,9.0
220840,220934,220935,94,1,4,43200,9.5
220840,220913,220914,73,1,4,43200,7.4
220840,220908,220909,68,1,4,43200,6.9
220841,220950,220951,109,1,4,43200,11.0
220841,220955,220956,114,1,4,43200,11.5
220861,220881,222968,20,2087,2,36000,1.00958313368
220933,220940,224689,7,3749,2,36000,1.00186716458
220995,221001,224793,6,3792,2,36000,1.00158227848
221027,221038,228460,11,7422,4,43200,1.0014820803
221027,221033,223950,6,2917,4,43200,1.00205690778
221027,221048,225903,21,4855,4,43200,1.00432543769
221027,221043,223495,16,2452,4,43200,1.00652528548
221028,223824,242215,2796,18391,4,43200,1.15203088467
221028,221054,224738,26,3684,4,43200,1.00705754615
221028,223965,226292,2937,2327,4,43200,2.26214009454
221028,224749,227536,3721,2787,4,43200,2.33512737711
221028,223936,228244,2908,4308,4,43200,1.67502321263
221028,225302,228568,4274,3266,4,43200,2.30863441519
221028,223506,226164,2478,2658,4,43200,1.93227990971
221028,223760,231487,2732,7727,4,43200,1.35356541996
221029,225914,236094,4885,10180,4,43200,1.47986247544
221029,226406,229999,5377,3593,4,43200,2.49652101308
221029,227551,232090,6522,4539,4,43200,2.43688037013
221029,226412,229233,5383,2821,4,43200,2.90818858561
221029,226175,227440,5146,1265,4,43200,5.06798418972
221029,226303,228924,5274,2621,4,43200,3.0122090805
221029,227451,230907,6422,3456,4,43200,2.85821759259
221030,228255,231117,7225,2862,4,43200,3.52445842068
221030,228471,231942,7441,3471,4,43200,3.14376260444
221153,221160,223684,7,2524,2,36000,1.00277337559
221222,221228,223946,6,2718,2,36000,1.00220750552
221333,221339,225036,6,3697,2,36000,1.00162293752
221372,221378,225147,6,3769,2,36000,1.0015919342
221555,221561,225173,6,3612,2,36000,1.00166112957
221703,221709,224332,6,2623,2,36000,1.00228745711
221879,221885,225661,6,3776,2,36000,1.00158898305
221995,222000,225771,5,3771,2,36000,1.00132590825
222001,222006,225823,5,3817,2,36000,1.00130992926
222001,222012,225813,11,3801,2,36000,1.00289397527
222159,222165,225771,6,3606,2,36000,1.00166389351
222206,222212,225356,6,3144,2,36000,1.00190839695
222220,222226,225650,6,3424,2,36000,1.00175233645
222251,222257,225620,6,3363,2,36000,1.00178412132
222351,222358,225805,7,3447,2,36000,1.00203075138
222359,222364,224526,5,2162,2,36000,1.00231267345
222360,222375,225598,15,3223,2,36000,1.00465404902
222360,222370,225854,10,3484,2,36000,1.00287026406
222435,222442,226058,7,3616,2,36000,1.00193584071
222450,222456,225688,6,3232,2,36000,1.00185643564
222471,222477,226249,6,3772,2,36000,1.00159066808
222580,222586,226370,6,3784,2,36000,1.00158562368
222638,222645,226327,7,3682,2,36000,1.00190114068
222658,222664,226226,6,3562,2,36000,1.00168444694
222745,222751,225562,6,2811,2,36000,1.00213447172
222896,222902,226628,6,3726,2,36000,1.00161030596
222980,222986,226385,6,3399,2,36000,1.00176522507
223005,223012,226754,7,3742,2,36000,1.0018706574
223019,223025,226800,6,3775,2,36000,1.00158940397
223039,223046,226791,7,3745,2,36000,1.00186915888
223272,223279,226970,7,3691,2,36000,1.00189650501
223429,223435,227176,6,3741,2,36000,1.00160384924
223442,223448,227069,6,3621,2,36000,1.00165700083
223527,223533,227285,6,3752,2,36000,1.00159914712
223558,223564,227307,6,3743,2,36000,1.00160299225
223690,223696,227452,6,3756,2,36000,1.00159744409
223783,223789,227532,6,3743,2,36000,1.00160299225
223954,223960,226692,6,2732,2,36000,1.00219619327
224048,224054,227793,6,3739,2,36000,1.00160470714
224206,224212,227944,6,3732,2,36000,1.00160771704
224343,224350,228070,7,3720,2,36000,1.00188172043
224536,224543,228272,7,3729,2,36000,1.00187717887
224699,224705,227793,6,3088,2,36000,1.00194300518
224800,224806,228520,6,3714,2,36000,1.00161550889
225005,225011,225946,6,935,1,259200,1.0064171123
225047,225053,228818,6,3765,2,36000,1.0015936255
225154,225160,228867,6,3707,2,36000,1.00161855948
225181,225187,228906,6,3719,2,36000,1.00161333692
225362,225368,228787,6,3419,2,36000,1.00175489909
225395,236392,236894,10997,502,14,10799,22.906374502
225475,228579,239082,3104,10503,4,129600,1.29553460916
225476,229258,240419,3782,11161,4,129600,1.33885852522
225476,230918,247279,5442,16361,4,129600,1.33262025549
225476,229244,229247,3768,3,4,129600,377.1
225476,230010,242850,4534,12840,4,129600,1.3531152648
225476,228936,239682,3460,10746,4,129600,1.32198027173
225477,231128,254652,5651,23524,4,129600,1.24022275123
225571,225578,229143,7,3565,2,36000,1.00196353436
225607,225614,228862,7,3248,2,36000,1.00215517241
225626,225632,228757,6,3125,2,36000,1.00192
225657,225663,229198,6,3535,2,36000,1.00169731259
225671,225957,485164,286,259207,1,259200,1.00110336526
225671,225676,229219,5,3543,2,36000,1.00141123342
225698,225704,229303,6,3599,2,36000,1.00166712976
225735,231954,307649,6219,75695,1,172800,1.08215866306
225781,225787,229513,6,3726,2,36000,1.00161030596
225782,225793,229431,11,3638,2,36000,1.00302363936
225813,225820,229436,7,3616,2,36000,1.00193584071
225820,225826,229376,6,3550,2,36000,1.00169014085
225828,225834,229535,6,3701,2,36000,1.00162118346
225865,225871,229634,6,3763,2,36000,1.0015944725
226067,226074,228802,7,2728,2,36000,1.0025659824
226235,226242,229278,7,3036,2,36000,1.00230566535
226254,226260,229168,6,2908,2,36000,1.00206327373
226337,226344,230163,7,3819,2,36000,1.00183294056
226378,226384,230167,6,3783,2,36000,1.00158604282
226395,226401,230210,6,3809,2,36000,1.00157521659
226637,226643,230432,6,3789,2,36000,1.00158353127
226699,226704,230508,5,3804,2,36000,1.00131440589
226763,226769,230547,6,3778,2,36000,1.00158814187
226799,226805,230620,6,3815,2,36000,1.00157273919
226807,226813,230588,6,3775,2,36000,1.00158940397
226976,226983,230737,7,3754,2,36000,1.00186467768
227078,227084,229485,6,2401,2,36000,1.00249895877
227183,227189,229891,6,2702,2,36000,1.00222057735
227293,227299,229423,6,2124,2,36000,1.00282485876
227319,227325,231082,6,3757,2,36000,1.0015970189
227382,227388,227455,6,67,1,1800,1.08955223881
227460,227466,229688,6,2222,2,36000,1.00270027003
227539,227545,231234,6,3689,2,36000,1.00162645703
227758,227765,227876,7,111,1,1800,1.06306306306
227801,227807,231311,6,3504,2,36000,1.00171232877
227802,227813,231132,11,3319,2,36000,1.00331425128
227952,227958,230908,6,2950,2,36000,1.00203389831
228080,228087,230755,7,2668,2,36000,1.00262368816
228283,228289,232014,6,3725,2,36000,1.00161073826
228486,228492,228931,6,439,1,1800,1.01366742597
228530,228536,232171,6,3635,2,36000,1.00165061898
228766,228772,231189,6,2417,2,36000,1.00248241622
228798,228804,231300,6,2496,2,36000,1.00240384615
228812,228818,232140,6,3322,2,36000,1.00180614088
228826,228832,232462,6,3630,2,36000,1.00165289256
228872,228878,232718,6,3840,2,36000,1.0015625
228873,228884,232702,11,3818,2,36000,1.00288108958
228912,228918,232746,6,3828,2,36000,1.00156739812
229154,229160,232850,6,3690,2,36000,1.00162601626
229179,229185,232834,6,3649,2,36000,1.00164428611
229205,229211,232892,6,3681,2,36000,1.00162999185
229229,229235,232945,6,3710,2,36000,1.00161725067
229288,229294,232171,6,2877,2,36000,1.00208550574
229310,229316,232324,6,3008,2,36000,1.00199468085
229385,229391,232716,6,3325,2,36000,1.00180451128
229433,229439,233245,6,3806,2,36000,1.00157645822
229440,229446,232205,6,2759,2,36000,1.00217470098
229447,229453,232590,6,3137,2,36000,1.0019126554
229493,229499,232483,6,2984,2,36000,1.00201072386
229524,229530,232522,6,2992,2,36000,1.00200534759
229543,229549,232925,6,3376,2,36000,1.00177725118
229642,229648,232933,6,3285,2,36000,1.00182648402
229697,229703,233349,6,3646,2,36000,1.00164563906
229902,229908,233711,6,3803,2,36000,1.00157770181
230171,230177,232823,6,2646,2,36000,1.0022675737
230178,230184,233450,6,3266,2,36000,1.00183710961
230220,230226,234003,6,3777,2,36000,1.00158856235
230443,230449,233626,6,3177,2,36000,1.00188857413
230515,230522,232659,7,2137,2,36000,1.00327562003
230556,230562,234066,6,3504,2,36000,1.00171232877
230598,230604,234412,6,3808,2,36000,1.00157563025
230629,230635,234402,6,3767,2,36000,1.0015927794
230699,230705,230737,6,32,1,1800,1.1875
230747,230754,234498,7,3744,2,36000,1.00186965812
230767,230773,234539,6,3766,2,36000,1.00159320234
230916,230924,234642,8,3718,2,36000,1.00215169446
231057,231063,231129,6,66,1,1800,1.09090909091
231091,231097,234812,6,3715,2,36000,1.00161507402
231139,231146,234939,7,3793,2,36000,1.00184550488
231199,231205,234933,6,3728,2,36000,1.00160944206
231243,231249,234994,6,3745,2,36000,1.00160213618
231309,231315,235096,6,3781,2,36000,1.00158688178
231323,231329,235140,6,3811,2,36000,1.00157438992
231984,231991,232268,7,277,1,1800,1.02527075812
232025,232032,235745,7,3713,2,36000,1.00188526798
232153,232159,235632,6,3473,2,36000,1.00172761301
232178,232184,235919,6,3735,2,36000,1.0016064257
232179,232189,235946,10,3757,2,36000,1.00266169816
232215,232221,235048,6,2827,2,36000,1.00212239123
232331,232337,235070,6,2733,2,36000,1.00219538968
232470,232476,236146,6,3670,2,36000,1.00163487738
232492,232498,236200,6,3702,2,36000,1.00162074554
232534,232541,236187,7,3646,2,36000,1.00191991223
232600,232606,236251,6,3645,2,36000,1.00164609053
232669,232675,236370,6,3695,2,36000,1.00162381597
232710,232716,236407,6,3691,2,36000,1.00162557572
232725,232731,236461,6,3730,2,36000,1.00160857909
232725,232736,236421,11,3685,2,36000,1.00298507463
232733,236377,236381,3644,4,16,7200,364.8
232754,232760,236490,6,3730,2,36000,1.00160857909
232759,232766,232780,7,14,4,7200,1.5
232831,232837,236573,6,3736,2,36000,1.00160599572
232843,232849,236564,6,3715,2,36000,1.00161507402
232857,232863,236592,6,3729,2,36000,1.00160901046
232902,232909,236450,7,3541,2,36000,1.0019768427
232934,232940,235937,6,2997,2,36000,1.002002002
232945,232951,235506,6,2555,2,36000,1.00234833659
232958,232964,235470,6,2506,2,36000,1.00239425379
233184,233190,233199,6,9,4,7200,1.5
233252,233258,236871,6,3613,2,36000,1.0016606698
233333,233339,233348,6,9,4,7200,1.5
233360,233366,236915,6,3549,2,36000,1.00169061708
233456,233462,237151,6,3689,2,36000,1.00162645703
233472,233478,233498,6,20,1,1800,1.3
233634,233640,236239,6,2599,2,36000,1.00230858022
233718,233724,236182,6,2458,2,36000,1.00244100895
233795,233801,233861,6,60,1,1800,1.1
234012,234018,237798,6,3780,2,36000,1.00158730159
234072,234078,237885,6,3807,2,36000,1.00157604413
234146,234153,234159,7,6,8,1800,1.3
234407,234413,238249,6,3836,2,36000,1.0015641293
234420,234426,238198,6,3772,2,36000,1.00159066808
234434,234440,234441,6,1,1,600,1.0
234453,234459,234530,6,71,1,1800,1.08450704225
234509,234515,238329,6,3814,2,36000,1.00157315155
234545,234551,237487,6,2936,2,36000,1.00204359673
234652,234658,237934,6,3276,2,36000,1.00183150183
234714,234720,234892,6,172,1,4260,1.03488372093
234820,234826,238611,6,3785,2,36000,1.00158520476
234869,234875,234880,6,5,8,1800,1.1
234901,234907,235075,6,168,1,4260,1.03571428571
234945,234951,237994,6,3043,2,36000,1.00197173842
234945,234956,237283,11,2327,2,36000,1.00472711646
235004,235010,238737,6,3727,2,36000,1.00160987389
235054,235060,238752,6,3692,2,36000,1.00162513543
235077,235083,238708,6,3625,2,36000,1.00165517241
235081,235089,235310,8,221,1,4260,1.03619909502
235103,235109,238719,6,3610,2,36000,1.00166204986
235149,235156,238943,7,3787,2,36000,1.00184842884
235317,235323,235395,6,72,1,4260,1.08333333333
235478,235484,237676,6,2192,2,36000,1.00273722628
235514,235520,237631,6,2111,2,36000,1.00284225486
235640,235646,235851,6,205,1,4260,1.02926829268
235641,235651,235855,10,204,1,4260,1.04901960784
235642,235657,238459,15,2802,2,36000,1.00535331906
235756,235762,239542,6,3780,2,36000,1.00158730159
235862,235868,236060,6,192,1,4260,1.03125
235863,235873,236067,10,194,1,4260,1.05154639175
235926,235932,238819,6,2887,2,36000,1.00207828195
235945,235951,239166,6,3215,2,36000,1.00186625194
235952,235958,239591,6,3633,2,36000,1.00165152766
236068,236074,236291,6,217,1,4260,1.02764976959
236073,236080,236285,7,205,1,4260,1.03414634146
236152,236158,239177,6,3019,2,36000,1.00198741305
236192,236198,238196,6,1998,2,36000,1.003003003
236193,236204,238474,11,2270,2,36000,1.00484581498
236205,236211,239711,6,3500,2,36000,1.00171428571
236245,236251,240056,6,3805,2,36000,1.00157687254
236257,236263,240057,6,3794,2,36000,1.00158144439
236285,236291,236310,6,19,1,1800,1.31578947368
236295,236397,236502,102,105,1,4260,1.97142857143
236300,236402,236502,102,100,1,4260,2.02
236380,236386,239783,6,3397,2,36000,1.00176626435
236414,236421,239652,7,3231,2,36000,1.00216651192
236427,236433,239287,6,2854,2,36000,1.00210231254
236457,236463,239558,6,3095,2,36000,1.00193861066
236469,236475,239895,6,3420,2,36000,1.00175438596
236497,236504,239749,7,3245,2,36000,1.00215716487
236562,236568,236756,6,188,1,4260,1.03191489362
236563,236574,236781,11,207,1,4260,1.05314009662
236564,236768,236969,204,201,1,4260,2.01492537313
236565,236792,236991,227,199,1,4260,2.14070351759
236576,236582,240383,6,3801,2,36000,1.00157853197
236583,236589,239623,6,3034,2,36000,1.00197758734
236602,236608,240203,6,3595,2,36000,1.0016689847
236615,236905,236970,290,65,1,1800,5.46153846154
236765,236910,237119,145,209,1,4260,1.69377990431
236790,236915,237123,125,208,1,4260,1.60096153846
236878,236884,239827,6,2943,2,36000,1.00203873598
236925,236931,239667,6,2736,2,36000,1.00219298246
236977,236983,237170,6,187,1,4260,1.0320855615
236998,237004,237201,6,197,1,4260,1.03045685279
237129,237135,237339,6,204,1,4260,1.02941176471
237130,237141,237331,11,190,1,4260,1.05789473684
237161,237167,240763,6,3596,2,36000,1.00166852058
237180,237186,237380,6,194,1,4260,1.03092783505
237209,237343,237600,134,257,14,7199,1.52140077821
237210,237349,237547,139,198,1,4260,1.70202020202
237294,237300,240375,6,3075,2,36000,1.00195121951
237342,237391,237941,49,550,1,4260,1.08909090909
237347,237558,237685,211,127,1,4260,2.66141732283
237387,237611,237859,224,248,1,4260,1.90322580645
237497,237503,241305,6,3802,2,36000,1.00157811678
237555,237616,237817,61,201,1,4260,1.30348258706
237638,237644,241129,6,3485,2,36000,1.00172166428
237685,237692,240493,7,2801,2,36000,1.00249910746
237806,237812,240792,6,2980,2,36000,1.00201342282
237828,237834,237915,6,81,1,1800,1.07407407407
237891,237897,241079,6,3182,2,36000,1.00188560654
237945,237951,241677,6,3726,2,36000,1.00161030596
237986,237992,238193,6,201,1,4260,1.02985074627
237987,237998,238197,11,199,1,4260,1.05527638191
237988,238003,238214,15,211,1,4260,1.07109004739
237989,238008,238213,19,205,1,4260,1.09268292683
237990,238013,238222,23,209,1,4260,1.11004784689
237991,238019,238222,28,203,1,4260,1.13793103448
237992,238024,238219,32,195,1,4260,1.1641025641
237993,238035,238245,42,210,1,4260,1.2
237994,238040,238245,46,205,1,4260,1.2243902439
237995,238046,238250,51,204,1,4260,1.25
237996,238051,238260,55,209,1,4260,1.26315789474
237997,238056,238262,59,206,1,4260,1.28640776699
237998,238061,238266,63,205,1,4260,1.30731707317
237999,238066,238272,67,206,1,4260,1.32524271845
238000,238071,238277,71,206,1,4260,1.34466019417
238001,238076,238274,75,198,1,4260,1.37878787879
238003,238030,241779,27,3749,2,36000,1.00720192051
238203,238209,238409,6,200,1,4260,1.03
238204,238225,238397,21,172,1,4260,1.12209302326
238207,238215,241814,8,3599,2,36000,1.00222283968
238207,238220,240886,13,2666,2,36000,1.00487621905
238219,238231,238394,12,163,1,4260,1.0736196319
238224,238236,238391,12,155,1,4260,1.07741935484
238229,238242,238412,13,170,1,4260,1.07647058824
238230,238247,238373,17,126,1,4260,1.13492063492
238231,238252,238376,21,124,1,4260,1.16935483871
238254,238260,241775,6,3515,2,36000,1.00170697013
238256,238266,238461,10,195,1,4260,1.05128205128
238257,238271,238379,14,108,1,4260,1.12962962963
238258,238276,238461,18,185,1,4260,1.0972972973
238266,238282,238462,16,180,1,4260,1.08888888889
238271,238287,238462,16,175,1,4260,1.09142857143
238276,238292,238462,16,170,1,4260,1.09411764706
238281,238298,238462,17,164,1,4260,1.10365853659
238282,238303,238462,21,159,1,4260,1.1320754717
238288,238308,238462,20,154,1,4260,1.12987012987
238337,238343,242116,6,3773,2,36000,1.00159024649
238464,238470,242195,6,3725,2,36000,1.00161073826
238482,238488,242245,6,3757,2,36000,1.0015970189
238502,238508,238707,6,199,1,4260,1.03015075377
238503,238524,238696,21,172,1,4260,1.12209302326
238503,238519,238688,16,169,1,4260,1.09467455621
238503,238514,238715,11,201,1,4260,1.05472636816
238504,238529,238728,25,199,1,4260,1.1256281407
238504,238535,238734,31,199,1,4260,1.15577889447
238505,238545,238746,40,201,1,4260,1.19900497512
238505,238540,238743,35,203,1,4260,1.1724137931
238506,238555,238758,49,203,1,4260,1.24137931034
238506,238550,238755,44,205,1,4260,1.21463414634
238507,238561,238761,54,200,1,4260,1.27
238507,238566,238769,59,203,1,4260,1.29064039409
238508,238571,238772,63,201,1,4260,1.31343283582
238509,238576,238777,67,201,1,4260,1.33333333333
238509,238582,238785,73,203,1,4260,1.35960591133
238511,238587,238791,76,204,1,4260,1.37254901961
238512,238592,238782,80,190,1,4260,1.42105263158
238513,238597,238795,84,198,1,4260,1.42424242424
238514,238700,238874,186,174,1,4260,2.06896551724
238515,238708,238914,193,206,1,4260,1.93689320388
238516,238718,238923,202,205,1,4260,1.98536585366
238517,238731,238935,214,204,1,4260,2.04901960784
238518,238743,238944,225,201,1,4260,2.11940298507
238519,238749,238956,230,207,1,4260,2.11111111111
238520,238760,238962,240,202,1,4260,2.18811881188
238521,238771,238959,250,188,1,4260,2.32978723404
238522,238776,238983,254,207,1,4260,2.2270531401
238523,238783,239010,260,227,1,4260,2.14537444934
238524,238788,238977,264,189,1,4260,2.39682539683
238525,238794,238995,269,201,1,4260,2.33830845771
238526,238799,239019,273,220,1,4260,2.24090909091
238527,238805,239001,278,196,1,4260,2.41836734694
238528,238810,239043,282,233,1,4260,2.21030042918
238620,238627,242312,7,3685,2,36000,1.00189959294
238694,238816,239046,122,230,1,4260,1.53043478261
238705,238821,239085,116,264,1,4260,1.43939393939
238715,238827,239028,112,201,1,4260,1.55721393035
238720,238726,241365,6,2639,2,36000,1.00227358848
238725,238885,239070,160,185,1,4260,1.86486486486
238727,238737,241242,10,2505,2,36000,1.00399201597
238735,238925,239144,190,219,1,4260,1.86757990868
238745,238755,241489,10,2734,2,36000,1.00365764448
238745,238934,239132,189,198,1,4260,1.95454545455
238750,238946,239153,196,207,1,4260,1.94685990338
238755,238955,239153,200,198,1,4260,2.0101010101
238759,238766,241832,7,3066,2,36000,1.00228310502
238765,238967,239168,202,201,1,4260,2.00497512438
238767,238973,239186,206,213,1,4260,1.96713615023
238770,238978,239180,208,202,1,4260,2.0297029703
238775,238988,239192,213,204,1,4260,2.04411764706
238780,238994,239201,214,207,1,4260,2.03381642512
238785,239006,239207,221,201,1,4260,2.09950248756
238790,239012,239213,222,201,1,4260,2.10447761194
238795,239021,239231,226,210,1,4260,2.07619047619
238801,239030,239228,229,198,1,4260,2.15656565657
238806,239039,239240,233,201,1,4260,2.1592039801
238826,238833,241563,7,2730,2,36000,1.00256410256
238881,239054,239252,173,198,1,4260,1.87373737374
238943,239060,239264,117,204,1,4260,1.57352941176
238952,238961,242667,9,3706,2,36000,1.00242849433
238967,239081,239294,114,213,1,4260,1.53521126761
238973,239093,239300,120,207,1,4260,1.57971014493
238988,239098,239318,110,220,1,4260,1.5
238994,239103,239104,109,1,1,4260,11.0
239174,239179,242940,5,3761,2,36000,1.00132943366
239186,239192,242917,6,3725,2,36000,1.00161073826
239218,239223,239414,5,191,1,4260,1.02617801047
239221,239229,239444,8,215,1,4260,1.03720930233
239236,239242,239447,6,205,1,4260,1.02926829268
239242,239248,239381,6,133,1,4260,1.04511278195
239248,239254,239378,6,124,1,4260,1.04838709677
239263,239269,239474,6,205,1,4260,1.02926829268
239272,239278,239489,6,211,1,4260,1.02843601896
239295,239301,243029,6,3728,2,36000,1.00160944206
239455,239461,239610,6,149,1,4260,1.04026845638
239482,239488,239610,6,122,1,4260,1.04918032787
239549,239555,243100,6,3545,2,36000,1.00169252468
239567,239573,243288,6,3715,2,36000,1.00161507402
239601,239608,243304,7,3696,2,36000,1.00189393939
239630,239636,243304,6,3668,2,36000,1.00163576881
239659,239665,243423,6,3758,2,36000,1.00159659393
239676,239683,243292,7,3609,2,36000,1.00193959546
239721,239727,243516,6,3789,2,36000,1.00158353127
239755,239760,243513,5,3753,2,36000,1.00133226752
239788,239794,243529,6,3735,2,36000,1.0016064257
239834,239840,243550,6,3710,2,36000,1.00161725067
239904,239910,242639,6,2729,2,36000,1.00219860755
240064,240075,243489,11,3414,2,36000,1.00322202695
240064,240070,243356,6,3286,2,36000,1.00182592818
240212,240218,243539,6,3321,2,36000,1.00180668473
240385,240391,244088,6,3697,2,36000,1.00162293752
240391,240397,243990,6,3593,2,36000,1.00166991372
240502,240508,243507,6,2999,2,36000,1.00200066689
240774,240780,244574,6,3794,2,36000,1.00158144439
240797,240803,244638,6,3835,2,36000,1.00156453716
240896,240902,244685,6,3783,2,36000,1.00158604282
241088,241095,244894,7,3799,2,36000,1.00184259016
241137,241143,244936,6,3793,2,36000,1.00158186132
241252,241258,245097,6,3839,2,36000,1.00156290701
241314,241320,245163,6,3843,2,36000,1.00156128025
241375,241381,244966,6,3585,2,36000,1.00167364017
241501,241507,244027,6,2520,2,36000,1.00238095238
241573,241579,243964,6,2385,2,36000,1.00251572327
241672,241679,284917,7,43238,1,43200,1.00016189463
241688,241695,245417,7,3722,2,36000,1.0018807093
241785,241790,244929,5,3139,2,36000,1.00159286397
241785,241796,244544,11,2748,2,36000,1.00400291121
241825,241831,245585,6,3754,2,36000,1.00159829515
241842,241848,245599,6,3751,2,36000,1.00159957345
242125,242131,244239,6,2108,2,36000,1.00284629981
242203,242209,245437,6,3228,2,36000,1.00185873606
242252,242258,245400,6,3142,2,36000,1.00190961171
242318,242324,244879,6,2555,2,36000,1.00234833659
242650,242656,246040,6,3384,2,36000,1.00177304965
242673,242678,244894,5,2216,2,36000,1.00225631769
242925,242932,246482,7,3550,2,36000,1.00197183099
242950,242957,245726,7,2769,2,36000,1.00252798844
243038,243044,246847,6,3803,2,36000,1.00157770181
243109,243115,245740,6,2625,2,36000,1.00228571429
243295,243301,246993,6,3692,2,36000,1.00162513543
243301,243307,247016,6,3709,2,36000,1.00161768671
243314,243320,246562,6,3242,2,36000,1.00185070944
243314,243325,245988,11,2663,2,36000,1.00413067968
243366,243372,245709,6,2337,2,36000,1.00256739409
243434,243440,247266,6,3826,2,36000,1.00156821746
243497,243503,246034,6,2531,2,36000,1.0023706045
243515,243521,245703,6,2182,2,36000,1.00274977085
243521,243527,246476,6,2949,2,36000,1.002034588
243522,243532,246556,10,3024,2,36000,1.00330687831
243539,243545,246347,6,2802,2,36000,1.00214132762
243545,243551,246233,6,2682,2,36000,1.00223713647
243557,243563,247127,6,3564,2,36000,1.00168350168
243975,243981,246609,6,2628,2,36000,1.00228310502
243997,244004,247001,7,2997,2,36000,1.002335669
244035,244041,247448,6,3407,2,36000,1.00176108013
244094,244100,247838,6,3738,2,36000,1.00160513644
244248,244254,247976,6,3722,2,36000,1.00161203654
244552,244558,248367,6,3809,2,36000,1.00157521659
244584,244590,248369,6,3779,2,36000,1.00158772162
244649,244655,248305,6,3650,2,36000,1.00164383562
244693,244699,248447,6,3748,2,36000,1.00160085379
244884,244890,248615,6,3725,2,36000,1.00161073826
244902,244913,248640,11,3727,2,36000,1.00295143547
244902,244908,248628,6,3720,2,36000,1.00161290323
244935,244941,248691,6,3750,2,36000,1.0016
244947,244953,248689,6,3736,2,36000,1.00160599572
244974,244980,248663,6,3683,2,36000,1.00162910671
245107,245113,248797,6,3684,2,36000,1.0016286645
245171,245177,248082,6,2905,2,36000,1.00206540448
245406,245412,248877,6,3465,2,36000,1.00173160173
245423,245429,249083,6,3654,2,36000,1.00164203612
245445,245451,249096,6,3645,2,36000,1.00164609053
245593,245599,249354,6,3755,2,36000,1.00159786951
245610,245616,249388,6,3772,2,36000,1.00159066808
245713,245719,249396,6,3677,2,36000,1.00163176503
245719,245725,249424,6,3699,2,36000,1.00162206002
245736,245742,249139,6,3397,2,36000,1.00176626435
245747,245754,248922,7,3168,2,36000,1.00220959596
245996,246002,249673,6,3671,2,36000,1.00163443203
246045,246051,249733,6,3682,2,36000,1.00162954916
246045,246056,249660,11,3604,2,36000,1.00305216426
246243,246250,249983,7,3733,2,36000,1.00187516743
246355,246361,249678,6,3317,2,36000,1.00180886343
246483,246489,249885,6,3396,2,36000,1.00176678445
246489,246495,250060,6,3565,2,36000,1.00168302945
246564,246571,250001,7,3430,2,36000,1.00204081633
246570,246577,250244,7,3667,2,36000,1.00190891737
246619,246625,250120,6,3495,2,36000,1.0017167382
246853,246859,249710,6,2851,2,36000,1.00210452473
247002,247008,250241,6,3233,2,36000,1.00185586143
247008,247014,250501,6,3487,2,36000,1.0017206768
247025,247032,250049,7,3017,2,36000,1.00232018561
247137,247143,250708,6,3565,2,36000,1.00168302945
247276,247282,250963,6,3681,2,36000,1.00162999185
247455,247462,251238,7,3776,2,36000,1.00185381356
247843,247849,250874,6,3025,2,36000,1.00198347107
247987,247993,251261,6,3268,2,36000,1.00183598531
248089,248095,251814,6,3719,2,36000,1.00161333692
248311,248316,251646,5,3330,2,36000,1.0015015015
248376,248382,250612,6,2230,2,36000,1.00269058296
248377,248387,250783,10,2396,2,36000,1.0041736227
248454,248460,251544,6,3084,2,36000,1.00194552529
248625,248631,251296,6,2665,2,36000,1.00225140713
248637,248643,251641,6,2998,2,36000,1.00200133422
248648,248655,251879,7,3224,2,36000,1.00217121588
248670,248677,252444,7,3767,2,36000,1.00185824263
248698,248704,252467,6,3763,2,36000,1.0015944725
248698,248709,252467,11,3758,2,36000,1.00292708888
248805,248811,252519,6,3708,2,36000,1.00161812298
248887,248893,252541,6,3648,2,36000,1.00164473684
248930,248936,252053,6,3117,2,36000,1.00192492782
249089,249095,251206,6,2111,2,36000,1.00284225486
249101,249107,252774,6,3667,2,36000,1.00163621489
249144,249150,252642,6,3492,2,36000,1.00171821306
249220,249226,249243,6,17,8,1800,1.35294117647
249361,249367,252769,6,3402,2,36000,1.00176366843
249394,249400,253095,6,3695,2,36000,1.00162381597
249405,249412,252972,7,3560,2,36000,1.00196629213
249433,249439,252584,6,3145,2,36000,1.00190779014
249668,249674,252960,6,3286,2,36000,1.00182592818
249680,249686,253131,6,3445,2,36000,1.00174165457
249686,249692,253445,6,3753,2,36000,1.00159872102
249719,249725,253442,6,3717,2,36000,1.001614205
249741,249747,253547,6,3800,2,36000,1.00157894737
249892,249898,253702,6,3804,2,36000,1.00157728707
249906,249913,249915,7,2,16,7200,1.0
249989,249994,253531,5,3537,2,36000,1.00141362737
250011,250017,252705,6,2688,2,36000,1.00223214286
250059,250065,253603,6,3538,2,36000,1.00169587337
250065,250071,253179,6,3108,2,36000,1.00193050193
250119,250125,251958,6,1833,8,1800,1.00327332242
250130,250136,253800,6,3664,2,36000,1.00163755459
250246,250252,254078,6,3826,2,36000,1.00156821746
250252,250258,254005,6,3747,2,36000,1.00160128102
250465,250471,250477,6,6,16,7200,1.2
250507,250513,254240,6,3727,2,36000,1.00160987389
250618,250624,254404,6,3780,2,36000,1.00158730159
250714,250721,254494,7,3773,2,36000,1.00185528757
250790,250796,254345,6,3549,2,36000,1.00169061708
250880,250886,254626,6,3740,2,36000,1.00160427807
250972,250978,254567,6,3589,2,36000,1.00167177487
251216,251222,253647,6,2425,2,36000,1.0024742268
251244,251249,254998,5,3749,2,36000,1.00133368898
251271,251277,254922,6,3645,2,36000,1.00164609053
251304,251310,254945,6,3635,2,36000,1.00165061898
251552,251558,255325,6,3767,2,36000,1.0015927794
251649,251655,255324,6,3669,2,36000,1.00163532298
251655,251661,255053,6,3392,2,36000,1.00176886792
251822,251828,254639,6,2811,2,36000,1.00213447172
251886,251892,255596,6,3704,2,36000,1.00161987041
252061,252067,255815,6,3748,2,36000,1.00160085379
252452,252458,255905,6,3447,2,36000,1.00174064404
252475,252481,256190,6,3709,2,36000,1.00161768671
252476,252487,256057,11,3570,2,36000,1.00308123249
252525,252531,255914,6,3383,2,36000,1.00177357375
252547,252553,256275,6,3722,2,36000,1.00161203654
252590,252596,256301,6,3705,2,36000,1.0016194332
252649,252655,256379,6,3724,2,36000,1.00161117078
252713,252719,256021,6,3302,2,36000,1.00181708056
252778,252784,255372,6,2588,2,36000,1.00231839258
252784,252790,255977,6,3187,2,36000,1.00188264826
252970,252976,256522,6,3546,2,36000,1.00169204738
252982,252988,256281,6,3293,2,36000,1.00182204677
253104,253110,256924,6,3814,2,36000,1.00157315155
253141,253147,256877,6,3730,2,36000,1.00160857909
253185,253190,256992,5,3802,2,36000,1.00131509732
253451,253462,257280,11,3818,2,36000,1.00288108958
253451,253456,257252,5,3796,2,36000,1.00131717597
253538,253543,256110,5,2567,2,36000,1.00194779899
253554,253561,256210,7,2649,2,36000,1.00264250661
253614,253620,256744,6,3124,2,36000,1.0019206146
253656,253662,256387,6,2725,2,36000,1.00220183486
253710,253716,257229,6,3513,2,36000,1.00170794193
253806,253812,257044,6,3232,2,36000,1.00185643564
254013,254019,257802,6,3783,2,36000,1.00158604282
254089,254095,257684,6,3589,2,36000,1.00167177487
254251,254257,257252,6,2995,2,36000,1.0020033389
254351,254357,258173,6,3816,2,36000,1.00157232704
254411,254418,257343,7,2925,2,36000,1.00239316239
254502,254508,257034,6,2526,2,36000,1.00237529691
254576,254583,258138,7,3555,2,36000,1.00196905767
254636,254642,257137,6,2495,2,36000,1.00240480962
254638,254648,254651,10,3,4,129600,1.3
254639,254663,254669,24,6,4,129600,3.0
254639,254658,254661,19,3,4,129600,2.2
254639,254653,254656,14,3,4,129600,1.7
254640,254679,254682,39,3,4,129600,4.2
254640,254673,254676,33,3,4,129600,3.6
254640,254668,254671,28,3,4,129600,3.1
254648,254685,258307,37,3622,2,36000,1.01021535064
254685,254711,268473,26,13762,4,129600,1.00188926028
254685,254706,266470,21,11764,4,129600,1.00178510711
254685,254696,265700,11,11004,4,129600,1.0009996365
254685,254701,254704,16,3,4,129600,1.9
254685,254691,265318,6,10627,4,129600,1.0005645996
254686,254722,281564,36,26842,4,129600,1.00134118173
254686,254717,271639,31,16922,4,129600,1.00183193476
254930,254937,258747,7,3810,2,36000,1.00183727034
254952,254959,258032,7,3073,2,36000,1.00227790433
255006,255012,257366,6,2354,2,36000,1.00254885302
255060,255066,258640,6,3574,2,36000,1.00167879127
255330,255336,258372,6,3036,2,36000,1.00197628458
255331,255342,258771,11,3429,2,36000,1.00320793234
255380,255386,258683,6,3297,2,36000,1.00181983621
255603,255609,259441,6,3832,2,36000,1.001565762
255704,255710,255711,6,1,2,300,1.0
255824,255830,259439,6,3609,2,36000,1.00166251039
255915,255921,259679,6,3758,2,36000,1.00159659393
255921,255927,259598,6,3671,2,36000,1.00163443203
255986,255992,259598,6,3606,2,36000,1.00166389351
256030,256036,258999,6,2963,2,36000,1.00202497469
256068,256074,258554,6,2480,2,36000,1.00241935484
256117,256122,259940,5,3818,2,36000,1.00130958617
256198,256204,259957,6,3753,2,36000,1.00159872102
256215,256220,259981,5,3761,2,36000,1.00132943366
256285,256291,260109,6,3818,2,36000,1.0015715034
256291,256296,259890,5,3594,2,36000,1.00139120757
256308,256314,260056,6,3742,2,36000,1.00160342063
256389,256395,259199,6,2804,2,36000,1.00213980029
256395,256401,258981,6,2580,2,36000,1.0023255814
256529,256535,260302,6,3767,2,36000,1.0015927794
256751,256758,260084,7,3326,2,36000,1.00210463019
256887,256893,260373,6,3480,2,36000,1.00172413793
256931,256937,259859,6,2922,2,36000,1.00205338809
257000,257006,260728,6,3722,2,36000,1.00161203654
257044,257050,260782,6,3732,2,36000,1.00160771704
257055,257061,260737,6,3676,2,36000,1.00163220892
257146,257152,260835,6,3683,2,36000,1.00162910671
257236,257242,261013,6,3771,2,36000,1.0015910899
257258,257264,260955,6,3691,2,36000,1.00162557572
257259,257269,260964,10,3695,2,36000,1.00270635995
257286,257292,260759,6,3467,2,36000,1.00173060283
257350,257356,260395,6,3039,2,36000,1.00197433366
257372,257379,260591,7,3212,2,36000,1.00217932752
257690,257695,261431,5,3736,2,36000,1.00133832976
257812,257818,260324,6,2506,2,36000,1.00239425379
258039,258046,261570,7,3524,2,36000,1.00198637911
258147,258153,261831,6,3678,2,36000,1.00163132137
258179,258184,261888,5,3704,2,36000,1.00134989201
258318,258324,261071,6,2747,2,36000,1.00218420095
258381,258387,260824,6,2437,2,36000,1.0024620435
258561,258567,262073,6,3506,2,36000,1.00171135197
258646,258652,262362,6,3710,2,36000,1.00161725067
258690,258696,262492,6,3796,2,36000,1.00158061117
258754,258760,262551,6,3791,2,36000,1.00158269586
258782,258788,262584,6,3796,2,36000,1.00158061117
258987,258993,262775,6,3782,2,36000,1.00158646219
259010,259016,262740,6,3724,2,36000,1.00161117078
259207,259213,262977,6,3764,2,36000,1.00159404888
259446,259451,262904,5,3453,2,36000,1.00144801622
259447,259458,262905,11,3447,2,36000,1.00319118074
259605,259616,262614,11,2998,2,36000,1.00366911274
259605,259611,262980,6,3369,2,36000,1.0017809439
259687,259693,262909,6,3216,2,36000,1.00186567164
259869,259875,261878,6,2003,2,36000,1.00299550674
259896,259902,263277,6,3375,2,36000,1.00177777778
259946,259952,262514,6,2562,2,36000,1.00234192037
259963,259970,262528,7,2558,2,36000,1.0027365129
259992,259998,263242,6,3244,2,36000,1.00184956843
260063,260069,262426,6,2357,2,36000,1.00254560882
260091,260098,263657,7,3559,2,36000,1.00196684462
260119,260125,262914,6,2789,2,36000,1.00215130871
260312,260319,264138,7,3819,2,36000,1.00183294056
260332,260338,264149,6,3811,2,36000,1.00157438992
260378,260384,263669,6,3285,2,36000,1.00182648402
260401,260407,263614,6,3207,2,36000,1.00187090739
260597,260603,263288,6,2685,2,36000,1.00223463687
260737,260743,263732,6,2989,2,36000,1.00200736032
260743,260749,263235,6,2486,2,36000,1.00241351569
260767,260773,263433,6,2660,2,36000,1.0022556391
260789,260795,263468,6,2673,2,36000,1.00224466891
260833,260839,264631,6,3792,2,36000,1.00158227848
260844,260850,264636,6,3786,2,36000,1.00158478605
260964,260970,264757,6,3787,2,36000,1.00158436757
260970,260976,264785,6,3809,2,36000,1.00157521659
261020,261026,264787,6,3761,2,36000,1.00159532039
261081,261088,264095,7,3007,2,36000,1.00232790156
261440,261446,264827,6,3381,2,36000,1.00177462289
261580,261586,265338,6,3752,2,36000,1.00159914712
261837,261843,265315,6,3472,2,36000,1.0017281106
261886,261892,265650,6,3758,2,36000,1.00159659393
261898,261904,265625,6,3721,2,36000,1.00161246977
262080,262086,265786,6,3700,2,36000,1.00162162162
262371,262377,266052,6,3675,2,36000,1.00163265306
262436,262442,266170,6,3728,2,36000,1.00160944206
262502,262508,266251,6,3743,2,36000,1.00160299225
262519,262525,266255,6,3730,2,36000,1.00160857909
262537,262543,266241,6,3698,2,36000,1.00162249865
262559,262565,266274,6,3709,2,36000,1.00161768671
262593,262599,265672,6,3073,2,36000,1.00195248942
262621,262626,265863,5,3237,2,36000,1.0015446401
262746,262751,266438,5,3687,2,36000,1.00135611608
262785,262791,266522,6,3731,2,36000,1.00160814795
262910,262916,266650,6,3734,2,36000,1.00160685592
262911,262922,266701,11,3779,2,36000,1.00291082297
262918,262928,266598,10,3670,2,36000,1.00272479564
262919,262933,266643,14,3710,2,36000,1.00377358491
262985,262991,266692,6,3701,2,36000,1.00162118346
262986,262997,266755,11,3758,2,36000,1.00292708888
263246,263252,266709,6,3457,2,36000,1.00173560891
263254,263260,266695,6,3435,2,36000,1.00174672489
263289,263295,266954,6,3659,2,36000,1.00163979229
263295,263300,266764,5,3464,2,36000,1.00144341801
263442,263448,267144,6,3696,2,36000,1.00162337662
263475,263481,267197,6,3716,2,36000,1.0016146394
263626,263633,266789,7,3156,2,36000,1.00221799747
263668,263674,266810,6,3136,2,36000,1.00191326531
263676,263682,266824,6,3142,2,36000,1.00190961171
263741,263747,267112,6,3365,2,36000,1.00178306092
264104,264110,267895,6,3785,2,36000,1.00158520476
264148,264154,267962,6,3808,2,36000,1.00157563025
264160,264166,267967,6,3801,2,36000,1.00157853197
264641,264647,267917,6,3270,2,36000,1.00183486239
264642,264653,267700,11,3047,2,36000,1.0036101083
264763,264769,268252,6,3483,2,36000,1.00172265289
264791,264797,267791,6,2994,2,36000,1.00200400802
264797,264803,268592,6,3789,2,36000,1.00158353127
264837,264843,268560,6,3717,2,36000,1.001614205
265323,265329,269071,6,3742,2,36000,1.00160342063
265347,265353,267889,6,2536,2,36000,1.0023659306
265635,265641,269453,6,3812,2,36000,1.00157397692
265658,265664,268686,6,3022,2,36000,1.00198544011
265681,265687,269043,6,3356,2,36000,1.00178784267
265793,265799,269464,6,3665,2,36000,1.00163710778
265869,265881,265885,12,4,2,300,1.6
265870,265876,269082,6,3206,2,36000,1.00187149095
265893,265899,265926,6,27,2,300,1.22222222222
265935,265941,265993,6,52,2,300,1.11538461538
266001,266007,266259,6,252,2,300,1.02380952381
266059,266065,269817,6,3752,2,36000,1.00159914712
266179,266185,270018,6,3833,2,36000,1.00156535351
266251,266257,270013,6,3756,2,36000,1.00159744409
266257,266263,269915,6,3652,2,36000,1.00164293538
266263,266269,270007,6,3738,2,36000,1.00160513644
266270,266276,266290,6,14,2,300,1.42857142857
266281,266288,269583,7,3295,2,36000,1.00212443096
266297,266303,266344,6,41,2,300,1.14634146341
266352,266358,266400,6,42,2,300,1.14285714286
266411,266417,266728,6,311,2,300,1.0192926045
266446,266453,270270,7,3817,2,36000,1.00183390097
266528,266534,270178,6,3644,2,36000,1.00164654226
266604,266610,269713,6,3103,2,36000,1.00193361263
266650,266656,269550,6,2894,2,36000,1.00207325501
266656,266662,269302,6,2640,2,36000,1.00227272727
266700,266706,270515,6,3809,2,36000,1.00157521659
266701,266712,269471,11,2759,2,36000,1.00398695179
266707,266718,270418,11,3700,2,36000,1.00297297297
266719,266726,270509,7,3783,2,36000,1.00185038329
266764,266770,270518,6,3748,2,36000,1.00160085379
266775,266781,270535,6,3754,2,36000,1.00159829515
266798,266804,270571,6,3767,2,36000,1.0015927794
266819,266826,270617,7,3791,2,36000,1.0018464785
266831,266837,270604,6,3767,2,36000,1.0015927794
266962,266968,269996,6,3028,2,36000,1.00198150594
267121,267127,270859,6,3732,2,36000,1.00160771704
267154,267160,270942,6,3782,2,36000,1.00158646219
267205,267211,270942,6,3731,2,36000,1.00160814795
267707,267713,271282,6,3569,2,36000,1.00168114318
267796,267802,271465,6,3663,2,36000,1.00163800164
267897,267903,271510,6,3607,2,36000,1.00166343222
267904,267910,271574,6,3664,2,36000,1.00163755459
267923,267929,271622,6,3693,2,36000,1.00162469537
267969,267975,271669,6,3694,2,36000,1.00162425555
267976,267982,271739,6,3757,2,36000,1.0015970189
268262,268268,271487,6,3219,2,36000,1.0018639329
268569,268575,271804,6,3229,2,36000,1.00185816042
268603,268609,271363,6,2754,2,36000,1.00217864924
268696,268702,271722,6,3020,2,36000,1.00198675497
269052,269058,272843,6,3785,2,36000,1.00158520476
269079,269085,272896,6,3811,2,36000,1.00157438992
269091,269097,272871,6,3774,2,36000,1.00158982512
269313,269319,271843,6,2524,2,36000,1.00237717908
269462,269468,272013,6,2545,2,36000,1.00235756385
269473,269479,272163,6,2684,2,36000,1.00223546945
269479,269485,272968,6,3483,2,36000,1.00172265289
269556,269562,273191,6,3629,2,36000,1.00165334803
269589,269596,271845,7,2249,2,36000,1.00311249444
269720,269726,273198,6,3472,2,36000,1.0017281106
269822,269827,273377,5,3550,2,36000,1.0014084507
269922,269928,273075,6,3147,2,36000,1.00190657769
270005,270011,272675,6,2664,2,36000,1.00225225225
270013,270019,272583,6,2564,2,36000,1.0023400936
270019,270025,273407,6,3382,2,36000,1.00177409817
270025,270031,272813,6,2782,2,36000,1.00215672178
270184,270190,273211,6,3021,2,36000,1.00198609732
270280,270287,274002,7,3715,2,36000,1.00188425303
270425,270431,273247,6,2816,2,36000,1.00213068182
270519,270525,274323,6,3798,2,36000,1.00157977883
270525,270531,274307,6,3776,2,36000,1.00158898305
270527,270537,273464,10,2927,2,36000,1.00341646737
270544,270550,273688,6,3138,2,36000,1.00191204589
270577,270583,274248,6,3665,2,36000,1.00163710778
270610,270617,274027,7,3410,2,36000,1.00205278592
270623,270629,274240,6,3611,2,36000,1.00166158959
270867,270874,273486,7,2612,2,36000,1.00267993874
270950,270956,274627,6,3671,2,36000,1.00163443203
270951,270961,274736,10,3775,2,36000,1.00264900662
271291,271297,275104,6,3807,2,36000,1.00157604413
271373,271380,275169,7,3789,2,36000,1.00184745315
271475,271481,274428,6,2947,2,36000,1.00203596878
271493,271499,274503,6,3004,2,36000,1.00199733688
271516,271521,275310,5,3789,2,36000,1.0013196094
271585,271591,275364,6,3773,2,36000,1.00159024649
271630,271636,275416,6,3780,2,36000,1.00158730159
271679,271685,275371,6,3686,2,36000,1.00162778079
271729,271736,275111,7,3375,2,36000,1.00207407407
271747,271753,275313,6,3560,2,36000,1.00168539326
271815,271821,275561,6,3740,2,36000,1.00160427807
271849,271855,275634,6,3779,2,36000,1.00158772162
271856,271861,275604,5,3743,2,36000,1.00133582688
272019,272026,275523,7,3497,2,36000,1.00200171576
272173,272179,275641,6,3462,2,36000,1.00173310225
272592,272599,275073,7,2474,2,36000,1.00282942603
272683,272689,276429,6,3740,2,36000,1.00160427807
272823,272829,276522,6,3693,2,36000,1.00162469537
272852,272858,276571,6,3713,2,36000,1.00161594398
272880,272886,276612,6,3726,2,36000,1.00161030596
272903,272910,276017,7,3107,2,36000,1.00225297715
272975,272982,275646,7,2664,2,36000,1.00262762763
273084,273090,276509,6,3419,2,36000,1.00175489909
273200,273206,276811,6,3605,2,36000,1.00166435506
273206,273211,276939,5,3728,2,36000,1.00134120172
273218,273225,276714,7,3489,2,36000,1.00200630553
273253,273260,276844,7,3584,2,36000,1.001953125
273386,273392,276120,6,2728,2,36000,1.00219941349
273414,273420,276106,6,2686,2,36000,1.00223380491
273470,273476,277100,6,3624,2,36000,1.00165562914
273496,273502,276949,6,3447,2,36000,1.00174064404
273699,273705,277492,6,3787,2,36000,1.00158436757
274013,274019,277810,6,3791,2,36000,1.00158269586
274038,274044,276857,6,2813,2,36000,1.00213295414
274246,274252,277966,6,3714,2,36000,1.00161550889
274258,274264,277924,6,3660,2,36000,1.00163934426
274314,274320,278048,6,3728,2,36000,1.00160944206
274332,274338,278092,6,3754,2,36000,1.00159829515
274436,274443,278168,7,3725,2,36000,1.00187919463
274508,274514,278100,6,3586,2,36000,1.00167317345
274636,274642,277859,6,3217,2,36000,1.0018650917
274747,274753,278430,6,3677,2,36000,1.00163176503
275080,275085,278212,5,3127,2,36000,1.00159897665
275110,275116,277837,6,2721,2,36000,1.00220507166
275117,275122,278235,5,3113,2,36000,1.00160616768
275180,275186,278646,6,3460,2,36000,1.00173410405
275318,275324,279107,6,3783,2,36000,1.00158604282
275319,275330,278772,11,3442,2,36000,1.00319581639
275373,275379,278197,6,2818,2,36000,1.00212916962
275380,275386,278507,6,3121,2,36000,1.00192246075
275423,275430,278097,7,2667,2,36000,1.00262467192
275529,275536,278587,7,3051,2,36000,1.00229432973
275567,275572,279360,5,3788,2,36000,1.00131995776
275614,275620,279429,6,3809,2,36000,1.00157521659
275640,275646,279466,6,3820,2,36000,1.00157068063
275648,275653,279455,5,3802,2,36000,1.00131509732
275655,275661,279456,6,3795,2,36000,1.00158102767
276028,276034,279822,6,3788,2,36000,1.00158394931
276114,276120,279297,6,3177,2,36000,1.00188857413
276128,276134,278683,6,2549,2,36000,1.00235386426
276437,276443,279889,6,3446,2,36000,1.00174114916
276518,276524,280254,6,3730,2,36000,1.00160857909
276531,276538,280294,7,3756,2,36000,1.00186368477
276578,276584,280376,6,3792,2,36000,1.00158227848
276618,276623,280373,5,3750,2,36000,1.00133333333
276721,276726,279768,5,3042,2,36000,1.00164365549
276819,276825,280527,6,3702,2,36000,1.00162074554
276849,276855,280470,6,3615,2,36000,1.00165975104
276868,276874,280450,6,3576,2,36000,1.00167785235
276947,276953,280691,6,3738,2,36000,1.00160513644
276959,276965,280632,6,3667,2,36000,1.00163621489
277107,277113,280750,6,3637,2,36000,1.0016497113
277499,277506,280127,7,2621,2,36000,1.00267073636
277819,277825,281478,6,3653,2,36000,1.00164248563
277844,277850,281581,6,3731,2,36000,1.00160814795
277868,277874,281541,6,3667,2,36000,1.00163621489
277930,277936,281013,6,3077,2,36000,1.00194995125
277973,277979,280503,6,2524,2,36000,1.00237717908
278058,278064,281533,6,3469,2,36000,1.00172960507
278103,278108,281530,5,3422,2,36000,1.00146113384
278103,278114,281466,11,3352,2,36000,1.00328162291
278110,278120,281924,10,3804,2,36000,1.00262881178
278178,278184,281963,6,3779,2,36000,1.00158772162
278208,278214,282002,6,3788,2,36000,1.00158394931
278220,278226,282011,6,3785,2,36000,1.00158520476
278248,278254,281962,6,3708,2,36000,1.00161812298
278440,278446,282255,6,3809,2,36000,1.00157521659
278517,278523,282319,6,3796,2,36000,1.00158061117
278593,278599,281506,6,2907,2,36000,1.00206398349
278656,278662,281730,6,3068,2,36000,1.00195567145
278692,278698,282336,6,3638,2,36000,1.00164925783
278778,278784,282494,6,3710,2,36000,1.00161725067
279118,279124,281265,6,2141,2,36000,1.00280242877
279308,279314,283039,6,3725,2,36000,1.00161073826
279371,279377,282553,6,3176,2,36000,1.00188916877
279440,279446,282084,6,2638,2,36000,1.00227445034
279464,279470,283042,6,3572,2,36000,1.00167973124
279467,279476,283124,9,3648,2,36000,1.00246710526
279474,279482,281867,8,2385,2,36000,1.00335429769
279780,279786,283463,6,3677,2,36000,1.00163176503
279833,279839,282835,6,2996,2,36000,1.00200267023
279899,279906,283472,7,3566,2,36000,1.00196298374
280140,280146,283870,6,3724,2,36000,1.00161117078
280262,280268,283349,6,3081,2,36000,1.00194741967
280300,280306,283537,6,3231,2,36000,1.00185701021
280382,280387,284206,5,3819,2,36000,1.00130924326
280383,280393,284168,10,3775,2,36000,1.00264900662
280459,280465,284264,6,3799,2,36000,1.00157936299
280479,280485,284239,6,3754,2,36000,1.00159829515
280514,280520,283382,6,2862,2,36000,1.00209643606
280534,280540,283814,6,3274,2,36000,1.00183262065
280644,280650,284397,6,3747,2,36000,1.00160128102
280700,280706,284489,6,3783,2,36000,1.00158604282
280758,280764,284377,6,3613,2,36000,1.0016606698
281022,281029,284742,7,3713,2,36000,1.00188526798
281272,281279,284808,7,3529,2,36000,1.00198356475
281476,281482,285177,6,3695,2,36000,1.00162381597
281485,281491,285231,6,3740,2,36000,1.00160427807
281514,281520,285222,6,3702,2,36000,1.00162074554
281539,281545,284881,6,3336,2,36000,1.00179856115
281541,281551,284939,10,3388,2,36000,1.00295159386
281550,281557,284977,7,3420,2,36000,1.00204678363
281589,281596,284055,7,2459,2,36000,1.00284668564
281737,281743,285396,6,3653,2,36000,1.00164248563
281875,281881,285358,6,3477,2,36000,1.00172562554
281936,281942,285142,6,3200,2,36000,1.001875
281974,281980,284795,6,2815,2,36000,1.00213143872
281976,281986,284441,10,2455,2,36000,1.00407331976
282015,282021,285379,6,3358,2,36000,1.00178677784
282023,282029,285343,6,3314,2,36000,1.00181050091
282093,282099,285677,6,3578,2,36000,1.00167691448
282270,282277,285442,7,3165,2,36000,1.00221169036
282332,282338,285498,6,3160,2,36000,1.00189873418
282346,282352,285364,6,3012,2,36000,1.00199203187
282504,282510,285302,6,2792,2,36000,1.00214899713
282559,282565,286032,6,3467,2,36000,1.00173060283
282843,282849,286702,6,3853,2,36000,1.00155722813
283046,283052,286706,6,3654,2,36000,1.00164203612
283048,283058,286093,10,3035,2,36000,1.00329489292
283133,283139,286761,6,3622,2,36000,1.00165654335
283356,283362,286865,6,3503,2,36000,1.00171281758
283390,283397,286350,7,2953,2,36000,1.00237047071
283473,283479,285528,6,2049,2,36000,1.00292825769
283481,283487,286613,6,3126,2,36000,1.0019193858
283546,283552,286038,6,2486,2,36000,1.00241351569
283824,283830,286890,6,3060,2,36000,1.00196078431
283880,283886,286214,6,2328,2,36000,1.00257731959
284061,284068,287437,7,3369,2,36000,1.00207776788
284176,284182,287497,6,3315,2,36000,1.00180995475
284212,284218,288038,6,3820,2,36000,1.00157068063
284245,284251,288033,6,3782,2,36000,1.00158646219
284270,284276,287124,6,2848,2,36000,1.00210674157
284389,284396,288164,7,3768,2,36000,1.00185774947
284407,284413,288103,6,3690,2,36000,1.00162601626
284447,284453,288247,6,3794,2,36000,1.00158144439
284501,284508,287452,7,2944,2,36000,1.00237771739
284750,284756,288481,6,3725,2,36000,1.00161073826
284803,284809,288601,6,3792,2,36000,1.00158227848
284817,284823,288537,6,3714,2,36000,1.00161550889
284888,284895,287775,7,2880,2,36000,1.00243055556
284948,284955,288179,7,3224,2,36000,1.00217121588
284987,284993,288690,6,3697,2,36000,1.00162293752
285154,285160,288964,6,3804,2,36000,1.00157728707
285185,285191,288960,6,3769,2,36000,1.0015919342
285229,285235,288977,6,3742,2,36000,1.00160342063
285248,285254,289024,6,3770,2,36000,1.00159151194
285326,285332,287963,6,2631,2,36000,1.00228050171
285352,285359,289047,7,3688,2,36000,1.00189804772
285367,285373,288997,6,3624,2,36000,1.00165562914
285373,285379,289118,6,3739,2,36000,1.00160470714
285388,285394,289174,6,3780,2,36000,1.00158730159
285402,285408,289175,6,3767,2,36000,1.0015927794
285449,285456,289206,7,3750,2,36000,1.00186666667
285504,285510,289321,6,3811,2,36000,1.00157438992
285540,285546,289317,6,3771,2,36000,1.0015910899
285687,285693,288216,6,2523,2,36000,1.00237812128
286038,286044,289522,6,3478,2,36000,1.00172512938
286047,286053,289132,6,3079,2,36000,1.00194868464
286102,286108,289465,6,3357,2,36000,1.0017873101
286222,286228,289864,6,3636,2,36000,1.00165016502
286360,286366,290079,6,3713,2,36000,1.00161594398
286619,286625,290291,6,3666,2,36000,1.00163666121
286709,286715,290293,6,3578,2,36000,1.00167691448
286717,286723,290303,6,3580,2,36000,1.00167597765
286772,286778,289619,6,2841,2,36000,1.00211193242
286878,286884,289761,6,2877,2,36000,1.00208550574
286901,286907,289364,6,2457,2,36000,1.00244200244
287137,287144,290932,7,3788,2,36000,1.00184794087
287448,287454,289388,6,1934,2,36000,1.00310237849
287463,287470,290502,7,3032,2,36000,1.00230870712
287503,287509,290801,6,3292,2,36000,1.00182260024
287782,287788,291334,6,3546,2,36000,1.00169204738
287974,287981,291535,7,3554,2,36000,1.00196961171
288040,288046,291198,6,3152,2,36000,1.0019035533
288048,288054,291192,6,3138,2,36000,1.00191204589
288111,288117,290455,6,2338,2,36000,1.00256629598
288175,288181,291968,6,3787,2,36000,1.00158436757
288185,288191,291953,6,3762,2,36000,1.00159489633
288227,288234,291899,7,3665,2,36000,1.00190995907
288254,288260,291477,6,3217,2,36000,1.0018650917
288494,288501,291027,7,2526,2,36000,1.00277117973
288548,288554,292316,6,3762,2,36000,1.00159489633
288612,288618,292347,6,3729,2,36000,1.00160901046
288699,288705,292013,6,3308,2,36000,1.00181378476
288970,288977,292233,7,3256,2,36000,1.00214987715
288972,288982,291879,10,2897,2,36000,1.00345184674
288986,288992,292033,6,3041,2,36000,1.00197303519
289005,289012,292621,7,3609,2,36000,1.00193959546
289033,289040,292801,7,3761,2,36000,1.00186120713
289056,289062,292859,6,3797,2,36000,1.00158019489
289125,289131,292845,6,3714,2,36000,1.00161550889
289143,289149,292593,6,3444,2,36000,1.00174216028
289180,289186,292341,6,3155,2,36000,1.00190174326
289182,289192,292179,10,2987,2,36000,1.00334784064
289215,289221,292921,6,3700,2,36000,1.00162162162
289328,289334,293077,6,3743,2,36000,1.00160299225
289329,289340,293069,11,3729,2,36000,1.00294985251
289371,289378,291910,7,2532,2,36000,1.00276461295
289397,289403,292256,6,2853,2,36000,1.00210304942
289472,289478,293201,6,3723,2,36000,1.00161160355
289529,289536,293329,7,3793,2,36000,1.00184550488
289629,289635,292328,6,2693,2,36000,1.00222799851
289767,289774,293501,7,3727,2,36000,1.00187818621
289871,289877,293544,6,3667,2,36000,1.00163621489
290090,290096,293566,6,3470,2,36000,1.00172910663
290297,290303,294037,6,3734,2,36000,1.00160685592
290305,290311,294013,6,3702,2,36000,1.00162074554
290312,290319,294063,7,3744,2,36000,1.00186965812
290402,290408,325532,6,35124,1,82980,1.00017082337
290463,290469,293201,6,2732,2,36000,1.00219619327
290512,290518,294051,6,3533,2,36000,1.00169827342
290547,290553,292381,6,1828,8,1800,1.00328227571
290594,290600,325532,6,34932,1,82980,1.00017176228
290811,290817,294328,6,3511,2,36000,1.00170891484
290841,290847,290893,6,46,16,7200,1.13043478261
290940,290946,294741,6,3795,2,36000,1.00158102767
291034,291040,294833,6,3793,2,36000,1.00158186132
291204,291210,295014,6,3804,2,36000,1.00157728707
291206,291216,295037,10,3821,2,36000,1.00261711594
291341,291347,294116,6,2769,2,36000,1.00216684724
291450,291456,297154,6,5698,16,7200,1.00105300105
291487,291493,294993,6,3500,2,36000,1.00171428571
291542,291548,295303,6,3755,2,36000,1.00159786951
291888,291895,294544,7,2649,2,36000,1.00264250661
291906,291913,295569,7,3656,2,36000,1.00191466083
291920,291926,295706,6,3780,2,36000,1.00158730159
291962,291969,295597,7,3628,2,36000,1.00192943771
291975,291982,295679,7,3697,2,36000,1.0018934271
292021,292027,295458,6,3431,2,36000,1.00174876129
292040,292046,295426,6,3380,2,36000,1.00177514793
292188,292194,295376,6,3182,2,36000,1.00188560654
292244,292250,296064,6,3814,2,36000,1.00157315155
292265,292271,296087,6,3816,2,36000,1.00157232704
292326,292332,295782,6,3450,2,36000,1.00173913043
292335,292341,294806,6,2465,2,36000,1.00243407708
292351,292357,295615,6,3258,2,36000,1.00184162063
292359,292365,295649,6,3284,2,36000,1.00182704019
292600,292606,296340,6,3734,2,36000,1.00160685592
292629,292635,296403,6,3768,2,36000,1.00159235669
292811,292817,295881,6,3064,2,36000,1.00195822454
292854,292860,296606,6,3746,2,36000,1.00160170849
292869,292875,296700,6,3825,2,36000,1.00156862745
292936,292942,296368,6,3426,2,36000,1.00175131349
293038,293044,296656,6,3612,8,3600,1.00166112957
293076,293082,296881,6,3799,2,36000,1.00157936299
293084,293090,296900,6,3810,2,36000,1.00157480315
293207,293213,296966,6,3753,2,36000,1.00159872102
293208,293219,296921,11,3702,2,36000,1.00297136683
293338,293344,297075,6,3731,2,36000,1.00160814795
293512,293518,297160,6,3642,2,36000,1.00164744646
293555,293561,296970,6,3409,2,36000,1.00176004693
293576,293582,297318,6,3736,2,36000,1.00160599572
294021,294027,297732,6,3705,2,36000,1.0016194332
294048,294054,297734,6,3680,2,36000,1.00163043478
294057,294062,297686,5,3624,2,36000,1.00137969095
294071,294077,297188,6,3111,2,36000,1.00192864031
294124,294131,296899,7,2768,2,36000,1.00252890173
294340,294346,297960,6,3614,2,36000,1.00166021029
294555,294562,297687,7,3125,2,36000,1.00224
294749,294755,298556,6,3801,2,36000,1.00157853197
294820,294826,298608,6,3782,2,36000,1.00158646219
294844,294850,298629,6,3779,2,36000,1.00158772162
295002,295008,298832,6,3824,2,36000,1.00156903766
295023,295029,298815,6,3786,2,36000,1.00158478605
295043,295049,298031,6,2982,2,36000,1.00201207243
295055,295089,338310,34,43221,4,43200,1.00078665464
295055,295079,338335,24,43256,4,43200,1.00055483632
295055,295094,338329,39,43235,4,43200,1.00090204695
295055,295067,338322,12,43255,4,43200,1.00027742458
295055,295062,338317,7,43255,4,43200,1.000161831
295055,295073,338299,18,43226,4,43200,1.00041641605
295055,295084,331919,29,36835,4,43200,1.00078729469
295056,295104,338369,48,43265,4,43200,1.00110944181
295056,295125,300374,69,5249,4,43200,1.01314536102
295056,295099,338315,43,43216,4,43200,1.00099500185
295056,295130,308409,74,13279,4,43200,1.00557270879
295056,295115,318479,59,23364,4,43200,1.00252525253
295056,295120,320873,64,25753,4,43200,1.00248514736
295056,295110,295112,54,2,4,43200,5.6
295057,295135,338373,78,43238,4,43200,1.00180396873
295057,295140,334572,83,39432,4,43200,1.00210488943
295314,295320,299026,6,3706,2,36000,1.00161899622
295387,295393,299132,6,3739,2,36000,1.00160470714
295432,295437,298861,5,3424,2,36000,1.00146028037
295466,295472,298328,6,2856,2,36000,1.00210084034
295580,295586,297692,6,2106,2,36000,1.00284900285
295606,295612,298507,6,2895,2,36000,1.00207253886
295625,295631,298578,6,2947,2,36000,1.00203596878
295660,295666,298833,6,3167,2,36000,1.00189453742
295691,295697,299499,6,3802,2,36000,1.00157811678
295715,295721,298550,6,2829,2,36000,1.00212089077
295791,295797,299285,6,3488,2,36000,1.00172018349
295892,295898,298623,6,2725,2,36000,1.00220183486
296074,296080,299794,6,3714,2,36000,1.00161550889
296097,296103,298954,6,2851,2,36000,1.00210452473
296352,296359,299952,7,3593,2,36000,1.00194823267
296379,296385,300115,6,3730,2,36000,1.00160857909
296412,296418,299727,6,3309,2,36000,1.00181323663
296613,296619,300480,6,3861,2,36000,1.00155400155
296712,296718,300494,6,3776,2,36000,1.00158898305
296890,296896,300602,6,3706,2,36000,1.00161899622
296909,296915,300685,6,3770,2,36000,1.00159151194
296910,296921,300706,11,3785,2,36000,1.00290620872
296927,296933,300693,6,3760,2,36000,1.00159574468
296975,296981,300141,6,3160,2,36000,1.00189873418
296977,296987,299857,10,2870,2,36000,1.00348432056
297085,297091,299757,6,2666,2,36000,1.00225056264
297169,297176,300772,7,3596,2,36000,1.00194660734
297195,297201,300882,6,3681,2,36000,1.00162999185
297326,297332,301064,6,3732,2,36000,1.00160771704
297597,297613,297621,16,8,1,900,2.4
297597,297608,297616,11,8,1,900,1.9
297597,297618,297625,21,7,1,900,2.8
297597,297603,297613,6,10,1,900,1.6
297597,297624,297631,27,7,1,900,3.4
297598,297629,297636,31,7,1,900,3.8
297598,297634,297642,36,8,1,900,4.4
297598,297640,297647,42,7,1,900,4.9
297598,297645,297651,47,6,1,900,5.3
297598,297666,297675,68,9,1,900,7.7
297598,297660,297668,62,8,1,900,7.0
297598,297655,297663,57,8,1,900,6.5
297598,297650,297658,52,8,1,900,6.0
297599,297692,297700,93,8,1,900,10.1
297599,297702,297710,103,8,1,900,11.1
297599,297697,297704,98,7,1,900,10.5
297599,297686,297695,87,9,1,900,9.6
297599,297681,297688,82,7,1,900,8.9
297599,297676,297684,77,8,1,900,8.5
297599,297671,297678,72,7,1,900,7.9
297600,297718,297726,118,8,1,900,12.6
297600,297712,297723,112,11,1,900,11.1818181818
297600,297728,297737,128,9,1,900,13.7
297600,297734,297743,134,9,1,900,14.3
297600,297739,297748,139,9,1,900,14.8
297600,297744,297753,144,9,1,900,15.3
297600,297749,297767,149,18,1,900,9.27777777778
297600,297723,297730,123,7,1,900,13.0
297601,297798,297841,197,43,1,900,5.58139534884
297601,297803,297826,202,23,1,900,9.78260869565
297601,297754,297765,153,11,1,900,14.9090909091
297601,297787,297799,186,12,1,900,16.5
297601,297813,297836,212,23,1,900,10.2173913043
297601,297808,297836,207,28,1,900,8.39285714286
297601,297792,297806,191,14,1,900,14.6428571429
297602,297823,297836,221,13,1,900,18.0
297602,297839,297884,237,45,1,900,6.26666666667
297602,297834,297898,232,64,1,900,4.625
297602,297854,297881,252,27,1,900,10.3333333333
297602,297849,297875,247,26,1,900,10.5
297602,297818,297831,216,13,1,900,17.6153846154
297602,297829,297864,227,35,1,900,7.48571428571
297602,297844,297864,242,20,1,900,13.1
297603,297865,297882,262,17,1,900,16.4117647059
297603,297880,298060,277,180,1,900,2.53888888889
297603,297885,297909,282,24,1,900,12.75
297603,297890,297940,287,50,1,900,6.74
297603,297875,297892,272,17,1,900,17.0
297603,297860,297889,257,29,1,900,9.86206896552
297603,297870,297887,267,17,1,900,16.7058823529
297604,297896,297961,292,65,1,900,5.49230769231
297696,297762,301002,66,3240,2,36000,1.02037037037
297699,297767,300487,68,2720,2,36000,1.025
297700,297772,301144,72,3372,2,36000,1.02135231317
297739,297777,300920,38,3143,2,36000,1.01209035953
297741,297782,301178,41,3396,2,36000,1.01207302709
297875,297903,298373,28,470,4,3600,1.05957446809
297970,297977,300828,7,2851,2,36000,1.00245527885
298037,298044,300864,7,2820,2,36000,1.0024822695
298336,298342,302135,6,3793,2,36000,1.00158186132
298430,298451,298452,21,1,1,900,2.2
298430,298462,298463,32,1,1,900,3.3
298430,298457,298458,27,1,1,900,2.8
298430,298446,298447,16,1,1,900,1.7
298430,298435,298437,5,2,1,900,1.0
298431,298491,298492,60,1,1,900,6.1
298431,298481,298482,50,1,1,900,5.1
298431,298476,298477,45,1,1,900,4.6
298431,298486,298487,55,1,1,900,5.6
298431,298502,298503,71,1,1,900,7.2
298431,298467,298468,36,1,1,900,3.7
298431,298507,298508,76,1,1,900,7.7
298432,298544,298545,112,1,1,900,11.3
298432,298549,298550,117,1,1,900,11.8
298432,298528,298529,96,1,1,900,9.7
298432,298523,298524,91,1,1,900,9.2
298432,298512,298513,80,1,1,900,8.1
298432,298533,298534,101,1,1,900,10.2
298432,298517,298518,85,1,1,900,8.6
298433,298554,298555,121,1,1,900,12.2
298433,298559,298560,126,1,1,900,12.7
298433,298565,298566,132,1,1,900,13.3
298433,298570,298571,137,1,1,900,13.8
298433,298575,298576,142,1,1,900,14.3
298433,298580,298581,147,1,1,900,14.8
298434,298629,298630,195,1,1,900,19.6
298434,298609,298610,175,1,1,900,17.6
298434,298614,298615,180,1,1,900,18.1
298434,298619,298620,185,1,1,900,18.6
298434,298624,298625,190,1,1,900,19.1
298435,298645,298646,210,1,1,900,21.1
298435,298681,298705,246,24,1,900,11.25
298435,298660,298676,225,16,1,900,15.0625
298435,298671,298684,236,13,1,900,19.1538461538
298435,298666,298679,231,13,1,900,18.7692307692
298435,298655,298675,220,20,1,900,12.0
298435,298650,298651,215,1,1,900,21.6
298435,298676,298693,241,17,1,900,15.1764705882
298436,298686,298704,250,18,1,900,14.8888888889
298436,298691,298709,255,18,1,900,15.1666666667
298436,298701,298721,265,20,1,900,14.25
298436,298712,298725,276,13,1,900,22.2307692308
298436,298707,298725,271,18,1,900,16.0555555556
298436,298717,298738,281,21,1,900,14.380952381
298436,298696,298709,260,13,1,900,21.0
298518,298593,302355,75,3762,2,36000,1.01993620415
298560,298599,301593,39,2994,2,36000,1.0130260521
298567,298604,301320,37,2716,2,36000,1.01362297496
298588,298726,300947,138,2221,2,36000,1.0621341738
298615,298731,301121,116,2390,2,36000,1.04853556485
298631,298736,302083,105,3347,2,36000,1.03137137735
298640,298741,301029,101,2288,2,36000,1.04414335664
298689,298746,298752,57,6,1,900,6.3
298689,298751,298758,62,7,1,900,6.9
298689,298756,298762,67,6,1,900,7.3
298689,298761,298768,72,7,1,900,7.9
298689,298767,298773,78,6,1,900,8.4
298690,298787,298794,97,7,1,900,10.4
298690,298772,298778,82,6,1,900,8.8
298690,298782,298789,92,7,1,900,9.9
298690,298777,298783,87,6,1,900,9.3
298690,298792,298799,102,7,1,900,10.9
298690,298798,298804,108,6,1,900,11.4
298690,298803,298809,113,6,1,900,11.9
298690,298808,298814,118,6,1,900,12.4
298691,298849,298856,158,7,1,900,16.5
298691,298818,298824,127,6,1,900,13.3
298691,298823,298830,132,7,1,900,13.9
298691,298828,298835,137,7,1,900,14.4
298691,298833,298840,142,7,1,900,14.9
298691,298844,298851,153,7,1,900,16.0
298691,298839,298846,148,7,1,900,15.5
298691,298813,298820,122,7,1,900,12.9
298692,298864,298871,172,7,1,900,17.9
298692,298903,298910,211,7,1,900,21.8
298692,298898,298905,206,7,1,900,21.3
298692,298893,298900,201,7,1,900,20.8
298692,298854,298861,162,7,1,900,16.9
298692,298870,298876,178,6,1,900,18.4
298692,298859,298866,167,7,1,900,17.4
298693,298914,298921,221,7,1,900,22.8
298693,298929,298945,236,16,1,900,15.75
298693,298919,298926,226,7,1,900,23.3
298693,298945,298959,252,14,1,900,19.0
298693,298939,298952,246,13,1,900,19.9230769231
298693,298934,298950,241,16,1,900,16.0625
298693,298908,298915,215,7,1,900,22.2
298693,298924,298931,231,7,1,900,23.8
298694,298981,298998,287,17,1,900,17.8823529412
298694,298975,298988,281,13,1,900,22.6153846154
298694,298970,298984,276,14,1,900,20.7142857143
298694,298965,298983,271,18,1,900,16.0555555556
298694,298960,298979,266,19,1,900,15.0
298694,298955,298974,261,19,1,900,14.7368421053
298694,298950,298967,256,17,1,900,16.0588235294
298695,299001,299014,306,13,1,900,24.5384615385
298695,298986,299010,291,24,1,900,13.125
298695,298996,299014,301,18,1,900,17.7222222222
298695,298991,299009,296,18,1,900,17.4444444444
298695,299006,299020,311,14,1,900,23.2142857143
298695,299011,299030,316,19,1,900,17.6315789474
298695,299034,299049,339,15,1,900,23.6
298695,299017,299029,322,12,1,900,27.8333333333
298824,298878,302360,54,3482,2,36000,1.01550832855
298840,298883,302150,43,3267,2,36000,1.01316192225
298841,298888,301943,47,3055,2,36000,1.01538461538
298874,299024,302750,150,3726,2,36000,1.04025764895
298962,299029,301407,67,2378,2,36000,1.02817493692
299037,299042,300997,5,1955,2,36000,1.00255754476
299138,299145,301113,7,1968,2,36000,1.00355691057
299292,299298,302339,6,3041,2,36000,1.00197303519
299507,299513,303018,6,3505,2,36000,1.00171184023
299733,299739,303441,6,3702,2,36000,1.00162074554
299766,299772,303410,6,3638,2,36000,1.00164925783
299774,299779,299780,5,1,1,900,1.0
299774,299785,299786,11,1,1,900,1.2
299774,299790,299791,16,1,1,900,1.7
299774,299796,299797,22,1,1,900,2.3
299774,299801,299802,27,1,1,900,2.8
299775,299843,299844,68,1,1,900,6.9
299775,299838,299839,63,1,1,900,6.4
299775,299827,299828,52,1,1,900,5.3
299775,299822,299823,47,1,1,900,4.8
299775,299806,299807,31,1,1,900,3.2
299775,299812,299813,37,1,1,900,3.8
299775,299817,299818,42,1,1,900,4.3
299776,299848,299849,72,1,1,900,7.3
299776,299853,299854,77,1,1,900,7.8
299776,299864,299865,88,1,1,900,8.9
299776,299869,299870,93,1,1,900,9.4
299776,299874,299875,98,1,1,900,9.9
299776,299885,299886,109,1,1,900,11.0
299777,299911,299912,134,1,1,900,13.5
299777,299921,299922,144,1,1,900,14.5
299777,299941,299942,164,1,1,900,16.5
299777,299900,299901,123,1,1,900,12.4
299777,299916,299917,139,1,1,900,14.0
299777,299890,299891,113,1,1,900,11.4
299777,299895,299896,118,1,1,900,11.9
299778,299972,299973,194,1,1,900,19.5
299778,299956,299957,178,1,1,900,17.9
299778,299951,299952,173,1,1,900,17.4
299778,299977,299978,199,1,1,900,20.0
299778,299982,299983,204,1,1,900,20.5
299778,299946,299947,168,1,1,900,16.9
299779,299987,299988,208,1,1,900,20.9
299779,300003,300004,224,1,1,900,22.5
299779,300008,300009,229,1,1,900,23.0
299779,300013,300014,234,1,1,900,23.5
299779,300018,300019,239,1,1,900,24.0
299779,300023,300024,244,1,1,900,24.5
299780,300028,300029,248,1,1,900,24.9
299780,300039,300040,259,1,1,900,26.0
299780,300044,300045,264,1,1,900,26.5
299780,300049,300050,269,1,1,900,27.0
299780,300054,300055,274,1,1,900,27.5
299806,299931,303362,125,3431,2,36000,1.03643252696
299866,299936,303697,70,3761,2,36000,1.01861207126
299961,300061,303726,100,3665,2,36000,1.0272851296
300105,300116,300128,11,12,1,900,1.91666666667
300105,300121,300130,16,9,1,900,2.5
300105,300126,300138,21,12,1,900,2.75
300105,300111,300123,6,12,1,900,1.5
300106,300142,300154,36,12,1,900,4.0
300106,300147,300159,41,12,1,900,4.41666666667
300106,300152,300165,46,13,1,900,4.53846153846
300106,300158,300170,52,12,1,900,5.33333333333
300106,300163,300174,57,11,1,900,6.18181818182
300106,300168,300180,62,12,1,900,6.16666666667
300106,300173,300187,67,14,1,900,5.78571428571
300106,300137,300149,31,12,1,900,3.58333333333
300107,300178,300192,71,14,1,900,6.07142857143
300107,300183,300194,76,11,1,900,7.90909090909
300107,300188,300203,81,15,1,900,6.4
300107,300194,300208,87,14,1,900,7.21428571429
300107,300199,300219,92,20,1,900,5.6
300107,300209,300227,102,18,1,900,6.66666666667
300107,300204,300227,97,23,1,900,5.21739130435
300108,300240,300256,132,16,1,900,9.25
300108,300250,300266,142,16,1,900,9.875
300108,300245,300263,137,18,1,900,8.61111111111
300108,300224,300255,116,31,1,900,4.74193548387
300108,300219,300241,111,22,1,900,6.04545454545
300108,300230,300247,122,17,1,900,8.17647058824
300108,300214,300237,106,23,1,900,5.60869565217
300108,300235,300251,127,16,1,900,8.9375
300109,300294,300313,185,19,1,900,10.7368421053
300109,300289,300309,180,20,1,900,10.0
300109,300299,300313,190,14,1,900,14.5714285714
300109,300284,300303,175,19,1,900,10.2105263158
300109,300261,300283,152,22,1,900,7.90909090909
300109,300273,300290,164,17,1,900,10.6470588235
300109,300256,300271,147,15,1,900,10.8
300109,300279,300295,170,16,1,900,11.625
300110,300335,300357,225,22,1,900,11.2272727273
300110,300325,300354,215,29,1,900,8.41379310345
300110,300320,300349,210,29,1,900,8.24137931034
300110,300304,300322,194,18,1,900,11.7777777778
300110,300310,300329,200,19,1,900,11.5263157895
300110,300315,300411,205,96,1,900,3.13541666667
300110,300330,300343,220,13,1,900,17.9230769231
300111,300340,300521,229,181,1,900,2.26519337017
300111,300371,300487,260,116,1,900,3.24137931034
300111,300376,300486,265,110,1,900,3.40909090909
300111,300366,300380,255,14,1,900,19.2142857143
300111,300351,300367,240,16,1,900,16.0
300111,300356,300369,245,13,1,900,19.8461538462
300111,300345,300365,234,20,1,900,12.7
300111,300361,300375,250,14,1,900,18.8571428571
300112,300382,300395,270,13,1,900,21.7692307692
300125,300132,303858,7,3726,2,36000,1.00187869028
300150,300268,303717,118,3449,2,36000,1.03421281531
300491,300497,304210,6,3713,2,36000,1.00161594398
300499,300504,304161,5,3657,2,36000,1.00136724091
300500,300510,304210,10,3700,2,36000,1.0027027027
300613,300620,304381,7,3761,2,36000,1.00186120713
300691,300696,304282,5,3586,2,36000,1.00139431121
300699,300705,303528,6,2823,2,36000,1.00212539851
300713,300719,303103,6,2384,2,36000,1.00251677852
300781,300787,304377,6,3590,2,36000,1.00167130919
300836,300842,304561,6,3719,2,36000,1.00161333692
300872,300878,304603,6,3725,2,36000,1.00161073826
300893,300899,304652,6,3753,2,36000,1.00159872102
300931,300937,304661,6,3724,2,36000,1.00161117078
300957,300964,304526,7,3562,2,36000,1.0019651881
301009,301015,303687,6,2672,2,36000,1.00224550898
301010,301021,304401,11,3380,2,36000,1.00325443787
301036,301042,304033,6,2991,2,36000,1.00200601805
301073,301080,304699,7,3619,2,36000,1.00193423598
301119,301126,304473,7,3347,2,36000,1.00209142516
301127,301134,304591,7,3457,2,36000,1.00202487706
301153,301159,304535,6,3376,2,36000,1.00177725118
301186,301193,304494,7,3301,2,36000,1.00212056952
301326,301332,304467,6,3135,2,36000,1.0019138756
301417,301423,305250,6,3827,2,36000,1.00156780768
301599,301606,305402,7,3796,2,36000,1.00184404636
301880,301887,388327,7,86440,1,86400,1.00008098103
301950,301957,305684,7,3727,2,36000,1.00187818621
302089,302096,305603,7,3507,2,36000,1.00199600798
302141,302147,304629,6,2482,2,36000,1.00241740532
302156,302162,304650,6,2488,2,36000,1.00241157556
302346,302352,306000,6,3648,2,36000,1.00164473684
302362,302369,305314,7,2945,2,36000,1.00237691002
302371,302377,306060,6,3683,2,36000,1.00162910671
302764,302770,306528,6,3758,2,36000,1.00159659393
303030,303036,306187,6,3151,2,36000,1.00190415741
303110,303116,306902,6,3786,2,36000,1.00158478605
303374,303380,305899,6,2519,2,36000,1.00238189758
303422,303428,307175,6,3747,2,36000,1.00160128102
303452,303458,307189,6,3731,2,36000,1.00160814795
303537,303543,307147,6,3604,2,36000,1.00166481687
303693,303699,307448,6,3749,2,36000,1.00160042678
303708,303714,307369,6,3655,2,36000,1.00164158687
303725,303731,307429,6,3698,2,36000,1.00162249865
303734,303743,307364,9,3621,2,36000,1.00248550124
303865,303871,307593,6,3722,2,36000,1.00161203654
304042,304048,307672,6,3624,2,36000,1.00165562914
304169,304175,306998,6,2823,2,36000,1.00212539851
304221,304227,307304,6,3077,2,36000,1.00194995125
304222,304233,306840,11,2607,2,36000,1.00421940928
304290,304296,308022,6,3726,2,36000,1.00161030596
304385,304391,308061,6,3670,2,36000,1.00163487738
304389,304397,308121,8,3724,2,36000,1.00214822771
304411,304417,307418,6,3001,2,36000,1.00199933356
304477,304483,306964,6,2481,2,36000,1.00241837969
304479,304489,307268,10,2779,2,36000,1.0035984167
304501,304507,307945,6,3438,2,36000,1.0017452007
304535,304541,308327,6,3786,2,36000,1.00158478605
304544,304550,308382,6,3832,2,36000,1.001565762
304567,304573,307666,6,3093,2,36000,1.00193986421
304602,304608,308412,6,3804,2,36000,1.00157728707
304610,304617,308406,7,3789,2,36000,1.00184745315
304639,304645,308413,6,3768,2,36000,1.00159235669
304656,304663,308455,7,3792,2,36000,1.00184599156
304658,304669,308438,11,3769,2,36000,1.00291854603
304667,304675,308455,8,3780,2,36000,1.00211640212
304708,304714,308503,6,3789,2,36000,1.00158353127
304735,304741,325814,6,21073,3,576000,1.00028472453
304901,304907,325735,6,20828,3,576000,1.00028807375
305260,305266,308690,6,3424,2,36000,1.00175233645
305325,305331,308627,6,3296,2,36000,1.00182038835
305345,305351,327224,6,21873,3,576000,1.00027431079
305416,305422,309041,6,3619,2,36000,1.00165791655
305494,305500,374429,6,68929,1,288000,1.00008704609
305613,305619,308298,6,2679,2,36000,1.00223964166
305691,305697,308521,6,2824,2,36000,1.00212464589
305775,305781,326527,6,20746,3,576000,1.00028921238
305912,305918,308824,6,2906,2,36000,1.00206469374
306009,306015,309794,6,3779,2,36000,1.00158772162
306081,306088,309819,7,3731,2,36000,1.00187617261
306198,306204,309172,6,2968,2,36000,1.00202156334
306210,306217,382609,7,76392,1,288000,1.00009163263
306540,306546,310279,6,3733,2,36000,1.00160728636
306697,306703,327625,6,20922,3,576000,1.00028677947
306850,306856,310601,6,3745,2,36000,1.00160213618
306916,306922,310620,6,3698,2,36000,1.00162249865
306955,306961,462149,6,155188,1,432000,1.00003866278
306987,306993,310702,6,3709,2,36000,1.00161768671
307009,307016,310775,7,3759,2,36000,1.00186219739
307136,307142,327170,6,20028,3,576000,1.00029958059
307156,307163,310922,7,3759,2,36000,1.00186219739
307183,307189,310713,6,3524,2,36000,1.00170261067
307199,307205,310727,6,3522,2,36000,1.00170357751
307261,307268,468267,7,160999,1,432000,1.00004347853
307274,307281,310996,7,3715,2,36000,1.00188425303
307315,307321,310408,6,3087,2,36000,1.0019436346
307374,307380,311014,6,3634,2,36000,1.0016510732
307376,307386,310549,10,3163,2,36000,1.00316155549
307426,307432,310915,6,3483,2,36000,1.00172265289
307435,307441,311033,6,3592,2,36000,1.00167037862
307456,307462,311170,6,3708,2,36000,1.00161812298
307606,307613,310475,7,2862,2,36000,1.00244584207
307675,307681,310930,6,3249,2,36000,1.00184672207
307684,307690,310871,6,3181,2,36000,1.00188619931
307952,307958,311612,6,3654,2,36000,1.00164203612
308032,308038,311717,6,3679,2,36000,1.00163087796
308073,308079,310451,6,2372,2,36000,1.00252951096
308129,308135,311882,6,3747,2,36000,1.00160128102
308196,308202,308208,6,6,1,600,1.2
308305,308312,312055,7,3743,2,36000,1.00187015763
308338,308344,312076,6,3732,2,36000,1.00160771704
308389,308395,310667,6,2272,2,36000,1.00264084507
308416,308422,311754,6,3332,2,36000,1.00180072029
308418,308428,311449,10,3021,2,36000,1.0033101622
308419,308433,310484,14,2051,2,36000,1.00682593857
308445,308451,310400,6,1949,2,36000,1.0030785018
308463,308469,312257,6,3788,2,36000,1.00158394931
308465,308475,312022,10,3547,2,36000,1.0028192839
308511,308517,312317,6,3800,2,36000,1.00157894737
308530,308536,311666,6,3130,2,36000,1.00191693291
308633,308639,311541,6,2902,2,36000,1.00206753963
308696,308702,312519,6,3817,2,36000,1.00157191512
308834,308840,312158,6,3318,2,36000,1.00180831826
309048,309055,312731,7,3676,2,36000,1.00190424374
309184,309190,312960,6,3770,2,36000,1.00159151194
309803,309809,313535,6,3726,2,36000,1.00161030596
309826,309832,313444,6,3612,2,36000,1.00166112957
310290,310296,313198,6,2902,2,36000,1.00206753963
310412,310418,314211,6,3793,2,36000,1.00158186132
310419,310424,314210,5,3786,2,36000,1.00132065504
310460,310467,314248,7,3781,2,36000,1.00185136207
310483,310489,314286,6,3797,2,36000,1.00158019489
310490,310496,314323,6,3827,2,36000,1.00156780768
310556,310563,314296,7,3733,2,36000,1.00187516743
310611,310617,314378,6,3761,2,36000,1.00159532039
310631,310638,313589,7,2951,2,36000,1.00237207726
310678,310684,312933,6,2249,2,36000,1.00266785238
310711,310717,314487,6,3770,2,36000,1.00159151194
310719,310724,314495,5,3771,2,36000,1.00132590825
310734,310740,314490,6,3750,2,36000,1.0016
310786,310792,314543,6,3751,2,36000,1.00159957345
310878,310885,314617,7,3732,2,36000,1.00187566988
310925,310932,314082,7,3150,2,36000,1.00222222222
310936,310941,313096,5,2155,2,36000,1.00232018561
310937,310947,313432,10,2485,2,36000,1.00402414487
311005,311011,313040,6,2029,2,36000,1.00295712173
311021,311027,314723,6,3696,2,36000,1.00162337662
311040,311046,314048,6,3002,2,36000,1.00199866755
311176,311183,314388,7,3205,2,36000,1.00218408736
311455,311461,315254,6,3793,2,36000,1.00158186132
311519,311525,315709,6,4184,1,7200,1.00143403442
311548,311554,315283,6,3729,2,36000,1.00160901046
311624,311630,314548,6,2918,2,36000,1.00205620288
311676,311682,315475,6,3793,2,36000,1.00158186132
311727,311733,315426,6,3693,2,36000,1.00162469537
311761,311767,315470,6,3703,2,36000,1.00162030786
311890,311896,315037,6,3141,2,36000,1.00191021968
311995,312006,355245,11,43239,4,43200,1.00025439996
311995,312001,355246,6,43245,4,43200,1.00013874436
311996,312011,355261,15,43250,4,43200,1.00034682081
311996,312017,355234,21,43217,4,43200,1.00048591989
311996,312022,355239,26,43217,4,43200,1.00060161511
311996,312027,355253,31,43226,4,43200,1.00071716097
311996,312037,355275,41,43238,4,43200,1.00094823997
311996,312032,355277,36,43245,4,43200,1.00083246618
311997,312053,355305,56,43252,4,43200,1.00129473782
311997,312048,355303,51,43255,4,43200,1.00117905444
311997,312043,355301,46,43258,4,43200,1.00106338712
311997,312063,355290,66,43227,4,43200,1.00152682351
311997,312058,355289,61,43231,4,43200,1.0014110245
311997,312073,355312,76,43239,4,43200,1.00175767247
311997,312068,355289,71,43221,4,43200,1.00164271997
311998,320884,364100,8886,43216,4,43200,1.20561828952
311998,312089,355322,91,43233,4,43200,1.00210487359
311998,312094,355298,96,43204,4,43200,1.00222201648
311998,327235,370437,15237,43202,4,43200,1.352692005
311998,312083,355323,85,43240,4,43200,1.00196577243
311998,312078,355309,80,43231,4,43200,1.00185052393
312031,312100,314459,69,2359,2,36000,1.02924968207
312063,312105,315494,42,3389,2,36000,1.01239303629
312084,312110,315126,26,3016,2,36000,1.00862068966
312166,312172,315920,6,3748,2,36000,1.00160085379
312241,318491,318679,6250,188,2,14400,34.2446808511
312257,327896,331095,15639,3199,4,43200,5.88871522351
312269,312275,315976,6,3701,2,36000,1.00162118346
312328,312334,315360,6,3026,2,36000,1.0019828156
312531,312538,315383,7,2845,2,36000,1.00246045694
312712,331930,331931,19218,1,4,43200,1921.9
312742,312748,315439,6,2691,2,36000,1.0022296544
312754,331942,375175,19188,43233,4,43200,1.44382763167
312944,312950,316756,6,3806,2,36000,1.00157645822
312967,312973,316734,6,3761,2,36000,1.00159532039
313052,313059,316864,7,3805,2,36000,1.00183968463
313093,318496,319142,5403,646,2,14400,9.36377708978
313105,313111,315360,6,2249,2,36000,1.00266785238
313209,313216,316947,7,3731,2,36000,1.00187617261
313284,327181,341389,13897,14208,14,32399,1.97811092342
313372,318690,319100,5318,410,2,14400,13.9707317073
313441,313447,316346,6,2899,2,36000,1.0020696792
313455,313461,317076,6,3615,2,36000,1.00165975104
313543,313549,316219,6,2670,2,36000,1.00224719101
313598,313604,317101,6,3497,2,36000,1.00171575636
314057,314063,317877,6,3814,2,36000,1.00157315155
314090,314096,317657,6,3561,2,36000,1.00168491997
314223,314229,318026,6,3797,2,36000,1.00158019489
314232,314238,317972,6,3734,2,36000,1.00160685592
314255,314261,317745,6,3484,2,36000,1.00172215844
314298,314304,318079,6,3775,2,36000,1.00158940397
314306,314312,318083,6,3771,2,36000,1.0015910899
314337,314343,318110,6,3767,2,36000,1.0015927794
314384,314389,317581,5,3192,2,36000,1.00156641604
314401,314407,317372,6,2965,2,36000,1.00202360877
314466,314473,317714,7,3241,2,36000,1.00215982721
314495,314501,318202,6,3701,2,36000,1.00162118346
314497,314507,318058,10,3551,2,36000,1.00281610814
314504,314513,318220,9,3707,2,36000,1.00242783922
314552,314558,318272,6,3714,2,36000,1.00161550889
314559,314565,318291,6,3726,2,36000,1.00161030596
314623,314629,318347,6,3718,2,36000,1.00161377084
314734,314740,318445,6,3705,2,36000,1.0016194332
315045,315051,318005,6,2954,2,36000,1.00203114421
315136,315142,318627,6,3485,2,36000,1.00172166428
315264,315270,319051,6,3781,2,36000,1.00158688178
315291,315297,319110,6,3813,2,36000,1.00157356412
315367,315373,319196,6,3823,2,36000,1.00156944808
315369,315379,318108,10,2729,2,36000,1.00366434591
315395,315401,318374,6,2973,2,36000,1.00201816347
315434,315440,319156,6,3716,2,36000,1.0016146394
315449,315455,319169,6,3714,2,36000,1.00161550889
315478,315484,319224,6,3740,2,36000,1.00160427807
315486,315496,319242,10,3746,2,36000,1.00266951415
315501,315507,319222,6,3715,2,36000,1.00161507402
315571,323325,369479,7754,46154,1,180000,1.16800277332
315931,315937,319397,6,3460,2,36000,1.00173410405
315982,315988,319608,6,3620,2,36000,1.00165745856
316230,316236,318947,6,2711,2,36000,1.00221320546
316357,316364,320155,7,3791,2,36000,1.0018464785
316737,324911,358052,8174,33141,1,180000,1.24664313087
316745,316751,320456,6,3705,2,36000,1.0016194332
316764,316770,320490,6,3720,2,36000,1.00161290323
316764,324917,347980,8153,23063,1,180000,1.353509951
316780,325544,411326,8764,85782,1,180000,1.10216595556
316808,327187,327885,10379,698,1,180000,15.8696275072
316827,316833,324138,6,7305,1,7200,1.00082135524
316875,316881,320574,6,3693,2,36000,1.00162469537
316957,316963,320669,6,3706,2,36000,1.00161899622
317088,317094,320838,6,3744,2,36000,1.0016025641
317111,317117,320802,6,3685,2,36000,1.00162822252
317381,317387,321118,6,3731,2,36000,1.00160814795
317592,317599,321296,7,3697,2,36000,1.0018934271
317667,317674,321307,7,3633,2,36000,1.00192678227
317722,317728,320359,6,2631,2,36000,1.00228050171
317754,317760,320948,6,3188,2,36000,1.00188205772
317806,319111,319112,1305,1,2,60,130.6
317888,317894,321096,6,3202,2,36000,1.00187382886
317983,317989,321131,6,3142,2,36000,1.00190961171
318016,318022,321789,6,3767,2,36000,1.0015927794
318037,318043,321551,6,3508,2,36000,1.00171037628
318064,318070,321720,6,3650,2,36000,1.00164383562
318070,319153,323334,1083,4181,1,7200,1.25902894044
318089,318095,321292,6,3197,2,36000,1.00187675946
318090,318101,321061,11,2960,2,36000,1.00371621622
318117,318123,321266,6,3143,2,36000,1.00190900414
318119,318129,320997,10,2868,2,36000,1.00348675035
318204,319158,323314,954,4156,1,7200,1.22954764196
318210,318217,321968,7,3751,2,36000,1.00186616902
318230,318236,321695,6,3459,2,36000,1.00173460538
318279,318285,322064,6,3779,2,36000,1.00158772162
318298,318304,322107,6,3803,2,36000,1.00157770181
318356,318363,322147,7,3784,2,36000,1.00184989429
318382,318388,322092,6,3704,2,36000,1.00161987041
318455,318461,322204,6,3743,2,36000,1.00160299225
318505,327192,374647,8687,47455,1,180000,1.18305763355
318508,334583,376626,16075,42043,1,180000,1.3823466451
318518,334588,335003,16070,415,1,180000,39.7228915663
318521,334593,335010,16072,417,1,180000,39.5419664269
318635,318642,322286,7,3644,2,36000,1.00192096597
318724,319128,319473,404,345,2,14400,2.17101449275
318958,318964,322542,6,3578,2,36000,1.00167691448
319058,319064,322637,6,3573,2,36000,1.00167926113
319117,319123,322243,6,3120,2,36000,1.00192307692
319167,319173,322027,6,2854,2,36000,1.00210231254
319176,319182,322362,6,3180,2,36000,1.00188679245
319207,319213,323008,6,3795,2,36000,1.00158102767
319227,319485,319935,258,450,2,14400,1.57333333333
319231,319237,323054,6,3817,2,36000,1.00157191512
319232,319243,323061,11,3818,2,36000,1.00288108958
319252,319258,323073,6,3815,2,36000,1.00157273919
319408,319414,323170,6,3756,2,36000,1.00159744409
319615,319622,322536,7,2914,2,36000,1.00240219629
319813,319946,320211,133,265,2,14400,1.50188679245
320166,320172,323925,6,3753,2,36000,1.00159872102
320233,320240,321085,7,845,2,14400,1.00828402367
320319,334599,357026,14280,22427,1,180000,1.63673250992
320322,335014,359749,14692,24735,1,180000,1.59397614716
320365,320372,324151,7,3779,2,36000,1.00185234189
320466,320472,323508,6,3036,2,36000,1.00197628458
320497,320503,322802,6,2299,2,36000,1.00260983036
320498,321096,321852,598,756,2,14400,1.79100529101
320583,320589,324290,6,3701,2,36000,1.00162118346
320677,320683,324192,6,3509,2,36000,1.00170988886
320811,320818,324562,7,3744,2,36000,1.00186965812
320849,320855,323660,6,2805,2,36000,1.00213903743
320958,320964,324596,6,3632,2,36000,1.00165198238
321004,321010,323628,6,2618,2,36000,1.00229182582
321069,321075,324870,6,3795,2,36000,1.00158102767
321106,321112,324902,6,3790,2,36000,1.00158311346
321127,321133,324914,6,3781,2,36000,1.00158688178
321142,321149,324935,7,3786,2,36000,1.00184891706
321273,321280,324270,7,2990,2,36000,1.00234113712
321299,321305,325022,6,3717,2,36000,1.001614205
321307,321313,324862,6,3549,2,36000,1.00169061708
321314,321319,324693,5,3374,2,36000,1.00148192057
321346,321863,322297,517,434,2,14400,2.19124423963
321562,321569,324474,7,2905,2,36000,1.00240963855
321704,321711,324762,7,3051,2,36000,1.00229432973
321726,321731,325307,5,3576,2,36000,1.00139821029
321798,321804,325180,6,3376,2,36000,1.00177725118
321979,321985,325214,6,3229,2,36000,1.00185816042
322035,322041,325194,6,3153,2,36000,1.00190294957
322070,322308,322671,238,363,2,14400,1.65564738292
322070,322076,325865,6,3789,2,36000,1.00158353127
322097,322103,325853,6,3750,2,36000,1.0016
322112,322118,325923,6,3805,2,36000,1.00157687254
322156,322162,325933,6,3771,2,36000,1.0015910899
322214,322220,325908,6,3688,2,36000,1.00162689805
322252,322258,324639,6,2381,2,36000,1.0025199496
322296,322302,326046,6,3744,2,36000,1.0016025641
322369,322375,326134,6,3759,2,36000,1.00159616919
322547,322553,326290,6,3737,2,36000,1.00160556596
322549,322559,326282,10,3723,2,36000,1.00268600591
322643,322650,326336,7,3686,2,36000,1.00189907759
322813,322819,326603,6,3784,2,36000,1.00158562368
323016,323022,326753,6,3731,2,36000,1.00160814795
323065,323071,326831,6,3760,2,36000,1.00159574468
323074,323080,326808,6,3728,2,36000,1.00160944206
323081,323087,326746,6,3659,2,36000,1.00163979229
323178,323184,326671,6,3487,2,36000,1.0017206768
323517,323523,327322,6,3799,2,36000,1.00157936299
323635,323641,327441,6,3800,2,36000,1.00157894737
323671,323677,327448,6,3771,2,36000,1.0015910899
323933,323939,327625,6,3686,2,36000,1.00162778079
324162,324168,327899,6,3731,2,36000,1.00160814795
324198,324204,326819,6,2615,2,36000,1.00229445507
324281,324287,327894,6,3607,2,36000,1.00166343222
324303,324309,327294,6,2985,2,36000,1.00201005025
324482,324488,328301,6,3813,2,36000,1.00157356412
324570,324576,327146,6,2570,2,36000,1.00233463035
324605,324611,328385,6,3774,2,36000,1.00158982512
324647,324653,328390,6,3737,2,36000,1.00160556596
324703,324709,328325,6,3616,2,36000,1.00165929204
324773,324779,327173,6,2394,2,36000,1.00250626566
324868,324874,327429,6,2555,2,36000,1.00234833659
324876,324883,327860,7,2977,2,36000,1.00235136043
324911,324923,327511,12,2588,2,36000,1.00463678516
324920,324929,328725,9,3796,2,36000,1.00237091675
324946,324953,327710,7,2757,2,36000,1.00253899166
325030,325036,328608,6,3572,2,36000,1.00167973124
325188,325195,329020,7,3825,2,36000,1.00183006536
325217,325223,327824,6,2601,2,36000,1.00230680507
325225,325232,328899,7,3667,2,36000,1.00190891737
325319,325325,329077,6,3752,2,36000,1.00159914712
325863,325869,329193,6,3324,2,36000,1.00180505415
325872,325878,329418,6,3540,2,36000,1.00169491525
325917,325923,328507,6,2584,2,36000,1.00232198142
325930,325937,329730,7,3793,2,36000,1.00184550488
325939,325944,329361,5,3417,2,36000,1.00146327188
326056,326062,329872,6,3810,2,36000,1.00157480315
326144,326150,329900,6,3750,2,36000,1.0016
326293,326299,330105,6,3806,2,36000,1.00157645822
326301,326308,329984,7,3676,2,36000,1.00190424374
326343,326350,329458,7,3108,2,36000,1.00225225225
326615,326621,330386,6,3765,2,36000,1.0015936255
326682,326688,329906,6,3218,2,36000,1.00186451212
326761,326767,330254,6,3487,2,36000,1.0017206768
326763,326773,329950,10,3177,2,36000,1.00314762354
326817,326823,330604,6,3781,2,36000,1.00158688178
326826,326832,330595,6,3763,2,36000,1.0015944725
326837,326843,330105,6,3262,2,36000,1.00183936235
327158,327164,330331,6,3167,2,36000,1.00189453742
327193,327200,330204,7,3004,2,36000,1.00233022636
327306,327312,330964,6,3652,2,36000,1.00164293538
327348,327354,330132,6,2778,2,36000,1.00215982721
327447,327454,330252,7,2798,2,36000,1.00250178699
327449,327460,330536,11,3076,2,36000,1.00357607282
327458,327466,330546,8,3080,2,36000,1.0025974026
327518,327524,331338,6,3814,2,36000,1.00157315155
327636,327642,331450,6,3808,2,36000,1.00157563025
327785,327791,331503,6,3712,2,36000,1.00161637931
327851,327857,331505,6,3648,2,36000,1.00164473684
327870,327877,331490,7,3613,2,36000,1.0019374481
327904,327910,331664,6,3754,2,36000,1.00159829515
327906,327916,331519,10,3603,2,36000,1.00277546489
328308,328314,332017,6,3703,2,36000,1.00162030786
328332,328338,332030,6,3692,2,36000,1.00162513543
328396,328402,332084,6,3682,2,36000,1.00162954916
328398,328408,332208,10,3800,2,36000,1.00263157895
328518,328524,332295,6,3771,2,36000,1.0015910899
328615,328621,332176,6,3555,2,36000,1.00168776371
328732,328738,331961,6,3223,2,36000,1.00186161961
328909,328916,332515,7,3599,2,36000,1.00194498472
329030,329037,332820,7,3783,2,36000,1.00185038329
329088,329094,332897,6,3803,2,36000,1.00157770181
329203,329209,331581,6,2372,2,36000,1.00252951096
329367,329372,331405,5,2033,2,36000,1.00245941958
329427,329433,333063,6,3630,2,36000,1.00165289256
329464,329471,333153,7,3682,2,36000,1.00190114068
329739,329745,333489,6,3744,2,36000,1.0016025641
329879,329886,333608,7,3722,2,36000,1.0018807093
329912,329918,333666,6,3748,2,36000,1.00160085379
329913,329924,333647,11,3723,2,36000,1.0029546065
329958,329964,332977,6,3013,2,36000,1.00199137073
329991,329996,333662,5,3666,2,36000,1.00136388434
330115,330121,333615,6,3494,2,36000,1.00171722954
330116,330127,333690,11,3563,2,36000,1.00308728599
330142,330148,333001,6,2853,2,36000,1.00210304942
330216,330222,334012,6,3790,2,36000,1.00158311346
330262,330268,334040,6,3772,2,36000,1.00159066808
330263,330274,334091,11,3817,2,36000,1.00288184438
330342,330348,334080,6,3732,2,36000,1.00160771704
330392,330399,332796,7,2397,2,36000,1.00292031706
330544,330550,334367,6,3817,2,36000,1.00157191512
330552,330558,333574,6,3016,2,36000,1.00198938992
330602,330608,334330,6,3722,2,36000,1.00161203654
330610,330616,333341,6,2725,2,36000,1.00220183486
330974,330980,334726,6,3746,2,36000,1.00160170849
331135,331141,332189,6,1048,1,4260,1.00572519084
331136,331147,332136,11,989,1,4260,1.0111223458
331137,331152,332254,15,1102,1,4260,1.01361161525
331138,331157,332183,19,1026,1,4260,1.01851851852
331139,332018,332983,879,965,1,4260,1.91088082902
331140,332023,332974,883,951,1,4260,1.92849631966
331142,332147,333121,1005,974,1,4260,2.0318275154
331143,332194,333293,1051,1099,1,4260,1.95632393085
331144,332200,333280,1056,1080,1,4260,1.97777777778
331145,332265,332481,1120,216,1,4260,6.18518518519
331346,331352,335142,6,3790,2,36000,1.00158311346
331414,331420,334710,6,3290,2,36000,1.00182370821
331458,331464,335110,6,3646,2,36000,1.00164563906
331500,331506,333277,6,1771,2,36000,1.00338791643
331514,331520,333653,6,2133,2,36000,1.00281293952
331515,331526,335063,11,3537,2,36000,1.00310998021
331528,331535,334710,7,3175,2,36000,1.00220472441
331589,331595,334697,6,3102,2,36000,1.00193423598
331678,331684,334742,6,3058,2,36000,1.00196206671
331970,331976,335733,6,3757,2,36000,1.0015970189
332025,332031,335491,6,3460,2,36000,1.00173410405
332037,332043,334481,6,2438,2,36000,1.00246103363
332095,332101,335859,6,3758,2,36000,1.00159659393
332155,332492,332701,337,209,1,4260,2.61244019139
332182,332187,335787,5,3600,2,36000,1.00138888889
332203,332985,333193,782,208,1,4260,4.75961538462
332203,332712,333663,509,951,1,4260,1.53522607781
332217,332223,335916,6,3693,2,36000,1.00162469537
332265,332999,333193,734,194,1,4260,4.78350515464
332306,332312,335857,6,3545,2,36000,1.00169252468
332524,332530,334944,6,2414,2,36000,1.00248550124
332806,332813,336602,7,3789,2,36000,1.00184745315
332826,332831,336588,5,3757,2,36000,1.00133084908
332853,333132,333350,279,218,1,4260,2.27981651376
332904,332910,336731,6,3821,2,36000,1.00157026956
332988,332994,336733,6,3739,2,36000,1.00160470714
332994,333204,333404,210,200,1,4260,2.05
333000,333209,333404,209,195,1,4260,2.07179487179
333008,333014,336726,6,3712,2,36000,1.00161637931
333073,333079,336835,6,3756,2,36000,1.00159744409
333164,333170,336620,6,3450,2,36000,1.00173913043
333285,333291,336475,6,3184,2,36000,1.00188442211
333349,333356,337164,7,3808,2,36000,1.00183823529
333364,333370,333585,6,215,1,4260,1.02790697674
333426,333433,333552,7,119,1,4260,1.05882352941
333501,333507,336966,6,3459,2,36000,1.00173460538
333540,333547,333548,7,1,1,4260,1.0
333581,333587,337103,6,3516,2,36000,1.00170648464
333593,333599,333683,6,84,1,4260,1.07142857143
333620,333626,336079,6,2453,2,36000,1.00244598451
333621,333632,336974,11,3342,2,36000,1.00329144225
333653,333660,336837,7,3177,2,36000,1.00220333648
333665,333671,337352,6,3681,2,36000,1.00162999185
333673,333680,337328,7,3648,2,36000,1.00191885965
333675,333686,337413,11,3727,2,36000,1.00295143547
333700,333706,336731,6,3025,2,36000,1.00198347107
333903,333909,333913,6,4,1,4260,1.0
333904,333915,333916,11,1,1,4260,1.2
333905,333920,333921,15,1,1,4260,1.6
333906,333925,333926,19,1,1,4260,2.0
333907,333930,333931,23,1,1,4260,2.4
333908,333936,333937,28,1,1,4260,2.9
333909,333941,333942,32,1,1,4260,3.3
333910,333947,333948,37,1,1,4260,3.8
333911,333952,333953,41,1,1,4260,4.2
333912,333957,333958,45,1,1,4260,4.6
334020,334027,337740,7,3713,2,36000,1.00188526798
334048,334054,337623,6,3569,2,36000,1.00168114318
334090,334097,337692,7,3595,2,36000,1.00194714882
334099,334106,337830,7,3724,2,36000,1.00187969925
334113,335032,336092,919,1060,1,4260,1.86698113208
334114,336103,336744,1989,641,1,4260,4.10296411856
334337,334344,337379,7,3035,2,36000,1.00230642504
334374,334380,337549,6,3169,2,36000,1.00189334175
334489,334495,337049,6,2554,2,36000,1.00234925607
334705,334711,338448,6,3737,2,36000,1.00160556596
334719,334725,338487,6,3762,2,36000,1.00159489633
334721,334731,338497,10,3766,2,36000,1.00265533723
334734,334740,337747,6,3007,2,36000,1.0019953442
334748,334755,338393,7,3638,2,36000,1.00192413414
334955,334961,338677,6,3716,2,36000,1.0016146394
335070,335076,338885,6,3809,2,36000,1.00157521659
335118,335124,338913,6,3789,2,36000,1.00158353127
335149,335155,338884,6,3729,2,36000,1.00160901046
335501,335508,339317,7,3809,2,36000,1.00183775269
335739,335746,339491,7,3745,2,36000,1.00186915888
335801,335808,339293,7,3485,2,36000,1.00200860832
335863,335869,339683,6,3814,2,36000,1.00157315155
335870,335876,339669,6,3793,2,36000,1.00158186132
335943,335949,338767,6,2818,2,36000,1.00212916962
336087,336094,339254,7,3160,2,36000,1.00221518987
336484,336490,340301,6,3811,2,36000,1.00157438992
336595,336601,338699,6,2098,2,36000,1.00285986654
336610,336617,340281,7,3664,2,36000,1.00191048035
336630,336636,339446,6,2810,2,36000,1.00213523132
336737,336743,339713,6,2970,2,36000,1.00202020202
336739,336749,339614,10,2865,2,36000,1.0034904014
336749,336755,340485,6,3730,2,36000,1.00160857909
336762,336768,340062,6,3294,2,36000,1.00182149362
336844,336850,340421,6,3571,2,36000,1.00168020162
336845,336856,340657,11,3801,2,36000,1.00289397527
336982,336988,340638,6,3650,2,36000,1.00164383562
336991,336997,340405,6,3408,2,36000,1.00176056338
337061,337067,339909,6,2842,2,36000,1.0021111893
337115,337121,340809,6,3688,2,36000,1.00162689805
337172,337178,339699,6,2521,2,36000,1.00238000793
337336,337342,341090,6,3748,2,36000,1.00160085379
337359,337366,341167,7,3801,2,36000,1.00184162063
337388,337394,340110,6,2716,2,36000,1.00220913108
337424,337430,340994,6,3564,2,36000,1.00168350168
337561,337567,340889,6,3322,2,36000,1.00180614088
337634,337640,341376,6,3736,2,36000,1.00160599572
337703,337709,341451,6,3742,2,36000,1.00160342063
337749,337755,341526,6,3771,2,36000,1.0015910899
337757,337763,341495,6,3732,2,36000,1.00160771704
337842,337848,341573,6,3725,2,36000,1.00161073826
338274,338280,338283,6,3,1,4260,1.0
338319,338325,339352,6,1027,1,4260,1.00584225901
338320,338331,339384,11,1053,1,4260,1.01044634378
338321,338336,339353,15,1017,1,4260,1.01474926254
338322,338342,339386,20,1044,1,4260,1.01915708812
338323,338347,339363,24,1016,1,4260,1.02362204724
338324,338352,339404,28,1052,1,4260,1.02661596958
338325,338358,339295,33,937,1,4260,1.03521878335
338326,338364,339501,38,1137,1,4260,1.03342128408
338327,338369,339416,42,1047,1,4260,1.04011461318
338328,338374,339384,46,1010,1,4260,1.04554455446
338405,338411,342230,6,3819,2,36000,1.00157109191
338466,338472,341423,6,2951,2,36000,1.00203320908
338496,338502,341914,6,3412,2,36000,1.00175849941
338505,338512,341197,7,2685,2,36000,1.00260707635
338685,338691,341763,6,3072,2,36000,1.001953125
338707,338713,342126,6,3413,2,36000,1.00175798418
338788,338794,342477,6,3683,2,36000,1.00162910671
338903,338909,342691,6,3782,2,36000,1.00158646219
338907,338915,342716,8,3801,2,36000,1.00210470929
338924,338930,342698,6,3768,2,36000,1.00159235669
339267,339274,342945,7,3671,2,36000,1.00190683737
339302,339308,339516,6,208,1,4260,1.02884615385
339305,339314,341608,9,2294,2,36000,1.00392327812
339328,339334,342108,6,2774,2,36000,1.0021629416
339362,339368,339576,6,208,1,4260,1.02884615385
339363,339374,339576,11,202,1,4260,1.05445544554
339378,339384,339519,6,135,1,4260,1.04444444444
339392,339398,339597,6,199,1,4260,1.03015075377
339393,339404,339519,11,115,1,4260,1.09565217391
339394,339409,339504,15,95,1,4260,1.15789473684
339424,339430,339639,6,209,1,4260,1.02870813397
339425,339436,339639,11,203,1,4260,1.05418719212
339455,339461,342253,6,2792,2,36000,1.00214899713
339499,339505,343036,6,3531,2,36000,1.00169923534
339625,339631,343156,6,3525,2,36000,1.00170212766
339650,339656,339749,6,93,1,4260,1.06451612903
339678,339684,343491,6,3807,2,36000,1.00157604413
339698,339704,343496,6,3792,2,36000,1.00158227848
339710,339716,343542,6,3826,2,36000,1.00156821746
339726,339732,343538,6,3806,2,36000,1.00157645822
339916,339922,343526,6,3604,2,36000,1.00166481687
340072,340078,343817,6,3739,2,36000,1.00160470714
340117,340123,343845,6,3722,2,36000,1.00161203654
340288,340294,343946,6,3652,2,36000,1.00164293538
340307,340313,342517,6,2204,2,36000,1.00272232305
340424,340431,342709,7,2278,2,36000,1.00307287094
340428,340437,342908,9,2471,2,36000,1.0036422501
340503,340510,343663,7,3153,2,36000,1.00222010783
340652,340658,344444,6,3786,2,36000,1.00158478605
340672,340678,344397,6,3719,2,36000,1.00161333692
340821,340827,344369,6,3542,2,36000,1.00169395822
340898,340904,344655,6,3751,2,36000,1.00159957345
341004,341011,344431,7,3420,2,36000,1.00204678363
341099,341105,344827,6,3722,2,36000,1.00161203654
341133,341178,343860,45,2682,2,18000,1.01677852349
341135,341208,343926,73,2718,2,18000,1.02685798381
341136,341387,343941,251,2554,2,18000,1.09827721222
341137,341434,344294,297,2860,2,18000,1.10384615385
341139,341462,344185,323,2723,2,18000,1.11861917003
341140,341507,344244,367,2737,2,18000,1.13408841798
341141,341537,344364,396,2827,2,18000,1.14007782101
341142,341584,344275,442,2691,2,18000,1.16425120773
341143,341619,344422,476,2803,2,18000,1.16981805209
341145,341774,344497,629,2723,2,18000,1.23099522585
341146,341925,344790,779,2865,2,18000,1.27190226876
341147,342119,344910,972,2791,2,18000,1.34826227159
341148,342137,344981,989,2844,2,18000,1.34774964838
341150,342241,345071,1091,2830,2,18000,1.38551236749
341151,342264,345117,1113,2853,2,18000,1.39011566772
341152,342488,345195,1336,2707,2,18000,1.49353527891
341153,342529,345162,1376,2633,2,18000,1.52259779719
341155,342702,345464,1547,2762,2,18000,1.56010137581
341156,342709,345507,1553,2798,2,18000,1.5550393138
341157,342720,345610,1563,2890,2,18000,1.54083044983
341158,342728,345593,1570,2865,2,18000,1.5479930192
341159,342919,345665,1760,2746,2,18000,1.64093226511
341161,342956,345682,1795,2726,2,18000,1.65847395451
341162,343047,345844,1885,2797,2,18000,1.67393636039
341163,343167,345876,2004,2709,2,18000,1.73975636766
341164,343502,346221,2338,2719,2,18000,1.85987495403
341166,343508,346144,2342,2636,2,18000,1.88846737481
341167,343537,346283,2370,2746,2,18000,1.86307356154
341168,343549,346358,2381,2809,2,18000,1.84763260947
341169,343555,346370,2386,2815,2,18000,1.84760213144
341170,343674,346480,2504,2806,2,18000,1.89237348539
341172,343828,346562,2656,2734,2,18000,1.97147037308
341173,343856,346715,2683,2859,2,18000,1.93844001399
341174,343871,346724,2697,2853,2,18000,1.94532071504
341175,343937,346754,2762,2817,2,18000,1.98047568335
341177,343952,346752,2775,2800,2,18000,1.99107142857
341178,343958,346751,2780,2793,2,18000,1.99534550662
341179,344305,347101,3126,2796,2,18000,2.11802575107
341180,344196,346872,3016,2676,2,18000,2.12705530643
341182,344255,346930,3073,2675,2,18000,2.14878504673
342094,342100,342101,6,1,2,300,1.0
343860,344375,347026,515,2651,2,18000,1.1942663146
343926,344286,346876,360,2590,2,18000,1.138996139
343940,344381,347027,441,2646,2,18000,1.16666666667
344187,344408,346960,221,2552,2,18000,1.08659874608
344247,344433,347159,186,2726,2,18000,1.06823184153
344277,344442,347243,165,2801,2,18000,1.05890753302
344294,344455,347250,161,2795,2,18000,1.05760286225
344366,344509,347243,143,2734,2,18000,1.05230431602
344423,344667,347502,244,2835,2,18000,1.0860670194
344499,344801,347610,302,2809,2,18000,1.10751156995
344791,344839,347543,48,2704,2,18000,1.01775147929
344911,344921,347742,10,2821,2,18000,1.00354484225
344983,344993,347805,10,2812,2,18000,1.00355618777
345074,345082,347932,8,2850,2,18000,1.00280701754
345119,345128,347846,9,2718,2,18000,1.00331125828
345164,345173,347958,9,2785,2,18000,1.00323159785
345197,345206,347983,9,2777,2,18000,1.00324090745
345465,345476,348228,11,2752,2,18000,1.00399709302
345511,345518,348296,7,2778,2,18000,1.00251979842
345595,345604,348434,9,2830,2,18000,1.00318021201
345613,345621,348327,8,2706,2,18000,1.0029563932
345668,345676,348458,8,2782,2,18000,1.00287562904
345682,345693,348456,11,2763,2,18000,1.00398117988
345845,345856,348589,11,2733,2,18000,1.00402488108
345879,345888,348751,9,2863,2,18000,1.00314355571
346147,346156,349030,9,2874,2,18000,1.00313152401
346222,346232,348878,10,2646,2,18000,1.00377928949
346286,346295,349132,9,2837,2,18000,1.00317236517
346362,346370,349165,8,2795,2,18000,1.00286225403
346377,346382,349147,5,2765,2,18000,1.00180831826
346482,346491,349209,9,2718,2,18000,1.00331125828
346564,346573,349429,9,2856,2,18000,1.0031512605
346717,346726,349571,9,2845,2,18000,1.00316344464
346732,346738,349558,6,2820,2,18000,1.00212765957
346753,346762,349536,9,2774,2,18000,1.0032444124
346755,346768,349552,13,2784,2,18000,1.00466954023
346763,346774,349911,11,3137,2,36000,1.00350653491
346769,346883,349722,114,2839,2,18000,1.04015498415
346872,346889,349744,17,2855,2,18000,1.00595446585
346887,346941,349814,54,2873,2,18000,1.01879568395
346933,346971,349653,38,2682,2,18000,1.01416853095
346963,347037,349885,74,2848,2,18000,1.02598314607
347026,347042,349718,16,2676,2,18000,1.00597907324
347041,347112,349937,71,2825,2,18000,1.02513274336
347105,347171,349960,66,2789,2,18000,1.02366439584
347163,347254,349916,91,2662,2,18000,1.03418482344
347244,347265,349950,21,2685,2,18000,1.00782122905
347246,347259,349948,13,2689,2,18000,1.00483451097
347261,347513,350274,252,2761,2,18000,1.09127127852
347505,347621,350297,116,2676,2,18000,1.04334828102
347545,347554,350343,9,2789,2,18000,1.00322696307
347613,347753,350590,140,2837,2,18000,1.04934790271
347746,347816,350584,70,2768,2,18000,1.02528901734
347807,347943,350666,136,2723,2,18000,1.0499449137
347849,347857,350649,8,2792,2,18000,1.00286532951
347935,347969,350808,34,2839,2,18000,1.0119760479
347963,347994,350661,31,2667,2,18000,1.01162354706
347985,348239,351152,254,2913,2,18000,1.08719533127
348230,348307,351130,77,2823,2,18000,1.02727594757
348300,348445,351304,145,2859,2,18000,1.05071703393
348331,348339,351037,8,2698,2,18000,1.00296515938
348438,348469,351279,31,2810,2,18000,1.01103202847
348459,348474,351254,15,2780,2,18000,1.00539568345
348461,348600,351402,139,2802,2,18000,1.04960742327
348592,348762,351609,170,2847,2,18000,1.05971197752
348753,349040,351916,287,2876,2,18000,1.09979137691
348881,348889,351668,8,2779,2,18000,1.00287873336
349035,349143,351829,108,2686,2,18000,1.04020848846
349135,349177,351915,42,2738,2,18000,1.01533966399
349150,349158,351754,8,2596,2,18000,1.0030816641
349169,349221,351978,52,2757,2,18000,1.01886108089
349212,349440,352300,228,2860,2,18000,1.07972027972
349433,349547,352333,114,2786,2,18000,1.04091888011
349540,349563,352393,23,2830,2,18000,1.00812720848
349556,349569,352338,13,2769,2,18000,1.00469483568
349572,349582,352323,10,2741,2,18000,1.00364830354
349573,349664,352333,91,2669,2,18000,1.03409516673
349655,349729,352532,74,2803,2,18000,1.02640028541
349723,349735,352558,12,2823,2,18000,1.00425079702
349725,349756,352411,31,2655,2,18000,1.01167608286
349747,349824,352646,77,2822,2,18000,1.02728561304
349819,349896,352668,77,2772,2,18000,1.02777777778
349889,349922,352805,33,2883,2,18000,1.01144640999
349920,349928,352772,8,2844,2,18000,1.00281293952
349942,349948,352717,6,2769,2,18000,1.00216684724
349956,349963,352628,7,2665,2,18000,1.00262664165
349958,349969,352760,11,2791,2,18000,1.0039412397
349969,349975,353460,6,3485,2,36000,1.00172166428
349973,350285,353080,312,2795,2,18000,1.11162790698
350276,350355,353029,79,2674,2,18000,1.02954375467
350298,350308,353049,10,2741,2,18000,1.00364830354
350347,350601,353389,254,2788,2,18000,1.09110473458
350586,350595,353429,9,2834,2,18000,1.00317572336
350601,350660,353388,59,2728,2,18000,1.02162756598
350651,350673,353512,22,2839,2,18000,1.00774920747
350665,350679,353530,14,2851,2,18000,1.0049105577
350681,350819,353659,138,2840,2,18000,1.0485915493
350811,351048,353709,237,2661,2,18000,1.08906426156
351039,351164,354000,125,2836,2,18000,1.04407616361
351133,351141,353878,8,2737,2,18000,1.00292290829
351155,351265,354106,110,2841,2,18000,1.038718761
351258,351315,353993,57,2678,2,18000,1.0212845407
351268,351275,351279,7,4,2,300,1.1
351283,351290,354055,7,2765,2,18000,1.00253164557
351287,351296,351319,9,23,2,300,1.39130434783
351308,351413,354149,105,2736,2,18000,1.03837719298
351327,351333,351393,6,60,2,300,1.1
351401,351407,351649,6,242,2,300,1.02479338843
351406,351620,354209,214,2589,2,18000,1.08265739668
351612,351680,354381,68,2701,2,18000,1.02517586079
351660,351666,351682,6,16,2,300,1.375
351670,351766,354587,96,2821,2,18000,1.03403048564
351692,351698,351719,6,21,2,300,1.28571428571
351726,351733,351763,7,30,2,300,1.23333333333
351758,351932,354751,174,2819,2,18000,1.06172401561
351774,351780,352121,6,341,2,360,1.01759530792
351831,351840,354629,9,2789,2,18000,1.00322696307
351917,351926,354618,9,2692,2,18000,1.00334323923
351931,351989,354783,58,2794,2,18000,1.02075876879
351980,352312,355139,332,2827,2,18000,1.11743898125
352303,352335,355038,32,2703,2,18000,1.01183869774
352325,352344,355225,19,2881,2,18000,1.00659493232
352339,352350,355254,11,2904,2,36000,1.00378787879
352339,352355,355132,16,2777,2,18000,1.00576161325
352341,352405,355148,64,2743,2,18000,1.02333211812
352342,352544,355398,202,2854,2,18000,1.07077785564
352397,352569,355391,172,2822,2,18000,1.06094968108
352411,352422,355236,11,2814,2,18000,1.0039090263
352535,352639,355408,104,2769,2,18000,1.03755868545
352559,352658,355280,99,2622,2,18000,1.03775743707
352629,352679,355471,50,2792,2,18000,1.01790830946
352647,352817,355520,170,2703,2,18000,1.06289308176
352670,352782,355618,112,2836,2,18000,1.0394922426
352719,352728,355371,9,2643,2,18000,1.00340522134
352762,352771,355550,9,2779,2,18000,1.00323857503
352777,353092,355964,315,2872,2,18000,1.10967966574
352807,353060,355831,253,2771,2,18000,1.09130277878
353032,353041,355903,9,2862,2,18000,1.00314465409
353050,353399,356135,349,2736,2,18000,1.12755847953
353084,353404,356293,320,2889,2,18000,1.11076497058
353393,353440,356131,47,2691,2,18000,1.01746562616
353394,353471,356245,77,2774,2,18000,1.02775775054
353433,353523,356309,90,2786,2,18000,1.03230437904
353515,353541,356329,26,2788,2,18000,1.00932568149
353533,353670,356389,137,2719,2,18000,1.05038617139
353661,353720,356520,59,2800,2,18000,1.02107142857
353713,353889,356711,176,2822,2,18000,1.06236711552
353880,354004,356721,124,2717,2,18000,1.04563857195
353995,354011,356855,16,2844,2,18000,1.00562587904
354011,354117,356790,106,2673,2,18000,1.03965581743
354057,354066,356787,9,2721,2,18000,1.0033076075
354109,354160,356859,51,2699,2,18000,1.01889588737
354152,354220,357053,68,2833,2,18000,1.02400282386
354211,354392,357100,181,2708,2,18000,1.06683899557
354384,354599,357394,215,2795,2,18000,1.07692307692
354590,354640,357367,50,2727,2,18000,1.01833516685
354621,354629,357422,8,2793,2,18000,1.00286430362
354636,354762,357466,126,2704,2,18000,1.04659763314
354755,354794,357630,39,2836,2,18000,1.01375176305
354785,355143,357895,358,2752,2,18000,1.1300872093
355041,355049,357877,8,2828,2,18000,1.00282885431
355135,355150,357872,15,2722,2,18000,1.00551065393
355150,355236,357898,86,2662,2,18000,1.03230653644
355151,355159,358017,8,2858,2,18000,1.00279916025
355227,355247,358095,20,2848,2,18000,1.00702247191
355243,355265,358017,22,2752,2,18000,1.00799418605
355283,355292,358128,9,2836,2,18000,1.00317348378
355375,355382,358106,7,2724,2,18000,1.00256975037
355394,355402,358179,8,2777,2,18000,1.00288080663
355409,355415,358607,6,3192,2,36000,1.00187969925
355410,355421,358100,11,2679,2,18000,1.00410600971
355411,355482,358294,71,2812,2,18000,1.02524893314
355476,355531,358208,55,2677,2,18000,1.02054538663
355525,355561,358288,36,2727,2,18000,1.01320132013
355553,355629,358356,76,2727,2,18000,1.02786945361
355622,355914,358661,292,2747,2,18000,1.1062977794
355835,355842,358449,7,2607,2,18000,1.00268507863
355905,355976,358755,71,2779,2,18000,1.02554875855
355967,356142,358831,175,2689,2,18000,1.06507995537
356134,356148,358951,14,2803,2,18000,1.00499464859
356150,356305,359099,155,2794,2,18000,1.05547602004
356247,356256,358844,9,2588,2,18000,1.00347758887
356296,356320,359027,24,2707,2,18000,1.00886590321
356313,356340,359028,27,2688,2,18000,1.01004464286
356332,356401,359265,69,2864,2,18000,1.02409217877
356393,356532,359362,139,2830,2,18000,1.04911660777
356524,356723,359503,199,2780,2,18000,1.07158273381
356715,356732,359502,17,2770,2,18000,1.00613718412
356730,356866,359597,136,2731,2,18000,1.04979860857
356791,356798,359525,7,2727,2,18000,1.00256692336
356792,356804,359549,12,2745,2,18000,1.0043715847
356856,356872,359529,16,2657,2,18000,1.00602182913
356871,357064,359770,193,2706,2,18000,1.07132298596
357056,357112,359945,56,2833,2,18000,1.01976703142
357101,357378,360192,277,2814,2,18000,1.09843638948
357371,357405,360182,34,2777,2,18000,1.01224342816
357396,357433,360284,37,2851,2,18000,1.01297790249
357424,357478,360265,54,2787,2,18000,1.01937567277
357470,357642,360495,172,2853,2,18000,1.06028741675
357633,357883,360768,250,2885,2,18000,1.08665511265
357876,357889,360739,13,2850,2,18000,1.00456140351
357890,357907,360706,17,2799,2,18000,1.00607359771
357905,357913,360700,8,2787,2,18000,1.00287047004
357906,358063,360791,157,2728,2,18000,1.05755131965
358019,358106,360985,87,2879,2,18000,1.03021882598
358020,358068,360649,48,2581,2,18000,1.01859744285
358100,358112,360914,12,2802,2,18000,1.00428265525
358114,358120,360938,6,2818,2,18000,1.00212916962
358115,358139,360937,24,2798,2,18000,1.0085775554
358131,358190,360878,59,2688,2,18000,1.02194940476
358180,358305,361118,125,2813,2,18000,1.04443654461
358212,358219,361136,7,2917,2,18000,1.00239972575
358291,358299,361161,8,2862,2,18000,1.00279524808
358306,358367,361178,61,2811,2,18000,1.02170046247
358359,358460,361185,101,2725,2,18000,1.03706422018
358453,358619,361328,166,2709,2,18000,1.06127722407
358663,358672,361521,9,2849,2,18000,1.00315900316
358757,358766,361454,9,2688,2,18000,1.00334821429
358833,358842,361669,9,2827,2,18000,1.00318358684
358848,358855,361549,7,2694,2,18000,1.00259836674
358954,358963,361816,9,2853,2,18000,1.00315457413
359031,359038,361808,7,2770,2,18000,1.00252707581
359032,359044,361895,12,2851,2,18000,1.00420904946
359102,359110,361881,8,2771,2,18000,1.00288704439
359269,359277,362068,8,2791,2,18000,1.00286635614
359367,359373,362183,6,2810,2,18000,1.00213523132
359506,359513,362267,7,2754,2,18000,1.00254175744
359508,359519,362192,11,2673,2,18000,1.00411522634
359527,359536,362361,9,2825,2,18000,1.00318584071
359537,359544,363333,7,3789,2,36000,1.00184745315
359541,359560,362272,19,2712,2,18000,1.00700589971
359556,359608,362295,52,2687,2,18000,1.01935243766
359599,359782,362588,183,2806,2,18000,1.0652173913
359773,359956,362592,183,2636,2,18000,1.06942336874
359949,360204,363063,255,2859,2,18000,1.08919202518
360185,360194,362878,9,2684,2,18000,1.00335320417
360200,360296,363091,96,2795,2,18000,1.0343470483
360268,360277,363129,9,2852,2,18000,1.00315568022
360286,360506,363333,220,2827,2,18000,1.07782101167
360498,360660,363398,162,2738,2,18000,1.05916727538
360653,360711,363443,58,2732,2,18000,1.02122986823
360703,360717,363477,14,2760,2,18000,1.00507246377
360718,360750,363546,32,2796,2,18000,1.01144492132
360744,360779,363623,35,2844,2,18000,1.01230661041
360772,360803,363547,31,2744,2,18000,1.01129737609
360794,360889,363685,95,2796,2,18000,1.03397711016
360882,360947,363760,65,2813,2,18000,1.0231070032
360916,360925,363770,9,2845,2,18000,1.00316344464
360940,360996,363649,56,2653,2,18000,1.02110817942
360941,360953,363816,12,2863,2,18000,1.00419140761
360987,361130,363921,143,2791,2,18000,1.05123611609
361121,361147,363847,26,2700,2,18000,1.00962962963
361137,361173,363971,36,2798,2,18000,1.0128663331
361164,361189,364006,25,2817,2,18000,1.00887468939
361179,361197,363978,18,2781,2,18000,1.00647249191
361194,361339,364108,145,2769,2,18000,1.0523654749
361331,361532,364209,201,2677,2,18000,1.07508404931
361458,361465,364273,7,2808,2,18000,1.00249287749
361523,361680,364514,157,2834,2,18000,1.05539872971
361550,361560,364411,10,2851,2,18000,1.00350754121
361671,361827,364605,156,2778,2,18000,1.05615550756
361811,361820,364497,9,2677,2,18000,1.00336197236
361826,361906,364625,80,2719,2,18000,1.02942258183
361884,361892,364458,8,2566,2,18000,1.00311769291
361898,362079,364832,181,2753,2,18000,1.06574645841
362071,362194,365068,123,2874,2,18000,1.04279749478
362187,362203,365021,16,2818,2,18000,1.00567778566
362201,362278,364858,77,2580,2,18000,1.02984496124
362269,362284,365005,15,2721,2,18000,1.00551267916
362285,362372,365103,87,2731,2,18000,1.03185646283
362299,362306,365052,7,2746,2,18000,1.00254916242
362363,362599,365406,236,2807,2,18000,1.08407552547
362591,362605,365430,14,2825,2,18000,1.00495575221
362605,362889,365551,284,2662,2,18000,1.10668670173
362881,363075,365867,194,2792,2,18000,1.06948424069
363066,363140,365940,74,2800,2,18000,1.02642857143
363094,363103,365948,9,2845,2,18000,1.00316344464
363133,363344,366118,211,2774,2,18000,1.07606344629
363336,363349,366044,13,2695,2,18000,1.00482374768
363401,363410,366071,9,2661,2,18000,1.00338218715
363446,363455,366039,9,2584,2,18000,1.00348297214
363480,363488,366149,8,2661,2,18000,1.00300638858
363550,363557,366311,7,2754,2,18000,1.00254175744
363551,363563,366286,12,2723,2,18000,1.00440690415
363628,363634,366501,6,2867,2,18000,1.00209277991
363653,363660,366526,7,2866,2,18000,1.00244242847
363687,363697,366514,10,2817,2,18000,1.00354987575
363763,363772,366514,9,2742,2,18000,1.00328227571
363778,363784,366346,6,2562,2,18000,1.00234192037
363818,363827,366598,9,2771,2,18000,1.00324792494
363849,363858,366652,9,2794,2,18000,1.00322118826
363925,363932,366800,7,2868,2,18000,1.00244072524
363974,363982,366814,8,2832,2,18000,1.00282485876
363989,363995,366873,6,2878,2,18000,1.0020847811
364007,364017,366726,10,2709,2,18000,1.00369139904
364110,364119,366758,9,2639,2,18000,1.00341038272
364210,364220,366946,10,2726,2,18000,1.00366837858
364274,364284,366983,10,2699,2,18000,1.00370507595
364414,364422,367147,8,2725,2,18000,1.00293577982
364460,364469,367303,9,2834,2,18000,1.00317572336
364500,364508,367180,8,2672,2,18000,1.00299401198
364516,364525,367297,9,2772,2,18000,1.00324675325
364608,364616,367391,8,2775,2,18000,1.00288288288
364625,364636,367422,11,2786,2,18000,1.00394831299
364835,364843,367512,8,2669,2,18000,1.00299737729
364860,364869,367609,9,2740,2,18000,1.00328467153
365009,365016,367902,7,2886,2,18000,1.00242550243
365024,365032,367829,8,2797,2,18000,1.00286020737
365054,365063,367665,9,2602,2,18000,1.00345887779
365069,365079,367925,10,2846,2,18000,1.00351370344
365105,365115,367952,10,2837,2,18000,1.00352485019
365411,365417,368244,6,2827,2,18000,1.00212239123
365432,365441,368275,9,2834,2,18000,1.00317572336
365554,365563,368334,9,2771,2,18000,1.00324792494
365869,365878,368470,9,2592,2,18000,1.00347222222
365942,365951,368769,9,2818,2,18000,1.00319375444
365956,365962,368210,6,2248,2,36000,1.00266903915
365957,366051,368830,94,2779,2,18000,1.03382511695
366043,366057,368889,14,2832,2,18000,1.00494350282
366057,366130,368866,73,2736,2,18000,1.02668128655
366073,366083,368794,10,2711,2,18000,1.00368867577
366122,366159,368999,37,2840,2,18000,1.01302816901
366153,366322,369068,169,2746,2,18000,1.06154406409
366287,366297,369053,10,2756,2,18000,1.00362844702
366315,366357,369127,42,2770,2,18000,1.01516245487
366349,366512,369320,163,2808,2,18000,1.05804843305
366505,366525,369241,20,2716,2,18000,1.00736377025
366521,366531,369149,10,2618,2,18000,1.0038197097
366522,366537,369414,15,2877,2,18000,1.00521376434
366538,366609,369204,71,2595,2,18000,1.02736030829
366600,366663,369523,63,2860,2,18000,1.02202797203
366656,366737,369413,81,2676,2,18000,1.0302690583
366729,366769,369532,40,2763,2,18000,1.01447701773
366761,366812,369621,51,2809,2,18000,1.01815592738
366804,366825,369525,21,2700,2,18000,1.00777777778
366820,366884,369594,64,2710,2,18000,1.02361623616
366875,366957,369760,82,2803,2,18000,1.02925437032
366949,366994,369792,45,2798,2,18000,1.01608291637
366986,367159,369948,173,2789,2,18000,1.06202940122
367151,367314,369994,163,2680,2,18000,1.06082089552
367182,367191,370004,9,2813,2,18000,1.00319943121
367301,367308,369984,7,2676,2,18000,1.00261584454
367316,367402,370195,86,2793,2,18000,1.03079126387
367396,367433,370289,37,2856,2,18000,1.01295518207
367427,367523,370377,96,2854,2,18000,1.0336370007
367515,367620,370331,105,2711,2,18000,1.03873109554
367613,367677,370532,64,2855,2,18000,1.02241681261
367669,367914,370663,245,2749,2,18000,1.08912331757
367833,367840,370608,7,2768,2,18000,1.00252890173
367907,367936,370651,29,2715,2,18000,1.01068139963
367929,367963,370855,34,2892,2,18000,1.01175656985
367955,368221,371062,266,2841,2,18000,1.09362900387
368246,368255,371012,9,2757,2,18000,1.00326441785
368278,368287,371126,9,2839,2,18000,1.00317013033
368337,368345,371214,8,2869,2,18000,1.00278842802
368474,368481,371230,7,2749,2,18000,1.0025463805
368771,368780,371623,9,2843,2,18000,1.00316567007
368796,368806,371630,10,2824,2,18000,1.00354107649
368834,368842,371562,8,2720,2,18000,1.00294117647
368868,368878,371693,10,2815,2,18000,1.00355239787
368894,368900,371652,6,2752,2,18000,1.00218023256
369001,369010,371573,9,2563,2,18000,1.00351150995
369057,369064,371655,7,2591,2,18000,1.00270165959
369073,369079,371908,6,2829,2,18000,1.00212089077
369132,369138,371815,6,2677,2,18000,1.0022413149
369155,369160,371915,5,2755,2,18000,1.00181488203
369207,369215,371951,8,2736,2,18000,1.00292397661
369244,369252,371970,8,2718,2,18000,1.00294334069
369324,369331,372199,7,2868,2,18000,1.00244072524
369421,369427,372201,6,2774,2,18000,1.0021629416
369422,369433,372246,11,2813,2,18000,1.00391041593
369527,369536,372232,9,2696,2,18000,1.00333827893
369528,369541,372328,13,2787,2,18000,1.00466451381
369543,369549,372186,6,2637,2,18000,1.00227531286
369599,369605,372381,6,2776,2,18000,1.00216138329
369624,369632,372300,8,2668,2,18000,1.00299850075
369764,369771,372594,7,2823,2,18000,1.0024796316
369795,369803,372589,8,2786,2,18000,1.00287150036
369952,369959,372740,7,2781,2,18000,1.00251708019
369986,369996,372662,10,2666,2,18000,1.00375093773
370001,370007,372917,6,2910,2,18000,1.00206185567
370014,370020,373750,6,3730,2,36000,1.00160857909
370016,370206,373034,190,2828,2,18000,1.06718528996
370198,370301,372979,103,2678,2,18000,1.03846153846
370293,370388,373179,95,2791,2,18000,1.03403797922
370334,370343,373105,9,2762,2,18000,1.00325850833
370380,370543,373333,163,2790,2,18000,1.05842293907
370536,370619,373343,83,2724,2,18000,1.03046989721
370613,370674,373511,61,2837,2,18000,1.02150158618
370654,370663,373441,9,2778,2,18000,1.00323974082
370669,370866,373716,197,2850,2,18000,1.06912280702
370858,371022,373726,164,2704,2,18000,1.06065088757
371017,371073,373834,56,2761,2,18000,1.02028250634
371064,371137,373841,73,2704,2,18000,1.02699704142
371128,371225,374063,97,2838,2,18000,1.0341789993
371217,371241,373902,24,2661,2,18000,1.00901916573
371233,371573,374377,340,2804,2,18000,1.1212553495
371567,371584,374203,17,2619,2,18000,1.00649102711
371581,371634,374485,53,2851,2,18000,1.01858996843
371628,371641,374425,13,2784,2,18000,1.00466954023
371643,371663,374268,20,2605,2,18000,1.00767754319
371658,371669,374441,11,2772,2,18000,1.00396825397
371659,371705,374544,46,2839,2,18000,1.01620288834
371696,371826,374632,130,2806,2,18000,1.04632929437
371821,371919,374703,98,2784,2,18000,1.03520114943
371910,371926,374602,16,2676,2,18000,1.00597907324
371925,371962,374586,37,2624,2,18000,1.01410060976
371954,371982,374762,28,2780,2,18000,1.01007194245
371972,372197,375042,225,2845,2,18000,1.07908611599
372188,372210,374971,22,2761,2,18000,1.00796812749
372204,372216,375067,12,2851,2,18000,1.00420904946
372205,372243,375130,38,2887,2,18000,1.01316245237
372237,372257,375073,20,2816,2,18000,1.00710227273
372252,372311,375180,59,2869,2,18000,1.02056465667
372304,372340,375117,36,2777,2,18000,1.01296362982
372332,372393,375210,61,2817,2,18000,1.0216542421
372384,372606,375129,222,2523,2,18000,1.08799048751
372593,372600,375475,7,2875,2,18000,1.00243478261
372609,372751,375661,142,2910,2,18000,1.04879725086
372664,372674,375456,10,2782,2,18000,1.0035945363
372738,372928,375670,190,2742,2,18000,1.06929248724
372920,373045,375725,125,2680,2,18000,1.04664179104
372982,372990,375803,8,2813,2,18000,1.00284393886
373038,373117,375882,79,2765,2,18000,1.02857142857
373108,373190,376055,82,2865,2,18000,1.02862129145
373182,373344,376154,162,2810,2,18000,1.05765124555
373337,373354,376173,17,2819,2,18000,1.00603050727
373352,373452,376152,100,2700,2,18000,1.03703703704
373444,373522,376221,78,2699,2,18000,1.02889959244
373515,373728,376521,213,2793,2,18000,1.07626208378
373719,373737,376506,18,2769,2,18000,1.00650054171
373734,373761,376644,27,2883,2,18000,1.00936524454
373838,373845,376610,7,2765,2,18000,1.00253164557
373848,373854,377542,6,3688,2,36000,1.00162689805
373853,374075,376913,222,2838,2,18000,1.07822410148
373905,373913,376565,8,2652,2,18000,1.00301659125
374067,374279,377122,212,2843,2,18000,1.07456911713
374206,374214,376899,8,2685,2,18000,1.00297951583
374270,374389,376944,119,2555,2,18000,1.04657534247
374380,374436,377170,56,2734,2,18000,1.02048280907
374430,374496,377209,66,2713,2,18000,1.02432731294
374445,374452,377233,7,2781,2,18000,1.00251708019
374487,374555,377193,68,2638,2,18000,1.02577710387
374547,374597,377380,50,2783,2,18000,1.0179662235
374590,374613,377377,23,2764,2,18000,1.00832127352
374605,374643,377364,38,2721,2,18000,1.01396545388
374636,374715,377360,79,2645,2,18000,1.02986767486
374706,374773,377387,67,2614,2,18000,1.02563121653
374765,375054,377819,289,2765,2,18000,1.10452079566
374975,374983,377628,8,2645,2,18000,1.00302457467
375046,375079,377907,33,2828,2,18000,1.01166902405
375070,375085,377831,15,2746,2,18000,1.0054624909
375085,375128,377829,43,2701,2,18000,1.01592002962
375119,375140,377975,21,2835,2,18000,1.00740740741
375135,375146,377945,11,2799,2,18000,1.00392997499
375137,375191,377972,54,2781,2,18000,1.01941747573
375183,375222,377888,39,2666,2,18000,1.01462865716
375214,375486,378325,272,2839,2,18000,1.09580838323
375460,375467,378294,7,2827,2,18000,1.0024761231
375480,375672,378465,192,2793,2,18000,1.06874328679
375666,375681,378456,15,2775,2,18000,1.00540540541
375681,375736,378420,55,2684,2,18000,1.02049180328
375732,375814,378478,82,2664,2,18000,1.03078078078
375805,375893,378723,88,2830,2,18000,1.03109540636
375885,376065,378844,180,2779,2,18000,1.06477150054
376060,376163,378956,103,2793,2,18000,1.03687790906
376155,376169,378965,14,2796,2,18000,1.00500715308
376156,376184,378993,28,2809,2,18000,1.00996796013
376174,376233,379046,59,2813,2,18000,1.02097404906
376222,376532,379345,310,2813,2,18000,1.11020263064
376509,376518,379404,9,2886,2,18000,1.00311850312
376523,376576,379337,53,2761,2,18000,1.0191959435
376568,376655,379482,87,2827,2,18000,1.0307746728
376614,376622,379438,8,2816,2,18000,1.00284090909
376646,376925,379767,279,2842,2,18000,1.0981703026
376900,376910,379732,10,2822,2,18000,1.00354358611
376914,377133,379949,219,2816,2,18000,1.07776988636
376944,376955,379741,11,2786,2,18000,1.00394831299
377125,377181,380006,56,2825,2,18000,1.01982300885
377170,377204,380032,34,2828,2,18000,1.01202263083
377194,377244,379891,50,2647,2,18000,1.01888930865
377212,377220,379974,8,2754,2,18000,1.00290486565
377235,377371,380177,136,2806,2,18000,1.04846756949
377362,377377,380151,15,2774,2,18000,1.005407354
377376,377388,380160,12,2772,2,18000,1.00432900433
377391,377397,380194,6,2797,2,18000,1.00214515552
377393,377403,380207,10,2804,2,18000,1.00356633381
377394,377554,380370,160,2816,2,18000,1.05681818182
377629,377639,380350,10,2711,2,18000,1.00368867577
377822,377830,380741,8,2911,2,18000,1.0027481965
377837,377842,380613,5,2771,2,18000,1.00180440274
377838,377848,380573,10,2725,2,18000,1.00366972477
377886,377899,380738,13,2839,2,18000,1.00457907714
377894,377905,378361,11,456,2,10800,1.02412280702
377910,377918,380661,8,2743,2,18000,1.00291651476
377948,377957,380754,9,2797,2,18000,1.00321773329
377972,377983,380614,11,2631,2,18000,1.0041809198
377987,377993,380860,6,2867,2,18000,1.00209277991
378297,378305,381103,8,2798,2,18000,1.00285918513
378327,378337,381129,10,2792,2,18000,1.00358166189
378421,378431,381284,10,2853,2,18000,1.00350508237
378457,378468,381263,11,2795,2,18000,1.00393559928
378472,378480,381284,8,2804,2,18000,1.00285306705
378487,378493,381359,6,2866,2,18000,1.00209351012
378725,378736,381477,11,2741,2,18000,1.00401313389
378845,378855,381630,10,2775,2,18000,1.0036036036
378865,378871,379327,6,456,2,10800,1.01315789474
378959,378967,381777,8,2810,2,18000,1.00284697509
378974,378980,381785,6,2805,2,18000,1.00213903743
378995,379004,381730,9,2726,2,18000,1.00330154072
379043,379057,381865,14,2808,2,18000,1.00498575499
379339,379349,382132,10,2783,2,18000,1.0035932447
379353,379359,382163,6,2804,2,18000,1.00213980029
379407,379416,382195,9,2779,2,18000,1.00323857503
379440,379449,382200,9,2751,2,18000,1.00327153762
379485,379494,382273,9,2779,2,18000,1.00323857503
379535,379541,984384,6,604843,3,604800,1.00000991993
379735,379743,382350,8,2607,2,18000,1.0030686613
379750,379756,382437,6,2681,2,18000,1.00223797091
379767,379778,382488,11,2710,2,18000,1.00405904059
379854,379860,380369,6,509,2,10800,1.01178781925
379894,379902,382676,8,2774,2,18000,1.00288392213
379951,379961,382806,10,2845,2,18000,1.00351493849
379975,379986,382686,11,2700,2,18000,1.00407407407
380008,380018,382734,10,2716,2,18000,1.00368188513
380035,380043,382874,8,2831,2,18000,1.00282585659
380152,380162,382927,10,2765,2,18000,1.00361663653
380167,380173,383012,6,2839,2,18000,1.00211342022
380181,380189,383023,8,2834,2,18000,1.00282286521
380196,380206,382958,10,2752,2,18000,1.00363372093
380211,380218,383066,7,2848,2,18000,1.00245786517
380352,380361,383054,9,2693,2,18000,1.00334199777
380373,380381,383206,8,2825,2,18000,1.00283185841
380575,380584,383322,9,2738,2,18000,1.00328707085
380614,380630,383327,16,2697,2,18000,1.00593251761
380615,380624,383470,9,2846,2,18000,1.0031623331
380663,380672,383426,9,2754,2,18000,1.00326797386
380706,380712,381018,6,306,2,10800,1.01960784314
380738,380749,383465,11,2716,2,18000,1.00405007364
380753,380759,383555,6,2796,2,18000,1.00214592275
380767,380774,383432,7,2658,2,18000,1.00263355907
380861,380871,383695,10,2824,2,18000,1.00354107649
380921,380927,668948,6,288021,1,288000,1.00002083181
380931,380937,597126,6,216189,2,604800,1.00002775349
381067,381074,381075,7,1,4,43200,1.0
381105,381114,383852,9,2738,2,18000,1.00328707085
381131,381141,383974,10,2833,2,18000,1.00352982704
381149,381160,383352,11,2192,14,10799,1.00501824818
381150,381155,381156,5,1,4,43200,1.0
381264,381275,384088,11,2813,2,18000,1.00391041593
381285,381295,383959,10,2664,2,18000,1.00375375375
381287,381300,384172,13,2872,2,18000,1.0045264624
381362,381370,383985,8,2615,2,18000,1.00305927342
381479,381488,384284,9,2796,2,18000,1.00321888412
381531,381537,385702,6,4165,1,7200,1.00144057623
381549,381555,381974,6,419,2,10800,1.01431980907
381611,381617,424862,6,43245,4,43200,1.00013874436
381633,381641,384423,8,2782,2,18000,1.00287562904
381659,381665,381666,6,1,4,43200,1.0
381678,381684,404876,6,23192,4,43200,1.0002587099
381701,381707,424929,6,43222,4,43200,1.00013881819
381732,381741,384530,9,2789,2,18000,1.00322696307
381777,381788,384587,11,2799,2,18000,1.00392997499
381792,381797,384493,5,2696,2,18000,1.00185459941
381867,381876,384641,9,2765,2,18000,1.00325497288
382021,382027,382236,6,209,2,10800,1.02870813397
382135,382144,384994,9,2850,2,18000,1.00315789474
382165,382174,385031,9,2857,2,18000,1.00315015751
382198,382206,384809,8,2603,2,18000,1.00307337687
382213,382219,385141,6,2922,2,18000,1.00205338809
382276,382284,385064,8,2780,2,18000,1.00287769784
382351,382362,385159,11,2797,2,18000,1.00393278513
382441,382448,385306,7,2858,2,18000,1.00244926522
382489,382499,385334,10,2835,2,18000,1.00352733686
382681,382687,385527,6,2840,2,18000,1.00211267606
382695,382701,385499,6,2798,2,18000,1.00214438885
382735,382745,385378,10,2633,2,18000,1.00379794911
382807,382817,385579,10,2762,2,18000,1.00362056481
382878,382885,385646,7,2761,2,18000,1.00253531329
382880,382891,383589,11,698,2,10800,1.01575931232
382929,382938,385669,9,2731,2,18000,1.00329549616
382959,382969,385730,10,2761,2,18000,1.00362187613
383015,383023,385554,8,2531,2,18000,1.00316080601
383030,383036,385598,6,2562,2,18000,1.00234192037
383057,383065,385797,8,2732,2,18000,1.00292825769
383071,383077,385840,6,2763,2,18000,1.00217155266
383209,383218,385984,9,2766,2,18000,1.0032537961
383326,383334,386153,8,2819,2,18000,1.00283788578
383340,383346,386106,6,2760,2,18000,1.00217391304
383340,383351,671355,11,288004,1,288000,1.00003819391
383427,383437,386225,10,2788,2,18000,1.00358680057
383444,383450,386203,6,2753,2,18000,1.00217944061
383470,383476,386201,6,2725,2,18000,1.00220183486
383484,383490,386305,6,2815,2,18000,1.00213143872
383556,383566,386126,10,2560,2,18000,1.00390625
383698,383706,386449,8,2743,2,18000,1.00291651476
383854,383863,386646,9,2783,2,18000,1.00323392023
383960,383970,386758,10,2788,2,18000,1.00358680057
383974,383985,386696,11,2711,2,18000,1.00405754334
383989,383996,386691,7,2695,2,18000,1.0025974026
384025,384031,384430,6,399,2,10800,1.01503759398
384091,384099,386883,8,2784,2,18000,1.00287356322
384173,384184,386869,11,2685,2,18000,1.00409683426
384285,384296,386958,11,2662,2,18000,1.0041322314
384424,384434,387182,10,2748,2,18000,1.00363901019
384455,384461,384462,6,1,2,10800,1.0
384496,384505,387234,9,2729,2,18000,1.00329791132
384532,384542,387370,10,2828,2,18000,1.00353606789
384589,384599,387277,10,2678,2,18000,1.00373412995
384643,384652,387455,9,2803,2,18000,1.00321084552
384791,384797,385617,6,820,2,10800,1.00731707317
384812,384820,387582,8,2762,2,18000,1.00289645185
384860,384867,385691,7,824,2,10800,1.00849514563
384995,385005,387796,10,2791,2,18000,1.00358294518
385019,385026,385219,7,193,14,7199,1.03626943005
385034,385042,387582,8,2540,2,18000,1.0031496063
385064,385075,387798,11,2723,2,18000,1.00403966214
385080,385086,546866,6,161780,12,345600,1.0000370874
385103,385109,385691,6,582,2,10800,1.01030927835
385142,385152,387976,10,2824,2,18000,1.00354107649
385160,385170,387883,10,2713,2,18000,1.00368595651
385304,385310,385853,6,543,2,10800,1.01104972376
385308,385317,387978,9,2661,2,18000,1.00338218715
385335,385345,388175,10,2830,2,18000,1.0035335689
385380,385389,388220,9,2831,2,18000,1.00317908866
385500,385510,388287,10,2777,2,18000,1.00360100828
385530,385539,388335,9,2796,2,18000,1.00321888412
385557,385565,388283,8,2718,2,18000,1.00294334069
385580,385590,388244,10,2654,2,18000,1.00376789751
385598,385609,388302,11,2693,2,18000,1.00408466394
385649,385657,388479,8,2822,2,18000,1.00283486889
385670,385680,388316,10,2636,2,18000,1.00379362671
385730,385741,388422,11,2681,2,18000,1.00410294666
385799,385808,388507,9,2699,2,18000,1.00333456836
385841,385851,388660,10,2809,2,18000,1.00355998576
385986,385995,388761,9,2766,2,18000,1.0032537961
386109,386117,388821,8,2704,2,18000,1.00295857988
386130,386138,388979,8,2841,2,18000,1.00281590989
386154,386164,388837,10,2673,2,18000,1.00374111485
386205,386212,388853,7,2641,2,18000,1.00265051117
386206,386218,388888,12,2670,2,18000,1.00449438202
386227,386236,388898,9,2662,2,18000,1.0033809166
386308,386316,388999,8,2683,2,18000,1.00298173686
386450,386461,389218,11,2757,2,18000,1.00398984403
386649,386657,389339,8,2682,2,18000,1.00298284862
386694,386702,389513,8,2811,2,18000,1.00284596229
386709,386715,389457,6,2742,2,18000,1.00218818381
386760,386769,389593,9,2824,2,18000,1.00318696884
386872,386880,389651,8,2771,2,18000,1.00288704439
386886,386894,389709,8,2815,2,18000,1.00284191829
386958,386969,389704,11,2735,2,18000,1.00402193784
387153,387159,387715,6,556,2,10800,1.01079136691
387185,387194,389900,9,2706,2,18000,1.00332594235
387236,387245,390134,9,2889,2,18000,1.0031152648
387275,387289,390070,14,2781,2,18000,1.00503416037
387371,387382,390184,11,2802,2,18000,1.00392576731
387456,387467,390142,11,2675,2,18000,1.00411214953
387585,387593,390365,8,2772,2,18000,1.00288600289
387586,387598,390488,12,2890,2,18000,1.00415224913
387797,387807,390565,10,2758,2,18000,1.00362581581
387812,387818,390553,6,2735,2,18000,1.00219378428
387830,387836,517473,6,129637,4,129600,1.00004628308
387830,387841,517447,11,129606,4,129600,1.00008487261
387831,387857,517508,26,129651,4,129600,1.00020053837
387831,387852,517502,21,129650,4,129600,1.00016197455
387831,387847,387851,16,4,4,129600,2.0
387832,387867,517506,35,129639,4,129600,1.00026998048
387832,387862,517507,30,129645,4,129600,1.00023140113
387884,387895,390717,11,2822,2,18000,1.00389794472
387977,387987,390866,10,2879,2,18000,1.00347342827
387992,387998,390788,6,2790,2,18000,1.00215053763
388178,388186,390975,8,2789,2,18000,1.00286841162
388223,388231,390848,8,2617,2,18000,1.00305693542
388247,388255,391031,8,2776,2,18000,1.00288184438
388285,388295,391053,10,2758,2,18000,1.00362581581
388300,388306,391125,6,2819,2,18000,1.00212841433
388315,388321,391144,6,2823,2,18000,1.00212539851
388329,388336,391152,7,2816,2,18000,1.00248579545
388344,388350,391208,6,2858,2,18000,1.00209937019
388422,388433,391233,11,2800,2,18000,1.00392857143
388479,388490,391150,11,2660,2,18000,1.00413533835
388509,388518,391305,9,2787,2,18000,1.00322927879
388539,388546,518153,7,129607,4,129600,1.00005400943
388581,388587,388608,6,21,2,60,1.28571428571
388660,388671,391503,11,2832,2,18000,1.00388418079
388763,388772,391561,9,2789,2,18000,1.00322696307
388824,388832,391570,8,2738,2,18000,1.00292184076
388839,388849,391702,10,2853,2,18000,1.00350508237
388856,388865,391676,9,2811,2,18000,1.00320170758
388890,388900,391781,10,2881,2,18000,1.00347101701
388904,388910,391681,6,2771,2,18000,1.00216528329
388908,388916,467176,8,78260,1,259200,1.00010222336
388980,388990,391756,10,2766,2,18000,1.00361532899
389000,389011,391725,11,2714,2,18000,1.00405305822
389221,389229,391855,8,2626,2,18000,1.00304645849
389324,389330,390424,6,1094,1,7200,1.00548446069
389342,389350,392112,8,2762,2,18000,1.00289645185
389459,389468,392295,9,2827,2,18000,1.00318358684
389492,389498,416589,6,27091,3,496800,1.00022147577
389513,389524,392282,11,2758,2,18000,1.00398839739
389595,389604,392276,9,2672,2,18000,1.00336826347
389652,389663,392320,11,2657,2,18000,1.00414000753
389707,389716,392493,9,2777,2,18000,1.00324090745
389721,389727,392488,6,2761,2,18000,1.00217312568
389902,389912,392776,10,2864,2,18000,1.00349162011
390072,390081,392919,9,2838,2,18000,1.00317124736
390135,390145,392849,10,2704,2,18000,1.00369822485
390149,390156,392963,7,2807,2,18000,1.00249376559
390185,390195,392852,10,2657,2,18000,1.00376364321
390366,390376,393066,10,2690,2,18000,1.00371747212
390490,390499,393274,9,2775,2,18000,1.00324324324
390557,390565,393390,8,2825,2,18000,1.00283185841
390571,390578,393420,7,2842,2,18000,1.00246305419
390720,390728,393531,8,2803,2,18000,1.00285408491
390789,390800,393460,11,2660,2,18000,1.00413533835
390849,390859,393702,10,2843,2,18000,1.00351741119
390869,390878,393643,9,2765,2,18000,1.00325497288
390979,390987,393762,8,2775,2,18000,1.00288288288
391034,391042,393815,8,2773,2,18000,1.00288496213
391055,391065,393856,10,2791,2,18000,1.00358294518
391128,391137,393920,9,2783,2,18000,1.00323392023
391145,391155,393946,10,2791,2,18000,1.00358294518
391160,391166,393867,6,2701,2,18000,1.00222139948
391162,391172,393904,10,2732,2,18000,1.00366032211
391209,391219,394012,10,2793,2,18000,1.00358037952
391233,391244,393936,11,2692,2,18000,1.00408618128
391306,391316,393979,10,2663,2,18000,1.00375516335
391505,391514,394332,9,2818,2,18000,1.00319375444
391561,391572,394246,11,2674,2,18000,1.00411368736
391576,391582,394305,6,2723,2,18000,1.00220345207
391678,391687,394478,9,2791,2,18000,1.00322465066
391693,391699,394412,6,2713,2,18000,1.0022115739
391707,391713,394557,6,2844,2,18000,1.00210970464
391728,391737,394536,9,2799,2,18000,1.00321543408
391759,391767,394621,8,2854,2,18000,1.00280308339
391782,391793,394644,11,2851,2,18000,1.00385829533
391857,391866,394662,9,2796,2,18000,1.00321888412
392114,392123,394915,9,2792,2,18000,1.0032234957
392277,392287,395103,10,2816,2,18000,1.00355113636
392292,392298,394986,6,2688,2,18000,1.00223214286
392307,392313,394983,6,2670,2,18000,1.00224719101
392321,392331,395141,10,2810,2,18000,1.00355871886
392491,392499,395179,8,2680,2,18000,1.00298507463
392506,392512,395352,6,2840,2,18000,1.00211267606
392778,392788,395638,10,2850,2,18000,1.00350877193
392850,392860,395674,10,2814,2,18000,1.00355366027
392865,392871,395707,6,2836,2,18000,1.00211565585
392922,392930,395675,8,2745,2,18000,1.0029143898
392964,392974,395665,10,2691,2,18000,1.00371609067
393066,393077,395691,11,2614,2,18000,1.00420811018
393275,393285,396062,10,2777,2,18000,1.00360100828
393392,393401,396157,9,2756,2,18000,1.00326560232
393422,393431,396044,9,2613,2,18000,1.00344431688
393461,393472,396282,11,2810,2,18000,1.00391459075
393533,393542,396146,9,2604,2,18000,1.0034562212
393645,393654,396455,9,2801,2,18000,1.00321313816
393705,393713,396403,8,2690,2,18000,1.0029739777
393765,393773,396567,8,2794,2,18000,1.00286327845
393816,393826,396592,10,2766,2,18000,1.00361532899
393858,393868,396558,10,2690,2,18000,1.00371747212
393872,393878,396688,6,2810,2,18000,1.00213523132
393905,393915,396609,10,2694,2,18000,1.00371195249
393923,393931,396678,8,2747,2,18000,1.00291226793
393937,393948,396784,11,2836,2,18000,1.0038787024
393952,393958,396689,6,2731,2,18000,1.00219699744
393982,393990,396791,8,2801,2,18000,1.00285612281
393994,394001,394136,7,135,1,4260,1.05185185185
394015,394023,396700,8,2677,2,18000,1.00298841987
394247,394257,397038,10,2781,2,18000,1.00359582884
394307,394316,397168,9,2852,2,18000,1.00315568022
394334,394343,397035,9,2692,2,18000,1.00334323923
394415,394423,397092,8,2669,2,18000,1.00299737729
394478,394489,397292,11,2803,2,18000,1.00392436675
394539,394547,397302,8,2755,2,18000,1.00290381125
394557,394568,397356,11,2788,2,18000,1.00394548063
394623,394632,397453,9,2821,2,18000,1.00319035803
394647,394655,397308,8,2653,2,18000,1.0030154542
394665,394673,397506,8,2833,2,18000,1.00282386163
394916,394929,397708,13,2779,2,18000,1.00467794171
394987,394997,397765,10,2768,2,18000,1.00361271676
394988,395002,397590,14,2588,2,18000,1.00540958269
395105,395114,397787,9,2673,2,18000,1.00336700337
395137,395143,395358,6,215,1,4260,1.02790697674
395143,395152,397835,9,2683,2,18000,1.00335445397
395180,395190,397957,10,2767,2,18000,1.00361402241
395265,395272,396186,7,914,1,900,1.00765864333
395355,395363,398187,8,2824,2,18000,1.00283286119
395640,395650,398464,10,2814,2,18000,1.00355366027
395651,395657,395776,6,119,1,4260,1.05042016807
395666,395676,398441,10,2765,2,18000,1.00361663653
395681,395687,398454,6,2767,2,18000,1.00216841344
395682,395693,398483,11,2790,2,18000,1.00394265233
395697,395703,398536,6,2833,2,18000,1.00211789622
395712,395717,398387,5,2670,2,18000,1.00187265918
396048,396055,398864,7,2809,2,18000,1.00249199003
396062,396073,398891,11,2818,2,18000,1.00390347764
396147,396157,398866,10,2709,2,18000,1.00369139904
396162,396167,398865,5,2698,2,18000,1.00185322461
396282,396293,399096,11,2803,2,18000,1.00392436675
396406,396414,399124,8,2710,2,18000,1.00295202952
396457,396466,399285,9,2819,2,18000,1.0031926215
396559,396569,399165,10,2596,2,18000,1.00385208012
396574,396580,399435,6,2855,2,18000,1.00210157618
396594,396603,399477,9,2874,2,18000,1.00313152401
396610,396620,399455,10,2835,2,18000,1.00352733686
396680,396689,399485,9,2796,2,18000,1.00321888412
396695,396700,399365,5,2665,2,18000,1.00187617261
396696,396706,399441,10,2735,2,18000,1.00365630713
396710,396716,399500,6,2784,2,18000,1.00215517241
396785,396795,399512,10,2717,2,18000,1.00368053
396800,396807,399482,7,2675,2,18000,1.00261682243
396882,396888,400511,6,3623,1,3600,1.00165608612
397036,397046,399718,10,2672,2,18000,1.00374251497
397037,397052,399823,15,2771,2,18000,1.00541320823
397070,397076,397605,6,529,2,10800,1.01134215501
397085,397091,397182,6,91,1,1800,1.06593406593
397094,397103,399818,9,2715,2,18000,1.00331491713
397169,397179,399861,10,2682,2,18000,1.00372856078
397290,397296,397766,6,470,2,10800,1.01276595745
397292,397303,399921,11,2618,2,18000,1.00420168067
397307,397313,400001,6,2688,2,18000,1.00223214286
397321,397328,400031,7,2703,2,18000,1.00258971513
397357,397368,400217,11,2849,2,18000,1.00386100386
397453,397464,400195,11,2731,2,18000,1.00402782863
397485,397491,397592,6,101,1,1800,1.05940594059
397507,397517,400331,10,2814,2,18000,1.00355366027
397591,397601,400440,10,2839,2,18000,1.00352236703
397615,397621,398035,6,414,2,10800,1.01449275362
397709,397719,400508,10,2789,2,18000,1.00358551452
397766,397776,400466,10,2690,2,18000,1.00371747212
397789,397799,400610,10,2811,2,18000,1.00355745286
397823,397829,401467,6,3638,1,3600,1.00164925783
397837,397846,400678,9,2832,2,18000,1.0031779661
397957,397968,400663,11,2695,2,18000,1.00408163265
398189,398199,401037,10,2838,2,18000,1.00352360817
398211,398218,398736,7,518,1,1800,1.01351351351
398389,398398,401204,9,2806,2,18000,1.00320741269
398410,398416,399075,6,659,2,10800,1.0091047041
398443,398453,401209,10,2756,2,18000,1.00362844702
398457,398465,401337,8,2872,2,18000,1.00278551532
398472,398478,401034,6,2556,2,18000,1.00234741784
398486,398494,401244,8,2750,2,18000,1.00290909091
398537,398547,401361,10,2814,2,18000,1.00355366027
398754,398760,400927,6,2167,2,10800,1.0027688048
398786,398792,399013,6,221,4,3600,1.02714932127
398867,398875,401697,8,2822,2,18000,1.00283486889
398868,398881,401590,13,2709,2,18000,1.00479881875
398869,398886,401680,17,2794,2,18000,1.00608446671
398894,398902,401612,8,2710,2,18000,1.00295202952
399072,399078,399526,6,448,2,10800,1.01339285714
399099,399108,401912,9,2804,2,18000,1.00320970043
399126,399135,401740,9,2605,2,18000,1.00345489443
399168,399176,401989,8,2813,2,18000,1.00284393886
399288,399296,402160,8,2864,2,18000,1.00279329609
399366,399376,402015,10,2639,2,18000,1.00378931413
399428,399434,399436,6,2,4,3600,1.0
399438,399446,402122,8,2676,2,18000,1.00298953662
399453,399459,402201,6,2742,2,18000,1.00218818381
399468,399474,402189,6,2715,2,18000,1.00220994475
399482,399488,402304,6,2816,2,18000,1.00213068182
399497,399503,402291,6,2788,2,18000,1.00215208034
399498,399509,402356,11,2847,2,18000,1.00386371619
399513,399519,402283,6,2764,2,18000,1.002170767
399514,399525,402322,11,2797,2,18000,1.00393278513
399719,399729,402497,10,2768,2,18000,1.00361271676
399822,399830,402685,8,2855,2,18000,1.00280210158
399836,399842,402447,6,2605,2,18000,1.00230326296
399863,399872,402479,9,2607,2,18000,1.00345224396
399923,399932,402787,9,2855,2,18000,1.00315236427
399949,399955,400092,6,137,4,3600,1.04379562044
400004,400012,402852,8,2840,2,18000,1.00281690141
400034,400043,402823,9,2780,2,18000,1.00323741007
400110,400116,400565,6,449,2,10800,1.01336302895
400197,400206,402982,9,2776,2,18000,1.00324207493
400220,400229,402785,9,2556,2,18000,1.00352112676
400331,400342,403192,11,2850,2,18000,1.00385964912
400388,400394,400434,6,40,1,1800,1.15
400389,400400,400404,11,4,4,540000,1.5
400443,400452,403183,9,2731,2,18000,1.00329549616
400467,400478,403176,11,2698,2,18000,1.00407709414
400509,400519,403219,10,2700,2,18000,1.0037037037
400534,400540,400578,6,38,1,1800,1.15789473684
400611,400621,403377,10,2756,2,18000,1.00362844702
400649,400655,400689,6,34,4,540000,1.17647058824
400665,400674,403518,9,2844,2,18000,1.00316455696
400680,400690,403459,10,2769,2,18000,1.00361141206
400700,400706,401019,6,313,4,540000,1.01916932907
400744,400750,400826,6,76,1,1800,1.07894736842
400847,400853,400930,6,77,1,1800,1.07792207792
400863,400870,401229,7,359,2,10800,1.01949860724
401009,401015,941047,6,540032,4,540000,1.00001111045
401036,401045,403816,9,2771,2,18000,1.00324792494
401051,401057,403856,6,2799,2,18000,1.00214362272
401065,401072,941085,7,540013,4,540000,1.00001296265
401192,401198,401539,6,341,2,10800,1.01759530792
401205,401215,404012,10,2797,2,18000,1.00357525921
401219,401225,403976,6,2751,2,18000,1.00218102508
401246,401256,403975,10,2719,2,18000,1.00367782273
401304,401310,941329,6,540019,4,540000,1.00001111072
401339,401348,404169,9,2821,2,18000,1.00319035803
401363,401372,404052,9,2680,2,18000,1.00335820896
401423,401429,401659,6,230,1,1800,1.02608695652
401522,401528,401569,6,41,1,4260,1.14634146341
401583,401590,401842,7,252,1,4260,1.02777777778
401592,401602,404239,10,2637,2,18000,1.00379218809
401613,401623,404407,10,2784,2,18000,1.00359195402
401623,401629,401895,6,266,1,1800,1.02255639098
401682,401691,404483,9,2792,2,18000,1.0032234957
401700,401709,404571,9,2862,2,18000,1.00314465409
401742,401751,404519,9,2768,2,18000,1.00325144509
401777,401783,941823,6,540040,4,540000,1.00001111029
401914,401923,404718,9,2795,2,18000,1.00322003578
401992,402000,404678,8,2678,2,18000,1.00298730396
402019,402027,404824,8,2797,2,18000,1.00286020737
402124,402133,404973,9,2840,2,18000,1.00316901408
402163,402171,404931,8,2760,2,18000,1.00289855072
402190,402200,404955,10,2755,2,18000,1.00362976407
402204,402212,404849,8,2637,2,18000,1.00303375047
402285,402294,405140,9,2846,2,18000,1.0031623331
402300,402306,405035,6,2729,2,18000,1.00219860755
402315,402321,405071,6,2750,2,18000,1.00218181818
402329,402335,405118,6,2783,2,18000,1.00215594682
402330,402340,402404,10,64,1,4260,1.15625
402356,402367,405223,11,2856,2,18000,1.00385154062
402435,402441,402579,6,138,4,3600,1.04347826087
402449,402461,405138,12,2677,2,18000,1.00448262981
402479,402490,405319,11,2829,2,18000,1.00388829975
402500,402509,405289,9,2780,2,18000,1.00323741007
402687,402697,405495,10,2798,2,18000,1.00357398142
402737,402743,403320,6,577,2,10800,1.01039861352
402786,402796,405614,10,2818,2,18000,1.00354861604
402801,402807,405610,6,2803,2,18000,1.00214056368
402810,402816,403783,6,967,2,36000,1.00620475698
402824,402834,405592,10,2758,2,18000,1.00362581581
402854,402863,405509,9,2646,2,18000,1.00340136054
402937,402944,422630,7,19686,5,540000,1.00035558265
402970,402976,403606,6,630,2,10800,1.00952380952
402984,402995,405752,11,2757,2,18000,1.00398984403
402984,402989,403092,5,103,1,4260,1.04854368932
402989,403000,403028,11,28,1,1800,1.39285714286
403046,403053,403072,7,19,1,1800,1.36842105263
403131,403137,403141,6,4,2,600,1.0
403177,403187,406031,10,2844,2,18000,1.0035161744
403191,403197,406026,6,2829,2,18000,1.00212089077
403206,403212,406021,6,2809,2,18000,1.00213599146
403220,403230,406017,10,2787,2,18000,1.00358808755
403294,403300,403987,6,687,2,10800,1.00873362445
403297,403306,403311,9,5,2,600,1.4
403321,403327,403394,6,67,1,1800,1.08955223881
403353,403360,403421,7,61,1,1800,1.11475409836
403377,403388,406255,11,2867,2,18000,1.00383676317
403461,403470,406190,9,2720,2,18000,1.00330882353
403498,403504,404173,6,669,2,10800,1.00896860987
403519,403529,406382,10,2853,2,18000,1.00350508237
403669,403675,428128,6,24453,32,36000,1.00024536867
403714,403720,404216,6,496,2,600,1.01209677419
403735,403741,403875,6,134,4,3600,1.0447761194
403818,403827,406641,9,2814,2,18000,1.00319829424
403857,403868,406666,11,2798,2,18000,1.00393137956
403857,403862,404440,5,578,2,600,1.00865051903
403977,403987,406786,10,2799,2,18000,1.00357270454
403979,403992,406824,13,2832,2,18000,1.00459039548
404015,404023,406781,8,2758,2,18000,1.00290065265
404028,404034,404113,6,79,1,1800,1.07594936709
404054,404063,406796,9,2733,2,18000,1.00329308452
404084,404090,404225,6,135,1,1800,1.04444444444
404171,404180,407011,9,2831,2,18000,1.00317908866
404180,404186,404315,6,129,4,3600,1.04651162791
404235,404250,407059,15,2809,2,18000,1.00533997864
404325,404331,405077,6,746,2,3600,1.00804289544
404410,404418,407138,8,2720,2,18000,1.00294117647
404485,404494,407182,9,2688,2,18000,1.00334821429
404520,404530,407246,10,2716,2,18000,1.00368188513
404573,404582,407242,9,2660,2,18000,1.00338345865
404678,404689,407546,11,2857,2,18000,1.00385019251
404720,404729,407545,9,2816,2,18000,1.00319602273
404826,404835,407658,9,2823,2,18000,1.00318809777
404850,404861,407568,11,2707,2,18000,1.00406353897
404934,404943,407759,9,2816,2,18000,1.00319602273
404955,404966,407737,11,2771,2,18000,1.00396968603
404975,404984,407758,9,2774,2,18000,1.0032444124
405026,405032,405595,6,563,2,600,1.01065719361
405038,405047,407830,9,2783,2,18000,1.00323392023
405071,405086,407848,15,2762,2,18000,1.00543084721
405074,405080,405579,6,499,2,600,1.0120240481
405119,405129,407938,10,2809,2,18000,1.00355998576
405140,405149,407781,9,2632,2,18000,1.00341945289
405141,405155,407979,14,2824,2,18000,1.00495750708
405212,405218,405237,6,19,1,1800,1.31578947368
405226,405234,407910,8,2676,2,18000,1.00298953662
405292,405300,408144,8,2844,2,18000,1.00281293952
405322,405330,408084,8,2754,2,18000,1.00290486565
405336,405342,408985,6,3643,1,3600,1.00164699424
405475,405486,405489,11,3,4,129600,1.4
405475,405481,405484,6,3,4,129600,1.0
405476,405496,405499,20,3,4,129600,2.3
405476,405517,405520,41,3,4,129600,4.4
405476,405512,405515,36,3,4,129600,3.9
405476,405502,405504,26,2,4,129600,2.8
405476,405507,405509,31,2,4,129600,3.3
405476,405491,405494,15,3,4,129600,1.8
405497,405523,408370,26,2847,2,18000,1.00913242009
405504,405533,405590,29,57,1,1800,1.50877192982
405511,405528,408385,17,2857,2,18000,1.00595029751
405587,405598,405601,11,3,4,129600,1.4
405587,405593,405597,6,4,4,129600,1.0
405588,405630,405632,42,2,4,129600,4.4
405588,405624,405627,36,3,4,129600,3.9
405588,405614,405617,26,3,4,129600,2.9
405588,405603,405606,15,3,4,129600,1.8
405588,405619,405622,31,3,4,129600,3.4
405589,405635,405638,46,3,4,129600,4.9
405593,405609,408392,16,2783,2,18000,1.00574919152
405610,405641,408489,31,2848,2,18000,1.01088483146
405625,405646,408323,21,2677,2,18000,1.00784460217
405635,405651,406318,16,667,2,3600,1.023988006
405637,405657,406068,20,411,4,129600,1.04866180049
405637,405662,406063,25,401,4,129600,1.06234413965
405638,405688,406068,50,380,4,129600,1.13157894737
405638,405683,406068,45,385,4,129600,1.11688311688
405638,405667,406068,29,401,4,129600,1.072319202
405638,405677,406068,39,391,4,129600,1.09974424552
405638,405672,406068,34,396,4,129600,1.08585858586
405639,405693,405698,54,5,4,129600,5.9
405755,405763,408337,8,2574,2,18000,1.00310800311
405776,405782,405802,6,20,1,1800,1.3
405917,405923,729964,6,324041,2,324000,1.00001851618
406021,406028,408703,7,2675,2,18000,1.00261682243
406022,406034,408776,12,2742,2,18000,1.00437636761
406037,406043,408836,6,2793,2,18000,1.00214822771
406038,406049,408820,11,2771,2,18000,1.00396968603
406074,406081,406152,7,71,1,1800,1.0985915493
406105,406111,406170,6,59,1,1800,1.10169491525
406192,406202,408873,10,2671,2,18000,1.00374391614
406258,406267,409168,9,2901,2,18000,1.00310237849
406385,406393,409034,8,2641,2,18000,1.00302915562
406460,406466,420930,6,14464,4,129600,1.00041482301
406461,406482,425491,21,19009,4,129600,1.00110473986
406461,406471,422902,10,16431,4,129600,1.00060860568
406461,406476,420302,15,13826,4,129600,1.00108491248
406462,406492,421440,30,14948,4,129600,1.00200695745
406462,406502,406506,40,4,4,129600,4.4
406462,406487,421111,25,14624,4,129600,1.0017095186
406462,406497,426622,35,20125,4,129600,1.00173913043
406642,406653,409377,11,2724,2,18000,1.00403817915
406669,406677,409510,8,2833,2,18000,1.00282386163
406784,406792,409598,8,2806,2,18000,1.0028510335
406798,406805,409601,7,2796,2,18000,1.00250357654
406800,406811,409683,11,2872,2,18000,1.00383008357
406826,406835,409627,9,2792,2,18000,1.0032234957
406872,406878,407650,6,772,2,3600,1.00777202073
407011,407017,407096,6,79,1,1800,1.07594936709
407016,407023,409725,7,2702,2,18000,1.00259067358
407061,407070,409723,9,2653,2,18000,1.00339238598
407140,407149,409948,9,2799,2,18000,1.00321543408
407185,407193,410041,8,2848,2,18000,1.00280898876
407245,407253,410061,8,2808,2,18000,1.00284900285
407259,407266,410063,7,2797,2,18000,1.00250268144
407541,407547,407567,6,20,1,1800,1.3
407546,407562,410394,16,2832,2,18000,1.00564971751
407547,407556,410379,9,2823,2,18000,1.00318809777
407571,407579,410358,8,2779,2,18000,1.00287873336
407658,407669,410463,11,2794,2,18000,1.00393700787
407739,407748,410535,9,2787,2,18000,1.00322927879
407760,407770,410655,10,2885,2,18000,1.00346620451
407762,407775,410616,13,2841,2,18000,1.00457585357
407782,407792,410614,10,2822,2,18000,1.00354358611
407830,407841,410480,11,2639,2,18000,1.00416824555
407845,407859,410633,14,2774,2,18000,1.00504686373
407867,407873,407930,6,57,1,1800,1.10526315789
407914,407921,410708,7,2787,2,18000,1.00251166128
407938,407949,410747,11,2798,2,18000,1.00393137956
407981,407990,410729,9,2739,2,18000,1.00328587076
408009,408015,408241,6,226,1,4260,1.02654867257
408044,408050,408220,6,170,1,4260,1.03529411765
408087,408095,410787,8,2692,2,18000,1.0029717682
408147,408155,410888,8,2733,2,18000,1.00292718624
408252,408258,408260,6,2,1,4260,1.0
408325,408334,411049,9,2715,2,18000,1.00331491713
408340,408348,411107,8,2759,2,18000,1.0028996013
408372,408381,411116,9,2735,2,18000,1.00329067642
408387,408396,411159,9,2763,2,18000,1.00325732899
408402,408408,411140,6,2732,2,18000,1.00219619327
408455,408471,408650,16,179,1,4260,1.08938547486
408455,408461,408662,6,201,1,4260,1.02985074627
408455,408466,408668,11,202,1,4260,1.05445544554
408456,408477,408659,21,182,1,4260,1.11538461538
408456,408482,408684,26,202,1,4260,1.12871287129
408457,408487,408691,30,204,1,4260,1.14705882353
408457,408493,408699,36,206,1,4260,1.17475728155
408458,408498,408672,40,174,1,4260,1.22988505747
408458,408503,408679,45,176,1,4260,1.25568181818
408459,408513,408716,54,203,1,4260,1.26600985222
408459,408508,408711,49,203,1,4260,1.24137931034
408460,408519,408711,59,192,1,4260,1.30729166667
408460,408524,408720,64,196,1,4260,1.32653061224
408461,408529,408702,68,173,1,4260,1.39306358382
408462,408534,408736,72,202,1,4260,1.35643564356
408463,408539,408742,76,203,1,4260,1.37438423645
408464,408544,408715,80,171,1,4260,1.46783625731
408465,408550,408754,85,204,1,4260,1.41666666667
408466,408555,408748,89,193,1,4260,1.46113989637
408467,408560,408754,93,194,1,4260,1.4793814433
408468,408565,408773,97,208,1,4260,1.46634615385
408469,408571,408770,102,199,1,4260,1.51256281407
408470,408576,408780,106,204,1,4260,1.51960784314
408471,408581,408776,110,195,1,4260,1.5641025641
408472,408592,408798,120,206,1,4260,1.58252427184
408473,408597,408770,124,173,1,4260,1.71676300578
408474,408603,408807,129,204,1,4260,1.63235294118
408475,408608,408807,133,199,1,4260,1.66834170854
408476,408613,408819,137,206,1,4260,1.66504854369
408477,408661,408868,184,207,1,4260,1.88888888889
408479,408670,408874,191,204,1,4260,1.9362745098
408480,408676,408862,196,186,1,4260,2.05376344086
408481,408683,408883,202,200,1,4260,2.01
408492,408587,411404,95,2817,2,18000,1.03372381967
408663,408688,408759,25,71,1,1800,1.35211267606
408667,408694,408901,27,207,1,4260,1.13043478261
408668,408699,408898,31,199,1,4260,1.15577889447
408682,408705,408907,23,202,1,4260,1.11386138614
408683,408721,408961,38,240,1,4260,1.15833333333
408684,408726,408910,42,184,1,4260,1.22826086957
408697,408732,408940,35,208,1,4260,1.16826923077
408698,408737,408946,39,209,1,4260,1.18660287081
408699,408742,408967,43,225,1,4260,1.19111111111
408703,408716,411583,13,2867,2,18000,1.00453435647
408712,408748,408991,36,243,1,4260,1.14814814815
408713,408753,408952,40,199,1,4260,1.20100502513
408727,408759,408973,32,214,1,4260,1.14953271028
408728,408764,408961,36,197,1,4260,1.18274111675
408729,408769,408988,40,219,1,4260,1.18264840183
408730,408775,408979,45,204,1,4260,1.22058823529
408731,408780,408982,49,202,1,4260,1.24257425743
408742,408785,409119,43,334,1,4260,1.12874251497
408758,408796,409010,38,214,1,4260,1.17757009346
408759,408802,408994,43,192,1,4260,1.22395833333
408775,408807,409020,32,213,1,4260,1.15023474178
408776,408812,409013,36,201,1,4260,1.17910447761
408779,408791,411545,12,2754,2,18000,1.00435729847
408788,408818,408997,30,179,1,4260,1.16759776536
408818,408824,409016,6,192,1,4260,1.03125
408819,408830,409029,11,199,1,4260,1.05527638191
408821,408836,411558,15,2722,2,18000,1.00551065393
408839,408848,411631,9,2783,2,18000,1.00323392023
408874,408884,411684,10,2800,2,18000,1.00357142857
409002,409008,409185,6,177,1,4260,1.03389830508
409003,409014,409212,11,198,1,4260,1.05555555556
409015,409020,409233,5,213,1,4260,1.0234741784
409016,409027,409215,11,188,1,4260,1.0585106383
409031,409037,409269,6,232,1,4260,1.02586206897
409032,409043,409215,11,172,1,4260,1.06395348837
409033,409048,409200,15,152,1,4260,1.09868421053
409034,409053,409191,19,138,1,4260,1.13768115942
409035,409060,411933,25,2873,2,18000,1.00870170553
409170,409179,411764,9,2585,2,18000,1.00348162476
409244,409250,409322,6,72,1,4260,1.08333333333
409378,409388,412191,10,2803,2,18000,1.00356760614
409511,409521,412251,10,2730,2,18000,1.00366300366
409598,409609,412322,11,2713,2,18000,1.00405455216
409613,409619,412265,6,2646,2,18000,1.0022675737
409628,409638,412297,10,2659,2,18000,1.00376081234
409685,409694,412471,9,2777,2,18000,1.00324090745
409724,409734,412357,10,2623,2,18000,1.00381242852
409739,409745,412595,6,2850,2,18000,1.00210526316
409851,409857,409895,6,38,1,4260,1.15789473684
409950,409959,412760,9,2801,2,18000,1.00321313816
410044,410052,412875,8,2823,2,18000,1.00283386468
410065,410075,412922,10,2847,2,18000,1.00351246927
410066,410080,412891,14,2811,2,18000,1.00498043401
410359,410370,413198,11,2828,2,18000,1.00388967468
410383,410390,413045,7,2655,2,18000,1.00263653484
410397,410405,413217,8,2812,2,18000,1.00284495021
410464,410475,413251,11,2776,2,18000,1.00396253602
410481,410491,413361,10,2870,2,18000,1.00348432056
410535,410546,413283,11,2737,2,18000,1.0040189989
410617,410626,413348,9,2722,2,18000,1.00330639236
410618,410632,413393,14,2761,2,18000,1.00507062658
410636,410644,413505,8,2861,2,18000,1.0027962251
410657,410666,413477,9,2811,2,18000,1.00320170758
410711,410720,413395,9,2675,2,18000,1.00336448598
410732,410740,413522,8,2782,2,18000,1.00287562904
410749,410759,413476,10,2717,2,18000,1.00368053
410788,410798,413553,10,2755,2,18000,1.00362976407
410891,410899,413589,8,2690,2,18000,1.0029739777
411050,411060,413763,10,2703,2,18000,1.00369959304
411107,411118,413942,11,2824,2,18000,1.00389518414
411122,411128,413964,6,2836,2,18000,1.00211565585
411143,411151,413876,8,2725,2,18000,1.00293577982
411160,411170,413968,10,2798,2,18000,1.00357398142
411406,411415,414198,9,2783,2,18000,1.00323392023
411548,411556,414320,8,2764,2,18000,1.00289435601
411562,411569,414382,7,2813,2,18000,1.0024884465
411583,411594,414402,11,2808,2,18000,1.00391737892
411632,411643,414384,11,2741,2,18000,1.00401313389
411687,411695,414448,8,2753,2,18000,1.00290592081
411766,411775,414605,9,2830,2,18000,1.00318021201
411935,411944,414783,9,2839,2,18000,1.00317013033
412194,412202,414866,8,2664,2,18000,1.003003003
412254,412263,415048,9,2785,2,18000,1.00323159785
412272,412278,415096,6,2818,2,18000,1.00212916962
412298,412304,413375,6,1071,1,4260,1.0056022409
412300,412310,415087,10,2777,2,18000,1.00360100828
412316,412322,412489,6,167,1,4260,1.03592814371
412323,412333,415107,10,2774,2,18000,1.00360490267
412360,412368,415044,8,2676,2,18000,1.00298953662
412473,412482,415285,9,2803,2,18000,1.00321084552
412597,412606,415299,9,2693,2,18000,1.00334199777
412761,412771,415569,10,2798,2,18000,1.00357398142
412785,412791,412884,6,93,1,1800,1.06451612903
412875,412886,415670,11,2784,2,18000,1.00395114943
412893,412902,415688,9,2786,2,18000,1.0032304379
412923,412933,415683,10,2750,2,18000,1.00363636364
413047,413057,415883,10,2826,2,18000,1.00353857042
413196,413202,413298,6,96,1,1800,1.0625
413201,413210,415925,9,2715,2,18000,1.00331491713
413219,413228,416030,9,2802,2,18000,1.00321199143
413252,413262,416044,10,2782,2,18000,1.0035945363
413285,413294,416044,9,2750,2,18000,1.00327272727
413351,413359,416212,8,2853,2,18000,1.0028040659
413366,413372,416133,6,2761,2,18000,1.00217312568
413396,413404,416121,8,2717,2,18000,1.002944424
413398,413410,416071,12,2661,2,18000,1.00450958286
413414,413420,416808,6,3388,1,8580,1.00177095632
413448,413454,413540,6,86,1,8580,1.06976744186
413476,413487,416287,11,2800,2,18000,1.00392857143
413491,413497,416273,6,2776,2,18000,1.00216138329
413506,413516,416138,10,2622,2,18000,1.00381388253
413524,413534,416243,10,2709,2,18000,1.00369139904
413550,413556,413565,6,9,1,8580,1.5
413554,413564,416336,10,2772,2,18000,1.00360750361
413580,413586,413591,6,5,1,8580,1.1
413590,413601,416395,11,2794,2,18000,1.00393700787
413765,413774,416615,9,2841,2,18000,1.00316789863
413877,413888,416673,11,2785,2,18000,1.0039497307
413917,413924,414422,7,498,1,1800,1.0140562249
413944,413953,416722,9,2769,2,18000,1.00325027086
413965,413975,416662,10,2687,2,18000,1.00372162263
413981,413988,416854,7,2866,2,18000,1.00244242847
414200,414210,416879,10,2669,2,18000,1.00374672162
414321,414332,416952,11,2620,2,18000,1.00419847328
414385,414393,417074,8,2681,2,18000,1.00298396121
414386,414399,417073,13,2674,2,18000,1.00486163052
414404,414413,417289,9,2876,2,18000,1.00312934631
414450,414459,417185,9,2726,2,18000,1.00330154072
414607,414617,417326,10,2709,2,18000,1.00369139904
414786,414794,417577,8,2783,2,18000,1.00287459576
414867,414877,417570,10,2693,2,18000,1.00371333086
415046,415055,417656,9,2601,2,18000,1.00346020761
415047,415061,417886,14,2825,2,18000,1.00495575221
415089,415099,417971,10,2872,2,18000,1.00348189415
415104,415110,417932,6,2822,2,18000,1.00212615167
415119,415125,417818,6,2693,2,18000,1.00222799851
415288,415296,418096,8,2800,2,18000,1.00285714286
415302,415310,418099,8,2789,2,18000,1.00286841162
415571,415581,418241,10,2660,2,18000,1.0037593985
415672,415681,418360,9,2679,2,18000,1.00335946249
415687,415694,418480,7,2786,2,18000,1.00251256281
415701,415707,418533,6,2826,2,18000,1.00212314225
415886,415894,418642,8,2748,2,18000,1.00291120815
415927,415936,418709,9,2773,2,18000,1.0032455824
416030,416041,418781,11,2740,2,18000,1.00401459854
416045,416055,418856,10,2801,2,18000,1.00357015352
416047,416060,418813,13,2753,2,18000,1.00472212132
416073,416082,418793,9,2711,2,18000,1.00331980819
416089,416095,416131,6,36,1,1800,1.16666666667
416121,416132,418980,11,2848,2,18000,1.00386235955
416130,416141,416153,11,12,1,8580,1.91666666667
416136,416147,418900,11,2753,2,18000,1.00399564112
416151,416157,418933,6,2776,2,18000,1.00216138329
416214,416223,419080,9,2857,2,18000,1.00315015751
416244,416254,419118,10,2864,2,18000,1.00349162011
416277,416285,419082,8,2797,2,18000,1.00286020737
416292,416298,419039,6,2741,2,18000,1.00218898212
416293,416304,421567,11,5263,1,43200,1.0020900627
416336,416347,419127,11,2780,2,18000,1.00395683453
416397,416406,419269,9,2863,2,18000,1.00314355571
416457,416463,416541,6,78,1,1800,1.07692307692
416617,416626,419465,9,2839,2,18000,1.00317013033
416665,416674,419476,9,2802,2,18000,1.00321199143
416680,416686,419361,6,2675,2,18000,1.00224299065
416725,416733,419499,8,2766,2,18000,1.0028922632
416849,416855,416975,6,120,1,8580,1.05
416854,416865,419465,11,2600,2,18000,1.00423076923
416859,416870,416960,11,90,1,8580,1.12222222222
416881,416891,419701,10,2810,2,18000,1.00355871886
416953,416963,419818,10,2855,2,18000,1.00350262697
417001,417007,417050,6,43,1,8580,1.13953488372
417074,417084,419865,10,2781,2,18000,1.00359582884
417088,417095,419873,7,2778,2,18000,1.00251979842
417188,417197,419877,9,2680,2,18000,1.00335820896
417291,417301,420147,10,2846,2,18000,1.00351370344
417326,417332,417378,6,46,1,4260,1.13043478261
417330,417338,420159,8,2821,2,18000,1.0028358738
417418,417424,417698,6,274,1,1800,1.02189781022
417571,417581,420375,10,2794,2,18000,1.00357909807
417586,417592,420352,6,2760,2,18000,1.00217391304
417658,417668,420454,10,2786,2,18000,1.00358937545
417669,417675,417937,6,262,1,8580,1.02290076336
417670,417681,417793,11,112,1,8580,1.09821428571
417822,417829,420564,7,2735,2,18000,1.00255941499
417889,417898,420601,9,2703,2,18000,1.00332963374
417934,417943,420743,9,2800,2,18000,1.00321428571
417957,417964,418012,7,48,1,8580,1.14583333333
417973,417982,420783,9,2801,2,18000,1.00321313816
418097,418108,420922,11,2814,2,18000,1.0039090263
418111,418117,420863,6,2746,2,18000,1.00218499636
418244,418253,421008,9,2755,2,18000,1.00326678766
418362,418371,421085,9,2714,2,18000,1.00331613854
418483,418491,421295,8,2804,2,18000,1.00285306705
418534,418544,421312,10,2768,2,18000,1.00361271676
418639,418653,421529,14,2876,2,18000,1.00486787204
418712,418720,421562,8,2842,2,18000,1.00281491907
418784,418793,421561,9,2768,2,18000,1.00325144509
418799,418805,421554,6,2749,2,18000,1.00218261186
418814,418824,421631,10,2807,2,18000,1.00356252227
418859,418868,421550,9,2682,2,18000,1.0033557047
418901,418912,421711,11,2799,2,18000,1.00392997499
418934,418944,421836,10,2892,2,18000,1.00345781466
418982,418991,421795,9,2804,2,18000,1.00320970043
419040,419050,421815,10,2765,2,18000,1.00361663653
419082,419091,421885,9,2794,2,18000,1.00322118826
419097,419103,421850,6,2747,2,18000,1.00218420095
419121,419129,421813,8,2684,2,18000,1.00298062593
419135,419142,421850,7,2708,2,18000,1.00258493353
419268,419280,422104,12,2824,2,18000,1.00424929178
419362,419372,422136,10,2764,2,18000,1.00361794501
419467,419476,422299,9,2823,2,18000,1.00318809777
419469,419481,422297,12,2816,2,18000,1.00426136364
419483,419489,422334,6,2845,2,18000,1.00210896309
419501,419510,422163,9,2653,2,18000,1.00339238598
419686,419692,419789,6,97,1,8580,1.0618556701
419703,419712,422608,9,2896,2,18000,1.00310773481
419737,419743,419816,6,73,1,8580,1.08219178082
419821,419830,422656,9,2826,2,18000,1.00318471338
419848,419854,419921,6,67,1,8580,1.08955223881
419866,419876,422681,10,2805,2,18000,1.00356506239
419881,419887,422683,6,2796,2,18000,1.00214592275
419882,419893,422767,11,2874,2,18000,1.00382741823
420150,420158,423024,8,2866,2,18000,1.00279134682
420164,420170,422976,6,2806,2,18000,1.00213827512
420273,420279,420367,6,88,1,8580,1.06818181818
420355,420363,423097,8,2734,2,18000,1.00292611558
420376,420387,423166,11,2779,2,18000,1.00395825837
420457,420466,423308,9,2842,2,18000,1.00316678395
420566,420575,423179,9,2604,2,18000,1.0034562212
420602,420612,423420,10,2808,2,18000,1.00356125356
420745,420755,423444,10,2689,2,18000,1.00371885459
420784,420794,423553,10,2759,2,18000,1.00362450163
420865,420874,423573,9,2699,2,18000,1.00333456836
420925,420933,423777,8,2844,2,18000,1.00281293952
421010,421019,423809,9,2790,2,18000,1.00322580645
421086,421096,423852,10,2756,2,18000,1.00362844702
421297,421307,424098,10,2791,2,18000,1.00358294518
421315,421323,424137,8,2814,2,18000,1.00284292822
421533,421541,424258,8,2717,2,18000,1.002944424
421547,421561,424230,14,2669,2,18000,1.00524541027
421562,421569,424294,7,2725,2,18000,1.00256880734
421564,421575,424315,11,2740,2,18000,1.00401459854
421565,421580,424133,15,2553,2,18000,1.00587544066
421632,421642,424485,10,2843,2,18000,1.00351741119
421713,421722,424523,9,2801,2,18000,1.00321313816
421797,421806,424518,9,2712,2,18000,1.00331858407
421815,421825,424563,10,2738,2,18000,1.00365230095
421816,421831,424606,15,2775,2,18000,1.00540540541
421837,421847,424518,10,2671,2,18000,1.00374391614
421852,421893,424694,41,2801,2,18000,1.01463762942
421854,421898,424724,44,2826,2,18000,1.01556970984
421887,421904,424647,17,2743,2,18000,1.00619759388
422107,422115,424906,8,2791,2,18000,1.00286635614
422137,422147,424990,10,2843,2,18000,1.00351741119
422164,422174,424983,10,2809,2,18000,1.00355998576
422300,422310,424998,10,2688,2,18000,1.0037202381
422302,422315,425109,13,2794,2,18000,1.00465282749
422337,422346,425048,9,2702,2,18000,1.00333086603
422427,422433,422668,6,235,1,8580,1.02553191489
422609,422619,425269,10,2650,2,18000,1.00377358491
422658,422667,425467,9,2800,2,18000,1.00321428571
422681,422692,425553,11,2861,2,18000,1.00384480951
422696,422702,425586,6,2884,2,18000,1.00208044383
422768,422778,425637,10,2859,2,18000,1.00349772648
422977,422987,425726,10,2739,2,18000,1.00365096751
423025,423035,425879,10,2844,2,18000,1.0035161744
423100,423108,425870,8,2762,2,18000,1.00289645185
423169,423177,425775,8,2598,2,18000,1.00307929176
423184,423190,426039,6,2849,2,18000,1.00210600211
423310,423319,426122,9,2803,2,18000,1.00321084552
423422,423431,426110,9,2679,2,18000,1.00335946249
423446,423455,426294,9,2839,2,18000,1.00317013033
423554,423564,426377,10,2813,2,18000,1.00355492357
423575,423584,426244,9,2660,2,18000,1.00338345865
423778,423788,426613,10,2825,2,18000,1.00353982301
423811,423820,426480,9,2660,2,18000,1.00338345865
423853,423863,426613,10,2750,2,18000,1.00363636364
424101,424109,426970,8,2861,2,18000,1.0027962251
424134,424144,427003,10,2859,2,18000,1.00349772648
424148,424154,426882,6,2728,2,18000,1.00219941349
424233,424241,427082,8,2841,2,18000,1.00281590989
424259,424269,426969,10,2700,2,18000,1.0037037037
424296,424305,427130,9,2825,2,18000,1.00318584071
424317,424327,427168,10,2841,2,18000,1.00351988736
424488,424497,427173,9,2676,2,18000,1.0033632287
424519,424529,427326,10,2797,2,18000,1.00357525921
424520,424534,427324,14,2790,2,18000,1.00501792115
424535,424540,427317,5,2777,2,18000,1.00180050414
424565,424575,427400,10,2825,2,18000,1.00353982301
424607,424618,427165,11,2547,2,18000,1.00431880644
424649,424658,427422,9,2764,2,18000,1.00325615051
424697,424705,427551,8,2846,2,18000,1.00281096275
424727,424735,427520,8,2785,2,18000,1.00287253142
424908,424917,427717,9,2800,2,18000,1.00321428571
424987,424994,427761,7,2767,2,18000,1.00252981568
425001,425008,427718,7,2710,2,18000,1.00258302583
425003,425014,427836,11,2822,2,18000,1.00389794472
425051,425059,427849,8,2790,2,18000,1.00286738351
425111,425120,427714,9,2594,2,18000,1.0034695451
425133,425140,965160,7,540020,4,540000,1.00001296248
425271,425281,428036,10,2755,2,18000,1.00362976407
425471,425479,428235,8,2756,2,18000,1.00290275762
425555,425564,428343,9,2779,2,18000,1.00323857503
425588,425597,428381,9,2784,2,18000,1.00323275862
425639,425649,428430,10,2781,2,18000,1.00359582884
425726,425737,428528,11,2791,2,18000,1.0039412397
425741,425747,425764,6,17,3,540000,1.35294117647
425778,425787,428682,9,2895,2,18000,1.00310880829
425844,425850,965886,6,540036,3,540000,1.00001111037
425871,425881,428733,10,2852,2,18000,1.00350631136
425886,425892,428715,6,2823,2,18000,1.00212539851
426019,426025,640621,6,214596,12,259140,1.00002795951
426040,426051,428842,11,2791,2,18000,1.0039412397
426113,426121,428835,8,2714,2,18000,1.0029476787
426128,426133,428896,5,2763,2,18000,1.00180962722
426213,426220,444761,7,18541,6,540000,1.00037754166
426243,426255,429047,12,2792,2,18000,1.00429799427
426297,426305,429092,8,2787,2,18000,1.00287047004
426378,426388,429231,10,2843,2,18000,1.00351741119
426481,426491,429237,10,2746,2,18000,1.0036416606
426614,426624,429379,10,2755,2,18000,1.00362976407
426615,426629,429337,14,2708,2,18000,1.00516986706
426669,426675,966719,6,540044,3,540000,1.00001111021
426883,426893,429685,10,2792,2,18000,1.00358166189
426971,426981,429832,10,2851,2,18000,1.00350754121
426972,426986,429812,14,2826,2,18000,1.00495399858
427005,427014,429722,9,2708,2,18000,1.00332348597
427083,427093,429824,10,2731,2,18000,1.00366166239
427131,427141,429795,10,2654,2,18000,1.00376789751
427167,427176,429949,9,2773,2,18000,1.0032455824
427182,427188,429831,6,2643,2,18000,1.00227014756
427183,427194,429975,11,2781,2,18000,1.00395541172
427319,427328,430089,9,2761,2,18000,1.00325968852
427334,427340,430092,6,2752,2,18000,1.00218023256
427335,427346,430114,11,2768,2,18000,1.00397398844
427401,427411,430204,10,2793,2,18000,1.00358037952
427425,427433,430142,8,2709,2,18000,1.00295311923
427522,427531,430359,9,2828,2,18000,1.0031824611
427552,427562,430184,10,2622,2,18000,1.00381388253
427714,427725,430554,11,2829,2,18000,1.00388829975
427729,427735,430594,6,2859,2,18000,1.00209863589
427730,427741,430534,11,2793,2,18000,1.00393841747
427763,427772,430546,9,2774,2,18000,1.0032444124
427838,427847,430639,9,2792,2,18000,1.0032234957
427853,427860,430419,7,2559,2,18000,1.00273544353
428037,428047,430780,10,2733,2,18000,1.0036589828
428237,428246,431072,9,2826,2,18000,1.00318471338
428345,428355,431049,10,2694,2,18000,1.00371195249
428384,428392,431176,8,2784,2,18000,1.00287356322
428432,428441,431250,9,2809,2,18000,1.00320398718
428529,428539,431350,10,2811,2,18000,1.00355745286
428685,428694,431465,9,2771,2,18000,1.00324792494
428718,428726,431570,8,2844,2,18000,1.00281293952
428736,428744,431584,8,2840,2,18000,1.00281690141
428836,428846,431641,10,2795,2,18000,1.00357781753
428851,428857,431574,6,2717,2,18000,1.002208318
428899,428907,431716,8,2809,2,18000,1.00284798861
429050,429058,431904,8,2846,2,18000,1.00281096275
429069,429075,429357,6,282,1,8580,1.02127659574
429095,429103,431866,8,2763,2,18000,1.00289540355
429228,429234,429235,6,1,1,8580,1.0
429233,429243,432014,10,2771,2,18000,1.00360880549
429248,429254,431998,6,2744,2,18000,1.00218658892
429274,429280,429281,6,1,1,8580,1.0
429290,429296,429511,6,215,1,8580,1.02790697674
429338,429348,432035,10,2687,2,18000,1.00372162263
429370,429377,429541,7,164,1,8580,1.04268292683
429381,429390,432125,9,2735,2,18000,1.00329067642
429686,429697,432486,11,2789,2,18000,1.00394406597
429725,429734,432411,9,2677,2,18000,1.00336197236
429798,429806,432567,8,2761,2,18000,1.00289750091
429812,429823,432592,11,2769,2,18000,1.00397255327
429827,429835,432555,8,2720,2,18000,1.00294117647
429842,429848,432519,6,2671,2,18000,1.00224634968
429843,429854,432660,11,2806,2,18000,1.00392017106
429952,429960,432665,8,2705,2,18000,1.00295748614
429963,429969,430057,6,88,1,8580,1.06818181818
429976,429987,432790,11,2803,2,18000,1.00392436675
430091,430100,432885,9,2785,2,18000,1.00323159785
430105,430112,432902,7,2790,2,18000,1.00250896057
430120,430126,432988,6,2862,2,18000,1.00209643606
430144,430153,432931,9,2778,2,18000,1.00323974082
430186,430196,432929,10,2733,2,18000,1.0036589828
430207,430215,432867,8,2652,2,18000,1.00301659125
430261,430267,430750,6,483,1,8580,1.01242236025
430271,430278,430569,7,291,1,8580,1.02405498282
430361,430370,432993,9,2623,2,18000,1.00343118567
430421,430430,433223,9,2793,2,18000,1.00322234157
430536,430545,433262,9,2717,2,18000,1.003312477
430551,430557,433314,6,2757,2,18000,1.00217627856
430566,430572,433348,6,2776,2,18000,1.00216138329
430578,430584,430916,6,332,1,8580,1.01807228916
430596,430605,433371,9,2766,2,18000,1.0032537961
430641,430650,433485,9,2835,2,18000,1.00317460317
430783,430791,433506,8,2715,2,18000,1.002946593
431052,431060,433815,8,2755,2,18000,1.00290381125
431073,431083,433872,10,2789,2,18000,1.00358551452
431178,431187,434067,9,2880,2,18000,1.003125
431251,431261,434053,10,2792,2,18000,1.00358166189
431352,431362,434080,10,2718,2,18000,1.00367917586
431467,431476,434222,9,2746,2,18000,1.00327749454
431496,431502,431542,6,40,1,8580,1.15
431573,431581,434390,8,2809,2,18000,1.00284798861
431587,431594,434209,7,2615,2,18000,1.00267686424
431589,431600,434377,11,2777,2,18000,1.00396110911
431643,431653,434361,10,2708,2,18000,1.00369276219
431710,431716,432197,6,481,1,8580,1.01247401247
431711,431722,432224,11,502,1,8580,1.0219123506
431718,431728,434513,10,2785,2,18000,1.00359066427
431866,431877,434576,11,2699,2,18000,1.00407558355
431906,431915,434643,9,2728,2,18000,1.00329912023
431999,432009,434781,10,2772,2,18000,1.00360750361
432017,432026,434847,9,2821,2,18000,1.00319035803
432038,432046,434844,8,2798,2,18000,1.00285918513
432126,432136,434958,10,2822,2,18000,1.00354358611
432207,432213,432323,6,110,1,8580,1.05454545455
432238,432244,432354,6,110,1,8580,1.05454545455
432413,432422,435223,9,2801,2,18000,1.00321313816
432485,432491,432783,6,292,1,8580,1.02054794521
432489,432497,435128,8,2631,2,18000,1.00304066895
432506,432512,432692,6,180,1,8580,1.03333333333
432518,432530,435194,12,2664,2,18000,1.0045045045
432557,432566,435363,9,2797,2,18000,1.00321773329
432572,432578,435371,6,2793,2,18000,1.00214822771
432593,432603,435475,10,2872,2,18000,1.00348189415
432662,432671,435442,9,2771,2,18000,1.00324792494
432677,432683,435298,6,2615,2,18000,1.00229445507
432712,432718,432810,6,92,1,8580,1.0652173913
432792,432801,435528,9,2727,2,18000,1.00330033003
432870,432878,435695,8,2817,2,18000,1.0028399006
432888,432896,435777,8,2881,2,18000,1.00277681361
432902,432913,435697,11,2784,2,18000,1.00395114943
432933,432940,435785,7,2845,2,18000,1.00246045694
432934,432946,435739,12,2793,2,18000,1.00429645542
432991,432999,435616,8,2617,2,18000,1.00305693542
433006,433012,435794,6,2782,2,18000,1.00215672178
433223,433234,436076,11,2842,2,18000,1.00387051372
433265,433274,436058,9,2784,2,18000,1.00323275862
433316,433326,436115,10,2789,2,18000,1.00358551452
433349,433359,436148,10,2789,2,18000,1.00358551452
433373,433382,436120,9,2738,2,18000,1.00328707085
433473,433479,433763,6,284,1,8580,1.02112676056
433480,433487,433810,7,323,1,8580,1.02167182663
433488,433496,436275,8,2779,2,18000,1.00287873336
433508,433518,436090,10,2572,2,18000,1.00388802488
433775,433781,433782,6,1,1,8580,1.0
433817,433827,436525,10,2698,2,18000,1.00370644922
433821,433832,433891,11,59,1,8580,1.18644067797
433875,433883,436665,8,2782,2,18000,1.00287562904
434053,434064,436829,11,2765,2,18000,1.00397830018
434068,434078,436870,10,2792,2,18000,1.00358166189
434083,434091,436965,8,2874,2,18000,1.0027835769
434210,434220,436975,10,2755,2,18000,1.00362976407
434224,434233,436983,9,2750,2,18000,1.00327272727
434363,434373,437165,10,2792,2,18000,1.00358166189
434378,434388,437239,10,2851,2,18000,1.00350754121
434392,434401,437138,9,2737,2,18000,1.00328827183
434513,434524,437370,11,2846,2,18000,1.00386507379
434574,434587,437392,13,2805,2,18000,1.00463458111
434646,434654,437508,8,2854,2,18000,1.00280308339
434782,434793,437442,11,2649,2,18000,1.00415251038
434845,434861,437732,16,2871,2,18000,1.00557297109
434847,434855,437605,8,2750,2,18000,1.00290909091
434874,434881,434922,7,41,1,8580,1.17073170732
434961,434969,437775,8,2806,2,18000,1.0028510335
435130,435139,437822,9,2683,2,18000,1.00335445397
435196,435205,438032,9,2827,2,18000,1.00318358684
435226,435234,438028,8,2794,2,18000,1.00286327845
435298,435309,438121,11,2812,2,18000,1.00391180654
435365,435374,438205,9,2831,2,18000,1.00317908866
435379,435385,438246,6,2861,2,18000,1.00209716882
435442,435453,438218,11,2765,2,18000,1.00397830018
435478,435486,438292,8,2806,2,18000,1.0028510335
435529,435540,438345,11,2805,2,18000,1.00392156863
435617,435627,438482,10,2855,2,18000,1.00350262697
435698,435706,438482,8,2776,2,18000,1.00288184438
435700,435712,438601,12,2889,2,18000,1.0041536864
435739,435750,438573,11,2823,2,18000,1.00389656394
435781,435789,438603,8,2814,2,18000,1.00284292822
435796,435802,438621,6,2819,2,18000,1.00212841433
435797,435808,438468,11,2660,2,18000,1.00413533835
436060,436070,438884,10,2814,2,18000,1.00355366027
436078,436087,438680,9,2593,2,18000,1.00347088315
436092,436101,438770,9,2669,2,18000,1.00337204946
436116,436127,438967,11,2840,2,18000,1.00387323944
436131,436137,438997,6,2860,2,18000,1.0020979021
436149,436159,438979,10,2820,2,18000,1.00354609929
436275,436286,439038,11,2752,2,18000,1.00399709302
436526,436536,439219,10,2683,2,18000,1.00372717108
436668,436676,439535,8,2859,2,18000,1.00279818118
436831,436841,439558,10,2717,2,18000,1.00368053
436873,436881,439709,8,2828,2,18000,1.00282885431
436967,436976,439656,9,2680,2,18000,1.00335820896
436981,436987,439797,6,2810,2,18000,1.00213523132
436996,437002,439812,6,2810,2,18000,1.00213523132
437140,437149,439821,9,2672,2,18000,1.00336826347
437167,437176,439964,9,2788,2,18000,1.00322812052
437240,437251,440043,11,2792,2,18000,1.00393982808
437373,437382,440209,9,2827,2,18000,1.00318358684
437394,437404,440089,10,2685,2,18000,1.00372439479
437445,437454,440217,9,2763,2,18000,1.00325732899
437511,437519,440291,8,2772,2,18000,1.00288600289
437607,437616,440423,9,2807,2,18000,1.00320627004
437734,437744,440533,10,2789,2,18000,1.00358551452
437776,437787,440399,11,2612,2,18000,1.00421133231
437824,437833,440612,9,2779,2,18000,1.00323857503
438029,438039,440890,10,2851,2,18000,1.00350754121
438044,438050,440675,6,2625,2,18000,1.00228571429
438123,438132,440771,9,2639,2,18000,1.00341038272
438207,438217,441064,10,2847,2,18000,1.00351246927
438222,438229,441124,7,2895,2,18000,1.002417962
438249,438258,440999,9,2741,2,18000,1.00328347318
438294,438303,441146,9,2843,2,18000,1.00316567007
438345,438356,441188,11,2832,2,18000,1.00388418079
438469,438479,441282,10,2803,2,18000,1.00356760614
438484,438493,441078,9,2585,2,18000,1.00348162476
438485,438498,441257,13,2759,2,18000,1.00471185212
438575,438584,441453,9,2869,2,18000,1.00313698153
438602,438612,441409,10,2797,2,18000,1.00357525921
438617,438623,441385,6,2762,2,18000,1.00217233888
438632,438638,441351,6,2713,2,18000,1.0022115739
438683,438691,441370,8,2679,2,18000,1.00298618888
438770,438781,441650,11,2869,2,18000,1.00383408853
438885,438895,441732,10,2837,2,18000,1.00352485019
438969,438979,441771,10,2792,2,18000,1.00358166189
438984,438990,441678,6,2688,2,18000,1.00223214286
438998,439008,441806,10,2798,2,18000,1.00357398142
439040,439050,441736,10,2686,2,18000,1.00372300819
439222,439230,441951,8,2721,2,18000,1.00294009555
439536,439546,442279,10,2733,2,18000,1.0036589828
439559,439569,442183,10,2614,2,18000,1.00382555471
439659,439668,442519,9,2851,2,18000,1.00315678709
439710,439721,442312,11,2591,2,18000,1.00424546507
439797,439808,442563,11,2755,2,18000,1.00399274047
439812,439823,442657,11,2834,2,18000,1.00388143966
439827,439832,442509,5,2677,2,18000,1.00186776242
439966,439975,442764,9,2789,2,18000,1.00322696307
440044,440055,442861,11,2806,2,18000,1.00392017106
440092,440101,442766,9,2665,2,18000,1.00337711069
440211,440220,442958,9,2738,2,18000,1.00328707085
440226,440232,442915,6,2683,2,18000,1.00223630265
440292,440302,443069,10,2767,2,18000,1.00361402241
440401,440410,443239,9,2829,2,18000,1.00318133616
440424,440434,443104,10,2670,2,18000,1.00374531835
440536,440544,443373,8,2829,2,18000,1.00282785437
440614,440623,443460,9,2837,2,18000,1.00317236517
440678,440687,443481,9,2794,2,18000,1.00322118826
440774,440782,443556,8,2774,2,18000,1.00288392213
440892,440901,443672,9,2771,2,18000,1.00324792494
441000,441010,443747,10,2737,2,18000,1.00365363537
441067,441075,443836,8,2761,2,18000,1.00289750091
441081,441089,443851,8,2762,2,18000,1.00289645185
441126,441136,443934,10,2798,2,18000,1.00357398142
441147,441157,443952,10,2795,2,18000,1.00357781753
441189,441200,444016,11,2816,2,18000,1.00390625
441258,441268,444106,10,2838,2,18000,1.00352360817
441285,441294,444005,9,2711,2,18000,1.00331980819
441352,441362,444146,10,2784,2,18000,1.00359195402
441372,441382,444099,10,2717,2,18000,1.00368053
441387,441396,444161,9,2765,2,18000,1.00325497288
441411,441420,444112,9,2692,2,18000,1.00334323923
441456,441465,444204,9,2739,2,18000,1.00328587076
441652,441662,444327,10,2665,2,18000,1.00375234522
441679,441689,444497,10,2808,2,18000,1.00356125356
441733,441743,444397,10,2654,2,18000,1.00376789751
441748,441754,444563,6,2809,2,18000,1.00213599146
441772,441782,444467,10,2685,2,18000,1.00372439479
441808,441817,444538,9,2721,2,18000,1.0033076075
441953,441962,444675,9,2713,2,18000,1.00331736086
442186,442194,444961,8,2767,2,18000,1.00289121793
442279,442290,445144,11,2854,2,18000,1.00385423966
442313,442323,445042,10,2719,2,18000,1.00367782273
442506,442521,445345,15,2824,2,18000,1.00531161473
442521,442530,445294,9,2764,2,18000,1.00325615051
442566,442575,445422,9,2847,2,18000,1.00316122234
442659,442668,445468,9,2800,2,18000,1.00321428571
442765,442775,445431,10,2656,2,18000,1.00376506024
442766,442781,445535,15,2754,2,18000,1.00544662309
442863,442872,445586,9,2714,2,18000,1.00331613854
442917,442927,445495,10,2568,2,18000,1.003894081
442959,442969,445683,10,2714,2,18000,1.00368459838
443071,443080,445872,9,2792,2,18000,1.0032234957
443107,443115,445926,8,2811,2,18000,1.00284596229
443242,443250,445949,8,2699,2,18000,1.00296406076
443375,443385,446083,10,2698,2,18000,1.00370644922
443462,443471,446318,9,2847,2,18000,1.00316122234
443483,443492,446164,9,2672,2,18000,1.00336826347
443558,443567,446428,9,2861,2,18000,1.00314575323
443673,443683,446311,10,2628,2,18000,1.00380517504
443748,443758,446553,10,2795,2,18000,1.00357781753
443835,443847,446695,12,2848,2,18000,1.00421348315
443853,443862,446702,9,2840,2,18000,1.00316901408
443937,443945,446586,8,2641,2,18000,1.00302915562
443955,443963,446710,8,2747,2,18000,1.00291226793
444006,444017,446857,11,2840,2,18000,1.00387323944
444021,444026,446852,5,2826,2,18000,1.00176928521
444099,444110,446910,11,2800,2,18000,1.00392857143
444114,444120,446762,6,2642,2,18000,1.00227100681
444115,444126,446995,11,2869,2,18000,1.00383408853
444148,444158,446992,10,2834,2,18000,1.00352858151
444163,444173,446993,10,2820,2,18000,1.00354609929
444205,444215,446900,10,2685,2,18000,1.00372439479
444329,444339,447171,10,2832,2,18000,1.00353107345
444398,444408,447197,10,2789,2,18000,1.00358551452
444468,444478,447150,10,2672,2,18000,1.00374251497
444498,444508,447221,10,2713,2,18000,1.00368595651
444540,444549,447414,9,2865,2,18000,1.00314136126
444567,444575,447392,8,2817,2,18000,1.0028399006
444675,444686,447506,11,2820,2,18000,1.00390070922
444962,444972,447811,10,2839,2,18000,1.00352236703
445044,445053,447745,9,2692,2,18000,1.00334323923
445146,445155,447894,9,2739,2,18000,1.00328587076
445297,445305,448214,8,2909,2,18000,1.00275008594
445348,445356,448098,8,2742,2,18000,1.00291757841
445423,445433,448159,10,2726,2,18000,1.00366837858
445438,445444,448282,6,2838,2,18000,1.0021141649
445471,445479,448202,8,2723,2,18000,1.0029379361
445498,445507,448256,9,2749,2,18000,1.00327391779
445537,445546,448356,9,2810,2,18000,1.00320284698
445588,445597,448436,9,2839,2,18000,1.00317013033
445685,445694,448468,9,2774,2,18000,1.0032444124
445875,445884,448739,9,2855,2,18000,1.00315236427
445929,445937,448768,8,2831,2,18000,1.00282585659
445950,445961,448782,11,2821,2,18000,1.00389932648
446086,446095,448767,9,2672,2,18000,1.00336826347
446167,446175,448868,8,2693,2,18000,1.00297066469
446312,446323,449197,11,2874,2,18000,1.00382741823
446327,446333,449151,6,2818,2,18000,1.00212916962
446430,446439,449167,9,2728,2,18000,1.00329912023
446556,446565,449292,9,2727,2,18000,1.00330033003
446589,446597,449468,8,2871,2,18000,1.00278648555
446698,446707,449522,9,2815,2,18000,1.00319715808
446713,446719,449456,6,2737,2,18000,1.00219218122
446714,446725,449543,11,2818,2,18000,1.00390347764
446765,446773,449589,8,2816,2,18000,1.00284090909
446856,446864,449676,8,2812,2,18000,1.00284495021
446870,446877,449642,7,2765,2,18000,1.00253164557
446903,446912,449616,9,2704,2,18000,1.00332840237
446918,446924,449724,6,2800,2,18000,1.00214285714
446994,447009,449793,15,2784,2,18000,1.00538793103
446995,447003,449756,8,2753,2,18000,1.00290592081
447010,447016,449680,6,2664,2,18000,1.00225225225
447149,447165,449943,16,2778,2,18000,1.00575953924
447173,447182,449835,9,2653,2,18000,1.00339238598
447197,447208,449993,11,2785,2,18000,1.0039497307
447224,447232,450027,8,2795,2,18000,1.00286225403
447393,447403,450297,10,2894,2,18000,1.00345542502
447417,447425,450234,8,2809,2,18000,1.00284798861
447507,447517,450294,10,2777,2,18000,1.00360100828
447746,447757,450480,11,2723,2,18000,1.00403966214
447812,447822,450498,10,2676,2,18000,1.00373692078
447897,447905,450750,8,2845,2,18000,1.00281195079
448099,448109,450988,10,2879,2,18000,1.00347342827
448160,448171,450842,11,2671,2,18000,1.00411830775
448205,448213,450843,8,2630,2,18000,1.0030418251
448220,448225,450810,5,2585,2,18000,1.00193423598
448259,448268,451051,9,2783,2,18000,1.00323392023
448282,448293,451060,11,2767,2,18000,1.00397542465
448358,448367,451078,9,2711,2,18000,1.00331980819
448436,448447,451156,11,2709,2,18000,1.00406053894
448469,448479,451190,10,2711,2,18000,1.00368867577
448742,448751,451600,9,2849,2,18000,1.00315900316
448763,448778,451461,15,2683,2,18000,1.00559075662
448777,448784,451568,7,2784,2,18000,1.00251436782
448792,448798,451638,6,2840,2,18000,1.00211267606
448871,448879,451740,8,2861,2,18000,1.0027962251
449152,449162,451977,10,2815,2,18000,1.00355239787
449170,449178,451891,8,2713,2,18000,1.0029487652
449200,449209,451979,9,2770,2,18000,1.00324909747
449294,449304,451966,10,2662,2,18000,1.003756574
449460,449467,452246,7,2779,2,18000,1.00251889169
449475,449481,452269,6,2788,2,18000,1.00215208034
449523,449533,452343,10,2810,2,18000,1.00355871886
449545,449554,452343,9,2789,2,18000,1.00322696307
449590,449600,452358,10,2758,2,18000,1.00362581581
449617,449627,452486,10,2859,2,18000,1.00349772648
449646,449653,452368,7,2715,2,18000,1.00257826888
449678,449688,452456,10,2768,2,18000,1.00361271676
449693,449700,452381,7,2681,2,18000,1.00261096606
449727,449736,452521,9,2785,2,18000,1.00323159785
449758,449768,452599,10,2831,2,18000,1.00353232073
449795,449805,452586,10,2781,2,18000,1.00359582884
449840,449846,452630,6,2784,2,18000,1.00215517241
449946,449955,452813,9,2858,2,18000,1.00314905528
449994,450005,452616,11,2611,2,18000,1.00421294523
450027,450038,452817,11,2779,2,18000,1.00395825837
450235,450245,453107,10,2862,2,18000,1.0034940601
450296,450306,452995,10,2689,2,18000,1.00371885459
450313,450319,453175,6,2856,2,18000,1.00210084034
450482,450492,453314,10,2822,2,18000,1.00354358611
450500,450509,453346,9,2837,2,18000,1.00317236517
450751,450761,453568,10,2807,2,18000,1.00356252227
450812,450821,453535,9,2714,2,18000,1.00331613854
450845,450853,453709,8,2856,2,18000,1.00280112045
450846,450859,453694,13,2835,2,18000,1.00458553792
450991,450999,453823,8,2824,2,18000,1.00283286119
451052,451062,453629,10,2567,2,18000,1.00389559797
451067,451073,453848,6,2775,2,18000,1.00216216216
451081,451089,453884,8,2795,2,18000,1.00286225403
451157,451167,453912,10,2745,2,18000,1.00364298725
451193,451202,453998,9,2796,2,18000,1.00321888412
451463,451472,454155,9,2683,2,18000,1.00335445397
451568,451579,454355,11,2776,2,18000,1.00396253602
451601,451611,454321,10,2710,2,18000,1.0036900369
451640,451649,454327,9,2678,2,18000,1.00336071695
451742,451751,454494,9,2743,2,18000,1.00328107911
451893,451902,454657,9,2755,2,18000,1.00326678766
451969,451977,454758,8,2781,2,18000,1.00287666307
451984,451989,454669,5,2680,2,18000,1.00186567164
451985,451995,454807,10,2812,2,18000,1.00355618777
452248,452257,454978,9,2721,2,18000,1.0033076075
452272,452280,455097,8,2817,2,18000,1.0028399006
452344,452354,455138,10,2784,2,18000,1.00359195402
452346,452359,455182,13,2823,2,18000,1.00460503011
452361,452370,455197,9,2827,2,18000,1.00318358684
452376,452382,455221,6,2839,2,18000,1.00211342022
452390,452397,455191,7,2794,2,18000,1.00250536865
452457,452468,455204,11,2736,2,18000,1.00402046784
452487,452497,455292,10,2795,2,18000,1.00357781753
452522,452532,455334,10,2802,2,18000,1.00356887937
452589,452597,455329,8,2732,2,18000,1.00292825769
452604,452609,455424,5,2815,2,18000,1.00177619893
452619,452627,455411,8,2784,2,18000,1.00287356322
452634,452641,455427,7,2786,2,18000,1.00251256281
452815,452825,455573,10,2748,2,18000,1.00363901019
452830,452836,455495,6,2659,2,18000,1.0022564874
452998,453007,455751,9,2744,2,18000,1.00327988338
453110,453118,455950,8,2832,2,18000,1.00282485876
453176,453187,455978,11,2791,2,18000,1.0039412397
453314,453325,456180,11,2855,2,18000,1.00385288967
453348,453357,456143,9,2786,2,18000,1.0032304379
453535,453546,456295,11,2749,2,18000,1.00400145507
453571,453579,456369,8,2790,2,18000,1.00286738351
453632,453641,456322,9,2681,2,18000,1.00335695636
453695,453705,456490,10,2785,2,18000,1.00359066427
453710,453720,456543,10,2823,2,18000,1.00354233085
453825,453835,456628,10,2793,2,18000,1.00358037952
453849,453859,456701,10,2842,2,18000,1.00351864884
453885,453895,456628,10,2733,2,18000,1.0036589828
453915,453923,456717,8,2794,2,18000,1.00286327845
453999,454010,456877,11,2867,2,18000,1.00383676317
454156,454167,456960,11,2793,2,18000,1.00393841747
454322,454332,457093,10,2761,2,18000,1.00362187613
454337,454343,457160,6,2817,2,18000,1.00212992545
454358,454366,457200,8,2834,2,18000,1.00282286521
454497,454505,457242,8,2737,2,18000,1.00292290829
454660,454668,457500,8,2832,2,18000,1.00282485876
454674,454680,457302,6,2622,2,18000,1.00228832952
454759,454770,457507,11,2737,2,18000,1.0040189989
454810,454819,457650,9,2831,2,18000,1.00317908866
454979,454989,457796,10,2807,2,18000,1.00356252227
455100,455108,457856,8,2748,2,18000,1.00291120815
455139,455149,457828,10,2679,2,18000,1.0037327361
455184,455194,458049,10,2855,2,18000,1.00350262697
455199,455205,457888,6,2683,2,18000,1.00223630265
455200,455211,458001,11,2790,2,18000,1.00394265233
455215,455221,457879,6,2658,2,18000,1.00225733634
455230,455236,458069,6,2833,2,18000,1.00211789622
455293,455303,458142,10,2839,2,18000,1.00352236703
455332,455341,458146,9,2805,2,18000,1.00320855615
455347,455353,458097,6,2744,2,18000,1.00218658892
455413,455423,458144,10,2721,2,18000,1.00367511944
455428,455434,458233,6,2799,2,18000,1.00214362272
455430,455440,458275,10,2835,2,18000,1.00352733686
455496,455506,458334,10,2828,2,18000,1.00353606789
455574,455584,458403,10,2819,2,18000,1.00354735722
455752,455762,458531,10,2769,2,18000,1.00361141206
455951,455962,458724,11,2762,2,18000,1.00398262129
455981,455990,458720,9,2730,2,18000,1.0032967033
456144,456154,458929,10,2775,2,18000,1.0036036036
456183,456191,458988,8,2797,2,18000,1.00286020737
456297,456306,458982,9,2676,2,18000,1.0033632287
456324,456334,458969,10,2635,2,18000,1.00379506641
456372,456381,458919,9,2538,2,18000,1.00354609929
456493,456501,459302,8,2801,2,18000,1.00285612281
456544,456555,459354,11,2799,2,18000,1.00392997499
456629,456639,459339,10,2700,2,18000,1.0037037037
456630,456644,459267,14,2623,2,18000,1.00533739992
456703,456712,459273,9,2561,2,18000,1.00351425225
456718,456728,459416,10,2688,2,18000,1.0037202381
456881,456889,459709,8,2820,2,18000,1.00283687943
456962,456971,459734,9,2763,2,18000,1.00325732899
457095,457105,459906,10,2801,2,18000,1.00357015352
457161,457171,460000,10,2829,2,18000,1.00353481796
457200,457211,459890,11,2679,2,18000,1.00410600971
457242,457253,459939,11,2686,2,18000,1.00409530901
457303,457313,460102,10,2789,2,18000,1.00358551452
457502,457512,460338,10,2826,2,18000,1.00353857042
457516,457522,460242,6,2720,2,18000,1.00220588235
457652,457661,460406,9,2745,2,18000,1.00327868852
457797,457808,460473,11,2665,2,18000,1.00412757974
457830,457840,460637,10,2797,2,18000,1.00357525921
457857,457867,460624,10,2757,2,18000,1.00362713094
457881,457890,460601,9,2711,2,18000,1.00331980819
457895,457902,460625,7,2723,2,18000,1.00257069409
458004,458013,460785,9,2772,2,18000,1.00324675325
458052,458061,460773,9,2712,2,18000,1.00331858407
458070,458081,460895,11,2814,2,18000,1.0039090263
458100,458108,460822,8,2714,2,18000,1.0029476787
458145,458153,461004,8,2851,2,18000,1.00280603297
458146,458159,460824,13,2665,2,18000,1.00487804878
458161,458168,460985,7,2817,2,18000,1.00248491303
458237,458245,461040,8,2795,2,18000,1.00286225403
458275,458286,460966,11,2680,2,18000,1.00410447761
458335,458345,460935,10,2590,2,18000,1.00386100386
458405,458414,461233,9,2819,2,18000,1.0031926215
458532,458542,461291,10,2749,2,18000,1.00363768643
458722,458731,461519,9,2788,2,18000,1.00322812052
458737,458743,461355,6,2612,2,18000,1.00229709035
458921,458930,461785,9,2855,2,18000,1.00315236427
458936,458942,461741,6,2799,2,18000,1.00214362272
458972,458981,461751,9,2770,2,18000,1.00324909747
458987,458993,461648,6,2655,2,18000,1.00225988701
459002,459008,461973,6,2965,2,18000,1.00202360877
459268,459279,461982,11,2703,2,18000,1.00406955235
459283,459289,462070,6,2781,2,18000,1.0021574973
459303,459314,461986,11,2672,2,18000,1.00411676647
459339,459350,462203,11,2853,2,18000,1.00385559061
459357,459365,462149,8,2784,2,18000,1.00287356322
459418,459427,462275,9,2848,2,18000,1.00316011236
459711,459720,462491,9,2771,2,18000,1.00324792494
459735,459745,462561,10,2816,2,18000,1.00355113636
459892,459902,462657,10,2755,2,18000,1.00362976407
459910,459918,462688,8,2770,2,18000,1.00288808664
459940,459950,462734,10,2784,2,18000,1.00359195402
460003,460012,462780,9,2768,2,18000,1.00325144509
460106,460113,462774,7,2661,2,18000,1.00263059
460244,460253,463081,9,2828,2,18000,1.0031824611
460341,460349,463206,8,2857,2,18000,1.00280014001
460407,460417,463233,10,2816,2,18000,1.00355113636
460473,460484,463258,11,2774,2,18000,1.00396539293
460603,460612,463391,9,2779,2,18000,1.00323857503
460624,460635,463536,11,2901,2,18000,1.00379179593
460639,460645,463522,6,2877,2,18000,1.00208550574
460641,460651,463310,10,2659,2,18000,1.00376081234
460776,460784,463708,8,2924,2,18000,1.00273597811
460791,460797,463431,6,2634,2,18000,1.00227790433
460825,460839,463793,14,2954,2,18000,1.00473933649
460826,460833,463613,7,2780,2,18000,1.00251798561
460895,460906,463704,11,2798,2,18000,1.00393137956
460937,460947,463661,10,2714,2,18000,1.00368459838
460968,460977,463648,9,2671,2,18000,1.00336952452
460988,460997,463797,9,2800,2,18000,1.00321428571
461006,461015,463816,9,2801,2,18000,1.00321313816
461042,461051,463796,9,2745,2,18000,1.00327868852
461113,461119,468354,6,7235,1,7200,1.000829302
461236,461245,463863,9,2618,2,18000,1.00343773873
461293,461303,464006,10,2703,2,18000,1.00369959304
461356,461367,464185,11,2818,2,18000,1.00390347764
461520,461531,464378,11,2847,2,18000,1.00386371619
461649,461660,464398,11,2738,2,18000,1.00401753104
461743,461753,464511,10,2758,2,18000,1.00362581581
461758,461764,464508,6,2744,2,18000,1.00218658892
461785,461796,464613,11,2817,2,18000,1.00390486333
461976,461984,464808,8,2824,2,18000,1.00283286119
461991,461997,464778,6,2781,2,18000,1.0021574973
461992,462003,464742,11,2739,2,18000,1.00401606426
462071,462082,464789,11,2707,2,18000,1.00406353897
462152,462161,464867,9,2706,2,18000,1.00332594235
462203,462214,464997,11,2783,2,18000,1.00395256917
462276,462286,465083,10,2797,2,18000,1.00357525921
462493,462502,465283,9,2781,2,18000,1.00323624595
462563,462572,465311,9,2739,2,18000,1.00328587076
462659,462668,465297,9,2629,2,18000,1.00342335489
462689,462699,465371,10,2672,2,18000,1.00374251497
462737,462746,465474,9,2728,2,18000,1.00329912023
462776,462785,465571,9,2786,2,18000,1.0032304379
462791,462797,465531,6,2734,2,18000,1.00219458669
463084,463093,465886,9,2793,2,18000,1.00322234157
463208,463217,466017,9,2800,2,18000,1.00321428571
463235,463244,465928,9,2684,2,18000,1.00335320417
463259,463269,466120,10,2851,2,18000,1.00350754121
463313,463322,466103,9,2781,2,18000,1.00323624595
463392,463402,466239,10,2837,2,18000,1.00352485019
463431,463442,466268,11,2826,2,18000,1.00389242746
463525,463533,466174,8,2641,2,18000,1.00302915562
463539,463548,466190,9,2642,2,18000,1.00340651022
463615,463625,466458,10,2833,2,18000,1.00352982704
463648,463659,466438,11,2779,2,18000,1.00395825837
463663,463672,466436,9,2764,2,18000,1.00325615051
463705,463715,466530,10,2815,2,18000,1.00355239787
463720,463726,466511,6,2785,2,18000,1.00215439856
463795,463804,466568,9,2764,2,18000,1.00325615051
463797,463810,466464,13,2654,2,18000,1.00489826677
463812,463818,466463,6,2645,2,18000,1.002268431
463827,463833,466612,6,2779,2,18000,1.00215905002
463866,463874,466632,8,2758,2,18000,1.00290065265
464008,464017,466785,9,2768,2,18000,1.00325144509
464185,464196,467063,11,2867,2,18000,1.00383676317
464379,464390,467129,11,2739,2,18000,1.00401606426
464400,464409,467042,9,2633,2,18000,1.0034181542
464509,464520,467210,11,2690,2,18000,1.00408921933
464524,464530,467340,6,2810,2,18000,1.00213523132
464615,464624,467322,9,2698,2,18000,1.0033358043
464744,464753,467594,9,2841,2,18000,1.00316789863
464781,464789,467540,8,2751,2,18000,1.00290803344
464795,464802,467500,7,2698,2,18000,1.00259451446
464810,464820,467673,10,2853,2,18000,1.00350508237
464867,464878,467595,11,2717,2,18000,1.004048583
464998,465008,467908,10,2900,2,18000,1.00344827586
465062,465068,465535,6,467,2,10800,1.01284796574
465085,465094,467917,9,2823,2,18000,1.00318809777
465285,465294,467896,9,2602,2,18000,1.00345887779
465300,465308,468021,8,2713,2,18000,1.0029487652
465315,465322,467987,7,2665,2,18000,1.00262664165
465372,465382,468057,10,2675,2,18000,1.00373831776
465475,465485,468204,10,2719,2,18000,1.00367782273
465532,465542,468208,10,2666,2,18000,1.00375093773
465574,465583,468253,9,2670,2,18000,1.00337078652
465891,465897,468704,6,2807,2,18000,1.00213751336
465930,465940,468669,10,2729,2,18000,1.00366434591
466020,466028,468857,8,2829,2,18000,1.00282785437
466105,466114,468823,9,2709,2,18000,1.00332225914
466123,466132,468987,9,2855,2,18000,1.00315236427
466177,466186,468945,9,2759,2,18000,1.00326205147
466191,466201,468975,10,2774,2,18000,1.00360490267
466240,466250,468999,10,2749,2,18000,1.00363768643
466269,466280,469078,11,2798,2,18000,1.00393137956
466439,466447,469290,8,2843,2,18000,1.00281392895
466440,466453,469221,13,2768,2,18000,1.00469653179
466461,466470,469329,9,2859,2,18000,1.00314795383
466476,466482,469192,6,2710,2,18000,1.00221402214
466477,466488,469174,11,2686,2,18000,1.00409530901
466515,466522,469345,7,2823,2,18000,1.0024796316
466533,466541,469335,8,2794,2,18000,1.00286327845
466572,466579,469318,7,2739,2,18000,1.00255567725
466614,466624,469424,10,2800,2,18000,1.00357142857
466635,466644,469428,9,2784,2,18000,1.00323275862
466657,466668,466991,11,323,1,8580,1.03405572755
466696,466702,466818,6,116,1,8580,1.05172413793
466785,466796,469621,11,2825,2,18000,1.00389380531
466825,466832,466833,7,1,1,8580,1.0
466848,466854,466855,6,1,1,8580,1.0
467005,467011,467057,6,46,1,8580,1.13043478261
467042,467053,469765,11,2712,2,18000,1.0040560472
467066,467074,469811,8,2737,2,18000,1.00292290829
467130,467144,469979,14,2835,2,18000,1.0049382716
467213,467222,469843,9,2621,2,18000,1.00343380389
467325,467334,469926,9,2592,2,18000,1.00347222222
467343,467351,470063,8,2712,2,18000,1.00294985251
467435,467441,467882,6,441,1,8580,1.01360544218
467436,467447,467928,11,481,1,8580,1.02286902287
467504,467511,470277,7,2766,2,18000,1.0025307303
467543,467551,470336,8,2785,2,18000,1.00287253142
467594,467605,470242,11,2637,2,18000,1.0041714069
467609,467615,470438,6,2823,2,18000,1.00212539851
467629,467635,473183,6,5548,16,36000,1.0010814708
467676,467684,470346,8,2662,2,18000,1.0030052592
467900,467907,470690,7,2783,2,18000,1.00251527129
467902,467912,468045,10,133,1,8580,1.07518796992
467915,467921,470616,6,2695,2,18000,1.00222634508
467930,467936,470795,6,2859,2,18000,1.00209863589
467948,467954,468156,6,202,1,8580,1.0297029703
467987,467998,470742,11,2744,2,18000,1.00400874636
468023,468032,470741,9,2709,2,18000,1.00332225914
468059,468069,470813,10,2744,2,18000,1.00364431487
468205,468215,470981,10,2766,2,18000,1.00361532899
468219,468225,471030,6,2805,2,18000,1.00213903743
468255,468264,471081,9,2817,2,18000,1.00319488818
468669,468680,471240,11,2560,2,18000,1.004296875
468705,468715,471310,10,2595,2,18000,1.00385356455
468823,468834,471533,11,2699,2,18000,1.00407558355
468859,468869,471536,10,2667,2,18000,1.00374953131
468947,468956,471717,9,2761,2,18000,1.00325968852
468977,468986,471793,9,2807,2,18000,1.00320627004
468992,468998,471899,6,2901,2,18000,1.00206825233
469006,469012,471824,6,2812,2,18000,1.00213371266
469079,469089,471868,10,2779,2,18000,1.0035984167
469175,469185,472014,10,2829,2,18000,1.00353481796
469193,469204,472010,11,2806,2,18000,1.00392017106
469223,469232,472023,9,2791,2,18000,1.00322465066
469293,469301,472117,8,2816,2,18000,1.00284090909
469320,469329,472176,9,2847,2,18000,1.00316122234
469335,469341,472168,6,2827,2,18000,1.00212239123
469336,469347,472190,11,2843,2,18000,1.0038691523
469351,469357,472220,6,2863,2,18000,1.00209570381
469398,469404,469471,6,67,1,8580,1.08955223881
469427,469435,472315,8,2880,2,18000,1.00277777778
469442,469448,472210,6,2762,2,18000,1.00217233888
469623,469633,472454,10,2821,2,18000,1.00354484225
469655,469661,469998,6,337,1,8580,1.0178041543
469656,469667,470100,11,433,1,8580,1.02540415704
469768,469776,472519,8,2743,2,18000,1.00291651476
469813,469822,472400,9,2578,2,18000,1.00349107836
469843,469854,472710,11,2856,2,18000,1.00385154062
469928,469937,472721,9,2784,2,18000,1.00323275862
469982,469991,472661,9,2670,2,18000,1.00337078652
470017,470023,470130,6,107,1,8580,1.05607476636
470064,470075,472795,11,2720,2,18000,1.00404411765
470243,470253,473003,10,2750,2,18000,1.00363636364
470272,470278,470321,6,43,1,8580,1.13953488372
470279,470288,473118,9,2830,2,18000,1.00318021201
470337,470347,473101,10,2754,2,18000,1.00363108206
470352,470358,473078,6,2720,2,18000,1.00220588235
470386,470393,548866,7,78473,5,540000,1.00008920266
470392,470399,470739,7,340,1,8580,1.02058823529
470395,470405,470626,10,221,1,8580,1.04524886878
470440,470449,473056,9,2607,2,18000,1.00345224396
470545,470551,477285,6,6734,4,43200,1.00089100089
470616,470627,473320,11,2693,2,18000,1.00408466394
470649,470655,470656,6,1,1,8580,1.0
470668,470674,470675,6,1,1,8580,1.0
470693,470701,473562,8,2861,2,18000,1.0027962251
470743,470752,473598,9,2846,2,18000,1.0031623331
470744,470758,473557,14,2799,2,18000,1.00500178635
470756,470764,470871,8,107,1,8580,1.07476635514
470796,470806,473619,10,2813,2,18000,1.00355492357
470815,470824,473656,9,2832,2,18000,1.0031779661
470984,470993,473781,9,2788,2,18000,1.00322812052
471032,471041,473806,9,2765,2,18000,1.00325497288
471083,471092,473678,9,2586,2,18000,1.00348027842
471154,471160,471646,6,486,2,7200,1.01234567901
471241,471251,474080,10,2829,2,18000,1.00353481796
471312,471322,474045,10,2723,2,18000,1.00367242012
471509,471515,471850,6,335,1,8580,1.01791044776
471534,471546,474323,12,2777,2,18000,1.00432120994
471534,471540,471849,6,309,1,8580,1.01941747573
471549,471555,474345,6,2790,2,18000,1.00215053763
471719,471728,474361,9,2633,2,18000,1.0034181542
471795,471804,474595,9,2791,2,18000,1.00322465066
471825,471835,474704,10,2869,2,18000,1.00348553503
471870,471879,474533,9,2654,2,18000,1.00339110776
471900,471910,474626,10,2716,2,18000,1.00368188513
471936,471942,472019,6,77,1,8580,1.07792207792
471937,471948,472019,11,71,1,8580,1.15492957746
472012,472021,474824,9,2803,2,18000,1.00321084552
472027,472033,474777,6,2744,2,18000,1.00218658892
472028,472039,474798,11,2759,2,18000,1.00398695179
472120,472128,474815,8,2687,2,18000,1.0029772981
472137,472143,472276,6,133,1,8580,1.04511278195
472159,472165,472277,6,112,1,8580,1.05357142857
472171,472179,474949,8,2770,2,18000,1.00288808664
472186,472192,474815,6,2623,2,18000,1.00228745711
472201,472207,474999,6,2792,2,18000,1.00214899713
472216,472221,474919,5,2698,2,18000,1.00185322461
472231,472237,475018,6,2781,2,18000,1.0021574973
472318,472326,475128,8,2802,2,18000,1.0028551035
472394,472400,474011,6,1611,1,8580,1.00372439479
472402,472411,475202,9,2791,2,18000,1.00322465066
472406,472417,474011,11,1594,1,8580,1.00690087829
472457,472465,475375,8,2910,2,18000,1.00274914089
472520,472530,475363,10,2833,2,18000,1.00352982704
472662,472673,475487,11,2814,2,18000,1.0039090263
472710,472716,473407,6,691,2,10800,1.00868306802
472713,472722,475517,9,2795,2,18000,1.00322003578
472728,472734,475515,6,2781,2,18000,1.0021574973
472797,472806,475673,9,2867,2,18000,1.00313916986
472867,472872,473955,5,1083,2,10800,1.00461680517
472975,472981,474016,6,1035,1,8580,1.00579710145
472996,473002,474016,6,1014,1,8580,1.00591715976
473003,473014,475842,11,2828,2,18000,1.00388967468
473057,473067,475856,10,2789,2,18000,1.00358551452
473081,473089,475934,8,2845,2,18000,1.00281195079
473102,473112,475782,10,2670,2,18000,1.00374531835
473120,473130,475900,10,2770,2,18000,1.0036101083
473151,473157,473741,6,584,2,7200,1.0102739726
473323,473332,476130,9,2798,2,18000,1.00321658327
473444,473451,473561,7,110,1,8580,1.06363636364
473473,473479,473560,6,81,1,8580,1.07407407407
473500,473506,516728,6,43222,1,43200,1.00013881819
473559,473568,476411,9,2843,2,18000,1.00316567007
473574,473580,476380,6,2800,2,18000,1.00214285714
473601,473609,476435,8,2826,2,18000,1.00283085633
473616,473622,473837,6,215,1,8580,1.02790697674
473622,473630,476473,8,2843,2,18000,1.00281392895
473626,473636,473836,10,200,1,8580,1.05
473658,473667,476448,9,2781,2,18000,1.00323624595
473682,473690,476557,8,2867,2,18000,1.00279037321
473781,473792,476553,11,2761,2,18000,1.00398406375
473808,473817,476624,9,2807,2,18000,1.00320627004
474026,474032,475065,6,1033,1,8580,1.00580832527
474046,474052,475065,6,1013,1,8580,1.00592300099
474048,474058,476832,10,2774,2,18000,1.00360490267
474084,474092,476893,8,2801,2,18000,1.00285612281
474211,474217,474414,6,197,2,7200,1.03045685279
474303,474314,474317,11,3,4,129600,1.4
474303,474319,474322,16,3,4,129600,1.9
474303,474309,474312,6,3,4,129600,1.0
474304,474340,474349,36,9,4,129600,4.5
474304,474345,474349,41,4,4,129600,4.5
474304,474335,474338,31,3,4,129600,3.4
474304,474330,474333,26,3,4,129600,2.9
474304,474325,474327,21,2,4,129600,2.3
474329,474352,477141,23,2789,2,18000,1.0082466834
474347,474358,477095,11,2737,2,18000,1.0040189989
474361,474372,477080,11,2708,2,18000,1.0040620384
474536,474544,477365,8,2821,2,18000,1.0028358738
474548,474554,517764,6,43210,1,43200,1.00013885675
474597,474606,477404,9,2798,2,18000,1.00321658327
474630,474638,477431,8,2793,2,18000,1.00286430362
474705,474715,477437,10,2722,2,18000,1.00367376929
474778,474788,477557,10,2769,2,18000,1.00361141206
474799,474811,477570,12,2759,2,18000,1.00434940196
474799,474805,475489,6,684,1,7200,1.00877192982
474818,474832,477608,14,2776,2,18000,1.00504322767
474819,474826,477490,7,2664,2,18000,1.00262762763
474834,474840,477535,6,2695,2,18000,1.00222634508
474870,474876,474877,6,1,1,28800,1.0
474921,474930,477598,9,2668,2,18000,1.00337331334
474952,474957,474959,5,2,1,28800,1.0
474952,474964,477790,12,2826,2,18000,1.0042462845
475000,475010,477790,10,2780,2,18000,1.0035971223
475021,475029,477760,8,2731,2,18000,1.00292932992
475130,475139,477819,9,2680,2,18000,1.00335820896
475186,475192,475793,6,601,1,8580,1.00998336106
475203,475209,476223,6,1014,1,8580,1.00591715976
475205,475215,477990,10,2775,2,18000,1.0036036036
475366,475374,478103,8,2729,2,18000,1.00293147673
475381,475387,478159,6,2772,2,18000,1.00216450216
475490,475498,478315,8,2817,2,18000,1.0028399006
475516,475526,478084,10,2558,2,18000,1.00390930414
475531,475537,478351,6,2814,2,18000,1.00213219616
475595,475601,475945,6,344,2,7200,1.01744186047
475597,475607,476733,10,1126,4,129600,1.00888099467
475598,475612,476733,14,1121,4,129600,1.01248884924
475598,475617,476733,19,1116,4,129600,1.01702508961
475598,475622,476733,24,1111,4,129600,1.02160216022
475598,475627,476733,29,1106,4,129600,1.02622061483
475599,475638,476734,39,1096,4,129600,1.03558394161
475599,475643,475646,44,3,4,129600,4.7
475599,475633,476733,34,1100,4,129600,1.03090909091
475674,475684,478465,10,2781,2,18000,1.00359582884
475783,475793,478590,10,2797,2,18000,1.00357525921
475826,475833,476150,7,317,1,8580,1.02208201893
475844,475853,478546,9,2693,2,18000,1.00334199777
475847,475858,476126,11,268,1,8580,1.04104477612
475859,475867,478641,8,2774,2,18000,1.00288392213
475901,475911,478545,10,2634,2,18000,1.00379650721
475937,475946,478729,9,2783,2,18000,1.00323392023
476131,476141,479042,10,2901,2,18000,1.00344708721
476158,476164,476279,6,115,1,8580,1.05217391304
476383,476391,479252,8,2861,2,18000,1.0027962251
476413,476423,479083,10,2660,2,18000,1.0037593985
476437,476446,479218,9,2772,2,18000,1.00324675325
476452,476459,479261,7,2802,2,18000,1.00249821556
476477,476484,479170,7,2686,2,18000,1.00260610573
476557,476565,479304,8,2739,2,18000,1.00292077401
476558,476571,479368,13,2797,2,18000,1.00464783697
476629,476637,479401,8,2764,2,18000,1.00289435601
476833,476843,479627,10,2784,2,18000,1.00359195402
476895,476904,479754,9,2850,2,18000,1.00315789474
476982,476987,502110,5,25123,4,129600,1.00019902082
476982,477004,499550,22,22546,4,129600,1.00097578284
476982,476998,493235,16,16237,4,129600,1.00098540371
476982,476993,505059,11,28066,4,129600,1.0003919333
476983,477024,477028,41,4,4,129600,4.5
476983,477019,501999,36,24980,4,129600,1.00144115292
476983,477009,495645,26,18636,4,129600,1.00139514917
476983,477014,497416,31,20402,4,129600,1.00151945888
477086,477092,479897,6,2805,2,18000,1.00213903743
477101,477106,479978,5,2872,2,18000,1.00174094708
477143,477152,480014,9,2862,2,18000,1.00314465409
477284,477290,477505,6,215,1,8580,1.02790697674
477301,477308,477496,7,188,1,8580,1.03723404255
477368,477376,480111,8,2735,2,18000,1.0029250457
477407,477416,480270,9,2854,2,18000,1.00315346882
477434,477443,480102,9,2659,2,18000,1.0033847311
477449,477455,480247,6,2792,2,18000,1.00214899713
477491,477502,480234,11,2732,2,18000,1.00402635432
477536,477546,480297,10,2751,2,18000,1.0036350418
477560,477568,480261,8,2693,2,18000,1.00297066469
477576,477582,480347,6,2765,2,18000,1.00216998192
477600,477612,480327,12,2715,2,18000,1.0044198895
477601,477606,514397,5,36791,4,129600,1.0001359028
477615,477621,480405,6,2784,2,18000,1.00215517241
477761,477771,480576,10,2805,2,18000,1.00356506239
477796,477807,481116,11,3309,16,36000,1.00332426715
477797,477802,480638,5,2836,2,18000,1.00176304654
477798,477813,480622,15,2809,2,18000,1.00533997864
477821,477830,480577,9,2747,2,18000,1.00327630142
477999,478006,480725,7,2719,2,18000,1.00257447591
478085,478095,480875,10,2780,2,18000,1.0035971223
478107,478114,480782,7,2668,2,18000,1.00262368816
478165,478171,480888,6,2717,2,18000,1.002208318
478313,478319,478547,6,228,1,8580,1.02631578947
478315,478325,478634,10,309,1,8580,1.03236245955
478319,478331,481045,12,2714,2,18000,1.00442151805
478352,478363,480934,11,2571,2,18000,1.00427849086
478467,478476,481276,9,2800,2,18000,1.00321428571
478549,478556,481419,7,2863,2,18000,1.00244498778
478551,478562,481182,11,2620,2,18000,1.00419847328
478591,478601,481418,10,2817,2,18000,1.00354987575
478644,478652,481353,8,2701,2,18000,1.00296186598
478732,478741,481434,9,2693,2,18000,1.00334199777
478968,478974,479064,6,90,1,1800,1.06666666667
479045,479053,481878,8,2825,2,18000,1.00283185841
479085,479094,481838,9,2744,2,18000,1.00327988338
479167,479181,481883,14,2702,2,18000,1.00518134715
479219,479230,482011,11,2781,2,18000,1.00395541172
479253,479263,482078,10,2815,2,18000,1.00355239787
479268,479274,482004,6,2730,2,18000,1.0021978022
479304,479315,482206,11,2891,2,18000,1.0038049118
479364,479370,479476,6,106,1,1800,1.05660377358
479371,479379,482066,8,2687,2,18000,1.0029772981
479404,479412,482202,8,2790,2,18000,1.00286738351
479585,479591,480361,6,770,1,43200,1.00779220779
479631,479637,482217,6,2580,2,18000,1.0023255814
479756,479765,482530,9,2765,2,18000,1.00325497288
479902,479908,482706,6,2798,2,18000,1.00214438885
479984,479989,482770,5,2781,2,18000,1.00179791442
480021,480027,482517,6,2490,2,18000,1.00240963855
480033,480039,480566,6,527,1,1800,1.01138519924
480103,480113,482806,10,2693,2,18000,1.00371333086
480118,480124,482933,6,2809,2,18000,1.00213599146
480237,480245,483028,8,2783,2,18000,1.00287459576
480252,480258,483075,6,2817,2,18000,1.00212992545
480267,480274,483107,7,2833,2,18000,1.00247087893
480282,480288,482981,6,2693,2,18000,1.00222799851
480300,480309,483125,9,2816,2,18000,1.00319602273
480328,480338,483125,10,2787,2,18000,1.00358808755
480349,480358,483109,9,2751,2,18000,1.00327153762
480407,480416,483302,9,2886,2,18000,1.00311850312
480432,480438,482843,6,2405,1,43200,1.00249480249
480578,480587,483435,9,2848,2,18000,1.00316011236
480580,480593,483380,13,2787,2,18000,1.00466451381
480627,480633,483419,6,2786,2,18000,1.00215362527
480642,480649,483298,7,2649,2,18000,1.00264250661
480728,480736,483472,8,2736,2,18000,1.00292397661
480786,480793,483617,7,2824,2,18000,1.00247875354
480877,480886,483702,9,2816,2,18000,1.00319602273
480892,480899,483575,7,2676,2,18000,1.00261584454
480938,480946,483744,8,2798,2,18000,1.00285918513
481027,481033,484737,6,3704,1,3600,1.00161987041
481047,481056,483664,9,2608,2,18000,1.00345092025
481150,481156,503553,6,22397,16,36000,1.00026789302
481184,481193,484078,9,2885,2,18000,1.00311958406
481278,481287,484100,9,2813,2,18000,1.00319943121
481354,481364,484127,10,2763,2,18000,1.00361925443
481418,481429,484217,11,2788,2,18000,1.00394548063
481433,481439,484264,6,2825,2,18000,1.00212389381
481448,481454,484294,6,2840,2,18000,1.00211267606
481839,481849,484639,10,2790,2,18000,1.00358422939
481865,481871,492448,6,10577,1,172800,1.0005672686
481881,481889,484426,8,2537,2,18000,1.00315333071
481896,481902,484722,6,2820,2,18000,1.00212765957
482005,482016,484843,11,2827,2,18000,1.00389105058
482020,482027,484884,7,2857,2,18000,1.00245012251
482055,482061,492598,6,10537,1,172800,1.00056942204
482066,482078,484890,12,2812,2,18000,1.00426742532
482081,482089,484807,8,2718,2,18000,1.00294334069
482149,482154,482194,5,40,1,1800,1.125
482203,482213,485010,10,2797,2,18000,1.00357525921
482218,482224,485078,6,2854,2,18000,1.00210231254
482219,482230,485053,11,2823,2,18000,1.00389656394
482512,482518,492350,6,9832,1,172800,1.00061025224
482518,482528,485124,10,2596,2,18000,1.00385208012
482522,482533,482612,11,79,1,1800,1.13924050633
482533,482541,485259,8,2718,2,18000,1.00294334069
482710,482718,485502,8,2784,2,18000,1.00287356322
482774,482782,485487,8,2705,2,18000,1.00295748614
482807,482818,485669,11,2851,2,18000,1.00385829533
482875,482881,489193,6,6312,1,7200,1.00095057034
482934,482945,485713,11,2768,2,18000,1.00397398844
482983,482992,485481,9,2489,2,18000,1.00361591
483029,483039,485775,10,2736,2,18000,1.00365497076
483077,483086,485858,9,2772,2,18000,1.00324675325
483111,483118,485909,7,2791,2,18000,1.00250806163
483112,483124,485794,12,2670,2,18000,1.00449438202
483128,483136,485874,8,2738,2,18000,1.00292184076
483129,483202,486015,73,2813,2,18000,1.02595094205
483300,483309,486157,9,2848,2,18000,1.00316011236
483316,483322,486121,6,2799,2,18000,1.00214362272
483338,483344,483608,6,264,1,1800,1.02272727273
483383,483391,486042,8,2651,2,18000,1.00301772916
483422,483430,486257,8,2827,2,18000,1.00282985497
483437,483446,486299,9,2853,2,18000,1.00315457413
483465,483471,485472,6,2001,2,10800,1.00299850075
483474,483483,486116,9,2633,2,18000,1.0034181542
483576,483587,486386,11,2799,2,18000,1.00392997499
483620,483629,486309,9,2680,2,18000,1.00335820896
483665,483675,486454,10,2779,2,18000,1.0035984167
483706,483712,485945,6,2233,2,10800,1.0026869682
483706,483718,486468,12,2750,2,18000,1.00436363636
483745,483756,486512,11,2756,2,18000,1.00399129173
484079,484090,486687,11,2597,2,18000,1.00423565653
484104,484112,486906,8,2794,2,18000,1.00286327845
484128,484138,486938,10,2800,2,18000,1.00357142857
484219,484228,486870,9,2642,2,18000,1.00340651022
484267,484275,486914,8,2639,2,18000,1.00303145131
484297,484305,487078,8,2773,2,18000,1.00288496213
484428,484438,487228,10,2790,2,18000,1.00358422939
484640,484650,487363,10,2713,2,18000,1.00368595651
484722,484733,487506,11,2773,2,18000,1.00396682294
484808,484818,487634,10,2816,2,18000,1.00355113636
484844,484854,487615,10,2761,2,18000,1.00362187613
484886,484895,487795,9,2900,2,18000,1.00310344828
484901,484907,487637,6,2730,2,18000,1.0021978022
484919,484926,484946,7,20,1,8580,1.35
485013,485021,487885,8,2864,2,18000,1.00279329609
485055,485064,487801,9,2737,2,18000,1.00328827183
485079,485090,487724,11,2634,2,18000,1.00417615793
485125,485135,487779,10,2644,2,18000,1.00378214826
485262,485270,488100,8,2830,2,18000,1.00282685512
485324,485330,485334,6,4,1,8580,1.0
485484,485493,488255,9,2762,2,18000,1.00325850833
485498,485504,488197,6,2693,2,18000,1.00222799851
485513,485519,488385,6,2866,2,18000,1.00209351012
485592,485598,485625,6,27,1,8580,1.22222222222
485671,485680,488479,9,2799,2,18000,1.00321543408
485714,485724,488487,10,2763,2,18000,1.00361925443
485777,485787,488460,10,2673,2,18000,1.00374111485
485795,485805,488659,10,2854,2,18000,1.00350385424
485806,485812,486161,6,349,1,8580,1.01719197708
485819,485825,486161,6,336,1,8580,1.01785714286
485859,485869,488579,10,2710,2,18000,1.0036900369
485877,485885,488693,8,2808,2,18000,1.00284900285
485910,485920,488711,10,2791,2,18000,1.00358294518
486017,486026,488803,9,2777,2,18000,1.00324090745
486044,486053,488749,9,2696,2,18000,1.00333827893
486117,486127,488929,10,2802,2,18000,1.00356887937
486133,486139,488913,6,2774,2,18000,1.0021629416
486160,486169,488964,9,2795,2,18000,1.00322003578
486261,486269,489119,8,2850,2,18000,1.00280701754
486301,486310,489098,9,2788,2,18000,1.00322812052
486316,486322,488975,6,2653,2,18000,1.00226159065
486388,486398,489283,10,2885,2,18000,1.00346620451
486455,486465,489232,10,2767,2,18000,1.00361402241
486470,486479,489365,9,2886,2,18000,1.00311850312
486512,486523,489235,11,2712,2,18000,1.0040560472
486577,486584,487262,7,678,2,7200,1.01032448378
486688,486698,489531,10,2833,2,18000,1.00352982704
486843,486849,486862,6,13,2,120,1.46153846154
486851,486857,487991,6,1134,1,8580,1.00529100529
486852,486863,487871,11,1008,1,8580,1.01091269841
486871,486881,489617,10,2736,2,18000,1.00365497076
486908,486917,489713,9,2796,2,18000,1.00321888412
486923,486929,489647,6,2718,2,18000,1.00220750552
486941,486949,489805,8,2856,2,18000,1.00280112045
487078,487089,489896,11,2807,2,18000,1.00391877449
487231,487239,490053,8,2814,2,18000,1.00284292822
487364,487375,490216,11,2841,2,18000,1.0038718761
487508,487518,490361,10,2843,2,18000,1.00351741119
487555,487561,487584,6,23,1,3600,1.26086956522
487615,487626,490432,11,2806,2,18000,1.00392017106
487636,487645,490332,9,2687,2,18000,1.00334946036
487652,487658,490445,6,2787,2,18000,1.00215285253
487728,487736,490539,8,2803,2,18000,1.00285408491
487780,487790,490665,10,2875,2,18000,1.00347826087
487798,487807,490486,9,2679,2,18000,1.00335946249
487813,487819,490607,6,2788,2,18000,1.00215208034
487886,487901,490664,15,2763,2,18000,1.00542888165
487889,487895,488030,6,135,1,8580,1.04444444444
488102,488111,490937,9,2826,2,18000,1.00318471338
488200,488208,490930,8,2722,2,18000,1.00293901543
488258,488266,491129,8,2863,2,18000,1.00279427174
488358,488364,489492,6,1128,1,8580,1.00531914894
488386,488396,491182,10,2786,2,18000,1.00358937545
488456,488471,491098,15,2627,2,18000,1.00570993529
488481,488491,491203,10,2712,2,18000,1.00368731563
488496,488502,491310,6,2808,2,18000,1.00213675214
488581,488590,491438,9,2848,2,18000,1.00316011236
488596,488602,489571,6,969,1,8580,1.00619195046
488660,488670,491334,10,2664,2,18000,1.00375375375
488697,488705,491461,8,2756,2,18000,1.00290275762
488715,488723,491331,8,2608,2,18000,1.00306748466
488752,488760,491553,8,2793,2,18000,1.00286430362
488805,488814,491646,9,2832,2,18000,1.0031779661
488916,488925,491763,9,2838,2,18000,1.00317124736
488931,488940,491742,9,2802,2,18000,1.00321199143
488966,488975,491691,9,2716,2,18000,1.00331369661
488981,488986,491614,5,2628,2,18000,1.00190258752
489102,489110,491775,8,2665,2,18000,1.00300187617
489120,489131,491931,11,2800,2,18000,1.00392857143
489233,489243,491921,10,2678,2,18000,1.00373412995
489248,489254,492079,6,2825,2,18000,1.00212389381
489277,489283,489296,6,13,1,7200,1.46153846154
489285,489295,492032,10,2737,2,18000,1.00365363537
489367,489376,492130,9,2754,2,18000,1.00326797386
489378,489384,492742,6,3358,1,7200,1.00178677784
489500,489506,489717,6,211,1,8580,1.02843601896
489534,489542,492285,8,2743,2,18000,1.00291651476
489590,489597,489837,7,240,1,8580,1.02916666667
489621,489629,492427,8,2798,2,18000,1.00285918513
489649,489658,492460,9,2802,2,18000,1.00321199143
489720,489726,492550,6,2824,2,18000,1.00212464589
489808,489816,492578,8,2762,2,18000,1.00289645185
489898,489907,492573,9,2666,2,18000,1.00337584396
490056,490064,492856,8,2792,2,18000,1.00286532951
490218,490228,492902,10,2674,2,18000,1.00373971578
490335,490344,493144,9,2800,2,18000,1.00321428571
490362,490372,493142,10,2770,2,18000,1.0036101083
490435,490443,493325,8,2882,2,18000,1.0027758501
490450,490456,493181,6,2725,2,18000,1.00220183486
490487,490497,493327,10,2830,2,18000,1.0035335689
490515,490521,490589,6,68,1,8580,1.08823529412
490516,490527,490586,11,59,1,8580,1.18644067797
490542,490551,493407,9,2856,2,18000,1.0031512605
490609,490619,493401,10,2782,2,18000,1.0035945363
490667,490675,493270,8,2595,2,18000,1.00308285164
490668,490681,493391,13,2710,2,18000,1.00479704797
490675,490686,490925,11,239,1,8580,1.0460251046
490702,490708,490925,6,217,1,8580,1.02764976959
490932,490942,493666,10,2724,2,18000,1.00367107195
490947,490953,493751,6,2798,2,18000,1.00214438885
490993,490999,491237,6,238,1,8580,1.02521008403
491002,491008,491267,6,259,1,8580,1.02316602317
491098,491109,493739,11,2630,2,18000,1.00418250951
491130,491140,493890,10,2750,2,18000,1.00363636364
491184,491193,493993,9,2800,2,18000,1.00321428571
491205,491215,494021,10,2806,2,18000,1.00356379187
491313,491322,494052,9,2730,2,18000,1.0032967033
491331,491342,494169,11,2827,2,18000,1.00389105058
491347,491353,494165,6,2812,2,18000,1.00213371266
491439,491449,494111,10,2662,2,18000,1.003756574
491463,491472,494175,9,2703,2,18000,1.00332963374
491547,491553,492286,6,733,2,10800,1.00818553888
491555,491564,494405,9,2841,2,18000,1.00316789863
491617,491625,494469,8,2844,2,18000,1.00281293952
491648,491657,494467,9,2810,2,18000,1.00320284698
491692,491702,494458,10,2756,2,18000,1.00362844702
491745,491753,494579,8,2826,2,18000,1.00283085633
491768,491774,494474,6,2700,2,18000,1.00222222222
491783,491789,494634,6,2845,2,18000,1.00210896309
491922,491932,494725,10,2793,2,18000,1.00358037952
491937,491943,494694,6,2751,2,18000,1.00218102508
492035,492043,494872,8,2829,2,18000,1.00282785437
492081,492090,494681,9,2591,2,18000,1.00347356233
492105,492111,493017,6,906,2,10800,1.00662251656
492131,492141,494858,10,2717,2,18000,1.00368053
492293,492299,495111,6,2812,2,18000,1.00213371266
492429,492438,495249,9,2811,2,18000,1.00320170758
492463,492471,495218,8,2747,2,18000,1.00291226793
492510,492516,493705,6,1189,2,10800,1.00504625736
492553,492562,495366,9,2804,2,18000,1.00320970043
492576,492585,495424,9,2839,2,18000,1.00317013033
492592,492599,495288,7,2689,2,18000,1.00260319821
492731,492737,496791,6,4054,1,86400,1.00148001973
492841,492847,493896,6,1049,1,8580,1.00571973308
492858,492867,495597,9,2730,2,18000,1.0032967033
492897,492903,624791,6,131888,1,172800,1.00004549315
492904,492914,495748,10,2834,2,18000,1.00352858151
492920,492926,493910,6,984,2,10800,1.00609756098
493041,493048,664230,7,171182,1,244800,1.00004089215
493112,493118,493155,6,37,1,172800,1.16216216216
493143,493153,495998,10,2845,2,18000,1.00351493849
493158,493164,495935,6,2771,2,18000,1.00216528329
493182,493192,495995,10,2803,2,18000,1.00356760614
493187,493198,695888,11,202690,1,244800,1.00005427007
493217,493224,493455,7,231,1,8580,1.0303030303
493271,493281,496072,10,2791,2,18000,1.00358294518
493328,493337,496175,9,2838,2,18000,1.00317124736
493329,493343,496155,14,2812,2,18000,1.00497866287
493366,493372,494114,6,742,2,10800,1.00808625337
493393,493402,496179,9,2777,2,18000,1.00324090745
493408,493414,496195,6,2781,2,18000,1.0021574973
493409,493420,496211,11,2791,2,18000,1.0039412397
493533,493539,493590,6,51,1,223200,1.11764705882
493590,493596,520106,6,26510,1,223200,1.00022632969
493622,493628,697793,6,204165,1,223200,1.000029388
493668,493677,496418,9,2741,2,18000,1.00328347318
493694,493700,493866,6,166,1,8580,1.03614457831
493742,493751,496465,9,2714,2,18000,1.00331613854
493757,493763,496614,6,2851,2,18000,1.00210452473
493894,493902,496603,8,2701,2,18000,1.00296186598
493994,494005,496608,11,2603,2,18000,1.0042258932
494022,494032,496711,10,2679,2,18000,1.0037327361
494055,494063,496874,8,2811,2,18000,1.00284596229
494113,494122,496971,9,2849,2,18000,1.00315900316
494118,494128,494272,10,144,1,8580,1.06944444444
494167,494176,497002,9,2826,2,18000,1.00318471338
494183,494189,496944,6,2755,2,18000,1.00217785844
494184,494195,496981,11,2786,2,18000,1.00394831299
494408,494416,497171,8,2755,2,18000,1.00290381125
494460,494469,497246,9,2777,2,18000,1.00324090745
494478,494484,497393,6,2909,2,18000,1.00206256446
494479,494490,497405,11,2915,2,18000,1.00377358491
494480,494495,497292,15,2797,2,18000,1.00536288881
494536,494542,495287,6,745,2,10800,1.00805369128
494580,494590,497374,10,2784,2,18000,1.00359195402
494635,494645,497401,10,2756,2,18000,1.00362844702
494684,494692,497434,8,2742,2,18000,1.00291757841
494699,494705,497470,6,2765,2,18000,1.00216998192
494727,494736,497532,9,2796,2,18000,1.00321888412
494861,494869,497511,8,2642,2,18000,1.00302800908
494876,494883,497569,7,2686,2,18000,1.00260610573
494937,494944,495694,7,750,2,10800,1.00933333333
495114,495122,497766,8,2644,2,18000,1.00302571861
495221,495230,498024,9,2794,2,18000,1.00322118826
495252,495260,497949,8,2689,2,18000,1.00297508367
495289,495299,497941,10,2642,2,18000,1.00378501136
495297,495305,495974,8,669,2,10800,1.01195814649
495367,495377,498218,10,2841,2,18000,1.00351988736
495425,495435,498231,10,2796,2,18000,1.00357653791
495598,495609,498193,11,2584,2,18000,1.00425696594
495607,495615,496552,8,937,2,10800,1.00853788687
495749,495760,498546,11,2786,2,18000,1.00394831299
495937,495946,498753,9,2807,2,18000,1.00320627004
495998,496006,498725,8,2719,2,18000,1.00294225818
496013,496019,498839,6,2820,2,18000,1.00212765957
496074,496083,498754,9,2671,2,18000,1.00336952452
496156,496166,498854,10,2688,2,18000,1.0037202381
496177,496186,498989,9,2803,2,18000,1.00321084552
496192,496198,498886,6,2688,2,18000,1.00223214286
496207,496214,499052,7,2838,2,18000,1.00246652572
496222,496229,498999,7,2770,2,18000,1.00252707581
496421,496429,499201,8,2772,2,18000,1.00288600289
496467,496476,499267,9,2791,2,18000,1.00322465066
496605,496614,499362,9,2748,2,18000,1.00327510917
496620,496626,499270,6,2644,2,18000,1.00226928896
496621,496632,499411,11,2779,2,18000,1.00395825837
496713,496723,499596,10,2873,2,18000,1.00348068221
496818,496824,527313,6,30489,1,86400,1.00019679229
496877,496885,499722,8,2837,2,18000,1.00281988016
496947,496955,499813,8,2858,2,18000,1.00279916025
496975,496983,499703,8,2720,2,18000,1.00294117647
496990,496996,499753,6,2757,2,18000,1.00217627856
497005,497013,499833,8,2820,2,18000,1.00283687943
497174,497182,499973,8,2791,2,18000,1.00286635614
497247,497257,500047,10,2790,2,18000,1.00358422939
497293,497303,500126,10,2823,2,18000,1.00354233085
497378,497385,500045,7,2660,2,18000,1.00263157895
497394,497404,500230,10,2826,2,18000,1.00353857042
497411,497417,500226,6,2809,2,18000,1.00213599146
497413,497423,500102,10,2679,2,18000,1.0037327361
497437,497446,500331,9,2885,2,18000,1.00311958406
497471,497481,500287,10,2806,2,18000,1.00356379187
497513,497522,500312,9,2790,2,18000,1.00322580645
497534,497543,500349,9,2806,2,18000,1.00320741269
497571,497580,500425,9,2845,2,18000,1.00316344464
497770,497778,500513,8,2735,2,18000,1.0029250457
497943,497952,500721,9,2769,2,18000,1.00325027086
497958,497965,500639,7,2674,2,18000,1.00261780105
498026,498035,500821,9,2786,2,18000,1.0032304379
498197,498205,501003,8,2798,2,18000,1.00285918513
498221,498229,500880,8,2651,2,18000,1.00301772916
498236,498242,501071,6,2829,2,18000,1.00212089077
498548,498557,501364,9,2807,2,18000,1.00320627004
498726,498736,501494,10,2758,2,18000,1.00362581581
498756,498764,501577,8,2813,2,18000,1.00284393886
498758,498770,501326,12,2556,2,18000,1.00469483568
498840,498851,501602,11,2751,2,18000,1.00399854598
498855,498865,501738,10,2873,2,18000,1.00348068221
498888,498898,501637,10,2739,2,18000,1.00365096751
498992,499001,501790,9,2789,2,18000,1.00322696307
499007,499013,501819,6,2806,2,18000,1.00213827512
499056,499064,501866,8,2802,2,18000,1.0028551035
499202,499212,501972,10,2760,2,18000,1.00362318841
499269,499278,501982,9,2704,2,18000,1.00332840237
499284,499290,502146,6,2856,2,18000,1.00210084034
499364,499374,502193,10,2819,2,18000,1.00354735722
499413,499423,502252,10,2829,2,18000,1.00353481796
499598,499607,502299,9,2692,2,18000,1.00334323923
499704,499715,502452,11,2737,2,18000,1.0040189989
499726,499733,502530,7,2797,2,18000,1.00250268144
499756,499765,502393,9,2628,2,18000,1.00342465753
499814,499824,502663,10,2839,2,18000,1.00352236703
499836,499844,502731,8,2887,2,18000,1.0027710426
499976,499985,502747,9,2762,2,18000,1.00325850833
500046,500056,502893,10,2837,2,18000,1.00352485019
500061,500067,502850,6,2783,2,18000,1.00215594682
500104,500113,502901,9,2788,2,18000,1.00322812052
500128,500138,502933,10,2795,2,18000,1.00357781753
500228,500237,502868,9,2631,2,18000,1.00342075257
500243,500249,503013,6,2764,2,18000,1.002170767
500289,500298,502994,9,2696,2,18000,1.00333827893
500313,500323,503013,10,2690,2,18000,1.00371747212
500334,500342,503102,8,2760,2,18000,1.00289855072
500349,500360,503187,11,2827,2,18000,1.00389105058
500428,500436,503215,8,2779,2,18000,1.00287873336
500513,500524,503315,11,2791,2,18000,1.0039412397
500641,500650,503429,9,2779,2,18000,1.00323857503
500722,500732,503409,10,2677,2,18000,1.00373552484
500823,500833,503648,10,2815,2,18000,1.00355239787
500881,500891,503615,10,2724,2,18000,1.00367107195
501006,501014,503805,8,2791,2,18000,1.00286635614
501073,501083,503909,10,2826,2,18000,1.00353857042
501329,501337,504101,8,2764,2,18000,1.00289435601
501365,501375,504151,10,2776,2,18000,1.00360230548
501432,501439,501444,7,5,5,432000,1.2
501444,501450,835135,6,333685,5,432000,1.00001798103
501496,501505,504279,9,2774,2,18000,1.0032444124
501579,501589,504379,10,2790,2,18000,1.00358422939
501603,501613,504205,10,2592,2,18000,1.00385802469
501639,501648,504321,9,2673,2,18000,1.00336700337
501675,501681,501687,6,6,8,540000,1.2
501740,501750,504457,10,2707,2,18000,1.00369412634
501792,501801,504563,9,2762,2,18000,1.00325850833
501822,501830,504706,8,2876,2,18000,1.00278164117
501867,501877,504692,10,2815,2,18000,1.00355239787
501871,501882,686539,11,184657,8,540000,1.00005956991
501974,501983,504699,9,2716,2,18000,1.00331369661
501988,501995,504794,7,2799,2,18000,1.00250089318
502147,502157,504934,10,2777,2,18000,1.00360100828
502195,502205,504948,10,2743,2,18000,1.00364564346
502256,502264,505058,8,2794,2,18000,1.00286327845
502301,502310,505123,9,2813,2,18000,1.00319943121
502395,502404,505231,9,2827,2,18000,1.00318358684
502453,502463,505269,10,2806,2,18000,1.00356379187
502532,502541,505357,9,2816,2,18000,1.00319602273
502666,502674,505316,8,2642,2,18000,1.00302800908
502733,502742,505549,9,2807,2,18000,1.00320627004
502748,502758,505327,10,2569,2,18000,1.0038925652
502852,502861,505600,9,2739,2,18000,1.00328587076
502870,502879,505672,9,2793,2,18000,1.00322234157
502895,502904,505722,9,2818,2,18000,1.00319375444
502910,502916,505537,6,2621,2,18000,1.00228920259
502934,502944,505727,10,2783,2,18000,1.0035932447
502995,503005,505813,10,2808,2,18000,1.00356125356
503016,503084,505882,68,2798,2,18000,1.02430307362
503017,503089,505691,72,2602,2,18000,1.02767102229
503101,503112,503119,11,7,4,129600,1.8
503101,503137,506232,36,3095,4,129600,1.01163166397
503101,503127,505294,26,2167,4,129600,1.01199815413
503101,503117,505617,16,2500,4,129600,1.0064
503101,503122,505637,21,2515,4,129600,1.0083499006
503101,503132,505779,31,2647,4,129600,1.01171137136
503101,503107,505932,6,2825,4,129600,1.00212389381
503106,503144,505976,38,2832,2,18000,1.0134180791
503188,503198,506006,10,2808,2,18000,1.00356125356
503215,503226,505988,11,2762,2,18000,1.00398262129
503316,503326,506119,10,2793,2,18000,1.00358037952
503411,503420,506262,9,2842,2,18000,1.00316678395
503432,503440,506204,8,2764,2,18000,1.00289435601
503618,503626,506364,8,2738,2,18000,1.00292184076
503648,503659,506424,11,2765,2,18000,1.00397830018
503807,503817,506471,10,2654,2,18000,1.00376789751
503910,503920,506437,10,2517,2,18000,1.00397298371
504103,504112,506921,9,2809,2,18000,1.00320398718
504152,504162,506948,10,2786,2,18000,1.00358937545
504206,504216,506972,10,2756,2,18000,1.00362844702
504282,504290,507077,8,2787,2,18000,1.00287047004
504322,504332,507158,10,2826,2,18000,1.00353857042
504380,504390,507123,10,2733,2,18000,1.0036589828
504459,504468,507182,9,2714,2,18000,1.00331613854
504566,504574,507381,8,2807,2,18000,1.00285001781
504694,504703,507497,9,2794,2,18000,1.00322118826
504709,504715,507402,6,2687,2,18000,1.00223297358
504710,504721,507341,11,2620,2,18000,1.00419847328
504795,504805,507452,10,2647,2,18000,1.00377786173
504934,504945,507753,11,2808,2,18000,1.00391737892
504949,504960,507699,11,2739,2,18000,1.00401606426
505059,505069,507847,10,2778,2,18000,1.00359971202
505126,505135,507864,9,2729,2,18000,1.00329791132
505232,505242,507992,10,2750,2,18000,1.00363636364
505272,505280,508105,8,2825,2,18000,1.00283185841
505317,505327,508159,10,2832,2,18000,1.00353107345
505332,505338,508158,6,2820,2,18000,1.00212765957
505359,505368,508166,9,2798,2,18000,1.00321658327
505536,505548,508271,12,2723,2,18000,1.00440690415
505551,505560,508223,9,2663,2,18000,1.00337964701
505603,505611,508331,8,2720,2,18000,1.00294117647
505673,505683,508473,10,2790,2,18000,1.00358422939
505694,505702,508423,8,2721,2,18000,1.00294009555
505724,505733,508485,9,2752,2,18000,1.00327034884
505739,505745,508518,6,2773,2,18000,1.0021637216
505815,505825,508615,10,2790,2,18000,1.00358422939
505885,505893,508707,8,2814,2,18000,1.00284292822
505979,505987,508707,8,2720,2,18000,1.00294117647
505994,505999,508858,5,2859,2,18000,1.00174886324
506009,506017,508707,8,2690,2,18000,1.0029739777
506122,506130,508910,8,2780,2,18000,1.00287769784
506206,506215,508914,9,2699,2,18000,1.00333456836
506264,506273,509041,9,2768,2,18000,1.00325144509
506365,506375,509117,10,2742,2,18000,1.00364697301
506426,506436,509151,10,2715,2,18000,1.00368324125
506441,506448,509128,7,2680,2,18000,1.0026119403
506474,506482,509259,8,2777,2,18000,1.00288080663
506893,506899,527786,6,20887,4,129600,1.00028726002
506893,506909,530370,16,23461,4,129600,1.00068198287
506893,506904,506907,11,3,4,129600,1.4
506893,506919,528049,26,21130,4,129600,1.00123047799
506893,506930,536287,37,29357,4,129600,1.00126034677
506893,506914,527946,21,21032,4,129600,1.00099847851
506893,506924,531136,31,24212,4,129600,1.00128035685
506923,506936,509719,13,2783,2,18000,1.00467121811
506950,506959,509748,9,2789,2,18000,1.00322696307
506974,506984,509634,10,2650,2,18000,1.00377358491
507078,507088,509885,10,2797,2,18000,1.00357525921
507126,507134,509921,8,2787,2,18000,1.00287047004
507160,507170,509822,10,2652,2,18000,1.00377073906
507184,507193,509995,9,2802,2,18000,1.00321199143
507343,507352,510120,9,2768,2,18000,1.00325144509
507382,507393,510164,11,2771,2,18000,1.00396968603
507400,507413,510090,13,2677,2,18000,1.00485618229
507452,507463,510189,11,2726,2,18000,1.00403521643
507498,507508,510388,10,2880,2,18000,1.00347222222
507702,507710,510476,8,2766,2,18000,1.0028922632
507756,507764,510665,8,2901,2,18000,1.00275766977
507848,507858,510606,10,2748,2,18000,1.00363901019
507866,507875,510673,9,2798,2,18000,1.00321658327
507993,508003,510794,10,2791,2,18000,1.00358294518
508106,508116,510860,10,2744,2,18000,1.00364431487
508161,508170,510891,9,2721,2,18000,1.0033076075
508162,508175,510929,13,2754,2,18000,1.00472040668
508177,508184,510866,7,2682,2,18000,1.00260999254
508220,508234,511107,14,2873,2,18000,1.0048729551
508272,508282,511100,10,2818,2,18000,1.00354861604
508333,508342,511238,9,2896,2,18000,1.00310773481
508423,508434,511225,11,2791,2,18000,1.0039412397
508475,508484,511357,9,2873,2,18000,1.00313261399
508490,508496,511296,6,2800,2,18000,1.00214285714
508520,508529,511331,9,2802,2,18000,1.00321199143
508617,508626,511470,9,2844,2,18000,1.00316455696
508709,508718,511463,9,2745,2,18000,1.00327868852
508710,508723,511531,13,2808,2,18000,1.00462962963
508711,508728,511467,17,2739,2,18000,1.00620664476
508860,508869,511509,9,2640,2,18000,1.00340909091
508912,508921,511775,9,2854,2,18000,1.00315346882
508913,508927,511661,14,2734,2,18000,1.00512070227
509044,509052,511721,8,2669,2,18000,1.00299737729
509120,509128,511866,8,2738,2,18000,1.00292184076
509135,509141,511913,6,2772,2,18000,1.00216450216
509153,509162,511852,9,2690,2,18000,1.00334572491
509260,509270,511929,10,2659,2,18000,1.00376081234
509635,509645,512424,10,2779,2,18000,1.0035984167
509721,509730,512502,9,2772,2,18000,1.00324675325
509751,509760,512559,9,2799,2,18000,1.00321543408
509824,509833,512577,9,2744,2,18000,1.00327988338
509888,509896,512752,8,2856,2,18000,1.00280112045
509924,509933,512677,9,2744,2,18000,1.00327988338
509997,510006,512888,9,2882,2,18000,1.00312283137
510091,510101,512891,10,2790,2,18000,1.00358422939
510122,510131,512950,9,2819,2,18000,1.0031926215
510167,510176,512982,9,2806,2,18000,1.00320741269
510191,510200,512884,9,2684,2,18000,1.00335320417
510389,510400,513185,11,2785,2,18000,1.0039497307
510477,510488,513265,11,2777,2,18000,1.00396110911
510607,510617,513496,10,2879,2,18000,1.00347342827
510668,510676,513301,8,2625,2,18000,1.00304761905
510683,510689,513550,6,2861,2,18000,1.00209716882
510796,510805,513371,9,2566,2,18000,1.00350740452
510863,510871,513501,8,2630,2,18000,1.0030418251
510877,510884,513736,7,2852,2,18000,1.00245441795
510892,510902,513678,10,2776,2,18000,1.00360230548
510932,510940,513724,8,2784,2,18000,1.00287356322
511103,511112,513801,9,2689,2,18000,1.00334696913
511118,511124,513823,6,2699,2,18000,1.00222304557
511227,511237,514135,10,2898,2,18000,1.00345065562
511242,511249,514027,7,2778,2,18000,1.00251979842
511297,511307,514033,10,2726,2,18000,1.00366837858
511333,511343,514177,10,2834,2,18000,1.00352858151
511361,511368,514197,7,2829,2,18000,1.00247437257
511464,511474,514269,10,2795,2,18000,1.00357781753
511480,511486,514285,6,2799,2,18000,1.00214362272
511481,511492,514298,11,2806,2,18000,1.00392017106
511511,511521,514166,10,2645,2,18000,1.00378071834
511532,511542,514374,10,2832,2,18000,1.00353107345
511663,511673,514498,10,2825,2,18000,1.00353982301
511724,511733,514500,9,2767,2,18000,1.00325262017
511776,511786,514450,10,2664,2,18000,1.00375375375
511816,511822,541240,6,29418,16,36000,1.00020395676
511855,511863,514656,8,2793,2,18000,1.00286430362
511870,511877,514505,7,2628,2,18000,1.00266362253
511915,511924,514704,9,2780,2,18000,1.00323741007
511930,511940,514773,10,2833,2,18000,1.00352982704
512426,512435,515293,9,2858,2,18000,1.00314905528
512502,512513,515286,11,2773,2,18000,1.00396682294
512564,512570,515424,6,2854,2,18000,1.00210231254
512579,512589,515423,10,2834,2,18000,1.00352858151
512680,512688,515583,8,2895,2,18000,1.00276338515
512754,512763,515550,9,2787,2,18000,1.00322927879
512886,512895,515684,9,2789,2,18000,1.00322696307
512902,512908,515665,6,2757,2,18000,1.00217627856
512903,512914,515632,11,2718,2,18000,1.00404709345
512952,512961,515740,9,2779,2,18000,1.00323857503
512983,512993,515629,10,2636,2,18000,1.00379362671
513187,513196,515836,9,2640,2,18000,1.00340909091
513266,513276,516103,10,2827,2,18000,1.00353731871
513303,513312,516119,9,2807,2,18000,1.00320627004
513372,513382,516146,10,2764,2,18000,1.00361794501
513497,513508,516185,11,2677,2,18000,1.00410907733
513512,513519,516156,7,2637,2,18000,1.00265453166
513553,513562,516392,9,2830,2,18000,1.00318021201
513681,513689,516410,8,2721,2,18000,1.00294009555
513727,513736,516546,9,2810,2,18000,1.00320284698
513742,513748,516392,6,2644,2,18000,1.00226928896
513800,513812,516555,12,2743,2,18000,1.00437477215
513825,513834,516527,9,2693,2,18000,1.00334199777
514030,514038,516821,8,2783,2,18000,1.00287459576
514045,514051,516866,6,2815,2,18000,1.00213143872
514138,514147,517004,9,2857,2,18000,1.00315015751
514169,514177,516914,8,2737,2,18000,1.00292290829
514184,514190,517030,6,2840,2,18000,1.00211267606
514199,514209,517080,10,2871,2,18000,1.00348310693
514270,514280,517124,10,2844,2,18000,1.0035161744
514288,514296,517032,8,2736,2,18000,1.00292397661
514303,514309,517061,6,2752,2,18000,1.00218023256
514377,514385,517250,8,2865,2,18000,1.00279232112
514451,514461,517304,10,2843,2,18000,1.00351741119
514501,514509,517182,8,2673,2,18000,1.00299289188
514502,514515,517185,13,2670,2,18000,1.00486891386
514518,514524,517353,6,2829,2,18000,1.00212089077
514658,514667,517368,9,2701,2,18000,1.00333209922
514707,514716,517339,9,2623,2,18000,1.00343118567
514775,514784,517604,9,2820,2,18000,1.00319148936
514866,514872,781866,6,266994,2,356400,1.00002247242
514979,514985,515919,6,934,1,3660,1.00642398287
515093,515099,811051,6,295952,2,356400,1.00002027356
515276,515282,743252,6,227970,2,356400,1.00002631925
515290,515298,518063,8,2765,2,18000,1.00289330922
515305,515311,518046,6,2735,2,18000,1.00219378428
515421,515427,777187,6,261760,2,356400,1.00002292176
515426,515434,518121,8,2687,2,18000,1.0029772981
515427,515440,518087,13,2647,2,18000,1.00491122025
515552,515562,518244,10,2682,2,18000,1.00372856078
515585,515594,518384,9,2790,2,18000,1.00322580645
515631,515640,518413,9,2773,2,18000,1.0032455824
515646,515653,518483,7,2830,2,18000,1.00247349823
515668,515676,518509,8,2833,2,18000,1.00282386163
515686,515695,518485,9,2790,2,18000,1.00322580645
515741,515751,518498,10,2747,2,18000,1.00364033491
515839,515847,518551,8,2704,2,18000,1.00295857988
515930,515936,516926,6,990,1,3660,1.00606060606
516105,516115,518863,10,2748,2,18000,1.00363901019
516120,516130,518857,10,2727,2,18000,1.00366703337
516147,516158,519027,11,2869,2,18000,1.00383408853
516162,516168,519044,6,2876,2,18000,1.00208623088
516186,516197,519014,11,2817,2,18000,1.00390486333
516357,516363,780086,6,263723,3,288000,1.00002275114
516393,516404,519089,11,2685,2,18000,1.00409683426
516395,516409,519153,14,2744,2,18000,1.00510204082
516413,516422,519171,9,2749,2,18000,1.00327391779
516529,516538,519188,9,2650,2,18000,1.00339622642
516547,516557,519300,10,2743,2,18000,1.00364564346
516562,516569,519110,7,2541,2,18000,1.00275482094
516652,516658,787364,6,270706,3,288000,1.00002216427
516823,516832,519516,9,2684,2,18000,1.00335320417
516869,516878,519622,9,2744,2,18000,1.00327988338
516880,516886,743102,6,226216,3,288000,1.00002652332
516916,516926,519789,10,2863,2,18000,1.00349283968
517005,517015,519792,10,2777,2,18000,1.00360100828
517033,517041,519905,8,2864,2,18000,1.00279329609
517034,517047,519840,13,2793,2,18000,1.00465449338
517062,517073,519758,11,2685,2,18000,1.00409683426
517081,517091,519932,10,2841,2,18000,1.00351988736
517127,517135,519815,8,2680,2,18000,1.00298507463
517182,517193,519967,11,2774,2,18000,1.00396539293
517197,517204,519916,7,2712,2,18000,1.00258112094
517238,517244,760664,6,243420,2,356400,1.00002464876
517253,517262,520026,9,2764,2,18000,1.00325615051
517305,517316,520124,11,2808,2,18000,1.00391737892
517343,517351,520164,8,2813,2,18000,1.00284393886
517358,517364,520070,6,2706,2,18000,1.0022172949
517373,517379,520190,6,2811,2,18000,1.00213447172
517497,517503,540266,6,22763,2,72000,1.00026358564
517500,517509,518499,9,990,1,3660,1.00909090909
517606,517615,520312,9,2697,2,18000,1.00333704116
517726,517732,547265,6,29533,3,288000,1.00020316256
517896,517902,540398,6,22496,2,72000,1.00026671408
518039,518045,545955,6,27910,2,72000,1.00021497671
518048,518057,520862,9,2805,2,18000,1.00320855615
518067,518074,520901,7,2827,2,18000,1.0024761231
518088,518098,520801,10,2703,2,18000,1.00369959304
518124,518133,520930,9,2797,2,18000,1.00321773329
518245,518255,520989,10,2734,2,18000,1.00365764448
518387,518396,521227,9,2831,2,18000,1.00317908866
518415,518424,521197,9,2773,2,18000,1.0032455824
518484,518494,521086,10,2592,2,18000,1.00385802469
518499,518505,521198,6,2693,2,18000,1.00222799851
518500,518511,521176,11,2665,2,18000,1.00412757974
518515,518522,521211,7,2689,2,18000,1.00260319821
518552,518562,521417,10,2855,2,18000,1.00350262697
518859,518868,521732,9,2864,2,18000,1.0031424581
518873,518880,521591,7,2711,2,18000,1.00258207304
519016,519025,521814,9,2789,2,18000,1.00322696307
519031,519038,521839,7,2801,2,18000,1.00249910746
519046,519055,521831,9,2776,2,18000,1.00324207493
519091,519101,521881,10,2780,2,18000,1.0035971223
519112,519121,521885,9,2764,2,18000,1.00325615051
519154,519164,521968,10,2804,2,18000,1.00356633381
519172,519182,521838,10,2656,2,18000,1.00376506024
519190,519199,521880,9,2681,2,18000,1.00335695636
519302,519311,522172,9,2861,2,18000,1.00314575323
519517,519527,522076,10,2549,2,18000,1.0039231071
519606,519612,519742,6,130,1,3660,1.04615384615
519622,519633,522256,11,2623,2,18000,1.00419367137
519760,519769,522644,9,2875,2,18000,1.00313043478
519790,519800,522600,10,2800,2,18000,1.00357142857
519805,519811,522450,6,2639,2,18000,1.00227358848
519819,519826,522613,7,2787,2,18000,1.00251166128
519841,519851,522686,10,2835,2,18000,1.00352733686
519907,519917,522467,10,2550,2,18000,1.00392156863
519922,519928,522615,6,2687,2,18000,1.00223297358
519937,519943,522650,6,2707,2,18000,1.0022164758
519970,519979,522794,9,2815,2,18000,1.00319715808
520027,520037,522765,10,2728,2,18000,1.00366568915
520072,520081,522873,9,2792,2,18000,1.0032234957
520128,520135,522834,7,2699,2,18000,1.00259355317
520167,520175,523045,8,2870,2,18000,1.00278745645
520194,520202,523049,8,2847,2,18000,1.00280997541
520312,520323,523075,11,2752,2,18000,1.00399709302
520803,520813,523491,10,2678,2,18000,1.00373412995
520863,520873,523662,10,2789,2,18000,1.00358551452
520903,520913,523671,10,2758,2,18000,1.00362581581
520931,520941,523638,10,2697,2,18000,1.00370782351
520991,521001,523767,10,2766,2,18000,1.00361532899
521088,521097,523894,9,2797,2,18000,1.00321773329
521178,521187,523872,9,2685,2,18000,1.00335195531
521199,521209,523946,10,2737,2,18000,1.00365363537
521201,521214,523873,13,2659,2,18000,1.00488905604
521216,521222,523896,6,2674,2,18000,1.00224382947
521231,521238,524014,7,2776,2,18000,1.00252161383
521419,521428,524275,9,2847,2,18000,1.00316122234
521591,521602,524414,11,2812,2,18000,1.00391180654
521734,521743,524535,9,2792,2,18000,1.0032234957
521815,521825,524458,10,2633,2,18000,1.00379794911
521833,521843,524540,10,2697,2,18000,1.00370782351
521848,521854,524679,6,2825,2,18000,1.00212389381
521849,521860,524534,11,2674,2,18000,1.00411368736
521883,521891,524666,8,2775,2,18000,1.00288288288
521884,521897,524679,13,2782,2,18000,1.0046728972
521899,521905,524725,6,2820,2,18000,1.00212765957
521971,521980,524795,9,2815,2,18000,1.00319715808
522077,522087,524844,10,2757,2,18000,1.00362713094
522174,522183,525052,9,2869,2,18000,1.00313698153
522259,522268,525116,9,2848,2,18000,1.00316011236
522452,522462,525125,10,2663,2,18000,1.00375516335
522467,522478,525282,11,2804,2,18000,1.00392296719
522601,522611,525472,10,2861,2,18000,1.00349528137
522616,522630,525360,14,2730,2,18000,1.00512820513
522617,522624,525371,7,2747,2,18000,1.00254823444
522647,522655,525436,8,2781,2,18000,1.00287666307
522662,522668,525470,6,2802,2,18000,1.00214132762
522690,522697,525504,7,2807,2,18000,1.00249376559
522765,522776,525537,11,2761,2,18000,1.00398406375
522795,522805,525567,10,2762,2,18000,1.00362056481
522835,522845,525628,10,2783,2,18000,1.0035932447
522874,522884,525686,10,2802,2,18000,1.00356887937
523044,523056,525856,12,2800,2,18000,1.00428571429
523059,523065,525854,6,2789,2,18000,1.00215130871
523077,523086,525735,9,2649,2,18000,1.00339750849
523489,523502,526161,13,2659,2,18000,1.00488905604
523640,523649,526246,9,2597,2,18000,1.00346553716
523664,523673,526521,9,2848,2,18000,1.00316011236
523679,523685,526487,6,2802,2,18000,1.00214132762
523770,523778,526596,8,2818,2,18000,1.00283889283
523873,523889,526704,16,2815,2,18000,1.00568383659
523875,523883,526671,8,2788,2,18000,1.00286944046
523896,523905,526696,9,2791,2,18000,1.00322465066
523911,523917,526552,6,2635,2,18000,1.00227703985
523944,523957,526704,13,2747,2,18000,1.00473243538
524017,524025,526806,8,2781,2,18000,1.00287666307
524277,524286,527061,9,2775,2,18000,1.00324324324
524416,524425,527246,9,2821,2,18000,1.00319035803
524459,524469,527287,10,2818,2,18000,1.00354861604
524538,524547,527371,9,2824,2,18000,1.00318696884
524539,524552,527319,13,2767,2,18000,1.00469822913
524554,524560,527270,6,2710,2,18000,1.00221402214
524669,524677,527434,8,2757,2,18000,1.00290170475
524684,524690,527560,6,2870,2,18000,1.00209059233
524685,524696,527581,11,2885,2,18000,1.00381282496
524728,524736,527576,8,2840,2,18000,1.00281690141
524797,524807,527531,10,2724,2,18000,1.00367107195
524846,524855,527731,9,2876,2,18000,1.00312934631
525053,525063,527787,10,2724,2,18000,1.00367107195
525119,525127,527905,8,2778,2,18000,1.00287976962
525134,525140,527929,6,2789,2,18000,1.00215130871
525285,525294,528054,9,2760,2,18000,1.00326086957
525361,525371,528219,10,2848,2,18000,1.00351123596
525376,525382,528219,6,2837,2,18000,1.00211491012
525439,525448,528261,9,2813,2,18000,1.00319943121
525472,525481,528152,9,2671,2,18000,1.00336952452
525474,525487,528300,13,2813,2,18000,1.00462140064
525507,525515,528325,8,2810,2,18000,1.00284697509
525540,525549,528218,9,2669,2,18000,1.00337204946
525570,525578,528354,8,2776,2,18000,1.00288184438
525631,525639,528474,8,2835,2,18000,1.00282186949
525688,525698,528470,10,2772,2,18000,1.00360750361
525736,525746,528413,10,2667,2,18000,1.00374953131
525855,525866,528637,11,2771,2,18000,1.00396968603
525870,525876,528529,6,2653,2,18000,1.00226159065
526164,526172,528966,8,2794,2,18000,1.00286327845
526248,526257,529074,9,2817,2,18000,1.00319488818
526487,526498,529305,11,2807,2,18000,1.00391877449
526523,526532,529200,9,2668,2,18000,1.00337331334
526554,526563,529318,9,2755,2,18000,1.00326678766
526599,526607,529465,8,2858,2,18000,1.00279916025
526674,526683,529439,9,2756,2,18000,1.00326560232
526698,526707,529494,9,2787,2,18000,1.00322927879
526714,526720,529552,6,2832,2,18000,1.00211864407
526715,526726,529567,11,2841,2,18000,1.0038718761
526809,526818,529597,9,2779,2,18000,1.00323857503
527064,527073,529849,9,2776,2,18000,1.00324207493
527248,527257,529944,9,2687,2,18000,1.00334946036
527272,527281,530074,9,2793,2,18000,1.00322234157
527290,527298,529970,8,2672,2,18000,1.00299401198
527320,527330,530126,10,2796,2,18000,1.00357653791
527371,527382,530221,11,2839,2,18000,1.00387460373
527435,527445,530234,10,2789,2,18000,1.00358551452
527532,527542,530221,10,2679,2,18000,1.0037327361
527562,527571,530353,9,2782,2,18000,1.00323508267
527577,527587,530372,10,2785,2,18000,1.00359066427
527592,527598,530397,6,2799,2,18000,1.00214362272
527734,527742,530543,8,2801,2,18000,1.00285612281
527788,527801,530391,13,2590,2,18000,1.00501930502
527906,527916,530628,10,2712,2,18000,1.00368731563
527930,527940,530797,10,2857,2,18000,1.00350017501
528057,528065,530732,8,2667,2,18000,1.00299962505
528154,528163,530976,9,2813,2,18000,1.00319943121
528221,528229,531020,8,2791,2,18000,1.00286635614
528222,528235,530885,13,2650,2,18000,1.00490566038
528223,528240,531021,17,2781,2,18000,1.00611290903
528262,528272,530997,10,2725,2,18000,1.00366972477
528302,528312,531139,10,2827,2,18000,1.00353731871
528329,528336,531181,7,2845,2,18000,1.00246045694
528356,528365,531091,9,2726,2,18000,1.00330154072
528413,528424,531197,11,2773,2,18000,1.00396682294
528474,528481,531266,7,2785,2,18000,1.00251346499
528475,528487,531342,12,2855,2,18000,1.00420315236
528530,528540,531328,10,2788,2,18000,1.00358680057
528638,528648,531472,10,2824,2,18000,1.00354107649
528969,528977,531850,8,2873,2,18000,1.00278454577
529075,529085,531784,10,2699,2,18000,1.00370507595
529202,529212,532042,10,2830,2,18000,1.0035335689
529309,529317,532051,8,2734,2,18000,1.00292611558
529324,529329,532121,5,2792,2,18000,1.00179083095
529442,529450,532204,8,2754,2,18000,1.00290486565
529466,529476,532217,10,2741,2,18000,1.00364830354
529496,529506,532347,10,2841,2,18000,1.00351988736
529553,529563,532296,10,2733,2,18000,1.0036589828
529568,529578,532283,10,2705,2,18000,1.00369685767
529599,529608,532344,9,2736,2,18000,1.00328947368
529853,529861,532616,8,2755,2,18000,1.00290381125
529947,529955,532818,8,2863,2,18000,1.00279427174
529971,529981,532764,10,2783,2,18000,1.0035932447
530077,530085,532923,8,2838,2,18000,1.00281888654
530128,530137,532996,9,2859,2,18000,1.00314795383
530222,530233,532892,11,2659,2,18000,1.00413689357
530224,530238,533057,14,2819,2,18000,1.00496630011
530239,530245,532867,6,2622,2,18000,1.00228832952
530356,530364,533128,8,2764,2,18000,1.00289435601
530374,530383,533190,9,2807,2,18000,1.00320627004
530392,530402,533034,10,2632,2,18000,1.0037993921
530407,530413,533234,6,2821,2,18000,1.00212690535
530543,530554,533376,11,2822,2,18000,1.00389794472
530631,530640,533455,9,2815,2,18000,1.00319715808
530734,530743,533538,9,2795,2,18000,1.00322003578
530800,530809,533421,9,2612,2,18000,1.00344563553
530888,530896,533601,8,2705,2,18000,1.00295748614
530979,530987,533574,8,2587,2,18000,1.003092385
531000,531009,533841,9,2832,2,18000,1.0031779661
531021,531031,533849,10,2818,2,18000,1.00354861604
531036,531042,533888,6,2846,2,18000,1.00210822207
531094,531102,533868,8,2766,2,18000,1.0028922632
531142,531150,534027,8,2877,2,18000,1.00278067431
531184,531192,534038,8,2846,2,18000,1.00281096275
531199,531208,533974,9,2766,2,18000,1.0032537961
531269,531277,534021,8,2744,2,18000,1.0029154519
531329,531339,534163,10,2824,2,18000,1.00354107649
531344,531353,534148,9,2795,2,18000,1.00322003578
531474,531483,534328,9,2845,2,18000,1.00316344464
531786,531795,534560,9,2765,2,18000,1.00325497288
531853,531861,534708,8,2847,2,18000,1.00280997541
532037,532053,534554,16,2501,2,18000,1.00639744102
532052,532062,534861,10,2799,2,18000,1.00357270454
532122,532132,534831,10,2699,2,18000,1.00370507595
532207,532215,534787,8,2572,2,18000,1.00311041991
532222,532228,534951,6,2723,2,18000,1.00220345207
532285,532294,534998,9,2704,2,18000,1.00332840237
532300,532308,535156,8,2848,2,18000,1.00280898876
532345,532355,535075,10,2720,2,18000,1.00367647059
532360,532366,535163,6,2797,2,18000,1.00214515552
532618,532628,535449,10,2821,2,18000,1.00354484225
532767,532776,535580,9,2804,2,18000,1.00320970043
532821,532829,535662,8,2833,2,18000,1.00282386163
532870,532878,535746,8,2868,2,18000,1.00278940028
532894,532903,535700,9,2797,2,18000,1.00321773329
532924,532935,535736,11,2801,2,18000,1.00392716887
532996,533007,535780,11,2773,2,18000,1.00396682294
533036,533045,535845,9,2800,2,18000,1.00321428571
533060,533069,535773,9,2704,2,18000,1.00332840237
533129,533139,535772,10,2633,2,18000,1.00379794911
533193,533202,535934,9,2732,2,18000,1.0032942899
533235,533245,536095,10,2850,2,18000,1.00350877193
533377,533387,536228,10,2841,2,18000,1.00351988736
533423,533432,536193,9,2761,2,18000,1.00325968852
533456,533466,536180,10,2714,2,18000,1.00368459838
533540,533549,536324,9,2775,2,18000,1.00324324324
533577,533585,536280,8,2695,2,18000,1.00296846011
533604,533612,536290,8,2678,2,18000,1.00298730396
533841,533852,536454,11,2602,2,18000,1.00422751729
533855,533861,536732,6,2871,2,18000,1.00208986416
533870,533880,536630,10,2750,2,18000,1.00363636364
533891,533900,536600,9,2700,2,18000,1.00333333333
533976,533986,536744,10,2758,2,18000,1.00362581581
534024,534032,536851,8,2819,2,18000,1.00283788578
534039,534046,536719,7,2673,2,18000,1.0026187804
534041,534052,536854,11,2802,2,18000,1.00392576731
534150,534159,536904,9,2745,2,18000,1.00327868852
534165,534174,536896,9,2722,2,18000,1.00330639236
534328,534339,537014,11,2675,2,18000,1.00411214953
534556,534565,537365,9,2800,2,18000,1.00321428571
534571,534577,537347,6,2770,2,18000,1.00216606498
534710,534719,537473,9,2754,2,18000,1.00326797386
534789,534798,537485,9,2687,2,18000,1.00334946036
534828,534843,537537,15,2694,2,18000,1.00556792873
534864,534872,537509,8,2637,2,18000,1.00303375047
534952,534962,537649,10,2687,2,18000,1.00372162263
535000,535009,537739,9,2730,2,18000,1.0032967033
535076,535086,537897,10,2811,2,18000,1.00355745286
535158,535167,537957,9,2790,2,18000,1.00322580645
535173,535179,537928,6,2749,2,18000,1.00218261186
535451,535461,538315,10,2854,2,18000,1.00350385424
535582,535591,538367,9,2776,2,18000,1.00324207493
535664,535673,538370,9,2697,2,18000,1.00333704116
535703,535712,538277,9,2565,2,18000,1.00350877193
535739,535747,538441,8,2694,2,18000,1.00296956199
535754,535760,538573,6,2813,2,18000,1.00213295414
535775,535784,538664,9,2880,2,18000,1.003125
535777,535789,538648,12,2859,2,18000,1.00419727177
535792,535798,538505,6,2707,2,18000,1.0022164758
535846,535856,538668,10,2812,2,18000,1.00355618777
535937,535945,538605,8,2660,2,18000,1.0030075188
536098,536106,538783,8,2677,2,18000,1.00298841987
536182,536192,538948,10,2756,2,18000,1.00362844702
536197,536204,538997,7,2793,2,18000,1.00250626566
536230,536239,539029,9,2790,2,18000,1.00322580645
536282,536291,539105,9,2814,2,18000,1.00319829424
536297,536303,538978,6,2675,2,18000,1.00224299065
536328,536336,539115,8,2779,2,18000,1.00287873336
536455,536465,539059,10,2594,2,18000,1.00385505012
536598,536611,539462,13,2851,2,18000,1.00455980358
536632,536641,539472,9,2831,2,18000,1.00317908866
536722,536730,539502,8,2772,2,18000,1.00288600289
536737,536743,539575,6,2832,2,18000,1.00211864407
536752,536758,539404,6,2646,2,18000,1.0022675737
536855,536862,539656,7,2794,2,18000,1.00250536865
536856,536868,539489,12,2621,2,18000,1.00457840519
536898,536908,539518,10,2610,2,18000,1.00383141762
536913,536919,539576,6,2657,2,18000,1.00225818592
537016,537026,539858,10,2832,2,18000,1.00353107345
537351,537358,540186,7,2828,2,18000,1.00247524752
537369,537377,540193,8,2816,2,18000,1.00284090909
537475,537484,540223,9,2739,2,18000,1.00328587076
537489,537496,540193,7,2697,2,18000,1.00259547646
537510,537520,540355,10,2835,2,18000,1.00352733686
537541,537549,540368,8,2819,2,18000,1.00283788578
537647,537660,540467,13,2807,2,18000,1.00463127895
537741,537750,540491,9,2741,2,18000,1.00328347318
537899,537908,540655,9,2747,2,18000,1.00327630142
537929,537939,540793,10,2854,2,18000,1.00350385424
537959,537968,540753,9,2785,2,18000,1.00323159785
538279,538289,541143,10,2854,2,18000,1.00350385424
538318,538326,541091,8,2765,2,18000,1.00289330922
538370,538378,541164,8,2786,2,18000,1.00287150036
538371,538384,541166,13,2782,2,18000,1.0046728972
538444,538452,541238,8,2786,2,18000,1.00287150036
538507,538516,541314,9,2798,2,18000,1.00321658327
538574,538584,541350,10,2766,2,18000,1.00361532899
538607,538616,541387,9,2771,2,18000,1.00324792494
538650,538659,541460,9,2801,2,18000,1.00321313816
538665,538675,541547,10,2872,2,18000,1.00348189415
538679,538686,541507,7,2821,2,18000,1.00248138958
538786,538795,541558,9,2763,2,18000,1.00325732899
538949,538959,541821,10,2862,2,18000,1.0034940601
538979,538989,541803,10,2814,2,18000,1.00355366027
539000,539008,541760,8,2752,2,18000,1.00290697674
539031,539040,541797,9,2757,2,18000,1.00326441785
539061,539070,541760,9,2690,2,18000,1.00334572491
539106,539116,541905,10,2789,2,18000,1.00358551452
539121,539127,541897,6,2770,2,18000,1.00216606498
539406,539415,542181,9,2766,2,18000,1.0032537961
539464,539473,542319,9,2846,2,18000,1.0031623331
539479,539485,542082,6,2597,2,18000,1.00231035811
539494,539500,542368,6,2868,2,18000,1.00209205021
539509,539515,542369,6,2854,2,18000,1.00210231254
539524,539530,542201,6,2671,2,18000,1.00224634968
539576,539586,542174,10,2588,2,18000,1.00386398764
539577,539591,542238,14,2647,2,18000,1.00528900642
539659,539668,542440,9,2772,2,18000,1.00324675325
539860,539869,542586,9,2717,2,18000,1.003312477
540189,540197,542889,8,2692,2,18000,1.0029717682
540204,540210,543018,6,2808,2,18000,1.00213675214
540205,540216,542979,11,2763,2,18000,1.00398117988
540226,540234,542999,8,2765,2,18000,1.00289330922
540356,540366,543132,10,2766,2,18000,1.00361532899
540371,540379,543100,8,2721,2,18000,1.00294009555
540468,540479,543176,11,2697,2,18000,1.00407860586
540492,540502,543286,10,2784,2,18000,1.00359195402
540656,540666,543550,10,2884,2,18000,1.00346740638
540756,540764,543563,8,2799,2,18000,1.00285816363
540795,540804,543607,9,2803,2,18000,1.00321084552
541092,541102,543833,10,2731,2,18000,1.00366166239
541146,541154,543743,8,2589,2,18000,1.00308999614
541167,541175,543899,8,2724,2,18000,1.00293685756
541168,541181,543993,13,2812,2,18000,1.0046230441
541241,541249,543949,8,2700,2,18000,1.00296296296
541317,541325,544221,8,2896,2,18000,1.00276243094
541353,541361,544203,8,2842,2,18000,1.00281491907
541389,541398,544177,9,2779,2,18000,1.00323857503
541462,541471,544295,9,2824,2,18000,1.00318696884
541510,541518,544407,8,2889,2,18000,1.00276912426
541549,541559,544370,10,2811,2,18000,1.00355745286
541564,541569,544159,5,2590,2,18000,1.00193050193
541722,541729,541733,7,4,2,86400,1.1
541761,541771,544425,10,2654,2,18000,1.00376789751
541762,541776,544520,14,2744,2,18000,1.00510204082
541799,541808,544672,9,2864,2,18000,1.0031424581
541814,541820,544553,6,2733,2,18000,1.00219538968
541829,541835,544632,6,2797,2,18000,1.00214515552
541898,541908,544728,10,2820,2,18000,1.00354609929
541913,541919,544657,6,2738,2,18000,1.00219138057
542083,542093,544878,10,2785,2,18000,1.00359066427
542177,542185,544739,8,2554,2,18000,1.00313234143
542192,542198,544936,6,2738,2,18000,1.00219138057
542207,542213,545034,6,2821,2,18000,1.00212690535
542240,542249,545084,9,2835,2,18000,1.00317460317
542322,542330,545015,8,2685,2,18000,1.00297951583
542371,542379,545230,8,2851,2,18000,1.00280603297
542372,542385,545140,13,2755,2,18000,1.00471869328
542442,542452,545279,10,2827,2,18000,1.00353731871
542587,542597,545348,10,2751,2,18000,1.0036350418
542891,542900,545701,9,2801,2,18000,1.00321313816
542982,542990,545782,8,2792,2,18000,1.00286532951
543000,543010,545808,10,2798,2,18000,1.00357398142
543021,543029,545774,8,2745,2,18000,1.0029143898
543103,543111,545779,8,2668,2,18000,1.00299850075
543133,543143,545893,10,2750,2,18000,1.00363636364
543178,543187,545974,9,2787,2,18000,1.00322927879
543287,543297,546188,10,2891,2,18000,1.00345901072
543551,543561,546298,10,2737,2,18000,1.00365363537
543566,543574,546384,8,2810,2,18000,1.00284697509
543608,543619,546417,11,2798,2,18000,1.00393137956
543742,543754,546393,12,2639,2,18000,1.00454717696
543836,543844,546681,8,2837,2,18000,1.00281988016
543902,543910,546688,8,2778,2,18000,1.00287976962
543950,543961,546660,11,2699,2,18000,1.00407558355
543995,544005,546609,10,2604,2,18000,1.00384024578
544160,544170,546945,10,2775,2,18000,1.0036036036
544179,544188,546900,9,2712,2,18000,1.00331858407
544206,544214,546997,8,2783,2,18000,1.00287459576
544224,544232,547055,8,2823,2,18000,1.00283386468
544297,544306,547162,9,2856,2,18000,1.0031512605
544373,544381,547055,8,2674,2,18000,1.00299177263
544409,544418,547229,9,2811,2,18000,1.00320170758
544427,544436,547078,9,2642,2,18000,1.00340651022
544524,544532,547383,8,2851,2,18000,1.00280603297
544554,544564,547376,10,2812,2,18000,1.00355618777
544636,544644,547276,8,2632,2,18000,1.00303951368
544660,544668,547464,8,2796,2,18000,1.00286123033
544675,544683,547528,8,2845,2,18000,1.00281195079
544730,544739,547558,9,2819,2,18000,1.0031926215
544745,544750,547537,5,2787,2,18000,1.00179404377
544878,544889,547689,11,2800,2,18000,1.00392857143
544939,544947,547679,8,2732,2,18000,1.00292825769
545015,545026,547751,11,2725,2,18000,1.00403669725
545036,545045,547761,9,2716,2,18000,1.00331369661
545085,545095,547886,10,2791,2,18000,1.00358294518
545143,545152,547915,9,2763,2,18000,1.00325732899
545231,545241,548076,10,2835,2,18000,1.00352733686
545280,545290,548177,10,2887,2,18000,1.00346380326
545350,545360,548135,10,2775,2,18000,1.0036036036
545703,545712,548488,9,2776,2,18000,1.00324207493
545776,545786,548648,10,2862,2,18000,1.0034940601
545791,545797,548617,6,2820,2,18000,1.00212765957
545793,545803,548648,10,2845,2,18000,1.00351493849
545811,545819,548609,8,2790,2,18000,1.00286738351
545896,545904,548773,8,2869,2,18000,1.00278842802
545978,545985,548789,7,2804,2,18000,1.00249643367
546190,546199,548972,9,2773,2,18000,1.0032455824
546299,546309,549103,10,2794,2,18000,1.00357909807
546387,546395,549161,8,2766,2,18000,1.0028922632
546402,546408,549216,6,2808,2,18000,1.00213675214
546420,546428,549045,8,2617,2,18000,1.00305693542
546611,546620,549384,9,2764,2,18000,1.00325615051
546663,546671,549457,8,2786,2,18000,1.00287150036
546684,546692,549586,8,2894,2,18000,1.00276434001
546699,546705,549365,6,2660,2,18000,1.0022556391
546903,546911,549680,8,2769,2,18000,1.00288912965
546945,546956,549741,11,2785,2,18000,1.0039497307
547000,547008,549784,8,2776,2,18000,1.00288184438
547057,547066,549873,9,2807,2,18000,1.00320627004
547058,547071,549829,13,2758,2,18000,1.00471356055
547079,547090,549890,11,2800,2,18000,1.00392857143
547164,547173,549873,9,2700,2,18000,1.00333333333
547231,547240,550043,9,2803,2,18000,1.00321084552
547279,547288,550082,9,2794,2,18000,1.00322118826
547379,547388,550179,9,2791,2,18000,1.00322465066
547394,547400,550235,6,2835,2,18000,1.00211640212
547466,547475,550248,9,2773,2,18000,1.0032455824
547530,547539,550375,9,2836,2,18000,1.00317348378
547545,547551,550359,6,2808,2,18000,1.00213675214
547560,547569,550406,9,2837,2,18000,1.00317236517
547681,547690,550440,9,2750,2,18000,1.00327272727
547696,547702,550476,6,2774,2,18000,1.0021629416
547753,547762,550572,9,2810,2,18000,1.00320284698
547768,547775,550557,7,2782,2,18000,1.00251617541
547887,547897,550571,10,2674,2,18000,1.00373971578
547918,547926,550658,8,2732,2,18000,1.00292825769
548079,548087,550858,8,2771,2,18000,1.00288704439
548137,548146,550959,9,2813,2,18000,1.00319943121
548179,548188,550921,9,2733,2,18000,1.00329308452
548490,548499,551166,9,2667,2,18000,1.00337457818
548611,548620,551406,9,2786,2,18000,1.0032304379
548626,548632,551476,6,2844,2,18000,1.00210970464
548651,548720,551603,69,2883,2,18000,1.02393340271
548652,548725,551542,73,2817,2,18000,1.02591409301
548776,548785,551571,9,2786,2,18000,1.0032304379
548791,548801,551495,10,2694,2,18000,1.00371195249
548973,548983,551761,10,2778,2,18000,1.00359971202
549046,549056,551948,10,2892,2,18000,1.00345781466
549104,549114,551949,10,2835,2,18000,1.00352733686
549164,549172,551883,8,2711,2,18000,1.00295094061
549219,549227,552042,8,2815,2,18000,1.00284191829
549368,549376,552029,8,2653,2,18000,1.0030154542
549386,549396,552273,10,2877,2,18000,1.00347584289
549459,549468,552303,9,2835,2,18000,1.00317460317
549586,549597,552352,11,2755,2,18000,1.00399274047
549681,549691,552323,10,2632,2,18000,1.0037993921
549742,549752,552599,10,2847,2,18000,1.00351246927
549787,549795,552614,8,2819,2,18000,1.00283788578
549830,549840,552628,10,2788,2,18000,1.00358680057
549876,549884,552629,8,2745,2,18000,1.0029143898
549877,549889,552622,12,2733,2,18000,1.00439077936
549892,549901,552732,9,2831,2,18000,1.00317908866
550043,550054,552856,11,2802,2,18000,1.00392576731
550083,550093,552798,10,2705,2,18000,1.00369685767
550181,550190,553020,9,2830,2,18000,1.00318021201
550236,550246,552922,10,2676,2,18000,1.00373692078
550251,550259,553064,8,2805,2,18000,1.00285204991
550360,550370,553189,10,2819,2,18000,1.00354735722
550378,550386,553197,8,2811,2,18000,1.00284596229
550408,550417,553094,9,2677,2,18000,1.00336197236
550441,550451,553053,10,2602,2,18000,1.00384319754
550478,550488,553234,10,2746,2,18000,1.0036416606
550560,550568,553363,8,2795,2,18000,1.00286225403
550575,550582,553367,7,2785,2,18000,1.00251346499
550576,550588,553264,12,2676,2,18000,1.00448430493
550661,550669,553528,8,2859,2,18000,1.00279818118
550858,550869,553667,11,2798,2,18000,1.00393137956
550922,550932,553758,10,2826,2,18000,1.00353857042
550962,550970,553742,8,2772,2,18000,1.00288600289
551168,551177,553876,9,2699,2,18000,1.00333456836
551409,551417,554284,8,2867,2,18000,1.00279037321
551479,551487,554289,8,2802,2,18000,1.0028551035
551497,551507,554234,10,2727,2,18000,1.00366703337
551545,551554,554425,9,2871,2,18000,1.00313479624
551572,551582,554410,10,2828,2,18000,1.00353606789
551605,551614,554465,9,2851,2,18000,1.00315678709
551764,551773,554635,9,2862,2,18000,1.00314465409
551886,551894,554687,8,2793,2,18000,1.00286430362
551950,551959,554773,9,2814,2,18000,1.00319829424
551952,551965,554746,13,2781,2,18000,1.00467457749
552031,552040,554773,9,2733,2,18000,1.00329308452
552046,552053,554886,7,2833,2,18000,1.00247087893
552274,552284,554950,10,2666,2,18000,1.00375093773
552304,552314,555001,10,2687,2,18000,1.00372162263
552325,552334,555188,9,2854,2,18000,1.00315346882
552352,552363,555130,11,2767,2,18000,1.00397542465
552601,552610,555493,9,2883,2,18000,1.00312174818
552616,552626,555319,10,2693,2,18000,1.00371333086
552632,552638,555424,6,2786,2,18000,1.00215362527
552633,552644,555429,11,2785,2,18000,1.0039497307
552635,552649,555462,14,2813,2,18000,1.004976893
552733,552743,555549,10,2806,2,18000,1.00356379187
552800,552809,555626,9,2817,2,18000,1.00319488818
552858,552867,555691,9,2824,2,18000,1.00318696884
552923,552933,555640,10,2707,2,18000,1.00369412634
553021,553031,555750,10,2719,2,18000,1.00367782273
553055,553064,555756,9,2692,2,18000,1.00334323923
553070,553077,555873,7,2796,2,18000,1.00250357654
553095,553105,555770,10,2665,2,18000,1.00375234522
553190,553200,555957,10,2757,2,18000,1.00362713094
553206,553212,555976,6,2764,2,18000,1.002170767
553237,553246,556064,9,2818,2,18000,1.00319375444
553265,553275,555934,10,2659,2,18000,1.00376081234
553364,553374,556154,10,2780,2,18000,1.0035971223
553380,553386,556030,6,2644,2,18000,1.00226928896
553536,553542,556177,6,2635,2,18000,1.00227703985
553670,553678,556507,8,2829,2,18000,1.00282785437
553743,553753,556524,10,2771,2,18000,1.00360880549
553761,553769,556550,8,2781,2,18000,1.00287666307
553879,553887,556654,8,2767,2,18000,1.00289121793
554236,554246,556939,10,2693,2,18000,1.00371333086
554285,554295,557088,10,2793,2,18000,1.00358037952
554299,554306,557026,7,2720,2,18000,1.00257352941
554411,554421,557194,10,2773,2,18000,1.00360620267
554429,554437,557051,8,2614,2,18000,1.00306044376
554465,554476,557330,11,2854,2,18000,1.00385423966
554636,554646,557438,10,2792,2,18000,1.00358166189
554688,554698,557492,10,2794,2,18000,1.00357909807
554749,554757,557598,8,2841,2,18000,1.00281590989
554776,554783,557349,7,2566,2,18000,1.00272798129
554777,554789,557688,12,2899,2,18000,1.0041393584
554887,554897,557706,10,2809,2,18000,1.00355998576
554950,554961,557728,11,2767,2,18000,1.00397542465
555002,555012,557755,10,2743,2,18000,1.00364564346
555133,555142,557876,9,2734,2,18000,1.00329188003
555191,555199,557896,8,2697,2,18000,1.00296625881
555321,555330,558188,9,2858,2,18000,1.00314905528
555427,555436,558214,9,2778,2,18000,1.00323974082
555442,555449,558186,7,2737,2,18000,1.00255754476
555463,555474,558296,11,2822,2,18000,1.00389794472
555496,555505,558100,9,2595,2,18000,1.00346820809
555551,555560,558247,9,2687,2,18000,1.00334946036
555626,555637,558400,11,2763,2,18000,1.00398117988
555641,555651,558560,10,2909,2,18000,1.00343760743
555693,555702,558422,9,2720,2,18000,1.00330882353
555754,555761,558314,7,2553,2,18000,1.00274187231
555768,555774,558557,6,2783,2,18000,1.00215594682
555783,555789,558563,6,2774,2,18000,1.0021629416
555875,555884,558653,9,2769,2,18000,1.00325027086
555936,555945,558746,9,2801,2,18000,1.00321313816
555960,555968,558837,8,2869,2,18000,1.00278842802
555978,555987,558761,9,2774,2,18000,1.0032444124
556032,556042,558803,10,2761,2,18000,1.00362187613
556066,556076,558797,10,2721,2,18000,1.00367511944
556156,556165,558918,9,2753,2,18000,1.00326916092
556180,556188,559012,8,2824,2,18000,1.00283286119
556510,556518,559242,8,2724,2,18000,1.00293685756
556525,556536,559344,11,2808,2,18000,1.00391737892
556552,556561,559464,9,2903,2,18000,1.00310024113
556655,556666,559447,11,2781,2,18000,1.00395541172
556941,556951,559775,10,2824,2,18000,1.00354107649
557026,557037,559838,11,2801,2,18000,1.00392716887
557054,557062,559824,8,2762,2,18000,1.00289645185
557090,557099,559891,9,2792,2,18000,1.0032234957
557196,557205,560055,9,2850,2,18000,1.00315789474
557333,557341,560112,8,2771,2,18000,1.00288704439
557350,557360,560150,10,2790,2,18000,1.00358422939
557441,557449,560220,8,2771,2,18000,1.00288704439
557492,557503,560348,11,2845,2,18000,1.00386643234
557599,557609,560392,10,2783,2,18000,1.0035932447
557690,557699,560516,9,2817,2,18000,1.00319488818
557708,557718,560585,10,2867,2,18000,1.00348796652
557732,557740,560515,8,2775,2,18000,1.00288288288
557756,557766,560580,10,2814,2,18000,1.00355366027
557877,557888,560718,11,2830,2,18000,1.0038869258
557898,557907,560621,9,2714,2,18000,1.00331613854
558102,558111,560884,9,2773,2,18000,1.0032455824
558187,558197,560738,10,2541,2,18000,1.00393545848
558202,558208,561010,6,2802,2,18000,1.00214132762
558217,558225,561023,8,2798,2,18000,1.00285918513
558247,558258,560948,11,2690,2,18000,1.00408921933
558299,558308,561050,9,2742,2,18000,1.00328227571
558317,558325,561007,8,2682,2,18000,1.00298284862
558402,558411,561137,9,2726,2,18000,1.00330154072
558426,558434,561236,8,2802,2,18000,1.0028551035
558560,558567,561100,7,2533,2,18000,1.00276352152
558561,558573,561423,12,2850,2,18000,1.00421052632
558576,558583,561433,7,2850,2,18000,1.00245614035
558656,558665,561454,9,2789,2,18000,1.00322696307
558747,558757,561541,10,2784,2,18000,1.00359195402
558762,558772,561542,10,2770,2,18000,1.0036101083
558798,558808,561490,10,2682,2,18000,1.00372856078
558813,558819,561533,6,2714,2,18000,1.00221075903
558837,558848,561650,11,2802,2,18000,1.00392576731
558920,558930,561720,10,2790,2,18000,1.00358422939
559015,559023,561808,8,2785,2,18000,1.00287253142
559243,559253,562025,10,2772,2,18000,1.00360750361
559346,559355,562146,9,2791,2,18000,1.00322465066
559449,559458,562261,9,2803,2,18000,1.00321084552
559467,559476,562226,9,2750,2,18000,1.00327272727
559777,559786,562581,9,2795,2,18000,1.00322003578
559826,559836,562644,10,2808,2,18000,1.00356125356
559841,559849,562509,8,2660,2,18000,1.0030075188
559893,559902,562637,9,2735,2,18000,1.00329067642
560058,560067,562883,9,2816,2,18000,1.00319602273
560113,560123,562811,10,2688,2,18000,1.0037202381
560152,560161,562966,9,2805,2,18000,1.00320855615
560223,560231,562952,8,2721,2,18000,1.00294009555
560350,560360,563194,10,2834,2,18000,1.00352858151
560392,560403,563163,11,2760,2,18000,1.00398550725
560517,560527,563292,10,2765,2,18000,1.00361663653
560518,560532,563217,14,2685,2,18000,1.0052141527
560583,560591,563263,8,2672,2,18000,1.00299401198
560597,560603,563269,6,2666,2,18000,1.00225056264
560625,560632,563436,7,2804,2,18000,1.00249643367
560719,560729,563501,10,2772,2,18000,1.00360750361
560740,560749,563524,9,2775,2,18000,1.00324324324
560885,560895,563748,10,2853,2,18000,1.00350508237
560949,560959,563640,10,2681,2,18000,1.00372995151
561010,561018,563885,8,2867,2,18000,1.00279037321
561011,561024,563831,13,2807,2,18000,1.00463127895
561026,561034,563790,8,2756,2,18000,1.00290275762
561054,561062,563879,8,2817,2,18000,1.0028399006
561102,561111,563885,9,2774,2,18000,1.0032444124
561138,561148,564024,10,2876,2,18000,1.00347705146
561238,561247,564024,9,2777,2,18000,1.00324090745
561426,561435,564129,9,2694,2,18000,1.00334075724
561441,561447,564208,6,2761,2,18000,1.00217312568
561443,561453,565491,10,4038,16,36000,1.0024764735
561456,561465,564129,9,2664,2,18000,1.00337837838
561492,561501,564345,9,2844,2,18000,1.00316455696
561535,561544,564233,9,2689,2,18000,1.00334696913
561550,561556,564329,6,2773,2,18000,1.0021637216
561551,561562,564322,11,2760,2,18000,1.00398550725
561651,561661,564332,10,2671,2,18000,1.00374391614
561721,561731,564514,10,2783,2,18000,1.0035932447
561809,561820,564481,11,2661,2,18000,1.00413378429
562028,562037,564832,9,2795,2,18000,1.00322003578
562147,562158,564998,11,2840,2,18000,1.00387323944
562229,562238,564878,9,2640,2,18000,1.00340909091
562262,562273,564997,11,2724,2,18000,1.00403817915
562508,562520,565234,12,2714,2,18000,1.00442151805
562583,562593,565389,10,2796,2,18000,1.00357653791
562637,562648,565491,11,2843,2,18000,1.0038691523
562653,562659,565479,6,2820,2,18000,1.00212765957
562813,562822,565636,9,2814,2,18000,1.00319829424
562886,562894,565712,8,2818,2,18000,1.00283889283
562952,562963,565786,11,2823,2,18000,1.00389656394
562967,562978,565646,11,2668,2,18000,1.00412293853
563164,563174,565963,10,2789,2,18000,1.00358551452
563197,563205,566024,8,2819,2,18000,1.00283788578
563218,563229,566071,11,2842,2,18000,1.00387051372
563263,563274,566089,11,2815,2,18000,1.00390763766
563278,563284,566019,6,2735,2,18000,1.00219378428
563293,563303,566084,10,2781,2,18000,1.00359582884
563374,563380,723700,6,160320,12,345600,1.00003742515
563434,563440,644941,6,81501,5,540000,1.00007361873
563439,563447,566248,8,2801,2,18000,1.00285612281
563502,563512,566370,10,2858,2,18000,1.00349895031
563527,563535,566300,8,2765,2,18000,1.00289330922
563642,563651,566448,9,2797,2,18000,1.00321773329
563649,563731,570947,82,7216,1,7200,1.01136363636
563649,563742,567899,93,4157,1,7200,1.02237190281
563649,563747,568015,98,4268,1,7200,1.02296157451
563649,563662,568229,13,4567,1,7200,1.00284650755
563649,563720,568338,71,4618,1,7200,1.01537462105
563649,563710,570941,61,7231,1,7200,1.00843590098
563649,563699,570909,50,7210,1,7200,1.00693481276
563649,563683,568880,34,5197,1,7200,1.00654223591
563649,563689,569974,40,6285,1,7200,1.00636435959
563649,563757,569953,108,6196,1,7200,1.01743060039
563649,563736,567793,87,4057,1,7200,1.02144441706
563649,563752,569504,103,5752,1,7200,1.01790681502
563649,563678,569470,29,5792,1,7200,1.00500690608
563649,563694,569062,45,5368,1,7200,1.00838301043
563649,563726,568714,77,4988,1,7200,1.01543704892
563649,563705,569365,56,5660,1,7200,1.00989399293
563649,563673,569232,24,5559,1,7200,1.00431732326
563649,563668,566530,19,2862,1,7200,1.00663871419
563649,563715,566933,66,3218,1,7200,1.02050963331
563649,563657,566123,8,2466,1,7200,1.00324412003
563751,563764,566503,13,2739,2,18000,1.00474625776
563793,563801,566650,8,2849,2,18000,1.00280800281
563832,563842,566476,10,2634,2,18000,1.00379650721
563880,563896,566632,16,2736,2,18000,1.00584795322
563882,563890,566674,8,2784,2,18000,1.00287356322
563896,563902,566581,6,2679,2,18000,1.00223964166
564027,564035,566706,8,2671,2,18000,1.00299513291
564028,564040,566868,12,2828,2,18000,1.00424328147
564131,564140,566957,9,2817,2,18000,1.00319488818
564132,564145,566999,13,2854,2,18000,1.00455501051
564211,564219,566884,8,2665,2,18000,1.00300187617
564235,564244,567043,9,2799,2,18000,1.00321543408
564326,564334,567221,8,2887,2,18000,1.0027710426
564341,564347,567039,6,2692,2,18000,1.00222882615
564342,564353,567024,11,2671,2,18000,1.00411830775
564357,564363,567228,6,2865,2,18000,1.00209424084
564484,564492,567281,8,2789,2,18000,1.00286841162
564515,564525,567343,10,2818,2,18000,1.00354861604
564834,564844,567637,10,2793,2,18000,1.00358037952
564880,564889,567703,9,2814,2,18000,1.00319829424
564998,565014,567864,16,2850,2,18000,1.00561403509
565000,565008,567687,8,2679,2,18000,1.00298618888
565237,565245,568074,8,2829,2,18000,1.00282785437
565391,565400,568201,9,2801,2,18000,1.00321313816
565480,565490,568193,10,2703,2,18000,1.00369959304
565494,565503,568320,9,2817,2,18000,1.00319488818
565497,565508,589336,11,23828,16,36000,1.00046164177
565640,565648,568426,8,2778,2,18000,1.00287976962
565654,565661,568489,7,2828,2,18000,1.00247524752
565715,565723,568467,8,2744,2,18000,1.0029154519
565788,565798,568607,10,2809,2,18000,1.00355998576
565964,565974,568750,10,2776,2,18000,1.00360230548
566021,566030,568694,9,2664,2,18000,1.00337837838
566036,566042,568842,6,2800,2,18000,1.00214285714
566072,566082,568752,10,2670,2,18000,1.00374531835
566087,566096,568904,9,2808,2,18000,1.00320512821
566102,566108,568900,6,2792,2,18000,1.00214899713
566244,566259,569067,15,2808,2,18000,1.00534188034
566302,566311,569124,9,2813,2,18000,1.00319943121
566371,566381,569211,10,2830,2,18000,1.0035335689
566450,566459,569355,9,2896,2,18000,1.00310773481
566477,566487,569304,10,2817,2,18000,1.00354987575
566504,566515,569333,11,2818,2,18000,1.00390347764
566580,566592,569378,12,2786,2,18000,1.00430725054
566634,566643,569415,9,2772,2,18000,1.00324675325
566652,566661,569388,9,2727,2,18000,1.00330033003
566676,566685,569426,9,2741,2,18000,1.00328347318
566707,566717,569557,10,2840,2,18000,1.00352112676
566870,566879,569713,9,2834,2,18000,1.00317572336
566885,566895,569642,10,2747,2,18000,1.00364033491
566958,566969,569625,11,2656,2,18000,1.00414156627
567000,567010,569723,10,2713,2,18000,1.00368595651
567025,567035,569910,10,2875,2,18000,1.00347826087
567040,567050,569830,10,2780,2,18000,1.0035971223
567055,567061,569854,6,2793,2,18000,1.00214822771
567222,567232,570008,10,2776,2,18000,1.00360230548
567237,567243,569952,6,2709,2,18000,1.00221483942
567282,567293,570127,11,2834,2,18000,1.00388143966
567346,567355,570211,9,2856,2,18000,1.0031512605
567638,567648,570331,10,2683,2,18000,1.00372717108
567689,567699,570502,10,2803,2,18000,1.00356760614
567704,567714,570562,10,2848,2,18000,1.00351123596
567865,567875,570596,10,2721,2,18000,1.00367511944
568075,568085,570865,10,2780,2,18000,1.0035971223
568193,568204,570996,11,2792,2,18000,1.00393982808
568208,568214,570997,6,2783,2,18000,1.00215594682
568321,568331,571183,10,2852,2,18000,1.00350631136
568427,568437,571131,10,2694,2,18000,1.00371195249
568469,568478,571289,9,2811,2,18000,1.00320170758
568490,568500,571278,10,2778,2,18000,1.00359971202
568609,568618,571450,9,2832,2,18000,1.0031779661
568697,568705,571486,8,2781,2,18000,1.00287666307
568751,568761,571570,10,2809,2,18000,1.00355998576
568766,568772,571582,6,2810,2,18000,1.00213523132
568845,568853,571625,8,2772,2,18000,1.00288600289
568902,568911,571715,9,2804,2,18000,1.00320970043
568917,568923,571684,6,2761,2,18000,1.00217312568
569069,569079,571905,10,2826,2,18000,1.00353857042
569127,569135,571962,8,2827,2,18000,1.00282985497
569212,569222,571827,10,2605,2,18000,1.00383877159
569306,569315,572143,9,2828,2,18000,1.0031824611
569336,569345,572056,9,2711,2,18000,1.00331980819
569357,569366,572157,9,2791,2,18000,1.00322465066
569381,569389,572187,8,2798,2,18000,1.00285918513
569396,569402,572137,6,2735,2,18000,1.00219378428
569417,569426,572270,9,2844,2,18000,1.00316455696
569432,569439,572212,7,2773,2,18000,1.00252434187
569560,569568,572355,8,2787,2,18000,1.00287047004
569626,569636,572290,10,2654,2,18000,1.00376789751
569644,569653,572453,9,2800,2,18000,1.00321428571
569714,569724,572507,10,2783,2,18000,1.0035932447
569729,569734,572549,5,2815,2,18000,1.00177619893
569832,569841,572543,9,2702,2,18000,1.00333086603
569856,569865,572665,9,2800,2,18000,1.00321428571
569910,569921,572716,11,2795,2,18000,1.00393559928
569955,569963,572747,8,2784,2,18000,1.00287356322
570010,570019,572798,9,2779,2,18000,1.00323857503
570128,570138,572777,10,2639,2,18000,1.00378931413
570213,570222,572958,9,2736,2,18000,1.00328947368
570332,570342,573102,10,2760,2,18000,1.00362318841
570504,570513,573276,9,2763,2,18000,1.00325732899
570565,570573,573175,8,2602,2,18000,1.00307455803
570598,570607,573264,9,2657,2,18000,1.00338727889
570761,570767,1022138,6,451371,6,504000,1.00001329283
570867,570876,573561,9,2685,2,18000,1.00335195531
570998,571007,573727,9,2720,2,18000,1.00330882353
571000,571012,573791,12,2779,2,18000,1.00431810004
571134,571142,573978,8,2836,2,18000,1.00282087447
571186,571195,573985,9,2790,2,18000,1.00322580645
571280,571289,574074,9,2785,2,18000,1.00323159785
571295,571301,574106,6,2805,2,18000,1.00213903743
571454,571462,574106,8,2644,2,18000,1.00302571861
571487,571497,574165,10,2668,2,18000,1.00374812594
571572,571581,574323,9,2742,2,18000,1.00328227571
571587,571593,574253,6,2660,2,18000,1.0022556391
571627,571636,574468,9,2832,2,18000,1.0031779661
571684,571695,574424,11,2729,2,18000,1.00403078051
571718,571726,574418,8,2692,2,18000,1.0029717682
571830,571839,574645,9,2806,2,18000,1.00320741269
571906,571916,574679,10,2763,2,18000,1.00361925443
571964,571973,574802,9,2829,2,18000,1.00318133616
572058,572067,574925,9,2858,2,18000,1.00314905528
572137,572148,574959,11,2811,2,18000,1.00391319815
572152,572158,574828,6,2670,2,18000,1.00224719101
572167,572173,574942,6,2769,2,18000,1.00216684724
572188,572198,575013,10,2815,2,18000,1.00355239787
572212,572223,575003,11,2780,2,18000,1.00395683453
572273,572281,574814,8,2533,2,18000,1.0031583103
572292,572301,575095,9,2794,2,18000,1.00322118826
572356,572366,575226,10,2860,2,18000,1.0034965035
572456,572464,575141,8,2677,2,18000,1.00298841987
572511,572519,575348,8,2829,2,18000,1.00282785437
572545,572554,575339,9,2785,2,18000,1.00323159785
572560,572566,575280,6,2714,2,18000,1.00221075903
572666,572676,575481,10,2805,2,18000,1.00356506239
572718,572727,575514,9,2787,2,18000,1.00322927879
572748,572758,575428,10,2670,2,18000,1.00374531835
572779,572788,575510,9,2722,2,18000,1.00330639236
572800,572809,575491,9,2682,2,18000,1.0033557047
572960,572969,575638,9,2669,2,18000,1.00337204946
573103,573114,575924,11,2810,2,18000,1.00391459075
573177,573187,575774,10,2587,2,18000,1.00386548125
573265,573275,575979,10,2704,2,18000,1.00369822485
573280,573287,576071,7,2784,2,18000,1.00251436782
573563,573572,576348,9,2776,2,18000,1.00324207493
573729,573735,573738,6,3,4,129600,1.0
573730,573741,576524,11,2783,2,18000,1.00395256917
573794,573803,576530,9,2727,2,18000,1.00330033003
573981,573990,576746,9,2756,2,18000,1.00326560232
573996,574002,576812,6,2810,2,18000,1.00213523132
574075,574085,576771,10,2686,2,18000,1.00372300819
574108,574117,576898,9,2781,2,18000,1.00323624595
574110,574122,576890,12,2768,2,18000,1.00433526012
574168,574176,576961,8,2785,2,18000,1.00287253142
574256,574264,577046,8,2782,2,18000,1.00287562904
574325,574334,577190,9,2856,2,18000,1.0031512605
574420,574429,577217,9,2788,2,18000,1.00322812052
574435,574441,577234,6,2793,2,18000,1.00214822771
574469,574480,577130,11,2650,2,18000,1.0041509434
574646,574656,577527,10,2871,2,18000,1.00348310693
574682,574691,577475,9,2784,2,18000,1.00323275862
574814,574820,577566,6,2746,2,18000,1.00218499636
574815,574826,577636,11,2810,2,18000,1.00391459075
574831,574839,577604,8,2765,2,18000,1.00289330922
574929,574937,577767,8,2830,2,18000,1.00282685512
574944,574953,577738,9,2785,2,18000,1.00323159785
574962,574970,577730,8,2760,2,18000,1.00289855072
575006,575015,577850,9,2835,2,18000,1.00317460317
575022,575028,577809,6,2781,2,18000,1.0021574973
575099,575107,577911,8,2804,2,18000,1.00285306705
575143,575153,577978,10,2825,2,18000,1.00353982301
575230,575238,578031,8,2793,2,18000,1.00286430362
575285,575292,578128,7,2836,2,18000,1.00246826516
575340,575350,578064,10,2714,2,18000,1.00368459838
575355,575361,577996,6,2635,2,18000,1.00227703985
575430,575440,578281,10,2841,2,18000,1.00351988736
575482,575492,578319,10,2827,2,18000,1.00353731871
575497,575502,578319,5,2817,2,18000,1.00177493788
575512,575521,578274,9,2753,2,18000,1.00326916092
575526,575533,578306,7,2773,2,18000,1.00252434187
575641,575649,578300,8,2651,2,18000,1.00301772916
575776,575785,578565,9,2780,2,18000,1.00323741007
575926,575935,578791,9,2856,2,18000,1.0031512605
575980,575990,578795,10,2805,2,18000,1.00356506239
576072,576082,578896,10,2814,2,18000,1.00355366027
576350,576359,579178,9,2819,2,18000,1.0031926215
576526,576536,579331,10,2795,2,18000,1.00357781753
576540,576547,579117,7,2570,2,18000,1.00272373541
576747,576757,579357,10,2600,2,18000,1.00384615385
576774,576782,579519,8,2737,2,18000,1.00292290829
576814,576823,579640,9,2817,2,18000,1.00319488818
576892,576901,579707,9,2806,2,18000,1.00320741269
576907,576914,579792,7,2878,2,18000,1.00243224461
576962,576972,579776,10,2804,2,18000,1.00356633381
577041,577057,579805,16,2748,2,18000,1.0058224163
577133,577141,579843,8,2702,2,18000,1.0029607698
577193,577201,579986,8,2785,2,18000,1.00287253142
577220,577228,580022,8,2794,2,18000,1.00286327845
577235,577245,580054,10,2809,2,18000,1.00355998576
577478,577486,580283,8,2797,2,18000,1.00286020737
577530,577538,580374,8,2836,2,18000,1.00282087447
577569,577577,580393,8,2816,2,18000,1.00284090909
577605,577615,580366,10,2751,2,18000,1.0036350418
577639,577647,580556,8,2909,2,18000,1.00275008594
577732,577741,580524,9,2783,2,18000,1.00323392023
577747,577753,580569,6,2816,2,18000,1.00213068182
577768,577778,580536,10,2758,2,18000,1.00362581581
577810,577820,580604,10,2784,2,18000,1.00359195402
577852,577861,580692,9,2831,2,18000,1.00317908866
577913,577923,580712,10,2789,2,18000,1.00358551452
577980,577989,580824,9,2835,2,18000,1.00317460317
577998,578008,580678,10,2670,2,18000,1.00374531835
578034,578042,580759,8,2717,2,18000,1.002944424
578064,578075,580841,11,2766,2,18000,1.00397686189
578131,578140,580860,9,2720,2,18000,1.00330882353
578276,578285,580918,9,2633,2,18000,1.0034181542
578290,578297,581050,7,2753,2,18000,1.00254268071
578305,578311,581097,6,2786,2,18000,1.00215362527
578321,578327,580998,6,2671,2,18000,1.00224634968
578322,578333,581087,11,2754,2,18000,1.00399419027
578324,578338,581161,14,2823,2,18000,1.0049592632
578568,578577,581484,9,2907,2,18000,1.00309597523
578795,578802,581608,7,2806,2,18000,1.00249465431
578809,578816,581318,7,2502,2,18000,1.00279776179
578897,578907,581741,10,2834,2,18000,1.00352858151
579119,579128,581944,9,2816,2,18000,1.00319602273
579179,579189,581878,10,2689,2,18000,1.00371885459
579334,579343,582008,9,2665,2,18000,1.00337711069
579358,579369,582099,11,2730,2,18000,1.00402930403
579525,579531,582282,6,2751,2,18000,1.00218102508
579643,579651,582466,8,2815,2,18000,1.00284191829
579709,579718,582592,9,2874,2,18000,1.00313152401
579779,579787,582564,8,2777,2,18000,1.00288080663
579794,579803,582673,9,2870,2,18000,1.0031358885
579809,579816,582602,7,2786,2,18000,1.00251256281
579845,579854,582714,9,2860,2,18000,1.00314685315
579987,579997,582773,10,2776,2,18000,1.00360230548
580024,580033,582759,9,2726,2,18000,1.00330154072
580057,580065,582878,8,2813,2,18000,1.00284393886
580284,580295,583131,11,2836,2,18000,1.0038787024
580369,580378,583058,9,2680,2,18000,1.00335820896
580384,580390,583181,6,2791,2,18000,1.00214976711
580399,580405,583190,6,2785,2,18000,1.00215439856
580526,580535,583372,9,2837,2,18000,1.00317236517
580541,580547,583401,6,2854,2,18000,1.00210231254
580559,580568,583299,9,2731,2,18000,1.00329549616
580573,580579,583353,6,2774,2,18000,1.0021629416
580607,580616,583443,9,2827,2,18000,1.00318358684
580679,580690,583473,11,2783,2,18000,1.00395256917
580694,580703,583367,9,2664,2,18000,1.00337837838
580712,580723,583520,11,2797,2,18000,1.00393278513
580761,580771,583408,10,2637,2,18000,1.00379218809
580827,580836,583574,9,2738,2,18000,1.00328707085
580842,580853,583630,11,2777,2,18000,1.00396110911
580860,580871,583646,11,2775,2,18000,1.00396396396
580921,580930,583710,9,2780,2,18000,1.00323741007
581000,581010,583855,10,2845,2,18000,1.00351493849
581051,581061,583834,10,2773,2,18000,1.00360620267
581090,581099,583914,9,2815,2,18000,1.00319715808
581105,581111,583827,6,2716,2,18000,1.00220913108
581163,581172,583983,9,2811,2,18000,1.00320170758
581321,581329,584169,8,2840,2,18000,1.00281690141
581485,581495,584138,10,2643,2,18000,1.00378357927
581609,581619,584343,10,2724,2,18000,1.00367107195
581743,581752,584604,9,2852,2,18000,1.00315568022
581879,581890,584699,11,2809,2,18000,1.00391598434
581946,581956,584845,10,2889,2,18000,1.00346140533
582009,582019,584757,10,2738,2,18000,1.00365230095
582100,582110,584841,10,2731,2,18000,1.00366166239
582283,582293,585025,10,2732,2,18000,1.00366032211
582468,582477,585263,9,2786,2,18000,1.0032304379
582565,582576,585176,11,2600,2,18000,1.00423076923
582592,582603,585441,11,2838,2,18000,1.00387596899
582607,582613,585380,6,2767,2,18000,1.00216841344
582674,582684,585365,10,2681,2,18000,1.00372995151
582716,582725,585509,9,2784,2,18000,1.00323275862
582761,582770,585475,9,2705,2,18000,1.0033271719
582776,582784,585565,8,2781,2,18000,1.00287666307
582879,582889,585704,10,2815,2,18000,1.00355239787
583061,583069,585755,8,2686,2,18000,1.00297840655
583134,583142,585949,8,2807,2,18000,1.00285001781
583182,583192,585983,10,2791,2,18000,1.00358294518
583197,583203,586029,6,2826,2,18000,1.00212314225
583202,583209,590348,7,7139,4,43200,1.00098052949
583300,583310,586179,10,2869,2,18000,1.00348553503
583354,583364,586137,10,2773,2,18000,1.00360620267
583369,583378,586170,9,2792,2,18000,1.0032234957
583383,583390,586271,7,2881,2,18000,1.00242971191
583404,583413,586196,9,2783,2,18000,1.00323392023
583419,583425,586233,6,2808,2,18000,1.00213675214
583446,583455,586252,9,2797,2,18000,1.00321773329
583476,583484,586306,8,2822,2,18000,1.00283486889
583522,583531,586322,9,2791,2,18000,1.00322465066
583576,583585,586276,9,2691,2,18000,1.00334448161
583634,583641,586467,7,2826,2,18000,1.00247699929
583649,583657,586443,8,2786,2,18000,1.00287150036
583712,583721,586504,9,2783,2,18000,1.00323392023
583830,583839,586687,9,2848,2,18000,1.00316011236
583845,583851,586465,6,2614,2,18000,1.00229533282
583860,583866,586644,6,2778,2,18000,1.00215982721
583917,583925,586694,8,2769,2,18000,1.00288912965
583983,583994,586691,11,2697,2,18000,1.00407860586
584141,584149,586878,8,2729,2,18000,1.00293147673
584171,584180,586957,9,2777,2,18000,1.00324090745
584345,584354,587253,9,2899,2,18000,1.0031045188
584606,584615,587368,9,2753,2,18000,1.00326916092
584700,584711,587516,11,2805,2,18000,1.00392156863
584758,584768,587529,10,2761,2,18000,1.00362187613
584843,584852,587626,9,2774,2,18000,1.0032444124
584857,584864,587649,7,2785,2,18000,1.00251346499
585028,585036,587916,8,2880,2,18000,1.00277777778
585179,585188,587930,9,2742,2,18000,1.00328227571
585264,585274,588121,10,2847,2,18000,1.00351246927
585365,585376,588157,11,2781,2,18000,1.00395541172
585383,585391,588155,8,2764,2,18000,1.00289435601
585441,585452,588112,11,2660,2,18000,1.00413533835
585477,585486,588333,9,2847,2,18000,1.00316122234
585510,585521,588313,11,2792,2,18000,1.00393982808
585568,585576,588354,8,2778,2,18000,1.00287976962
585707,585715,588306,8,2591,2,18000,1.00308761096
585758,585766,588575,8,2809,2,18000,1.00284798861
585950,585960,588740,10,2780,2,18000,1.0035971223
585986,585995,588808,9,2813,2,18000,1.00319943121
586032,586040,588717,8,2677,2,18000,1.00298841987
586140,586148,588877,8,2729,2,18000,1.00293147673
586171,586181,588881,10,2700,2,18000,1.0037037037
586186,586192,588850,6,2658,2,18000,1.00225733634
586201,586207,588977,6,2770,2,18000,1.00216606498
586234,586244,588884,10,2640,2,18000,1.00378787879
586255,586264,589057,9,2793,2,18000,1.00322234157
586273,586282,589141,9,2859,2,18000,1.00314795383
586287,586294,589089,7,2795,2,18000,1.00250447227
586308,586318,589011,10,2693,2,18000,1.00371333086
586324,586333,589022,9,2689,2,18000,1.00334696913
586445,586454,589252,9,2798,2,18000,1.00321658327
586466,586476,589083,10,2607,2,18000,1.00383582662
586481,586487,589291,6,2804,2,18000,1.00213980029
586505,586516,589291,11,2775,2,18000,1.00396396396
586645,586655,589495,10,2840,2,18000,1.00352112676
586687,586698,589486,11,2788,2,18000,1.00394548063
586703,586709,589391,6,2682,2,18000,1.00223713647
586704,586715,589496,11,2781,2,18000,1.00395541172
586880,586889,589692,9,2803,2,18000,1.00321084552
586959,586968,589782,9,2814,2,18000,1.00319829424
587254,587264,590061,10,2797,2,18000,1.00357525921
587369,587379,590178,10,2799,2,18000,1.00357270454
587518,587527,590383,9,2856,2,18000,1.0031512605
587533,587540,590329,7,2789,2,18000,1.00250986016
587628,587638,590308,10,2670,2,18000,1.00374531835
587652,587660,590456,8,2796,2,18000,1.00286123033
587920,587928,590739,8,2811,2,18000,1.00284596229
587935,587941,590791,6,2850,2,18000,1.00210526316
588109,588123,590945,14,2822,2,18000,1.00496102055
588124,588132,590859,8,2727,2,18000,1.0029336267
588157,588173,590970,16,2797,2,18000,1.00572041473
588158,588167,590871,9,2704,2,18000,1.00332840237
588308,588317,590999,9,2682,2,18000,1.0033557047
588322,588329,591105,7,2776,2,18000,1.00252161383
588337,588344,591020,7,2676,2,18000,1.00261584454
588355,588365,591047,10,2682,2,18000,1.00372856078
588577,588586,591376,9,2790,2,18000,1.00322580645
588675,588681,588684,6,3,4,129600,1.0
588720,588728,591483,8,2755,2,18000,1.00290381125
588741,588751,591470,10,2719,2,18000,1.00367782273
588811,588819,591532,8,2713,2,18000,1.0029487652
588853,588861,591573,8,2712,2,18000,1.00294985251
588880,588888,591668,8,2780,2,18000,1.00287769784
588895,588902,591707,7,2805,2,18000,1.00249554367
588897,588908,591710,11,2802,2,18000,1.00392576731
588939,588946,625790,7,36844,4,129600,1.00018999023
588979,588988,591779,9,2791,2,18000,1.00322465066
589012,589022,591687,10,2665,2,18000,1.00375234522
589027,589033,591820,6,2787,2,18000,1.00215285253
589053,589070,718687,17,129617,4,129600,1.00013115564
589053,589060,718688,7,129628,4,129600,1.00005400068
589053,589065,589069,12,4,4,129600,1.6
589054,589091,718701,37,129610,4,129600,1.0002854718
589054,589086,718706,32,129620,4,129600,1.00024687548
589054,589075,718707,21,129632,4,129600,1.00016199704
589054,589080,718711,26,129631,4,129600,1.00020056931
589061,589097,591877,36,2780,2,18000,1.01294964029
589085,589102,591858,17,2756,2,18000,1.00616835994
589100,589108,591825,8,2717,2,18000,1.002944424
589142,589152,591989,10,2837,2,18000,1.00352485019
589255,589263,592064,8,2801,2,18000,1.00285612281
589292,589302,592076,10,2774,2,18000,1.00360490267
589293,589307,591996,14,2689,2,18000,1.00520639643
589393,589403,592226,10,2823,2,18000,1.00354233085
589488,589497,592196,9,2699,2,18000,1.00333456836
589503,589509,592224,6,2715,2,18000,1.00220994475
589505,589515,592408,10,2893,2,18000,1.00345661943
589694,589703,592537,9,2834,2,18000,1.00317572336
589782,589793,592557,11,2764,2,18000,1.00397973951
590062,590072,592905,10,2833,2,18000,1.00352982704
590181,590189,592965,8,2776,2,18000,1.00288184438
590308,590319,593144,11,2825,2,18000,1.00389380531
590329,590340,593021,11,2681,2,18000,1.00410294666
590387,590395,593175,8,2780,2,18000,1.00287769784
590457,590467,593327,10,2860,2,18000,1.0034965035
590739,590750,593609,11,2859,2,18000,1.00384749913
590794,590802,593496,8,2694,2,18000,1.00296956199
590860,590870,593662,10,2792,2,18000,1.00358166189
590875,590882,593661,7,2779,2,18000,1.00251889169
590948,590956,593742,8,2786,2,18000,1.00287150036
590972,590981,593766,9,2785,2,18000,1.00323159785
591002,591010,593795,8,2785,2,18000,1.00287253142
591020,591031,593882,11,2851,2,18000,1.00385829533
591047,591058,593733,11,2675,2,18000,1.00411214953
591108,591116,593837,8,2721,2,18000,1.00294009555
591377,591387,594095,10,2708,2,18000,1.00369276219
591471,591481,594268,10,2787,2,18000,1.00358808755
591486,591494,594329,8,2835,2,18000,1.00282186949
591535,591543,594193,8,2650,2,18000,1.00301886792
591574,591585,594375,11,2790,2,18000,1.00394265233
591671,591679,594416,8,2737,2,18000,1.00292290829
591686,591698,594563,12,2865,2,18000,1.00418848168
591710,591718,594492,8,2774,2,18000,1.00288392213
591711,591724,594442,13,2718,2,18000,1.00478292862
591781,591790,594510,9,2720,2,18000,1.00330882353
591824,591831,594467,7,2636,2,18000,1.00265553869
591838,591845,594621,7,2776,2,18000,1.00252161383
591860,591869,594651,9,2782,2,18000,1.00323508267
591878,591888,594696,10,2808,2,18000,1.00356125356
591990,592000,594830,10,2830,2,18000,1.0035335689
592005,592011,594869,6,2858,2,18000,1.00209937019
592065,592075,594738,10,2663,2,18000,1.00375516335
592081,592086,594894,5,2808,2,18000,1.00178062678
592196,592207,595069,11,2862,2,18000,1.00384346611
592226,592241,595050,15,2809,2,18000,1.00533997864
592228,592235,594913,7,2678,2,18000,1.00261389096
592411,592420,595272,9,2852,2,18000,1.00315568022
592539,592548,595352,9,2804,2,18000,1.00320970043
592560,592569,595197,9,2628,2,18000,1.00342465753
592908,592916,595654,8,2738,2,18000,1.00292184076
592966,592976,595625,10,2649,2,18000,1.00377500944
593023,593032,595835,9,2803,2,18000,1.00321084552
593145,593155,595929,10,2774,2,18000,1.00360490267
593179,593187,595964,8,2777,2,18000,1.00288080663
593328,593339,596105,11,2766,2,18000,1.00397686189
593499,593508,596319,9,2811,2,18000,1.00320170758
593612,593620,596439,8,2819,2,18000,1.00283788578
593664,593672,596464,8,2792,2,18000,1.00286532951
593665,593678,596360,13,2682,2,18000,1.00484712901
593735,593744,596499,9,2755,2,18000,1.00326678766
593750,593756,596466,6,2710,2,18000,1.00221402214
593768,593777,596475,9,2698,2,18000,1.0033358043
593798,593806,596438,8,2632,2,18000,1.00303951368
593837,593848,596682,11,2834,2,18000,1.00388143966
593883,593893,596555,10,2662,2,18000,1.003756574
594097,594106,596800,9,2694,2,18000,1.00334075724
594195,594204,596964,9,2760,2,18000,1.00326086957
594271,594279,597067,8,2788,2,18000,1.00286944046
594331,594340,597106,9,2766,2,18000,1.0032537961
594377,594386,597175,9,2789,2,18000,1.00322696307
594420,594428,597226,8,2798,2,18000,1.00285918513
594444,594453,597318,9,2865,2,18000,1.00314136126
594471,594479,597318,8,2839,2,18000,1.00281789362
594495,594503,597225,8,2722,2,18000,1.00293901543
594513,594521,597309,8,2788,2,18000,1.00286944046
594565,594574,597346,9,2772,2,18000,1.00324675325
594622,594632,597482,10,2850,2,18000,1.00350877193
594652,594662,597394,10,2732,2,18000,1.00366032211
594698,594707,597498,9,2791,2,18000,1.00322465066
594740,594749,597457,9,2708,2,18000,1.00332348597
594831,594841,597737,10,2896,2,18000,1.00345303867
594871,594880,597663,9,2783,2,18000,1.00323392023
594895,594905,597682,10,2777,2,18000,1.00360100828
594916,594924,597706,8,2782,2,18000,1.00287562904
595053,595061,597879,8,2818,2,18000,1.00283889283
595071,595080,597856,9,2776,2,18000,1.00324207493
595198,595208,597921,10,2713,2,18000,1.00368595651
595274,595284,597890,10,2606,2,18000,1.00383729854
595354,595364,598148,10,2784,2,18000,1.00359195402
595626,595636,598203,10,2567,2,18000,1.00389559797
595657,595665,598431,8,2766,2,18000,1.0028922632
595836,595846,598460,10,2614,2,18000,1.00382555471
595931,595940,598651,9,2711,2,18000,1.00331980819
595967,595976,598571,9,2595,2,18000,1.00346820809
596106,596117,598929,11,2812,2,18000,1.00391180654
596321,596331,598982,10,2651,2,18000,1.00377216145
596361,596371,599220,10,2849,2,18000,1.00351000351
596441,596449,599186,8,2737,2,18000,1.00292290829
596443,596455,599288,12,2833,2,18000,1.00423579245
596473,596479,599269,6,2790,2,18000,1.00215053763
596475,596485,599153,10,2668,2,18000,1.00374812594
596490,596496,599330,6,2834,2,18000,1.00211714891
596505,596511,599187,6,2676,2,18000,1.00224215247
596554,596566,599364,12,2798,2,18000,1.0042887777
596685,596694,599532,9,2838,2,18000,1.00317124736
596806,596811,599596,5,2785,2,18000,1.00179533214
596965,596975,599720,10,2745,2,18000,1.00364298725
597069,597078,599857,9,2779,2,18000,1.00323857503
597109,597117,599955,8,2838,2,18000,1.00281888654
597175,597186,599915,11,2729,2,18000,1.00403078051
597228,597236,600026,8,2790,2,18000,1.00286738351
597229,597242,599919,13,2677,2,18000,1.00485618229
597311,597320,600126,9,2806,2,18000,1.00320741269
597326,597333,600035,7,2702,2,18000,1.00259067358
597328,597339,600131,11,2792,2,18000,1.00393982808
597349,597358,600042,9,2684,2,18000,1.00335320417
597399,597405,600029,6,2624,2,18000,1.00228658537
597460,597469,600316,9,2847,2,18000,1.00316122234
597484,597493,600185,9,2692,2,18000,1.00334323923
597499,597509,600348,10,2839,2,18000,1.00352236703
597666,597674,600505,8,2831,2,18000,1.00282585659
597687,597693,600384,6,2691,2,18000,1.0022296544
597708,597717,600306,9,2589,2,18000,1.00347624565
597739,597748,600544,9,2796,2,18000,1.00321888412
597857,597867,600647,10,2780,2,18000,1.0035971223
597881,597891,600677,10,2786,2,18000,1.00358937545
597896,597902,600572,6,2670,2,18000,1.00224719101
597923,597932,600682,9,2750,2,18000,1.00327272727
598151,598160,600937,9,2777,2,18000,1.00324090745
598205,598214,600987,9,2773,2,18000,1.0032455824
598433,598442,601150,9,2708,2,18000,1.00332348597
598464,598472,601243,8,2771,2,18000,1.00288704439
598573,598582,601259,9,2677,2,18000,1.00336197236
598581,598588,601567,7,2979,4,129600,1.00234978181
598652,598662,601474,10,2812,2,18000,1.00355618777
598932,598940,601748,8,2808,2,18000,1.00284900285
598984,598993,601779,9,2786,2,18000,1.0032304379
599154,599165,601764,11,2599,2,18000,1.00423239708
599187,599203,602044,16,2841,2,18000,1.00563181978
599189,599197,601823,8,2626,2,18000,1.00304645849
599222,599231,601937,9,2706,2,18000,1.00332594235
599271,599280,602007,9,2727,2,18000,1.00330033003
599292,599300,602007,8,2707,2,18000,1.00295530107
599331,599341,602201,10,2860,2,18000,1.0034965035
599367,599375,602202,8,2827,2,18000,1.00282985497
599534,599543,602310,9,2767,2,18000,1.00325262017
599598,599607,602398,9,2791,2,18000,1.00322465066
599722,599731,602466,9,2735,2,18000,1.00329067642
599858,599869,602703,11,2834,2,18000,1.00388143966
599916,599927,602720,11,2793,2,18000,1.00393841747
599931,599937,602635,6,2698,2,18000,1.00222386953
599958,599966,602748,8,2782,2,18000,1.00287562904
600028,600037,602887,9,2850,2,18000,1.00315789474
600043,600050,602780,7,2730,2,18000,1.00256410256
600045,600055,602770,10,2715,2,18000,1.00368324125
600046,600061,602915,15,2854,2,18000,1.00525578136
600128,600137,602976,9,2839,2,18000,1.00317013033
600143,600149,603003,6,2854,2,18000,1.00210231254
600188,600197,603087,9,2890,2,18000,1.00311418685
600309,600317,602947,8,2630,2,18000,1.0030418251
600324,600330,603186,6,2856,2,18000,1.00210084034
600351,600360,603130,9,2770,2,18000,1.00324909747
600388,600396,603054,8,2658,2,18000,1.00300978179
600506,600517,603110,11,2593,2,18000,1.00424219051
600546,600555,603336,9,2781,2,18000,1.00323624595
600573,600583,603426,10,2843,2,18000,1.00351741119
600649,600659,603477,10,2818,2,18000,1.00354861604
600679,600689,603463,10,2774,2,18000,1.00360490267
600694,600700,603459,6,2759,2,18000,1.00217470098
600939,600948,603691,9,2743,2,18000,1.00328107911
600988,600998,603856,10,2858,2,18000,1.00349895031
601151,601161,603902,10,2741,2,18000,1.00364830354
601246,601254,604097,8,2843,2,18000,1.00281392895
601260,601271,603924,11,2653,2,18000,1.00414624953
601304,601311,601312,7,1,2,300,1.0
601477,601485,604323,8,2838,2,18000,1.00281888654
601751,601760,604358,9,2598,2,18000,1.00346420323
601766,601775,604534,9,2759,2,18000,1.00326205147
601781,601790,604618,9,2828,2,18000,1.0031824611
601823,601834,604638,11,2804,2,18000,1.00392296719
601939,601948,604683,9,2735,2,18000,1.00329067642
602009,602018,604817,9,2799,2,18000,1.00321543408
602010,602023,604783,13,2760,2,18000,1.00471014493
602046,602055,604624,9,2569,2,18000,1.00350330868
602201,602212,604889,11,2677,2,18000,1.00410907733
602216,602222,605087,6,2865,2,18000,1.00209424084
602310,602321,605194,11,2873,2,18000,1.00382875044
602399,602409,605142,10,2733,2,18000,1.0036589828
602468,602477,605323,9,2846,2,18000,1.0031623331
602636,602646,605484,10,2838,2,18000,1.00352360817
602705,602714,605502,9,2788,2,18000,1.00322812052
602723,602731,605443,8,2712,2,18000,1.00294985251
602750,602759,605615,9,2856,2,18000,1.0031512605
602772,602781,605608,9,2827,2,18000,1.00318358684
602787,602792,605674,5,2882,2,18000,1.00173490632
602890,602898,605459,8,2561,2,18000,1.00312377977
602917,602926,605702,9,2776,2,18000,1.00324207493
602950,602959,605644,9,2685,2,18000,1.00335195531
602977,602987,605830,10,2843,2,18000,1.00351741119
603004,603014,605756,10,2742,2,18000,1.00364697301
603056,603065,605879,9,2814,2,18000,1.00319829424
603066,603072,631260,6,28188,4,129600,1.00021285653
603089,603098,605906,9,2808,2,18000,1.00320512821
603110,603121,605831,11,2710,2,18000,1.00405904059
603131,603141,605917,10,2776,2,18000,1.00360230548
603189,603198,606054,9,2856,2,18000,1.0031512605
603338,603347,606085,9,2738,2,18000,1.00328707085
603428,603438,606200,10,2762,2,18000,1.00362056481
603462,603471,606327,9,2856,2,18000,1.0031512605
603477,603483,606205,6,2722,2,18000,1.00220426157
603491,603498,606103,7,2605,2,18000,1.00268714012
603693,603702,606585,9,2883,2,18000,1.00312174818
603857,603867,606647,10,2780,2,18000,1.0035971223
603903,603913,606757,10,2844,2,18000,1.0035161744
603926,603935,606743,9,2808,2,18000,1.00320512821
604100,604109,606835,9,2726,2,18000,1.00330154072
604325,604335,607004,10,2669,2,18000,1.00374672162
604361,604369,607125,8,2756,2,18000,1.00290275762
604537,604545,607347,8,2802,2,18000,1.0028551035
604619,604629,607316,10,2687,2,18000,1.00372162263
604634,604640,607198,6,2558,2,18000,1.00234558249
604649,604655,607325,6,2670,2,18000,1.00224719101
604685,604694,607498,9,2804,2,18000,1.00320970043
604785,604794,607563,9,2769,2,18000,1.00325027086
