SubmitTime,StartTime,EndTime,QueuedTime,RunTime,NodesRequested,walltime,bslowdown
6,12,2381,6,2369,2,18000,1.00253271423
22,28,18074,6,18046,2,18000,1.00033248365
37,44,2378,7,2334,2,18000,1.0029991431
53,59,2304,6,2245,2,18000,1.00267260579
148,154,2577,6,2423,2,18000,1.00247626909
164,170,18208,6,18038,2,18000,1.00033263111
180,186,2490,6,2304,2,18000,1.00260416667
195,202,18206,7,18004,2,18000,1.00038880249
339,345,2627,6,2282,2,18000,1.00262927257
385,391,2681,6,2290,2,18000,1.00262008734
1718,1724,4022,6,2298,2,18000,1.00261096606
1833,1839,4184,6,2345,2,18000,1.00255863539
1849,1855,4230,6,2375,2,18000,1.00252631579
1852,1861,4045,9,2184,2,18000,1.00412087912
1873,1880,4119,7,2239,2,18000,1.00312639571
1889,1895,4222,6,2327,2,18000,1.00257842716
1935,1941,4247,6,2306,2,18000,1.00260190807
1951,1957,4338,6,2381,2,18000,1.0025199496
2006,2012,4312,6,2300,2,18000,1.00260869565
2022,2028,4380,6,2352,2,18000,1.00255102041
2144,2150,4451,6,2301,2,18000,1.00260756193
2159,2166,4567,7,2401,2,18000,1.0029154519
2162,2172,4512,10,2340,2,18000,1.00427350427
2193,2199,4369,6,2170,2,18000,1.00276497696
2208,2214,4575,6,2361,2,18000,1.00254129606
2278,2285,4577,7,2292,2,18000,1.00305410122
2300,2307,4581,7,2274,2,18000,1.00307827617
2316,2322,4656,6,2334,2,18000,1.00257069409
2318,2328,4742,10,2414,2,18000,1.00414250207
2334,2340,4604,6,2264,2,18000,1.00265017668
2380,2386,4598,6,2212,2,18000,1.0027124774
2396,2402,4764,6,2362,2,18000,1.00254022015
2494,2500,4904,6,2404,2,18000,1.00249584027
2580,2586,4914,6,2328,2,18000,1.00257731959
2629,2635,5089,6,2454,2,18000,1.00244498778
2681,2687,4987,6,2300,2,18000,1.00260869565
4022,4028,6162,6,2134,2,18000,1.00281162137
4047,4053,6289,6,2236,2,18000,1.00268336315
4120,4126,6289,6,2163,2,18000,1.0027739251
4187,4192,6422,5,2230,2,18000,1.00224215247
4224,4230,6569,6,2339,2,18000,1.0025651988
4240,4246,6702,6,2456,2,18000,1.00244299674
4256,4262,6609,6,2347,2,18000,1.00255645505
4314,4320,6692,6,2372,2,18000,1.00252951096
4339,4345,6720,6,2375,2,18000,1.00252631579
4370,4376,6796,6,2420,2,18000,1.00247933884
4385,4392,6674,7,2282,2,18000,1.00306748466
4453,4458,6796,5,2338,2,18000,1.00213857998
4514,4520,6925,6,2405,2,18000,1.00249480249
4569,4575,6890,6,2315,2,18000,1.00259179266
4585,4591,6907,6,2316,2,18000,1.00259067358
4587,4597,7004,10,2407,2,18000,1.00415454923
4589,4602,6971,13,2369,2,18000,1.00548754749
4605,4611,6966,6,2355,2,18000,1.0025477707
4607,4617,6854,10,2237,2,18000,1.00447027269
4657,4663,6946,6,2283,2,18000,1.00262812089
4745,4751,22758,6,18007,2,18000,1.00033320375
4767,4773,7137,6,2364,2,18000,1.00253807107
4904,4910,6974,6,2064,2,18000,1.00290697674
4919,4930,4934,11,4,2,300,1.5
4920,4925,7253,5,2328,2,18000,1.00214776632
4942,4948,4974,6,26,2,300,1.23076923077
4981,4987,5048,6,61,2,300,1.09836065574
4990,4996,7238,6,2242,2,18000,1.00267618198
5055,5062,5312,7,250,2,300,1.028
5091,5097,7321,6,2224,2,18000,1.00269784173
5319,5325,5342,6,17,2,300,1.35294117647
5349,5355,5396,6,41,2,300,1.14634146341
5404,5410,5441,6,31,2,360,1.1935483871
5448,5454,5765,6,311,2,300,1.0192926045
5779,5785,6027,6,242,2,360,1.02479338843
6164,6170,8452,6,2282,2,18000,1.00262927257
6292,6297,8690,5,2393,2,18000,1.0020894275
6294,6303,24340,9,18037,2,18000,1.00049897433
6425,6430,8742,5,2312,2,18000,1.00216262976
6570,6576,8866,6,2290,2,18000,1.00262008734
6610,6616,8903,6,2287,2,18000,1.00262352427
6677,6682,9010,5,2328,2,18000,1.00214776632
6696,6702,8901,6,2199,2,18000,1.00272851296
6712,6718,9086,6,2368,2,18000,1.00253378378
6727,6733,9035,6,2302,2,18000,1.00260642919
6798,6804,9118,6,2314,2,18000,1.00259291271
6800,6810,24823,10,18013,2,18000,1.00055515461
6855,6861,9260,6,2399,2,18000,1.0025010421
6892,6898,9241,6,2343,2,18000,1.00256081946
6908,6914,9082,6,2168,2,18000,1.00276752768
6926,6933,9386,7,2453,2,18000,1.00285364859
6948,6954,9261,6,2307,2,18000,1.00260078023
6967,6973,9294,6,2321,2,18000,1.00258509263
6983,6989,9103,6,2114,2,18000,1.00283822138
6985,6995,9327,10,2332,2,18000,1.00428816467
7001,7007,9185,6,2178,2,18000,1.00275482094
7137,7143,9372,6,2229,2,18000,1.00269179004
7241,7247,9683,6,2436,2,18000,1.00246305419
7257,7263,9596,6,2333,2,18000,1.00257179597
7321,7327,9499,6,2172,2,18000,1.00276243094
8452,8459,10825,7,2366,2,18000,1.00295857988
8691,8697,10988,6,2291,2,18000,1.00261894369
8743,8749,10826,6,2077,2,18000,1.0028887819
8867,8873,11030,6,2157,2,18000,1.00278164117
8901,8907,11178,6,2271,2,18000,1.00264200793
8917,8923,26954,6,18031,2,18000,1.00033276025
9011,9017,11472,6,2455,2,18000,1.00244399185
9036,9042,11339,6,2297,2,18000,1.00261210274
9085,9091,11440,6,2349,2,18000,1.00255427842
9101,9107,11360,6,2253,2,18000,1.00266311585
9117,9123,11328,6,2205,2,18000,1.00272108844
9132,9138,11441,6,2303,2,18000,1.00260529744
9187,9193,11517,6,2324,2,18000,1.00258175559
9243,9249,11597,6,2348,2,18000,1.00255536627
9262,9268,11305,6,2037,2,18000,1.0029455081
9264,9274,11590,10,2316,2,18000,1.00431778929
9295,9301,11502,6,2201,2,18000,1.00272603362
9329,9335,11702,6,2367,2,18000,1.00253485425
9372,9378,11675,6,2297,2,18000,1.00261210274
9388,9394,11761,6,2367,2,18000,1.00253485425
9500,9506,11789,6,2283,2,18000,1.00262812089
9598,9604,11952,6,2348,2,18000,1.00255536627
9683,9689,12074,6,2385,2,18000,1.00251572327
10827,10833,28874,6,18041,2,18000,1.0003325758
10829,10839,13061,10,2222,2,18000,1.00450045005
10990,10996,13170,6,2174,2,18000,1.0027598896
11033,11039,13445,6,2406,2,18000,1.00249376559
11178,11185,13552,7,2367,2,18000,1.00295732995
11306,11312,13717,6,2405,2,18000,1.00249480249
11331,11337,13339,6,2002,2,18000,1.002997003
11346,11353,13684,7,2331,2,18000,1.003003003
11362,11369,13716,7,2347,2,18000,1.00298253089
11442,11448,13792,6,2344,2,18000,1.00255972696
11444,11454,13874,10,2420,2,18000,1.0041322314
11475,11481,13817,6,2336,2,18000,1.00256849315
11503,11509,13855,6,2346,2,18000,1.00255754476
11519,11525,13919,6,2394,2,18000,1.00250626566
11592,11598,14015,6,2417,2,18000,1.00248241622
11608,11614,13922,6,2308,2,18000,1.00259965338
11676,11682,14008,6,2326,2,18000,1.00257953568
11704,11710,13997,6,2287,2,18000,1.00262352427
11762,11768,13999,6,2231,2,18000,1.00268937696
11790,11796,14034,6,2238,2,18000,1.00268096515
11954,11960,14270,6,2310,2,18000,1.0025974026
12076,12082,14448,6,2366,2,18000,1.00253592561
13063,13069,15354,6,2285,2,18000,1.00262582057
13172,13178,15370,6,2192,2,18000,1.00273722628
13342,13348,15631,6,2283,2,18000,1.00262812089
13448,13454,15847,6,2393,2,18000,1.002507313
13554,13560,15926,6,2366,2,18000,1.00253592561
13685,13691,15918,6,2227,2,18000,1.00269420745
13719,13725,16164,6,2439,2,18000,1.0024600246
13721,13731,16022,10,2291,2,18000,1.00436490615
13794,13801,15941,7,2140,2,18000,1.00327102804
13819,13825,16189,6,2364,2,18000,1.00253807107
13856,13862,31894,6,18032,2,18000,1.00033274179
13875,13881,16254,6,2373,2,18000,1.00252844501
13921,13927,16196,6,2269,2,18000,1.00264433671
13937,13943,16349,6,2406,2,18000,1.00249376559
13998,14004,16019,6,2015,2,18000,1.00297766749
14014,14020,16384,6,2364,2,18000,1.00253807107
14016,14026,16374,10,2348,2,18000,1.00425894378
14032,14038,16394,6,2356,2,18000,1.0025466893
14048,14054,16331,6,2277,2,18000,1.00263504611
14272,14278,16578,6,2300,2,18000,1.00260869565
14448,14454,16719,6,2265,2,18000,1.00264900662
15356,15362,17726,6,2364,2,18000,1.00253807107
15372,15378,17778,6,2400,2,18000,1.0025
15631,15638,17917,7,2279,2,18000,1.0030715226
15849,15855,33871,6,18016,2,18000,1.0003330373
15919,15925,18296,6,2371,2,18000,1.00253057782
15935,15941,18303,6,2362,2,18000,1.00254022015
15950,15956,18210,6,2254,2,18000,1.00266193434
16021,16027,18365,6,2338,2,18000,1.00256629598
16036,16043,18273,7,2230,2,18000,1.00313901345
16164,16169,18390,5,2221,2,18000,1.00225123818
16189,16195,18515,6,2320,2,18000,1.0025862069
16205,16211,18558,6,2347,2,18000,1.00255645505
16257,16263,18198,6,1935,2,18000,1.00310077519
16333,16339,18677,6,2338,2,18000,1.00256629598
16352,16358,18766,6,2408,2,18000,1.00249169435
16377,16383,18714,6,2331,2,18000,1.00257400257
16393,16399,34420,6,18021,2,18000,1.0003329449
16409,16415,18791,6,2376,2,18000,1.00252525253
16579,16585,18726,6,2141,2,18000,1.00280242877
16719,16725,19087,6,2362,2,18000,1.00254022015
17727,17733,20078,6,2345,2,18000,1.00255863539
17779,17785,20106,6,2321,2,18000,1.00258509263
17918,17924,20292,6,2368,2,18000,1.00253378378
18199,18206,20388,7,2182,2,18000,1.00320806599
18215,18221,20458,6,2237,2,18000,1.00268216361
18276,18282,20579,6,2297,2,18000,1.00261210274
18298,18304,20599,6,2295,2,18000,1.00261437908
18314,18320,20498,6,2178,2,18000,1.00275482094
18366,18372,20678,6,2306,2,18000,1.00260190807
18391,18397,20623,6,2226,2,18000,1.00269541779
18518,18524,20903,6,2379,2,18000,1.0025220681
18558,18564,20910,6,2346,2,18000,1.00255754476
18680,18686,20840,6,2154,2,18000,1.00278551532
18717,18723,21049,6,2326,2,18000,1.00257953568
18733,18739,20821,6,2082,2,18000,1.00288184438
18767,18773,21043,6,2270,2,18000,1.00264317181
18791,18798,21051,7,2253,2,18000,1.00310696849
19089,19095,21552,6,2457,2,18000,1.00244200244
20079,20086,22319,7,2233,2,18000,1.00313479624
20107,20113,22406,6,2293,2,18000,1.0026166594
20295,20301,22593,6,2292,2,18000,1.00261780105
20389,20395,22810,6,2415,2,18000,1.00248447205
20459,20465,22808,6,2343,2,18000,1.00256081946
20499,20505,22895,6,2390,2,18000,1.00251046025
20581,20587,22930,6,2343,2,18000,1.00256081946
20600,20606,22864,6,2258,2,18000,1.00265721878
20625,20631,22781,6,2150,2,18000,1.00279069767
20680,20686,22832,6,2146,2,18000,1.00279589935
20822,20829,23110,7,2281,2,18000,1.00306882946
20841,20848,23175,7,2327,2,18000,1.00300816502
20906,20912,23156,6,2244,2,18000,1.00267379679
20921,20927,23273,6,2346,2,18000,1.00255754476
21046,21052,23301,6,2249,2,18000,1.00266785238
21062,21068,23351,6,2283,2,18000,1.00262812089
21064,21074,23465,10,2391,2,18000,1.00418235048
21552,21558,23897,6,2339,2,18000,1.0025651988
22322,22328,24686,6,2358,2,18000,1.00254452926
22407,22413,24597,6,2184,2,18000,1.00274725275
22595,22601,24987,6,2386,2,18000,1.0025146689
22782,22788,25157,6,2369,2,18000,1.00253271423
22811,22817,25115,6,2298,2,18000,1.00261096606
22813,22823,25056,10,2233,2,18000,1.00447828034
22835,22841,25060,6,2219,2,18000,1.00270392068
22866,22872,25175,6,2303,2,18000,1.00260529744
22897,22903,25058,6,2155,2,18000,1.00278422274
22931,22937,25217,6,2280,2,18000,1.00263157895
23113,23119,25482,6,2363,2,18000,1.00253914515
23156,23162,25555,6,2393,2,18000,1.002507313
23178,23184,25463,6,2279,2,18000,1.00263273366
23275,23281,25632,6,2351,2,18000,1.00255210549
23303,23309,25656,6,2347,2,18000,1.00255645505
23352,23358,25654,6,2296,2,18000,1.00261324042
23468,23474,25824,6,2350,2,18000,1.00255319149
23897,23904,26176,7,2272,2,18000,1.00308098592
24598,24604,26909,6,2305,2,18000,1.00260303688
24686,24693,27025,7,2332,2,18000,1.00300171527
24990,24996,27357,6,2361,2,18000,1.00254129606
25015,25022,28345,7,3323,23,3600,1.00210653024
25068,25074,27312,6,2238,2,18000,1.00268096515
25071,25080,27485,9,2405,2,18000,1.00374220374
25073,25085,27280,12,2195,2,18000,1.00546697039
25119,25125,27481,6,2356,2,18000,1.0025466893
25159,25165,27538,6,2373,2,18000,1.00252844501
25178,25184,27587,6,2403,2,18000,1.0024968789
25218,25224,27537,6,2313,2,18000,1.00259403372
25464,25470,27791,6,2321,2,18000,1.00258509263
25483,25489,27657,6,2168,2,18000,1.00276752768
25556,25562,27911,6,2349,2,18000,1.00255427842
25633,25639,27837,6,2198,2,18000,1.00272975432
25654,25661,27945,7,2284,2,18000,1.0030647986
25670,25676,27898,6,2222,2,18000,1.00270027003
25831,25836,28153,5,2317,2,18000,1.00215796288
26178,26184,28620,6,2436,2,18000,1.00246305419
26911,26917,29191,6,2274,2,18000,1.00263852243
27026,27033,29465,7,2432,2,18000,1.00287828947
27286,27292,29557,6,2265,2,18000,1.00264900662
27315,27321,29589,6,2268,2,18000,1.00264550265
27359,27365,29708,6,2343,2,18000,1.00256081946
27483,27489,29946,6,2457,2,18000,1.00244200244
27499,27505,29855,6,2350,2,18000,1.00255319149
27540,27546,29843,6,2297,2,18000,1.00261210274
27542,27552,29737,10,2185,2,18000,1.00457665904
27588,27594,30003,6,2409,2,18000,1.00249066002
27661,27667,30026,6,2359,2,18000,1.00254345061
27792,27798,30065,6,2267,2,18000,1.00264666961
27847,27853,30253,6,2400,2,18000,1.0025
27911,27917,30188,6,2271,2,18000,1.00264200793
27929,27935,30198,6,2263,2,18000,1.00265134777
27965,27971,30065,6,2094,2,18000,1.00286532951
28202,28208,30554,6,2346,2,18000,1.00255754476
28623,28629,30894,6,2265,2,18000,1.00264900662
29193,29200,31556,7,2356,2,18000,1.00297113752
29468,29475,31890,7,2415,2,18000,1.00289855072
29560,29566,31906,6,2340,2,18000,1.00256410256
29590,29597,31854,7,2257,2,18000,1.00310146212
29709,29715,31976,6,2261,2,18000,1.00265369306
29737,29743,31953,6,2210,2,18000,1.00271493213
29844,29850,31896,6,2046,2,18000,1.00293255132
29860,29866,32271,6,2405,2,18000,1.00249480249
29948,29954,32330,6,2376,2,18000,1.00252525253
30006,30012,32281,6,2269,2,18000,1.00264433671
30028,30034,32383,6,2349,2,18000,1.00255427842
30068,30074,32392,6,2318,2,18000,1.00258843831
30071,30080,32454,9,2374,2,18000,1.00379106992
30189,30195,32387,6,2192,2,18000,1.00273722628
30205,30211,32508,6,2297,2,18000,1.00261210274
30254,30260,32575,6,2315,2,18000,1.00259179266
30554,30560,32882,6,2322,2,18000,1.00258397933
30894,30900,33211,6,2311,2,18000,1.00259627867
31559,31565,33793,6,2228,2,18000,1.0026929982
31855,31861,34008,6,2147,2,18000,1.00279459711
31892,31898,34119,6,2221,2,18000,1.00270148582
31908,31914,34345,6,2431,2,18000,1.00246812012
31910,31920,34147,10,2227,2,18000,1.00449034576
31956,31962,34229,6,2267,2,18000,1.00264666961
31978,31984,34324,6,2340,2,18000,1.00256410256
32272,32278,34653,6,2375,2,18000,1.00252631579
32287,32293,34544,6,2251,2,18000,1.00266548201
32331,32337,34680,6,2343,2,18000,1.00256081946
32386,32392,34719,6,2327,2,18000,1.00257842716
32402,32408,34683,6,2275,2,18000,1.00263736264
32404,32414,34594,10,2180,2,18000,1.00458715596
32456,32462,34697,6,2235,2,18000,1.00268456376
32509,32515,34719,6,2204,2,18000,1.00272232305
32576,32582,48448,6,15866,2,18000,1.00037816715
32882,32888,48448,6,15560,2,18000,1.00038560411
33213,33219,35268,6,2049,2,18000,1.00292825769
33793,33799,36162,6,2363,2,18000,1.00253914515
34009,34015,36396,6,2381,2,18000,1.0025199496
34121,34127,36326,6,2199,2,18000,1.00272851296
34149,34155,36425,6,2270,2,18000,1.00264317181
34231,34237,36574,6,2337,2,18000,1.00256739409
34279,34285,38995,6,4710,64,5400,1.00127388535
34325,34331,36558,6,2227,2,18000,1.00269420745
34347,34353,36740,6,2387,2,18000,1.00251361542
34544,34550,36912,6,2362,2,18000,1.00254022015
34596,34602,36836,6,2234,2,18000,1.00268576544
34654,34660,37036,6,2376,2,18000,1.00252525253
34682,34688,37044,6,2356,2,18000,1.0025466893
34698,34704,37019,6,2315,2,18000,1.00259179266
34700,34710,37078,10,2368,2,18000,1.00422297297
34719,34725,37022,6,2297,2,18000,1.00261210274
34722,34731,37135,9,2404,2,18000,1.0037437604
35269,35276,37700,7,2424,2,18000,1.00288778878
36164,36170,38468,6,2298,2,18000,1.00261096606
36327,36333,38443,6,2110,2,18000,1.0028436019
36398,36404,38598,6,2194,2,18000,1.00273473108
36429,36435,48448,6,12013,2,18000,1.00049945892
36559,36565,38944,6,2379,2,18000,1.0025220681
36575,36581,38835,6,2254,2,18000,1.00266193434
36741,36747,39063,6,2316,2,18000,1.00259067358
36839,36845,39040,6,2195,2,18000,1.00273348519
36916,36922,39126,6,2204,2,18000,1.00272232305
37019,37026,39257,7,2231,2,18000,1.00313760645
37035,37042,39234,7,2192,2,18000,1.00319343066
37051,37057,39437,6,2380,2,18000,1.0025210084
37053,37063,39354,10,2291,2,18000,1.00436490615
37078,37085,39421,7,2336,2,18000,1.00299657534
37137,37143,39480,6,2337,2,18000,1.00256739409
37703,37709,48448,6,10739,2,18000,1.00055871124
37765,37781,48448,16,10667,2,18000,1.00149995313
37765,37775,48448,10,10673,2,18000,1.00093694369
37765,37770,48448,5,10678,2,18000,1.00046825248
37766,37787,48448,21,10661,2,18000,1.00196979645
37766,37792,48448,26,10656,2,18000,1.00243993994
37767,37802,48448,35,10646,2,18000,1.00328761976
37767,37797,48448,30,10651,2,18000,1.00281663694
37768,37812,48448,44,10636,2,18000,1.00413689357
37768,37817,48448,49,10631,2,18000,1.00460916189
37768,37807,48448,39,10641,2,18000,1.00366506907
37769,37823,48448,54,10625,2,18000,1.00508235294
37769,37833,48448,64,10615,2,18000,1.00602920396
37769,37840,48448,71,10608,2,18000,1.00669306184
37769,37828,48448,59,10620,2,18000,1.00555555556
37769,37845,48448,76,10603,2,18000,1.0071677827
37770,37850,48448,80,10598,2,18000,1.00754859407
37770,37855,48448,85,10593,2,18000,1.0080241669
37770,37860,48448,90,10588,2,18000,1.00850018889
37770,37870,48448,100,10578,2,18000,1.00945358291
37770,37876,48448,106,10572,2,18000,1.01002648505
37770,37865,48448,95,10583,2,18000,1.00897666068
37771,37881,48448,110,10567,2,18000,1.01040976625
37946,37952,44930,6,6978,8,21600,1.00085984523
38042,38048,44909,6,6861,8,21600,1.00087450809
38450,38456,48448,6,9992,2,18000,1.00060048038
38474,38480,48448,6,9968,2,18000,1.00060192616
38604,38610,48448,6,9838,2,18000,1.00060988006
38841,38847,48448,6,9601,2,18000,1.0006249349
38950,38956,48448,6,9492,2,18000,1.00063211125
39046,39052,48448,6,9396,2,18000,1.0006385696
39070,39076,48448,6,9372,2,18000,1.00064020487
39133,39139,48448,6,9309,2,18000,1.00064453754
39242,39248,48448,6,9200,2,18000,1.00065217391
39267,39274,48448,7,9174,2,18000,1.00076302594
39361,39367,48448,6,9081,2,18000,1.00066072019
39427,39433,48448,6,9015,2,18000,1.0006655574
39448,39454,48448,6,8994,2,18000,1.00066711141
39487,39493,48448,6,8955,2,18000,1.00067001675
48496,48502,50904,6,2402,2,18000,1.0024979184
48498,48508,50939,10,2431,2,18000,1.00411353353
48500,48513,50869,13,2356,2,18000,1.00551782683
48503,48518,50813,15,2295,2,18000,1.00653594771
48505,48524,50831,19,2307,2,18000,1.00823580407
48507,48529,50917,22,2388,2,18000,1.00921273032
48509,48534,50944,25,2410,2,18000,1.01037344398
48512,48539,50686,27,2147,2,18000,1.01257568701
48514,48544,50943,30,2399,2,18000,1.0125052105
48516,48549,50818,33,2269,2,18000,1.01454385192
48519,48554,51025,35,2471,2,18000,1.01416430595
48521,48561,51040,40,2479,2,18000,1.01613553852
48523,48566,50893,43,2327,2,18000,1.01847872798
48526,48571,50834,45,2263,2,18000,1.01988510826
48528,48576,50907,48,2331,2,18000,1.02059202059
48530,48581,50889,51,2308,2,18000,1.02209705373
48532,48586,50935,54,2349,2,18000,1.02298850575
48535,48591,50915,56,2324,2,18000,1.02409638554
48537,48596,50945,59,2349,2,18000,1.02511707109
48539,48602,50904,63,2302,2,18000,1.02736750652
48542,48607,50856,65,2249,2,18000,1.0289017341
48544,48612,50935,68,2323,2,18000,1.02927249247
48547,48617,50984,70,2367,2,18000,1.02957329954
48549,48622,50972,73,2350,2,18000,1.03106382979
48551,48627,50985,76,2358,2,18000,1.03223070399
48553,48632,50989,79,2357,2,18000,1.03351718286
48556,48638,50994,82,2356,2,18000,1.03480475382
48558,48643,51095,85,2452,2,18000,1.03466557912
48560,48648,51098,88,2450,2,18000,1.03591836735
48563,48653,50966,90,2313,2,18000,1.03891050584
48565,48658,51035,93,2377,2,18000,1.03912494741
48567,48664,51021,97,2357,2,18000,1.04115400933
48570,48669,51056,99,2387,2,18000,1.04147465438
48572,48674,50977,102,2303,2,18000,1.04429005645
48574,48679,51055,105,2376,2,18000,1.04419191919
48576,48684,51073,108,2389,2,18000,1.04520719967
48579,48689,50983,110,2294,2,18000,1.04795117698
48581,48694,51045,113,2351,2,18000,1.04806465334
48583,48699,50908,116,2209,2,18000,1.05251244907
48585,48704,51057,119,2353,2,18000,1.05057373566
49377,49383,53008,6,3625,1,3600,1.00165517241
50694,50700,52942,6,2242,2,18000,1.00267618198
50820,50826,52928,6,2102,2,18000,1.00285442436
50827,50834,53208,7,2374,2,18000,1.00294860994
50843,50849,53272,6,2423,2,18000,1.00247626909
50845,50855,53195,10,2340,2,18000,1.00427350427
50866,50872,53145,6,2273,2,18000,1.00263968324
50882,50888,53212,6,2324,2,18000,1.00258175559
50898,50904,53276,6,2372,2,18000,1.00252951096
50901,50910,53260,9,2350,2,18000,1.00382978723
50917,50923,53003,6,2080,2,18000,1.00288461538
50919,50929,53236,10,2307,2,18000,1.00433463372
50921,50934,53258,13,2324,2,18000,1.00559380379
50924,50939,53172,15,2233,2,18000,1.00671742051
50926,50945,53125,19,2180,2,18000,1.00871559633
50928,50950,53287,22,2337,2,18000,1.00941377835
50945,50957,53320,12,2363,2,18000,1.00507829031
50947,50962,53357,15,2395,2,18000,1.00626304802
50950,50967,53376,17,2409,2,18000,1.00705687007
50952,50974,53418,22,2444,2,18000,1.00900163666
50954,50979,53306,25,2327,2,18000,1.0107434465
50957,50984,53347,27,2363,2,18000,1.0114261532
50973,50990,53025,17,2035,2,18000,1.00835380835
50981,50995,53281,14,2286,2,18000,1.00612423447
50997,51004,53251,7,2247,2,18000,1.0031152648
51000,51010,53303,10,2293,2,18000,1.004361099
51002,51015,53317,13,2302,2,18000,1.00564726325
51004,51020,53413,16,2393,2,18000,1.00668616799
51006,51026,53398,20,2372,2,18000,1.0084317032
51009,51031,53429,22,2398,2,18000,1.00917431193
51030,51037,53335,7,2298,2,18000,1.00304612707
51032,51043,53238,11,2195,2,18000,1.00501138952
51049,51055,53293,6,2238,2,18000,1.00268096515
51051,51061,53454,10,2393,2,18000,1.00417885499
51053,51066,53287,13,2221,2,18000,1.00585321927
51069,51075,53461,6,2386,2,18000,1.0025146689
51072,51081,53265,9,2184,2,18000,1.00412087912
51074,51086,53511,12,2425,2,18000,1.00494845361
51090,51096,53195,6,2099,2,18000,1.00285850405
51106,51112,53398,6,2286,2,18000,1.00262467192
51108,51118,53331,10,2213,2,18000,1.00451875282
52935,52941,55188,6,2247,2,18000,1.00267022697
52951,52957,55363,6,2406,2,18000,1.00249376559
53011,53017,55408,6,2391,2,18000,1.00250941029
53031,53037,55408,6,2371,2,18000,1.00253057782
53133,53140,55357,7,2217,2,18000,1.00315741994
53154,53160,55610,6,2450,2,18000,1.00244897959
53183,53189,55569,6,2380,2,18000,1.0025210084
53204,53211,55509,7,2298,2,18000,1.00304612707
53207,53217,55597,10,2380,2,18000,1.00420168067
53222,53228,55649,6,2421,2,18000,1.00247831475
53224,53234,55674,10,2440,2,18000,1.00409836066
53245,53251,55751,6,2500,2,18000,1.0024
53248,53257,55594,9,2337,2,18000,1.00385109114
53264,53270,55620,6,2350,2,18000,1.00255319149
53266,53276,55647,10,2371,2,18000,1.00421762969
53268,53281,55532,13,2251,2,18000,1.00577521102
53285,53291,55514,6,2223,2,18000,1.00269905533
53287,53297,55594,10,2297,2,18000,1.00435350457
53289,53302,55625,13,2323,2,18000,1.0055962118
53292,53308,55737,16,2429,2,18000,1.00658707287
53308,53314,55686,6,2372,2,18000,1.00252951096
53311,53320,55648,9,2328,2,18000,1.00386597938
53313,53325,55437,12,2112,2,18000,1.00568181818
53315,53331,55620,16,2289,2,18000,1.00698995194
53317,53336,55445,19,2109,2,18000,1.00900900901
53333,53342,55652,9,2310,2,18000,1.0038961039
53336,53347,55760,11,2413,2,18000,1.0045586407
53338,53353,55729,15,2376,2,18000,1.00631313131
53354,53360,55696,6,2336,2,18000,1.00256849315
53356,53366,55741,10,2375,2,18000,1.00421052632
53372,53378,55413,6,2035,2,18000,1.00294840295
53388,53394,55583,6,2189,2,18000,1.00274097762
53409,53415,55665,6,2250,2,18000,1.00266666667
53411,53421,55823,10,2402,2,18000,1.00416319734
53427,53433,55877,6,2444,2,18000,1.00245499182
53429,53439,55886,10,2447,2,18000,1.0040866367
53445,53451,55735,6,2284,2,18000,1.00262697023
53460,53466,55831,6,2365,2,18000,1.00253699789
53476,53482,55835,6,2353,2,18000,1.00254993625
53518,53524,55802,6,2278,2,18000,1.00263388938
54030,54036,54231,6,195,4,600,1.03076923077
54482,54488,54678,6,190,4,600,1.03157894737
55195,55201,57625,6,2424,2,18000,1.00247524752
55363,55369,57654,6,2285,2,18000,1.00262582057
55371,55377,57645,6,2268,2,18000,1.00264550265
55416,55422,57663,6,2241,2,18000,1.00267737617
55418,55428,57608,10,2180,2,18000,1.00458715596
55421,55433,57817,12,2384,2,18000,1.00503355705
55445,55451,57736,6,2285,2,18000,1.00262582057
55460,55466,57859,6,2393,2,18000,1.002507313
55517,55524,57869,7,2345,2,18000,1.00298507463
55520,55530,57833,10,2303,2,18000,1.0043421624
55540,55547,57870,7,2323,2,18000,1.00301334481
55576,55582,57971,6,2389,2,18000,1.00251151109
55592,55598,57795,6,2197,2,18000,1.00273099681
55608,55614,57810,6,2196,2,18000,1.00273224044
55610,55620,57974,10,2354,2,18000,1.00424808836
55612,55625,57993,13,2368,2,18000,1.00548986486
55628,55635,58034,7,2399,2,18000,1.00291788245
55631,55641,58036,10,2395,2,18000,1.00417536534
55633,55646,57775,13,2129,2,18000,1.00610615312
55635,55651,57773,16,2122,2,18000,1.00754005655
55657,55662,58089,5,2427,2,18000,1.00206015657
55659,55669,57890,10,2221,2,18000,1.00450247636
55661,55674,57915,13,2241,2,18000,1.0058009817
55663,55679,58010,16,2331,2,18000,1.00686400686
55679,55685,57854,6,2169,2,18000,1.00276625173
55681,55691,57919,10,2228,2,18000,1.00448833034
55697,55704,58039,7,2335,2,18000,1.00299785867
55705,55711,58051,6,2340,2,18000,1.00256410256
55735,55741,58088,6,2347,2,18000,1.00255645505
55743,55748,58038,5,2290,2,18000,1.00218340611
55758,55765,58167,7,2402,2,18000,1.00291423813
55761,55771,57965,10,2194,2,18000,1.00455788514
55763,55776,57932,13,2156,2,18000,1.0060296846
55779,55785,57763,6,1978,2,18000,1.00303336704
55808,55814,58082,6,2268,2,18000,1.00264550265
55830,55836,58213,6,2377,2,18000,1.00252419016
55845,55852,58190,7,2338,2,18000,1.00299401198
55848,55858,58225,10,2367,2,18000,1.00422475708
55882,55888,55891,6,3,4,1800,1.0
55884,55894,58305,10,2411,2,18000,1.00414765657
55899,55905,58269,6,2364,2,18000,1.00253807107
56269,56275,59896,6,3621,1,3600,1.00165700083
56360,56366,56369,6,3,4,1800,1.0
56479,56485,56493,6,8,8,10800,1.4
56557,56563,56934,6,371,4,1800,1.01617250674
56930,56936,56937,6,1,1,900,1.0
57027,57033,62147,6,5114,8,10800,1.0011732499
57088,57094,57502,6,408,4,1800,1.01470588235
57548,57554,58777,6,1223,4,1800,1.00490596893
57615,57621,59919,6,2298,2,18000,1.00261096606
57635,57642,60016,7,2374,2,18000,1.00294860994
57651,57656,60110,5,2454,2,18000,1.00203748981
57667,57673,60078,6,2405,2,18000,1.00249480249
57669,57679,60026,10,2347,2,18000,1.00426075841
57699,57707,58777,8,1070,4,1800,1.00747663551
57746,57752,60092,6,2340,2,18000,1.00256410256
57770,57776,60123,6,2347,2,18000,1.00255645505
57786,57792,60197,6,2405,2,18000,1.00249480249
57788,57798,60192,10,2394,2,18000,1.00417710944
57804,57810,60191,6,2381,2,18000,1.0025199496
57820,57826,60133,6,2307,2,18000,1.00260078023
57827,57833,59984,6,2151,2,18000,1.00278940028
57843,57849,59985,6,2136,2,18000,1.00280898876
57864,57870,60336,6,2466,2,18000,1.00243309002
57866,57876,60225,10,2349,2,18000,1.00425713069
57882,57888,60187,6,2299,2,18000,1.00260983036
57884,57894,60243,10,2349,2,18000,1.00425713069
57900,57906,60240,6,2334,2,18000,1.00257069409
57921,57927,60357,6,2430,2,18000,1.0024691358
57928,57934,60310,6,2376,2,18000,1.00252525253
57944,57950,60346,6,2396,2,18000,1.00250417362
57976,57982,60456,6,2474,2,18000,1.00242522231
57979,57988,60368,9,2380,2,18000,1.00378151261
57981,57993,60365,12,2372,2,18000,1.00505902192
58002,58008,60340,6,2332,2,18000,1.0025728988
58017,58024,60303,7,2279,2,18000,1.0030715226
58042,58047,60485,5,2438,2,18000,1.00205086136
58044,58053,60355,9,2302,2,18000,1.00390964379
58046,58058,60377,12,2319,2,18000,1.00517464424
58049,58064,60446,15,2382,2,18000,1.00629722922
58065,58071,60326,6,2255,2,18000,1.00266075388
58089,58095,60301,6,2206,2,18000,1.00271985494
58096,58102,60226,6,2124,2,18000,1.00282485876
58099,58108,60479,9,2371,2,18000,1.00379586672
58174,58180,60538,6,2358,2,18000,1.00254452926
58198,58204,60686,6,2482,2,18000,1.00241740532
58219,58225,60580,6,2355,2,18000,1.0025477707
58235,58241,60572,6,2331,2,18000,1.00257400257
58277,58283,60730,6,2447,2,18000,1.00245198202
58313,58319,60387,6,2068,2,18000,1.00290135397
58601,58607,58622,6,15,8,3600,1.4
58647,58653,62259,6,3606,8,3600,1.00166389351
58819,58825,59907,6,1082,16,3600,1.00554528651
59403,59409,77621,6,18212,1,86400,1.00032945311
59914,59920,61295,6,1375,1,82800,1.00436363636
59926,59933,62395,7,2462,2,18000,1.0028432169
59990,59995,62148,5,2153,2,18000,1.00232234092
59992,60001,62347,9,2346,2,18000,1.00383631714
60022,60028,62491,6,2463,2,18000,1.00243605359
60038,60044,62354,6,2310,2,18000,1.0025974026
60086,60092,62440,6,2348,2,18000,1.00255536627
60101,60108,62462,7,2354,2,18000,1.00297366185
60117,60123,62443,6,2320,2,18000,1.0025862069
60133,60139,62594,6,2455,2,18000,1.00244399185
60148,60155,62485,7,2330,2,18000,1.00300429185
60194,60200,62500,6,2300,2,18000,1.00260869565
60201,60207,62480,6,2273,2,18000,1.00263968324
60204,60213,62614,9,2401,2,18000,1.00374843815
60219,60225,62551,6,2326,2,18000,1.00257953568
60235,60241,62567,6,2326,2,18000,1.00257953568
60238,60247,62427,9,2180,2,18000,1.00412844037
60253,60259,62527,6,2268,2,18000,1.00264550265
60256,60265,62580,9,2315,2,18000,1.00388768898
60312,60318,62613,6,2295,2,18000,1.00261437908
60314,60324,62701,10,2377,2,18000,1.00420698359
60317,60329,62639,12,2310,2,18000,1.00519480519
60333,60339,62566,6,2227,2,18000,1.00269420745
60349,60356,62715,7,2359,2,18000,1.00296735905
60352,60362,62573,10,2211,2,18000,1.00452284034
60354,60367,62652,13,2285,2,18000,1.0056892779
60358,60373,60447,15,74,16,3600,1.2027027027
60371,60379,62785,8,2406,2,18000,1.00332502078
60373,60384,62519,11,2135,2,18000,1.00515222482
60375,60390,62774,15,2384,2,18000,1.00629194631
60377,60395,62828,18,2433,2,18000,1.00739827374
60394,60401,62808,7,2407,2,18000,1.00290818446
60396,60407,62698,11,2291,2,18000,1.00480139677
60454,60460,62739,6,2279,2,18000,1.00263273366
60469,60475,62776,6,2301,2,18000,1.00260756193
60469,60480,73136,11,12656,4,86400,1.00086915297
60485,60492,62633,7,2141,2,18000,1.00326950023
60493,60499,62843,6,2344,2,18000,1.00255972696
60544,60549,62869,5,2320,2,18000,1.00215517241
60580,60586,62644,6,2058,2,18000,1.0029154519
60596,60602,62986,6,2384,2,18000,1.00251677852
60692,60698,62905,6,2207,2,18000,1.00271862256
60738,60744,63087,6,2343,2,18000,1.00256081946
60757,60763,61031,6,268,32,3600,1.0223880597
61673,61679,77621,6,15942,1,86400,1.00037636432
62155,62161,64559,6,2398,2,18000,1.00250208507
62355,62361,64583,6,2222,2,18000,1.00270027003
62362,62368,64725,6,2357,2,18000,1.00254560882
62401,62407,64738,6,2331,2,18000,1.00257400257
62434,62440,64822,6,2382,2,18000,1.00251889169
62450,62456,64846,6,2390,2,18000,1.00251046025
62452,62462,64749,10,2287,2,18000,1.00437254045
62460,62468,62841,8,373,32,3600,1.02144772118
62467,62474,64778,7,2304,2,18000,1.00303819444
62488,62495,64867,7,2372,2,18000,1.00295109612
62491,62501,64770,10,2269,2,18000,1.00440722785
62507,62513,64756,6,2243,2,18000,1.00267498885
62509,62519,64880,10,2361,2,18000,1.00423549343
62524,62530,64916,6,2386,2,18000,1.0025146689
62540,62546,64868,6,2322,2,18000,1.00258397933
62561,62567,64751,6,2184,2,18000,1.00274725275
62577,62583,64867,6,2284,2,18000,1.00262697023
62579,62589,64998,10,2409,2,18000,1.00415110004
62581,62594,65067,13,2473,2,18000,1.00525677315
62597,62603,64886,6,2283,2,18000,1.00262812089
62600,62609,64921,9,2312,2,18000,1.00389273356
62621,62627,64922,6,2295,2,18000,1.00261437908
62623,62633,65007,10,2374,2,18000,1.00421229992
62639,62645,65086,6,2441,2,18000,1.00245800901
62655,62661,64976,6,2315,2,18000,1.00259179266
62657,62667,65027,10,2360,2,18000,1.00423728814
62659,62672,65049,13,2377,2,18000,1.00546907867
62705,62711,65004,6,2293,2,18000,1.0026166594
62707,62717,65020,10,2303,2,18000,1.0043421624
62723,62729,65006,6,2277,2,18000,1.00263504611
62747,62753,64997,6,2244,2,18000,1.00267379679
62780,62786,65231,6,2445,2,18000,1.00245398773
62782,62792,64980,10,2188,2,18000,1.00457038391
62798,62804,65146,6,2342,2,18000,1.00256191289
62819,62825,65261,6,2436,2,18000,1.00246305419
62835,62841,65209,6,2368,2,18000,1.00253378378
62850,62856,65184,6,2328,2,18000,1.00257731959
62877,62883,65164,6,2281,2,18000,1.00263042525
62913,62919,65259,6,2340,2,18000,1.00256410256
62995,63001,65390,6,2389,2,18000,1.00251151109
63095,63101,65425,6,2324,2,18000,1.00258175559
63115,63121,64018,6,897,16,3600,1.00668896321
64069,64075,64612,6,537,16,3600,1.01117318436
64567,64573,66976,6,2403,2,18000,1.0024968789
64591,64597,67027,6,2430,2,18000,1.0024691358
64615,64621,68242,6,3621,16,3600,1.00165700083
64732,64738,66940,6,2202,2,18000,1.00272479564
64748,64754,67076,6,2322,2,18000,1.00258397933
64764,64770,67170,6,2400,2,18000,1.0025
64766,64776,67070,10,2294,2,18000,1.00435919791
64769,64781,67273,12,2492,2,18000,1.00481540931
64785,64791,67011,6,2220,2,18000,1.0027027027
64787,64797,67076,10,2279,2,18000,1.00438788943
64829,64835,67310,6,2475,2,18000,1.00242424242
64853,64859,67193,6,2334,2,18000,1.00257069409
64874,64879,67171,5,2292,2,18000,1.00218150087
64876,64886,67087,10,2201,2,18000,1.00454338937
64878,64891,67341,13,2450,2,18000,1.00530612245
64894,64901,67317,7,2416,2,18000,1.00289735099
64897,64907,67260,10,2353,2,18000,1.00424989375
64924,64930,67243,6,2313,2,18000,1.00259403372
64926,64936,67399,10,2463,2,18000,1.00406008932
64929,64941,67280,12,2339,2,18000,1.00513039761
64983,64989,67288,6,2299,2,18000,1.00260983036
64990,64997,67379,7,2382,2,18000,1.00293870697
65007,65013,67428,6,2415,2,18000,1.00248447205
65009,65019,67455,10,2436,2,18000,1.00410509031
65011,65024,67462,13,2438,2,18000,1.00533223954
65013,65029,67327,16,2298,2,18000,1.00696257615
65029,65035,67231,6,2196,2,18000,1.00273224044
65032,65041,67468,9,2427,2,18000,1.00370828183
65034,65046,67162,12,2116,2,18000,1.0056710775
65060,65066,67254,6,2188,2,18000,1.00274223035
65075,65082,67348,7,2266,2,18000,1.00308914387
65096,65102,67489,6,2387,2,18000,1.00251361542
65132,65138,71999,6,6861,8,10800,1.00087450809
65153,65159,67553,6,2394,2,18000,1.00250626566
65174,65180,67475,6,2295,2,18000,1.00261437908
65189,65195,67581,6,2386,2,18000,1.0025146689
65216,65222,67563,6,2341,2,18000,1.00256300726
65242,65248,67657,6,2409,2,18000,1.00249066002
65266,65272,67637,6,2365,2,18000,1.00253699789
65268,65278,67312,10,2034,2,18000,1.00491642085
65398,65404,67671,6,2267,2,18000,1.00264666961
65431,65437,67756,6,2319,2,18000,1.00258732212
66948,66954,69387,6,2433,2,18000,1.00246609125
66984,66990,69306,6,2316,2,18000,1.00259067358
67017,67023,69148,6,2125,2,18000,1.00282352941
67033,67039,69280,6,2241,2,18000,1.00267737617
67079,67085,69161,6,2076,2,18000,1.00289017341
67081,67091,69421,10,2330,2,18000,1.00429184549
67084,67096,69594,12,2498,2,18000,1.00480384307
67099,67105,69603,6,2498,2,18000,1.00240192154
67168,67175,69549,7,2374,2,18000,1.00294860994
67184,67190,69474,6,2284,2,18000,1.00262697023
67186,67196,69575,10,2379,2,18000,1.00420344683
67202,67208,69519,6,2311,2,18000,1.00259627867
67238,67244,69617,6,2373,2,18000,1.00252844501
67254,67260,69593,6,2333,2,18000,1.00257179597
67261,67267,69621,6,2354,2,18000,1.00254885302
67277,67283,69628,6,2345,2,18000,1.00255863539
67280,67290,69653,10,2363,2,18000,1.00423190859
67297,67303,69598,6,2295,2,18000,1.00261437908
67299,67309,69685,10,2376,2,18000,1.00420875421
67320,67327,69450,7,2123,2,18000,1.00329722091
67323,67333,69688,10,2355,2,18000,1.0042462845
67325,67338,69643,13,2305,2,18000,1.00563991323
67341,67347,69605,6,2258,2,18000,1.00265721878
67357,67363,69684,6,2321,2,18000,1.00258509263
67359,67369,69722,10,2353,2,18000,1.00424989375
67386,67392,69794,6,2402,2,18000,1.0024979184
67407,67413,69724,6,2311,2,18000,1.00259627867
67437,67443,69807,6,2364,2,18000,1.00253807107
67461,67466,69805,5,2339,2,18000,1.00213766567
67477,67483,69751,6,2268,2,18000,1.00264550265
67479,67489,69770,10,2281,2,18000,1.00438404209
67481,67494,69844,13,2350,2,18000,1.00553191489
67497,67503,69760,6,2257,2,18000,1.0026583961
67560,67566,69814,6,2248,2,18000,1.00266903915
67576,67582,69879,6,2297,2,18000,1.00261210274
67591,67598,69767,7,2169,2,18000,1.00322729368
67648,67654,69767,6,2113,2,18000,1.0028395646
67664,67670,70041,6,2371,2,18000,1.00253057782
67679,67686,69982,7,2296,2,18000,1.00304878049
67766,67773,70063,7,2290,2,18000,1.00305676856
69159,69165,71573,6,2408,2,18000,1.00249169435
69175,69181,71481,6,2300,2,18000,1.00260869565
69291,69297,71514,6,2217,2,18000,1.00270635995
69317,69323,71580,6,2257,2,18000,1.0026583961
69395,69401,71793,6,2392,2,18000,1.0025083612
69428,69434,71790,6,2356,2,18000,1.0025466893
69457,69464,71875,7,2411,2,18000,1.0029033596
69481,69487,71854,6,2367,2,18000,1.00253485425
69526,69532,71868,6,2336,2,18000,1.00256849315
69556,69562,71760,6,2198,2,18000,1.00272975432
69583,69589,71805,6,2216,2,18000,1.00270758123
69604,69610,71872,6,2262,2,18000,1.00265251989
69607,69615,71935,8,2320,2,18000,1.00344827586
69609,69620,72062,11,2442,2,18000,1.0045045045
69611,69627,71951,16,2324,2,18000,1.00688468158
69627,69633,71937,6,2304,2,18000,1.00260416667
69629,69638,71844,9,2206,2,18000,1.00407978241
69632,69643,72057,11,2414,2,18000,1.00455675228
69647,69653,72010,6,2357,2,18000,1.00254560882
69650,69659,72000,9,2341,2,18000,1.00384451089
69665,69672,72001,7,2329,2,18000,1.00300558179
69690,69695,72103,5,2408,2,18000,1.00207641196
69692,69701,71975,9,2274,2,18000,1.00395778364
69694,69706,71848,12,2142,2,18000,1.0056022409
69733,69739,72057,6,2318,2,18000,1.00258843831
69735,69745,72154,10,2409,2,18000,1.00415110004
69759,69765,72110,6,2345,2,18000,1.00255863539
69775,69781,72033,6,2252,2,18000,1.0026642984
69778,69787,72121,9,2334,2,18000,1.00385604113
69780,69792,72221,12,2429,2,18000,1.00494030465
69782,69798,72126,16,2328,2,18000,1.00687285223
69803,69810,72046,7,2236,2,18000,1.00313059034
69819,69825,72059,6,2234,2,18000,1.00268576544
69821,69831,72064,10,2233,2,18000,1.00447828034
69824,69836,72110,12,2274,2,18000,1.00527704485
69850,69857,71977,7,2120,2,18000,1.00330188679
69887,69893,72216,6,2323,2,18000,1.00258286698
69989,69995,72376,6,2381,2,18000,1.0025199496
70047,70053,72490,6,2437,2,18000,1.0024620435
70073,70079,72290,6,2211,2,18000,1.00271370421
71130,71136,95503,6,24367,16,36000,1.00024623466
71488,71494,73828,6,2334,2,18000,1.00257069409
71521,71527,73813,6,2286,2,18000,1.00262467192
71581,71587,73620,6,2033,2,18000,1.00295130349
71588,71594,73987,6,2393,2,18000,1.002507313
71766,71772,74076,6,2304,2,18000,1.00260416667
71801,71807,74245,6,2438,2,18000,1.00246103363
71803,71813,74170,10,2357,2,18000,1.00424268137
71819,71825,74110,6,2285,2,18000,1.00262582057
71852,71858,74093,6,2235,2,18000,1.00268456376
71854,71864,74121,10,2257,2,18000,1.00443066017
71870,71877,74246,7,2369,2,18000,1.00295483326
71878,71884,74293,6,2409,2,18000,1.00249066002
71894,71900,74199,6,2299,2,18000,1.00260983036
71896,71906,74273,10,2367,2,18000,1.00422475708
71941,71947,74229,6,2282,2,18000,1.00262927257
71944,71953,74389,9,2436,2,18000,1.00369458128
71959,71966,74314,7,2348,2,18000,1.00298126065
71983,71990,74396,7,2406,2,18000,1.00290939318
71986,71996,74400,10,2404,2,18000,1.00415973378
72007,72013,74323,6,2310,2,18000,1.0025974026
72009,72019,74279,10,2260,2,18000,1.00442477876
72025,72031,74389,6,2358,2,18000,1.00254452926
72041,72047,74395,6,2348,2,18000,1.00255536627
72056,72063,74389,7,2326,2,18000,1.0030094583
72073,72079,74409,6,2330,2,18000,1.0025751073
72075,72085,74518,10,2433,2,18000,1.00411015208
72077,72090,74443,13,2353,2,18000,1.00552486188
72079,72095,74391,16,2296,2,18000,1.00696864111
72082,72101,74372,19,2271,2,18000,1.00836635843
72114,72120,74294,6,2174,2,18000,1.0027598896
72116,72126,74483,10,2357,2,18000,1.00424268137
72119,72131,74476,12,2345,2,18000,1.00511727079
72135,72141,74528,6,2387,2,18000,1.00251361542
72137,72147,74445,10,2298,2,18000,1.0043516101
72161,72167,74441,6,2274,2,18000,1.00263852243
72224,72231,74390,7,2159,2,18000,1.00324224178
72227,72237,74518,10,2281,2,18000,1.00438404209
72296,72302,74498,6,2196,2,18000,1.00273224044
72342,72348,72368,6,20,16,600,1.3
72382,72388,72391,6,3,16,600,1.0
72383,72394,74695,11,2301,2,18000,1.0047805302
72468,72474,72476,6,2,16,600,1.0
72499,72505,74719,6,2214,2,18000,1.0027100271
72672,72678,72681,6,3,16,600,1.0
73012,73018,73878,6,860,16,10800,1.00697674419
73627,73633,75989,6,2356,2,18000,1.0025466893
73820,73826,76082,6,2256,2,18000,1.00265957447
73836,73842,76005,6,2163,2,18000,1.0027739251
73997,74004,76265,7,2261,2,18000,1.00309597523
74085,74091,76506,6,2415,2,18000,1.00248447205
74100,74107,76458,7,2351,2,18000,1.0029774564
74116,74122,76485,6,2363,2,18000,1.00253914515
74132,74138,76518,6,2380,2,18000,1.0025210084
74177,74183,76327,6,2144,2,18000,1.00279850746
74206,74213,76518,7,2305,2,18000,1.00303687636
74236,74243,76583,7,2340,2,18000,1.00299145299
74252,74259,76673,7,2414,2,18000,1.00289975145
74255,74265,76710,10,2445,2,18000,1.00408997955
74279,74285,76563,6,2278,2,18000,1.00263388938
74286,74293,76635,7,2342,2,18000,1.00298889838
74303,74309,76631,6,2322,2,18000,1.00258397933
74305,74315,76737,10,2422,2,18000,1.00412881916
74320,74327,76739,7,2412,2,18000,1.00290215589
74336,74342,76556,6,2214,2,18000,1.0027100271
74378,74384,76745,6,2361,2,18000,1.00254129606
74400,74406,76701,6,2295,2,18000,1.00261437908
74402,74412,76763,10,2351,2,18000,1.00425350915
74405,74417,76889,12,2472,2,18000,1.00485436893
74407,74423,76746,16,2323,2,18000,1.00688764529
74409,74428,76586,19,2158,2,18000,1.00880444856
74412,74433,76824,21,2391,2,18000,1.00878293601
74414,74438,76820,24,2382,2,18000,1.01007556675
74416,74443,76804,27,2361,2,18000,1.01143583227
74432,74449,76697,17,2248,2,18000,1.00756227758
74448,74455,76605,7,2150,2,18000,1.00325581395
74450,74461,76766,11,2305,2,18000,1.00477223427
74453,74466,76691,13,2225,2,18000,1.00584269663
74483,74489,76799,6,2310,2,18000,1.0025974026
74490,74497,76888,7,2391,2,18000,1.00292764534
74506,74512,76809,6,2297,2,18000,1.00261210274
74527,74533,76907,6,2374,2,18000,1.00252737995
74530,74539,76749,9,2210,2,18000,1.00407239819
74545,74551,76820,6,2269,2,18000,1.00264433671
74702,74708,77091,6,2383,2,18000,1.00251783466
74726,74732,77079,6,2347,2,18000,1.00255645505
75995,76002,78083,7,2081,2,18000,1.00336376742
76011,76017,78358,6,2341,2,18000,1.00256300726
76089,76095,78496,6,2401,2,18000,1.00249895877
76227,76233,76245,6,12,1,3600,1.5
76274,76286,76295,12,9,4,86400,2.1
76275,76280,78547,5,2267,2,18000,1.00220555801
76305,76311,83392,6,7081,4,86400,1.00084733795
76335,76341,78576,6,2235,2,18000,1.00268456376
76449,76455,76468,6,13,1,3600,1.46153846154
76464,76470,78878,6,2408,2,18000,1.00249169435
76491,76497,78858,6,2361,2,18000,1.00254129606
76513,76519,78815,6,2296,2,18000,1.00261324042
76528,76535,78985,7,2450,2,18000,1.00285714286
76531,76541,78869,10,2328,2,18000,1.00429553265
76564,76570,78846,6,2276,2,18000,1.00263620387
76571,76577,78983,6,2406,2,18000,1.00249376559
76592,76598,78966,6,2368,2,18000,1.00253378378
76594,76604,78845,10,2241,2,18000,1.00446229362
76605,76611,76617,6,6,1,3600,1.2
76615,76621,78994,6,2373,2,18000,1.00252844501
76639,76645,78996,6,2351,2,18000,1.00255210549
76641,76651,79101,10,2450,2,18000,1.00408163265
76680,76687,79134,7,2447,2,18000,1.00286064569
76702,76707,78730,5,2023,2,18000,1.00247157687
76704,76714,79090,10,2376,2,18000,1.00420875421
76711,76720,79116,9,2396,2,18000,1.00375626043
76727,76733,78916,6,2183,2,18000,1.00274851122
76743,76749,79121,6,2372,2,18000,1.00252951096
76745,76755,78986,10,2231,2,18000,1.00448229494
76761,76768,79000,7,2232,2,18000,1.00313620072
76764,76773,79194,9,2421,2,18000,1.00371747212
76766,76779,79057,13,2278,2,18000,1.00570676032
76782,76788,79037,6,2249,2,18000,1.00266785238
76784,76794,79152,10,2358,2,18000,1.0042408821
76805,76811,79190,6,2379,2,18000,1.0025220681
76813,76819,78966,6,2147,2,18000,1.00279459711
76829,76835,79235,6,2400,2,18000,1.0025
76831,76841,79069,10,2228,2,18000,1.00448833034
76833,76846,79243,13,2397,2,18000,1.00542344597
76836,76851,79304,15,2453,2,18000,1.00611496127
76896,76902,79304,6,2402,2,18000,1.0024979184
76898,76908,78827,10,1919,2,18000,1.00521104742
76914,76920,79263,6,2343,2,18000,1.00256081946
76982,76988,76999,6,11,16,3600,1.54545454545
77009,77015,77041,6,26,1,3600,1.23076923077
77086,77092,79500,6,2408,2,18000,1.00249169435
77102,77108,79489,6,2381,2,18000,1.0025199496
77305,77315,77334,10,19,16,3600,1.52631578947
77305,77310,77322,5,12,16,3600,1.41666666667
77305,77342,77358,37,16,16,3600,3.3125
77305,77320,77337,15,17,16,3600,1.88235294118
77305,77336,77348,31,12,16,3600,3.58333333333
77305,77326,77337,21,11,16,3600,2.90909090909
77305,77331,77343,26,12,16,3600,3.16666666667
77306,77379,77389,73,10,16,3600,8.3
77306,77374,77384,68,10,16,3600,7.8
77306,77347,77358,41,11,16,3600,4.72727272727
77306,77363,77379,57,16,16,3600,4.5625
77306,77352,77366,46,14,16,3600,4.28571428571
77306,77368,77381,62,13,16,3600,5.76923076923
77306,77358,77369,52,11,16,3600,5.72727272727
77307,77422,77430,115,8,16,3600,12.3
77307,77417,77429,110,12,16,3600,10.1666666667
77307,77412,77422,105,10,16,3600,11.5
77307,77401,77410,94,9,16,3600,10.3
77307,77396,77405,89,9,16,3600,9.8
77307,77390,77400,83,10,16,3600,9.3
77307,77384,77394,77,10,16,3600,8.7
77307,77407,77416,100,9,16,3600,10.9
77308,77433,77442,125,9,16,3600,13.4
77308,77438,77446,130,8,16,3600,13.8
77308,77443,77451,135,8,16,3600,14.3
77308,77449,77457,141,8,16,3600,14.9
77308,77454,77463,146,9,16,3600,15.5
77308,77460,77468,152,8,16,3600,16.0
77308,77465,77473,157,8,16,3600,16.5
77308,77428,77436,120,8,16,3600,12.8
77309,77498,77507,189,9,16,3600,19.8
77309,77503,77522,194,19,16,3600,11.2105263158
77309,77492,77503,183,11,16,3600,17.6363636364
77309,77481,77492,172,11,16,3600,16.6363636364
77309,77487,77497,178,10,16,3600,18.8
77309,77476,77487,167,11,16,3600,16.1818181818
77309,77471,77482,162,11,16,3600,15.7272727273
77310,77515,77527,205,12,16,3600,18.0833333333
77310,77508,77518,198,10,16,3600,20.8
77310,77564,77574,254,10,16,3600,26.4
77310,77559,77569,249,10,16,3600,25.9
77310,77554,77566,244,12,16,3600,21.3333333333
77310,77570,77579,260,9,16,3600,26.9
77310,77531,77540,221,9,16,3600,23.0
77310,77525,77536,215,11,16,3600,20.5454545455
77310,77520,77532,210,12,16,3600,18.5
77311,77542,77553,231,11,16,3600,22.0
77311,77547,77556,236,9,16,3600,24.5
77311,77592,77602,281,10,16,3600,29.1
77311,77597,77606,286,9,16,3600,29.5
77311,77576,77586,265,10,16,3600,27.5
77311,77537,77549,226,12,16,3600,19.8333333333
77311,77586,77596,275,10,16,3600,28.5
77311,77581,77591,270,10,16,3600,28.0
77312,77608,77616,296,8,16,3600,30.4
77312,77602,77616,290,14,16,3600,21.7142857143
77312,77614,77622,302,8,16,3600,31.0
77312,77619,77627,307,8,16,3600,31.5
77312,77624,77632,312,8,16,3600,32.0
77312,77629,77638,317,9,16,3600,32.6
77312,77636,77646,324,10,16,3600,33.4
77312,77642,77652,330,10,16,3600,34.0
77313,77652,77663,339,11,16,3600,31.8181818182
77313,77668,77679,355,11,16,3600,33.2727272727
77313,77673,77684,360,11,16,3600,33.7272727273
77313,77678,77689,365,11,16,3600,34.1818181818
77313,77683,77694,370,11,16,3600,34.6363636364
77313,77695,77705,382,10,16,3600,39.2
77313,77663,77678,350,15,16,3600,24.3333333333
77313,77647,77661,334,14,16,3600,24.8571428571
77314,77732,77742,418,10,16,3600,42.8
77314,77727,77737,413,10,16,3600,42.3
77314,77738,77747,424,9,16,3600,43.3
77314,77716,77725,402,9,16,3600,41.1
77314,77711,77720,397,9,16,3600,40.6
77314,77706,77715,392,9,16,3600,40.1
77314,77700,77712,386,12,16,3600,33.1666666667
77314,77722,77732,408,10,16,3600,41.8
77315,77781,77790,466,9,16,3600,47.5
77315,77776,77784,461,8,16,3600,46.9
77315,77766,77774,451,8,16,3600,45.9
77315,77771,77780,456,9,16,3600,46.5
77315,77754,77763,439,9,16,3600,44.8
77315,77749,77759,434,10,16,3600,44.4
77315,77744,77753,429,9,16,3600,43.8
77315,77760,77772,445,12,16,3600,38.0833333333
77316,77788,77797,472,9,16,3600,48.1
77316,77793,77803,477,10,16,3600,48.7
77316,77798,77812,482,14,16,3600,35.4285714286
77316,77804,77813,488,9,16,3600,49.7
77316,77810,77826,494,16,16,3600,31.875
77316,77843,77851,527,8,16,3600,53.5
77316,77837,77850,521,13,16,3600,41.0769230769
77316,77848,77856,532,8,16,3600,54.0
77317,77854,77864,537,10,16,3600,54.7
77317,77825,77835,508,10,16,3600,51.8
77317,77820,77830,503,10,16,3600,51.3
77317,77859,77870,542,11,16,3600,50.2727272727
77317,77815,77826,498,11,16,3600,46.2727272727
77317,77864,77874,547,10,16,3600,55.7
77317,77870,77879,553,9,16,3600,56.2
77318,77917,77927,599,10,16,3600,60.9
77318,77912,77921,594,9,16,3600,60.3
77318,77904,77913,586,9,16,3600,59.5
77318,77881,77891,563,10,16,3600,57.3
77318,77892,77901,574,9,16,3600,58.3
77318,77876,77885,558,9,16,3600,56.7
77318,77886,77901,568,15,16,3600,38.8666666667
77319,77954,77962,635,8,16,3600,64.3
77319,77946,77955,627,9,16,3600,63.6
77319,77933,77942,614,9,16,3600,62.3
77319,77925,77934,606,9,16,3600,61.5
77319,77939,77947,620,8,16,3600,62.8
77320,77966,77974,646,8,16,3600,65.4
77320,77973,77981,653,8,16,3600,66.1
77320,77984,77992,664,8,16,3600,67.2
77320,77990,77998,670,8,16,3600,67.8
77320,77960,77973,640,13,16,3600,50.2307692308
77321,77996,78004,675,8,16,3600,68.3
77321,78003,78011,682,8,16,3600,69.0
77321,78009,78020,688,11,16,3600,63.5454545455
77321,78015,78025,694,10,16,3600,70.4
77322,78070,78080,748,10,16,3600,75.8
77322,78076,78086,754,10,16,3600,76.4
77322,78052,78062,730,10,16,3600,74.0
77322,78043,78059,721,16,16,3600,46.0625
77322,78022,78032,700,10,16,3600,71.0
77322,78058,78068,736,10,16,3600,74.6
77322,78037,78047,715,10,16,3600,72.5
77322,78031,78041,709,10,16,3600,71.9
77323,78091,78100,768,9,16,3600,77.7
77323,78102,78113,779,11,16,3600,71.8181818182
77323,78108,78117,785,9,16,3600,79.4
77323,78114,78123,791,9,16,3600,80.0
77323,78124,78133,801,9,16,3600,81.0
77323,78130,78139,807,9,16,3600,81.6
77323,78082,78092,759,10,16,3600,76.9
77324,78181,78191,857,10,16,3600,86.7
77324,78176,78185,852,9,16,3600,86.1
77324,78170,78178,846,8,16,3600,85.4
77324,78150,78159,826,9,16,3600,83.5
77324,78156,78165,832,9,16,3600,84.1
77324,78136,78145,812,9,16,3600,82.1
77324,78164,78172,840,8,16,3600,84.8
77324,78144,78153,820,9,16,3600,82.9
77325,78219,78229,894,10,16,3600,90.4
77325,78224,78234,899,10,16,3600,90.9
77325,78211,78219,886,8,16,3600,89.4
77325,78193,78208,868,15,16,3600,58.8666666667
77325,78199,78207,874,8,16,3600,88.2
77325,78205,78213,880,8,16,3600,88.8
77325,78187,78195,862,8,16,3600,87.0
77326,78230,78244,904,14,16,3600,65.5714285714
77326,78235,78250,909,15,16,3600,61.6
77326,78241,78251,915,10,16,3600,92.5
77326,78247,78257,921,10,16,3600,93.1
77326,78255,78265,929,10,16,3600,93.9
77326,78261,78271,935,10,16,3600,94.5
77326,78266,78282,940,16,16,3600,59.75
77326,78272,78282,946,10,16,3600,95.6
77327,78315,78324,988,9,16,3600,99.7
77327,78309,78319,982,10,16,3600,99.2
77327,78278,78288,951,10,16,3600,96.1
77327,78298,78312,971,14,16,3600,70.3571428571
77327,78293,78302,966,9,16,3600,97.5
77327,78284,78293,957,9,16,3600,96.6
77327,78304,78318,977,14,16,3600,70.7857142857
77328,78365,78373,1037,8,16,3600,104.5
77328,78353,78361,1025,8,16,3600,103.3
77328,78359,78367,1031,8,16,3600,103.9
77328,78341,78349,1013,8,16,3600,102.1
77328,78335,78345,1007,10,16,3600,101.7
77328,78330,78339,1002,9,16,3600,101.1
77328,78324,78333,996,9,16,3600,100.5
77328,78347,78355,1019,8,16,3600,102.7
77329,78371,78379,1042,8,16,3600,105.0
77329,78382,78390,1053,8,16,3600,106.1
77329,78388,78396,1059,8,16,3600,106.7
77329,78393,78401,1064,8,16,3600,107.2
77329,78399,78407,1070,8,16,3600,107.8
77329,78405,78416,1076,11,16,3600,98.8181818182
77329,78411,78421,1082,10,16,3600,109.2
77330,78461,78474,1131,13,16,3600,88.0
77330,78456,78466,1126,10,16,3600,113.6
77330,78450,78460,1120,10,16,3600,113.0
77330,78417,78427,1087,10,16,3600,109.7
77330,78435,78446,1105,11,16,3600,101.454545455
77330,78423,78441,1093,18,16,3600,61.7222222222
77330,78429,78439,1099,10,16,3600,110.9
77330,78441,78451,1111,10,16,3600,112.1
77331,78503,78516,1172,13,16,3600,91.1538461538
77331,78497,78508,1166,11,16,3600,107.0
77331,78467,78477,1136,10,16,3600,114.6
77331,78485,78494,1154,9,16,3600,116.3
77331,78479,78488,1148,9,16,3600,115.7
77331,78473,78482,1142,9,16,3600,115.1
77331,78491,78500,1160,9,16,3600,116.9
77332,78509,78518,1177,9,16,3600,118.6
77332,78520,78529,1188,9,16,3600,119.7
77332,78526,78536,1194,10,16,3600,120.4
77332,78532,78541,1200,9,16,3600,120.9
77332,78537,78545,1205,8,16,3600,121.3
77332,78543,78553,1211,10,16,3600,122.1
77332,78549,78557,1217,8,16,3600,122.5
77332,78555,78569,1223,14,16,3600,88.3571428571
77333,78606,78616,1273,10,16,3600,128.3
77333,78600,78611,1267,11,16,3600,116.181818182
77333,78566,78574,1233,8,16,3600,124.1
77333,78583,78591,1250,8,16,3600,125.8
77333,78577,78585,1244,8,16,3600,125.2
77333,78589,78597,1256,8,16,3600,126.4
77333,78572,78580,1239,8,16,3600,124.7
77334,78611,78621,1277,10,16,3600,128.7
77334,78617,78627,1283,10,16,3600,129.3
77334,78623,78633,1289,10,16,3600,129.9
77334,78629,78639,1295,10,16,3600,130.5
77334,78635,78645,1301,10,16,3600,131.1
77334,78641,78651,1307,10,16,3600,131.7
77334,78647,78657,1313,10,16,3600,132.3
77334,78653,78663,1319,10,16,3600,132.9
77335,78697,78706,1362,9,16,3600,137.1
77335,78689,78698,1354,9,16,3600,136.3
77335,78702,78711,1367,9,16,3600,137.6
77335,78677,78686,1342,9,16,3600,135.1
77335,78671,78686,1336,15,16,3600,90.0666666667
77335,78665,78674,1330,9,16,3600,133.9
77335,78659,78669,1324,10,16,3600,133.4
77335,78683,78692,1348,9,16,3600,135.7
77336,78708,78722,1372,14,16,3600,99.0
77336,78714,78723,1378,9,16,3600,138.7
77336,78720,78728,1384,8,16,3600,139.2
77336,78733,78741,1397,8,16,3600,140.5
77336,78726,78743,1390,17,16,3600,82.7647058824
77336,78739,78747,1403,8,16,3600,141.1
77336,78744,78752,1408,8,16,3600,141.6
77336,78756,78764,1420,8,16,3600,142.8
77337,78802,78812,1465,10,16,3600,147.5
77337,78796,78806,1459,10,16,3600,146.9
77337,78790,78800,1453,10,16,3600,146.3
77337,78761,78770,1424,9,16,3600,143.3
77337,78778,78786,1441,8,16,3600,144.9
77337,78772,78782,1435,10,16,3600,144.5
77337,78767,78775,1430,8,16,3600,143.8
77337,78784,78794,1447,10,16,3600,145.7
77338,78875,78885,1537,10,16,3600,154.7
77338,78848,78858,1510,10,16,3600,152.0
77338,78843,78853,1505,10,16,3600,151.5
77338,78820,78830,1482,10,16,3600,149.2
77338,78826,78836,1488,10,16,3600,149.8
77338,78837,78847,1499,10,16,3600,150.9
77338,78814,78824,1476,10,16,3600,148.6
77338,78808,78818,1470,10,16,3600,148.0
77339,78931,78942,1592,11,16,3600,145.727272727
77339,78926,78936,1587,10,16,3600,159.7
77339,78920,78930,1581,10,16,3600,159.1
77339,78880,78890,1541,10,16,3600,155.1
77339,78903,78912,1564,9,16,3600,157.3
77339,78897,78907,1558,10,16,3600,156.8
77339,78915,78924,1576,9,16,3600,158.5
77339,78859,78869,1520,10,16,3600,153.0
77340,78971,78980,1631,9,16,3600,164.0
77340,78965,78973,1625,8,16,3600,163.3
77340,78977,78985,1637,8,16,3600,164.5
77340,78953,78962,1613,9,16,3600,162.2
77340,78948,78956,1608,8,16,3600,161.6
77340,78959,78967,1619,8,16,3600,162.7
77340,78942,78951,1602,9,16,3600,161.1
77341,79062,79072,1721,10,16,3600,173.1
77341,79052,79062,1711,10,16,3600,172.1
77341,79057,79067,1716,10,16,3600,172.6
77341,79009,79020,1668,11,16,3600,152.636363636
77341,79004,79012,1663,8,16,3600,167.1
77341,78993,79001,1652,8,16,3600,166.0
77341,79041,79051,1700,10,16,3600,171.0
77341,79015,79025,1674,10,16,3600,168.4
77342,79085,79095,1743,10,16,3600,175.3
77342,79090,79100,1748,10,16,3600,175.8
77342,79101,79111,1759,10,16,3600,176.9
77342,79106,79116,1764,10,16,3600,177.4
77342,79117,79127,1775,10,16,3600,178.5
77342,79122,79136,1780,14,16,3600,128.142857143
77342,79074,79084,1732,10,16,3600,174.2
77343,79138,79148,1795,10,16,3600,180.5
77343,79133,79144,1790,11,16,3600,163.727272727
77343,79201,79213,1858,12,16,3600,155.833333333
77343,79193,79203,1850,10,16,3600,186.0
77343,79154,79163,1811,9,16,3600,182.0
77343,79176,79190,1833,14,16,3600,131.928571429
77343,79187,79197,1844,10,16,3600,185.4
77343,79171,79181,1828,10,16,3600,183.8
77344,79207,79217,1863,10,16,3600,187.3
77344,79230,79247,1886,17,16,3600,111.941176471
77344,79224,79255,1880,31,16,3600,61.6451612903
77344,79236,79259,1892,23,16,3600,83.2608695652
77344,79271,79284,1927,13,16,3600,149.230769231
77344,79277,79309,1933,32,16,3600,61.40625
77344,79297,79310,1953,13,16,3600,151.230769231
77344,79266,79310,1922,44,16,3600,44.6818181818
77345,79379,79389,2034,10,16,3600,204.4
77345,79373,79384,2028,11,16,3600,185.363636364
77345,79365,79376,2020,11,16,3600,184.636363636
77345,79357,79367,2012,10,16,3600,202.2
77345,79351,79362,2006,11,16,3600,183.363636364
77345,79346,79354,2001,8,16,3600,200.9
77345,79335,79343,1990,8,16,3600,199.8
77346,79387,79397,2041,10,16,3600,205.1
77346,79395,79405,2049,10,16,3600,205.9
77346,79401,79411,2055,10,16,3600,206.5
77346,79409,79419,2063,10,16,3600,207.3
77346,79416,79428,2070,12,16,3600,173.5
77346,79422,79433,2076,11,16,3600,189.727272727
77346,79430,79440,2084,10,16,3600,209.4
77346,79439,79452,2093,13,16,3600,162.0
77347,79490,79499,2143,9,16,3600,215.2
77347,79484,79493,2137,9,16,3600,214.6
77347,79496,79505,2149,9,16,3600,215.8
77347,79469,79479,2122,10,16,3600,213.2
77347,79445,79454,2098,9,16,3600,210.7
77347,79475,79484,2128,9,16,3600,213.7
77347,79463,79473,2116,10,16,3600,212.6
77347,79451,79460,2104,9,16,3600,211.3
77348,79508,79516,2160,8,16,3600,216.8
77348,79514,79522,2166,8,16,3600,217.4
77348,79525,79533,2177,8,16,3600,218.5
77348,79531,79539,2183,8,16,3600,219.1
77348,79537,79545,2189,8,16,3600,219.7
77348,79544,79552,2196,8,16,3600,220.4
77348,79550,79558,2202,8,16,3600,221.0
77349,79603,79613,2254,10,16,3600,226.4
77349,79591,79601,2242,10,16,3600,225.2
77349,79597,79607,2248,10,16,3600,225.8
77349,79575,79586,2226,11,16,3600,203.363636364
77349,79556,79564,2207,8,16,3600,221.5
77349,79569,79580,2220,11,16,3600,202.818181818
77349,79563,79571,2214,8,16,3600,222.2
77349,79582,79592,2233,10,16,3600,224.3
77350,79645,79654,2295,9,16,3600,230.4
77350,79639,79649,2289,10,16,3600,229.9
77350,79654,79664,2304,10,16,3600,231.4
77350,79624,79634,2274,10,16,3600,228.4
77350,79618,79628,2268,10,16,3600,227.8
77350,79633,79643,2283,10,16,3600,229.3
77350,79612,79622,2262,10,16,3600,227.2
77351,79660,79670,2309,10,16,3600,231.9
77351,79666,79675,2315,9,16,3600,232.4
77351,79675,79684,2324,9,16,3600,233.3
77351,79681,79694,2330,13,16,3600,180.230769231
77351,79713,79721,2362,8,16,3600,237.0
77351,79695,79707,2344,12,16,3600,196.333333333
77351,79705,79714,2354,9,16,3600,236.3
77351,79687,79702,2336,15,16,3600,156.733333333
77352,79746,79759,2394,13,16,3600,185.153846154
77352,79752,79760,2400,8,16,3600,240.8
77352,79733,79741,2381,8,16,3600,238.9
77352,79739,79747,2387,8,16,3600,239.5
77352,79719,79727,2367,8,16,3600,237.5
77352,79726,79734,2374,8,16,3600,238.2
77352,79758,79766,2406,8,16,3600,241.4
77353,79806,79816,2453,10,16,3600,246.3
77353,79800,79811,2447,11,16,3600,223.454545455
77353,79812,79822,2459,10,16,3600,246.9
77353,79789,79799,2436,10,16,3600,244.6
77353,79782,79792,2429,10,16,3600,243.9
77353,79776,79784,2423,8,16,3600,243.1
77353,79770,79778,2417,8,16,3600,242.5
77353,79795,79805,2442,10,16,3600,245.2
77354,79818,79828,2464,10,16,3600,247.4
77354,79830,79840,2476,10,16,3600,248.6
77354,79836,79846,2482,10,16,3600,249.2
77354,79842,79851,2488,9,16,3600,249.7
77354,79848,79857,2494,9,16,3600,250.3
77354,79854,79867,2500,13,16,3600,193.307692308
77354,79824,79834,2470,10,16,3600,248.0
77355,79860,79869,2505,9,16,3600,251.4
77355,79866,79875,2511,9,16,3600,252.0
77355,79872,79881,2517,9,16,3600,252.6
77355,79884,79901,2529,17,16,3600,149.764705882
77355,79896,79905,2541,9,16,3600,255.0
77355,79878,79887,2523,9,16,3600,253.2
77355,79890,79902,2535,12,16,3600,212.25
77355,79902,79910,2547,8,16,3600,255.5
77356,79918,79926,2562,8,16,3600,257.0
77356,79923,79932,2567,9,16,3600,257.6
77356,79929,79937,2573,8,16,3600,258.1
77356,79935,79943,2579,8,16,3600,258.7
77356,79941,79949,2585,8,16,3600,259.3
77356,79947,79955,2591,8,16,3600,259.9
77356,79953,79961,2597,8,16,3600,260.5
77356,79912,79920,2556,8,16,3600,256.4
77357,80001,80011,2644,10,16,3600,265.4
77357,79995,80009,2638,14,16,3600,189.428571429
77357,79989,79999,2632,10,16,3600,264.2
77357,79965,79975,2608,10,16,3600,261.8
77357,79977,79987,2620,10,16,3600,263.0
77357,79971,79980,2614,9,16,3600,262.3
77357,79983,79993,2626,10,16,3600,263.6
77357,79959,79967,2602,8,16,3600,261.0
77358,80038,80047,2680,9,16,3600,268.9
77358,80032,80041,2674,9,16,3600,268.3
77358,80007,80017,2649,10,16,3600,265.9
77358,80013,80022,2655,9,16,3600,266.4
77358,80020,80029,2662,9,16,3600,267.1
77358,80026,80035,2668,9,16,3600,267.7
77358,80044,80058,2686,14,16,3600,192.857142857
77359,80050,80059,2691,9,16,3600,270.0
77359,80056,80065,2697,9,16,3600,270.6
77359,80062,80071,2703,9,16,3600,271.2
77359,80069,80080,2710,11,16,3600,247.363636364
77359,80075,80089,2716,14,16,3600,195.0
77359,80081,80090,2722,9,16,3600,273.1
77359,80087,80096,2728,9,16,3600,273.7
77359,80093,80103,2734,10,16,3600,274.4
77360,80131,80139,2771,8,16,3600,277.9
77360,80125,80133,2765,8,16,3600,277.3
77360,80100,80112,2740,12,16,3600,229.333333333
77360,80112,80120,2752,8,16,3600,276.0
77360,80118,80127,2758,9,16,3600,276.7
77360,80106,80117,2746,11,16,3600,250.636363636
77361,80136,80145,2775,9,16,3600,278.4
77361,80142,80150,2781,8,16,3600,278.9
77361,80148,80158,2787,10,16,3600,279.7
77362,80154,80164,2792,10,16,3600,280.2
77362,80160,80170,2798,10,16,3600,280.8
77362,80166,80176,2804,10,16,3600,281.4
77363,80172,80182,2809,10,16,3600,281.9
77363,80178,80188,2815,10,16,3600,282.5
77364,80196,80211,2832,15,16,3600,189.8
77364,80190,80200,2826,10,16,3600,283.6
77364,80184,80194,2820,10,16,3600,283.0
77365,80202,80216,2837,14,16,3600,203.642857143
77365,80208,80217,2843,9,16,3600,285.2
77365,80214,80231,2849,17,16,3600,168.588235294
77365,80223,80232,2858,9,16,3600,286.7
77365,80229,80238,2864,9,16,3600,287.3
77365,80234,80243,2869,9,16,3600,287.8
77365,80242,80251,2877,9,16,3600,288.6
77366,80289,80297,2923,8,16,3600,293.1
77366,80283,80291,2917,8,16,3600,292.5
77366,80277,80285,2911,8,16,3600,291.9
77366,80248,80258,2882,10,16,3600,289.2
77366,80265,80274,2899,9,16,3600,290.8
77366,80259,80268,2893,9,16,3600,290.2
77366,80254,80263,2888,9,16,3600,289.7
77366,80271,80279,2905,8,16,3600,291.3
77367,80337,80347,2970,10,16,3600,298.0
77367,80331,80341,2964,10,16,3600,297.4
77367,80325,80333,2958,8,16,3600,296.6
77367,80295,80303,2928,8,16,3600,293.6
77367,80313,80321,2946,8,16,3600,295.4
77367,80307,80315,2940,8,16,3600,294.8
77367,80319,80327,2952,8,16,3600,296.0
77367,80301,80310,2934,9,16,3600,294.3
77368,80379,80389,3011,10,16,3600,302.1
77368,80373,80383,3005,10,16,3600,301.5
77368,80367,80377,2999,10,16,3600,300.9
77368,80355,80364,2987,9,16,3600,299.6
77368,80349,80359,2981,10,16,3600,299.1
77368,80343,80353,2975,10,16,3600,298.5
77368,80361,80371,2993,10,16,3600,300.3
77369,80385,80395,3016,10,16,3600,302.6
77369,80397,80406,3028,9,16,3600,303.7
77369,80403,80415,3034,12,16,3600,253.833333333
77369,80409,80418,3040,9,16,3600,304.9
77369,80420,80429,3051,9,16,3600,306.0
77369,80426,80437,3057,11,16,3600,278.909090909
77369,80431,80440,3062,9,16,3600,307.1
77369,80391,80400,3022,9,16,3600,303.1
77370,80467,80475,3097,8,16,3600,310.5
77370,80473,80482,3103,9,16,3600,311.2
77370,80479,80487,3109,8,16,3600,311.7
77370,80461,80469,3091,8,16,3600,309.9
77370,80437,80446,3067,9,16,3600,307.6
77370,80449,80458,3079,9,16,3600,308.8
77370,80455,80463,3085,8,16,3600,309.3
77370,80443,80452,3073,9,16,3600,308.2
77371,80509,80525,3138,16,16,3600,197.125
77371,80503,80511,3132,8,16,3600,314.0
77371,80485,80493,3114,8,16,3600,312.2
77371,80491,80499,3120,8,16,3600,312.8
77371,80497,80505,3126,8,16,3600,313.4
77372,80515,80529,3143,14,16,3600,225.5
77372,80521,80531,3149,10,16,3600,315.9
77372,80527,80537,3155,10,16,3600,316.5
77372,80537,80546,3165,9,16,3600,317.4
77372,80543,80553,3171,10,16,3600,318.1
77372,80548,80558,3176,10,16,3600,318.6
77373,80578,80587,3205,9,16,3600,321.4
77373,80560,80570,3187,10,16,3600,319.7
77373,80554,80564,3181,10,16,3600,319.1
77373,80566,80576,3193,10,16,3600,320.3
77374,80584,80594,3210,10,16,3600,322.0
77374,80572,80584,3198,12,16,3600,267.5
77375,80590,80599,3215,9,16,3600,322.4
77375,80596,80605,3221,9,16,3600,323.0
77375,80602,80611,3227,9,16,3600,323.6
77376,80608,80617,3232,9,16,3600,324.1
77376,80614,80623,3238,9,16,3600,324.7
77376,80620,80629,3244,9,16,3600,325.3
77377,80632,80641,3255,9,16,3600,326.4
77377,80626,80635,3249,9,16,3600,325.8
77378,80650,80658,3272,8,16,3600,328.0
77378,80638,80652,3260,14,16,3600,233.857142857
77378,80644,80652,3266,8,16,3600,327.4
77379,80656,80664,3277,8,16,3600,328.5
77379,80663,80671,3284,8,16,3600,329.2
77379,80668,80676,3289,8,16,3600,329.7
77380,80674,80682,3294,8,16,3600,330.2
77380,80680,80688,3300,8,16,3600,330.8
77380,80686,80694,3306,8,16,3600,331.4
77380,80692,80700,3312,8,16,3600,332.0
77380,80698,80708,3318,10,16,3600,332.8
77380,80704,80714,3324,10,16,3600,333.4
77380,80710,80719,3330,9,16,3600,333.9
77380,80716,80726,3336,10,16,3600,334.6
77381,80767,80777,3386,10,16,3600,339.6
77381,80756,80766,3375,10,16,3600,338.5
77381,80751,80761,3370,10,16,3600,338.0
77381,80728,80738,3347,10,16,3600,335.7
77381,80734,80743,3353,9,16,3600,336.2
77381,80722,80732,3341,10,16,3600,335.1
77381,80745,80760,3364,15,16,3600,225.266666667
77382,80778,80787,3396,9,16,3600,340.5
77382,80773,80792,3391,19,16,3600,179.473684211
77382,80784,80793,3402,9,16,3600,341.1
77382,80795,80804,3413,9,16,3600,342.2
77382,80801,80810,3419,9,16,3600,342.8
77383,80807,80816,3424,9,16,3600,343.3
77383,80812,80822,3429,10,16,3600,343.9
77383,80819,80828,3436,9,16,3600,344.5
77383,80825,80834,3442,9,16,3600,345.1
77384,80831,80839,3447,8,16,3600,345.5
77384,80837,80845,3453,8,16,3600,346.1
77384,80843,80851,3459,8,16,3600,346.7
77384,80849,80857,3465,8,16,3600,347.3
77385,80855,80863,3470,8,16,3600,347.8
77385,80861,80869,3476,8,16,3600,348.4
77385,80867,80875,3482,8,16,3600,349.0
77386,80885,80893,3499,8,16,3600,350.7
77386,80891,80900,3505,9,16,3600,351.4
77386,80873,80881,3487,8,16,3600,349.5
77386,80879,80887,3493,8,16,3600,350.1
77387,80915,80925,3528,10,16,3600,353.8
77387,80897,80907,3510,10,16,3600,352.0
77387,80903,80912,3516,9,16,3600,352.5
77387,80909,80919,3522,10,16,3600,353.2
77387,80921,80931,3534,10,16,3600,354.4
77388,80939,80950,3551,11,16,3600,323.818181818
77388,80933,80942,3545,9,16,3600,355.4
77388,80945,80955,3557,10,16,3600,356.7
77388,80927,80937,3539,10,16,3600,354.9
77389,80975,80984,3586,9,16,3600,359.5
77389,80969,80982,3580,13,16,3600,276.384615385
77389,80957,80966,3568,9,16,3600,357.7
77389,80951,80960,3562,9,16,3600,357.1
77389,80963,80972,3574,9,16,3600,358.3
77390,80981,80990,3591,9,16,3600,360.0
77390,80987,80996,3597,9,16,3600,360.6
77390,80993,81002,3603,9,16,3600,361.2
77390,80999,81009,3609,10,16,3600,361.9
77391,81005,81014,3614,9,16,3600,362.3
77391,81011,81019,3620,8,16,3600,362.8
77391,81022,81030,3631,8,16,3600,363.9
77391,81028,81036,3637,8,16,3600,364.5
77392,81033,81042,3641,9,16,3600,365.0
77392,81039,81047,3647,8,16,3600,365.5
77393,81045,81057,3652,12,16,3600,305.333333333
77393,81051,81059,3658,8,16,3600,366.6
77393,81057,81065,3664,8,16,3600,367.2
77394,81069,81077,3675,8,16,3600,368.3
77394,81063,81071,3669,8,16,3600,367.7
77395,81126,81136,3731,10,16,3600,374.1
77395,81114,81131,3719,17,16,3600,219.764705882
77395,81120,81130,3725,10,16,3600,373.5
77395,81108,81120,3713,12,16,3600,310.416666667
77395,81103,81113,3708,10,16,3600,371.8
77395,81092,81107,3697,15,16,3600,247.466666667
77395,81081,81091,3686,10,16,3600,369.6
77395,81075,81085,3680,10,16,3600,369.0
77396,81158,81167,3762,9,16,3600,377.1
77396,81152,81162,3756,10,16,3600,376.6
77396,81147,81156,3751,9,16,3600,376.0
77396,81132,81143,3736,11,16,3600,340.636363636
77396,81141,81150,3745,9,16,3600,375.4
77397,81164,81173,3767,9,16,3600,377.6
77397,81170,81179,3773,9,16,3600,378.2
77397,81176,81193,3779,17,16,3600,223.294117647
77398,81188,81205,3790,17,16,3600,223.941176471
77398,81182,81206,3784,24,16,3600,158.666666667
77398,81204,81221,3806,17,16,3600,224.882352941
77398,81194,81217,3796,23,16,3600,166.043478261
77399,81243,81252,3844,9,16,3600,385.3
77399,81222,81230,3823,8,16,3600,383.1
77399,81216,81225,3817,9,16,3600,382.6
77399,81238,81246,3839,8,16,3600,384.7
77400,81265,81274,3865,9,16,3600,387.4
77400,81286,81294,3886,8,16,3600,389.4
77400,81281,81290,3881,9,16,3600,389.0
77400,81270,81278,3870,8,16,3600,387.8
77400,81259,81268,3859,9,16,3600,386.8
77401,81318,81330,3917,12,16,3600,327.416666667
77401,81307,81317,3906,10,16,3600,391.6
77401,81302,81313,3901,11,16,3600,355.636363636
77401,81297,81305,3896,8,16,3600,390.4
77401,81323,81333,3922,10,16,3600,393.2
77401,81334,81344,3933,10,16,3600,394.3
77401,81339,81349,3938,10,16,3600,394.8
77402,81394,81405,3992,11,16,3600,363.909090909
77402,81400,81412,3998,12,16,3600,334.166666667
77402,81405,81414,4003,9,16,3600,401.2
77402,81371,81385,3969,14,16,3600,284.5
77402,81366,81377,3964,11,16,3600,361.363636364
77402,81344,81354,3942,10,16,3600,395.2
77402,81416,81425,4014,9,16,3600,402.3
77403,81459,81469,4056,10,16,3600,406.6
77403,81437,81447,4034,10,16,3600,404.4
77403,81421,81436,4018,15,16,3600,268.866666667
77403,81432,81442,4029,10,16,3600,403.9
77403,81475,81485,4072,10,16,3600,408.2
77403,81470,81480,4067,10,16,3600,407.7
77403,81427,81437,4024,10,16,3600,403.4
77404,81486,81494,4082,8,16,3600,409.0
77404,81529,81538,4125,9,16,3600,413.4
77404,81513,81521,4109,8,16,3600,411.7
77404,81508,81515,4104,7,16,3600,411.1
77404,81480,81492,4076,12,16,3600,340.666666667
77404,81519,81527,4115,8,16,3600,412.3
77404,81524,81532,4120,8,16,3600,412.8
77405,81577,81587,4172,10,16,3600,418.2
77405,81572,81582,4167,10,16,3600,417.7
77405,81567,81577,4162,10,16,3600,417.2
77405,81556,81566,4151,10,16,3600,416.1
77405,81551,81559,4146,8,16,3600,415.4
77405,81540,81551,4135,11,16,3600,376.909090909
77405,81535,81543,4130,8,16,3600,413.8
77406,81588,81598,4182,10,16,3600,419.2
77406,81593,81605,4187,12,16,3600,349.916666667
77406,81620,81630,4214,10,16,3600,422.4
77406,81614,81625,4208,11,16,3600,383.545454545
77406,81609,81619,4203,10,16,3600,421.3
77406,81604,81614,4198,10,16,3600,420.8
77407,81625,81634,4218,9,16,3600,422.7
77407,81636,81645,4229,9,16,3600,423.8
77407,81641,81651,4234,10,16,3600,424.4
77408,81657,81666,4249,9,16,3600,425.8
77408,81652,81662,4244,10,16,3600,425.4
77409,81674,81692,4265,18,16,3600,237.944444444
77409,81669,81684,4260,15,16,3600,285.0
77409,81662,81672,4253,10,16,3600,426.3
77410,81685,81694,4275,9,16,3600,428.4
77410,81713,81721,4303,8,16,3600,431.1
77410,81691,81699,4281,8,16,3600,428.9
77410,81708,81716,4298,8,16,3600,430.6
77410,81680,81689,4270,9,16,3600,427.9
77410,81697,81705,4287,8,16,3600,429.5
77411,81719,81727,4308,8,16,3600,431.6
77411,81756,81766,4345,10,16,3600,435.5
77411,81740,81748,4329,8,16,3600,433.7
77411,81735,81743,4324,8,16,3600,433.2
77411,81729,81737,4318,8,16,3600,432.6
77411,81724,81732,4313,8,16,3600,432.1
77411,81751,81759,4340,8,16,3600,434.8
77412,81762,81772,4350,10,16,3600,436.0
77412,81767,81777,4355,10,16,3600,436.5
77412,81779,81789,4367,10,16,3600,437.7
77412,81784,81794,4372,10,16,3600,438.2
77412,81790,81799,4378,9,16,3600,438.7
77412,81772,81782,4360,10,16,3600,437.0
77413,81795,81805,4382,10,16,3600,439.2
77413,81823,81833,4410,10,16,3600,442.0
77413,81817,81826,4404,9,16,3600,441.3
77413,81812,81822,4399,10,16,3600,440.9
77413,81806,81816,4393,10,16,3600,440.3
77413,81801,81811,4388,10,16,3600,439.8
77414,81867,81877,4453,10,16,3600,446.3
77414,81840,81849,4426,9,16,3600,443.5
77414,81846,81855,4432,9,16,3600,444.1
77414,81851,81860,4437,9,16,3600,444.6
77414,81862,81871,4448,9,16,3600,445.7
77414,81835,81844,4421,9,16,3600,443.0
77414,81828,81842,4414,14,16,3600,316.285714286
77415,81910,81918,4495,8,16,3600,450.3
77415,81894,81902,4479,8,16,3600,448.7
77415,81883,81891,4468,8,16,3600,447.6
77415,81878,81887,4463,9,16,3600,447.2
77415,81873,81882,4458,9,16,3600,446.7
77415,81915,81923,4500,8,16,3600,450.8
77415,81889,81897,4474,8,16,3600,448.2
77416,81953,81963,4537,10,16,3600,454.7
77416,81937,81946,4521,9,16,3600,453.0
77416,81948,81958,4532,10,16,3600,454.2
77416,81921,81929,4505,8,16,3600,451.3
77416,81926,81934,4510,8,16,3600,451.8
77416,81931,81940,4515,9,16,3600,452.4
77416,81942,81952,4526,10,16,3600,453.6
77417,81986,81997,4569,11,16,3600,416.363636364
77417,81992,82002,4575,10,16,3600,458.5
77417,81981,81991,4564,10,16,3600,457.4
77417,81959,81969,4542,10,16,3600,455.2
77417,81970,81979,4553,9,16,3600,456.2
77417,81964,81974,4547,10,16,3600,455.7
77417,81975,81985,4558,10,16,3600,456.8
77418,82003,82016,4585,13,16,3600,353.692307692
77418,82019,82028,4601,9,16,3600,461.0
77418,82029,82040,4611,11,16,3600,420.181818182
77418,82008,82017,4590,9,16,3600,459.9
77418,81997,82012,4579,15,16,3600,306.266666667
77418,82014,82023,4596,9,16,3600,460.5
77419,82044,82056,4625,12,16,3600,386.416666667
77419,82039,82051,4620,12,16,3600,386.0
77419,82034,82045,4615,11,16,3600,420.545454545
77420,82056,82065,4636,9,16,3600,464.5
77420,82049,82059,4629,10,16,3600,463.9
77421,82061,82070,4640,9,16,3600,464.9
77421,82066,82076,4645,10,16,3600,465.5
77421,82072,82081,4651,9,16,3600,466.0
77422,82088,82097,4666,9,16,3600,467.5
77422,82082,82091,4660,9,16,3600,466.9
77422,82077,82085,4655,8,16,3600,466.3
77423,82093,82102,4670,9,16,3600,467.9
77423,82098,82107,4675,9,16,3600,468.4
77623,77657,135396,34,57739,1,86400,1.00058885675
77633,77689,135396,56,57707,1,86400,1.00097041953
77876,77898,82019,22,4121,64,10800,1.00533851007
78089,78097,80394,8,2297,2,18000,1.00348280366
78366,78377,80771,11,2394,2,18000,1.00459482038
78506,78515,80723,9,2208,2,18000,1.00407608696
78554,78561,80740,7,2179,2,18000,1.00321248279
78584,78595,81002,11,2407,2,18000,1.00457000415
78738,78750,81078,12,2328,2,18000,1.00515463918
78822,78832,81073,10,2241,2,18000,1.00446229362
78838,78854,81264,16,2410,2,18000,1.00663900415
78855,78865,81213,10,2348,2,18000,1.00425894378
78857,78870,81244,13,2374,2,18000,1.00547598989
78873,78887,81295,14,2408,2,18000,1.00581395349
78875,78892,81212,17,2320,2,18000,1.00732758621
78891,78910,81328,19,2418,2,18000,1.00785773366
78924,78937,81226,13,2289,2,18000,1.00567933595
78972,78983,81343,11,2360,2,18000,1.00466101695
78974,78988,81311,14,2323,2,18000,1.00602668963
78992,78999,81386,7,2387,2,18000,1.00293255132
78994,79021,81332,27,2311,2,18000,1.011683254
78997,79026,81232,29,2206,2,18000,1.01314596555
79013,79031,81461,18,2430,2,18000,1.00740740741
79015,79036,81418,21,2382,2,18000,1.00881612091
79017,79047,81452,30,2405,2,18000,1.01247401247
79044,79069,81349,25,2280,2,18000,1.01096491228
79065,79080,81419,15,2339,2,18000,1.00641299701
79080,79096,81464,16,2368,2,18000,1.00675675676
79097,79112,81352,15,2240,2,18000,1.00669642857
79113,79128,81419,15,2291,2,18000,1.00654735923
79129,79144,81444,15,2300,2,18000,1.00652173913
79131,79149,81334,18,2185,2,18000,1.00823798627
79147,79161,81582,14,2421,2,18000,1.00578273441
79152,79166,81216,14,2050,23,14400,1.00682926829
79163,79182,81622,19,2440,2,18000,1.00778688525
79202,79213,81526,11,2313,2,18000,1.00475572849
79204,79218,81564,14,2346,2,18000,1.00596760443
79308,79314,81610,6,2296,2,18000,1.00261324042
79310,79320,81690,10,2370,2,18000,1.00421940928
79312,79325,81837,13,2512,2,18000,1.00517515924
79314,79330,81534,16,2204,2,18000,1.00725952813
79317,79341,81728,24,2387,2,18000,1.01005446167
79496,79502,81879,6,2377,2,18000,1.00252419016
79512,79520,81875,8,2355,2,18000,1.0033970276
80404,80415,82779,11,2364,2,18000,1.00465313029
80731,80740,83168,9,2428,2,18000,1.00370675453
80746,80762,83145,16,2383,2,18000,1.00671422577
80779,80790,83189,11,2399,2,18000,1.00458524385
81008,81017,83468,9,2451,2,18000,1.00367197062
81081,81087,83322,6,2235,2,18000,1.00268456376
81088,81098,83450,10,2352,2,18000,1.00425170068
81220,81228,83572,8,2344,2,18000,1.00341296928
81222,81233,83576,11,2343,2,18000,1.00469483568
81238,81249,83648,11,2399,2,18000,1.00458524385
81240,81254,83561,14,2307,2,18000,1.00606848721
81256,81276,83659,20,2383,2,18000,1.00839278221
81272,81292,83516,20,2224,2,18000,1.00899280576
81302,81313,83788,11,2475,2,18000,1.00444444444
81317,81329,83556,12,2227,2,18000,1.00538841491
81339,81351,83578,12,2227,2,18000,1.00538841491
81341,81356,83749,15,2393,2,18000,1.00626828249
81343,81361,83796,18,2435,2,18000,1.00739219713
81359,81379,83826,20,2447,2,18000,1.0081732734
81362,81384,83726,22,2342,2,18000,1.00939368061
81364,81389,83725,25,2336,2,18000,1.01070205479
81394,81411,83640,17,2229,2,18000,1.00762673845
81425,81444,83835,19,2391,2,18000,1.00794646591
81427,81449,83801,22,2352,2,18000,1.0093537415
81429,81454,83799,25,2345,2,18000,1.01066098081
81450,81465,83917,15,2452,2,18000,1.00611745514
81466,81492,83848,26,2356,2,18000,1.01103565365
81469,81497,83733,28,2236,2,18000,1.01252236136
81471,81502,83797,31,2295,2,18000,1.01350762527
81537,81546,83923,9,2377,2,18000,1.00378628523
81544,81562,83888,18,2326,2,18000,1.00773860705
81571,81583,83857,12,2274,2,18000,1.00527704485
81592,81599,83971,7,2372,2,18000,1.00295109612
81616,81631,83983,15,2352,2,18000,1.00637755102
81631,81647,83869,16,2222,2,18000,1.00720072007
81698,81703,84089,5,2386,2,18000,1.00209555742
81734,81746,84158,12,2412,2,18000,1.00497512438
81847,81857,84189,10,2332,2,18000,1.00428816467
81886,81900,84304,14,2404,2,18000,1.00582362729
81888,81905,84312,17,2407,2,18000,1.00706273369
82261,82268,87604,7,5336,1,10800,1.00131184408
82787,82793,84999,6,2206,2,18000,1.00271985494
82894,82900,82901,6,1,2,300,1.0
83151,83158,85524,7,2366,2,18000,1.00295857988
83175,83182,85265,7,2083,2,18000,1.00336053769
83196,83202,85473,6,2271,2,18000,1.00264200793
83328,83335,85592,7,2257,2,18000,1.00310146212
83458,83464,85732,6,2268,2,18000,1.00264550265
83474,83480,85758,6,2278,2,18000,1.00263388938
83525,83531,85922,6,2391,2,18000,1.00250941029
83564,83571,85964,7,2393,2,18000,1.0029251985
83567,83577,85951,10,2374,2,18000,1.00421229992
83583,83589,85953,6,2364,2,18000,1.00253807107
83585,83595,85760,10,2165,2,18000,1.00461893764
83587,83600,85910,13,2310,2,18000,1.00562770563
83647,83654,85928,7,2274,2,18000,1.00307827617
83663,83669,85995,6,2326,2,18000,1.00257953568
83665,83675,85945,10,2270,2,18000,1.00440528634
83732,83738,86036,6,2298,2,18000,1.00261096606
83734,83744,86073,10,2329,2,18000,1.00429368828
83750,83756,86134,6,2378,2,18000,1.00252312868
83757,83763,86245,6,2482,2,18000,1.00241740532
83797,83803,86082,6,2279,2,18000,1.00263273366
83804,83810,86210,6,2400,2,18000,1.0025
83820,83826,86136,6,2310,2,18000,1.0025974026
83823,83832,86271,9,2439,2,18000,1.0036900369
83825,83837,86167,12,2330,2,18000,1.00515021459
83841,83847,86236,6,2389,2,18000,1.00251151109
83843,83853,86193,10,2340,2,18000,1.00427350427
83859,83865,86111,6,2246,2,18000,1.00267141585
83866,83873,86139,7,2266,2,18000,1.00308914387
83882,83888,86153,6,2265,2,18000,1.00264900662
83898,83904,86295,6,2391,2,18000,1.00250941029
83925,83931,86277,6,2346,2,18000,1.00255754476
83932,83939,86346,7,2407,2,18000,1.00290818446
83978,83984,86340,6,2356,2,18000,1.0025466893
83993,84000,86432,7,2432,2,18000,1.00287828947
84096,84102,86412,6,2310,2,18000,1.0025974026
84166,84172,86410,6,2238,2,18000,1.00268096515
84196,84202,86641,6,2439,2,18000,1.0024600246
84311,84317,86530,6,2213,2,18000,1.00271125169
84327,84333,86573,6,2240,2,18000,1.00267857143
85007,85014,87491,7,2477,2,18000,1.00282599919
85273,85279,87364,6,2085,2,18000,1.00287769784
85481,85487,87733,6,2246,2,18000,1.00267141585
85532,85538,87835,6,2297,2,18000,1.00261210274
85603,85609,87893,6,2284,2,18000,1.00262697023
85738,85745,88117,7,2372,2,18000,1.00295109612
85765,85771,88151,6,2380,2,18000,1.0025210084
85768,85777,88150,9,2373,2,18000,1.00379266751
85919,85925,88159,6,2234,2,18000,1.00268576544
85934,85941,88316,7,2375,2,18000,1.00294736842
85937,85947,88015,10,2068,2,18000,1.00483558994
85953,85959,88411,6,2452,2,18000,1.00244698206
85960,85966,88233,6,2267,2,18000,1.00264666961
85976,85982,88394,6,2412,2,18000,1.00248756219
85978,85988,88379,10,2391,2,18000,1.00418235048
86002,86009,88445,7,2436,2,18000,1.00287356322
86044,86051,88426,7,2375,2,18000,1.00294736842
86080,86087,88480,7,2393,2,18000,1.0029251985
86096,86102,88399,6,2297,2,18000,1.00261210274
86117,86123,88542,6,2419,2,18000,1.00248036379
86141,86147,88536,6,2389,2,18000,1.00251151109
86143,86153,88563,10,2410,2,18000,1.00414937759
86146,86158,88606,12,2448,2,18000,1.00490196078
86162,86168,88461,6,2293,2,18000,1.0026166594
86177,86183,88403,6,2220,2,18000,1.0027027027
86201,86207,88481,6,2274,2,18000,1.00263852243
86217,86223,88502,6,2279,2,18000,1.00263273366
86244,86250,88491,6,2241,2,18000,1.00267737617
86259,86265,88514,6,2249,2,18000,1.00266785238
86280,86286,88712,6,2426,2,18000,1.00247320692
86283,86292,88665,9,2373,2,18000,1.00379266751
86303,86310,88660,7,2350,2,18000,1.0029787234
86349,86355,88651,6,2296,2,18000,1.00261324042
86351,86361,88605,10,2244,2,18000,1.00445632799
86418,86424,88808,6,2384,2,18000,1.00251677852
86420,86430,88827,10,2397,2,18000,1.00417188152
86441,86447,88690,6,2243,2,18000,1.00267498885
86538,86544,88835,6,2291,2,18000,1.00261894369
86580,86586,89017,6,2431,2,18000,1.00246812012
86647,86653,89017,6,2364,2,18000,1.00253807107
87370,87376,89789,6,2413,2,18000,1.00248653129
87499,87506,89841,7,2335,2,18000,1.00299785867
87740,87746,90113,6,2367,2,18000,1.00253485425
87843,87849,90124,6,2275,2,18000,1.00263736264
87900,87906,90219,6,2313,2,18000,1.00259403372
88025,88031,90430,6,2399,2,18000,1.0025010421
88124,88131,90465,7,2334,2,18000,1.0029991431
88158,88164,90480,6,2316,2,18000,1.00259067358
88160,88170,90534,10,2364,2,18000,1.00423011844
88176,88182,90574,6,2392,2,18000,1.0025083612
88239,88245,90658,6,2413,2,18000,1.00248653129
88323,88329,90721,6,2392,2,18000,1.0025083612
88356,88362,99194,6,10832,16,10800,1.00055391433
88387,88393,90773,6,2380,2,18000,1.0025210084
88403,88409,90509,6,2100,2,18000,1.00285714286
88405,88415,90732,10,2317,2,18000,1.00431592577
88421,88427,90750,6,2323,2,18000,1.00258286698
88423,88433,90623,10,2190,2,18000,1.00456621005
88439,88445,90778,6,2333,2,18000,1.00257179597
88454,88461,90822,7,2361,2,18000,1.0029648454
88470,88477,90839,7,2362,2,18000,1.00296359018
88486,88492,90889,6,2397,2,18000,1.00250312891
88489,88498,90670,9,2172,2,18000,1.00414364641
88504,88511,90854,7,2343,2,18000,1.00298762271
88512,88518,90717,6,2199,2,18000,1.00272851296
88528,88534,90920,6,2386,2,18000,1.0025146689
88543,88550,90818,7,2268,2,18000,1.00308641975
88551,88557,90856,6,2299,2,18000,1.00260983036
88571,88578,90971,7,2393,2,18000,1.0029251985
88611,88617,90985,6,2368,2,18000,1.00253378378
88613,88623,90978,10,2355,2,18000,1.0042462845
88659,88665,90953,6,2288,2,18000,1.00262237762
88675,88681,91019,6,2338,2,18000,1.00256629598
88677,88687,90850,10,2163,2,18000,1.00462320851
88698,88704,90984,6,2280,2,18000,1.00263157895
88719,88725,91155,6,2430,2,18000,1.0024691358
88815,88821,91113,6,2292,2,18000,1.00261780105
88836,88842,91065,6,2223,2,18000,1.00269905533
88844,88850,91178,6,2328,2,18000,1.00257731959
89025,89031,91384,6,2353,2,18000,1.00254993625
89027,89037,91356,10,2319,2,18000,1.00431220354
89795,89801,92226,6,2425,2,18000,1.0024742268
89849,89855,92039,6,2184,2,18000,1.00274725275
90120,90126,92433,6,2307,2,18000,1.00260078023
90135,90142,92595,7,2453,2,18000,1.00285364859
90226,90232,92609,6,2377,2,18000,1.00252419016
90436,90443,92662,7,2219,2,18000,1.00315457413
90473,90479,92518,6,2039,2,18000,1.00294261893
90488,90494,92703,6,2209,2,18000,1.00271616116
90515,90521,92865,6,2344,2,18000,1.00255972696
90544,90550,92695,6,2145,2,18000,1.0027972028
90576,90582,90586,6,4,2,300,1.0
90580,90588,92754,8,2166,2,18000,1.00369344414
90593,90599,90622,6,23,2,300,1.26086956522
90629,90636,90692,7,56,2,300,1.125
90632,90642,92971,10,2329,2,18000,1.00429368828
90665,90670,93078,5,2408,2,18000,1.00207641196
90680,90686,93034,6,2348,2,18000,1.00255536627
90699,90705,90948,6,243,2,300,1.02469135802
90728,90734,93070,6,2336,2,18000,1.00256849315
90730,90740,93137,10,2397,2,18000,1.00417188152
90746,90752,93070,6,2318,2,18000,1.00258843831
90761,90768,92957,7,2189,2,18000,1.00319780722
90782,90788,93076,6,2288,2,18000,1.00262237762
90785,90794,93226,9,2432,2,18000,1.00370065789
90824,90830,93279,6,2449,2,18000,1.00244997958
90832,90838,93021,6,2183,2,18000,1.00274851122
90848,90854,93222,6,2368,2,18000,1.00253378378
90864,90870,93216,6,2346,2,18000,1.00255754476
90866,90876,93141,10,2265,2,18000,1.00441501104
90868,90881,93094,13,2213,2,18000,1.00587437867
90900,90906,93308,6,2402,2,18000,1.0024979184
90927,90933,93095,6,2162,2,18000,1.00277520814
90955,90961,90973,6,12,2,300,1.5
90960,90967,93149,7,2182,2,18000,1.00320806599
90981,90987,93413,6,2426,2,18000,1.00247320692
90983,90993,91014,10,21,2,300,1.47619047619
90988,90999,93357,11,2358,2,18000,1.00466497031
91004,91010,93445,6,2435,2,18000,1.00246406571
91006,91016,93337,10,2321,2,18000,1.00430848772
91021,91027,91048,6,21,2,300,1.28571428571
91027,91033,93373,6,2340,2,18000,1.00256410256
91055,91061,91371,6,310,2,300,1.01935483871
91073,91079,93475,6,2396,2,18000,1.00250417362
91123,91129,93536,6,2407,2,18000,1.00249272954
91162,91168,93530,6,2362,2,18000,1.00254022015
91188,91194,93478,6,2284,2,18000,1.00262697023
91364,91370,93468,6,2098,2,18000,1.00285986654
91385,91391,91747,6,356,2,360,1.01685393258
91392,91397,93795,5,2398,2,18000,1.00208507089
91761,91767,91818,6,51,2,360,1.11764705882
91779,91785,181846,6,90061,8,90000,1.00006662151
92027,92034,167736,7,75702,1,86400,1.00009246783
92045,92051,129853,6,37802,8,90000,1.00015872176
92050,92057,94383,7,2326,2,18000,1.0030094583
92234,92240,94571,6,2331,2,18000,1.00257400257
92439,92444,94843,5,2399,2,18000,1.00208420175
92526,92532,94966,6,2434,2,18000,1.00246507806
92601,92608,94904,7,2296,2,18000,1.00304878049
92617,92623,94993,6,2370,2,18000,1.00253164557
92668,92674,94967,6,2293,2,18000,1.0026166594
92701,92707,95130,6,2423,2,18000,1.00247626909
92717,92723,95016,6,2293,2,18000,1.0026166594
92764,92770,95115,6,2345,2,18000,1.00255863539
92873,92879,94938,6,2059,2,18000,1.00291403594
92963,92970,95397,7,2427,2,18000,1.0028842192
92979,92985,95429,6,2444,2,18000,1.00245499182
93027,93034,95428,7,2394,2,18000,1.00292397661
93043,93049,95400,6,2351,2,18000,1.00255210549
93077,93083,95434,6,2351,2,18000,1.00255210549
93079,93088,95470,9,2382,2,18000,1.00377833753
93081,93094,95430,13,2336,2,18000,1.00556506849
93097,93104,95429,7,2325,2,18000,1.00301075269
93100,93110,95348,10,2238,2,18000,1.00446827525
93102,93115,95352,13,2237,2,18000,1.00581135449
93145,93151,95437,6,2286,2,18000,1.00262467192
93147,93157,95479,10,2322,2,18000,1.00430663221
93163,93169,95538,6,2369,2,18000,1.00253271423
93224,93230,95313,6,2083,2,18000,1.00288046087
93231,93237,95323,6,2086,2,18000,1.00287631831
93247,93253,95628,6,2375,2,18000,1.00252631579
93286,93292,95601,6,2309,2,18000,1.0025985275
93316,93322,95667,6,2345,2,18000,1.00255863539
93343,93349,95717,6,2368,2,18000,1.00253378378
93364,93370,95770,6,2400,2,18000,1.0025
93380,93386,95731,6,2345,2,18000,1.00255863539
93424,93430,95702,6,2272,2,18000,1.00264084507
93456,93462,95827,6,2365,2,18000,1.00253699789
93476,93483,95787,7,2304,2,18000,1.00303819444
93484,93490,95864,6,2374,2,18000,1.00252737995
93500,93506,95788,6,2282,2,18000,1.00262927257
93541,93547,95848,6,2301,2,18000,1.00260756193
93543,93553,95880,10,2327,2,18000,1.0042973786
93802,93808,96056,6,2248,2,18000,1.00266903915
94391,94397,96797,6,2400,2,18000,1.0025
94578,94584,96527,6,1943,2,18000,1.00308800823
94850,94855,97076,5,2221,2,18000,1.00225123818
94915,94921,97287,6,2366,2,18000,1.00253592561
94945,94951,97148,6,2197,2,18000,1.00273099681
94977,94983,97144,6,2161,2,18000,1.00277649236
94979,94989,97349,10,2360,2,18000,1.00423728814
95000,95006,97200,6,2194,2,18000,1.00273473108
95024,95030,97429,6,2399,2,18000,1.0025010421
95126,95132,97566,6,2434,2,18000,1.00246507806
95141,95147,97504,6,2357,2,18000,1.00254560882
95320,95326,97564,6,2238,2,18000,1.00268096515
95336,95342,97783,6,2441,2,18000,1.00245800901
95357,95363,97799,6,2436,2,18000,1.00246305419
95359,95369,97635,10,2266,2,18000,1.00441306267
95404,95410,97794,6,2384,2,18000,1.00251677852
95407,95416,97778,9,2362,2,18000,1.00381033023
95435,95440,97823,5,2383,2,18000,1.00209819555
95437,95447,97670,10,2223,2,18000,1.00449842555
95439,95452,97820,13,2368,2,18000,1.00548986486
95442,95457,97797,15,2340,2,18000,1.00641025641
95444,95463,97908,19,2445,2,18000,1.00777096115
95460,95469,97924,9,2455,2,18000,1.00366598778
95481,95487,97910,6,2423,2,18000,1.00247626909
95488,95494,97809,6,2315,2,18000,1.00259179266
95546,95552,97769,6,2217,2,18000,1.00270635995
95612,95618,97897,6,2279,2,18000,1.00263273366
95636,95642,98057,6,2415,2,18000,1.00248447205
95678,95684,98118,6,2434,2,18000,1.00246507806
95713,95719,98064,6,2345,2,18000,1.00255863539
95728,95734,98065,6,2331,2,18000,1.00257400257
95744,95750,98123,6,2373,2,18000,1.00252844501
95777,95783,98056,6,2273,2,18000,1.00263968324
95793,95799,98061,6,2262,2,18000,1.00265251989
95795,95805,98050,10,2245,2,18000,1.00445434298
95835,95841,98223,6,2382,2,18000,1.00251889169
95856,95862,98181,6,2319,2,18000,1.00258732212
95872,95878,98289,6,2411,2,18000,1.00248859394
95887,95893,98277,6,2384,2,18000,1.00251677852
96064,96070,98436,6,2366,2,18000,1.00253592561
96537,96544,99008,7,2464,2,18000,1.00284090909
96804,96810,99169,6,2359,2,18000,1.00254345061
97082,97088,99302,6,2214,2,18000,1.0027100271
97152,97158,99512,6,2354,2,18000,1.00254885302
97154,97164,99497,10,2333,2,18000,1.00428632662
97210,97216,99575,6,2359,2,18000,1.00254345061
97294,97301,99557,7,2256,2,18000,1.00310283688
97360,97366,99548,6,2182,2,18000,1.00274977085
97435,97441,99745,6,2304,2,18000,1.00260416667
97510,97516,99699,6,2183,2,18000,1.00274851122
97571,97577,99865,6,2288,2,18000,1.00262237762
97573,97583,99874,10,2291,2,18000,1.00436490615
97642,97648,99961,6,2313,2,18000,1.00259403372
97678,97685,100097,7,2412,2,18000,1.00290215589
97780,97787,100117,7,2330,2,18000,1.00300429185
97788,97793,99962,5,2169,2,18000,1.00230520977
97804,97810,100065,6,2255,2,18000,1.00266075388
97806,97816,100181,10,2365,2,18000,1.00422832981
97809,97821,100152,12,2331,2,18000,1.00514800515
97811,97827,100073,16,2246,2,18000,1.0071237756
97827,97833,100165,6,2332,2,18000,1.0025728988
97829,97839,100158,10,2319,2,18000,1.00431220354
97832,97844,100264,12,2420,2,18000,1.00495867769
97904,97911,100187,7,2276,2,18000,1.00307557118
97920,97927,100279,7,2352,2,18000,1.00297619048
97923,97933,100234,10,2301,2,18000,1.00434593655
97938,97945,100216,7,2271,2,18000,1.00308234258
98057,98063,100437,6,2374,2,18000,1.00252737995
98064,98070,100312,6,2242,2,18000,1.00267618198
98080,98086,100479,6,2393,2,18000,1.002507313
98082,98092,100524,10,2432,2,18000,1.00411184211
98085,98097,100485,12,2388,2,18000,1.00502512563
98087,98103,100367,16,2264,2,18000,1.00706713781
98129,98135,100511,6,2376,2,18000,1.00252525253
98131,98141,100225,10,2084,2,18000,1.00479846449
98188,98194,100545,6,2351,2,18000,1.00255210549
98231,98237,100624,6,2387,2,18000,1.00251361542
98285,98291,100642,6,2351,2,18000,1.00255210549
98301,98307,100697,6,2390,2,18000,1.00251046025
98450,98456,100865,6,2409,2,18000,1.00249066002
99015,99021,101297,6,2276,2,18000,1.00263620387
99177,99184,101490,7,2306,2,18000,1.00303555941
99313,99319,101670,6,2351,2,18000,1.00255210549
99507,99514,101644,7,2130,2,18000,1.00328638498
99523,99529,101904,6,2375,2,18000,1.00252631579
99556,99563,101896,7,2333,2,18000,1.00300042863
99572,99578,101910,6,2332,2,18000,1.0025728988
99588,99594,101938,6,2344,2,18000,1.00255972696
99705,99712,102148,7,2436,2,18000,1.00287356322
99750,99756,102159,6,2403,2,18000,1.0024968789
99872,99878,101932,6,2054,2,18000,1.0029211295
99887,99894,101921,7,2027,2,18000,1.00345337938
99969,99975,102327,6,2352,2,18000,1.00255102041
99971,99981,102259,10,2278,2,18000,1.00438981563
100071,100076,102494,5,2418,2,18000,1.00206782465
100086,100093,102478,7,2385,2,18000,1.00293501048
100107,100113,102405,6,2292,2,18000,1.00261780105
100123,100129,102519,6,2390,2,18000,1.00251046025
100159,100166,102576,7,2410,2,18000,1.00290456432
100167,100173,102500,6,2327,2,18000,1.00257842716
100183,100189,102626,6,2437,2,18000,1.0024620435
100190,100196,102589,6,2393,2,18000,1.002507313
100206,100212,102387,6,2175,2,18000,1.00275862069
100222,100228,102468,6,2240,2,18000,1.00267857143
100238,100244,102627,6,2383,2,18000,1.00251783466
100240,100250,102661,10,2411,2,18000,1.00414765657
100275,100281,102661,6,2380,2,18000,1.0025210084
100291,100297,102636,6,2339,2,18000,1.0025651988
100318,100324,102735,6,2411,2,18000,1.00248859394
100375,100381,102767,6,2386,2,18000,1.0025146689
100444,100450,102736,6,2286,2,18000,1.00262467192
100486,100493,102841,7,2348,2,18000,1.00298126065
100494,100500,102751,6,2251,2,18000,1.00266548201
100518,100524,102904,6,2380,2,18000,1.0025210084
100534,100540,102723,6,2183,2,18000,1.00274851122
100555,100561,102863,6,2302,2,18000,1.00260642919
100630,100637,102975,7,2338,2,18000,1.00299401198
100651,100657,103013,6,2356,2,18000,1.0025466893
100703,100708,103117,5,2409,2,18000,1.00207555002
100873,100880,103212,7,2332,2,18000,1.00300171527
101305,101311,103690,6,2379,2,18000,1.0025220681
101500,101506,103884,6,2378,2,18000,1.00252312868
101652,101658,104032,6,2374,2,18000,1.00252737995
101681,101687,104079,6,2392,2,18000,1.0025083612
101904,101910,104308,6,2398,2,18000,1.00250208507
101920,101926,104325,6,2399,2,18000,1.0025010421
101922,101932,104285,10,2353,2,18000,1.00424989375
101938,101944,104248,6,2304,2,18000,1.00260416667
101940,101950,104387,10,2437,2,18000,1.00410340583
101956,101962,104371,6,2409,2,18000,1.00249066002
102156,102162,104599,6,2437,2,18000,1.0024620435
102171,102178,104413,7,2235,2,18000,1.00313199105
102270,102276,104551,6,2275,2,18000,1.00263736264
102334,102339,104657,5,2318,2,18000,1.00215703192
102394,102400,104817,6,2417,2,18000,1.00248241622
102415,102421,104875,6,2454,2,18000,1.00244498778
102475,102481,104892,6,2411,2,18000,1.00248859394
102491,102497,104967,6,2470,2,18000,1.0024291498
102507,102513,104808,6,2295,2,18000,1.00261437908
102509,102519,104842,10,2323,2,18000,1.0043047783
102530,102536,104777,6,2241,2,18000,1.00267737617
102587,102593,104810,6,2217,2,18000,1.00270635995
102603,102609,104896,6,2287,2,18000,1.00262352427
102633,102639,104975,6,2336,2,18000,1.00256849315
102635,102645,104956,10,2311,2,18000,1.00432713111
102651,102657,104882,6,2225,2,18000,1.00269662921
102667,102673,104962,6,2289,2,18000,1.00262123198
102669,102679,105041,10,2362,2,18000,1.00423370025
102730,102736,105094,6,2358,2,18000,1.00254452926
102746,102752,104987,6,2235,2,18000,1.00268456376
102749,102758,104913,9,2155,2,18000,1.00417633411
102764,102770,104740,6,1970,2,18000,1.00304568528
102780,102786,105076,6,2290,2,18000,1.00262008734
102849,102856,105310,7,2454,2,18000,1.00285248574
102870,102876,105253,6,2377,2,18000,1.00252419016
102910,102915,105336,5,2421,2,18000,1.00206526229
102982,102988,105211,6,2223,2,18000,1.00269905533
103018,103024,105364,6,2340,2,18000,1.00256410256
103125,103131,105436,6,2305,2,18000,1.00260303688
103219,103225,105504,6,2279,2,18000,1.00263273366
103696,103703,106025,7,2322,2,18000,1.00301464255
103890,103897,106277,7,2380,2,18000,1.00294117647
104038,104044,106297,6,2253,2,18000,1.00266311585
104086,104092,106399,6,2307,2,18000,1.00260078023
104255,104261,106715,6,2454,2,18000,1.00244498778
104291,104297,106484,6,2187,2,18000,1.00274348422
104315,104321,106794,6,2473,2,18000,1.00242620299
104330,104336,106438,6,2102,2,18000,1.00285442436
104379,104385,106618,6,2233,2,18000,1.0026869682
104395,104401,106840,6,2439,2,18000,1.0024600246
104419,104424,106605,5,2181,2,18000,1.00229252636
104557,104564,106836,7,2272,2,18000,1.00308098592
104606,104612,106807,6,2195,2,18000,1.00273348519
104663,104670,106964,7,2294,2,18000,1.00305143854
104748,104754,107042,6,2288,2,18000,1.00262237762
104784,104790,107220,6,2430,2,18000,1.0024691358
104819,104825,107051,6,2226,2,18000,1.00269541779
104821,104831,107150,10,2319,2,18000,1.00431220354
104824,104836,107123,12,2287,2,18000,1.00524704854
104853,104859,107261,6,2402,2,18000,1.0024979184
104884,104890,107119,6,2229,2,18000,1.00269179004
104891,104897,107111,6,2214,2,18000,1.0027100271
104907,104913,107169,6,2256,2,18000,1.00265957447
104910,104919,107264,9,2345,2,18000,1.00383795309
104926,104932,107195,6,2263,2,18000,1.00265134777
104967,104973,107319,6,2346,2,18000,1.00255754476
104970,104979,107184,9,2205,2,18000,1.00408163265
104977,104985,107270,8,2285,2,18000,1.00350109409
104993,104999,107108,6,2109,2,18000,1.00284495021
104995,105005,107378,10,2373,2,18000,1.00421407501
105052,105058,107431,6,2373,2,18000,1.00252844501
105082,105089,107455,7,2366,2,18000,1.00295857988
105103,105109,107569,6,2460,2,18000,1.00243902439
105218,105223,107553,5,2330,2,18000,1.00214592275
105260,105266,107545,6,2279,2,18000,1.00263273366
105317,105323,107568,6,2245,2,18000,1.00267260579
105346,105352,107712,6,2360,2,18000,1.00254237288
105370,105376,107682,6,2306,2,18000,1.00260190807
105443,105449,107830,6,2381,2,18000,1.0025199496
105513,105519,107872,6,2353,2,18000,1.00254993625
106032,106038,108165,6,2127,2,18000,1.00282087447
106283,106289,108593,6,2304,2,18000,1.00260416667
106304,106310,108677,6,2367,2,18000,1.00253485425
106406,106412,108722,6,2310,2,18000,1.0025974026
106445,106451,108804,6,2353,2,18000,1.00254993625
106490,106496,108907,6,2411,2,18000,1.00248859394
106616,106622,108941,6,2319,2,18000,1.00258732212
106631,106637,108990,6,2353,2,18000,1.00254993625
106722,106728,109144,6,2416,2,18000,1.00248344371
106800,106806,109189,6,2383,2,18000,1.00251783466
106816,106822,109161,6,2339,2,18000,1.0025651988
106843,106849,109067,6,2218,2,18000,1.00270513977
106850,106856,109294,6,2438,2,18000,1.00246103363
106971,106977,109007,6,2030,2,18000,1.00295566502
107050,107056,109463,6,2407,2,18000,1.00249272954
107065,107071,109336,6,2265,2,18000,1.00264900662
107120,107126,109386,6,2260,2,18000,1.00265486726
107122,107132,109567,10,2435,2,18000,1.00410677618
107124,107137,109459,13,2322,2,18000,1.00559862188
107140,107146,109520,6,2374,2,18000,1.00252737995
107156,107162,109479,6,2317,2,18000,1.00258955546
107177,107183,109513,6,2330,2,18000,1.0025751073
107192,107198,109389,6,2191,2,18000,1.00273847558
107208,107214,109587,6,2373,2,18000,1.00252844501
107229,107235,109581,6,2346,2,18000,1.00255754476
107269,107275,109396,6,2121,2,18000,1.00282885431
107271,107280,109770,9,2490,2,18000,1.00361445783
107287,107293,109607,6,2314,2,18000,1.00259291271
107326,107331,109560,5,2229,2,18000,1.00224315837
107386,107392,109693,6,2301,2,18000,1.00260756193
107437,107443,109812,6,2369,2,18000,1.00253271423
107461,107467,109683,6,2216,2,18000,1.00270758123
107552,107559,109879,7,2320,2,18000,1.00301724138
107568,107574,109965,6,2391,2,18000,1.00250941029
107576,107582,109933,6,2351,2,18000,1.00255210549
107592,107598,109981,6,2383,2,18000,1.00251783466
107688,107694,110032,6,2338,2,18000,1.00256629598
107718,107724,110064,6,2340,2,18000,1.00256410256
107837,107843,109921,6,2078,2,18000,1.00288739172
107879,107885,110289,6,2404,2,18000,1.00249584027
108176,108182,110480,6,2298,2,18000,1.00261096606
108600,108606,110966,6,2360,2,18000,1.00254237288
108684,108691,111033,7,2342,2,18000,1.00298889838
108729,108735,110924,6,2189,2,18000,1.00274097762
108811,108817,111192,6,2375,2,18000,1.00252631579
108918,108924,111268,6,2344,2,18000,1.00255972696
108948,108954,111334,6,2380,2,18000,1.0025210084
109001,109007,111377,6,2370,2,18000,1.00253164557
109017,109023,111415,6,2392,2,18000,1.0025083612
109074,109081,111484,7,2403,2,18000,1.00291302538
109155,109161,111547,6,2386,2,18000,1.0025146689
109170,109176,111505,6,2329,2,18000,1.00257621297
109200,109206,111524,6,2318,2,18000,1.00258843831
109302,109308,111658,6,2350,2,18000,1.00255319149
109346,109352,111543,6,2191,2,18000,1.00273847558
109395,109400,111770,5,2370,2,18000,1.00210970464
109397,109406,111686,9,2280,2,18000,1.00394736842
109413,109419,111744,6,2325,2,18000,1.00258064516
109467,109473,111707,6,2234,2,18000,1.00268576544
109469,109479,111827,10,2348,2,18000,1.00425894378
109485,109491,111837,6,2346,2,18000,1.00255754476
109521,109528,111938,7,2410,2,18000,1.00290456432
109529,109534,111876,5,2342,2,18000,1.00213492741
109570,109577,112042,7,2465,2,18000,1.00283975659
109573,109583,111917,10,2334,2,18000,1.00428449015
109588,109595,111740,7,2145,2,18000,1.00326340326
109596,109602,112021,6,2419,2,18000,1.00248036379
109617,109623,112079,6,2456,2,18000,1.00244299674
109689,109695,112154,6,2459,2,18000,1.00244001627
109705,109711,111965,6,2254,2,18000,1.00266193434
109777,109783,112135,6,2352,2,18000,1.00255102041
109820,109826,112200,6,2374,2,18000,1.00252737995
109886,109892,112126,6,2234,2,18000,1.00268576544
109928,109934,112320,6,2386,2,18000,1.0025146689
109944,109950,112343,6,2393,2,18000,1.002507313
109971,109977,112249,6,2272,2,18000,1.00264084507
109992,109998,112217,6,2219,2,18000,1.00270392068
110040,110046,112439,6,2393,2,18000,1.002507313
110075,110081,112476,6,2395,2,18000,1.00250521921
110297,110303,112627,6,2324,2,18000,1.00258175559
110488,110494,112793,6,2299,2,18000,1.00260983036
110932,110938,113291,6,2353,2,18000,1.00254993625
110975,110981,113298,6,2317,2,18000,1.00258955546
111041,111047,113363,6,2316,2,18000,1.00259067358
111198,111204,113520,6,2316,2,18000,1.00259067358
111276,111283,113673,7,2390,2,18000,1.00292887029
111344,111351,113723,7,2372,2,18000,1.00295109612
111383,111390,113633,7,2243,2,18000,1.00312082033
111423,111429,113620,6,2191,2,18000,1.00273847558
111425,111435,111440,10,5,16,600,1.5
111492,111498,113707,6,2209,2,18000,1.00271616116
111513,111519,113910,6,2391,2,18000,1.00250941029
111534,111540,113698,6,2158,2,18000,1.00278035218
111550,111555,113936,5,2381,2,18000,1.002099958
111557,111563,113915,6,2352,2,18000,1.00255102041
111666,111672,114012,6,2340,2,18000,1.00256410256
111693,111699,113981,6,2282,2,18000,1.00262927257
111697,111705,111940,8,235,16,600,1.03404255319
111714,111720,114129,6,2409,2,18000,1.00249066002
111747,111753,114094,6,2341,2,18000,1.00256300726
111754,111760,114086,6,2326,2,18000,1.00257953568
111778,111784,114194,6,2410,2,18000,1.00248962656
111792,111798,111949,6,151,16,600,1.03973509934
111835,111841,114129,6,2288,2,18000,1.00262237762
111851,111857,114090,6,2233,2,18000,1.0026869682
111884,111890,114092,6,2202,2,18000,1.00272479564
111923,111929,114076,6,2147,2,18000,1.00279459711
111944,111950,114320,6,2370,2,18000,1.00253164557
111971,111977,114390,6,2413,2,18000,1.00248653129
112006,112012,112647,6,635,16,600,1.0094488189
112028,112034,114416,6,2382,2,18000,1.00251889169
112049,112055,114464,6,2409,2,18000,1.00249066002
112085,112091,114449,6,2358,2,18000,1.00254452926
112133,112140,114366,7,2226,2,18000,1.00314465409
112149,112155,114355,6,2200,2,18000,1.00272727273
112165,112171,114440,6,2269,2,18000,1.00264433671
112207,112213,114423,6,2210,2,18000,1.00271493213
112223,112229,114658,6,2429,2,18000,1.00247015233
112256,112262,114605,6,2343,2,18000,1.00256081946
112330,112337,114734,7,2397,2,18000,1.00292031706
112351,112358,114602,7,2244,2,18000,1.00311942959
112445,112451,114802,6,2351,2,18000,1.00255210549
112487,112493,114850,6,2357,2,18000,1.00254560882
112635,112641,115010,6,2369,2,18000,1.00253271423
112802,112808,115266,6,2458,2,18000,1.00244100895
113298,113304,115549,6,2245,2,18000,1.00267260579
113314,113320,115662,6,2342,2,18000,1.00256191289
113371,113377,115757,6,2380,2,18000,1.0025210084
113527,113534,115886,7,2352,2,18000,1.00297619048
113627,113633,115856,6,2223,2,18000,1.00269905533
113643,113649,116007,6,2358,2,18000,1.00254452926
113684,113690,116037,6,2347,2,18000,1.00255645505
113705,113711,116232,6,2521,2,18000,1.00238000793
113721,113727,116106,6,2379,2,18000,1.0025220681
113736,113742,116045,6,2303,2,18000,1.00260529744
113917,113923,116344,6,2421,2,18000,1.00247831475
113925,113931,116310,6,2379,2,18000,1.0025220681
113946,113952,116301,6,2349,2,18000,1.00255427842
113969,113975,116804,6,2829,16,3600,1.00212089077
113988,113994,116271,6,2277,2,18000,1.00263504611
114023,114029,116323,6,2294,2,18000,1.00261551874
114084,114090,116570,6,2480,2,18000,1.00241935484
114100,114105,116436,5,2331,2,18000,1.00214500215
114102,114111,116367,9,2256,2,18000,1.0039893617
114104,114116,116494,12,2378,2,18000,1.00504625736
114106,114122,116521,16,2399,2,18000,1.0066694456
114137,114143,116530,6,2387,2,18000,1.00251361542
114139,114149,116472,10,2323,2,18000,1.0043047783
114149,114155,114201,6,46,16,600,1.13043478261
114202,114208,116239,6,2031,2,18000,1.00295420975
114276,116810,119648,2534,2838,16,3600,1.89288231149
114331,114337,116585,6,2248,2,18000,1.00266903915
114362,114368,116558,6,2190,2,18000,1.00273972603
114377,114383,116788,6,2405,2,18000,1.00249480249
114398,114405,116774,7,2369,2,18000,1.00295483326
114423,114428,116604,5,2176,2,18000,1.00229779412
114438,114444,116880,6,2436,2,18000,1.00246305419
114454,114460,116816,6,2356,2,18000,1.0025466893
114456,114466,116770,10,2304,2,18000,1.00434027778
114472,114478,116955,6,2477,2,18000,1.00242228502
114613,114620,116748,7,2128,2,18000,1.00328947368
114616,114626,117069,10,2443,2,18000,1.00409332788
114664,114670,117128,6,2458,2,18000,1.00244100895
114744,114751,117100,7,2349,2,18000,1.00297999149
114808,114814,117132,6,2318,2,18000,1.00258843831
114857,114863,117143,6,2280,2,18000,1.00263157895
115017,115023,117295,6,2272,2,18000,1.00264084507
115272,115278,117438,6,2160,2,18000,1.00277777778
115557,115563,117860,6,2297,2,18000,1.00261210274
115668,115674,118088,6,2414,2,18000,1.00248550124
115765,115771,118049,6,2278,2,18000,1.00263388938
115864,115870,118301,6,2431,2,18000,1.00246812012
115896,115902,118159,6,2257,2,18000,1.0026583961
116014,116020,118272,6,2252,2,18000,1.0026642984
116044,116049,118370,5,2321,2,18000,1.00215424386
116059,116065,118414,6,2349,2,18000,1.00255427842
116114,116120,118497,6,2377,2,18000,1.00252419016
116243,116249,118350,6,2101,2,18000,1.00285578296
116245,116255,118710,10,2455,2,18000,1.00407331976
116278,116284,118720,6,2436,2,18000,1.00246305419
116308,116314,118639,6,2325,2,18000,1.00258064516
116324,116330,118734,6,2404,2,18000,1.00249584027
116331,116337,118767,6,2430,2,18000,1.0024691358
116343,116349,148028,6,31679,16,86400,1.00018939992
116352,116358,118346,6,1988,2,18000,1.00301810865
116376,116382,118776,6,2394,2,18000,1.00250626566
116442,116448,118677,6,2229,2,18000,1.00269179004
116478,116484,118862,6,2378,2,18000,1.00252312868
116502,116508,118824,6,2316,2,18000,1.00259067358
116519,116525,119439,6,2914,2,14400,1.00205902539
116529,116535,118930,6,2395,2,18000,1.00250521921
116545,116551,118900,6,2349,2,18000,1.00255427842
116566,116572,118928,6,2356,2,18000,1.0025466893
116582,116588,118801,6,2213,2,18000,1.00271125169
116598,116604,118933,6,2329,2,18000,1.00257621297
116613,116620,118929,7,2309,2,18000,1.00303161542
116756,116762,119193,6,2431,2,18000,1.00246812012
116771,116777,120098,6,3321,2,14400,1.00180668473
116777,116783,119194,6,2411,2,18000,1.00248859394
116779,116789,119109,10,2320,2,18000,1.00431034483
116795,116801,119208,6,2407,2,18000,1.00249272954
116822,116828,119219,6,2391,2,18000,1.00250941029
116891,116897,119333,6,2436,2,18000,1.00246305419
116963,116969,119431,6,2462,2,18000,1.00243704305
117075,117082,119357,7,2275,2,18000,1.00307692308
117111,117117,119337,6,2220,2,18000,1.0027027027
117135,117141,119443,6,2302,2,18000,1.00260642919
117137,117147,119497,10,2350,2,18000,1.00425531915
117153,117160,119351,7,2191,2,18000,1.00319488818
117302,117308,119628,6,2320,2,18000,1.0025862069
117445,117451,119778,6,2327,2,18000,1.00257842716
117717,117723,119909,6,2186,2,14400,1.00274473925
117869,117875,120135,6,2260,2,18000,1.00265486726
118056,118062,120467,6,2405,2,18000,1.00249480249
118095,118101,120486,6,2385,2,18000,1.00251572327
118167,118174,120559,7,2385,2,18000,1.00293501048
118279,118285,120584,6,2299,2,18000,1.00260983036
118309,118315,120575,6,2260,2,18000,1.00265486726
118347,118353,204756,6,86403,3,86400,1.00006944203
118357,118363,120550,6,2187,2,18000,1.00274348422
118359,118369,120513,10,2144,2,18000,1.0046641791
118380,118386,120733,6,2347,2,18000,1.00255645505
118422,118428,120794,6,2366,2,18000,1.00253592561
118503,118510,120888,7,2378,2,18000,1.00294365013
118645,118651,120969,6,2318,2,18000,1.00258843831
118684,118690,120771,6,2081,2,18000,1.00288322922
118717,118723,121052,6,2329,2,18000,1.00257621297
118733,118739,120985,6,2246,2,18000,1.00267141585
118749,118755,121186,6,2431,2,18000,1.00246812012
118773,118779,120956,6,2177,2,18000,1.00275608636
118789,118795,121135,6,2340,2,18000,1.00256410256
118809,118816,121110,7,2294,2,18000,1.00305143854
118830,118836,121152,6,2316,2,18000,1.00259067358
118869,118875,121109,6,2234,2,18000,1.00268576544
118911,118917,121293,6,2376,2,18000,1.00252525253
118935,118941,121326,6,2385,2,18000,1.00251572327
118937,118947,121264,10,2317,2,18000,1.00431592577
118940,118952,121229,12,2277,2,18000,1.00527009223
118942,118958,121188,16,2230,2,18000,1.00717488789
119031,119037,122290,6,3253,2,14400,1.00184445128
119118,119124,121410,6,2286,2,18000,1.00262467192
119200,119205,121339,5,2134,2,18000,1.00234301781
119202,119211,121573,9,2362,2,18000,1.00381033023
119218,119224,121581,6,2357,2,18000,1.00254560882
119234,119240,121610,6,2370,2,18000,1.00253164557
119332,119654,122585,322,2931,16,3600,1.109860116
119340,119346,121797,6,2451,2,18000,1.00244798042
119348,119354,121673,6,2319,2,18000,1.00258732212
119364,119370,121749,6,2379,2,18000,1.0025220681
119367,119376,121732,9,2356,2,18000,1.00382003396
119378,119384,130287,6,10903,1,10800,1.00055030725
119440,119446,121824,6,2378,2,18000,1.00252312868
119456,119462,121702,6,2240,2,18000,1.00267857143
119489,119495,120288,6,793,23,14400,1.00756620429
119504,119510,121820,6,2310,2,18000,1.0025974026
119635,119641,121857,6,2216,2,18000,1.00270758123
119652,122591,125402,2939,2811,16,3600,2.04553539666
119786,119792,122222,6,2430,2,18000,1.0024691358
119820,125408,128311,5588,2903,16,3600,2.92490527041
119956,128321,131167,8365,2846,16,3600,3.93921293043
120072,120078,135024,6,14946,2,72000,1.0004014452
120142,120148,122512,6,2364,2,18000,1.00253807107
120474,120480,122792,6,2312,2,18000,1.00259515571
120495,120501,122822,6,2321,2,18000,1.00258509263
120519,120525,122885,6,2360,2,18000,1.00254237288
120558,120564,122898,6,2334,2,18000,1.00257069409
120574,120580,122964,6,2384,2,18000,1.00251677852
120590,120596,122757,6,2161,2,18000,1.00277649236
120592,120602,122849,10,2247,2,18000,1.00445037828
120740,120746,122985,6,2239,2,18000,1.00267976775
120781,120787,123136,6,2349,2,18000,1.00255427842
120803,120809,123140,6,2331,2,18000,1.00257400257
120860,120866,136514,6,15648,2,72000,1.00038343558
120896,120902,123170,6,2268,2,18000,1.00264550265
120960,120966,120988,6,22,16,3600,1.27272727273
120962,120972,123337,10,2365,2,18000,1.00422832981
120978,120984,123359,6,2375,2,18000,1.00252631579
120994,121000,123333,6,2333,2,18000,1.00257179597
121049,121055,123945,6,2890,16,3600,1.00207612457
121058,121063,123547,5,2484,2,18000,1.00201288245
121116,121122,123521,6,2399,2,18000,1.0025010421
121118,121128,123398,10,2270,2,18000,1.00440528634
121142,121148,123519,6,2371,2,18000,1.00253057782
121160,121166,155766,6,34600,2,72000,1.0001734104
121163,121172,123371,9,2199,2,18000,1.00409276944
121193,121199,123544,6,2345,2,18000,1.00255863539
121195,121205,123551,10,2346,2,18000,1.0042625746
121235,121241,123537,6,2296,2,18000,1.00261324042
121271,121277,123636,6,2359,2,18000,1.00254345061
121301,121307,123644,6,2337,2,18000,1.00256739409
121336,121342,123592,6,2250,2,18000,1.00266666667
121352,121358,123765,6,2407,2,18000,1.00249272954
121421,121427,123726,6,2299,2,18000,1.00260983036
121511,121517,122171,6,654,2,14400,1.00917431193
121581,121587,123970,6,2383,2,18000,1.00251783466
121585,121593,121686,8,93,1,60,1.08602150538
121589,121600,123966,11,2366,2,18000,1.00464919696
121616,121622,123976,6,2354,2,18000,1.00254885302
121679,121685,123971,6,2286,2,18000,1.00262467192
121709,121715,123981,6,2266,2,18000,1.0026478376
121739,121746,124011,7,2265,2,18000,1.00309050773
121756,121762,123991,6,2229,2,18000,1.00269179004
121804,121810,124045,6,2235,2,18000,1.00268456376
121829,121835,124069,6,2234,2,18000,1.00268576544
121831,121841,124102,10,2261,2,18000,1.00442282176
121865,121871,124080,6,2209,2,18000,1.00271616116
122233,122239,124420,6,2181,2,18000,1.00275103164
122246,122252,123628,6,1376,2,14400,1.00436046512
122519,122525,124875,6,2350,2,18000,1.00255319149
122768,122775,125156,7,2381,2,18000,1.0029399412
122799,122805,125070,6,2265,2,18000,1.00264900662
122830,122836,125004,6,2168,2,18000,1.00276752768
122857,122863,125254,6,2391,2,18000,1.00250941029
122893,122899,125296,6,2397,2,18000,1.00250312891
122899,122905,123750,6,845,2,14400,1.00710059172
122909,122915,125210,6,2295,2,18000,1.00261437908
122975,122981,125226,6,2245,2,18000,1.00267260579
122992,122998,125340,6,2342,2,18000,1.00256191289
123146,123152,125454,6,2302,2,18000,1.00260642919
123148,123158,125562,10,2404,2,18000,1.00415973378
123166,123172,123710,6,538,2,14400,1.01115241636
123178,123184,125248,6,2064,2,18000,1.00290697674
123341,123347,125709,6,2362,2,18000,1.00254022015
123343,123353,125457,10,2104,2,18000,1.00475285171
123370,123376,125646,6,2270,2,18000,1.00264317181
123386,123392,125770,6,2378,2,18000,1.00252312868
123407,123413,125760,6,2347,2,18000,1.00255645505
123453,123459,127039,6,3580,2,14400,1.00167597765
123526,123531,125843,5,2312,2,18000,1.00216262976
123528,123537,125846,9,2309,2,18000,1.00389779125
123544,123550,126015,6,2465,2,18000,1.00243407708
123560,123566,126006,6,2440,2,18000,1.00245901639
123562,123572,126002,10,2430,2,18000,1.00411522634
123565,123577,125931,12,2354,2,18000,1.00509770603
123605,123611,126043,6,2432,2,18000,1.00246710526
123645,123651,125891,6,2240,2,18000,1.00267857143
123653,123659,125784,6,2125,2,18000,1.00282352941
123733,123739,126186,6,2447,2,18000,1.00245198202
123773,123779,125972,6,2193,2,18000,1.00273597811
123975,123981,126386,6,2405,2,18000,1.00249480249
123977,123987,126185,10,2198,2,18000,1.00454959054
123980,123992,126353,12,2361,2,18000,1.00508259212
123996,124001,126375,5,2374,2,18000,1.00210614996
123998,124008,126386,10,2378,2,18000,1.00420521447
124001,124013,126412,12,2399,2,18000,1.0050020842
124021,124028,126337,7,2309,2,18000,1.00303161542
124051,124058,126054,7,1996,2,18000,1.00350701403
124076,124082,126400,6,2318,2,18000,1.00258843831
124091,124097,126360,6,2263,2,18000,1.00265134777
124112,124118,126458,6,2340,2,18000,1.00256410256
124347,124353,125081,6,728,1,3600,1.00824175824
124428,124434,126836,6,2402,2,18000,1.0024979184
124885,124891,127297,6,2406,2,18000,1.00249376559
125012,125018,127421,6,2403,2,18000,1.0024968789
125078,125084,127438,6,2354,2,18000,1.00254885302
125163,125169,127567,6,2398,2,18000,1.00250208507
125218,125224,127546,6,2322,2,18000,1.00258397933
125234,125240,127562,6,2322,2,18000,1.00258397933
125246,125252,126630,6,1378,2,14400,1.00435413643
125255,125261,127631,6,2370,2,18000,1.00253164557
125262,125268,127440,6,2172,2,18000,1.00276243094
125304,125310,127266,6,1956,2,18000,1.00306748466
125347,125353,127764,6,2411,2,18000,1.00248859394
125462,125468,127712,6,2244,2,18000,1.00267379679
125464,125474,127729,10,2255,2,18000,1.0044345898
125473,125480,129207,7,3727,1,3600,1.00187818621
125517,125523,126428,6,905,2,14400,1.00662983425
125570,125576,127910,6,2334,2,18000,1.00257069409
125654,125660,128027,6,2367,2,18000,1.00253485425
125714,125720,128163,6,2443,2,18000,1.00245599673
125769,125775,128104,6,2329,2,18000,1.00257621297
125785,125791,127926,6,2135,2,18000,1.00281030445
125792,125798,128133,6,2335,2,18000,1.00256959315
125850,125856,128220,6,2364,2,18000,1.00253807107
125852,125862,128213,10,2351,2,18000,1.00425350915
125897,125904,128208,7,2304,2,18000,1.00303819444
125940,125946,128097,6,2151,2,18000,1.00278940028
125979,125985,128303,6,2318,2,18000,1.00258843831
126009,126015,128089,6,2074,2,18000,1.00289296046
126011,126021,128328,10,2307,2,18000,1.00433463372
126027,126033,128249,6,2216,2,18000,1.00270758123
126051,126057,128488,6,2431,2,18000,1.00246812012
126067,126073,128517,6,2444,2,18000,1.00245499182
126191,126197,128618,6,2421,2,18000,1.00247831475
126194,126203,128569,9,2366,2,18000,1.00380388842
126345,126352,128736,7,2384,2,18000,1.00293624161
126361,126367,128785,6,2418,2,18000,1.00248138958
126369,126375,128584,6,2209,2,18000,1.00271616116
126384,126390,128816,6,2426,2,18000,1.00247320692
126401,126407,128640,6,2233,2,18000,1.0026869682
126404,126413,128747,9,2334,2,18000,1.00385604113
126406,126418,128724,12,2306,2,18000,1.00520381613
126422,126428,128755,6,2327,2,18000,1.00257842716
126469,126475,128833,6,2358,2,18000,1.00254452926
126673,126679,127559,6,880,2,14400,1.00681818182
126843,126849,129057,6,2208,2,18000,1.0027173913
127069,127075,127457,6,382,2,14400,1.01570680628
127277,127283,129363,6,2080,2,18000,1.00288461538
127304,127310,129672,6,2362,2,18000,1.00254022015
127331,127337,127726,6,389,2,14400,1.01542416452
127427,127434,129917,7,2483,2,18000,1.00281917036
127448,127455,129704,7,2249,2,18000,1.00311249444
127451,127461,129774,10,2313,2,18000,1.00432338954
127554,127560,129902,6,2342,2,18000,1.00256191289
127570,127577,129883,7,2306,2,18000,1.00303555941
127578,127584,129813,6,2229,2,18000,1.00269179004
127638,127644,129961,6,2317,2,18000,1.00258955546
127719,127726,130066,7,2340,2,18000,1.00299145299
127735,127741,130103,6,2362,2,18000,1.00254022015
127771,127777,129907,6,2130,2,18000,1.00281690141
127882,127888,128509,6,621,2,14400,1.00966183575
127916,127922,130364,6,2442,2,18000,1.00245700246
127932,127938,130246,6,2308,2,18000,1.00259965338
128035,128041,130427,6,2386,2,18000,1.0025146689
128095,128101,130521,6,2420,2,18000,1.00247933884
128111,128117,130467,6,2350,2,18000,1.00255319149
128113,128123,130452,10,2329,2,18000,1.00429368828
128130,128136,128603,6,467,2,14400,1.01284796574
128140,128147,130513,7,2366,2,18000,1.00295857988
128170,128177,130402,7,2225,2,18000,1.00314606742
128216,128222,130596,6,2374,2,18000,1.00252737995
128224,128230,130593,6,2363,2,18000,1.00253914515
128239,128246,130619,7,2373,2,18000,1.00294985251
128255,128261,130299,6,2038,2,18000,1.00294406281
128309,128315,130788,6,2473,2,18000,1.00242620299
128336,128342,130611,6,2269,2,18000,1.00264433671
128494,128500,130724,6,2224,2,18000,1.00269784173
128524,128530,130691,6,2161,2,18000,1.00277649236
128576,128582,130952,6,2370,2,18000,1.00253164557
128591,128598,130938,7,2340,2,18000,1.00299145299
128625,128631,131064,6,2433,2,18000,1.00246609125
128648,128654,130985,6,2331,2,18000,1.00257400257
128730,128736,130990,6,2254,2,18000,1.00266193434
128746,128752,131106,6,2354,2,18000,1.00254885302
128762,128768,131108,6,2340,2,18000,1.00256410256
128764,128774,131128,10,2354,2,18000,1.00424808836
128791,128797,131075,6,2278,2,18000,1.00263388938
128825,128831,131118,6,2287,2,18000,1.00262352427
128841,128847,131287,6,2440,2,18000,1.00245901639
129065,129071,131396,6,2325,2,18000,1.00258064516
129330,129336,134566,6,5230,2,43200,1.00114722753
129374,129380,131807,6,2427,2,18000,1.00247218789
129680,129686,131991,6,2305,2,18000,1.00260303688
129701,129707,132584,6,2877,16,3600,1.00208550574
129715,129721,131955,6,2234,2,18000,1.00268576544
129781,129787,132185,6,2398,2,18000,1.00250208507
129820,129826,132232,6,2406,2,18000,1.00249376559
129890,129896,132322,6,2426,2,18000,1.00247320692
129911,129917,132232,6,2315,2,18000,1.00259179266
129913,129923,132340,10,2417,2,18000,1.00413736036
129929,129935,132126,6,2191,2,18000,1.00273847558
129933,129941,129986,8,45,8,72000,1.17777777778
129939,129947,131046,8,1099,2,14400,1.00727934486
129968,129974,132333,6,2359,2,18000,1.00254345061
130074,130080,132340,6,2260,2,18000,1.00265486726
130110,130116,132530,6,2414,2,18000,1.00248550124
130257,130263,132594,6,2331,2,18000,1.00257400257
130305,130311,132564,6,2253,2,18000,1.00266311585
130371,130378,132745,7,2367,2,18000,1.00295732995
130410,130417,132802,7,2385,2,18000,1.00293501048
130434,130441,132743,7,2302,2,18000,1.00304083406
130458,130464,132667,6,2203,2,18000,1.00272355878
130475,130481,132844,6,2363,2,18000,1.00253914515
130520,130526,132966,6,2440,2,18000,1.00245901639
130536,130542,132856,6,2314,2,18000,1.00259291271
130600,130606,132954,6,2348,2,18000,1.00255536627
130602,130612,133009,10,2397,2,18000,1.00417188152
130618,130624,132970,6,2346,2,18000,1.00255754476
130634,130640,132955,6,2315,2,18000,1.00259179266
130697,130704,133014,7,2310,2,18000,1.00303030303
130730,130736,133085,6,2349,2,18000,1.00255427842
130794,130800,133110,6,2310,2,18000,1.0025974026
130945,130951,133416,6,2465,2,18000,1.00243407708
130961,130967,133090,6,2123,2,18000,1.00282618935
130993,130999,131000,6,1,1,3600,1.0
130996,131005,133453,9,2448,2,18000,1.00367647059
130998,131010,133338,12,2328,2,18000,1.00515463918
131071,131077,133110,6,2033,2,18000,1.00295130349
131087,131093,133346,6,2253,2,18000,1.00266311585
131114,131120,133392,6,2272,2,18000,1.00264084507
131116,131126,133477,10,2351,2,18000,1.00425350915
131132,131138,133374,6,2236,2,18000,1.00268336315
131135,131144,133444,9,2300,2,18000,1.00391304348
131157,131163,136954,6,5791,1,10800,1.00103609049
131297,131304,133676,7,2372,2,18000,1.00295109612
131403,131409,133791,6,2382,2,18000,1.00251889169
131780,131786,131787,6,1,1,3600,1.0
131813,131819,134250,6,2431,2,18000,1.00246812012
131966,131972,134032,6,2060,2,18000,1.00291262136
131999,132005,134422,6,2417,2,18000,1.00248241622
132135,132141,134498,6,2357,2,18000,1.00254560882
132178,132184,132487,6,303,1,3600,1.0198019802
132192,132198,134542,6,2344,2,18000,1.00255972696
132243,132249,134412,6,2163,2,18000,1.0027739251
132245,132255,134499,10,2244,2,18000,1.00445632799
132330,132336,134713,6,2377,2,18000,1.00252419016
132346,132352,134532,6,2180,2,18000,1.00275229358
132348,132358,134636,10,2278,2,18000,1.00438981563
132350,132363,134758,13,2395,2,18000,1.00542797495
132541,132547,134879,6,2332,2,18000,1.0025728988
132571,132577,134810,6,2233,2,18000,1.0026869682
132602,132608,134996,6,2388,2,18000,1.00251256281
132674,132680,134891,6,2211,2,18000,1.00271370421
132743,132750,136447,7,3697,1,3600,1.0018934271
132749,132756,134962,7,2206,2,18000,1.0031731641
132752,132762,135184,10,2422,2,18000,1.00412881916
132809,132815,135194,6,2379,2,18000,1.0025220681
132851,132857,135286,6,2429,2,18000,1.00247015233
132867,132873,135178,6,2305,2,18000,1.00260303688
132961,132967,135234,6,2267,2,18000,1.00264666961
132963,132973,135266,10,2293,2,18000,1.004361099
132979,132986,135336,7,2350,2,18000,1.0029787234
132982,132992,135372,10,2380,2,18000,1.00420168067
133015,133021,135310,6,2289,2,18000,1.00262123198
133023,133029,135409,6,2380,2,18000,1.0025210084
133092,133098,135476,6,2378,2,18000,1.00252312868
133099,133105,135518,6,2413,2,18000,1.00248653129
133120,133127,135560,7,2433,2,18000,1.00287710645
133123,133133,135412,10,2279,2,18000,1.00438788943
133344,133349,135778,5,2429,2,18000,1.00205846027
133359,133366,135769,7,2403,2,18000,1.00291302538
133372,133378,134130,6,752,1,3600,1.0079787234
133380,133386,135704,6,2318,2,18000,1.00258843831
133401,133407,135848,6,2441,2,18000,1.00245800901
133428,133434,135638,6,2204,2,18000,1.00272232305
133452,133458,135815,6,2357,2,18000,1.00254560882
133468,133474,135928,6,2454,2,18000,1.00244498778
133484,133490,135833,6,2343,2,18000,1.00256081946
133677,133683,136591,6,2908,16,3600,1.00206327373
133683,133689,136096,6,2407,2,18000,1.00249272954
133798,133804,136046,6,2242,2,18000,1.00267618198
133831,133837,134685,6,848,2,14400,1.0070754717
133839,136597,139508,2758,2911,16,3600,1.94744074201
133975,139514,142383,5539,2869,16,3600,2.93063785291
134040,134046,136062,6,2016,2,18000,1.00297619048
134048,142389,145244,8341,2855,16,3600,3.92154115587
134137,145309,148161,11172,2852,16,3600,4.91725105189
134158,134164,134885,6,721,2,14400,1.00832177531
134234,148167,151033,13933,2866,16,3600,5.86147941382
134258,134264,136541,6,2277,2,18000,1.00263504611
134322,151039,153863,16717,2824,16,3600,6.91961756374
134415,134421,134437,6,16,16,3600,1.375
134419,134427,136851,8,2424,2,18000,1.00330033003
134434,134441,136648,7,2207,2,18000,1.00317172633
134446,153869,156704,19423,2835,16,3600,7.85114638448
134509,134515,136930,6,2415,2,18000,1.00248447205
134511,134521,136965,10,2444,2,18000,1.00409165303
134538,134544,136906,6,2362,2,18000,1.00254022015
134554,134560,136953,6,2393,2,18000,1.002507313
134647,134653,136916,6,2263,2,18000,1.00265134777
134655,134661,135225,6,564,2,14400,1.01063829787
134720,134727,137171,7,2444,2,18000,1.00286415712
134766,134772,137088,6,2316,2,18000,1.00259067358
134817,134823,137120,6,2297,2,18000,1.00261210274
134887,134893,137261,6,2368,2,18000,1.00253378378
134903,134909,137273,6,2364,2,18000,1.00253807107
134969,134975,137346,6,2371,2,18000,1.00253057782
135007,135013,137206,6,2193,2,18000,1.00273597811
135149,135155,138879,6,3724,1,3600,1.00161117078
135186,135193,137580,7,2387,2,18000,1.00293255132
135194,135200,137504,6,2304,2,18000,1.00260416667
135209,135216,137641,7,2425,2,18000,1.00288659794
135244,135251,137693,7,2442,2,18000,1.00286650287
135277,135283,137603,6,2320,2,18000,1.0025862069
135293,135298,137516,5,2218,2,18000,1.00225428314
135316,135323,137705,7,2382,2,18000,1.00293870697
135343,135350,137642,7,2292,2,18000,1.00305410122
135380,135386,137737,6,2351,2,18000,1.00255210549
135416,135422,137570,6,2148,2,18000,1.00279329609
135419,135428,137784,9,2356,2,18000,1.00382003396
135482,135488,137888,6,2400,2,18000,1.0025
135524,135530,137900,6,2370,2,18000,1.00253164557
135566,135572,137900,6,2328,2,18000,1.00257731959
135645,135651,137841,6,2190,2,18000,1.00273972603
135711,135717,137928,6,2211,2,18000,1.00271370421
135777,135783,138168,6,2385,2,18000,1.00251572327
135793,135799,138194,6,2395,2,18000,1.00250521921
135825,135832,138180,7,2348,2,18000,1.00298126065
135841,135848,138152,7,2304,2,18000,1.00303819444
135857,135863,138174,6,2311,2,18000,1.00259627867
135936,135942,138356,6,2414,2,18000,1.00248550124
135969,135975,135991,6,16,1,2400,1.375
135974,135981,135983,7,2,1,2400,1.0
135978,135987,135999,9,12,1,2400,1.75
136055,136061,138464,6,2403,2,18000,1.0024968789
136071,136077,138418,6,2341,2,18000,1.00256300726
136104,136110,138400,6,2290,2,18000,1.00262008734
136474,136480,143783,6,7303,1,7200,1.00082158017
136552,136558,139010,6,2452,2,18000,1.00244698206
136655,136661,139112,6,2451,2,18000,1.00244798042
136843,136848,136862,5,14,1,2400,1.35714285714
136860,136866,139236,6,2370,2,18000,1.00253164557
136914,136920,139336,6,2416,2,18000,1.00248344371
136930,136936,139336,6,2400,2,18000,1.0025
136946,136952,139294,6,2342,2,18000,1.00256191289
136954,136964,136968,10,4,1,2400,1.4
136957,136975,147882,18,10907,1,10800,1.00165031631
136962,136970,139360,8,2390,2,18000,1.00334728033
136977,136984,139368,7,2384,2,18000,1.00293624161
137055,137061,137075,6,14,1,2400,1.42857142857
137095,137101,139536,6,2435,2,18000,1.00246406571
137130,137137,139478,7,2341,2,18000,1.00299017514
137179,137185,139432,6,2247,2,18000,1.00267022697
137179,137190,137201,11,11,1,2400,2.0
137212,137218,139467,6,2249,2,18000,1.00266785238
137272,137278,139655,6,2377,2,18000,1.00252419016
137288,137294,139678,6,2384,2,18000,1.00251677852
137356,137362,139704,6,2342,2,18000,1.00256191289
137516,137523,140012,7,2489,2,18000,1.00281237445
137524,137530,139889,6,2359,2,18000,1.00254345061
137582,137588,139697,6,2109,2,18000,1.00284495021
137589,137596,139798,7,2202,2,18000,1.00317892825
137610,137617,139869,7,2252,2,18000,1.00310834813
137647,137653,139985,6,2332,2,18000,1.0025728988
137649,137659,139886,10,2227,2,18000,1.00449034576
137701,137707,139977,6,2270,2,18000,1.00264317181
137718,137724,140060,6,2336,2,18000,1.00256849315
137745,137751,140059,6,2308,2,18000,1.00259965338
137791,137797,140191,6,2394,2,18000,1.00250626566
137849,137855,140295,6,2440,2,18000,1.00245901639
137895,137900,140125,5,2225,2,18000,1.00224719101
137911,137917,140269,6,2352,2,18000,1.00255102041
137913,137923,140236,10,2313,2,18000,1.00432338954
137934,137941,140260,7,2319,2,18000,1.00301854248
138161,138167,140366,6,2199,2,18000,1.00272851296
138177,138183,140658,6,2475,2,18000,1.00242424242
138184,138190,140545,6,2355,2,18000,1.0025477707
138200,138206,140453,6,2247,2,18000,1.00267022697
138202,138212,140571,10,2359,2,18000,1.00423908436
138365,138371,140696,6,2325,2,18000,1.00258064516
138407,138413,140726,6,2313,2,18000,1.00259403372
138429,138435,140652,6,2217,2,18000,1.00270635995
138471,138477,140720,6,2243,2,18000,1.00267498885
139019,139025,141288,6,2263,2,18000,1.00265134777
139121,139127,141511,6,2384,2,18000,1.00251677852
139244,139250,141485,6,2235,2,18000,1.00268456376
139301,139307,141602,6,2295,2,18000,1.00261437908
139343,139349,141628,6,2279,2,18000,1.00263273366
139346,139355,141665,9,2310,2,18000,1.0038961039
139367,139373,141744,6,2371,2,18000,1.00253057782
139382,139389,141766,7,2377,2,18000,1.00294488851
139440,139446,141842,6,2396,2,18000,1.00250417362
139478,139484,141772,6,2288,2,18000,1.00262237762
139485,139491,141737,6,2246,2,18000,1.00267141585
139543,139549,141854,6,2305,2,18000,1.00260303688
139661,139667,141927,6,2260,2,18000,1.00265486726
139685,139691,141955,6,2264,2,18000,1.00265017668
139706,139712,142005,6,2293,2,18000,1.0026166594
139713,139719,141938,6,2219,2,18000,1.00270392068
139747,230955,498118,91208,267163,3,288000,1.34139457934
139804,139810,142274,6,2464,2,18000,1.00243506494
139852,139858,154283,6,14425,1,14400,1.00041594454
139877,139883,142109,6,2226,2,18000,1.00269541779
139893,139899,142151,6,2252,2,18000,1.0026642984
139895,139905,142248,10,2343,2,18000,1.00426803244
139983,139989,142433,6,2444,2,18000,1.00245499182
139997,140003,154449,6,14446,1,14400,1.00041533989
139999,140009,142326,10,2317,2,18000,1.00431592577
140020,140026,142277,6,2251,2,18000,1.00266548201
140067,140072,142486,5,2414,2,18000,1.00207125104
140069,140078,142469,9,2391,2,18000,1.00376411543
140132,140138,142415,6,2277,2,18000,1.00263504611
140164,140196,140198,32,2,1,3600,3.4
140164,140191,140192,27,1,1,3600,2.8
140164,140186,140187,22,1,1,3600,2.3
140164,140180,140181,16,1,1,3600,1.7
140164,140174,140176,10,2,1,3600,1.2
140164,140169,140171,5,2,1,3600,1.0
140164,140201,140203,37,2,1,3600,3.9
140165,140207,140208,42,1,1,3600,4.3
140165,140212,140213,47,1,1,3600,4.8
140165,140217,140218,52,1,1,3600,5.3
140201,140223,142441,22,2218,2,18000,1.00991884581
140243,140250,142465,7,2215,2,18000,1.00316027088
140267,140274,142648,7,2374,2,18000,1.00294860994
140283,140289,142609,6,2320,2,18000,1.0025862069
140304,140310,142781,6,2471,2,18000,1.00242816673
140375,140381,142717,6,2336,2,18000,1.00256849315
140460,140466,142855,6,2389,2,18000,1.00251151109
140546,140553,154992,7,14439,1,14400,1.00048479812
140556,140562,142995,6,2433,2,18000,1.00246609125
140563,140569,154989,6,14420,1,14400,1.00041608877
140576,140582,154991,6,14409,1,14400,1.00041640641
140582,140588,142775,6,2187,2,18000,1.00274348422
140589,140595,155030,6,14435,1,14400,1.00041565639
140602,140608,155040,6,14432,1,14400,1.00041574279
140654,140660,155081,6,14421,1,14400,1.00041605991
140659,140666,143119,7,2453,2,18000,1.00285364859
140666,140672,142973,6,2301,2,18000,1.00260756193
140703,140709,142868,6,2159,2,18000,1.00277906438
140727,140734,142953,7,2219,2,18000,1.00315457413
140735,140741,143085,6,2344,2,18000,1.00255972696
140863,140884,140889,21,5,8,3600,2.6
140863,140868,140873,5,5,8,3600,1.0
140863,140873,140880,10,7,8,3600,1.7
140863,140894,140899,31,5,8,3600,3.6
140863,140889,140894,26,5,8,3600,3.1
140863,140878,140884,15,6,8,3600,2.1
140864,140930,140935,66,5,8,3600,7.1
140864,140899,140904,35,5,8,3600,4.0
140864,140935,140940,71,5,8,3600,7.6
140864,140904,140911,40,7,8,3600,4.7
140864,140910,140916,46,6,8,3600,5.2
140864,140925,140932,61,7,8,3600,6.8
140864,140915,140920,51,5,8,3600,5.6
140864,140920,140926,56,6,8,3600,6.2
140865,140956,140961,91,5,8,3600,9.6
140865,141641,141648,776,7,8,3600,78.3
140865,141646,141652,781,6,8,3600,78.7
140865,140966,140972,101,6,8,3600,10.7
140865,140940,140949,75,9,8,3600,8.4
140865,140961,140967,96,6,8,3600,10.2
140865,140945,140950,80,5,8,3600,8.5
140865,140950,140957,85,7,8,3600,9.2
140866,141680,141685,814,5,8,3600,81.9
140866,141674,141680,808,6,8,3600,81.4
140866,141669,141675,803,6,8,3600,80.9
140866,141664,141671,798,7,8,3600,80.5
140866,140972,140977,106,5,8,3600,11.1
140866,141685,141690,819,5,8,3600,82.4
140866,141690,141695,824,5,8,3600,82.9
140867,140977,140982,110,5,8,3600,11.5
140883,140988,140991,105,3,8,3600,10.8
140883,140983,140988,100,5,8,3600,10.5
140884,140993,140997,109,4,8,3600,11.3
140884,141018,141023,134,5,8,3600,13.9
140884,141023,141027,139,4,8,3600,14.3
140884,141028,141033,144,5,8,3600,14.9
140884,141008,141013,124,5,8,3600,12.9
140884,141013,141018,129,5,8,3600,13.4
140884,140998,141002,114,4,8,3600,11.8
140884,141003,141007,119,4,8,3600,12.3
140885,141034,141038,149,4,8,3600,15.3
140885,141039,141043,154,4,8,3600,15.8
140885,141044,141047,159,3,8,3600,16.2
140885,141378,141383,493,5,8,3600,49.8
140885,141049,141055,164,6,8,3600,17.0
140885,141383,141388,498,5,8,3600,50.3
140885,141054,141058,169,4,8,3600,17.3
140886,141405,141410,519,5,8,3600,52.4
140886,141066,141072,180,6,8,3600,18.6
140886,141415,141419,529,4,8,3600,53.3
140886,141410,141414,524,4,8,3600,52.8
140886,141388,141394,502,6,8,3600,50.8
140886,141398,141404,512,6,8,3600,51.8
140886,141393,141400,507,7,8,3600,51.4
140886,141071,141077,185,6,8,3600,19.1
140887,141097,141102,210,5,8,3600,21.5
140887,141081,141087,194,6,8,3600,20.0
140887,141087,141092,200,5,8,3600,20.5
140887,141092,141096,205,4,8,3600,20.9
140887,141076,141081,189,5,8,3600,19.4
140897,141102,141114,205,12,8,3600,18.0833333333
140897,141107,141112,210,5,8,3600,21.5
140898,141112,141117,214,5,8,3600,21.9
140898,141133,141138,235,5,8,3600,24.0
140898,141117,141123,219,6,8,3600,22.5
140898,141122,141127,224,5,8,3600,22.9
140898,141127,141132,229,5,8,3600,23.4
140898,141138,141142,240,4,8,3600,24.4
140898,141143,141148,245,5,8,3600,25.0
140899,141186,141191,287,5,8,3600,29.2
140899,141155,141159,256,4,8,3600,26.0
140899,141180,141184,281,4,8,3600,28.5
140899,141191,141196,292,5,8,3600,29.7
140899,141160,141165,261,5,8,3600,26.6
140899,141165,141170,266,5,8,3600,27.1
140899,141175,141181,276,6,8,3600,28.2
140899,141170,141175,271,5,8,3600,27.6
140900,141211,141216,311,5,8,3600,31.6
140900,141196,141202,296,6,8,3600,30.2
140900,141201,141206,301,5,8,3600,30.6
140900,141206,141215,306,9,8,3600,31.5
140900,141216,141221,316,5,8,3600,32.1
140900,141221,141227,321,6,8,3600,32.7
140900,141227,141233,327,6,8,3600,33.3
140901,141237,141243,336,6,8,3600,34.2
140901,141244,141248,343,4,8,3600,34.7
140901,141259,141264,358,5,8,3600,36.3
140901,141254,141259,353,5,8,3600,35.8
140901,141249,141254,348,5,8,3600,35.3
140901,141232,141237,331,5,8,3600,33.6
140908,141264,141271,356,7,8,3600,36.3
140909,141269,141276,360,7,8,3600,36.7
140909,141274,141280,365,6,8,3600,37.1
140909,141279,141287,370,8,8,3600,37.8
140909,141290,141296,381,6,8,3600,38.7
140909,141284,141290,375,6,8,3600,38.1
140909,141300,141307,391,7,8,3600,39.8
140909,141295,141301,386,6,8,3600,39.2
140910,141305,141314,395,9,8,3600,40.4
140910,141315,141322,405,7,8,3600,41.2
140910,141327,141332,417,5,8,3600,42.2
140910,141332,141338,422,6,8,3600,42.8
140910,141337,141343,427,6,8,3600,43.3
140910,141342,141348,432,6,8,3600,43.8
140910,141347,141354,437,7,8,3600,44.4
140910,141310,141316,400,6,8,3600,40.6
140911,141357,141365,446,8,8,3600,45.4
140911,141352,141359,441,7,8,3600,44.8
140911,141363,141369,452,6,8,3600,45.8
140911,141368,141374,457,6,8,3600,46.3
140911,141373,141385,462,12,8,3600,39.5
140912,141420,141426,508,6,8,3600,51.4
140912,141425,141430,513,5,8,3600,51.8
140912,141435,141442,523,7,8,3600,53.0
140912,141430,141437,518,7,8,3600,52.5
140913,141461,141472,548,11,8,3600,50.8181818182
140913,141456,141464,543,8,8,3600,55.1
140913,141451,141456,538,5,8,3600,54.3
140913,141446,141452,533,6,8,3600,53.9
140913,141441,141447,528,6,8,3600,53.4
140943,141466,141477,523,11,8,3600,48.5454545455
140943,141476,141485,533,9,8,3600,54.2
140943,141488,141497,545,9,8,3600,55.4
140943,141496,141506,553,10,8,3600,56.3
140943,141501,141511,558,10,8,3600,56.8
140943,141471,141481,528,10,8,3600,53.8
140944,141506,141517,562,11,8,3600,52.0909090909
140944,141516,141526,572,10,8,3600,58.2
140944,141521,141532,577,11,8,3600,53.4545454545
140944,141527,141537,583,10,8,3600,59.3
140944,141532,141542,588,10,8,3600,59.8
140944,141537,141550,593,13,8,3600,46.6153846154
140944,141511,141521,567,10,8,3600,57.7
140945,141542,141553,597,11,8,3600,55.2727272727
140945,141547,141561,602,14,8,3600,44.0
140945,141552,141564,607,12,8,3600,51.5833333333
140945,141563,141574,618,11,8,3600,57.1818181818
140945,141557,141570,612,13,8,3600,48.0769230769
140945,141580,141589,635,9,8,3600,64.4
140945,141585,141595,640,10,8,3600,65.0
140945,141590,141601,645,11,8,3600,59.6363636364
140946,141595,141606,649,11,8,3600,60.0
140946,141626,141635,680,9,8,3600,68.9
140946,141621,141629,675,8,8,3600,68.3
140946,141616,141625,670,9,8,3600,67.9
140946,141611,141620,665,9,8,3600,67.4
140946,141606,141615,660,9,8,3600,66.9
140946,141600,141610,654,10,8,3600,66.4
140946,141631,141640,685,9,8,3600,69.4
140947,141636,141646,689,10,8,3600,69.9
140989,141148,151949,159,10801,1,10800,1.01472085918
141020,141061,144789,41,3728,1,3600,1.01099785408
141294,141322,143661,28,2339,2,18000,1.01197092775
141419,141483,145191,64,3708,1,3600,1.01725997843
141491,141570,143802,79,2232,2,18000,1.03539426523
141518,141575,143875,57,2300,2,18000,1.0247826087
141609,141654,144046,45,2392,2,18000,1.01881270903
141636,141659,143987,23,2328,2,18000,1.00987972509
141673,141696,144114,23,2418,2,18000,1.00951199338
141745,141751,143928,6,2177,2,18000,1.00275608636
141753,141759,144006,6,2247,2,18000,1.00267022697
141774,141780,144143,6,2363,2,18000,1.00253914515
141781,141787,144127,6,2340,2,18000,1.00256410256
141850,141857,144329,7,2472,2,18000,1.00283171521
141866,141872,144296,6,2424,2,18000,1.00247524752
141938,141944,144163,6,2219,2,18000,1.00270392068
141953,141960,144306,7,2346,2,18000,1.00298380222
141969,141975,144184,6,2209,2,18000,1.00271616116
142011,142017,144220,6,2203,2,18000,1.00272355878
142118,142124,144554,6,2430,2,18000,1.0024691358
142162,142168,144475,6,2307,2,18000,1.00260078023
142256,142262,144676,6,2414,2,18000,1.00248550124
142281,142287,144676,6,2389,2,18000,1.00251151109
142283,142293,144619,10,2326,2,18000,1.00429922614
142335,142341,144616,6,2275,2,18000,1.00263736264
142423,142429,144688,6,2259,2,18000,1.0026560425
142432,142438,142447,6,9,8,3600,1.5
142433,142464,142476,31,12,8,3600,3.58333333333
142433,142469,142475,36,6,8,3600,4.2
142433,142459,142466,26,7,8,3600,3.3
142433,142448,142455,15,7,8,3600,2.2
142433,142443,142450,10,7,8,3600,1.7
142434,142474,142482,40,8,8,3600,4.8
142434,142479,142486,45,7,8,3600,5.2
142434,142485,142492,51,7,8,3600,5.8
142434,142490,142501,56,11,8,3600,6.09090909091
142434,142495,142502,61,7,8,3600,6.8
142435,142505,142513,70,8,8,3600,7.8
142435,142510,142518,75,8,8,3600,8.3
142435,142515,142523,80,8,8,3600,8.8
142435,142500,142507,65,7,8,3600,7.2
142436,143258,143264,822,6,8,3600,82.8
142436,142520,142527,84,7,8,3600,9.1
142436,142525,142533,89,8,8,3600,9.7
142436,142531,142539,95,8,8,3600,10.3
142436,143273,143280,837,7,8,3600,84.4
142436,143268,143275,832,7,8,3600,83.9
142436,143263,143270,827,7,8,3600,83.4
142436,143253,143259,817,6,8,3600,82.3
142437,143289,143296,852,7,8,3600,85.9
142437,143284,143289,847,5,8,3600,85.2
142437,143278,143284,841,6,8,3600,84.7
142437,143304,143309,867,5,8,3600,87.2
142437,143294,143300,857,6,8,3600,86.3
142437,142563,142571,126,8,8,3600,13.4
142437,142558,142564,121,6,8,3600,12.7
142444,142454,144778,10,2324,2,18000,1.00430292599
142451,142538,144947,87,2409,2,18000,1.03611457036
142452,142589,142598,137,9,8,3600,14.6
142452,142584,142590,132,6,8,3600,13.8
142452,142599,142605,147,6,8,3600,15.3
142452,142574,142580,122,6,8,3600,12.8
142452,142569,142575,117,6,8,3600,12.3
142452,142579,142585,127,6,8,3600,13.3
142452,142594,142599,142,5,8,3600,14.7
142453,142782,142788,329,6,8,3600,33.5
142453,142777,142783,324,6,8,3600,33.0
142453,142609,142619,156,10,8,3600,16.6
142453,142630,142635,177,5,8,3600,18.2
142453,142625,142631,172,6,8,3600,17.8
142453,142620,142625,167,5,8,3600,17.2
142453,142615,142619,162,4,8,3600,16.6
142453,142604,142610,151,6,8,3600,15.7
142454,142835,142840,381,5,8,3600,38.6
142454,142829,142836,375,7,8,3600,38.2
142454,142802,142808,348,6,8,3600,35.4
142454,142797,142805,343,8,8,3600,35.1
142454,142792,142801,338,9,8,3600,34.7
142454,142824,142831,370,7,8,3600,37.7
142454,142787,142794,333,7,8,3600,34.0
142455,142657,142664,202,7,8,3600,20.9
142455,142668,142674,213,6,8,3600,21.9
142455,142840,142846,385,6,8,3600,39.1
142455,142642,142647,187,5,8,3600,19.2
142455,142647,142652,192,5,8,3600,19.7
142455,142652,142658,197,6,8,3600,20.3
142455,142662,142669,207,7,8,3600,21.4
142455,142673,142680,218,7,8,3600,22.5
142464,142709,142717,245,8,8,3600,25.3
142464,142704,142709,240,5,8,3600,24.5
142464,142698,142705,234,7,8,3600,24.1
142464,142693,142700,229,7,8,3600,23.6
142464,142688,142694,224,6,8,3600,23.0
142464,142683,142689,219,6,8,3600,22.5
142464,142678,142685,214,7,8,3600,22.1
142465,142731,142737,266,6,8,3600,27.2
142465,142736,142742,271,6,8,3600,27.7
142465,142714,142721,249,7,8,3600,25.6
142465,142746,142754,281,8,8,3600,28.9
142465,142741,142748,276,7,8,3600,28.3
142465,142751,142758,286,7,8,3600,29.3
142465,142719,142725,254,6,8,3600,26.0
142466,142855,142861,389,6,8,3600,39.5
142466,142756,142763,290,7,8,3600,29.7
142466,142850,142855,384,5,8,3600,38.9
142466,142772,142779,306,7,8,3600,31.3
142466,142845,142850,379,5,8,3600,38.4
142466,142767,142772,301,5,8,3600,30.6
142466,142860,142867,394,7,8,3600,40.1
142466,142762,142768,296,6,8,3600,30.2
142467,142886,142894,419,8,8,3600,42.7
142467,142870,142876,403,6,8,3600,40.9
142467,142865,142872,398,7,8,3600,40.5
142467,142913,142920,446,7,8,3600,45.3
142467,142896,142903,429,7,8,3600,43.6
142467,142880,142886,413,6,8,3600,41.9
142467,142891,142898,424,7,8,3600,43.1
142467,142875,142882,408,7,8,3600,41.5
142472,142543,144964,71,2421,2,18000,1.02932672449
142475,142548,144956,73,2408,2,18000,1.03031561462
142484,142918,142926,434,8,8,3600,44.2
142484,142929,142936,445,7,8,3600,45.2
142484,142923,142931,439,8,8,3600,44.7
142484,142934,142941,450,7,8,3600,45.7
142484,142939,142946,455,7,8,3600,46.2
142485,142944,142951,459,7,8,3600,46.6
142485,142949,142956,464,7,8,3600,47.1
142485,142954,142962,469,8,8,3600,47.7
142485,142969,142977,484,8,8,3600,49.2
142485,142980,142988,495,8,8,3600,50.3
142485,142959,142967,474,8,8,3600,48.2
142485,142964,142972,479,8,8,3600,48.7
142485,142974,142983,489,9,8,3600,49.8
142486,143002,143009,516,7,8,3600,52.3
142486,143012,143020,526,8,8,3600,53.4
142486,143017,143026,531,9,8,3600,54.0
142486,143023,143031,537,8,8,3600,54.5
142486,142985,142994,499,9,8,3600,50.8
142486,143028,143036,542,8,8,3600,55.0
142486,143007,143015,521,8,8,3600,52.9
142487,143033,143041,546,8,8,3600,55.4
142487,143043,143051,556,8,8,3600,56.4
142487,143048,143055,561,7,8,3600,56.8
142487,143038,143045,551,7,8,3600,55.8
142487,143059,143066,572,7,8,3600,57.9
142487,143064,143073,577,9,8,3600,58.6
142487,143053,143061,566,8,8,3600,57.4
142487,143069,143078,582,9,8,3600,59.1
142488,143074,143083,586,9,8,3600,59.5
142488,143086,143093,598,7,8,3600,60.5
142495,143091,143102,596,11,8,3600,55.1818181818
142496,143096,143106,600,10,8,3600,61.0
142496,143101,143112,605,11,8,3600,56.0
142496,143106,143117,610,11,8,3600,56.4545454545
142496,143111,143122,615,11,8,3600,56.9090909091
142496,142553,144945,57,2392,2,18000,1.02382943144
142497,143132,143143,635,11,8,3600,58.7272727273
142497,143127,143138,630,11,8,3600,58.2727272727
142497,143117,143127,620,10,8,3600,63.0
142497,143122,143131,625,9,8,3600,63.4
142498,143157,143169,659,12,8,3600,55.9166666667
142498,143152,143165,654,13,8,3600,51.3076923077
142498,143142,143152,644,10,8,3600,65.4
142498,143137,143148,639,11,8,3600,59.0909090909
142498,143147,143158,649,11,8,3600,60.0
142499,143184,143196,685,12,8,3600,58.0833333333
142499,143179,143189,680,10,8,3600,69.0
142499,143194,143206,695,12,8,3600,58.9166666667
142499,143174,143184,675,10,8,3600,68.5
142499,143200,143210,701,10,8,3600,71.1
142499,143189,143201,690,12,8,3600,58.5
142500,143225,143237,725,12,8,3600,61.4166666667
142500,143210,143221,710,11,8,3600,65.5454545455
142500,143235,143248,735,13,8,3600,57.5384615385
142500,143230,143242,730,12,8,3600,61.8333333333
142500,143220,143232,720,12,8,3600,61.0
142500,143215,143227,715,12,8,3600,60.5833333333
142500,143205,143217,705,12,8,3600,59.75
142501,143299,143315,798,16,8,3600,50.875
142501,143246,143257,745,11,8,3600,68.7272727273
142501,143240,143253,739,13,8,3600,57.8461538462
142615,142637,145010,22,2373,2,18000,1.00927096502
142659,142726,145094,67,2368,2,18000,1.02829391892
142723,142809,145199,86,2390,2,18000,1.0359832636
142786,142814,145174,28,2360,2,18000,1.01186440678
142788,142819,145159,31,2340,2,18000,1.01324786325
142866,142903,145269,37,2366,2,18000,1.01563820795
142881,142908,145135,27,2227,2,18000,1.01212393354
142960,142992,145311,32,2319,2,18000,1.01379905132
142981,142997,145449,16,2452,2,18000,1.00652528548
143002,143081,145413,79,2332,2,18000,1.03387650086
143095,143164,145619,69,2455,2,18000,1.02810590631
143125,143169,145376,44,2207,2,18000,1.01993656547
143672,143678,146025,6,2347,2,18000,1.00255645505
143809,143815,145898,6,2083,2,18000,1.00288046087
143846,230996,360003,87150,129007,3,360000,1.67554473788
143883,143889,146277,6,2388,2,18000,1.00251256281
143931,143952,143962,21,10,8,3600,3.1
143931,143936,143950,5,14,8,3600,1.35714285714
143931,143942,143951,11,9,8,3600,2.0
143931,143964,143974,33,10,8,3600,4.3
143931,143969,143980,38,11,8,3600,4.45454545455
143931,143947,143957,16,10,8,3600,2.6
143932,143974,143985,42,11,8,3600,4.81818181818
143932,143979,143990,47,11,8,3600,5.27272727273
143932,143989,144000,57,11,8,3600,6.18181818182
143932,144000,144011,68,11,8,3600,7.18181818182
143932,143984,143996,52,12,8,3600,5.33333333333
143932,144005,144017,73,12,8,3600,7.08333333333
143932,143994,144005,62,11,8,3600,6.63636363636
143933,144010,144022,77,12,8,3600,7.41666666667
143933,144036,144052,103,16,8,3600,7.4375
143933,144031,144042,98,11,8,3600,9.90909090909
143933,144015,144027,82,12,8,3600,7.83333333333
143933,144026,144037,93,11,8,3600,9.45454545455
143933,144020,144032,87,12,8,3600,8.25
143933,144774,144785,841,11,8,3600,77.4545454545
143933,144779,144789,846,10,8,3600,85.6
143934,144785,144795,851,10,8,3600,86.1
143934,144790,144800,856,10,8,3600,86.6
143934,144795,144805,861,10,8,3600,87.1
143934,144800,144810,866,10,8,3600,87.6
143934,144805,144815,871,10,8,3600,88.1
143934,144810,144819,876,9,8,3600,88.5
143934,144815,144825,881,10,8,3600,89.1
143934,144820,144837,886,17,8,3600,53.1176470588
143935,144053,144063,118,10,8,3600,12.8
143939,143958,146175,19,2217,2,18000,1.00857013983
143942,144073,144082,131,9,8,3600,14.0
143942,144068,144077,126,9,8,3600,13.5
143942,144063,144071,121,8,8,3600,12.9
143942,144058,144068,116,10,8,3600,12.6
143942,144079,144088,137,9,8,3600,14.6
143943,144109,144126,166,17,8,3600,10.7647058824
143943,144114,144124,171,10,8,3600,18.1
143943,144104,144113,161,9,8,3600,17.0
143943,144099,144107,156,8,8,3600,16.4
143943,144094,144103,151,9,8,3600,16.0
143943,144089,144097,146,8,8,3600,15.4
143943,144084,144094,141,10,8,3600,15.1
143944,144142,144156,198,14,8,3600,15.1428571429
143944,144125,144134,181,9,8,3600,19.0
143944,144120,144130,176,10,8,3600,18.6
143945,144147,144156,202,9,8,3600,21.1
143945,144162,144172,217,10,8,3600,22.7
143945,144167,144180,222,13,8,3600,18.0769230769
143945,144173,144186,228,13,8,3600,18.5384615385
143945,144178,144187,233,9,8,3600,24.2
143945,144152,144166,207,14,8,3600,15.7857142857
143945,144157,144171,212,14,8,3600,16.1428571429
143946,144241,144251,295,10,8,3600,30.5
143946,144183,144192,237,9,8,3600,24.6
143946,144188,144202,242,14,8,3600,18.2857142857
143946,144193,144206,247,13,8,3600,20.0
143946,144198,144211,252,13,8,3600,20.3846153846
143946,144203,144219,257,16,8,3600,17.0625
143946,144209,144219,263,10,8,3600,27.3
143946,144214,144224,268,10,8,3600,27.8
143954,144246,144256,292,10,8,3600,30.2
143954,144251,144260,297,9,8,3600,30.6
143955,144272,144283,317,11,8,3600,29.8181818182
143955,144257,144266,302,9,8,3600,31.1
143955,144262,144271,307,9,8,3600,31.6
143955,144267,144276,312,9,8,3600,32.1
143956,144298,144308,342,10,8,3600,35.2
143956,144293,144302,337,9,8,3600,34.6
143956,144288,144300,332,12,8,3600,28.6666666667
143956,144282,144292,326,10,8,3600,33.6
143956,144277,144286,321,9,8,3600,33.0
143957,144303,144313,346,10,8,3600,35.6
143957,144308,144319,351,11,8,3600,32.9090909091
143957,144313,144324,356,11,8,3600,33.3636363636
143957,144330,144340,373,10,8,3600,38.3
143958,144335,144344,377,9,8,3600,38.6
143958,144340,144350,382,10,8,3600,39.2
143958,144345,144356,387,11,8,3600,36.1818181818
143958,144350,144361,392,11,8,3600,36.6363636364
143958,144356,144365,398,9,8,3600,40.7
143958,144361,144370,403,9,8,3600,41.2
143958,144366,144376,408,10,8,3600,41.8
143959,144402,144412,443,10,8,3600,45.3
143959,144396,144408,437,12,8,3600,37.4166666667
143959,144391,144402,432,11,8,3600,40.2727272727
143959,144376,144385,417,9,8,3600,42.6
143959,144381,144391,422,10,8,3600,43.2
143959,144371,144381,412,10,8,3600,42.2
143959,144386,144395,427,9,8,3600,43.6
143960,144407,144417,447,10,8,3600,45.7
143966,144424,144435,458,11,8,3600,42.6363636364
143966,144429,144439,463,10,8,3600,47.3
143967,144470,144480,503,10,8,3600,51.3
143967,144465,144476,498,11,8,3600,46.2727272727
143967,144460,144469,493,9,8,3600,50.2
143967,144455,144465,488,10,8,3600,49.8
143967,144450,144460,483,10,8,3600,49.3
143967,144444,144455,477,11,8,3600,44.3636363636
143967,144439,144450,472,11,8,3600,43.9090909091
143967,144434,144445,467,11,8,3600,43.4545454545
143968,144485,144497,517,12,8,3600,44.0833333333
143968,144508,144518,540,10,8,3600,55.0
143968,144496,144507,528,11,8,3600,49.0
143968,144491,144502,523,11,8,3600,48.5454545455
143968,144513,144524,545,11,8,3600,50.5454545455
143968,144475,144485,507,10,8,3600,51.7
143968,144480,144492,512,12,8,3600,43.6666666667
143969,144554,144565,585,11,8,3600,54.1818181818
143969,144549,144560,580,11,8,3600,53.7272727273
143969,144544,144555,575,11,8,3600,53.2727272727
143969,144539,144550,570,11,8,3600,52.8181818182
143969,144534,144544,565,10,8,3600,57.5
143969,144523,144534,554,11,8,3600,51.3636363636
143969,144518,144528,549,10,8,3600,55.9
143969,144528,144540,559,12,8,3600,47.5833333333
143970,144580,144592,610,12,8,3600,51.8333333333
143970,144569,144581,599,12,8,3600,50.9166666667
143970,144559,144570,589,11,8,3600,54.5454545455
143970,144564,144576,594,12,8,3600,50.5
143970,144574,144586,604,12,8,3600,51.3333333333
143977,144592,144608,615,16,8,3600,39.4375
143977,144607,144623,630,16,8,3600,40.375
143977,144597,144612,620,15,8,3600,42.3333333333
143977,144602,144616,625,14,8,3600,45.6428571429
143978,144613,144627,635,14,8,3600,46.3571428571
143978,144643,144659,665,16,8,3600,42.5625
143978,144638,144653,660,15,8,3600,45.0
143978,144633,144648,655,15,8,3600,44.6666666667
143978,144628,144642,650,14,8,3600,47.4285714286
143978,144623,144638,645,15,8,3600,44.0
143978,144618,144632,640,14,8,3600,46.7142857143
143979,144664,144680,685,16,8,3600,43.8125
143979,144648,144665,669,17,8,3600,40.3529411765
143979,144653,144673,674,20,8,3600,34.7
143979,144681,144698,702,17,8,3600,42.2941176471
143979,144659,144675,680,16,8,3600,43.5
143980,144686,144702,706,16,8,3600,45.125
143980,144696,144713,716,17,8,3600,43.1176470588
143980,144691,144707,711,16,8,3600,45.4375
143981,144732,144747,751,15,8,3600,51.0666666667
143981,144701,144717,720,16,8,3600,46.0
143981,144706,144719,725,13,8,3600,56.7692307692
143981,144711,144726,730,15,8,3600,49.6666666667
143981,144716,144730,735,14,8,3600,53.5
143981,144722,144736,741,14,8,3600,53.9285714286
143981,144727,144742,746,15,8,3600,50.7333333333
143981,144737,144753,756,16,8,3600,48.25
143982,144747,144764,765,17,8,3600,46.0
143982,144742,144758,760,16,8,3600,48.5
143982,144752,144768,770,16,8,3600,49.125
143993,144043,146141,50,2098,2,18000,1.02383222116
144014,144048,146319,34,2271,2,18000,1.01497137825
144053,144132,146474,79,2342,2,18000,1.03373185312
144125,144137,146523,12,2386,2,18000,1.0050293378
144141,144221,146432,80,2211,2,18000,1.03618272275
144157,144226,146659,69,2433,2,18000,1.02836004932
144173,144231,146553,58,2322,2,18000,1.02497846684
144193,144236,146453,43,2217,2,18000,1.01939557961
144227,144320,146718,93,2398,2,18000,1.0387823186
144303,144325,146694,22,2369,2,18000,1.00928661883
144315,230049,364241,85734,134192,2,576000,1.63889054489
144319,144414,146762,95,2348,2,18000,1.04045996593
144335,144419,146848,84,2429,2,18000,1.03458213256
144488,144503,146843,15,2340,2,18000,1.00641025641
144561,144587,146911,26,2324,2,18000,1.01118760757
144625,144670,146904,45,2234,2,18000,1.02014324082
144628,144676,147078,48,2402,2,18000,1.01998334721
144683,144759,147115,76,2356,2,18000,1.03225806452
144685,144764,147165,79,2401,2,18000,1.0329029571
144701,144769,146982,68,2213,2,18000,1.0307275192
144786,144827,147067,41,2240,2,18000,1.01830357143
144798,144832,148552,34,3720,1,3600,1.00913978495
144850,144861,144878,11,17,8,3600,1.64705882353
144850,144856,144874,6,18,8,3600,1.33333333333
144851,144897,144916,46,19,8,3600,3.42105263158
144851,144866,144885,15,19,8,3600,1.78947368421
144851,144871,144889,20,18,8,3600,2.11111111111
144851,144877,144894,26,17,8,3600,2.52941176471
144851,144882,144898,31,16,8,3600,2.9375
144851,144887,144906,36,19,8,3600,2.89473684211
144851,144892,144908,41,16,8,3600,3.5625
144851,144902,144918,51,16,8,3600,4.1875
144852,144938,144957,86,19,8,3600,5.52631578947
144852,144933,144951,81,18,8,3600,5.5
144852,144928,144947,76,19,8,3600,5.0
144852,144923,144942,71,19,8,3600,4.73684210526
144852,144918,144940,66,22,8,3600,4.0
144852,144913,144931,61,18,8,3600,4.38888888889
144852,144907,144925,55,18,8,3600,4.05555555556
144853,145668,145687,815,19,8,3600,43.8947368421
144853,144948,144966,95,18,8,3600,6.27777777778
144853,145674,145692,821,18,8,3600,46.6111111111
144853,145689,145708,836,19,8,3600,45.0
144853,144943,144961,90,18,8,3600,6.0
144853,145679,145697,826,18,8,3600,46.8888888889
144853,145684,145702,831,18,8,3600,47.1666666667
144854,145701,145719,847,18,8,3600,48.0555555556
144854,145706,145722,852,16,8,3600,54.25
144854,145711,145729,857,18,8,3600,48.6111111111
144854,145716,145733,862,17,8,3600,51.7058823529
144854,144955,144971,101,16,8,3600,7.3125
144854,145721,145744,867,23,8,3600,38.6956521739
144862,144960,144975,98,15,8,3600,7.53333333333
144862,144965,144979,103,14,8,3600,8.35714285714
144862,144970,144985,108,15,8,3600,8.2
144862,144975,144990,113,15,8,3600,8.53333333333
144863,145011,145026,148,15,8,3600,10.8666666667
144863,145001,145016,138,15,8,3600,10.2
144863,145006,145020,143,14,8,3600,11.2142857143
144863,144990,145006,127,16,8,3600,8.9375
144863,144980,144995,117,15,8,3600,8.8
144863,144985,145002,122,17,8,3600,8.17647058824
144863,144995,145010,132,15,8,3600,9.8
144864,145016,145031,152,15,8,3600,11.1333333333
144864,145021,145038,157,17,8,3600,10.2352941176
144864,145054,145068,190,14,8,3600,14.5714285714
144864,145059,145074,195,15,8,3600,14.0
144864,145064,145080,200,16,8,3600,13.5
144864,145069,145085,205,16,8,3600,13.8125
144864,145079,145094,215,15,8,3600,15.3333333333
144864,145074,145096,210,22,8,3600,10.5454545455
144865,145115,145135,250,20,8,3600,13.5
144865,145110,145127,245,17,8,3600,15.4117647059
144865,145105,145121,240,16,8,3600,16.0
144865,145120,145137,255,17,8,3600,16.0
144865,145094,145109,229,15,8,3600,16.2666666667
144865,145089,145104,224,15,8,3600,15.9333333333
144865,145084,145101,219,17,8,3600,13.8823529412
144865,145099,145116,234,17,8,3600,14.7647058824
144866,145125,145142,259,17,8,3600,16.2352941176
144866,145137,145152,271,15,8,3600,19.0666666667
144866,145142,145157,276,15,8,3600,19.4
144876,145167,145184,291,17,8,3600,18.1176470588
144876,145162,145177,286,15,8,3600,20.0666666667
144876,145152,145167,276,15,8,3600,19.4
144876,145147,145163,271,16,8,3600,17.9375
144876,145157,145173,281,16,8,3600,18.5625
144876,145173,145187,297,14,8,3600,22.2142857143
144877,145178,145192,301,14,8,3600,22.5
144877,145231,145245,354,14,8,3600,26.2857142857
144877,145225,145241,348,16,8,3600,22.75
144877,145203,145221,326,18,8,3600,19.1111111111
144877,145198,145214,321,16,8,3600,21.0625
144877,145193,145208,316,15,8,3600,22.0666666667
144877,145188,145203,311,15,8,3600,21.7333333333
144877,145183,145201,306,18,8,3600,18.0
144878,145251,145266,373,15,8,3600,25.8666666667
144878,145241,145258,363,17,8,3600,22.3529411765
144878,145236,145250,358,14,8,3600,26.5714285714
144878,145266,145283,388,17,8,3600,23.8235294118
144878,145246,145262,368,16,8,3600,24.0
144878,145261,145277,383,16,8,3600,24.9375
144878,145256,145273,378,17,8,3600,23.2352941176
144879,145271,145288,392,17,8,3600,24.0588235294
144879,145277,145292,398,15,8,3600,27.5333333333
144879,145282,145299,403,17,8,3600,24.7058823529
144879,145287,145303,408,16,8,3600,26.5
144879,145292,145309,413,17,8,3600,25.2941176471
144879,145314,145331,435,17,8,3600,26.5882352941
144879,145319,145337,440,18,8,3600,25.4444444444
144879,145324,145342,445,18,8,3600,25.7222222222
144880,145330,145346,450,16,8,3600,29.125
144887,145335,145351,448,16,8,3600,29.0
144887,145340,145356,453,16,8,3600,29.3125
144887,145345,145363,458,18,8,3600,26.4444444444
144888,145381,145404,493,23,8,3600,22.4347826087
144888,145376,145394,488,18,8,3600,28.1111111111
144888,145392,145408,504,16,8,3600,32.5
144888,145365,145382,477,17,8,3600,29.0588235294
144888,145360,145378,472,18,8,3600,27.2222222222
144888,145355,145372,467,17,8,3600,28.4705882353
144888,145370,145388,482,18,8,3600,27.7777777778
144888,145350,145367,462,17,8,3600,28.1764705882
144889,145428,145444,539,16,8,3600,34.6875
144889,145423,145441,534,18,8,3600,30.6666666667
144889,145402,145419,513,17,8,3600,31.1764705882
144889,145413,145429,524,16,8,3600,33.75
144889,145407,145423,518,16,8,3600,33.375
144889,145418,145439,529,21,8,3600,26.1904761905
144889,145397,145413,508,16,8,3600,32.75
144890,145486,145503,596,17,8,3600,36.0588235294
144890,145458,145476,568,18,8,3600,32.5555555556
144890,145481,145497,591,16,8,3600,37.9375
144890,145448,145466,558,18,8,3600,32.0
144890,145438,145456,548,18,8,3600,31.4444444444
144890,145433,145451,543,18,8,3600,31.1666666667
144890,145453,145472,563,19,8,3600,30.6315789474
144890,145443,145461,553,18,8,3600,31.7222222222
144891,145491,145510,600,19,8,3600,32.5789473684
144891,145497,145514,606,17,8,3600,36.6470588235
144891,145502,145518,611,16,8,3600,39.1875
144891,145507,145523,616,16,8,3600,39.5
144898,145512,145534,614,22,8,3600,28.9090909091
144898,145517,145539,619,22,8,3600,29.1363636364
144899,145610,145633,711,23,8,3600,31.9130434783
144899,145522,145543,623,21,8,3600,30.6666666667
144899,145527,145550,628,23,8,3600,28.3043478261
144899,145532,145553,633,21,8,3600,31.1428571429
144899,145537,145558,638,21,8,3600,31.380952381
144899,145542,145565,643,23,8,3600,28.9565217391
144899,145548,145571,649,23,8,3600,29.2173913043
144899,145616,145638,717,22,8,3600,33.5909090909
144900,145643,145663,743,20,8,3600,38.15
144900,145653,145674,753,21,8,3600,36.8571428571
144900,145648,145669,748,21,8,3600,36.619047619
144900,145638,145658,738,20,8,3600,37.9
144900,145633,145653,733,20,8,3600,37.65
144900,145628,145648,728,20,8,3600,37.4
144900,145621,145643,721,22,8,3600,33.7727272727
144901,145658,145680,757,22,8,3600,35.4090909091
144901,145663,145686,762,23,8,3600,34.1304347826
144901,145575,145596,674,21,8,3600,33.0952380952
144901,145554,145575,653,21,8,3600,32.0952380952
144901,145559,145581,658,22,8,3600,30.9090909091
144901,145564,145588,663,24,8,3600,28.625
144901,145569,145590,668,21,8,3600,32.8095238095
144902,145580,145600,678,20,8,3600,34.9
144902,145605,145627,703,22,8,3600,32.9545454545
144902,145600,145622,698,22,8,3600,32.7272727273
144902,145585,145607,683,22,8,3600,32.0454545455
144902,145595,145617,693,22,8,3600,32.5
144902,145590,145611,688,21,8,3600,33.7619047619
144956,145028,147292,72,2264,2,18000,1.03180212014
144959,145033,147354,74,2321,2,18000,1.03188280913
144966,145038,147366,72,2328,2,18000,1.03092783505
144982,145043,147387,61,2344,2,18000,1.02602389078
145016,145048,147290,32,2242,2,18000,1.01427297056
145100,145132,147521,32,2389,2,18000,1.01339472583
145143,145210,147578,67,2368,2,18000,1.02829391892
145167,145215,147511,48,2296,2,18000,1.02090592334
145183,145220,147481,37,2261,2,18000,1.01636444051
145207,145299,147589,92,2290,2,18000,1.04017467249
145276,145304,147758,28,2454,2,18000,1.01140994295
145319,145387,147845,68,2458,2,18000,1.0276647681
145382,145466,147902,84,2436,2,18000,1.03448275862
145422,145471,147845,49,2374,2,18000,1.02064026959
145455,145476,147750,21,2274,2,18000,1.0092348285
145629,145696,148052,67,2356,2,18000,1.02843803056
145907,145913,148285,6,2372,2,18000,1.00252951096
146031,146038,148404,7,2366,2,18000,1.00295857988
146147,146153,148372,6,2219,2,18000,1.00270392068
146182,146188,148533,6,2345,2,18000,1.00255863539
146284,146291,148521,7,2230,2,18000,1.00313901345
146327,146333,148554,6,2221,2,18000,1.00270148582
146440,146447,148866,7,2419,2,18000,1.00289375775
146461,146467,148865,6,2398,2,18000,1.00250208507
146482,146488,148964,6,2476,2,18000,1.00242326333
146530,146536,148954,6,2418,2,18000,1.00248138958
146560,146567,148852,7,2285,2,18000,1.00306345733
146667,146673,149043,6,2370,2,18000,1.00253164557
146705,146711,148981,6,2270,2,18000,1.00264317181
146726,146732,149032,6,2300,2,18000,1.00260869565
146768,146774,149040,6,2266,2,18000,1.0026478376
146850,146856,149244,6,2388,2,18000,1.00251256281
146857,146864,149222,7,2358,2,18000,1.00296861747
146910,146915,149340,5,2425,2,18000,1.00206185567
146926,146932,149185,6,2253,2,18000,1.00266311585
146990,146996,149277,6,2281,2,18000,1.00263042525
147074,147081,149404,7,2323,2,18000,1.00301334481
147090,147096,149483,6,2387,2,18000,1.00251361542
147125,147132,149451,7,2319,2,18000,1.00301854248
147171,147177,149572,6,2395,2,18000,1.00250521921
147301,147307,149727,6,2420,2,18000,1.00247933884
147303,147313,149602,10,2289,2,18000,1.00436871997
147361,147368,149714,7,2346,2,18000,1.00298380222
147377,147383,149756,6,2373,2,18000,1.00252844501
147393,147400,149789,7,2389,2,18000,1.00293009627
147487,147494,149924,7,2430,2,18000,1.00288065844
147518,147524,149829,6,2305,2,18000,1.00260303688
147534,147540,149952,6,2412,2,18000,1.00248756219
147585,147591,149955,6,2364,2,18000,1.00253807107
147601,147607,149949,6,2342,2,18000,1.00256191289
147674,147680,147696,6,16,1,3600,1.375
147759,147766,150176,7,2410,2,18000,1.00290456432
147767,147773,150091,6,2318,2,18000,1.00258843831
147789,147795,147833,6,38,1,900,1.15789473684
147852,147858,150019,6,2161,2,18000,1.00277649236
147855,147864,150252,9,2388,2,18000,1.00376884422
147909,147915,150239,6,2324,2,18000,1.00258175559
148007,148013,148055,6,42,1,3600,1.14285714286
148063,148069,150486,6,2417,2,18000,1.00248241622
148295,148301,150626,6,2325,2,18000,1.00258064516
148379,148386,150856,7,2470,2,18000,1.0028340081
148415,148421,150720,6,2299,2,18000,1.00260983036
148533,148539,150918,6,2379,2,18000,1.0025220681
148549,148555,150906,6,2351,2,18000,1.00255210549
148565,148571,150864,6,2293,2,18000,1.0026166594
148724,148730,149389,6,659,1,3600,1.0091047041
148858,148864,151163,6,2299,2,18000,1.00260983036
148874,148880,151316,6,2436,2,18000,1.00246305419
148876,148886,151269,10,2383,2,18000,1.0041963911
148910,148916,149168,6,252,1,50400,1.02380952381
148961,148967,151451,6,2484,2,18000,1.00241545894
148976,148983,151375,7,2392,2,18000,1.0029264214
148989,148995,149248,6,253,1,50400,1.02371541502
148992,149001,151365,9,2364,2,18000,1.0038071066
149042,149048,151388,6,2340,2,18000,1.00256410256
149050,149056,151336,6,2280,2,18000,1.00263157895
149065,149072,151466,7,2394,2,18000,1.00292397661
149192,149199,151494,7,2295,2,18000,1.00305010893
149229,149235,151544,6,2309,2,18000,1.0025985275
149253,149259,151621,6,2362,2,18000,1.00254022015
149283,149289,151594,6,2305,2,18000,1.00260303688
149346,149352,151621,6,2269,2,18000,1.00264433671
149400,149406,153147,6,3741,1,3600,1.00160384924
149412,149418,151692,6,2274,2,18000,1.00263852243
149457,149463,149478,6,15,1,3600,1.4
149458,149469,151545,11,2076,2,18000,1.00529865125
149491,149497,151903,6,2406,2,18000,1.00249376559
149579,149585,151945,6,2360,2,18000,1.00254237288
149609,149615,152034,6,2419,2,18000,1.00248036379
149685,149691,149730,6,39,1,3600,1.15384615385
149721,149727,152068,6,2341,2,18000,1.00256300726
149736,149743,152052,7,2309,2,18000,1.00303161542
149742,149749,153050,7,3301,16,7200,1.00212056952
149751,149757,149798,6,41,1,900,1.14634146341
149763,149770,152085,7,2315,2,18000,1.0030237581
149797,149803,152230,6,2427,2,18000,1.00247218789
149836,149842,152143,6,2301,2,18000,1.00260756193
149930,149936,152370,6,2434,2,18000,1.00246507806
149958,149964,152254,6,2290,2,18000,1.00262008734
149961,149970,152289,9,2319,2,18000,1.00388098318
149963,149975,152389,12,2414,2,18000,1.00497100249
150026,150032,152437,6,2405,2,18000,1.00249480249
150099,150105,152395,6,2290,2,18000,1.00262008734
150152,150158,150217,6,59,1,3600,1.10169491525
150183,150189,152483,6,2294,2,18000,1.00261551874
150248,150255,152648,7,2393,2,18000,1.0029251985
150264,150270,152459,6,2189,2,18000,1.00274097762
150492,150497,152843,5,2346,2,18000,1.0021312873
150634,150640,152972,6,2332,2,18000,1.0025728988
150665,150672,150848,7,176,1,900,1.03977272727
150727,150734,153029,7,2295,2,18000,1.00305010893
150864,150870,153286,6,2416,2,18000,1.00248344371
150871,150877,153323,6,2446,2,18000,1.00245298446
150914,150920,153264,6,2344,2,18000,1.00255972696
150930,150936,153341,6,2405,2,18000,1.00249480249
151172,151178,153519,6,2341,2,18000,1.00256300726
151275,151281,153688,6,2407,2,18000,1.00249272954
151323,151329,153659,6,2330,2,18000,1.0025751073
151344,151350,153755,6,2405,2,18000,1.00249480249
151371,151378,153828,7,2450,2,18000,1.00285714286
151387,151393,153723,6,2330,2,18000,1.0025751073
151403,151409,153754,6,2345,2,18000,1.00255863539
151457,151463,153873,6,2410,2,18000,1.00248962656
151473,151479,153866,6,2387,2,18000,1.00251361542
151500,151505,153771,5,2266,2,18000,1.00220653133
151551,151558,153965,7,2407,2,18000,1.00290818446
151554,151564,153922,10,2358,2,18000,1.0042408821
151589,151595,151611,6,16,1,3600,1.375
151602,151608,154018,6,2410,2,18000,1.00248962656
151629,151635,154045,6,2410,2,18000,1.00248962656
151631,151641,154035,10,2394,2,18000,1.00417710944
151701,151707,153996,6,2289,2,18000,1.00262123198
151830,151837,151877,7,40,1,3600,1.175
151912,151918,154283,6,2365,2,18000,1.00253699789
151952,151958,154389,6,2431,2,18000,1.00246812012
152042,152048,154462,6,2414,2,18000,1.00248550124
152064,152070,154508,6,2438,2,18000,1.00246103363
152080,152086,154534,6,2448,2,18000,1.00245098039
152096,152102,154550,6,2448,2,18000,1.00245098039
152120,152126,158171,6,6045,4,36000,1.00099255583
152151,152157,154333,6,2176,2,18000,1.00275735294
152239,152245,154534,6,2289,2,18000,1.00262123198
152263,152269,154587,6,2318,2,18000,1.00258843831
152296,152302,154692,6,2390,2,18000,1.00251046025
152380,152386,154831,6,2445,2,18000,1.00245398773
152396,152403,154659,7,2256,2,18000,1.00310283688
152404,152409,154754,5,2345,2,18000,1.00213219616
152443,152449,154924,6,2475,2,18000,1.00242424242
152466,152472,152536,6,64,1,3600,1.09375
152468,152478,154863,10,2385,2,18000,1.00419287212
152494,152500,154940,6,2440,2,18000,1.00245901639
152575,152581,157028,6,4447,16,10800,1.0013492242
152632,152638,157044,6,4406,16,10800,1.00136177939
152657,152664,154944,7,2280,2,18000,1.00307017544
152854,152860,155231,6,2371,2,18000,1.00253057782
152948,152954,153087,6,133,1,900,1.04511278195
152978,152984,155346,6,2362,2,18000,1.00254022015
153036,153042,155400,6,2358,2,18000,1.00254452926
153273,153279,155497,6,2218,2,18000,1.00270513977
153294,153300,155669,6,2369,2,18000,1.00253271423
153327,153333,203769,6,50436,1,50400,1.00011896265
153330,153339,155661,9,2322,2,18000,1.00387596899
153353,153359,155730,6,2371,2,18000,1.00253057782
153358,153365,180441,7,27076,1,50400,1.00025853154
153526,153532,155869,6,2337,2,18000,1.00256739409
153665,153672,156059,7,2387,2,18000,1.00293255132
153695,153701,156042,6,2341,2,18000,1.00256300726
153732,153738,156059,6,2321,2,18000,1.00258509263
153764,153770,156124,6,2354,2,18000,1.00254885302
153766,153776,156096,10,2320,2,18000,1.00431034483
153782,153788,156164,6,2376,2,18000,1.00252525253
153836,153842,156224,6,2382,2,18000,1.00251889169
153872,153878,156144,6,2266,2,18000,1.0026478376
153888,153894,156189,6,2295,2,18000,1.00261437908
153930,153936,156181,6,2245,2,18000,1.00267260579
153972,153979,156391,7,2412,2,18000,1.00290215589
154002,154009,156474,7,2465,2,18000,1.00283975659
154028,154034,156447,6,2413,2,18000,1.00248653129
154044,154051,156399,7,2348,2,18000,1.00298126065
154060,154066,156457,6,2391,2,18000,1.00250941029
154290,154296,156576,6,2280,2,18000,1.00263157895
154341,154347,156723,6,2376,2,18000,1.00252525253
154396,154402,156869,6,2467,2,18000,1.00243210377
154425,154432,165262,7,10830,1,10800,1.00064635272
154431,154438,154448,7,10,1,4200,1.7
154469,154475,156714,6,2239,2,18000,1.00267976775
154514,154520,156872,6,2352,2,18000,1.00255102041
154541,154547,156819,6,2272,2,18000,1.00264084507
154543,154553,156946,10,2393,2,18000,1.00417885499
154559,154566,156766,7,2200,2,18000,1.00318181818
154595,154601,156861,6,2260,2,18000,1.00265486726
154670,154676,157035,6,2359,2,18000,1.00254345061
154700,154707,157077,7,2370,2,18000,1.0029535865
154761,154767,157099,6,2332,2,18000,1.0025728988
154837,154842,157235,5,2393,2,18000,1.0020894275
154870,154876,157268,6,2392,2,18000,1.0025083612
154930,154937,157365,7,2428,2,18000,1.0028830313
154946,154952,157260,6,2308,2,18000,1.00259965338
154954,154960,157406,6,2446,2,18000,1.00245298446
155017,155024,176730,7,21706,1,21600,1.00032249148
155225,155231,156105,6,874,4,3540,1.00686498856
155242,155248,157597,6,2349,2,18000,1.00255427842
155353,155360,157614,7,2254,2,18000,1.00310559006
155408,155414,157864,6,2450,2,18000,1.00244897959
155427,155433,159130,6,3697,1,3600,1.00162293752
155505,155511,157953,6,2442,2,18000,1.00245700246
155669,155675,158099,6,2424,2,18000,1.00247524752
155676,155682,157933,6,2251,2,18000,1.00266548201
155737,155743,158061,6,2318,2,18000,1.00258843831
155876,155882,158254,6,2372,2,18000,1.00252951096
156053,156059,158417,6,2358,2,18000,1.00254452926
156069,156075,158409,6,2334,2,18000,1.00257069409
156071,156081,158457,10,2376,2,18000,1.00420875421
156105,156111,158346,6,2235,2,18000,1.00268456376
156131,156138,158545,7,2407,2,18000,1.00290818446
156153,156159,158481,6,2322,2,18000,1.00258397933
156173,156179,158604,6,2425,2,18000,1.0024742268
156190,156196,158295,6,2099,2,18000,1.00285850405
156197,156203,158599,6,2396,2,18000,1.00250417362
156235,156241,158685,6,2444,2,18000,1.00245499182
156399,156405,158786,6,2381,2,18000,1.0025199496
156406,156412,158808,6,2396,2,18000,1.00250417362
156454,156461,158717,7,2256,2,18000,1.00310283688
156470,156476,158902,6,2426,2,18000,1.00247320692
156486,156493,158905,7,2412,2,18000,1.00290215589
156585,156591,158815,6,2224,2,18000,1.00269784173
156721,156727,158974,6,2247,2,18000,1.00267022697
156737,156743,159156,6,2413,2,18000,1.00248653129
156774,156780,159252,6,2472,2,18000,1.00242718447
156825,156832,159226,7,2394,2,18000,1.00292397661
156868,156873,159288,5,2415,2,18000,1.00207039337
156884,156890,159290,6,2400,2,18000,1.0025
156886,156896,159201,10,2305,2,18000,1.00433839479
156952,156958,159285,6,2327,2,18000,1.00257842716
157043,157049,159499,6,2450,2,18000,1.00244897959
157085,157092,159488,7,2396,2,18000,1.00292153589
157106,157113,159485,7,2372,2,18000,1.00295109612
157243,157249,159557,6,2308,2,18000,1.00259965338
157266,157273,159652,7,2379,2,18000,1.00294241278
157282,157289,159730,7,2441,2,18000,1.00286767718
157373,157379,159810,6,2431,2,18000,1.00246812012
157413,157419,159740,6,2321,2,18000,1.00258509263
157512,157518,157538,6,20,1,300,1.3
157522,157528,157754,6,226,1,7200,1.02654867257
157604,157610,159969,6,2359,2,18000,1.00254345061
157625,157631,159892,6,2261,2,18000,1.00265369306
157676,157682,162297,6,4615,16,10800,1.00130010834
157875,157881,160262,6,2381,2,18000,1.0025199496
157939,157945,160165,6,2220,2,18000,1.0027027027
157960,157966,160393,6,2427,2,18000,1.00247218789
158069,158075,160468,6,2393,2,18000,1.002507313
158078,158084,158117,6,33,1,7200,1.18181818182
158105,158111,160475,6,2364,2,18000,1.00253807107
158164,158170,165384,6,7214,1,7200,1.00083171611
158260,158266,160583,6,2317,2,18000,1.00258955546
158269,158275,158433,6,158,1,7200,1.03797468354
158302,158308,160680,6,2372,2,18000,1.00252951096
158323,158329,158342,6,13,1,3600,1.46153846154
158353,158359,160707,6,2348,2,18000,1.00255536627
158416,158422,160794,6,2372,2,18000,1.00252951096
158432,158438,160831,6,2393,2,18000,1.002507313
158465,158471,160823,6,2352,2,18000,1.00255102041
158489,158495,160858,6,2363,2,18000,1.00253914515
158552,158558,160971,6,2413,2,18000,1.00248653129
158607,158613,160994,6,2381,2,18000,1.0025199496
158614,158621,160945,7,2324,2,18000,1.00301204819
158693,158699,161159,6,2460,2,18000,1.00243902439
158723,158730,161122,7,2392,2,18000,1.0029264214
158775,158781,166017,6,7236,1,7200,1.0008291874
158793,158799,161203,6,2404,2,18000,1.00249584027
158819,158825,161065,6,2240,2,18000,1.00267857143
158821,158831,161155,10,2324,2,18000,1.00430292599
158909,158915,161150,6,2235,2,18000,1.00268456376
158912,158921,161282,9,2361,2,18000,1.00381194409
158981,158987,161307,6,2320,2,18000,1.0025862069
159163,159169,161541,6,2372,2,18000,1.00252951096
159210,159216,161516,6,2300,2,18000,1.00260869565
159234,159240,161503,6,2263,2,18000,1.00265134777
159242,159249,159305,7,56,1,4200,1.125
159258,159264,161662,6,2398,2,18000,1.00250208507
159292,159298,161605,6,2307,2,18000,1.00260078023
159294,159304,161696,10,2392,2,18000,1.00418060201
159296,159309,161614,13,2305,2,18000,1.00563991323
159494,159499,161890,5,2391,2,18000,1.00209117524
159496,159505,161877,9,2372,2,18000,1.00379426644
159512,159518,161940,6,2422,2,18000,1.00247729149
159563,159570,161813,7,2243,2,18000,1.00312082033
159660,159667,161921,7,2254,2,18000,1.00310559006
159736,159742,162156,6,2414,2,18000,1.00248550124
159752,159758,162105,6,2347,2,18000,1.00255645505
159818,159825,162181,7,2356,2,18000,1.00297113752
159900,159906,162288,6,2382,2,18000,1.00251889169
159976,159982,162382,6,2400,2,18000,1.0025
160173,160179,162556,6,2377,2,18000,1.00252419016
160269,160276,162653,7,2377,2,18000,1.00294488851
160400,160406,162774,6,2368,2,18000,1.00253378378
160475,160482,162705,7,2223,2,18000,1.00314889789
160483,160489,162894,6,2405,2,18000,1.00249480249
160591,160598,162969,7,2371,2,18000,1.00295234078
160688,160694,162961,6,2267,2,18000,1.00264666961
160715,160721,163155,6,2434,2,18000,1.00246507806
160803,160809,163160,6,2351,2,18000,1.00255210549
160830,160835,163240,5,2405,2,18000,1.00207900208
160845,160851,163338,6,2487,2,18000,1.00241254524
160866,160872,163253,6,2381,2,18000,1.0025199496
160956,160962,163227,6,2265,2,18000,1.00264900662
160977,160983,163362,6,2379,2,18000,1.0025220681
161001,161008,163381,7,2373,2,18000,1.00294985251
161076,161082,163487,6,2405,2,18000,1.00249480249
161132,161139,163505,7,2366,2,18000,1.00295857988
161157,161163,163407,6,2244,2,18000,1.00267379679
161164,161170,163561,6,2391,2,18000,1.00250941029
161180,161186,163473,6,2287,2,18000,1.00262352427
161210,161216,163565,6,2349,2,18000,1.00255427842
161288,161294,163652,6,2358,2,18000,1.00254452926
161315,161321,163702,6,2381,2,18000,1.0025199496
161509,161515,163870,6,2355,2,18000,1.0025477707
161525,161531,163875,6,2344,2,18000,1.00255972696
161549,161555,163989,6,2434,2,18000,1.00246507806
161613,161619,163967,6,2348,2,18000,1.00255536627
161628,161634,163977,6,2343,2,18000,1.00256081946
161673,161679,164031,6,2352,2,18000,1.00255102041
161703,161709,164032,6,2323,2,18000,1.00258286698
161823,161829,164076,6,2247,2,18000,1.00267022697
161884,161890,164214,6,2324,2,18000,1.00258175559
161899,161906,164322,7,2416,2,18000,1.00289735099
161930,161936,164319,6,2383,2,18000,1.00251783466
161951,161957,164262,6,2305,2,18000,1.00260303688
162111,162117,164383,6,2266,2,18000,1.0026478376
162153,162159,173009,6,10850,1,10800,1.00055299539
162162,162169,164475,7,2306,2,18000,1.00303555941
162186,162192,164465,6,2273,2,18000,1.00263968324
162296,162302,164733,6,2431,2,18000,1.00246812012
162393,162399,164865,6,2466,2,18000,1.00243309002
162565,162571,164830,6,2259,2,18000,1.0026560425
162664,162670,165045,6,2375,2,18000,1.00252631579
162711,162717,165085,6,2368,2,18000,1.00253378378
162780,162786,165231,6,2445,2,18000,1.00245398773
162781,162792,166518,11,3726,1,3600,1.00295222759
162901,162908,165267,7,2359,2,18000,1.00296735905
162968,162974,165274,6,2300,2,18000,1.00260869565
162984,162990,165361,6,2371,2,18000,1.00253057782
163162,163168,165522,6,2354,2,18000,1.00254885302
163169,163176,165546,7,2370,2,18000,1.0029535865
163233,163239,165641,6,2402,2,18000,1.0024979184
163249,163255,165655,6,2400,2,18000,1.0025
163265,163271,165727,6,2456,2,18000,1.00244299674
163346,163352,165802,6,2450,2,18000,1.00244897959
163370,163376,165839,6,2463,2,18000,1.00243605359
163391,163398,165776,7,2378,2,18000,1.00294365013
163396,163409,163442,13,33,8,3600,1.39393939394
163396,163414,163449,18,35,8,3600,1.51428571429
163396,163419,163452,23,33,8,3600,1.69696969697
163396,163403,163441,7,38,8,3600,1.18421052632
163397,163434,163468,37,34,8,3600,2.08823529412
163397,163429,163461,32,32,8,3600,2.0
163397,163449,163483,52,34,8,3600,2.52941176471
163397,163455,163490,58,35,8,3600,2.65714285714
163397,163424,163456,27,32,8,3600,1.84375
163397,163439,163472,42,33,8,3600,2.27272727273
163397,163460,163494,63,34,8,3600,2.85294117647
163397,163444,163477,47,33,8,3600,2.42424242424
163398,163512,163545,114,33,8,3600,4.45454545455
163398,163465,163497,67,32,8,3600,3.09375
163398,163470,163503,72,33,8,3600,3.18181818182
163398,163507,163539,109,32,8,3600,4.40625
163398,163480,163513,82,33,8,3600,3.48484848485
163398,163490,163523,92,33,8,3600,3.78787878788
163398,163475,163507,77,32,8,3600,3.40625
163398,163485,163519,87,34,8,3600,3.55882352941
163399,163532,163564,133,32,8,3600,5.15625
163399,163538,163573,139,35,8,3600,4.97142857143
163399,163543,163574,144,31,8,3600,5.64516129032
163399,163553,163586,154,33,8,3600,5.66666666667
163399,163517,163550,118,33,8,3600,4.57575757576
163399,163522,163555,123,33,8,3600,4.72727272727
163399,163527,163560,128,33,8,3600,4.87878787879
163399,163548,163581,149,33,8,3600,5.51515151515
163400,163563,163597,163,34,8,3600,5.79411764706
163400,163558,163593,158,35,8,3600,5.51428571429
163417,163497,165870,80,2373,2,18000,1.03371260008
163481,163502,165893,21,2391,2,18000,1.00878293601
163496,163571,165805,75,2234,2,18000,1.03357206804
163501,163597,163624,96,27,8,3600,4.55555555556
163501,163591,163619,90,28,8,3600,4.21428571429
163501,163581,163617,80,36,8,3600,3.22222222222
163501,163586,163616,85,30,8,3600,3.83333333333
163502,163602,163628,100,26,8,3600,4.84615384615
163502,163607,163639,105,32,8,3600,4.28125
163502,163622,163650,120,28,8,3600,5.28571428571
163502,163612,163640,110,28,8,3600,4.92857142857
163502,163617,163645,115,28,8,3600,5.10714285714
163503,163627,163656,124,29,8,3600,5.27586206897
163503,163633,163661,130,28,8,3600,5.64285714286
163503,163658,163687,155,29,8,3600,6.34482758621
163503,163648,163677,145,29,8,3600,6.0
163503,163653,163683,150,30,8,3600,6.0
163503,163638,163666,135,28,8,3600,5.82142857143
163503,163643,163671,140,28,8,3600,6.0
163503,163863,163891,360,28,8,3600,13.8571428571
163504,163888,163917,384,29,8,3600,14.2413793103
163504,163883,163911,379,28,8,3600,14.5357142857
163504,163878,163905,374,27,8,3600,14.8518518519
163504,163873,163902,369,29,8,3600,13.724137931
163504,163868,163897,364,29,8,3600,13.5517241379
163504,163899,163927,395,28,8,3600,15.1071428571
163504,163894,163921,390,27,8,3600,15.4444444444
163505,163686,163714,181,28,8,3600,7.46428571429
163505,163675,163706,170,31,8,3600,6.48387096774
163505,163680,163709,175,29,8,3600,7.03448275862
163505,163696,163725,191,29,8,3600,7.58620689655
163505,163691,163725,186,34,8,3600,6.47058823529
163505,163904,163933,399,29,8,3600,14.7586206897
163512,163576,165991,64,2415,2,18000,1.0265010352
163513,163701,163729,188,28,8,3600,7.71428571429
163514,163721,163750,207,29,8,3600,8.13793103448
163514,163737,163767,223,30,8,3600,8.43333333333
163514,163732,163764,218,32,8,3600,7.8125
163514,163727,163754,213,27,8,3600,8.88888888889
163514,163711,163740,197,29,8,3600,7.79310344828
163514,163742,163770,228,28,8,3600,9.14285714286
163514,163706,163734,192,28,8,3600,7.85714285714
163514,163716,163744,202,28,8,3600,8.21428571429
163515,163757,163786,242,29,8,3600,9.34482758621
163515,163929,163958,414,29,8,3600,15.275862069
163515,163909,163936,394,27,8,3600,15.5925925926
163515,163747,163775,232,28,8,3600,9.28571428571
163515,163914,163943,399,29,8,3600,14.7586206897
163515,163919,163951,404,32,8,3600,13.625
163515,163752,163784,237,32,8,3600,8.40625
163515,163924,163953,409,29,8,3600,15.1034482759
163516,163934,163963,418,29,8,3600,15.4137931034
163516,163774,163803,258,29,8,3600,9.89655172414
163516,163789,163819,273,30,8,3600,10.1
163516,163784,163812,268,28,8,3600,10.5714285714
163516,163779,163807,263,28,8,3600,10.3928571429
163516,163939,163972,423,33,8,3600,13.8181818182
163516,163945,163973,429,28,8,3600,16.3214285714
163517,163810,163838,293,28,8,3600,11.4642857143
163517,163795,163823,278,28,8,3600,10.9285714286
163517,163820,163849,303,29,8,3600,11.4482758621
163517,163815,163842,298,27,8,3600,12.037037037
163517,163800,163827,283,27,8,3600,11.4814814815
163517,163805,163833,288,28,8,3600,11.2857142857
163524,163835,163869,311,34,8,3600,10.1470588235
163524,163830,163859,306,29,8,3600,11.5517241379
163524,163825,163855,301,30,8,3600,11.0333333333
163525,163978,164006,453,28,8,3600,17.1785714286
163525,163973,164001,448,28,8,3600,17.0
163525,163962,163997,437,35,8,3600,13.4857142857
163525,163968,163995,443,27,8,3600,17.4074074074
163525,163840,163869,315,29,8,3600,11.8620689655
163525,163846,163875,321,29,8,3600,12.0689655172
163525,163851,163880,326,29,8,3600,12.2413793103
163525,163856,163885,331,29,8,3600,12.4137931034
163526,164014,164043,488,29,8,3600,17.8275862069
163526,164008,164038,482,30,8,3600,17.0666666667
163526,164003,164031,477,28,8,3600,18.0357142857
163526,163998,164027,472,29,8,3600,17.275862069
163526,163983,164010,457,27,8,3600,17.9259259259
163526,163988,164015,462,27,8,3600,18.1111111111
163526,163993,164020,467,27,8,3600,18.2962962963
163527,164044,164074,517,30,8,3600,18.2333333333
163527,164077,164106,550,29,8,3600,19.9655172414
163527,164082,164112,555,30,8,3600,19.5
163527,164039,164069,512,30,8,3600,18.0666666667
163527,164034,164063,507,29,8,3600,18.4827586207
163527,164029,164058,502,29,8,3600,18.3103448276
163527,164019,164053,492,34,8,3600,15.4705882353
163527,164024,164053,497,29,8,3600,18.1379310345
163528,164097,164127,569,30,8,3600,19.9666666667
163528,164087,164118,559,31,8,3600,19.0322580645
163528,164092,164121,564,29,8,3600,20.4482758621
163528,164102,164132,574,30,8,3600,20.1333333333
163536,164123,164156,587,33,8,3600,18.7878787879
163536,164117,164151,581,34,8,3600,18.0882352941
163536,164133,164169,597,36,8,3600,17.5833333333
163536,164128,164161,592,33,8,3600,18.9393939394
163536,164107,164140,571,33,8,3600,18.303030303
163536,164112,164145,576,33,8,3600,18.4545454545
163537,164153,164189,616,36,8,3600,18.1111111111
163537,164185,164218,648,33,8,3600,20.6363636364
163537,164180,164215,643,35,8,3600,19.3714285714
163537,164175,164209,638,34,8,3600,19.7647058824
163537,164158,164192,621,34,8,3600,19.2647058824
163537,164138,164171,601,33,8,3600,19.2121212121
163537,164148,164181,611,33,8,3600,19.5151515152
163537,164143,164176,606,33,8,3600,19.3636363636
163538,164221,164255,683,34,8,3600,21.0882352941
163538,164216,164250,678,34,8,3600,20.9411764706
163538,164201,164233,663,32,8,3600,21.71875
163538,164211,164246,673,35,8,3600,20.2285714286
163538,164190,164224,652,34,8,3600,20.1764705882
163538,164196,164227,658,31,8,3600,22.2258064516
163538,164206,164238,668,32,8,3600,21.875
163539,164231,164265,692,34,8,3600,21.3529411765
163539,164236,164271,697,35,8,3600,20.9142857143
163539,164241,164277,702,36,8,3600,20.5
163539,164254,164287,715,33,8,3600,22.6666666667
163539,164259,164292,720,33,8,3600,22.8181818182
163539,164264,164300,725,36,8,3600,21.1388888889
163539,164269,164303,730,34,8,3600,22.4705882353
163539,164226,164261,687,35,8,3600,20.6285714286
163540,164274,164308,734,34,8,3600,22.5882352941
163551,164279,164344,728,65,8,3600,12.2
163551,164285,164350,734,65,8,3600,12.2923076923
163552,164320,164387,768,67,8,3600,12.4626865672
163552,164332,164394,780,62,8,3600,13.5806451613
163552,164310,164373,758,63,8,3600,13.0317460317
163552,164305,164370,753,65,8,3600,12.5846153846
163552,164300,164364,748,64,8,3600,12.6875
163552,164295,164361,743,66,8,3600,12.2575757576
163552,164290,164354,738,64,8,3600,12.53125
163552,164315,164381,763,66,8,3600,12.5606060606
163553,164357,164421,804,64,8,3600,13.5625
163553,164342,164406,789,64,8,3600,13.328125
163553,164352,164416,799,64,8,3600,13.484375
163553,164373,164445,820,72,8,3600,12.3888888889
163553,164337,164399,784,62,8,3600,13.6451612903
163553,164362,164427,809,65,8,3600,13.4461538462
163553,164368,164434,815,66,8,3600,13.3484848485
163553,164347,164412,794,65,8,3600,13.2153846154
163554,164415,164479,861,64,8,3600,14.453125
163554,164420,164485,866,65,8,3600,14.3230769231
163554,164425,164490,871,65,8,3600,14.4
163554,164388,164453,834,65,8,3600,13.8307692308
163554,164383,164448,829,65,8,3600,13.7538461538
163554,164378,164442,824,64,8,3600,13.875
163554,164393,164457,839,64,8,3600,14.109375
163555,164446,164510,891,64,8,3600,14.921875
163555,164430,164497,875,67,8,3600,14.0597014925
163555,164435,164500,880,65,8,3600,14.5384615385
163555,164441,164506,886,65,8,3600,14.6307692308
163555,164451,164518,896,67,8,3600,14.3731343284
163562,164463,164517,901,54,8,3600,17.6851851852
163562,164456,164514,894,58,8,3600,16.4137931034
163563,164488,164542,925,54,8,3600,18.1296296296
163563,164468,164521,905,53,8,3600,18.0754716981
163563,164473,164527,910,54,8,3600,17.8518518519
163563,164483,164539,920,56,8,3600,17.4285714286
163563,164478,164533,915,55,8,3600,17.6363636364
163564,164498,164552,934,54,8,3600,18.2962962963
163564,164503,164557,939,54,8,3600,18.3888888889
163564,164509,164562,945,53,8,3600,18.8301886792
163564,164493,164547,929,54,8,3600,18.2037037037
163565,164542,164597,977,55,8,3600,18.7636363636
163565,164514,164569,949,55,8,3600,18.2545454545
163565,164532,164586,967,54,8,3600,18.9074074074
163565,164537,164591,972,54,8,3600,19.0
163566,164563,164618,997,55,8,3600,19.1272727273
163566,164558,164610,992,52,8,3600,20.0769230769
163566,164568,164623,1002,55,8,3600,19.2181818182
163566,164575,164629,1009,54,8,3600,19.6851851852
163566,164580,164635,1014,55,8,3600,19.4363636364
163566,164585,164644,1019,59,8,3600,18.2711864407
163566,164553,164605,987,52,8,3600,19.9807692308
163566,164548,164604,982,56,8,3600,18.5357142857
163567,164621,164675,1054,54,8,3600,20.5185185185
163567,164616,164670,1049,54,8,3600,20.4259259259
163567,163665,166070,98,2405,2,18000,1.04074844075
163567,164611,164664,1044,53,8,3600,20.6981132075
163567,164595,164651,1028,56,8,3600,19.3571428571
163567,164605,164660,1038,55,8,3600,19.8727272727
163567,164590,164645,1023,55,8,3600,19.6
163567,164600,164655,1033,55,8,3600,19.7818181818
163574,163670,165943,96,2273,2,18000,1.04223493181
163575,164636,164692,1061,56,8,3600,19.9464285714
163575,164631,164685,1056,54,8,3600,20.5555555556
163575,164626,164687,1051,61,8,3600,18.2295081967
163575,164648,164702,1073,54,8,3600,20.8703703704
163575,164643,164696,1068,53,8,3600,21.1509433962
163576,164658,164711,1082,53,8,3600,21.4150943396
163576,164679,164734,1103,55,8,3600,21.0545454545
163576,164668,164721,1092,53,8,3600,21.6037735849
163576,164684,164737,1108,53,8,3600,21.9056603774
163576,164653,164707,1077,54,8,3600,20.9444444444
163576,164673,164727,1097,54,8,3600,21.3148148148
163576,164663,164722,1087,59,8,3600,19.4237288136
163577,164726,164779,1149,53,8,3600,22.679245283
163577,164721,164774,1144,53,8,3600,22.5849056604
163577,164700,164753,1123,53,8,3600,22.1886792453
163577,164711,164764,1134,53,8,3600,22.3962264151
163577,164706,164759,1129,53,8,3600,22.3018867925
163577,164716,164768,1139,52,8,3600,22.9038461538
163577,164695,164748,1118,53,8,3600,22.0943396226
163577,164689,164744,1112,55,8,3600,21.2181818182
163578,164763,164822,1185,59,8,3600,21.0847457627
163578,164753,164807,1175,54,8,3600,22.7592592593
163578,164758,164812,1180,54,8,3600,22.8518518519
163578,164736,164794,1158,58,8,3600,20.9655172414
163578,164731,164785,1153,54,8,3600,22.3518518519
163578,164748,164802,1170,54,8,3600,22.6666666667
163578,164742,164798,1164,56,8,3600,21.7857142857
163579,164768,164821,1189,53,8,3600,23.4339622642
163579,164773,164829,1194,56,8,3600,22.3214285714
163579,164778,164836,1199,58,8,3600,21.6724137931
163586,164811,164863,1225,52,8,3600,24.5576923077
163586,164806,164859,1220,53,8,3600,24.0188679245
163586,164801,164852,1215,51,8,3600,24.8235294118
163586,164783,164837,1197,54,8,3600,23.1666666667
163586,164789,164842,1203,53,8,3600,23.6981132075
163587,164831,164884,1244,53,8,3600,24.4716981132
163587,164821,164873,1234,52,8,3600,24.7307692308
163587,164841,164896,1254,55,8,3600,23.8
163587,164847,164901,1260,54,8,3600,24.3333333333
163587,164816,164870,1229,54,8,3600,23.7592592593
163587,164836,164889,1249,53,8,3600,24.5660377358
163587,164826,164878,1239,52,8,3600,24.8269230769
163588,164859,164910,1271,51,8,3600,25.9215686275
163588,164864,164917,1276,53,8,3600,25.0754716981
163588,164869,164921,1281,52,8,3600,25.6346153846
163588,164874,164927,1286,53,8,3600,25.2641509434
163588,164879,164935,1291,56,8,3600,24.0535714286
163588,164884,164937,1296,53,8,3600,25.4528301887
163588,164889,164943,1301,54,8,3600,25.0925925926
163588,164894,164953,1306,59,8,3600,23.1355932203
163589,164900,164955,1311,55,8,3600,24.8363636364
163589,164905,164961,1316,56,8,3600,24.5
163589,164910,164962,1321,52,8,3600,26.4038461538
163589,164915,164969,1326,54,8,3600,25.5555555556
163589,164926,164978,1337,52,8,3600,26.7115384615
163589,164932,164986,1343,54,8,3600,25.8703703704
163589,164942,164995,1353,53,8,3600,26.5283018868
163589,164937,164997,1348,60,8,3600,23.4666666667
163590,164952,165005,1362,53,8,3600,26.6981132075
163590,164947,165001,1357,54,8,3600,26.1296296296
163598,164957,165018,1359,61,8,3600,23.2786885246
163598,164962,165020,1364,58,8,3600,24.5172413793
163598,164972,165030,1374,58,8,3600,24.6896551724
163598,164967,165026,1369,59,8,3600,24.2033898305
163599,164977,165035,1378,58,8,3600,24.7586206897
163599,165005,165063,1406,58,8,3600,25.2413793103
163599,165010,165069,1411,59,8,3600,24.9152542373
163599,165015,165073,1416,58,8,3600,25.4137931034
163599,164995,165052,1396,57,8,3600,25.4912280702
163599,164985,165043,1386,58,8,3600,24.8965517241
163599,165000,165061,1401,61,8,3600,23.9672131148
163599,164990,165047,1391,57,8,3600,25.4035087719
163600,165048,165106,1448,58,8,3600,25.9655172414
163600,165020,165078,1420,58,8,3600,25.4827586207
163600,165025,165086,1425,61,8,3600,24.3606557377
163600,165031,165087,1431,56,8,3600,26.5535714286
163600,165036,165092,1436,56,8,3600,26.6428571429
163600,165053,165110,1453,57,8,3600,26.4912280702
163600,165042,165100,1442,58,8,3600,25.8620689655
163601,165101,165160,1500,59,8,3600,26.4237288136
163601,165058,165115,1457,57,8,3600,26.5614035088
163601,165068,165126,1467,58,8,3600,26.2931034483
163601,165073,165131,1472,58,8,3600,26.3793103448
163601,165078,165137,1477,59,8,3600,26.0338983051
163601,165083,165143,1482,60,8,3600,25.7
163601,165088,165147,1487,59,8,3600,26.2033898305
163601,165063,165122,1462,59,8,3600,25.7796610169
163602,165111,165169,1509,58,8,3600,27.0172413793
163602,165106,165165,1504,59,8,3600,26.4915254237
163602,165116,165176,1514,60,8,3600,26.2333333333
163639,165126,165257,1487,131,8,3600,12.3511450382
163639,165121,165252,1482,131,8,3600,12.3129770992
163640,165131,165260,1491,129,8,3600,12.5581395349
163640,165169,165297,1529,128,8,3600,12.9453125
163640,165164,165292,1524,128,8,3600,12.90625
163640,165159,165287,1519,128,8,3600,12.8671875
163640,165153,165281,1513,128,8,3600,12.8203125
163640,165141,165271,1501,130,8,3600,12.5461538462
163640,165136,165267,1496,131,8,3600,12.4198473282
163641,165194,165328,1553,134,8,3600,12.5895522388
163641,165189,165321,1548,132,8,3600,12.7272727273
163641,165184,165312,1543,128,8,3600,13.0546875
163641,165179,165307,1538,128,8,3600,13.015625
163641,165174,165305,1533,131,8,3600,12.7022900763
163641,165204,165334,1563,130,8,3600,13.0230769231
163641,165199,165331,1558,132,8,3600,12.803030303
163641,165211,165340,1570,129,8,3600,13.1705426357
163642,165232,165358,1590,126,8,3600,13.619047619
163642,165264,165398,1622,134,8,3600,13.1044776119
163642,165272,165406,1630,134,8,3600,13.1641791045
163642,165227,165357,1585,130,8,3600,13.1923076923
163642,165216,165345,1574,129,8,3600,13.2015503876
163642,165222,165354,1580,132,8,3600,12.9696969697
163642,165237,165369,1595,132,8,3600,13.0833333333
163643,165278,165409,1635,131,8,3600,13.4809160305
163643,165283,165415,1640,132,8,3600,13.4242424242
163643,165311,165440,1668,129,8,3600,13.9302325581
163643,165306,165437,1663,131,8,3600,13.6946564885
163643,165317,165449,1674,132,8,3600,13.6818181818
163643,165295,165424,1652,129,8,3600,13.8062015504
163650,165343,165453,1693,110,8,3600,16.3909090909
163650,165322,165431,1672,109,8,3600,16.3394495413
163650,165333,165441,1683,108,8,3600,16.5833333333
163650,165338,165446,1688,108,8,3600,16.6296296296
163650,165349,165460,1699,111,8,3600,16.3063063063
163650,165327,165434,1677,107,8,3600,16.6728971963
163651,165386,165500,1735,114,8,3600,16.2192982456
163651,165391,165498,1740,107,8,3600,17.261682243
163651,165370,165479,1719,109,8,3600,16.7706422018
163651,165359,165468,1708,109,8,3600,16.6697247706
163651,165354,165465,1703,111,8,3600,16.3423423423
163651,165396,165505,1745,109,8,3600,17.0091743119
163651,165365,165473,1714,108,8,3600,16.8703703704
163651,165375,165483,1724,108,8,3600,16.962962963
163652,165448,165560,1796,112,8,3600,17.0357142857
163652,165436,165547,1784,111,8,3600,17.0720720721
163652,165442,165551,1790,109,8,3600,17.4220183486
163652,165418,165527,1766,109,8,3600,17.2018348624
163652,165424,165534,1772,110,8,3600,17.1090909091
163652,165430,165539,1778,109,8,3600,17.3119266055
163652,165409,165522,1757,113,8,3600,16.5486725664
163653,165475,165583,1822,108,8,3600,17.8703703704
163653,165453,165564,1800,111,8,3600,17.2162162162
163653,165480,165589,1827,109,8,3600,17.7614678899
163653,165459,165567,1806,108,8,3600,17.7222222222
163653,165464,165572,1811,108,8,3600,17.7685185185
163653,165469,165581,1816,112,8,3600,17.2142857143
163653,165491,165602,1838,111,8,3600,17.5585585586
163653,165485,165599,1832,114,8,3600,17.0701754386
163654,165496,165604,1842,108,8,3600,18.0555555556
163659,163764,166155,105,2391,2,18000,1.04391468005
163660,165501,165609,1841,108,8,3600,18.0462962963
163660,165513,165620,1853,107,8,3600,18.3177570093
163660,165518,165630,1858,112,8,3600,17.5892857143
163660,165506,165615,1846,109,8,3600,17.9357798165
163661,165529,165636,1868,107,8,3600,18.4579439252
163661,165558,165665,1897,107,8,3600,18.7289719626
163661,165552,165659,1891,107,8,3600,18.6728971963
163661,165547,165654,1886,107,8,3600,18.6261682243
163661,165540,165647,1879,107,8,3600,18.5607476636
163661,165523,165629,1862,106,8,3600,18.5660377358
163661,165574,165680,1913,106,8,3600,19.0471698113
163661,165563,165674,1902,111,8,3600,18.1351351351
163662,165580,165689,1918,109,8,3600,18.5963302752
163662,165585,165690,1923,105,8,3600,19.3142857143
163662,165590,165696,1928,106,8,3600,19.1886792453
163662,165596,165703,1934,107,8,3600,19.0747663551
163662,165601,165711,1939,110,8,3600,18.6272727273
163662,165606,165716,1944,110,8,3600,18.6727272727
163662,165612,165719,1950,107,8,3600,19.2242990654
163662,165617,165735,1955,118,8,3600,17.5677966102
163663,165623,165731,1960,108,8,3600,19.1481481481
163663,165628,165735,1965,107,8,3600,19.3644859813
163663,165633,165742,1970,109,8,3600,19.0733944954
163663,165639,165748,1976,109,8,3600,19.128440367
163663,165644,165752,1981,108,8,3600,19.3425925926
163663,165656,165762,1993,106,8,3600,19.8018867925
163663,165650,165764,1987,114,8,3600,18.4298245614
163663,165661,165768,1998,107,8,3600,19.6728971963
163664,165677,165791,2013,114,8,3600,18.6578947368
163664,165672,165781,2008,109,8,3600,19.4220183486
163670,165688,165795,2018,107,8,3600,19.8598130841
163670,165693,165799,2023,106,8,3600,20.0849056604
163670,165699,165803,2029,104,8,3600,20.5096153846
163671,165704,165812,2033,108,8,3600,19.8240740741
163671,165710,165817,2039,107,8,3600,20.0560747664
163671,165715,165823,2044,108,8,3600,19.9259259259
163671,165720,165828,2049,108,8,3600,19.9722222222
163671,165726,165831,2055,105,8,3600,20.5714285714
163671,165731,165842,2060,111,8,3600,19.5585585586
163671,165738,165849,2067,111,8,3600,19.6216216216
163671,165743,165853,2072,110,8,3600,19.8363636364
163672,165786,165901,2114,115,8,3600,19.3826086957
163672,165791,165899,2119,108,8,3600,20.6203703704
163672,165780,165887,2108,107,8,3600,20.7009345794
163672,165775,165882,2103,107,8,3600,20.6542056075
163672,165770,165879,2098,109,8,3600,20.247706422
163672,165759,165867,2087,108,8,3600,20.3240740741
163672,165754,165866,2082,112,8,3600,19.5892857143
163672,165764,165881,2092,117,8,3600,18.8803418803
163673,165835,165943,2162,108,8,3600,21.0185185185
163673,165797,165903,2124,106,8,3600,21.0377358491
163673,165808,165916,2135,108,8,3600,20.7685185185
163673,165813,165921,2140,108,8,3600,20.8148148148
163673,165824,165932,2151,108,8,3600,20.9166666667
163673,165829,165942,2156,113,8,3600,20.0796460177
163673,165846,165953,2173,107,8,3600,21.308411215
163674,165851,165960,2177,109,8,3600,20.9724770642
163674,165856,165964,2182,108,8,3600,21.2037037037
163674,165862,165969,2188,107,8,3600,21.4485981308
163674,165873,165982,2199,109,8,3600,21.1743119266
163681,165911,166019,2230,108,8,3600,21.6481481481
163681,165905,166012,2224,107,8,3600,21.785046729
163681,165900,166010,2219,110,8,3600,21.1727272727
163681,165878,165987,2197,109,8,3600,21.1559633028
163681,165889,165995,2208,106,8,3600,21.8301886792
163681,165883,165990,2202,107,8,3600,21.5794392523
163681,165916,166028,2235,112,8,3600,20.9553571429
163682,165964,166073,2282,109,8,3600,21.9357798165
163682,165953,166059,2271,106,8,3600,22.4245283019
163682,165948,166055,2266,107,8,3600,22.1775700935
163682,165943,166052,2261,109,8,3600,21.7431192661
163682,165937,166046,2255,109,8,3600,21.6880733945
163682,165932,166045,2250,113,8,3600,20.9115044248
163682,165921,166030,2239,109,8,3600,21.5412844037
163682,165969,166076,2287,107,8,3600,22.3738317757
163683,166001,166109,2318,108,8,3600,22.462962963
163683,166013,166122,2330,109,8,3600,22.376146789
163683,165974,166085,2291,111,8,3600,21.6396396396
163683,165996,166104,2313,108,8,3600,22.4166666667
163683,165980,166088,2297,108,8,3600,22.2685185185
163683,165986,166094,2303,108,8,3600,22.3240740741
163683,165991,166100,2308,109,8,3600,22.1743119266
163684,166040,166150,2356,110,8,3600,22.4181818182
163684,166052,166168,2368,116,8,3600,21.4137931034
163684,166035,166145,2351,110,8,3600,22.3727272727
163684,166029,166138,2345,109,8,3600,22.5137614679
163684,166023,166132,2339,109,8,3600,22.4587155963
163684,166045,166153,2361,108,8,3600,22.8611111111
163684,166018,166126,2334,108,8,3600,22.6111111111
163684,166057,166165,2373,108,8,3600,22.9722222222
163708,163769,166063,61,2294,2,18000,1.02659110724
163878,163952,166212,74,2260,2,18000,1.03274336283
163885,163957,166357,72,2400,2,18000,1.03
163973,164051,166408,78,2357,2,18000,1.03309291472
163989,164056,166492,67,2436,2,18000,1.02750410509
163996,164061,166381,65,2320,2,18000,1.02801724138
164039,164066,166505,27,2439,2,18000,1.0110701107
164042,164071,166363,29,2292,2,18000,1.01265270506
164084,164165,166560,81,2395,2,18000,1.03382045929
164131,164170,168135,39,3965,16,10800,1.00983606557
164220,164249,166664,29,2415,2,18000,1.01200828157
164269,164327,166769,58,2442,2,18000,1.02375102375
164327,164400,166746,73,2346,2,18000,1.03111679454
164329,164405,166741,76,2336,2,18000,1.03253424658
164390,164410,166809,20,2399,2,18000,1.008336807
164472,164522,166829,50,2307,2,18000,1.02167316862
164488,164527,166915,39,2388,2,18000,1.01633165829
164740,164796,167209,56,2413,2,18000,1.02320762536
164837,164854,167279,17,2425,2,18000,1.00701030928
164873,164921,167365,48,2444,2,18000,1.01963993453
165052,165095,167428,43,2333,2,18000,1.01843120446
165092,165148,167501,56,2353,2,18000,1.02379940501
165238,165243,167636,5,2393,2,18000,1.0020894275
165274,165290,167612,16,2322,2,18000,1.00689061154
165290,165301,167658,11,2357,2,18000,1.00466694951
165368,165381,167759,13,2378,2,18000,1.00546677881
165529,165535,167858,6,2323,2,18000,1.00258286698
165554,165569,167843,15,2274,2,18000,1.00659630607
165647,165667,168028,20,2361,2,18000,1.00847098687
165663,165683,168061,20,2378,2,18000,1.00841042893
165736,165749,168197,13,2448,2,18000,1.00531045752
165784,165803,168096,19,2293,2,18000,1.00828608809
165808,165819,168195,11,2376,2,18000,1.00462962963
165816,165841,168061,25,2220,2,18000,1.01126126126
165846,165868,168234,22,2366,2,18000,1.00929839391
165881,165895,168343,14,2448,2,18000,1.00571895425
165902,165927,168302,25,2375,2,18000,1.01052631579
165950,165959,168382,9,2423,2,18000,1.00371440363
165999,166008,168430,9,2422,2,18000,1.00371593724
166072,166078,168424,6,2346,2,18000,1.00255754476
166079,166085,168507,6,2422,2,18000,1.00247729149
166166,166172,168498,6,2326,2,18000,1.00257953568
166220,166227,168601,7,2374,2,18000,1.00294860994
166368,166374,168769,6,2395,2,18000,1.00250521921
166370,166380,168749,10,2369,2,18000,1.00422119038
166392,166398,168765,6,2367,2,18000,1.00253485425
166416,166422,168815,6,2393,2,18000,1.002507313
166501,166507,168928,6,2421,2,18000,1.00247831475
166517,166523,168918,6,2395,2,18000,1.00250521921
166566,166572,168954,6,2382,2,18000,1.00251889169
166660,166666,166720,6,54,2,3600,1.11111111111
166661,166671,166725,10,54,2,3600,1.18518518519
166661,166676,166728,15,52,2,3600,1.28846153846
166661,166692,166748,31,56,2,3600,1.55357142857
166661,166687,166737,26,50,2,3600,1.52
166661,166702,166755,41,53,2,3600,1.77358490566
166661,166708,166761,47,53,2,3600,1.88679245283
166661,166697,166750,36,53,2,3600,1.67924528302
166662,166713,166763,51,50,2,3600,2.02
166662,166718,166770,56,52,2,3600,2.07692307692
166662,166723,166779,61,56,2,3600,2.08928571429
166662,166728,166779,66,51,2,3600,2.29411764706
166662,166733,166788,71,55,2,3600,2.29090909091
166662,166738,166790,76,52,2,3600,2.46153846154
166662,166743,166795,81,52,2,3600,2.55769230769
166662,166748,166799,86,51,2,3600,2.6862745098
166663,166784,166836,121,52,2,3600,3.32692307692
166663,166779,166831,116,52,2,3600,3.23076923077
166663,166774,166827,111,53,2,3600,3.09433962264
166663,166754,166806,91,52,2,3600,2.75
166663,166764,166815,101,51,2,3600,2.98039215686
166663,166759,166812,96,53,2,3600,2.81132075472
166663,166769,166823,106,54,2,3600,2.96296296296
166664,166799,166852,135,53,2,3600,3.54716981132
166664,166794,166846,130,52,2,3600,3.5
166664,166805,166860,141,55,2,3600,3.56363636364
166664,167405,167460,741,55,2,3600,14.4727272727
166664,166789,166842,125,53,2,3600,3.35849056604
166664,167427,167477,763,50,2,3600,16.26
166664,166810,166862,146,52,2,3600,3.80769230769
166672,166682,169004,10,2322,2,18000,1.00430663221
166676,167494,167543,818,49,2,3600,17.693877551
166676,167484,167531,808,47,2,3600,18.1914893617
166676,167479,167529,803,50,2,3600,17.06
166676,167474,167522,798,48,2,3600,17.625
166676,167469,167518,793,49,2,3600,17.1836734694
166676,167437,167486,761,49,2,3600,16.5306122449
166676,167432,167483,756,51,2,3600,15.8235294118
166676,167489,167539,813,50,2,3600,17.26
166677,167583,167633,906,50,2,3600,19.12
166677,167526,167576,849,50,2,3600,17.98
166677,167531,167581,854,50,2,3600,18.08
166677,167536,167584,859,48,2,3600,18.8958333333
166677,167541,167590,864,49,2,3600,18.6326530612
166677,167573,167624,896,51,2,3600,18.568627451
166677,167578,167628,901,50,2,3600,19.02
166678,167657,167706,979,49,2,3600,20.9795918367
166678,167635,167686,957,51,2,3600,19.7647058824
166678,167630,167679,952,49,2,3600,20.4285714286
166678,167625,167678,947,53,2,3600,18.8679245283
166678,167652,167700,974,48,2,3600,21.2916666667
166678,167588,167636,910,48,2,3600,19.9583333333
166678,167662,167709,984,47,2,3600,21.9361702128
166678,167620,167668,942,48,2,3600,20.625
166679,167687,167736,1008,49,2,3600,21.5714285714
166679,167698,167746,1019,48,2,3600,22.2291666667
166679,167672,167720,993,48,2,3600,21.6875
166679,167693,167742,1014,49,2,3600,21.693877551
166679,167682,167731,1003,49,2,3600,21.4693877551
166679,167677,167725,998,48,2,3600,21.7916666667
166679,167667,167714,988,47,2,3600,22.0212765957
166687,167708,167757,1021,49,2,3600,21.8367346939
166687,167733,167782,1046,49,2,3600,22.3469387755
166687,167728,167777,1041,49,2,3600,22.2448979592
166687,167723,167771,1036,48,2,3600,22.5833333333
166687,167718,167765,1031,47,2,3600,22.9361702128
166687,167713,167760,1026,47,2,3600,22.829787234
166687,167703,167752,1016,49,2,3600,21.7346938776
166688,167764,167812,1076,48,2,3600,23.4166666667
166688,167749,167795,1061,46,2,3600,24.0652173913
166688,167739,167787,1051,48,2,3600,22.8958333333
166688,167791,167841,1103,50,2,3600,23.06
166688,167754,167802,1066,48,2,3600,23.2083333333
166688,167769,167818,1081,49,2,3600,23.0612244898
166688,167759,167805,1071,46,2,3600,24.2826086957
166688,167744,167792,1056,48,2,3600,23.0
166689,167812,167863,1123,51,2,3600,23.0196078431
166689,167802,167849,1113,47,2,3600,24.6808510638
166689,167807,167855,1118,48,2,3600,24.2916666667
166689,167797,167846,1108,49,2,3600,23.612244898
166689,167827,167872,1138,45,2,3600,26.2888888889
166689,167822,167872,1133,50,2,3600,23.66
166689,167817,167867,1128,50,2,3600,23.56
166690,167832,167880,1142,48,2,3600,24.7916666667
166690,167837,167882,1147,45,2,3600,26.4888888889
166690,167848,167897,1158,49,2,3600,24.6326530612
166690,167853,167901,1163,48,2,3600,25.2291666667
166690,167858,167906,1168,48,2,3600,25.3333333333
166690,167863,167913,1173,50,2,3600,24.46
166690,167868,167915,1178,47,2,3600,26.0638297872
166690,167843,167892,1153,49,2,3600,24.5306122449
166700,167878,167926,1178,48,2,3600,25.5416666667
166700,167884,167930,1184,46,2,3600,26.7391304348
166700,167889,167937,1189,48,2,3600,25.7708333333
166700,167894,167942,1194,48,2,3600,25.875
166700,167873,167923,1173,50,2,3600,24.46
166701,167947,167994,1246,47,2,3600,27.5106382979
166701,167942,167990,1241,48,2,3600,26.8541666667
166701,167937,167985,1236,48,2,3600,26.75
166701,167932,167980,1231,48,2,3600,26.6458333333
166701,167914,167962,1213,48,2,3600,26.2708333333
166701,167909,167955,1208,46,2,3600,27.2608695652
166701,167904,167951,1203,47,2,3600,26.5957446809
166701,167899,167946,1198,47,2,3600,26.4893617021
166702,167988,168035,1286,47,2,3600,28.3617021277
166702,167983,168031,1281,48,2,3600,27.6875
166702,167978,168024,1276,46,2,3600,28.7391304348
166702,167952,168000,1250,48,2,3600,27.0416666667
166702,167962,168010,1260,48,2,3600,27.25
166702,167957,168004,1255,47,2,3600,27.7021276596
166702,167972,168019,1270,47,2,3600,28.0212765957
166702,167967,168015,1265,48,2,3600,27.3541666667
166703,168013,168061,1310,48,2,3600,28.2916666667
166703,167993,168040,1290,47,2,3600,28.4468085106
166703,167998,168047,1295,49,2,3600,27.4285714286
166703,168003,168051,1300,48,2,3600,28.0833333333
166703,168008,168056,1305,48,2,3600,28.1875
166703,168029,168077,1326,48,2,3600,28.625
166703,168019,168067,1316,48,2,3600,28.4166666667
166703,168024,168074,1321,50,2,3600,27.42
166704,168034,168082,1330,48,2,3600,28.7083333333
166733,166832,166840,99,8,32,3600,10.7
166734,166842,166853,108,11,32,3600,10.8181818182
166734,166837,166846,103,9,32,3600,11.2
166734,166848,166857,114,9,32,3600,12.3
166734,166865,166872,131,7,32,3600,13.8
166734,166870,166879,136,9,32,3600,14.5
166734,166876,166885,142,9,32,3600,15.1
166735,166881,166890,146,9,32,3600,15.5
166735,166893,166900,158,7,32,3600,16.5
166735,166898,166906,163,8,32,3600,17.1
166735,166904,166913,169,9,32,3600,17.8
166735,166887,166895,152,8,32,3600,16.0
166736,166909,166918,173,9,32,3600,18.2
166736,166915,166922,179,7,32,3600,18.6
166736,166920,166928,184,8,32,3600,19.2
166736,166926,166933,190,7,32,3600,19.7
166737,166931,166942,194,11,32,3600,18.6363636364
166737,166943,166951,206,8,32,3600,21.4
166737,166948,166957,211,9,32,3600,22.0
166737,166954,166962,217,8,32,3600,22.5
166737,166959,166967,222,8,32,3600,23.0
166738,166964,166980,226,16,32,3600,15.125
166738,166998,167006,260,8,32,3600,26.8
166738,166992,167000,254,8,32,3600,26.2
166738,166986,166996,248,10,32,3600,25.8
166738,166975,166989,237,14,32,3600,17.9285714286
166738,166981,166989,243,8,32,3600,25.1
166738,166970,166982,232,12,32,3600,20.3333333333
166739,167004,167017,265,13,32,3600,21.3846153846
166739,167009,167016,270,7,32,3600,27.7
166746,167032,167039,286,7,32,3600,29.3
166746,167015,167026,269,11,32,3600,25.4545454545
166746,167037,167049,291,12,32,3600,25.25
166746,167048,167055,302,7,32,3600,30.9
166746,167020,167027,274,7,32,3600,28.1
166746,167054,167061,308,7,32,3600,31.5
166746,167043,167055,297,12,32,3600,25.75
166746,167026,167037,280,11,32,3600,26.4545454545
166747,167059,167071,312,12,32,3600,27.0
166747,167065,167072,318,7,32,3600,32.5
166747,167071,167078,324,7,32,3600,33.1
166747,167076,167083,329,7,32,3600,33.6
166747,167082,167089,335,7,32,3600,34.2
166747,167087,167094,340,7,32,3600,34.7
166747,167093,167100,346,7,32,3600,35.3
166748,167120,167127,372,7,32,3600,37.9
166748,166817,169232,69,2415,2,18000,1.02857142857
166748,167098,167112,350,14,32,3600,26.0
166748,167126,167133,378,7,32,3600,38.5
166748,167131,167138,383,7,32,3600,39.0
166748,167109,167124,361,15,32,3600,25.0666666667
166748,167115,167122,367,7,32,3600,37.4
166748,167104,167111,356,7,32,3600,36.3
166749,167148,167155,399,7,32,3600,40.6
166749,167137,167144,388,7,32,3600,39.5
166749,167142,167150,393,8,32,3600,40.1
166749,167164,167171,415,7,32,3600,42.2
166749,167159,167166,410,7,32,3600,41.7
166749,167175,167182,426,7,32,3600,43.3
166749,167170,167177,421,7,32,3600,42.8
166749,167153,167161,404,8,32,3600,41.2
166756,166822,169304,66,2482,2,18000,1.0265914585
166757,167186,167196,429,10,32,3600,43.9
166757,167181,167189,424,8,32,3600,43.2
166757,167192,167201,435,9,32,3600,44.4
166758,167203,167211,445,8,32,3600,45.3
166758,167197,167208,439,11,32,3600,40.9090909091
166758,167235,167244,477,9,32,3600,48.6
166758,167214,167222,456,8,32,3600,46.4
166758,167219,167227,461,8,32,3600,46.9
166758,167208,167221,450,13,32,3600,35.6153846154
166758,167230,167238,472,8,32,3600,48.0
166759,167241,167249,482,8,32,3600,49.0
166759,167257,167265,498,8,32,3600,50.6
166759,167279,167287,520,8,32,3600,52.8
166759,167251,167260,492,9,32,3600,50.1
166759,167273,167281,514,8,32,3600,52.2
166759,167262,167277,503,15,32,3600,34.5333333333
166759,167268,167276,509,8,32,3600,51.7
166759,167246,167254,487,8,32,3600,49.5
166760,167290,167298,530,8,32,3600,53.8
166760,167295,167303,535,8,32,3600,54.3
166760,167306,167314,546,8,32,3600,55.4
166760,167311,167320,551,9,32,3600,56.0
166760,167318,167327,558,9,32,3600,56.7
166760,167323,167338,563,15,32,3600,38.5333333333
166760,167284,167292,524,8,32,3600,53.2
166761,167345,167353,584,8,32,3600,59.2
166761,167334,167342,573,8,32,3600,58.1
166761,167328,167337,567,9,32,3600,57.6
166761,167339,167356,578,17,32,3600,35.0
166761,167351,167359,590,8,32,3600,59.8
166770,167356,167368,586,12,32,3600,49.8333333333
166770,167362,167373,592,11,32,3600,54.8181818182
166770,167368,167378,598,10,32,3600,60.8
166770,167373,167389,603,16,32,3600,38.6875
166770,167384,167395,614,11,32,3600,56.8181818182
166770,167389,167400,619,11,32,3600,57.2727272727
166770,167395,167407,625,12,32,3600,53.0833333333
166771,167453,167468,682,15,32,3600,46.4666666667
166771,167459,167470,688,11,32,3600,63.5454545455
166771,167416,167429,645,13,32,3600,50.6153846154
166771,167400,167411,629,11,32,3600,58.1818181818
166771,167448,167460,677,12,32,3600,57.4166666667
166771,167421,167433,650,12,32,3600,55.1666666667
166771,167464,167475,693,11,32,3600,64.0
166771,167411,167422,640,11,32,3600,59.1818181818
166772,167516,167526,744,10,32,3600,75.4
166772,167511,167522,739,11,32,3600,68.1818181818
166772,167552,167564,780,12,32,3600,66.0
166772,167500,167511,728,11,32,3600,67.1818181818
166772,167506,167517,734,11,32,3600,67.7272727273
166772,167521,167538,749,17,32,3600,45.0588235294
166772,167558,167569,786,11,32,3600,72.4545454545
166773,167646,167659,873,13,32,3600,68.1538461538
166773,167615,167626,842,11,32,3600,77.5454545455
166773,167604,167616,831,12,32,3600,70.25
166773,167599,167611,826,12,32,3600,69.8333333333
166773,167610,167621,837,11,32,3600,77.0909090909
166773,167594,167609,821,15,32,3600,55.7333333333
166773,167563,167578,790,15,32,3600,53.6666666667
166773,167568,167579,795,11,32,3600,73.2727272727
166776,166827,169223,51,2396,2,18000,1.02128547579
166816,166855,169216,39,2361,2,18000,1.0165184244
166837,166860,169299,23,2439,2,18000,1.0094300943
166922,166938,169334,16,2396,2,18000,1.00667779633
167215,167225,169568,10,2343,2,18000,1.00426803244
167287,167301,169620,14,2319,2,18000,1.00603708495
167372,167379,169787,7,2408,2,18000,1.00290697674
167436,167443,169817,7,2374,2,18000,1.00294860994
167509,167547,169836,38,2289,2,18000,1.01660113587
167618,167641,170048,23,2407,2,18000,1.00955546323
167642,167776,170163,134,2387,2,18000,1.05613741098
167666,167781,170149,115,2368,2,18000,1.04856418919
167766,167786,170245,20,2459,2,18000,1.00813338756
167842,230961,230965,63119,4,4,129600,6312.3
167843,230966,230970,63123,4,4,129600,6312.7
167843,230971,230975,63128,4,4,129600,6313.2
167843,230976,230982,63133,6,4,129600,6313.9
167843,230981,230988,63138,7,4,129600,6314.5
167843,230986,230990,63143,4,4,129600,6314.7
167844,230991,230995,63147,4,4,129600,6315.1
167851,167921,170323,70,2402,2,18000,1.02914238135
167867,167927,170284,60,2357,2,18000,1.02545608825
168036,168042,170462,6,2420,2,18000,1.00247933884
168046,168088,168107,42,19,128,3600,3.21052631579
168046,168118,168130,72,12,128,3600,7.0
168046,168141,168153,95,12,128,3600,8.91666666667
168046,168164,168180,118,16,128,3600,8.375
168046,168051,168067,5,16,128,3600,1.3125
168047,168364,168373,317,9,128,3600,32.6
168047,168321,168330,274,9,128,3600,28.3
168047,168299,168309,252,10,128,3600,26.2
168047,168223,168239,176,16,128,3600,12.0
168047,168259,168268,212,9,128,3600,22.1
168047,168279,168288,232,9,128,3600,24.1
168047,168341,168353,294,12,128,3600,25.5
168047,168191,168204,144,13,128,3600,12.0769230769
168048,168405,168422,357,17,128,3600,22.0
168048,168433,168441,385,8,128,3600,39.3
168048,168453,168465,405,12,128,3600,34.75
168048,168476,168497,428,21,128,3600,21.380952381
168048,168508,168525,460,17,128,3600,28.0588235294
168048,168384,168393,336,9,128,3600,34.5
168048,168537,168555,489,18,128,3600,28.1666666667
168049,168601,168616,552,15,128,3600,37.8
168049,168627,168646,578,19,128,3600,31.4210526316
168049,168657,168673,608,16,128,3600,39.0
168049,168684,168703,635,19,128,3600,34.4210526316
168049,168714,168723,665,9,128,3600,67.4
168049,168872,168895,823,23,128,3600,36.7826086957
168049,168906,168920,857,14,128,3600,62.2142857143
168049,168566,168589,517,23,128,3600,23.4782608696
168050,168734,168743,684,9,128,3600,69.3
168050,168754,168765,704,11,128,3600,65.0
168060,168936,168955,876,19,128,3600,47.1052631579
168060,168776,168798,716,22,128,3600,33.5454545455
168060,168809,168826,749,17,128,3600,45.0588235294
168060,168837,168861,777,24,128,3600,33.375
168061,169178,169191,1117,13,128,3600,86.9230769231
168061,169023,169035,962,12,128,3600,81.1666666667
168061,169115,169127,1054,12,128,3600,88.8333333333
168061,169094,169103,1033,9,128,3600,104.2
168061,169070,169083,1009,13,128,3600,78.6153846154
168061,169046,169059,985,13,128,3600,76.7692307692
168061,168995,169012,934,17,128,3600,55.9411764706
168061,168967,168984,906,17,128,3600,54.2941176471
168062,169158,169167,1096,9,128,3600,110.5
168062,169202,169211,1140,9,128,3600,114.9
168062,169248,169257,1186,9,128,3600,119.5
168062,169291,169303,1229,12,128,3600,103.416666667
168062,169319,169336,1257,17,128,3600,74.9411764706
168062,169223,169236,1161,13,128,3600,90.3076923077
168062,169138,169147,1076,9,128,3600,108.5
168062,169268,169280,1206,12,128,3600,101.5
168063,169431,169452,1368,21,128,3600,66.1428571429
168063,169405,169420,1342,15,128,3600,90.4666666667
168063,169541,169558,1478,17,128,3600,87.9411764706
168063,169502,169530,1439,28,128,3600,52.3928571429
168063,169376,169394,1313,18,128,3600,73.9444444444
168063,169463,169491,1400,28,128,3600,51.0
168063,169352,169365,1289,13,128,3600,100.153846154
168064,169569,169579,1505,10,128,3600,151.5
168064,169590,169607,1526,17,128,3600,90.7647058824
168064,169619,169631,1555,12,128,3600,130.583333333
168071,169643,169657,1572,14,128,3600,113.285714286
168072,169856,169871,1784,15,128,3600,119.933333333
168072,169882,169902,1810,20,128,3600,91.5
168072,169753,169775,1681,22,128,3600,77.4090909091
168072,169719,169742,1647,23,128,3600,72.6086956522
168072,169691,169708,1619,17,128,3600,96.2352941176
168072,169786,169812,1714,26,128,3600,66.9230769231
168072,169823,169839,1751,16,128,3600,110.4375
168072,168077,170554,5,2477,2,18000,1.00201857085
168072,169668,169680,1596,12,128,3600,134.0
168073,169913,169926,1840,13,128,3600,142.538461538
168073,169937,169950,1864,13,128,3600,144.384615385
168073,169961,169979,1888,18,128,3600,105.888888889
168073,170036,170050,1963,14,128,3600,141.214285714
168073,170013,170025,1940,12,128,3600,162.666666667
168073,169990,170002,1917,12,128,3600,160.75
168073,170066,170079,1993,13,128,3600,154.307692308
168074,170090,170104,2016,14,128,3600,145.0
168074,170217,170234,2143,17,128,3600,127.058823529
168074,170115,170130,2041,15,128,3600,137.066666667
168074,170141,170155,2067,14,128,3600,148.642857143
168074,168083,170516,9,2433,2,18000,1.00369913687
168074,170171,170183,2097,12,128,3600,175.75
168074,170194,170206,2120,12,128,3600,177.666666667
168074,170245,170258,2171,13,128,3600,168.0
168075,170354,170373,2279,19,128,3600,120.947368421
168075,170385,170413,2310,28,128,3600,83.5
168075,170457,170474,2382,17,128,3600,141.117647059
168075,170269,170281,2194,12,128,3600,183.833333333
168075,170292,170310,2217,18,128,3600,124.166666667
168075,170425,170446,2350,21,128,3600,112.904761905
168075,170321,170343,2246,22,128,3600,103.090909091
168082,170616,170643,2534,27,128,3600,94.8518518519
168082,170654,170687,2572,33,128,3600,78.9393939394
168082,170522,170539,2440,17,128,3600,144.529411765
168082,170550,170567,2468,17,128,3600,146.176470588
168082,170578,170601,2496,23,128,3600,109.52173913
168082,170698,170721,2616,23,128,3600,114.739130435
168082,170490,170511,2408,21,128,3600,115.666666667
168083,170737,170757,2654,20,128,3600,133.7
168083,170770,170793,2687,23,128,3600,117.826086957
168083,170804,170824,2721,20,128,3600,137.05
168083,170835,170851,2752,16,128,3600,173.0
168083,170862,170882,2779,20,128,3600,139.95
168083,170926,170941,2843,15,128,3600,190.533333333
168083,170899,170915,2816,16,128,3600,177.0
168084,171013,171034,2929,21,128,3600,140.476190476
168084,171045,171061,2961,16,128,3600,186.0625
168084,171128,171146,3044,18,128,3600,170.111111111
168084,171100,171117,3016,17,128,3600,178.411764706
168084,171073,171089,2989,16,128,3600,187.8125
168084,171157,171173,3073,16,128,3600,193.0625
168084,170983,171000,2899,17,128,3600,171.529411765
168084,170952,170972,2868,20,128,3600,144.4
168085,171324,171346,3239,22,128,3600,148.227272727
168085,171244,171270,3159,26,128,3600,122.5
168085,171357,171379,3272,22,128,3600,149.727272727
168085,171213,171229,3128,16,128,3600,196.5
168085,171281,171313,3196,32,128,3600,100.875
168085,171390,171409,3305,19,128,3600,174.947368421
168085,171184,171202,3099,18,128,3600,173.166666667
168086,171420,171438,3334,18,128,3600,186.222222222
168104,168111,170516,7,2405,2,18000,1.00291060291
168206,168212,170598,6,2386,2,18000,1.0025146689
168209,168218,170468,9,2250,2,18000,1.004
168229,168235,176562,6,8327,16,10800,1.00072054762
168242,168252,177395,10,9143,16,10800,1.00109373291
168242,168247,170667,5,2420,2,18000,1.0020661157
168309,168315,170717,6,2402,2,18000,1.0024979184
168351,168358,170745,7,2387,2,18000,1.00293255132
168393,168399,170746,6,2347,2,18000,1.00255645505
168434,168440,170806,6,2366,2,18000,1.00253592561
168437,168446,170795,9,2349,2,18000,1.00383141762
168506,168514,170881,8,2367,2,18000,1.00337980566
168522,168528,170993,6,2465,2,18000,1.00243407708
168612,168618,171065,6,2447,2,18000,1.00245198202
168758,168764,171006,6,2242,2,18000,1.00267618198
168774,168782,171208,8,2426,2,18000,1.00329760923
168776,168787,171136,11,2349,2,18000,1.00468284376
168822,168828,171219,6,2391,2,18000,1.00250941029
168925,168931,171294,6,2363,2,18000,1.00253914515
168941,168947,171381,6,2434,2,18000,1.00246507806
168962,168973,171338,11,2365,2,18000,1.00465116279
169010,169016,171301,6,2285,2,18000,1.00262582057
169224,169229,171619,5,2390,2,18000,1.00209205021
169231,169238,171626,7,2388,2,18000,1.00293132328
169247,169254,171668,7,2414,2,18000,1.00289975145
169287,169297,169298,10,1,2,300,1.1
169308,169314,171761,6,2447,2,18000,1.00245198202
169310,169325,171741,15,2416,2,18000,1.00620860927
169340,169346,171715,6,2369,2,18000,1.00253271423
169577,169583,172058,6,2475,2,18000,1.00242424242
169630,169637,171969,7,2332,2,18000,1.00300171527
169794,169800,172180,6,2380,2,18000,1.0025210084
169824,169830,172255,6,2425,2,18000,1.0024742268
169845,169851,172235,6,2384,2,18000,1.00251677852
170055,170061,172454,6,2393,2,18000,1.002507313
170160,170166,172588,6,2422,2,18000,1.00247729149
170176,170182,172565,6,2383,2,18000,1.00251783466
170252,170258,172567,6,2309,2,18000,1.0025985275
170291,170298,172563,7,2265,2,18000,1.00309050773
170330,170336,172610,6,2274,2,18000,1.00263852243
170470,170476,172841,6,2365,2,18000,1.00253699789
170477,170484,172796,7,2312,2,18000,1.00302768166
170524,170531,172921,7,2390,2,18000,1.00292887029
170527,170537,172965,10,2428,2,18000,1.00411861614
170565,170571,172909,6,2338,2,18000,1.00256629598
170604,170610,173028,6,2418,2,18000,1.00248138958
170673,170680,173087,7,2407,2,18000,1.00290818446
170725,170731,172955,6,2224,2,18000,1.00269784173
170752,170758,173007,6,2249,2,18000,1.00266785238
170754,170764,173065,10,2301,2,18000,1.00434593655
170803,170810,173223,7,2413,2,18000,1.00290095317
170819,170825,173228,6,2403,2,18000,1.0024968789
170889,170894,173206,5,2312,2,18000,1.00216262976
171001,171007,173393,6,2386,2,18000,1.0025146689
171017,171023,173516,6,2493,2,18000,1.00240673887
171071,171079,173448,8,2369,2,18000,1.0033769523
171144,171150,173569,6,2419,2,18000,1.00248036379
171216,171223,173578,7,2355,2,18000,1.00297239915
171232,171238,173631,6,2393,2,18000,1.002507313
171302,171309,173717,7,2408,2,18000,1.00290697674
171310,171316,173570,6,2254,2,18000,1.00266193434
171344,171350,173783,6,2433,2,18000,1.00246609125
171389,171396,173792,7,2396,2,18000,1.00292153589
171627,171633,173937,6,2304,2,18000,1.00260416667
171634,171640,173971,6,2331,2,18000,1.00257400257
171676,171682,174061,6,2379,2,18000,1.0025220681
171722,171728,174118,6,2390,2,18000,1.00251046025
171749,171755,173948,6,2193,2,18000,1.00273597811
171770,171776,174201,6,2425,2,18000,1.0024742268
171977,171983,174421,6,2438,2,18000,1.00246103363
172064,172070,174442,6,2372,2,18000,1.00252951096
172188,172194,174621,6,2427,2,18000,1.00247218789
172243,172249,174668,6,2419,2,18000,1.00248036379
172264,172270,174469,6,2199,2,18000,1.00272851296
172461,172467,174822,6,2355,2,18000,1.0025477707
172570,172576,174966,6,2390,2,18000,1.00251046025
172572,172582,175009,10,2427,2,18000,1.00412031314
172575,172587,174948,12,2361,2,18000,1.00508259212
172595,172601,174997,6,2396,2,18000,1.00250417362
172616,172623,175024,7,2401,2,18000,1.0029154519
172806,172813,175238,7,2425,2,18000,1.00288659794
172849,172855,175290,6,2435,2,18000,1.00246406571
172915,172922,175336,7,2414,2,18000,1.00289975145
172931,172937,175313,6,2376,2,18000,1.00252525253
172961,172967,175255,6,2288,2,18000,1.00262237762
172977,172983,175331,6,2348,2,18000,1.00255536627
173012,173018,179492,6,6474,1,10800,1.00092678406
173013,173024,175272,11,2248,2,18000,1.00489323843
173034,173040,175255,6,2215,2,18000,1.00270880361
173073,173080,175469,7,2389,2,18000,1.00293009627
173095,173101,175443,6,2342,2,18000,1.00256191289
173213,173220,175509,7,2289,2,18000,1.00305810398
173230,173237,175612,7,2375,2,18000,1.00294736842
173238,173244,175606,6,2362,2,18000,1.00254022015
173403,173409,175608,6,2199,2,18000,1.00272851296
173455,173461,175811,6,2350,2,18000,1.00255319149
173524,173530,175929,6,2399,2,18000,1.0025010421
173576,173582,175865,6,2283,2,18000,1.00262812089
173579,173588,176057,9,2469,2,18000,1.00364520049
173595,173601,175913,6,2312,2,18000,1.00259515571
173637,173643,176040,6,2397,2,18000,1.00250312891
173726,173732,176083,6,2351,2,18000,1.00255210549
173794,173800,176052,6,2252,2,18000,1.0026642984
173802,173808,176103,6,2295,2,18000,1.00261437908
173914,230065,279870,56151,49805,1,86400,2.12741692601
173945,173951,176380,6,2429,2,18000,1.00247015233
173961,173967,176216,6,2249,2,18000,1.00266785238
173982,173988,176345,6,2357,2,18000,1.00254560882
174067,174073,176333,6,2260,2,18000,1.00265486726
174087,230070,296214,55983,66144,1,86400,1.84638062409
174124,174130,176553,6,2423,2,18000,1.00247626909
174209,174215,176555,6,2340,2,18000,1.00256410256
174213,230075,316513,55862,86438,1,86400,1.64626668826
174294,230080,265953,55786,35873,1,86400,2.55509714827
174350,230086,316512,55736,86426,1,86400,1.64489852591
174428,174434,176834,6,2400,2,18000,1.0025
174449,174455,176848,6,2393,2,18000,1.002507313
174476,174482,176857,6,2375,2,18000,1.00252631579
174627,174633,177071,6,2438,2,18000,1.00246103363
174676,174682,177077,6,2395,2,18000,1.00250521921
174833,174839,177151,6,2312,2,18000,1.00259515571
174954,174960,177314,6,2354,2,18000,1.00254885302
174975,174981,177373,6,2392,2,18000,1.0025083612
175005,175011,177342,6,2331,2,18000,1.00257400257
175021,175027,177362,6,2335,2,18000,1.00256959315
175037,175043,177415,6,2372,2,18000,1.00252951096
175247,175253,177623,6,2370,2,18000,1.00253164557
175263,175269,177652,6,2383,2,18000,1.00251783466
175265,175275,177708,10,2433,2,18000,1.00411015208
175281,175287,177584,6,2297,2,18000,1.00261210274
175297,175303,177687,6,2384,2,18000,1.00251677852
175321,175327,177698,6,2371,2,18000,1.00253057782
175342,175348,177694,6,2346,2,18000,1.00255754476
175344,175354,177788,10,2434,2,18000,1.00410846343
175450,175456,177828,6,2372,2,18000,1.00252951096
175477,175483,177833,6,2350,2,18000,1.00255319149
175516,175522,177887,6,2365,2,18000,1.00253699789
175615,175621,177956,6,2335,2,18000,1.00256959315
175617,175627,177823,10,2196,2,18000,1.00455373406
175619,175632,177795,13,2163,2,18000,1.00601017106
175822,175828,177930,6,2102,2,18000,1.00285442436
175875,175881,178138,6,2257,2,18000,1.0026583961
175921,175927,178169,6,2242,2,18000,1.00267618198
175937,175943,178214,6,2271,2,18000,1.00264200793
176051,176057,178340,6,2283,2,18000,1.00262812089
176067,176073,178451,6,2378,2,18000,1.00252312868
176069,176079,178471,10,2392,2,18000,1.00418060201
176090,176097,178383,7,2286,2,18000,1.00306211724
176111,176117,178519,6,2402,2,18000,1.0024979184
176223,176229,178497,6,2268,2,18000,1.00264550265
176341,176348,178749,7,2401,2,18000,1.0029154519
176357,176363,178834,6,2471,2,18000,1.00242816673
176388,176394,178756,6,2362,2,18000,1.00254022015
176561,176567,178935,6,2368,2,18000,1.00253378378
176563,176572,178988,9,2416,2,18000,1.00372516556
176842,176848,179162,6,2314,2,18000,1.00259291271
176858,176865,179317,7,2452,2,18000,1.0028548124
176866,176872,179267,6,2395,2,18000,1.00250521921
176935,176941,176945,6,4,2,300,1.0
176954,176960,176988,6,28,2,300,1.21428571429
176995,177001,177060,6,59,2,300,1.10169491525
177067,177074,177316,7,242,2,300,1.02892561983
177079,177085,179532,6,2447,2,18000,1.00245198202
177086,177092,179436,6,2344,2,18000,1.00255972696
177158,177164,179522,6,2358,2,18000,1.00254452926
177322,177333,177349,11,16,2,300,1.6875
177322,177328,179655,6,2327,2,18000,1.00257842716
177349,177356,179678,7,2322,2,18000,1.00301464255
177358,177364,177397,6,33,2,300,1.18181818182
177370,177377,179765,7,2388,2,18000,1.00293132328
177387,177393,179787,6,2394,2,18000,1.00250626566
177406,177413,177437,7,24,2,360,1.29166666667
177426,177432,179779,6,2347,2,18000,1.00255645505
177592,177598,179962,6,2364,2,18000,1.00253807107
177632,177638,179910,6,2272,2,18000,1.00264084507
177659,177665,179926,6,2261,2,18000,1.00265369306
177695,177701,180058,6,2357,2,18000,1.00254560882
177703,177708,180085,5,2377,2,18000,1.0021034918
177719,177725,180088,6,2363,2,18000,1.00253914515
177721,177731,180168,10,2437,2,18000,1.00410340583
177794,177800,180163,6,2363,2,18000,1.00253914515
177810,177816,180221,6,2405,2,18000,1.00249480249
177831,177837,180196,6,2359,2,18000,1.00254345061
177838,177845,180158,7,2313,2,18000,1.00302637268
177855,177861,180155,6,2294,2,18000,1.00261551874
177894,177899,180341,5,2442,2,18000,1.00204750205
177939,177945,180339,6,2394,2,18000,1.00250626566
177963,177969,180362,6,2393,2,18000,1.002507313
178145,178151,180509,6,2358,2,18000,1.00254452926
178175,178182,180578,7,2396,2,18000,1.00292153589
178221,178227,180587,6,2360,2,18000,1.00254237288
178348,178354,180732,6,2378,2,18000,1.00252312868
178391,178397,180836,6,2439,2,18000,1.0024600246
178457,178464,180720,7,2256,2,18000,1.00310283688
178478,178485,180857,7,2372,2,18000,1.00295109612
178505,178512,180874,7,2362,2,18000,1.00296359018
178527,178533,180884,6,2351,2,18000,1.00255210549
178757,178763,181040,6,2277,2,18000,1.00263504611
178764,178770,181123,6,2353,2,18000,1.00254993625
178845,178851,181239,6,2388,2,18000,1.00251256281
178942,178948,181291,6,2343,2,18000,1.00256081946
178998,179005,181407,7,2402,2,18000,1.00291423813
179168,179175,181549,7,2374,2,18000,1.00294860994
179274,179280,181699,6,2419,2,18000,1.00248036379
179326,179332,181632,6,2300,2,18000,1.00260869565
179444,179450,181761,6,2311,2,18000,1.00259627867
179529,179535,181905,6,2370,2,18000,1.00253164557
179545,179551,181888,6,2337,2,18000,1.00256739409
179663,179669,182092,6,2423,2,18000,1.00247626909
179687,179693,182137,6,2444,2,18000,1.00245499182
179771,179778,182177,7,2399,2,18000,1.00291788245
179787,179793,182099,6,2306,2,18000,1.00260190807
179795,179801,182155,6,2354,2,18000,1.00254885302
179919,179925,182174,6,2249,2,18000,1.00266785238
179935,179941,182300,6,2359,2,18000,1.00254345061
179968,179974,182370,6,2396,2,18000,1.00250417362
180065,180071,182471,6,2400,2,18000,1.0025
180094,180100,182381,6,2281,2,18000,1.00263042525
180096,180106,182506,10,2400,2,18000,1.00416666667
180163,180169,182548,6,2379,2,18000,1.0025220681
180166,180175,182523,9,2348,2,18000,1.0038330494
180173,180181,182541,8,2360,2,18000,1.00338983051
180189,180195,182496,6,2301,2,18000,1.00260756193
180205,180211,182541,6,2330,2,18000,1.0025751073
180230,180236,182559,6,2323,2,18000,1.00258286698
180350,180356,182806,6,2450,2,18000,1.00244897959
180352,180362,182683,10,2321,2,18000,1.00430848772
180368,180374,182806,6,2432,2,18000,1.00246710526
180516,180523,182909,7,2386,2,18000,1.00293378039
180586,180593,182842,7,2249,2,18000,1.00311249444
180602,180608,183032,6,2424,2,18000,1.00247524752
180726,180733,183195,7,2462,2,18000,1.0028432169
180742,180748,183109,6,2361,2,18000,1.00254129606
180842,180849,183230,7,2381,2,18000,1.0029399412
180863,180869,183357,6,2488,2,18000,1.00241157556
180884,180890,183257,6,2367,2,18000,1.00253485425
180892,180898,183288,6,2390,2,18000,1.00251046025
181046,181052,183428,6,2376,2,18000,1.00252525253
181130,181137,183570,7,2433,2,18000,1.00287710645
181246,181252,183710,6,2458,2,18000,1.00244100895
181297,181303,183596,6,2293,2,18000,1.0026166594
181415,181422,183664,7,2242,2,18000,1.00312221231
181560,181566,183969,6,2403,2,18000,1.0024968789
181638,181645,183935,7,2290,2,18000,1.00305676856
181705,181711,184119,6,2408,2,18000,1.00249169435
181769,181775,184185,6,2410,2,18000,1.00248962656
181896,181902,184298,6,2396,2,18000,1.00250417362
181911,181917,184335,6,2418,2,18000,1.00248138958
182100,182106,184445,6,2339,2,18000,1.0025651988
182107,182113,184533,6,2420,2,18000,1.00247933884
182143,182149,184460,6,2311,2,18000,1.00259627867
182164,182170,184674,6,2504,2,18000,1.00239616613
182185,182191,184451,6,2260,2,18000,1.00265486726
182188,182197,184596,9,2399,2,18000,1.00375156315
182311,182317,184694,6,2377,2,18000,1.00252419016
182378,182384,184653,6,2269,2,18000,1.00264433671
182394,182401,184740,7,2339,2,18000,1.00299273194
182479,182485,184879,6,2394,2,18000,1.00250626566
182503,182509,184700,6,2191,2,18000,1.00273847558
182515,182522,184765,7,2243,2,18000,1.00312082033
182531,182538,184923,7,2385,2,18000,1.00293501048
182548,182554,184762,6,2208,2,18000,1.0027173913
182550,182560,184802,10,2242,2,18000,1.0044603033
182566,182572,185005,6,2433,2,18000,1.00246609125
182569,182578,184959,9,2381,2,18000,1.0037799244
182690,182696,184971,6,2275,2,18000,1.00263736264
182816,182823,185266,7,2443,2,18000,1.00286532951
182819,182829,185155,10,2326,2,18000,1.00429922614
182849,182855,185186,6,2331,2,18000,1.00257400257
182915,182921,185316,6,2395,2,18000,1.00250521921
183040,183046,185428,6,2382,2,18000,1.00251889169
183115,183122,185505,7,2383,2,18000,1.00293747377
183201,183208,185491,7,2283,2,18000,1.00306614104
183238,183244,185628,6,2384,2,18000,1.00251677852
183265,183271,185696,6,2425,2,18000,1.0024742268
183295,183301,185590,6,2289,2,18000,1.00262123198
183364,183371,185546,7,2175,2,18000,1.0032183908
183439,183445,185786,6,2341,2,18000,1.00256300726
183580,183587,185984,7,2397,2,18000,1.00292031706
183605,183611,185980,6,2369,2,18000,1.00253271423
183671,183677,186084,6,2407,2,18000,1.00249272954
183716,183723,186108,7,2385,2,18000,1.00293501048
183941,183947,186243,6,2296,2,18000,1.00261324042
183979,183985,186253,6,2268,2,18000,1.00264550265
184129,184135,186581,6,2446,2,18000,1.00245298446
184193,184199,186523,6,2324,2,18000,1.00258175559
184305,184311,186663,6,2352,2,18000,1.00255102041
184341,184347,186791,6,2444,2,18000,1.00245499182
184456,184461,186832,5,2371,2,18000,1.00210881485
184458,184468,186664,10,2196,2,18000,1.00455373406
184474,184480,186836,6,2356,2,18000,1.0025466893
184540,184546,186963,6,2417,2,18000,1.00248241622
184604,184610,186953,6,2343,2,18000,1.00256081946
184661,184668,187024,7,2356,2,18000,1.00297113752
184682,184688,187066,6,2378,2,18000,1.00252312868
184704,184710,187102,6,2392,2,18000,1.0025083612
184706,184716,187083,10,2367,2,18000,1.00422475708
184748,184754,187168,6,2414,2,18000,1.00248550124
184769,184776,187195,7,2419,2,18000,1.00289375775
184772,184782,187114,10,2332,2,18000,1.00428816467
184808,184814,187196,6,2382,2,18000,1.00251889169
184887,184893,187188,6,2295,2,18000,1.00261437908
184935,184941,187366,6,2425,2,18000,1.0024742268
184968,184974,187292,6,2318,2,18000,1.00258843831
184984,184990,187366,6,2376,2,18000,1.00252525253
185016,185022,187418,6,2396,2,18000,1.00250417362
185162,185168,187447,6,2279,2,18000,1.00263273366
185192,185198,187517,6,2319,2,18000,1.00258732212
185274,185280,187665,6,2385,2,18000,1.00251572327
185322,185328,187714,6,2386,2,18000,1.0025146689
185435,185442,187812,7,2370,2,18000,1.0029535865
185500,185506,187828,6,2322,2,18000,1.00258397933
185516,185522,187861,6,2339,2,18000,1.0025651988
185552,185558,187870,6,2312,2,18000,1.00259515571
185598,185604,187957,6,2353,2,18000,1.00254993625
185634,185641,188039,7,2398,2,18000,1.00291909925
185704,185710,188064,6,2354,2,18000,1.00254885302
185792,185798,188195,6,2397,2,18000,1.00250312891
185988,185994,188332,6,2338,2,18000,1.00256629598
185990,186000,188222,10,2222,2,18000,1.00450045005
186090,186097,188369,7,2272,2,18000,1.00308098592
186114,186120,188417,6,2297,2,18000,1.00261210274
186252,186258,188571,6,2313,2,18000,1.00259403372
186267,186273,188651,6,2378,2,18000,1.00252312868
186531,186537,188769,6,2232,2,18000,1.00268817204
186588,186595,188888,7,2293,2,18000,1.0030527693
186671,186677,189074,6,2397,2,18000,1.00250312891
186673,186683,188945,10,2262,2,18000,1.00442086649
186798,186804,189044,6,2240,2,18000,1.00267857143
186840,186846,189064,6,2218,2,18000,1.00270513977
186843,186852,189099,9,2247,2,18000,1.00400534045
186961,186967,189328,6,2361,2,18000,1.00254129606
186977,186983,189404,6,2421,2,18000,1.00247831475
187031,187037,189439,6,2402,2,18000,1.0024979184
187073,187079,189502,6,2423,2,18000,1.00247626909
187094,187100,189463,6,2363,2,18000,1.00253914515
187110,187116,189576,6,2460,2,18000,1.00243902439
187126,187132,189572,6,2440,2,18000,1.00245901639
187174,187180,189572,6,2392,2,18000,1.0025083612
187195,187202,189502,7,2300,2,18000,1.00304347826
187203,229916,232141,42713,2225,2,18000,20.1968539326
187219,229921,232290,42702,2369,2,18000,19.0253271423
187301,229926,232262,42625,2336,2,18000,19.2470034247
187374,229931,232185,42557,2254,2,18000,19.8806566105
187376,229936,232355,42560,2419,2,18000,18.5940471269
187424,229941,232318,42517,2377,2,18000,18.8868321414
187454,229946,232323,42492,2377,2,18000,18.8763146824
187524,229952,232247,42428,2295,2,18000,19.4871459695
187672,229957,232276,42285,2319,2,18000,19.234152652
187721,229962,232364,42241,2402,2,18000,18.5857618651
187818,229967,232318,42149,2351,2,18000,18.9281156954
187834,229972,232256,42138,2284,2,18000,19.4492119089
187867,229977,232397,42110,2420,2,18000,18.4008264463
187883,229982,232330,42099,2348,2,18000,18.9297274276
187964,229987,232263,42023,2276,2,18000,19.4635325132
188046,229993,232394,41947,2401,2,18000,18.4706372345
188075,229998,232378,41923,2380,2,18000,18.6147058824
188202,230003,232306,41801,2303,2,18000,19.1506730352
188229,230008,232381,41779,2373,2,18000,18.6059839865
188343,230013,232339,41670,2326,2,18000,18.9148753224
188376,230018,232421,41642,2403,2,18000,18.3291718685
188424,230023,232389,41599,2366,2,18000,18.5819949281
188578,230028,232260,41450,2232,2,18000,19.5707885305
188657,230034,232330,41377,2296,2,18000,19.0213414634
188779,230039,232409,41260,2370,2,18000,18.4092827004
188894,230112,232506,41218,2394,2,18000,18.2172096909
188951,230117,232479,41166,2362,2,18000,18.4284504657
189051,230122,232499,41071,2377,2,18000,18.2785023138
189072,230127,232367,41055,2240,2,18000,19.328125
189088,230133,232530,41045,2397,2,18000,18.1234876929
189109,230138,232586,41029,2448,2,18000,17.7602124183
189334,230143,232537,40809,2394,2,18000,18.0463659148
189412,230148,232537,40736,2389,2,18000,18.0514859774
189445,230153,232348,40708,2195,2,18000,19.545785877
189469,230158,232543,40689,2385,2,18000,18.0603773585
189509,230163,232551,40654,2388,2,18000,18.0242881072
189511,230168,232410,40657,2242,2,18000,19.1342551293
189578,230173,232588,40595,2415,2,18000,17.8095238095
189580,230179,232548,40599,2369,2,18000,18.1376108062
189582,230184,232632,40602,2448,2,18000,17.5857843137
203607,203613,203618,6,5,35,1200,1.1
203644,203650,203766,6,116,35,1200,1.05172413793
204095,204101,205029,6,928,35,900,1.00646551724
204801,230869,234484,26068,3615,35,3600,8.21106500692
208445,230091,236380,21646,6289,4,7200,4.44188265225
219498,230096,250305,10598,20209,1,50400,1.52441981295
219529,230101,250305,10572,20204,1,50400,1.52326272025
227266,230059,233763,2793,3704,1,3600,1.75404967603
230370,230376,231379,6,1003,1,1800,1.00598205384
233192,233203,234242,11,1039,4,129600,1.01058710298
233192,233198,234200,6,1002,4,129600,1.00598802395
233193,233214,234280,21,1066,4,129600,1.01969981238
233193,233209,234261,16,1052,4,129600,1.01520912548
233194,233219,234662,25,1443,4,129600,1.01732501733
233194,233224,234752,30,1528,4,129600,1.01963350785
233194,233234,235635,40,2401,4,129600,1.01665972511
233434,233441,233845,7,404,1,1800,1.01732673267
233704,233710,234385,6,675,1,7200,1.00888888889
233882,233888,235789,6,1901,1,1800,1.00315623356
233983,233989,234006,6,17,1,7200,1.35294117647
234204,234210,234224,6,14,1,7200,1.42857142857
234259,234265,234282,6,17,1,7200,1.35294117647
234387,234393,236370,6,1977,1,7200,1.00303490137
234648,234654,237069,6,2415,2,18000,1.00248447205
234650,234660,237043,10,2383,2,18000,1.0041963911
234653,234665,236925,12,2260,2,18000,1.00530973451
234655,234671,236926,16,2255,2,18000,1.00709534368
234657,234676,237087,19,2411,2,18000,1.00788054749
234659,234681,237165,22,2484,2,18000,1.00885668277
234662,234686,237100,24,2414,2,18000,1.00994200497
234664,234691,236940,27,2249,2,18000,1.0120053357
234666,234697,236988,31,2291,2,18000,1.01353120908
234669,234702,237091,33,2389,2,18000,1.01381331101
234671,234707,236867,36,2160,2,18000,1.01666666667
234673,234712,237067,39,2355,2,18000,1.01656050955
234675,234717,237148,42,2431,2,18000,1.01727684081
234678,234722,237084,44,2362,2,18000,1.01862828112
234680,234728,237016,48,2288,2,18000,1.02097902098
234682,234733,237088,51,2355,2,18000,1.02165605096
234684,234738,237145,54,2407,2,18000,1.02243456585
234687,234743,237057,56,2314,2,18000,1.02420051858
234689,234748,237184,59,2436,2,18000,1.02422003284
234691,234753,237108,62,2355,2,18000,1.02632696391
234694,234759,237205,65,2446,2,18000,1.02657399836
234695,234866,235600,171,734,2,14400,1.23297002725
234696,234764,237147,68,2383,2,18000,1.0285354595
234698,234769,237243,71,2474,2,18000,1.02869846403
234700,234774,237197,74,2423,2,18000,1.03054065208
234703,234779,237194,76,2415,2,18000,1.0314699793
234705,234784,237173,79,2389,2,18000,1.03306822938
234707,234790,237172,83,2382,2,18000,1.03484466835
234710,234795,237278,85,2483,2,18000,1.03423278292
234712,234800,237234,88,2434,2,18000,1.03615447823
234714,234805,237005,91,2200,2,18000,1.04136363636
234716,234810,237175,94,2365,2,18000,1.03974630021
234719,234815,237178,96,2363,2,18000,1.04062632247
234721,234820,237111,99,2291,2,18000,1.04321257093
234723,234825,237231,102,2406,2,18000,1.04239401496
234725,234830,237057,105,2227,2,18000,1.04714863044
234728,234836,237252,108,2416,2,18000,1.04470198675
234730,234841,237104,111,2263,2,18000,1.04904993372
234732,234846,237259,114,2413,2,18000,1.04724409449
234734,234851,237241,117,2390,2,18000,1.0489539749
234737,234856,237188,119,2332,2,18000,1.05102915952
234789,234873,235596,84,723,2,14400,1.11618257261
234893,234899,235654,6,755,2,14400,1.00794701987
234977,234983,235742,6,759,2,14400,1.00790513834
235080,235086,236613,6,1527,2,14400,1.00392927308
235115,235121,235138,6,17,1,7200,1.35294117647
235158,235165,235444,7,279,1,7200,1.02508960573
235174,235180,236702,6,1522,2,14400,1.00394218134
235260,235266,236846,6,1580,2,14400,1.00379746835
235354,235360,236955,6,1595,2,14400,1.00376175549
235446,235452,236303,6,851,1,7200,1.00705052879
235477,235483,236190,6,707,2,14400,1.00848656294
235560,235566,236274,6,708,2,14400,1.00847457627
235644,235650,236401,6,751,2,14400,1.00798934754
235722,235728,236479,6,751,2,14400,1.00798934754
235810,235816,237124,6,1308,2,14400,1.00458715596
235895,235901,237225,6,1324,2,14400,1.00453172205
235988,235994,237458,6,1464,2,14400,1.00409836066
236072,236078,237536,6,1458,2,14400,1.00411522634
236159,236165,236815,6,650,2,14400,1.00923076923
236245,236251,236583,6,332,2,14400,1.01807228916
236325,236331,239307,6,2976,2,14400,1.00201612903
236339,236346,236348,7,2,1,7200,1.0
236351,236357,243572,6,7215,1,7200,1.00083160083
236406,236412,243576,6,7164,2,14400,1.00083752094
236485,236490,239325,5,2835,2,14400,1.00176366843
236563,236569,237737,6,1168,2,14400,1.0051369863
236647,236653,236937,6,284,2,14400,1.02112676056
236735,236741,239091,6,2350,2,14400,1.00255319149
236879,236885,239264,6,2379,2,18000,1.0025220681
236937,236943,239373,6,2430,2,18000,1.0024691358
236939,236949,239184,10,2235,2,18000,1.00447427293
236956,236962,239397,6,2435,2,18000,1.00246406571
237000,237006,239416,6,2410,2,18000,1.00248962656
237017,237023,239462,6,2439,2,18000,1.0024600246
237024,237030,239403,6,2373,2,18000,1.00252844501
237043,237050,243783,7,6733,1,7200,1.00103965543
237054,237060,239437,6,2377,2,18000,1.00252419016
237072,237078,239353,6,2275,2,18000,1.00263736264
237074,237084,239502,10,2418,2,18000,1.0041356493
237077,237089,239473,12,2384,2,18000,1.00503355705
237079,237095,239393,16,2298,2,18000,1.00696257615
237097,237103,239406,6,2303,2,18000,1.00260529744
237099,237109,239518,10,2409,2,18000,1.00415110004
237102,237114,239543,12,2429,2,18000,1.00494030465
237104,237120,239494,16,2374,2,18000,1.00673967987
237121,237127,239474,6,2347,2,18000,1.00255645505
237123,237133,239465,10,2332,2,18000,1.00428816467
237125,237138,239593,13,2455,2,18000,1.00529531568
237128,237143,239502,15,2359,2,18000,1.00635862654
237152,237158,239547,6,2389,2,18000,1.00251151109
237155,237164,239457,9,2293,2,18000,1.0039249891
237157,237169,239419,12,2250,2,18000,1.00533333333
237173,237184,240272,11,3088,1,7200,1.00356217617
237174,237179,239560,5,2381,2,18000,1.002099958
237181,237190,239499,9,2309,2,18000,1.00389779125
237183,237195,239519,12,2324,2,18000,1.00516351119
237205,237211,239544,6,2333,2,18000,1.00257179597
237207,237217,239593,10,2376,2,18000,1.00420875421
237209,237222,239643,13,2421,2,18000,1.00536968195
237211,237227,239541,16,2314,2,18000,1.00691443388
237214,237233,239619,19,2386,2,18000,1.00796311819
237216,237238,239507,22,2269,2,18000,1.00969590128
237233,237244,239612,11,2368,2,18000,1.00464527027
237240,237250,239643,10,2393,2,18000,1.00417885499
237258,237264,239663,6,2399,2,18000,1.0025010421
237261,237270,239656,9,2386,2,18000,1.00377200335
237263,237275,239733,12,2458,2,18000,1.0048820179
237265,237281,239676,16,2395,2,18000,1.00668058455
237282,237288,239677,6,2389,2,18000,1.00251151109
237284,237294,239557,10,2263,2,18000,1.00441891295
239196,239203,241575,7,2372,2,18000,1.00295109612
239272,239278,241649,6,2371,2,18000,1.00253057782
239364,239370,241697,6,2327,2,18000,1.00257842716
239381,239387,241792,6,2405,2,18000,1.00249480249
239404,239410,241691,6,2281,2,18000,1.00263042525
239406,239416,241817,10,2401,2,18000,1.00416493128
239408,239421,241580,13,2159,2,18000,1.00602130616
239426,239432,241761,6,2329,2,18000,1.00257621297
239429,239438,241853,9,2415,2,18000,1.00372670807
239431,239443,241775,12,2332,2,18000,1.0051457976
239447,239453,241871,6,2418,2,18000,1.00248138958
239467,239474,241952,7,2478,2,18000,1.00282485876
239470,239480,241815,10,2335,2,18000,1.00428265525
239472,239485,241870,13,2385,2,18000,1.00545073375
239493,239499,241852,6,2353,2,18000,1.00254993625
239495,239505,241890,10,2385,2,18000,1.00419287212
239517,239523,241925,6,2402,2,18000,1.0024979184
239519,239529,241834,10,2305,2,18000,1.00433839479
239522,239534,241933,12,2399,2,18000,1.0050020842
239524,239540,241915,16,2375,2,18000,1.00673684211
239526,239545,241943,19,2398,2,18000,1.00792326939
239545,239552,241871,7,2319,2,18000,1.00301854248
239548,239558,241955,10,2397,2,18000,1.00417188152
239550,239563,241821,13,2258,2,18000,1.00575730735
239552,239568,241940,16,2372,2,18000,1.00674536256
239555,239574,241883,19,2309,2,18000,1.00822867042
239573,239580,242014,7,2434,2,18000,1.0028759244
239575,239586,241929,11,2343,2,18000,1.00469483568
239577,239591,241954,14,2363,2,18000,1.00592467203
239602,239608,242023,6,2415,2,18000,1.00248447205
239604,239614,241974,10,2360,2,18000,1.00423728814
239621,239627,242030,6,2403,2,18000,1.0024968789
239628,239634,242079,6,2445,2,18000,1.00245398773
239649,239655,242030,6,2375,2,18000,1.00252631579
239652,239661,241991,9,2330,2,18000,1.00386266094
239668,239674,241976,6,2302,2,18000,1.00260642919
239670,239680,242127,10,2447,2,18000,1.0040866367
239686,239693,242122,7,2429,2,18000,1.00288184438
239689,239699,241989,10,2290,2,18000,1.00436681223
239740,239746,242191,6,2445,2,18000,1.00245398773
241586,241592,244015,6,2423,2,18000,1.00247626909
241588,241598,243874,10,2276,2,18000,1.00439367311
241656,241662,244062,6,2400,2,18000,1.0025
241698,241705,244002,7,2297,2,18000,1.0030474532
241706,241712,244129,6,2417,2,18000,1.00248241622
241767,241773,244072,6,2299,2,18000,1.00260983036
241783,241789,244145,6,2356,2,18000,1.0025466893
241799,241805,244150,6,2345,2,18000,1.00255863539
241824,241830,244192,6,2362,2,18000,1.00254022015
241826,241836,244201,10,2365,2,18000,1.00422832981
241828,241841,244253,13,2412,2,18000,1.00538971808
241845,241851,244205,6,2354,2,18000,1.00254885302
241861,241868,244236,7,2368,2,18000,1.00295608108
241864,241874,244277,10,2403,2,18000,1.00416146484
241881,241887,244199,6,2312,2,18000,1.00259515571
241883,241893,244226,10,2333,2,18000,1.00428632662
241885,241898,244138,13,2240,2,18000,1.00580357143
241901,241907,244115,6,2208,2,18000,1.0027173913
241903,241913,244328,10,2415,2,18000,1.00414078675
241924,241931,244314,7,2383,2,18000,1.00293747377
241941,241948,244349,7,2401,2,18000,1.0029154519
241944,241954,244330,10,2376,2,18000,1.00420875421
241946,241959,244326,13,2367,2,18000,1.0054921842
241948,241964,244308,16,2344,2,18000,1.00682593857
241966,241972,244216,6,2244,2,18000,1.00267379679
241968,241978,244328,10,2350,2,18000,1.00425531915
241970,241983,244341,13,2358,2,18000,1.00551314673
241972,241988,244446,16,2458,2,18000,1.0065093572
241989,241995,244459,6,2464,2,18000,1.00243506494
241991,242001,244374,10,2373,2,18000,1.00421407501
241999,242007,244326,8,2319,2,18000,1.00344976283
242016,242022,244348,6,2326,2,18000,1.00257953568
242023,242029,244400,6,2371,2,18000,1.00253057782
242040,242046,244424,6,2378,2,18000,1.00252312868
242042,242052,244433,10,2381,2,18000,1.004199916
242044,242057,244382,13,2325,2,18000,1.00559139785
242087,242093,244460,6,2367,2,18000,1.00253485425
242131,242137,244445,6,2308,2,18000,1.00259965338
242134,242143,244521,9,2378,2,18000,1.00378469302
242199,242205,244619,6,2414,2,18000,1.00248550124
243868,243874,243935,6,61,1,7200,1.09836065574
243882,243888,246346,6,2458,2,18000,1.00244100895
243936,243943,248387,7,4444,1,7200,1.00157515752
244009,244015,246273,6,2258,2,18000,1.00265721878
244025,244031,246316,6,2285,2,18000,1.00262582057
244052,244058,244123,6,65,1,7200,1.09230769231
244073,244079,246482,6,2403,2,18000,1.0024968789
244080,244086,246440,6,2354,2,18000,1.00254885302
244123,244130,246227,7,2097,2,18000,1.00333810205
244125,244136,246147,11,2011,1,7200,1.00546991546
244140,244146,246496,6,2350,2,18000,1.00255319149
244147,244153,246457,6,2304,2,18000,1.00260416667
244163,244169,246552,6,2383,2,18000,1.00251783466
244166,244175,246592,9,2417,2,18000,1.00372362433
244199,244205,246614,6,2409,2,18000,1.00249066002
244207,244212,246331,5,2119,2,18000,1.00235960359
244223,244229,246723,6,2494,2,18000,1.00240577386
244226,244235,246647,9,2412,2,18000,1.00373134328
244228,244240,246584,12,2344,2,18000,1.00511945392
244245,244251,246534,6,2283,2,18000,1.00262812089
244247,244257,246729,10,2472,2,18000,1.00404530744
244263,244269,246655,6,2386,2,18000,1.0025146689
244284,244290,246660,6,2370,2,18000,1.00253164557
244315,244321,246685,6,2364,2,18000,1.00253807107
244322,244328,246722,6,2394,2,18000,1.00250626566
244339,244345,246777,6,2432,2,18000,1.00246710526
244341,244351,246783,10,2432,2,18000,1.00411184211
244343,244356,246806,13,2450,2,18000,1.00530612245
244346,244361,246795,15,2434,2,18000,1.00616269515
244348,244367,246749,19,2382,2,18000,1.00797649034
244365,244372,246799,7,2427,2,18000,1.0028842192
244367,244377,246711,10,2334,2,18000,1.00428449015
244369,244384,246798,15,2414,2,18000,1.00621375311
244386,244392,246622,6,2230,2,18000,1.00269058296
244388,244398,246782,10,2384,2,18000,1.00419463087
244409,244415,246827,6,2412,2,18000,1.00248756219
244430,244436,246801,6,2365,2,18000,1.00253699789
244447,244453,246749,6,2296,2,18000,1.00261324042
244454,244460,246802,6,2342,2,18000,1.00256191289
244456,244466,246869,10,2403,2,18000,1.00416146484
244473,244479,246883,6,2404,2,18000,1.00249584027
244475,244485,246889,10,2404,2,18000,1.00415973378
244532,244538,246950,6,2412,2,18000,1.00248756219
244626,244632,246867,6,2235,2,18000,1.00268456376
246149,246155,246159,6,4,1,7200,1.0
246233,246240,248631,7,2391,2,18000,1.00292764534
246284,246291,248657,7,2366,2,18000,1.00295857988
246324,246330,248625,6,2295,2,18000,1.00261437908
246340,246346,248738,6,2392,2,18000,1.0025083612
246356,246362,248725,6,2363,2,18000,1.00253914515
246448,246454,248751,6,2297,2,18000,1.00261210274
246464,246470,248640,6,2170,2,18000,1.00276497696
246491,246497,248908,6,2411,2,18000,1.00248859394
246507,246513,248774,6,2261,2,18000,1.00265369306
246540,246546,248911,6,2365,2,18000,1.00253699789
246561,246567,248857,6,2290,2,18000,1.00262008734
246592,246598,248905,6,2307,2,18000,1.00260078023
246599,246605,248958,6,2353,2,18000,1.00254993625
246626,246632,248856,6,2224,2,18000,1.00269784173
246628,246638,249023,10,2385,2,18000,1.00419287212
246655,246662,249059,7,2397,2,18000,1.00292031706
246663,246669,248971,6,2302,2,18000,1.00260642919
246679,246685,249091,6,2406,2,18000,1.00249376559
246695,246701,249084,6,2383,2,18000,1.00251783466
246719,246726,249060,7,2334,2,18000,1.0029991431
246736,246742,249143,6,2401,2,18000,1.00249895877
246738,246748,249090,10,2342,2,18000,1.00426985482
246740,246753,249079,13,2326,2,18000,1.00558899398
246757,246763,249136,6,2373,2,18000,1.00252844501
246759,246769,249037,10,2268,2,18000,1.00440917108
246784,246790,249041,6,2251,2,18000,1.00266548201
246791,246797,249169,6,2372,2,18000,1.00252951096
246793,246803,249121,10,2318,2,18000,1.00431406385
246811,246816,249185,5,2369,2,18000,1.00211059519
246813,246822,249196,9,2374,2,18000,1.00379106992
246815,246827,249261,12,2434,2,18000,1.00493015612
246818,246833,249257,15,2424,2,18000,1.00618811881
246820,246838,249291,18,2453,2,18000,1.00733795353
246822,246843,249231,21,2388,2,18000,1.00879396985
246838,246849,249150,11,2301,2,18000,1.0047805302
246875,246880,249331,5,2451,2,18000,1.00203998368
246877,246886,249218,9,2332,2,18000,1.0038593482
246893,246899,249296,6,2397,2,18000,1.00250312891
246896,246905,249223,9,2318,2,18000,1.00388265746
246957,246963,249180,6,2217,2,18000,1.00270635995
248089,248096,248387,7,291,1,7200,1.02405498282
248430,248436,250210,6,1774,1,7200,1.00338218715
248462,248468,250210,6,1742,1,7200,1.00344431688
248635,248641,250905,6,2264,2,18000,1.00265017668
248637,248647,251029,10,2382,2,18000,1.00419815281
248653,248659,251048,6,2389,2,18000,1.00251151109
248669,248675,251072,6,2397,2,18000,1.00250312891
248733,248739,251168,6,2429,2,18000,1.00247015233
248749,248755,251061,6,2306,2,18000,1.00260190807
248765,248771,251235,6,2464,2,18000,1.00243506494
248781,248787,251126,6,2339,2,18000,1.0025651988
248863,248869,251236,6,2367,2,18000,1.00253485425
248866,248875,251288,9,2413,2,18000,1.00372979693
248912,248918,251345,6,2427,2,18000,1.00247218789
248914,248924,251360,10,2436,2,18000,1.00410509031
248916,248929,251343,13,2414,2,18000,1.00538525269
248965,248971,251239,6,2268,2,18000,1.00264550265
248967,248977,248979,10,2,4,615,1.2
248981,248987,251301,6,2314,2,18000,1.00259291271
249030,249036,251274,6,2238,2,18000,1.00268096515
249046,249052,251401,6,2349,2,18000,1.00255427842
249049,249058,251340,9,2282,2,18000,1.00394390885
249065,249071,251414,6,2343,2,18000,1.00256081946
249068,249077,251397,9,2320,2,18000,1.00387931034
249089,249095,251511,6,2416,2,18000,1.00248344371
249091,249101,251538,10,2437,2,18000,1.00410340583
249108,249114,251474,6,2360,2,18000,1.00254237288
249110,249120,251485,10,2365,2,18000,1.00422832981
249131,249137,251465,6,2328,2,18000,1.00257731959
249148,249154,251548,6,2394,2,18000,1.00250626566
249150,249160,251633,10,2473,2,18000,1.00404367165
249166,249172,251423,6,2251,2,18000,1.00266548201
249183,249189,251620,6,2431,2,18000,1.00246812012
249190,249196,251589,6,2393,2,18000,1.002507313
249207,249213,251599,6,2386,2,18000,1.0025146689
249209,249219,251628,10,2409,2,18000,1.00415110004
249225,249231,251659,6,2428,2,18000,1.00247116969
249232,249238,251674,6,2436,2,18000,1.00246305419
249249,249255,251562,6,2307,2,18000,1.00260078023
249265,249271,251665,6,2394,2,18000,1.00250626566
249267,249277,251673,10,2396,2,18000,1.0041736227
249303,249309,251748,6,2439,2,18000,1.0024600246
249305,249315,251682,10,2367,2,18000,1.00422475708
249339,249345,251763,6,2418,2,18000,1.00248138958
250224,250230,270967,6,20737,1,43200,1.0002893379
250239,250245,256613,6,6368,1,43200,1.00094221106
250310,250316,276076,6,25760,1,50400,1.00023291925
250322,250328,300763,6,50435,1,50400,1.000118965
250912,250918,253331,6,2413,2,18000,1.00248653129
251036,251042,253391,6,2349,2,18000,1.00255427842
251057,251063,253457,6,2394,2,18000,1.00250626566
251073,251079,253427,6,2348,2,18000,1.00255536627
251081,251087,253449,6,2362,2,18000,1.00254022015
251132,251138,253491,6,2353,2,18000,1.00254993625
251175,251181,253573,6,2392,2,18000,1.0025083612
251242,251247,253719,5,2472,2,18000,1.00202265372
251244,251253,253650,9,2397,2,18000,1.00375469337
251246,251258,253651,12,2393,2,18000,1.00501462599
251280,251285,253576,5,2291,2,18000,1.00218245308
251296,251302,253617,6,2315,2,18000,1.00259179266
251311,251318,253634,7,2316,2,18000,1.0030224525
251348,251354,253603,6,2249,2,18000,1.00266785238
251351,251360,253778,9,2418,2,18000,1.00372208437
251353,251365,253685,12,2320,2,18000,1.00517241379
251369,251375,253751,6,2376,2,18000,1.00252525253
251406,251411,253796,5,2385,2,18000,1.00209643606
251408,251417,253809,9,2392,2,18000,1.00376254181
251424,251430,253825,6,2395,2,18000,1.00250521921
251432,251438,253800,6,2362,2,18000,1.00254022015
251471,251477,253752,6,2275,2,18000,1.00263736264
251487,251493,253891,6,2398,2,18000,1.00250208507
251495,251501,253806,6,2305,2,18000,1.00260303688
251519,251525,253662,6,2137,2,18000,1.00280767431
251546,251552,253969,6,2417,2,18000,1.00248241622
251562,251568,253939,6,2371,2,18000,1.00253057782
251578,251584,253981,6,2397,2,18000,1.00250312891
251599,251605,254013,6,2408,2,18000,1.00249169435
251615,251621,253938,6,2317,2,18000,1.00258955546
251625,251631,381270,6,129639,4,129600,1.00004628237
251626,251647,381268,21,129621,4,129600,1.00016201079
251626,251652,381268,26,129616,4,129600,1.00020059252
251626,251642,381274,16,129632,4,129600,1.00012342631
251627,251662,381272,35,129610,4,129600,1.00027004089
251627,251667,381271,40,129604,4,129600,1.00030863245
251627,251657,381270,30,129613,4,129600,1.00023145826
251631,251637,253902,6,2265,2,18000,1.00264900662
251638,251673,254094,35,2421,2,18000,1.01445683602
251654,251678,253942,24,2264,2,18000,1.01060070671
251670,251684,254083,14,2399,2,18000,1.0058357649
251672,251689,254093,17,2404,2,18000,1.00707154742
251689,251695,254021,6,2326,2,18000,1.00257953568
251691,251701,254064,10,2363,2,18000,1.00423190859
251693,251706,254114,13,2408,2,18000,1.0053986711
251754,251760,254041,6,2281,2,18000,1.00263042525
251770,251776,254198,6,2422,2,18000,1.00247729149
253337,253343,255735,6,2392,2,18000,1.0025083612
253398,253404,255631,6,2227,2,18000,1.00269420745
253434,253440,255618,6,2178,2,18000,1.00275482094
253460,253466,255793,6,2327,2,18000,1.00257842716
253462,253472,255939,10,2467,2,18000,1.00405350628
253499,253505,255922,6,2417,2,18000,1.00248241622
253580,253586,255923,6,2337,2,18000,1.00256739409
253583,253592,256023,9,2431,2,18000,1.00370218017
253610,253616,255992,6,2376,2,18000,1.00252525253
253626,253632,255933,6,2301,2,18000,1.00260756193
253641,253648,255910,7,2262,2,18000,1.00309460654
253658,253664,256082,6,2418,2,18000,1.00248138958
253660,253670,255943,10,2273,2,18000,1.00439947206
253676,253682,256082,6,2400,2,18000,1.0025
253692,253697,256079,5,2382,2,18000,1.00209907641
253730,253736,256134,6,2398,2,18000,1.00250208507
253762,253768,256194,6,2426,2,18000,1.00247320692
253764,253774,256032,10,2258,2,18000,1.00442869796
253785,253791,255937,6,2146,2,18000,1.00279589935
253807,253813,256034,6,2221,2,18000,1.00270148582
253809,253819,256225,10,2406,2,18000,1.00415627598
253812,253824,256092,12,2268,2,18000,1.00529100529
253828,253834,256193,6,2359,2,18000,1.00254345061
253835,253841,256237,6,2396,2,18000,1.00250417362
253898,253905,256325,7,2420,2,18000,1.00289256198
253914,253921,256225,7,2304,2,18000,1.00303819444
253945,253951,256145,6,2194,2,18000,1.00273473108
253947,253957,256227,10,2270,2,18000,1.00440528634
253950,253962,256177,12,2215,2,18000,1.00541760722
253977,253983,256424,6,2441,2,18000,1.00245800901
253992,253999,256378,7,2379,2,18000,1.00294241278
254019,254025,256487,6,2462,2,18000,1.00243704305
254035,254041,256417,6,2376,2,18000,1.00252525253
254051,254057,256408,6,2351,2,18000,1.00255210549
254072,254078,256514,6,2436,2,18000,1.00246305419
254093,254099,256484,6,2385,2,18000,1.00251572327
254100,254107,256470,7,2363,2,18000,1.00296233601
254117,254123,256551,6,2428,2,18000,1.00247116969
254124,254131,256465,7,2334,2,18000,1.0029991431
254206,254212,256608,6,2396,2,18000,1.00250417362
255626,255632,258005,6,2373,2,18000,1.00252844501
255642,255648,258040,6,2392,2,18000,1.0025083612
255662,255668,262757,6,7089,32,7200,1.00084638172
255700,255706,255707,6,1,2,300,1.0
255742,255747,258135,5,2388,2,18000,1.00209380235
255799,255805,258119,6,2314,2,18000,1.00259291271
255917,255923,258275,6,2352,2,18000,1.00255102041
255933,255939,258325,6,2386,2,18000,1.0025146689
255935,255945,258272,10,2327,2,18000,1.0042973786
255943,255951,258348,8,2397,2,18000,1.00333750521
255959,255965,258385,6,2420,2,18000,1.00247933884
255961,255971,258394,10,2423,2,18000,1.00412711515
255964,255976,258282,12,2306,2,18000,1.00520381613
256000,256006,258408,6,2402,2,18000,1.0024979184
256030,256036,258366,6,2330,2,18000,1.0025751073
256046,256052,258317,6,2265,2,18000,1.00264900662
256048,256058,258419,10,2361,2,18000,1.00423549343
256088,256094,258454,6,2360,2,18000,1.00254237288
256091,256100,258345,9,2245,2,18000,1.00400890869
256093,256105,258439,12,2334,2,18000,1.00514138817
256109,256115,258509,6,2394,2,18000,1.00250626566
256142,256148,258551,6,2403,2,18000,1.0024968789
256158,256164,258524,6,2360,2,18000,1.00254237288
256185,256191,258636,6,2445,2,18000,1.00245398773
256201,256207,258630,6,2423,2,18000,1.00247626909
256203,256213,258640,10,2427,2,18000,1.00412031314
256234,256240,258697,6,2457,2,18000,1.00244200244
256236,256246,258628,10,2382,2,18000,1.00419815281
256238,256251,258637,13,2386,2,18000,1.00544844929
256254,256261,258567,7,2306,2,18000,1.00303555941
256333,256339,258783,6,2444,2,18000,1.00245499182
256385,256391,258733,6,2342,2,18000,1.00256191289
256415,256421,258611,6,2190,2,18000,1.00273972603
256431,256437,258832,6,2395,2,18000,1.00250521921
256433,256443,258864,10,2421,2,18000,1.00413052458
256473,256479,258765,6,2286,2,18000,1.00262467192
256480,256486,258804,6,2318,2,18000,1.00258843831
256496,256502,258946,6,2444,2,18000,1.00245499182
256499,256508,258835,9,2327,2,18000,1.00386764074
256520,256526,258957,6,2431,2,18000,1.00246812012
256559,256565,258904,6,2339,2,18000,1.0025651988
256619,256625,259054,6,2429,2,18000,1.00247015233
258012,258018,260390,6,2372,2,18000,1.00252951096
258048,258054,260395,6,2341,2,18000,1.00256300726
258127,258133,260555,6,2422,2,18000,1.00247729149
258143,258149,260547,6,2398,2,18000,1.00250208507
258279,258285,260674,6,2389,2,18000,1.00251151109
258281,258291,260693,10,2402,2,18000,1.00416319734
258297,258303,260340,6,2037,2,18000,1.0029455081
258324,258331,260645,7,2314,2,18000,1.00302506482
258340,258347,260776,7,2429,2,18000,1.00288184438
258356,258363,260675,7,2312,2,18000,1.00302768166
258359,258369,260736,10,2367,2,18000,1.00422475708
258375,258381,260742,6,2361,2,18000,1.00254129606
258396,258402,260740,6,2338,2,18000,1.00256629598
258403,258409,260806,6,2397,2,18000,1.00250312891
258419,258426,260803,7,2377,2,18000,1.00294488851
258427,258433,260828,6,2395,2,18000,1.00250521921
258448,258454,260828,6,2374,2,18000,1.00252737995
258464,258470,260876,6,2406,2,18000,1.00249376559
258515,258521,260912,6,2391,2,18000,1.00250941029
258531,258537,260950,6,2413,2,18000,1.00248653129
258558,258564,260811,6,2247,2,18000,1.00267022697
258574,258580,260938,6,2358,2,18000,1.00254452926
258621,258627,260925,6,2298,2,18000,1.00261096606
258637,258643,260975,6,2332,2,18000,1.0025728988
258640,258649,260964,9,2315,2,18000,1.00388768898
258642,258654,260971,12,2317,2,18000,1.00517911092
258644,258660,261010,16,2350,2,18000,1.00680851064
258660,258667,261089,7,2422,2,18000,1.00289017341
258703,258709,261117,6,2408,2,18000,1.00249169435
258739,258746,261140,7,2394,2,18000,1.00292397661
258773,258779,261202,6,2423,2,18000,1.00247626909
258794,258800,261091,6,2291,2,18000,1.00261894369
258810,258816,261235,6,2419,2,18000,1.00248036379
258841,258847,261179,6,2332,2,18000,1.0025728988
258843,258853,261251,10,2398,2,18000,1.00417014178
258870,258876,261273,6,2397,2,18000,1.00250312891
258915,258921,261262,6,2341,2,18000,1.00256300726
258954,258960,261334,6,2374,2,18000,1.00252737995
258970,258976,261322,6,2346,2,18000,1.00255754476
259061,259067,261499,6,2432,2,18000,1.00246710526
260082,260088,260150,6,62,1,432000,1.09677419355
260348,260354,262607,6,2253,2,18000,1.00266311585
260397,260403,262747,6,2344,2,18000,1.00255972696
260405,260411,262718,6,2307,2,18000,1.00260078023
260556,260562,262849,6,2287,2,18000,1.00262352427
260564,260570,263002,6,2432,2,18000,1.00246710526
260652,260658,263078,6,2420,2,18000,1.00247933884
260682,260688,263038,6,2350,2,18000,1.00255319149
260684,260694,262993,10,2299,2,18000,1.00434971727
260700,260706,263141,6,2435,2,18000,1.00246406571
260748,260754,263108,6,2354,2,18000,1.00254885302
260750,260760,263224,10,2464,2,18000,1.00405844156
260752,260765,263125,13,2360,2,18000,1.00550847458
260783,260789,263010,6,2221,2,18000,1.00270148582
260812,260818,263123,6,2305,2,18000,1.00260303688
260814,260824,263228,10,2404,2,18000,1.00415973378
260816,260829,263262,13,2433,2,18000,1.0053431977
260837,260844,263195,7,2351,2,18000,1.0029774564
260840,260850,263256,10,2406,2,18000,1.00415627598
260884,260891,263162,7,2271,2,18000,1.00308234258
260918,260924,263344,6,2420,2,18000,1.00247933884
260934,260940,263302,6,2362,2,18000,1.00254022015
260950,260956,263292,6,2336,2,18000,1.00256849315
260957,260963,263287,6,2324,2,18000,1.00258175559
260973,260979,263368,6,2389,2,18000,1.00251151109
260981,260987,263313,6,2326,2,18000,1.00257953568
260997,261003,263369,6,2366,2,18000,1.00253592561
261019,261025,263418,6,2393,2,18000,1.002507313
261024,261031,265221,7,4190,16,7200,1.00167064439
261096,261102,263510,6,2408,2,18000,1.00249169435
261099,261108,263446,9,2338,2,18000,1.00384944397
261128,261134,263443,6,2309,2,18000,1.0025985275
261149,261155,263455,6,2300,2,18000,1.00260869565
261185,261191,263540,6,2349,2,18000,1.00255427842
261210,261216,263625,6,2409,2,18000,1.00249066002
261243,261249,263599,6,2350,2,18000,1.00255319149
261262,261268,263670,6,2402,2,18000,1.0024979184
261278,261284,263690,6,2406,2,18000,1.00249376559
261280,261290,263604,10,2314,2,18000,1.00432152118
261329,261335,263699,6,2364,2,18000,1.00253807107
261345,261351,263755,6,2404,2,18000,1.00249584027
261505,261511,263842,6,2331,2,18000,1.00257400257
262615,262621,264993,6,2372,2,18000,1.00252951096
262729,262735,265048,6,2313,2,18000,1.00259403372
262753,262759,265161,6,2402,2,18000,1.0024979184
262856,262862,265234,6,2372,2,18000,1.00252951096
263004,263010,265391,6,2381,2,18000,1.0025199496
263011,263017,265382,6,2365,2,18000,1.00253699789
263027,263033,265446,6,2413,2,18000,1.00248653129
263048,263054,265409,6,2355,2,18000,1.0025477707
263084,263090,265520,6,2430,2,18000,1.0024691358
263114,263120,265538,6,2418,2,18000,1.00248138958
263130,263136,265528,6,2392,2,18000,1.0025083612
263133,263142,265538,9,2396,2,18000,1.00375626043
263149,263155,265625,6,2470,2,18000,1.0024291498
263170,263176,265578,6,2402,2,18000,1.0024979184
263203,263209,265584,6,2375,2,18000,1.00252631579
263230,263236,265625,6,2389,2,18000,1.00251151109
263237,263244,265621,7,2377,2,18000,1.00294488851
263262,263268,265653,6,2385,2,18000,1.00251572327
263278,263284,265551,6,2267,2,18000,1.00264666961
263294,263300,265538,6,2238,2,18000,1.00268096515
263301,263308,265690,7,2382,2,18000,1.00293870697
263317,263324,265688,7,2364,2,18000,1.00296108291
263320,263330,265655,10,2325,2,18000,1.00430107527
263355,263361,265720,6,2359,2,18000,1.00254345061
263376,263382,265643,6,2261,2,18000,1.00265369306
263378,263388,265713,10,2325,2,18000,1.00430107527
263424,263430,265786,6,2356,2,18000,1.0025466893
263451,263457,265770,6,2313,2,18000,1.00259403372
263454,263463,265698,9,2235,2,18000,1.00402684564
263469,263476,265889,7,2413,2,18000,1.00290095317
263518,263524,265935,6,2411,2,18000,1.00248859394
263548,263554,265884,6,2330,2,18000,1.0025751073
263606,263612,265996,6,2384,2,18000,1.00251677852
263613,263619,266037,6,2418,2,18000,1.00248138958
263634,263640,266065,6,2425,2,18000,1.0024742268
263677,263683,266052,6,2369,2,18000,1.00253271423
263698,263704,266065,6,2361,2,18000,1.00254129606
263714,263720,266084,6,2364,2,18000,1.00253807107
263762,263769,266161,7,2392,2,18000,1.0029264214
263853,263859,266258,6,2399,2,18000,1.0025010421
263996,264002,264006,6,4,2,300,1.0
264015,264021,264050,6,29,2,300,1.20689655172
264061,264067,264120,6,53,2,300,1.11320754717
264130,264137,264389,7,252,2,360,1.02777777778
264400,264406,264422,6,16,2,300,1.375
264432,264438,264470,6,32,2,300,1.1875
264480,264486,264518,6,32,2,300,1.1875
264529,264535,264847,6,312,2,300,1.01923076923
264861,264867,265124,6,257,2,360,1.0233463035
265000,265006,267422,6,2416,2,18000,1.00248344371
265054,265061,267476,7,2415,2,18000,1.00289855072
265167,265173,267334,6,2161,2,18000,1.00277649236
265245,265251,267655,6,2404,2,18000,1.00249584027
265390,265396,267785,6,2389,2,18000,1.00251151109
265406,265412,267754,6,2342,2,18000,1.00256191289
265422,265428,267693,6,2265,2,18000,1.00264900662
265452,265458,267809,6,2351,2,18000,1.00255210549
265529,265534,267923,5,2389,2,18000,1.00209292591
265536,265542,267859,6,2317,2,18000,1.00258955546
265552,265558,268000,6,2442,2,18000,1.00245700246
265555,265564,267928,9,2364,2,18000,1.0038071066
265557,265569,267797,12,2228,2,18000,1.00538599641
265559,265575,267950,16,2375,2,18000,1.00673684211
265588,265594,267990,6,2396,2,18000,1.00250417362
265591,265600,268016,9,2416,2,18000,1.00372516556
265627,265633,268048,6,2415,2,18000,1.00248447205
265635,265641,267916,6,2275,2,18000,1.00263736264
265637,265647,268042,10,2395,2,18000,1.00417536534
265653,265659,267997,6,2338,2,18000,1.00256629598
265660,265666,268115,6,2449,2,18000,1.00244997958
265676,265682,268106,6,2424,2,18000,1.00247524752
265697,265704,268042,7,2338,2,18000,1.00299401198
265700,265710,268107,10,2397,2,18000,1.00417188152
265716,265722,268106,6,2384,2,18000,1.00251677852
265718,265728,268183,10,2455,2,18000,1.00407331976
265734,265740,268045,6,2305,2,18000,1.00260303688
265776,265782,268075,6,2293,2,18000,1.0026166594
265792,265798,268274,6,2476,2,18000,1.00242326333
265894,265900,268300,6,2400,2,18000,1.0025
265897,265906,268345,9,2439,2,18000,1.0036900369
265942,265948,268302,6,2354,2,18000,1.00254885302
266002,266009,268391,7,2382,2,18000,1.00293870697
266045,266051,268468,6,2417,2,18000,1.00248241622
266061,266067,268471,6,2404,2,18000,1.00249584027
266077,266083,268488,6,2405,2,18000,1.00249480249
266079,266089,268440,10,2351,2,18000,1.00425350915
266095,266101,268385,6,2284,2,18000,1.00262697023
266168,266174,268504,6,2330,2,18000,1.0025751073
266265,266271,268582,6,2311,2,18000,1.00259627867
267342,267348,269546,6,2198,2,18000,1.00272975432
267430,267436,269850,6,2414,2,18000,1.00248550124
267484,267490,269811,6,2321,2,18000,1.00258509263
267663,267669,270074,6,2405,2,18000,1.00249480249
267702,267708,270027,6,2319,2,18000,1.00258732212
267763,267769,270113,6,2344,2,18000,1.00255972696
267793,267799,270265,6,2466,2,18000,1.00243309002
267809,267815,270214,6,2399,2,18000,1.0025010421
267824,267831,270243,7,2412,2,18000,1.00290215589
267867,267873,270206,6,2333,2,18000,1.00257179597
267924,267930,270242,6,2312,2,18000,1.00259515571
267931,267938,270315,7,2377,2,18000,1.00294488851
267947,267954,270350,7,2396,2,18000,1.00292153589
267963,267969,270360,6,2391,2,18000,1.00250941029
267996,268003,270442,7,2439,2,18000,1.0028700287
268012,268019,270437,7,2418,2,18000,1.00289495451
268015,268025,270401,10,2376,2,18000,1.00420875421
268031,268037,270265,6,2228,2,18000,1.0026929982
268052,268058,270453,6,2395,2,18000,1.00250521921
268054,268064,270492,10,2428,2,18000,1.00411861614
268057,268069,270429,12,2360,2,18000,1.00508474576
268059,268075,270336,16,2261,2,18000,1.00707651482
268083,268089,270410,6,2321,2,18000,1.00258509263
268114,268120,270476,6,2356,2,18000,1.0025466893
268116,268126,270527,10,2401,2,18000,1.00416493128
268119,268131,270520,12,2389,2,18000,1.00502302219
268135,268141,270541,6,2400,2,18000,1.0025
268189,268195,270589,6,2394,2,18000,1.00250626566
268285,268291,270740,6,2449,2,18000,1.00244997958
268306,268312,270682,6,2370,2,18000,1.00253164557
268308,268318,270650,10,2332,2,18000,1.00428816467
268356,268362,270743,6,2381,2,18000,1.0025199496
268392,268399,270820,7,2421,2,18000,1.0028913672
268400,268406,270701,6,2295,2,18000,1.00261437908
268448,268455,270843,7,2388,2,18000,1.00293132328
268476,268482,270856,6,2374,2,18000,1.00252737995
268478,268488,270825,10,2337,2,18000,1.00427899016
268499,268505,270915,6,2410,2,18000,1.00248962656
268515,268521,270878,6,2357,2,18000,1.00254560882
268588,268594,270963,6,2369,2,18000,1.00253271423
269554,269560,271955,6,2395,2,18000,1.00250521921
269818,269824,272222,6,2398,2,18000,1.00250208507
269857,269863,272218,6,2355,2,18000,1.0025477707
270037,270044,272438,7,2394,2,18000,1.00292397661
270080,270086,272407,6,2321,2,18000,1.00258509263
270122,270128,272570,6,2442,2,18000,1.00245700246
270213,270220,272569,7,2349,2,18000,1.00297999149
270229,270236,272641,7,2405,2,18000,1.00291060291
270250,270256,272568,6,2312,2,18000,1.00259515571
270252,270262,272576,10,2314,2,18000,1.00432152118
270274,270280,272382,6,2102,2,18000,1.00285442436
270276,270286,272683,10,2397,2,18000,1.00417188152
270326,270332,272739,6,2407,2,18000,1.00249272954
270347,270353,272752,6,2399,2,18000,1.0025010421
270363,270369,272765,6,2396,2,18000,1.00250417362
270366,270375,272621,9,2246,2,18000,1.00400712378
270408,270414,272769,6,2355,2,18000,1.0025477707
270424,270430,272828,6,2398,2,18000,1.00250208507
270440,270446,272819,6,2373,2,18000,1.00252844501
270447,270453,272839,6,2386,2,18000,1.0025146689
270463,270469,272802,6,2333,2,18000,1.00257179597
270465,270475,272884,10,2409,2,18000,1.00415110004
270486,270493,272864,7,2371,2,18000,1.00295234078
270502,270509,272882,7,2373,2,18000,1.00294985251
270527,270533,272840,6,2307,2,18000,1.00260078023
270534,270540,272978,6,2438,2,18000,1.00246103363
270550,270556,272943,6,2387,2,18000,1.00251361542
270595,270601,273003,6,2402,2,18000,1.0024979184
270661,270667,272823,6,2156,2,18000,1.00278293135
270693,270699,273087,6,2388,2,18000,1.00251256281
270709,270715,273050,6,2335,2,18000,1.00256959315
270749,270755,273121,6,2366,2,18000,1.00253592561
270751,270761,273158,10,2397,2,18000,1.00417188152
270827,270833,273231,6,2398,2,18000,1.00250208507
270834,270841,273288,7,2447,2,18000,1.00286064569
270851,270857,273222,6,2365,2,18000,1.00253699789
270867,270873,273267,6,2394,2,18000,1.00250626566
270888,270894,273279,6,2385,2,18000,1.00251572327
270926,270932,273320,6,2388,2,18000,1.00251256281
270969,270975,273279,6,2304,2,18000,1.00260416667
271961,271967,274412,6,2445,2,18000,1.00245398773
272226,272232,274514,6,2282,2,18000,1.00262927257
272228,272238,274661,10,2423,2,18000,1.00412711515
272389,272395,274749,6,2354,2,18000,1.00254885302
272418,272425,274840,7,2415,2,18000,1.00289855072
272446,272452,274838,6,2386,2,18000,1.0025146689
272577,272583,274892,6,2309,2,18000,1.0025985275
272579,272589,274933,10,2344,2,18000,1.0042662116
272581,272594,274977,13,2383,2,18000,1.00545530843
272583,272599,275000,16,2401,2,18000,1.00666389005
272629,272635,274935,6,2300,2,18000,1.00260869565
272650,272656,275046,6,2390,2,18000,1.00251046025
272690,272696,275089,6,2393,2,18000,1.002507313
272747,272753,275082,6,2329,2,18000,1.00257621297
272763,272769,275142,6,2373,2,18000,1.00252844501
272779,272785,275177,6,2392,2,18000,1.0025083612
272782,272791,275062,9,2271,2,18000,1.00396301189
272809,272815,275085,6,2270,2,18000,1.00264317181
272830,272836,275188,6,2352,2,18000,1.00255102041
272833,272842,275263,9,2421,2,18000,1.00371747212
272835,272847,275231,12,2384,2,18000,1.00503355705
272851,272857,275255,6,2398,2,18000,1.00250208507
272853,272863,275293,10,2430,2,18000,1.00411522634
272875,272881,275276,6,2395,2,18000,1.00250521921
272891,272897,275335,6,2438,2,18000,1.00246103363
272893,272903,275325,10,2422,2,18000,1.00412881916
272950,272957,275290,7,2333,2,18000,1.00300042863
272989,272995,275316,6,2321,2,18000,1.00258509263
273010,273016,275371,6,2355,2,18000,1.0025477707
273058,273064,275480,6,2416,2,18000,1.00248344371
273095,273101,275531,6,2430,2,18000,1.0024691358
273128,273134,275477,6,2343,2,18000,1.00256081946
273164,273170,275595,6,2425,2,18000,1.0024742268
273230,273236,275641,6,2405,2,18000,1.00249480249
273246,273252,275610,6,2358,2,18000,1.00254452926
273278,273284,275665,6,2381,2,18000,1.0025199496
273295,273301,275485,6,2184,2,18000,1.00274725275
273297,273307,275678,10,2371,2,18000,1.00421762969
273299,273312,275705,13,2393,2,18000,1.00543251149
273327,273333,275494,6,2161,2,18000,1.00277649236
274420,274427,276795,7,2368,2,18000,1.00295608108
274521,274527,276878,6,2351,2,18000,1.00255210549
274671,274678,277153,7,2475,2,18000,1.00282828283
274756,274763,277157,7,2394,2,18000,1.00292397661
274845,274850,277188,5,2338,2,18000,1.00213857998
274847,274856,277220,9,2364,2,18000,1.0038071066
274899,274904,277257,5,2353,2,18000,1.00212494688
274941,274948,277261,7,2313,2,18000,1.00302637268
274944,274954,277324,10,2370,2,18000,1.00421940928
274988,274994,277414,6,2420,2,18000,1.00247933884
275009,275015,277358,6,2343,2,18000,1.00256081946
275055,275061,277465,6,2404,2,18000,1.00249584027
275071,275077,277422,6,2345,2,18000,1.00255863539
275092,275098,277506,6,2408,2,18000,1.00249169435
275094,275104,277503,10,2399,2,18000,1.0041684035
275096,275109,277419,13,2310,2,18000,1.00562770563
275153,275159,277388,6,2229,2,18000,1.00269179004
275183,275189,277578,6,2389,2,18000,1.00251151109
275199,275205,277542,6,2337,2,18000,1.00256739409
275239,275245,277442,6,2197,2,18000,1.00273099681
275263,275269,277563,6,2294,2,18000,1.00261551874
275279,275285,277696,6,2411,2,18000,1.00248859394
275281,275291,277607,10,2316,2,18000,1.00431778929
275297,275303,277740,6,2437,2,18000,1.0024620435
275299,275309,277592,10,2283,2,18000,1.00438020149
275323,275330,277761,7,2431,2,18000,1.00287947347
275339,275345,277793,6,2448,2,18000,1.00245098039
275342,275352,277568,10,2216,2,18000,1.00451263538
275378,275384,277819,6,2435,2,18000,1.00246406571
275485,275491,277982,6,2491,2,18000,1.00240867122
275487,275497,277774,10,2277,2,18000,1.00439174352
275495,275503,277928,8,2425,2,18000,1.00329896907
275511,275517,277886,6,2369,2,18000,1.00253271423
275538,275544,277858,6,2314,2,18000,1.00259291271
275601,275607,277989,6,2382,2,18000,1.00251889169
275618,275624,277999,6,2375,2,18000,1.00252631579
275648,275654,277957,6,2303,2,18000,1.00260529744
275672,275678,278056,6,2378,2,18000,1.00252312868
275688,275694,278123,6,2429,2,18000,1.00247015233
275712,275718,278079,6,2361,2,18000,1.00254129606
276801,276807,279188,6,2381,2,18000,1.0025199496
276886,276892,279180,6,2288,2,18000,1.00262237762
277162,277167,279448,5,2281,2,18000,1.00219202104
277164,277173,279476,9,2303,2,18000,1.00390794616
277199,277206,279626,7,2420,2,18000,1.00289256198
277227,277232,279660,5,2428,2,18000,1.00205930807
277263,277269,279685,6,2416,2,18000,1.00248344371
277271,277277,279662,6,2385,2,18000,1.00251572327
277331,277337,279760,6,2423,2,18000,1.00247626909
277365,277371,279784,6,2413,2,18000,1.00248653129
277395,277401,279871,6,2470,2,18000,1.0024291498
277422,277428,279816,6,2388,2,18000,1.00251256281
277429,277436,279685,7,2249,2,18000,1.00311249444
277445,277451,279842,6,2391,2,18000,1.00250941029
277453,277459,279869,6,2410,2,18000,1.00248962656
277474,277480,279724,6,2244,2,18000,1.00267379679
277511,277517,279956,6,2439,2,18000,1.0024600246
277513,277523,279884,10,2361,2,18000,1.00423549343
277550,277556,279883,6,2327,2,18000,1.00257842716
277571,277578,279972,7,2394,2,18000,1.00292397661
277574,277584,279962,10,2378,2,18000,1.00420521447
277590,277596,279955,6,2359,2,18000,1.00254345061
277606,277612,279783,6,2171,2,18000,1.00276370336
277622,277628,280068,6,2440,2,18000,1.00245901639
277705,277711,280136,6,2425,2,18000,1.0024742268
277747,277753,280196,6,2443,2,18000,1.00245599673
277768,277774,280146,6,2372,2,18000,1.00252951096
277784,277791,280095,7,2304,2,18000,1.00303819444
277800,277807,280235,7,2428,2,18000,1.0028830313
277827,277833,280253,6,2420,2,18000,1.00247933884
277864,277870,280239,6,2369,2,18000,1.00253271423
277894,277900,280324,6,2424,2,18000,1.00247524752
277936,277942,280370,6,2428,2,18000,1.00247116969
277964,277970,280365,6,2395,2,18000,1.00250521921
277988,277994,280425,6,2431,2,18000,1.00246812012
278004,278010,280474,6,2464,2,18000,1.00243506494
278007,278016,280343,9,2327,2,18000,1.00386764074
278067,278073,280463,6,2390,2,18000,1.00251046025
278087,278094,280480,7,2386,2,18000,1.00293378039
278130,278136,280518,6,2382,2,18000,1.00251889169
279189,279195,281583,6,2388,2,18000,1.00251256281
279196,279202,281574,6,2372,2,18000,1.00252951096
279454,279460,281898,6,2438,2,18000,1.00246103363
279484,279490,281851,6,2361,2,18000,1.00254129606
279633,279639,282029,6,2390,2,18000,1.00251046025
279666,279672,282077,6,2405,2,18000,1.00249480249
279668,279678,282069,10,2391,2,18000,1.00418235048
279693,279699,282113,6,2414,2,18000,1.00248550124
279695,279705,282073,10,2368,2,18000,1.00422297297
279731,279737,282145,6,2408,2,18000,1.00249169435
279767,279774,282154,7,2380,2,18000,1.00294117647
279794,279800,282202,6,2402,2,18000,1.0024979184
279796,279806,282202,10,2396,2,18000,1.0041736227
279823,279829,282232,6,2403,2,18000,1.0024968789
279850,279857,282205,7,2348,2,18000,1.00298126065
279878,279884,282250,6,2366,2,18000,1.00253592561
279880,279890,282276,10,2386,2,18000,1.00419111484
279897,279903,282263,6,2360,2,18000,1.00254237288
279899,279909,282281,10,2372,2,18000,1.0042158516
279964,279970,282329,6,2359,2,18000,1.00254345061
279966,279976,282276,10,2300,2,18000,1.00434782609
279968,279981,282367,13,2386,2,18000,1.00544844929
279985,279991,282257,6,2266,2,18000,1.0026478376
280076,280082,282479,6,2397,2,18000,1.00250312891
280104,280110,282491,6,2381,2,18000,1.0025199496
280143,280149,282456,6,2307,2,18000,1.00260078023
280159,280165,282424,6,2259,2,18000,1.0026560425
280204,280211,282633,7,2422,2,18000,1.00289017341
280246,280252,282661,6,2409,2,18000,1.00249066002
280248,280258,282582,10,2324,2,18000,1.00430292599
280264,280271,282646,7,2375,2,18000,1.00294736842
280331,280338,282774,7,2436,2,18000,1.00287356322
280353,280359,282728,6,2369,2,18000,1.00253271423
280374,280380,282666,6,2286,2,18000,1.00262467192
280376,280386,282796,10,2410,2,18000,1.00414937759
280437,280443,282685,6,2242,2,18000,1.00267618198
280470,280476,282895,6,2419,2,18000,1.00248036379
280486,280493,282837,7,2344,2,18000,1.00298634812
280489,280499,282864,10,2365,2,18000,1.00422832981
280525,280531,282889,6,2358,2,18000,1.00254452926
281583,281589,283899,6,2310,2,18000,1.0025974026
281600,281606,284002,6,2396,2,18000,1.00250417362
281859,281865,284242,6,2377,2,18000,1.00252419016
281905,281911,284276,6,2365,2,18000,1.00253699789
282037,282043,284385,6,2342,2,18000,1.00256191289
282076,282082,284524,6,2442,2,18000,1.00245700246
282078,282088,284494,10,2406,2,18000,1.00415627598
282095,282101,284440,6,2339,2,18000,1.0025651988
282119,282125,284480,6,2355,2,18000,1.0025477707
282152,282158,284491,6,2333,2,18000,1.00257179597
282168,282174,284565,6,2391,2,18000,1.00250941029
282211,282217,284642,6,2425,2,18000,1.0024742268
282214,282223,284677,9,2454,2,18000,1.00366748166
282216,282228,284583,12,2355,2,18000,1.0050955414
282240,282246,284568,6,2322,2,18000,1.00258397933
282256,282262,284641,6,2379,2,18000,1.0025220681
282272,282279,284689,7,2410,2,18000,1.00290456432
282275,282285,284647,10,2362,2,18000,1.00423370025
282291,282297,284659,6,2362,2,18000,1.00254022015
282294,282303,284637,9,2334,2,18000,1.00385604113
282296,282308,284694,12,2386,2,18000,1.0050293378
282336,282342,284723,6,2381,2,18000,1.0025199496
282375,282381,284782,6,2401,2,18000,1.00249895877
282433,282439,284726,6,2287,2,18000,1.00262352427
282464,282470,284848,6,2378,2,18000,1.00252312868
282485,282491,284939,6,2448,2,18000,1.00245098039
282501,282507,284894,6,2387,2,18000,1.00251361542
282589,282596,284888,7,2292,2,18000,1.00305410122
282641,282647,284947,6,2300,2,18000,1.00260869565
282657,282663,285048,6,2385,2,18000,1.00251572327
282673,282679,284960,6,2281,2,18000,1.00263042525
282675,282685,284926,10,2241,2,18000,1.00446229362
282691,282697,284997,6,2300,2,18000,1.00260869565
282734,282740,285135,6,2395,2,18000,1.00250521921
282785,282791,285180,6,2389,2,18000,1.00251151109
282806,282812,285206,6,2394,2,18000,1.00250626566
282845,282851,285221,6,2370,2,18000,1.00253164557
282875,282881,285158,6,2277,2,18000,1.00263504611
282896,282902,285377,6,2475,2,18000,1.00242424242
282903,282909,285335,6,2426,2,18000,1.00247320692
283905,283911,286259,6,2348,2,18000,1.00255536627
284008,284014,286353,6,2339,2,18000,1.0025651988
284249,284254,286585,5,2331,2,18000,1.00214500215
284282,284288,286603,6,2315,2,18000,1.00259179266
284391,284397,286859,6,2462,2,18000,1.00243704305
284446,284452,286876,6,2424,2,18000,1.00247524752
284491,284497,286870,6,2373,2,18000,1.00252844501
284498,284504,286824,6,2320,2,18000,1.0025862069
284514,284520,286828,6,2308,2,18000,1.00259965338
284530,284536,286941,6,2405,2,18000,1.00249480249
284573,284579,286927,6,2348,2,18000,1.00255536627
284575,284585,287017,10,2432,2,18000,1.00411184211
284591,284597,286902,6,2305,2,18000,1.00260303688
284646,284652,287036,6,2384,2,18000,1.00251677852
284648,284658,287062,10,2404,2,18000,1.00415973378
284651,284663,287003,12,2340,2,18000,1.00512820513
284667,284673,287044,6,2371,2,18000,1.00253057782
284669,284679,287040,10,2361,2,18000,1.00423549343
284685,284691,287076,6,2385,2,18000,1.00251572327
284701,284707,287066,6,2359,2,18000,1.00254345061
284703,284713,287102,10,2389,2,18000,1.00418585182
284731,284737,287130,6,2393,2,18000,1.002507313
284733,284743,287112,10,2369,2,18000,1.00422119038
284791,284797,287197,6,2400,2,18000,1.0025
284855,284861,287086,6,2225,2,18000,1.00269662921
284894,284900,287332,6,2432,2,18000,1.00246710526
284901,284908,287262,7,2354,2,18000,1.00297366185
284932,284938,287301,6,2363,2,18000,1.00253914515
284948,284955,287396,7,2441,2,18000,1.00286767718
284956,284962,287252,6,2290,2,18000,1.00262008734
284972,284978,287372,6,2394,2,18000,1.00250626566
285005,285011,287336,6,2325,2,18000,1.00258064516
285059,285065,287459,6,2394,2,18000,1.00250626566
285144,285150,287383,6,2233,2,18000,1.0026869682
285165,285171,287599,6,2428,2,18000,1.00247116969
285189,285195,287608,6,2413,2,18000,1.00248653129
285213,285219,287578,6,2359,2,18000,1.00254345061
285229,285235,287521,6,2286,2,18000,1.00262467192
285342,285348,287733,6,2385,2,18000,1.00251572327
285385,285391,287656,6,2265,2,18000,1.00264900662
286267,286273,288686,6,2413,2,18000,1.00248653129
286361,286367,288734,6,2367,2,18000,1.00253485425
286592,286598,288939,6,2341,2,18000,1.00256300726
286612,286619,289019,7,2400,2,18000,1.00291666667
286830,286837,289176,7,2339,2,18000,1.00299273194
286838,286844,289247,6,2403,2,18000,1.0024968789
286865,286871,289335,6,2464,2,18000,1.00243506494
286881,286887,289255,6,2368,2,18000,1.00253378378
286883,286893,289234,10,2341,2,18000,1.00427167877
286913,286919,289305,6,2386,2,18000,1.0025146689
286934,286940,289318,6,2378,2,18000,1.00252312868
286950,286956,289360,6,2404,2,18000,1.00249584027
287010,287017,289274,7,2257,2,18000,1.00310146212
287026,287033,289432,7,2399,2,18000,1.00291788245
287043,287049,289314,6,2265,2,18000,1.00264900662
287050,287056,289450,6,2394,2,18000,1.00250626566
287066,287072,289419,6,2347,2,18000,1.00255645505
287069,287078,289487,9,2409,2,18000,1.00373599004
287076,287084,289482,8,2398,2,18000,1.00333611343
287092,287098,289507,6,2409,2,18000,1.00249066002
287094,287104,289447,10,2343,2,18000,1.00426803244
287110,287117,289529,7,2412,2,18000,1.00290215589
287126,287133,289570,7,2437,2,18000,1.00287238408
287142,287148,289439,6,2291,2,18000,1.00261894369
287203,287209,289597,6,2388,2,18000,1.00251256281
287263,287269,289685,6,2416,2,18000,1.00248344371
287270,287276,289544,6,2268,2,18000,1.00264550265
287310,287316,289663,6,2347,2,18000,1.00255645505
287340,287346,289742,6,2396,2,18000,1.00250417362
287342,287352,289749,10,2397,2,18000,1.00417188152
287379,287385,289785,6,2400,2,18000,1.0025
287395,287401,289804,6,2403,2,18000,1.0024968789
287411,287417,289714,6,2297,2,18000,1.00261210274
287465,287471,289796,6,2325,2,18000,1.00258064516
287529,287535,289806,6,2271,2,18000,1.00264200793
287589,287595,289974,6,2379,2,18000,1.0025220681
287610,287616,289911,6,2295,2,18000,1.00261437908
287617,287623,290026,6,2403,2,18000,1.0024968789
287663,287669,290025,6,2356,2,18000,1.0025466893
287740,287746,290102,6,2356,2,18000,1.0025466893
288694,288700,290837,6,2137,2,18000,1.00280767431
288745,288751,291069,6,2318,2,18000,1.00258843831
288945,288951,291403,6,2452,2,18000,1.00244698206
289027,289033,291508,6,2475,2,18000,1.00242424242
289184,289191,291541,7,2350,2,18000,1.0029787234
289242,289248,291543,6,2295,2,18000,1.00261437908
289258,289264,291579,6,2315,2,18000,1.00259179266
289261,289270,291666,9,2396,2,18000,1.00375626043
289282,289288,291702,6,2414,2,18000,1.00248550124
289312,289318,291595,6,2277,2,18000,1.00263504611
289328,289334,291713,6,2379,2,18000,1.0025220681
289330,289340,291652,10,2312,2,18000,1.00432525952
289346,289352,291806,6,2454,2,18000,1.00244498778
289367,289373,291783,6,2410,2,18000,1.00248962656
289429,289436,291828,7,2392,2,18000,1.0029264214
289446,289451,291834,5,2383,2,18000,1.00209819555
289448,289457,291798,9,2341,2,18000,1.00384451089
289464,289470,291866,6,2396,2,18000,1.00250417362
289466,289476,291856,10,2380,2,18000,1.00420168067
289491,289497,291893,6,2396,2,18000,1.00250417362
289493,289503,291908,10,2405,2,18000,1.00415800416
289514,289520,291925,6,2405,2,18000,1.00249480249
289535,289541,291942,6,2401,2,18000,1.00249895877
289551,289558,291860,7,2302,2,18000,1.00304083406
289576,289582,291903,6,2321,2,18000,1.00258509263
289606,289612,291922,6,2310,2,18000,1.0025974026
289670,289675,292073,5,2398,2,18000,1.00208507089
289696,289702,292070,6,2368,2,18000,1.00253378378
289720,289726,292051,6,2325,2,18000,1.00258064516
289750,289756,292130,6,2374,2,18000,1.00252737995
289758,289764,292133,6,2369,2,18000,1.00253271423
289796,289802,292076,6,2274,2,18000,1.00263852243
289804,289810,292187,6,2377,2,18000,1.00252419016
289820,289826,292248,6,2422,2,18000,1.00247729149
289822,289832,292159,10,2327,2,18000,1.0042973786
289920,289926,292364,6,2438,2,18000,1.00246103363
289925,289932,290838,7,906,2,14400,1.00772626932
289981,289987,292271,6,2284,2,18000,1.00262697023
290021,290027,290714,6,687,2,14400,1.00873362445
290033,290039,292491,6,2452,2,18000,1.00244698206
290035,290045,292355,10,2310,2,18000,1.00432900433
290108,290113,291222,5,1109,2,14400,1.00450856628
290114,290119,292466,5,2347,2,18000,1.00213037921
290198,290205,291983,7,1778,2,14400,1.00393700787
290289,290295,290630,6,335,2,14400,1.01791044776
290387,290394,290859,7,465,2,14400,1.01505376344
290517,290523,290891,6,368,2,14400,1.01630434783
290610,290617,291403,7,786,2,14400,1.00890585242
290712,290718,291291,6,573,2,14400,1.01047120419
290844,290850,293094,6,2244,2,18000,1.00267379679
291076,291082,293453,6,2371,2,18000,1.00253057782
291285,291291,291529,6,238,2,14400,1.02521008403
291407,291413,291669,6,256,2,14400,1.0234375
291411,291419,293700,8,2281,2,18000,1.00350723367
291511,291517,291870,6,353,2,14400,1.01699716714
291514,291523,293668,9,2145,2,18000,1.0041958042
291548,291554,293948,6,2394,2,18000,1.00250626566
291550,291560,293853,10,2293,2,18000,1.004361099
291586,291593,293986,7,2393,2,18000,1.0029251985
291602,291608,293957,6,2349,2,18000,1.00255427842
291631,291638,292048,7,410,2,14400,1.01707317073
291660,291666,293941,6,2275,2,18000,1.00263736264
291676,291682,294069,6,2387,2,18000,1.00251361542
291709,291716,294104,7,2388,2,18000,1.00293132328
291712,291722,292184,10,462,2,14400,1.02164502165
291726,291732,294118,6,2386,2,18000,1.0025146689
291789,291795,294166,6,2371,2,18000,1.00253057782
291805,291811,294181,6,2370,2,18000,1.00253164557
291821,291827,294204,6,2377,2,18000,1.00252419016
291837,291844,294239,7,2395,2,18000,1.00292275574
291840,291850,294203,10,2353,2,18000,1.00424989375
291864,291870,294071,6,2201,2,18000,1.00272603362
291866,291876,294267,10,2391,2,18000,1.00418235048
291882,291889,294216,7,2327,2,18000,1.00300816502
291889,291896,292150,7,254,2,14400,1.02755905512
291903,291910,294321,7,2411,2,18000,1.0029033596
291911,291917,294312,6,2395,2,18000,1.00250521921
291928,291933,294337,5,2404,2,18000,1.00207986689
291930,291939,294287,9,2348,2,18000,1.0038330494
291932,291944,294317,12,2373,2,18000,1.00505689001
291948,291954,294342,6,2388,2,18000,1.00251256281
291979,291985,292299,6,314,2,14400,1.01910828025
292058,292063,294454,5,2391,2,18000,1.00209117524
292079,292085,294511,6,2426,2,18000,1.00247320692
292081,292091,294533,10,2442,2,18000,1.0040950041
292084,292096,294575,12,2479,2,18000,1.00484066156
292106,292112,292724,6,612,2,14400,1.00980392157
292139,292144,294540,5,2396,2,18000,1.00208681135
292141,292150,294414,9,2264,2,18000,1.00397526502
292165,292171,294495,6,2324,2,18000,1.00258175559
292191,292197,292620,6,423,2,14400,1.01418439716
292195,292203,294644,8,2441,2,18000,1.00327734535
292256,292262,294565,6,2303,2,18000,1.00260529744
292282,292288,294639,6,2351,2,18000,1.00255210549
292367,292373,294768,6,2395,2,18000,1.00250521921
292374,292380,294805,6,2425,2,18000,1.0024742268
292423,292429,293066,6,637,2,14400,1.00941915228
292477,292483,294789,6,2306,2,18000,1.00260190807
292498,292504,294945,6,2441,2,18000,1.00245800901
292506,292512,294203,6,1691,2,14400,1.00354819633
292604,292610,293159,6,549,2,14400,1.01092896175
292713,292719,294398,6,1679,2,14400,1.00357355569
292807,292813,293157,6,344,2,14400,1.01744186047
292890,292897,294974,7,2077,2,14400,1.00337024555
293078,293084,304248,6,11164,2,72000,1.00053744178
293105,293111,295437,6,2326,2,18000,1.00257953568
293204,293211,295204,7,1993,2,43200,1.00351229303
293460,293466,295754,6,2288,2,18000,1.00262237762
293679,293685,296070,6,2385,2,18000,1.00251572327
293711,293717,296063,6,2346,2,18000,1.00255754476
293860,293866,296240,6,2374,2,18000,1.00252737995
293948,293954,296281,6,2327,2,18000,1.00257842716
293964,293970,296327,6,2357,2,18000,1.00254560882
293967,293976,296348,9,2372,2,18000,1.00379426644
293994,294000,296418,6,2418,2,18000,1.00248138958
294075,294082,296433,7,2351,2,18000,1.0029774564
294078,294088,296463,10,2375,2,18000,1.00421052632
294111,294118,296443,7,2325,2,18000,1.00301075269
294127,294133,296396,6,2263,2,18000,1.00265134777
294173,294179,296642,6,2463,2,18000,1.00243605359
294189,294195,296484,6,2289,2,18000,1.00262123198
294210,294216,296581,6,2365,2,18000,1.00253699789
294212,294222,296552,10,2330,2,18000,1.00429184549
294228,294235,296547,7,2312,2,18000,1.00302768166
294249,294255,296638,6,2383,2,18000,1.00251783466
294273,294280,296662,7,2382,2,18000,1.00293870697
294290,294296,298028,6,3732,1,3600,1.00160771704
294294,294302,296539,8,2237,2,18000,1.00357621815
294319,294325,296616,6,2291,2,18000,1.00261894369
294326,294332,296704,6,2372,2,18000,1.00252951096
294342,294348,296763,6,2415,2,18000,1.00248447205
294345,294354,296740,9,2386,2,18000,1.00377200335
294352,294360,296832,8,2472,2,18000,1.00323624595
294427,294433,296789,6,2356,2,18000,1.0025466893
294465,294471,296928,6,2457,2,18000,1.00244200244
294506,294512,296826,6,2314,2,18000,1.00259291271
294523,294529,296905,6,2376,2,18000,1.00252525253
294540,294546,296946,6,2400,2,18000,1.0025
294558,294564,296927,6,2363,2,18000,1.00253914515
294578,294584,296937,6,2353,2,18000,1.00254993625
294586,294592,296987,6,2395,2,18000,1.00250521921
294652,294658,297011,6,2353,2,18000,1.00254993625
294654,294664,296982,10,2318,2,18000,1.00431406385
294776,294782,297170,6,2388,2,18000,1.00251256281
294798,294804,297161,6,2357,2,18000,1.00254560882
294814,294820,297181,6,2361,2,18000,1.00254129606
294956,294962,297302,6,2340,2,18000,1.00256410256
295025,295031,298755,6,3724,1,3600,1.00161117078
295446,295452,297746,6,2294,2,18000,1.00261551874
295769,295776,298096,7,2320,2,18000,1.00301724138
296069,296075,298527,6,2452,2,18000,1.00244698206
296085,296091,298482,6,2391,2,18000,1.00250941029
296249,296255,298631,6,2376,2,18000,1.00252525253
296288,296294,298690,6,2396,2,18000,1.00250417362
296315,296321,298820,6,2499,1,3600,1.00240096038
296334,296340,298756,6,2416,2,18000,1.00248344371
296355,296361,298698,6,2337,2,18000,1.00256739409
296404,296410,298809,6,2399,2,18000,1.0025010421
296425,296432,298822,7,2390,2,18000,1.00292887029
296437,296443,307343,6,10900,32,10800,1.00055045872
296441,296449,298839,8,2390,2,18000,1.00334728033
296457,296463,298870,6,2407,2,18000,1.00249272954
296473,296479,298950,6,2471,2,18000,1.00242816673
296494,296500,298883,6,2383,2,18000,1.00251783466
296546,296552,298854,6,2302,2,18000,1.00260642919
296562,296568,298936,6,2368,2,18000,1.00253378378
296564,296574,298962,10,2388,2,18000,1.00418760469
296588,296594,298966,6,2372,2,18000,1.00252951096
296622,296627,299031,5,2404,2,18000,1.00207986689
296646,296652,298932,6,2280,2,18000,1.00263157895
296648,296658,299062,10,2404,2,18000,1.00415973378
296669,296676,298991,7,2315,2,18000,1.0030237581
296712,296718,299066,6,2348,2,18000,1.00255536627
296749,296755,299138,6,2383,2,18000,1.00251783466
296770,296776,299065,6,2289,2,18000,1.00262123198
296797,296803,299130,6,2327,2,18000,1.00257842716
296833,296839,299122,6,2283,2,18000,1.00262812089
296841,296847,299152,6,2305,2,18000,1.00260303688
296913,296920,299240,7,2320,2,18000,1.00301724138
296935,296941,299339,6,2398,2,18000,1.00250208507
296937,296947,299347,10,2400,2,18000,1.00416666667
296953,296959,299391,6,2432,2,18000,1.00246710526
296956,296965,299373,9,2408,2,18000,1.00373754153
296989,296995,299347,6,2352,2,18000,1.00255102041
296997,297003,299319,6,2316,2,18000,1.00259067358
297018,297024,299393,6,2369,2,18000,1.00253271423
297167,297173,299601,6,2428,2,18000,1.00247116969
297183,297189,299674,6,2485,2,18000,1.00241448692
297190,297197,299568,7,2371,2,18000,1.00295234078
297309,297315,299707,6,2392,2,18000,1.0025083612
297361,297367,301780,6,4413,12,10800,1.00135961931
297757,297763,300137,6,2374,2,18000,1.00252737995
297775,297781,298978,6,1197,2,14400,1.00501253133
298024,298029,299453,5,1424,2,14400,1.00351123596
298104,298110,300508,6,2398,2,18000,1.00250208507
298489,298495,300854,6,2359,2,18000,1.00254345061
298535,298541,300864,6,2323,2,18000,1.00258286698
298638,298644,300988,6,2344,2,18000,1.00255972696
298696,298702,300973,6,2271,2,18000,1.00264200793
298712,298718,301158,6,2440,2,18000,1.00245901639
298764,298770,301076,6,2306,2,18000,1.00260190807
298816,298822,301225,6,2403,2,18000,1.0024968789
298832,298838,301171,6,2333,2,18000,1.00257179597
298834,298844,299097,10,253,1,3600,1.0395256917
298848,298854,301095,6,2241,2,18000,1.00267737617
298864,298870,301267,6,2397,2,18000,1.00250312891
298880,298886,301302,6,2416,2,18000,1.00248344371
298896,298902,301267,6,2365,2,18000,1.00253699789
298939,298945,301184,6,2239,2,18000,1.00267976775
298941,298951,301406,10,2455,2,18000,1.00407331976
298957,298963,301282,6,2319,2,18000,1.00258732212
298973,298979,301381,6,2402,2,18000,1.0024979184
298976,298985,301241,9,2256,2,18000,1.0039893617
299002,299008,301341,6,2333,2,18000,1.00257179597
299039,299045,301432,6,2387,2,18000,1.00251361542
299070,299076,301394,6,2318,2,18000,1.00258843831
299072,299082,301336,10,2254,2,18000,1.00443655723
299074,299087,301589,13,2502,2,18000,1.00519584333
299129,299135,301535,6,2400,2,18000,1.0025
299146,299152,301446,6,2294,2,18000,1.00261551874
299148,299158,301509,10,2351,2,18000,1.00425350915
299164,299170,301547,6,2377,2,18000,1.00252419016
299247,299253,301656,6,2403,2,18000,1.0024968789
299252,299259,306487,7,7228,16,7200,1.000968456
299329,299336,301687,7,2351,2,18000,1.0029774564
299345,299351,301705,6,2354,2,18000,1.00254885302
299362,299368,301721,6,2353,2,18000,1.00254993625
299364,299374,301789,10,2415,2,18000,1.00414078675
299380,299386,301644,6,2258,2,18000,1.00265721878
299401,299408,301801,7,2393,2,18000,1.0029251985
299404,299414,301811,10,2397,2,18000,1.00417188152
299576,299582,301978,6,2396,2,18000,1.00250417362
299609,299616,301990,7,2374,2,18000,1.00294860994
299685,299691,302064,6,2373,2,18000,1.00252844501
299715,299722,302071,7,2349,2,18000,1.00297999149
299905,299911,303615,6,3704,1,3600,1.00161987041
300065,300071,303790,6,3719,1,3600,1.00161333692
300104,300110,301179,6,1069,2,14400,1.00561272217
300144,300150,302594,6,2444,2,18000,1.00245499182
300370,300377,301458,7,1081,2,14400,1.00647548566
300514,300520,302630,6,2110,2,18000,1.0028436019
300863,300869,303296,6,2427,2,18000,1.00247218789
300879,300885,303285,6,2400,2,18000,1.0025
300984,300990,303375,6,2385,2,18000,1.00251572327
301000,301006,303366,6,2360,2,18000,1.00254237288
301082,301088,303396,6,2308,2,18000,1.00259965338
301103,301110,303527,7,2417,2,18000,1.00289615225
301164,301170,303482,6,2312,2,18000,1.00259515571
301180,301186,303518,6,2332,2,18000,1.0025728988
301197,301203,303629,6,2426,2,18000,1.00247320692
301233,301239,303439,6,2200,2,18000,1.00272727273
301249,301255,303673,6,2418,2,18000,1.00248138958
301273,301280,303568,7,2288,2,18000,1.00305944056
301276,301286,303582,10,2296,2,18000,1.0043554007
301292,301298,303617,6,2319,2,18000,1.00258732212
301309,301315,303636,6,2321,2,18000,1.00258509263
301348,301354,303812,6,2458,2,18000,1.00244100895
301350,301360,303778,10,2418,2,18000,1.0041356493
301389,301396,303699,7,2303,2,18000,1.00303951368
301405,301411,303847,6,2436,2,18000,1.00246305419
301422,301428,303844,6,2416,2,18000,1.00248344371
301443,301449,303799,6,2350,2,18000,1.00255319149
301459,301465,303940,6,2475,2,18000,1.00242424242
301517,301523,303903,6,2380,2,18000,1.0025210084
301541,301547,303934,6,2387,2,18000,1.00251361542
301557,301563,303995,6,2432,2,18000,1.00246710526
301597,301603,303927,6,2324,2,18000,1.00258175559
301634,301640,301713,6,73,1,1800,1.08219178082
301652,301658,304106,6,2448,2,18000,1.00245098039
301668,301674,304063,6,2389,2,18000,1.00251151109
301695,301701,304048,6,2347,2,18000,1.00255645505
301711,301717,304147,6,2430,2,18000,1.0024691358
301728,301733,304087,5,2354,2,18000,1.00212404418
301800,301806,304249,6,2443,2,18000,1.00245599673
301816,301822,304194,6,2372,2,18000,1.00252951096
301819,301828,304142,9,2314,2,18000,1.00388936906
301985,301990,304365,5,2375,2,18000,1.00210526316
302001,302007,304401,6,2394,2,18000,1.00250626566
302047,302053,302158,6,105,1,1800,1.05714285714
302072,302078,304458,6,2380,2,18000,1.0025210084
302079,302085,304470,6,2385,2,18000,1.00251572327
302602,302608,305031,6,2423,2,18000,1.00247626909
302639,302646,305050,7,2404,2,18000,1.00291181364
302767,302772,303206,5,434,1,1800,1.01152073733
303199,303205,303283,6,78,23,14400,1.07692307692
303200,303216,303273,16,57,23,14400,1.28070175439
303200,303210,303281,10,71,23,14400,1.14084507042
303294,303300,305620,6,2320,2,18000,1.0025862069
303311,303321,305777,10,2456,2,18000,1.00407166124
303373,303379,305786,6,2407,2,18000,1.00249272954
303390,303396,305709,6,2313,2,18000,1.00259403372
303406,303412,305782,6,2370,2,18000,1.00253164557
303414,303420,309013,6,5593,23,14400,1.00107276953
303450,303456,305852,6,2396,2,18000,1.00250417362
303502,303508,305915,6,2407,2,18000,1.00249272954
303524,304185,307190,661,3005,23,14400,1.21996672213
303530,303537,305939,7,2402,2,18000,1.00291423813
303533,303543,305964,10,2421,2,18000,1.00413052458
303577,303583,306063,6,2480,2,18000,1.00241935484
303594,303600,306044,6,2444,2,18000,1.00245499182
303626,303632,306040,6,2408,2,18000,1.00249169435
303629,304193,307520,564,3327,23,14400,1.16952209197
303643,303649,306114,6,2465,2,18000,1.00243407708
303645,303655,306028,10,2373,2,18000,1.00421407501
303680,303686,306137,6,2451,2,18000,1.00244798042
303708,303714,306113,6,2399,2,18000,1.0025010421
303785,303792,306144,7,2352,2,18000,1.00297619048
303807,303813,306240,6,2427,2,18000,1.00247218789
303823,303829,306261,6,2432,2,18000,1.00246710526
303854,303860,306271,6,2411,2,18000,1.00248859394
303856,303866,306271,10,2405,2,18000,1.00415800416
303910,303916,306301,6,2385,2,18000,1.00251572327
303933,303939,306200,6,2261,2,18000,1.00265369306
303953,303959,306311,6,2352,2,18000,1.00255102041
303955,303965,306120,10,2155,2,18000,1.00464037123
304002,304009,306304,7,2295,2,18000,1.00305010893
304056,304062,306317,6,2255,2,18000,1.00266075388
304073,304079,306491,6,2412,2,18000,1.00248756219
304098,304104,306488,6,2384,2,18000,1.00251677852
304115,304121,306464,6,2343,2,18000,1.00256081946
304149,304155,306573,6,2418,2,18000,1.00248138958
304156,304162,306601,6,2439,2,18000,1.0024600246
304202,304208,306543,6,2335,2,18000,1.00256959315
304258,304264,306750,6,2486,2,18000,1.00241351569
304372,304378,306739,6,2361,2,18000,1.00254129606
304412,304418,306752,6,2334,2,18000,1.00257069409
304466,304472,306876,6,2404,2,18000,1.00249584027
304483,304489,306936,6,2447,2,18000,1.00245198202
305042,305048,307489,6,2441,2,18000,1.00245800901
305058,305064,307472,6,2408,2,18000,1.00249169435
305163,305169,305365,6,196,1,3600,1.0306122449
305176,305183,305240,7,57,1,1800,1.12280701754
305599,305605,305706,6,101,1,1800,1.05940594059
305626,305632,307803,6,2171,2,18000,1.00276370336
305718,305724,307910,6,2186,2,18000,1.00274473925
305786,305792,308056,6,2264,2,18000,1.00265017668
305788,305798,308219,10,2421,2,18000,1.00413052458
305807,305813,308165,6,2352,2,18000,1.00255102041
305858,305865,320296,7,14431,1,14400,1.00048506687
305862,305871,308265,9,2394,2,18000,1.0037593985
305922,305929,308299,7,2370,2,18000,1.0029535865
305948,305954,308351,6,2397,2,18000,1.00250312891
305972,305978,308461,6,2483,2,18000,1.00241643174
306039,306046,308346,7,2300,2,18000,1.00304347826
306058,306064,308341,6,2277,2,18000,1.00263504611
306060,306070,308434,10,2364,2,18000,1.00423011844
306076,306082,308496,6,2414,2,18000,1.00248550124
306126,306131,308503,5,2372,2,18000,1.0021079258
306128,306137,308559,9,2422,2,18000,1.00371593724
306131,306142,308455,11,2313,2,18000,1.00475572849
306148,306154,308526,6,2372,2,18000,1.00252951096
306155,306161,308538,6,2377,2,18000,1.00252419016
306208,306214,308549,6,2335,2,18000,1.00256959315
306248,306254,308678,6,2424,2,18000,1.00247524752
306272,306278,308675,6,2397,2,18000,1.00250312891
306279,306286,308631,7,2345,2,18000,1.00298507463
306282,306292,308426,10,2134,2,18000,1.00468603561
306311,306317,308725,6,2408,2,18000,1.00249169435
306313,306323,308724,10,2401,2,18000,1.00416493128
306321,306329,308646,8,2317,2,18000,1.00345274061
306340,306346,308742,6,2396,2,18000,1.00250417362
306473,306479,308799,6,2320,2,18000,1.0025862069
306494,306501,308774,7,2273,2,18000,1.00307963044
306497,306507,308874,10,2367,2,18000,1.00422475708
306550,306556,308787,6,2231,2,18000,1.00268937696
306581,306587,308961,6,2374,2,18000,1.00252737995
306609,306615,308862,6,2247,2,18000,1.00267022697
306635,306641,306926,6,285,1,1800,1.02105263158
306753,306759,309127,6,2368,2,18000,1.00253378378
306755,306765,309184,10,2419,2,18000,1.00413393964
306758,306770,309101,12,2331,2,18000,1.00514800515
306886,306892,309330,6,2438,2,18000,1.00246103363
306947,306953,309312,6,2359,2,18000,1.00254345061
307454,307461,307507,7,46,12,3600,1.15217391304
307481,307487,309924,6,2437,2,18000,1.0024620435
307497,307503,309917,6,2414,2,18000,1.00248550124
307738,307744,307778,6,34,12,3600,1.17647058824
307819,307825,310226,6,2401,2,18000,1.00249895877
307935,307941,310377,6,2436,2,18000,1.00246305419
308069,308076,310503,7,2427,2,18000,1.0028842192
308078,308084,308105,6,21,12,3600,1.28571428571
308176,308182,310572,6,2390,2,18000,1.00251046025
308240,308246,310704,6,2458,2,18000,1.00244100895
308273,308279,310703,6,2424,2,18000,1.00247524752
308311,308317,310720,6,2403,2,18000,1.0024968789
308366,308372,310651,6,2279,2,18000,1.00263273366
308368,308378,310776,10,2398,2,18000,1.00417014178
308370,308383,310598,13,2215,2,18000,1.00586907449
308432,308439,310731,7,2292,2,18000,1.00305410122
308449,308455,310870,6,2415,2,18000,1.00248447205
308466,308472,310854,6,2382,2,18000,1.00251889169
308468,308478,310650,10,2172,2,18000,1.00460405157
308502,308508,310967,6,2459,2,18000,1.00244001627
308518,308524,310866,6,2342,2,18000,1.00256191289
308535,308541,310963,6,2422,2,18000,1.00247729149
308551,308558,310982,7,2424,2,18000,1.00288778878
308559,308565,310961,6,2396,2,18000,1.00250417362
308575,308581,311000,6,2419,2,18000,1.00248036379
308642,308648,311034,6,2386,2,18000,1.0025146689
308651,308657,308678,6,21,12,3600,1.28571428571
308658,308664,311049,6,2385,2,18000,1.00251572327
308683,308688,311059,5,2371,2,18000,1.00210881485
308685,308694,310980,9,2286,2,18000,1.00393700787
308705,308711,308731,6,20,12,3600,1.3
308732,308738,311115,6,2377,2,18000,1.00252419016
308734,308744,311143,10,2399,2,18000,1.0041684035
308751,308757,311181,6,2424,2,18000,1.00247524752
308775,308781,308833,6,52,12,32400,1.11538461538
308781,308787,311142,6,2355,2,18000,1.0025477707
308805,308811,311234,6,2423,2,18000,1.00247626909
308807,308817,311206,10,2389,2,18000,1.00418585182
308846,308852,308873,6,21,12,3600,1.28571428571
308869,308875,311165,6,2290,2,18000,1.00262008734
308886,308892,311199,6,2307,2,18000,1.00260078023
308971,308977,311320,6,2343,2,18000,1.00256081946
309011,309018,309059,7,41,12,3600,1.17073170732
309108,309114,311544,6,2430,2,18000,1.0024691358
309136,309142,311428,6,2286,2,18000,1.00262467192
309192,309198,311590,6,2392,2,18000,1.0025083612
309319,309325,316534,6,7209,16,7200,1.00083229297
309320,309331,311648,11,2317,2,18000,1.00474751834
309337,309343,311774,6,2431,2,18000,1.00246812012
309776,309783,309787,7,4,12,41400,1.1
309827,309833,314391,6,4558,12,41400,1.00131636683
309924,309930,312325,6,2395,2,18000,1.00250521921
309940,309946,312304,6,2358,2,18000,1.00254452926
310195,310201,310367,6,166,23,14400,1.03614457831
310210,310216,310368,6,152,23,14400,1.03947368421
310235,310241,310367,6,126,23,14400,1.04761904762
310237,310247,312607,10,2360,2,18000,1.00423728814
310385,310391,312754,6,2363,2,18000,1.00253914515
310511,310517,312989,6,2472,2,18000,1.00242718447
310579,310585,313034,6,2449,2,18000,1.00244997958
310607,310613,312985,6,2372,2,18000,1.00252951096
310662,310668,313035,6,2367,2,18000,1.00253485425
310664,310674,313127,10,2453,2,18000,1.00407664085
310711,310717,313157,6,2440,2,18000,1.00245901639
310713,310723,313117,10,2394,2,18000,1.00417710944
310730,310736,313065,6,2329,2,18000,1.00257621297
310746,310752,313163,6,2411,2,18000,1.00248859394
310784,310790,313157,6,2367,2,18000,1.00253485425
310863,310869,313220,6,2351,2,18000,1.00255210549
310880,310886,313181,6,2295,2,18000,1.00261437908
310882,310892,313352,10,2460,2,18000,1.00406504065
310969,310974,313361,5,2387,2,18000,1.00209467951
310971,310980,313348,9,2368,2,18000,1.00380067568
310973,310985,313412,12,2427,2,18000,1.00494437577
310991,310997,313411,6,2414,2,18000,1.00248550124
310993,311003,313343,10,2340,2,18000,1.00427350427
311009,311015,313302,6,2287,2,18000,1.00262352427
311043,311049,313501,6,2452,2,18000,1.00244698206
311060,311066,313471,6,2405,2,18000,1.00249480249
311067,311073,313506,6,2433,2,18000,1.00246609125
311123,311129,313487,6,2358,2,18000,1.00254452926
311151,311157,313579,6,2422,2,18000,1.00247729149
311153,311163,313472,10,2309,2,18000,1.00433087917
311175,311181,313488,6,2307,2,18000,1.00260078023
311191,311197,313590,6,2393,2,18000,1.002507313
311208,311214,313660,6,2446,2,18000,1.00245298446
311216,311222,313547,6,2325,2,18000,1.00258064516
311245,311252,313511,7,2259,2,18000,1.00309871625
311332,311338,313666,6,2328,2,18000,1.00257731959
311342,311348,311389,6,41,23,14400,1.14634146341
311347,311354,311389,7,35,23,14400,1.2
311352,311360,311388,8,28,23,14400,1.28571428571
311354,311365,314223,11,2858,2,14400,1.00384884535
311436,311442,313862,6,2420,2,18000,1.00247933884
311550,311556,313898,6,2342,2,18000,1.00256191289
311597,311603,314006,6,2403,2,18000,1.0024968789
311656,311663,314059,7,2396,2,18000,1.00292153589
311781,311787,314255,6,2468,2,18000,1.00243111831
311835,311841,311901,6,60,23,14400,1.1
312198,312204,314469,6,2265,23,14400,1.00264900662
312324,312330,314756,6,2426,2,18000,1.00247320692
312347,312353,314730,6,2377,2,18000,1.00252419016
312407,312413,312972,6,559,23,14400,1.01073345259
312421,312427,313026,6,599,23,14400,1.01001669449
312588,312595,313376,7,781,1,10800,1.00896286812
312618,312625,315022,7,2397,2,18000,1.00292031706
312760,312766,315118,6,2352,2,18000,1.00255102041
312994,312999,315428,5,2429,2,18000,1.00205846027
312996,313006,315428,10,2422,2,18000,1.00412881916
313043,313049,315377,6,2328,2,18000,1.00257731959
313045,313055,315517,10,2462,2,18000,1.00406173842
313073,313079,315389,6,2310,2,18000,1.0025974026
313125,313131,315338,6,2207,2,18000,1.00271862256
313142,313148,315455,6,2307,2,18000,1.00260078023
313165,313171,315566,6,2395,2,18000,1.00250521921
313167,313177,315592,10,2415,2,18000,1.00414078675
313170,313182,315454,12,2272,2,18000,1.00528169014
313191,313197,315527,6,2330,2,18000,1.0025751073
313228,313234,315639,6,2405,2,18000,1.00249480249
313310,313316,315768,6,2452,2,18000,1.00244698206
313352,313359,315730,7,2371,2,18000,1.00295234078
313355,313365,315730,10,2365,2,18000,1.00422832981
313362,313371,315780,9,2409,2,18000,1.00373599004
313378,313385,315776,7,2391,2,18000,1.00292764534
313399,313405,314161,6,756,1,10800,1.00793650794
313418,313425,315775,7,2350,2,18000,1.0029787234
313421,313431,315837,10,2406,2,18000,1.00415627598
313479,313486,315752,7,2266,2,18000,1.00308914387
313482,313492,315872,10,2380,2,18000,1.00420168067
313498,313504,315950,6,2446,2,18000,1.00245298446
313500,313510,315956,10,2446,2,18000,1.00408830744
313512,313518,314269,6,751,2,14400,1.00798934754
313517,313524,315855,7,2331,2,18000,1.003003003
313519,313530,315774,11,2244,2,18000,1.00490196078
313521,313535,315935,14,2400,2,18000,1.00583333333
313555,313562,315985,7,2423,2,18000,1.0028889806
313586,313592,315760,6,2168,2,18000,1.00276752768
313602,313608,316025,6,2417,2,18000,1.00248241622
313667,313673,315932,6,2259,2,18000,1.0026560425
313674,313680,316085,6,2405,2,18000,1.00249480249
313874,313880,316123,6,2243,2,18000,1.00267498885
313905,313911,316161,6,2250,2,18000,1.00266666667
314017,314023,316435,6,2412,2,18000,1.00248756219
314066,314072,316353,6,2281,2,18000,1.00263042525
314236,314242,322407,6,8165,2,10800,1.00073484385
314264,314270,316678,6,2408,2,18000,1.00249169435
314740,314747,317145,7,2398,2,18000,1.00291909925
314765,314771,317213,6,2442,2,18000,1.00245700246
315030,315036,317400,6,2364,2,18000,1.00253807107
315124,315130,317494,6,2364,2,18000,1.00253807107
315346,315352,317723,6,2371,2,18000,1.00253057782
315387,315394,317698,7,2304,2,18000,1.00303819444
315403,315409,317853,6,2444,2,18000,1.00245499182
315439,315445,317866,6,2421,2,18000,1.00247831475
315441,315451,317858,10,2407,2,18000,1.00415454923
315463,315469,317783,6,2314,2,18000,1.00259291271
315465,315475,317853,10,2378,2,18000,1.00420521447
315523,315529,317893,6,2364,2,18000,1.00253807107
315539,315545,317836,6,2291,2,18000,1.00261894369
315572,315578,317798,6,2220,2,18000,1.0027027027
315599,315605,317969,6,2364,2,18000,1.00253807107
315645,315651,318064,6,2413,2,18000,1.00248653129
315737,315743,318099,6,2356,2,18000,1.0025466893
315739,315749,318152,10,2403,2,18000,1.00416146484
315760,315766,318223,6,2457,2,18000,1.00244200244
315767,315773,318216,6,2443,2,18000,1.00245599673
315784,315790,317783,6,1993,2,18000,1.00301053688
315786,315796,318257,10,2461,2,18000,1.00406338887
315789,315801,318216,12,2415,2,18000,1.0049689441
315791,315807,318155,16,2348,2,18000,1.00681431005
315793,315812,318162,19,2350,2,18000,1.00808510638
315847,315854,318131,7,2277,2,18000,1.00307422047
315863,315870,318256,7,2386,2,18000,1.00293378039
315879,315886,318295,7,2409,2,18000,1.00290577003
315940,315946,318301,6,2355,2,18000,1.0025477707
315943,315952,318357,9,2405,2,18000,1.00374220374
315959,315965,318294,6,2329,2,18000,1.00257621297
315961,315971,318383,10,2412,2,18000,1.00414593698
315992,315998,318192,6,2194,2,18000,1.00273473108
316031,316037,318421,6,2384,2,18000,1.00251677852
316093,316099,318518,6,2419,2,18000,1.00248036379
316129,316136,318386,7,2250,2,18000,1.00311111111
316169,316176,318619,7,2443,2,18000,1.00286532951
316359,316366,318717,7,2351,2,18000,1.0029774564
316442,316448,318817,6,2369,2,18000,1.00253271423
316686,316692,319084,6,2392,2,18000,1.0025083612
317152,317158,319445,6,2287,2,18000,1.00262352427
317220,317226,319645,6,2419,2,18000,1.00248036379
317406,317412,319841,6,2429,2,18000,1.00247015233
317464,317470,321509,6,4039,1,10800,1.00148551622
317501,317507,319901,6,2394,2,18000,1.00250626566
317589,317600,317648,11,48,1,600,1.22916666667
317589,317595,317596,6,1,1,60,1.0
317704,317710,320105,6,2395,2,18000,1.00250521921
317734,317740,319943,6,2203,2,18000,1.00272355878
317743,317749,318092,6,343,16,300,1.01749271137
317789,317795,320188,6,2393,2,18000,1.002507313
317791,317801,320179,10,2378,2,18000,1.00420521447
317807,317814,319972,7,2158,2,18000,1.00324374421
317846,317852,320228,6,2376,2,18000,1.00252525253
317862,317869,320236,7,2367,2,18000,1.00295732995
317865,317875,320118,10,2243,2,18000,1.00445831476
317867,317880,320328,13,2448,2,18000,1.00531045752
317883,317889,320291,6,2402,2,18000,1.0024979184
317899,317906,320245,7,2339,2,18000,1.00299273194
317976,317982,320299,6,2317,2,18000,1.00258955546
318075,318081,320338,6,2257,2,18000,1.0026583961
318106,318112,320521,6,2409,2,18000,1.00249066002
318137,318143,320508,6,2365,2,18000,1.00253699789
318163,318169,320603,6,2434,2,18000,1.00246507806
318164,318185,318885,21,700,2,14400,1.03
318166,318175,320575,9,2400,2,18000,1.00375
318168,318180,320522,12,2342,2,18000,1.00512382579
318204,318210,320621,6,2411,2,18000,1.00248859394
318225,318231,320467,6,2236,2,18000,1.00268336315
318227,318237,320676,10,2439,2,18000,1.004100041
318230,318242,320592,12,2350,2,18000,1.00510638298
318264,318269,320701,5,2432,2,18000,1.00205592105
318266,318275,320645,9,2370,2,18000,1.00379746835
318305,318311,320660,6,2349,2,18000,1.00255427842
318307,318317,320776,10,2459,2,18000,1.00406669378
318310,318322,320792,12,2470,2,18000,1.0048582996
318364,318370,320790,6,2420,2,18000,1.00247933884
318392,318398,320801,6,2403,2,18000,1.0024968789
318394,318404,320794,10,2390,2,18000,1.00418410042
318428,318434,320717,6,2283,2,18000,1.00262812089
318476,318482,318490,6,8,16,300,1.4
318482,318488,320494,6,2006,2,14400,1.00299102692
318525,318531,320957,6,2426,2,18000,1.00247320692
318630,318636,321011,6,2375,2,18000,1.00252631579
318725,318731,321108,6,2377,2,18000,1.00252419016
318738,318744,318838,6,94,1,21600,1.06382978723
318777,318783,318784,6,1,3,3600,1.0
318826,318832,321260,6,2428,2,18000,1.00247116969
318941,318947,319069,6,122,1,21600,1.04918032787
319027,319034,319035,7,1,2,3600,1.0
319036,319042,319121,6,79,12,32400,1.07594936709
319091,319098,321531,7,2433,2,18000,1.00287710645
319176,319182,322918,6,3736,1,3600,1.00160599572
319209,319215,323639,6,4424,1,21600,1.0013562387
319212,319221,319222,9,1,3,36000,1.0
319453,319459,321826,6,2367,2,18000,1.00253485425
319651,319658,322049,7,2391,2,18000,1.00292764534
319743,319749,326962,6,7213,16,7200,1.00083183142
319849,319855,322293,6,2438,2,18000,1.00246103363
319911,319917,322212,6,2295,2,18000,1.00261437908
319950,319957,322424,7,2467,2,18000,1.0028374544
319981,319987,322360,6,2373,2,18000,1.00252844501
320112,320118,322547,6,2429,2,18000,1.00247015233
320128,320134,322479,6,2345,2,18000,1.00255863539
320186,320192,322572,6,2380,2,18000,1.0025210084
320202,320208,322598,6,2390,2,18000,1.00251046025
320235,320241,322636,6,2395,2,18000,1.00250521921
320251,320257,322674,6,2417,2,18000,1.00248241622
320254,320263,322642,9,2379,2,18000,1.00378310214
320300,320306,322739,6,2433,2,18000,1.00246609125
320307,320313,322723,6,2410,2,18000,1.00248962656
320339,320346,322564,7,2218,2,18000,1.00315599639
320347,320353,322497,6,2144,2,18000,1.00279850746
320474,320480,322825,6,2345,2,18000,1.00255863539
320493,320499,320558,6,59,3,540000,1.10169491525
320514,320520,322904,6,2384,2,18000,1.00251677852
320530,320536,322943,6,2407,2,18000,1.00249272954
320533,320542,322875,9,2333,2,18000,1.00385769396
320582,320592,322979,10,2387,2,18000,1.00418935903
320603,320609,322899,6,2290,2,18000,1.00262008734
320604,320614,324320,10,3706,12,3600,1.00269832704
320619,320625,323010,6,2385,2,18000,1.00251572327
320635,320641,323103,6,2462,2,18000,1.00243704305
320651,320657,322985,6,2328,2,18000,1.00257731959
320667,320673,323146,6,2473,2,18000,1.00242620299
320683,320689,323086,6,2397,2,18000,1.00250312891
320707,320713,323106,6,2393,2,18000,1.002507313
320723,320729,323166,6,2437,2,18000,1.0024620435
320751,320757,320963,6,206,4,540000,1.02912621359
320785,320791,323196,6,2405,2,18000,1.00249480249
320801,320807,323187,6,2380,2,18000,1.0025210084
320803,320813,323075,10,2262,2,18000,1.00442086649
320806,320818,323222,12,2404,2,18000,1.00499168053
320808,320824,323226,16,2402,2,18000,1.00666111574
320954,320960,320961,6,1,4,540000,1.0
320964,320970,323383,6,2413,2,18000,1.00248653129
320978,320989,321064,11,75,4,540000,1.14666666667
320979,320984,324699,5,3715,1,3600,1.00134589502
321018,321025,323444,7,2419,2,18000,1.00289375775
321117,321123,323510,6,2387,2,18000,1.00251361542
321267,321273,323622,6,2349,2,18000,1.00255427842
321539,321545,323868,6,2323,2,18000,1.00258286698
321716,321722,321769,6,47,4,540000,1.12765957447
321833,321839,324214,6,2375,2,18000,1.00252631579
321995,322001,322086,6,85,4,540000,1.07058823529
322056,322062,324382,6,2320,2,18000,1.0025862069
322220,322227,324611,7,2384,2,18000,1.00293624161
322299,322306,324736,7,2430,2,18000,1.00288065844
322366,322372,324740,6,2368,2,18000,1.00253378378
322431,322437,324741,6,2304,2,18000,1.00260416667
322486,322492,324768,6,2276,2,18000,1.00263620387
322507,322513,324913,6,2400,2,18000,1.0025
322555,322561,324825,6,2264,2,18000,1.00265017668
322572,322578,324938,6,2360,2,18000,1.00254237288
322588,322594,325002,6,2408,2,18000,1.00249169435
322604,322610,324856,6,2246,2,18000,1.00267141585
322644,322650,325036,6,2386,2,18000,1.0025146689
322652,322658,325084,6,2426,2,18000,1.00247320692
322660,322666,359958,6,37292,4,540000,1.00016089242
322682,322688,325039,6,2351,2,18000,1.00255210549
322731,322737,325134,6,2397,2,18000,1.00250312891
322747,322753,325130,6,2377,2,18000,1.00252419016
322833,322839,325239,6,2400,2,18000,1.0025
322881,322888,325314,7,2426,2,18000,1.00288540808
322906,322912,325337,6,2425,2,18000,1.0024742268
322914,322920,325293,6,2373,2,18000,1.00252844501
322950,322957,325320,7,2363,2,18000,1.00296233601
322987,322994,325379,7,2385,2,18000,1.00293501048
322995,323001,325288,6,2287,2,18000,1.00262352427
323019,323025,325407,6,2382,2,18000,1.00251889169
323086,323092,325493,6,2401,2,18000,1.00249895877
323093,323099,325509,6,2410,2,18000,1.00248962656
323115,323121,325486,6,2365,2,18000,1.00253699789
323117,323127,325477,10,2350,2,18000,1.00425531915
323153,323159,325532,6,2373,2,18000,1.00252844501
323174,323180,325602,6,2422,2,18000,1.00247729149
323195,323201,325589,6,2388,2,18000,1.00251256281
323212,323218,325569,6,2351,2,18000,1.00255210549
323233,323239,325257,6,2018,2,18000,1.00297324083
323235,323245,325456,10,2211,2,18000,1.00452284034
323390,323396,325663,6,2267,2,18000,1.00264666961
323456,323462,325744,6,2282,2,18000,1.00262927257
323517,323523,325876,6,2353,2,18000,1.00254993625
323630,323637,325980,7,2343,2,18000,1.00298762271
323722,323728,323798,6,70,1,1800,1.08571428571
323879,323885,326356,6,2471,2,18000,1.00242816673
324129,324135,324250,6,115,1,1800,1.05217391304
324226,324232,326578,6,2346,2,18000,1.00255754476
324389,324395,326703,6,2308,2,18000,1.00259965338
324618,324624,326900,6,2276,2,18000,1.00263620387
324743,324750,327077,7,2327,2,18000,1.00300816502
324746,324756,327055,10,2299,2,18000,1.00434971727
324748,324761,327106,13,2345,2,18000,1.00554371002
324776,324782,327124,6,2342,2,18000,1.00256191289
324834,324840,327244,6,2404,2,18000,1.00249584027
324864,324870,327257,6,2387,2,18000,1.00251361542
324909,324915,325357,6,442,1,1800,1.01357466063
324920,324926,327264,6,2338,2,18000,1.00256629598
324946,324952,327334,6,2382,2,18000,1.00251889169
325010,325016,327191,6,2175,2,18000,1.00275862069
325045,325051,327460,6,2409,2,18000,1.00249066002
325047,325057,327428,10,2371,2,18000,1.00421762969
325090,325097,327472,7,2375,2,18000,1.00294736842
325138,325144,327545,6,2401,2,18000,1.00249895877
325140,325150,327516,10,2366,2,18000,1.00422654269
325249,325255,327620,6,2365,2,18000,1.00253699789
325265,325271,327669,6,2398,2,18000,1.00250208507
325295,325301,327605,6,2304,2,18000,1.00260416667
325303,325309,327709,6,2400,2,18000,1.0025
325324,325330,327708,6,2378,2,18000,1.00252312868
325326,325336,327699,10,2363,2,18000,1.00423190859
325347,325353,327761,6,2408,2,18000,1.00249169435
325387,325393,327711,6,2318,2,18000,1.00258843831
325414,325420,327669,6,2249,2,18000,1.00266785238
325463,325469,327848,6,2379,2,18000,1.0025220681
325485,325491,327791,6,2300,2,18000,1.00260869565
325502,325508,327976,6,2468,2,18000,1.00243111831
325504,325514,327771,10,2257,2,18000,1.00443066017
325527,325533,327852,6,2319,2,18000,1.00258732212
325545,325552,327952,7,2400,2,18000,1.00291666667
325577,325583,327843,6,2260,2,18000,1.00265486726
325599,325604,327900,5,2296,2,18000,1.00217770035
325615,325621,328031,6,2410,2,18000,1.00248962656
325670,325676,327991,6,2315,2,18000,1.00259179266
325752,325758,328149,6,2391,2,18000,1.00250941029
325889,325895,328264,6,2369,2,18000,1.00253271423
325986,325992,328297,6,2305,2,18000,1.00260303688
326367,326373,328776,6,2403,2,18000,1.0024968789
326590,326596,328926,6,2330,2,18000,1.0025751073
326715,326721,328919,6,2198,2,18000,1.00272975432
326909,326915,329331,6,2416,2,18000,1.00248344371
327062,327068,329393,6,2325,2,18000,1.00258064516
327083,327089,329500,6,2411,2,18000,1.00248859394
327114,327120,329451,6,2331,2,18000,1.00257400257
327135,327141,329356,6,2215,2,18000,1.00270880361
327199,327205,329645,6,2440,2,18000,1.00245901639
327223,327229,327261,6,32,1,1800,1.1875
327251,327257,329691,6,2434,2,18000,1.00246507806
327267,327274,329711,7,2437,2,18000,1.00287238408
327270,327280,329648,10,2368,2,18000,1.00422297297
327340,327346,329720,6,2374,2,18000,1.00252737995
327406,327411,329081,5,1670,64,7200,1.00299401198
327434,327440,329780,6,2340,2,18000,1.00256410256
327467,327474,329807,7,2333,2,18000,1.00300042863
327483,327490,329907,7,2417,2,18000,1.00289615225
327524,327530,329786,6,2256,2,18000,1.00265957447
327556,327562,329876,6,2314,2,18000,1.00259291271
327604,327610,327693,6,83,1,1800,1.07228915663
327616,327622,329957,6,2335,2,18000,1.00256959315
327632,327638,329902,6,2264,2,18000,1.00265017668
327678,327684,330024,6,2340,2,18000,1.00256410256
327680,327690,329979,10,2289,2,18000,1.00436871997
327708,327714,330035,6,2321,2,18000,1.00258509263
327715,327721,330035,6,2314,2,18000,1.00259291271
327732,327738,330061,6,2323,2,18000,1.00258286698
327734,327744,330131,10,2387,2,18000,1.00418935903
327768,327774,330219,6,2445,2,18000,1.00245398773
327784,327790,330153,6,2363,2,18000,1.00253914515
327800,327807,330119,7,2312,2,18000,1.00302768166
327850,327857,330221,7,2364,2,18000,1.00296108291
327857,327863,330235,6,2372,2,18000,1.00252951096
327874,327880,330195,6,2315,2,18000,1.00259179266
327907,327913,330285,6,2372,2,18000,1.00252951096
327962,327968,330300,6,2332,2,18000,1.0025728988
327986,327992,330259,6,2267,2,18000,1.00264666961
328002,328008,330322,6,2314,2,18000,1.00259291271
328039,328045,330382,6,2337,2,18000,1.00256739409
328160,328166,330529,6,2363,2,18000,1.00253914515
328270,328276,330691,6,2415,2,18000,1.00248447205
328304,328310,330716,6,2406,2,18000,1.00249376559
328599,328605,328853,6,248,1,1800,1.02419354839
328787,328794,331026,7,2232,2,18000,1.00313620072
328930,328936,331341,6,2405,2,18000,1.00249480249
328932,328942,331372,10,2430,2,18000,1.00411522634
329337,329343,331769,6,2426,2,18000,1.00247320692
329364,329370,331711,6,2341,2,18000,1.00256300726
329401,329407,331755,6,2348,2,18000,1.00255536627
329459,329465,331856,6,2391,2,18000,1.00250941029
329507,329514,331892,7,2378,2,18000,1.00294365013
329654,329660,331941,6,2281,2,18000,1.00263042525
329656,329666,332087,10,2421,2,18000,1.00413052458
329700,329706,332065,6,2359,2,18000,1.00254345061
329721,329728,332068,7,2340,2,18000,1.00299145299
329729,329735,332086,6,2351,2,18000,1.00255210549
329787,329793,332199,6,2406,2,18000,1.00249376559
329794,329801,332203,7,2402,2,18000,1.00291423813
329816,329822,332236,6,2414,2,18000,1.00248550124
329882,329889,332249,7,2360,2,18000,1.00296610169
329910,329916,332248,6,2332,2,18000,1.0025728988
329917,329923,332267,6,2344,2,18000,1.00255972696
329964,329970,332280,6,2310,2,18000,1.0025974026
329985,329991,332419,6,2428,2,18000,1.00247116969
330036,330042,332371,6,2329,2,18000,1.00257621297
330043,330049,332440,6,2391,2,18000,1.00250941029
330045,330055,332387,10,2332,2,18000,1.00428816467
330073,330079,332369,6,2290,2,18000,1.00262008734
330125,330131,332546,6,2415,2,18000,1.00248447205
330141,330148,332319,7,2171,2,18000,1.00322432059
330143,330154,330176,11,22,1,1800,1.5
330163,330169,332611,6,2442,2,18000,1.00245700246
330203,330209,332632,6,2423,2,18000,1.00247626909
330227,330234,332618,7,2384,2,18000,1.00293624161
330230,330240,332532,10,2292,2,18000,1.00436300175
330246,330252,332541,6,2289,2,18000,1.00262123198
330267,330273,332667,6,2394,2,18000,1.00250626566
330292,330298,332705,6,2407,2,18000,1.00249272954
330308,330314,332683,6,2369,2,18000,1.00253271423
330329,330335,332765,6,2430,2,18000,1.0024691358
330393,330399,332760,6,2361,2,18000,1.00254129606
330482,330488,330545,6,57,1,1800,1.10526315789
330540,330546,332923,6,2377,2,18000,1.00252419016
330699,330705,332991,6,2286,2,18000,1.00262467192
330724,330730,333089,6,2359,2,18000,1.00254345061
331037,331043,333374,6,2331,2,18000,1.00257400257
331158,331164,331231,6,67,1,1800,1.08955223881
331348,331354,333750,6,2396,2,18000,1.00250417362
331379,331385,333818,6,2433,2,18000,1.00246609125
331718,331724,334082,6,2358,2,18000,1.00254452926
331761,331768,334125,7,2357,2,18000,1.00296987696
331778,331784,334187,6,2403,2,18000,1.0024968789
331865,331871,334056,6,2185,2,18000,1.00274599542
331899,331904,334289,5,2385,2,18000,1.00209643606
331948,331954,334337,6,2383,2,18000,1.00251783466
332072,332078,334419,6,2341,2,18000,1.00256300726
332074,332084,334478,10,2394,2,18000,1.00417710944
332096,332102,334458,6,2356,2,18000,1.0025466893
332098,332108,334486,10,2378,2,18000,1.00420521447
332206,332212,334584,6,2372,2,18000,1.00252951096
332208,332218,334475,10,2257,2,18000,1.00443066017
332244,332251,334668,7,2417,2,18000,1.00289615225
332261,332267,334676,6,2409,2,18000,1.00249066002
332263,332273,334675,10,2402,2,18000,1.00416319734
332279,332285,334683,6,2398,2,18000,1.00250208507
332295,332301,334642,6,2341,2,18000,1.00256300726
332326,332332,334568,6,2236,2,18000,1.00268336315
332380,332386,334727,6,2341,2,18000,1.00256300726
332383,332392,334748,9,2356,2,18000,1.00382003396
332399,332405,334866,6,2461,2,18000,1.00243803332
332426,332432,334828,6,2396,2,18000,1.00250417362
332447,332453,334916,6,2463,2,18000,1.00243605359
332538,332544,334881,6,2337,2,18000,1.00256739409
332554,332561,334939,7,2378,2,18000,1.00294365013
332557,332567,334910,10,2343,2,18000,1.00426803244
332619,332625,334888,6,2263,2,18000,1.00265134777
332626,332632,334829,6,2197,2,18000,1.00273099681
332643,332649,334954,6,2305,2,18000,1.00260303688
332678,332684,335049,6,2365,2,18000,1.00253699789
332694,332700,335021,6,2321,2,18000,1.00258509263
332715,332721,334921,6,2200,2,18000,1.00272727273
332767,332774,335210,7,2436,2,18000,1.00287356322
332775,332781,335093,6,2312,2,18000,1.00259515571
332931,332937,335347,6,2410,2,18000,1.00248962656
332999,333005,335338,6,2333,2,18000,1.00257179597
333055,333061,333081,6,20,1,1800,1.3
333097,333103,335591,6,2488,2,18000,1.00241157556
333382,333388,335738,6,2350,2,18000,1.00255319149
333402,333408,333462,6,54,1,1800,1.11111111111
333758,333764,336119,6,2355,2,18000,1.0025477707
333825,333831,336225,6,2394,2,18000,1.00250626566
334062,334068,336480,6,2412,2,18000,1.00248756219
334090,334096,336538,6,2442,2,18000,1.00245700246
334132,334139,336519,7,2380,2,18000,1.00294117647
334194,334199,336477,5,2278,2,18000,1.00219490781
334297,334303,336615,6,2312,2,18000,1.00259515571
334339,334345,334412,6,67,1,1800,1.08955223881
334348,334354,336658,6,2304,2,18000,1.00260416667
334427,334433,336820,6,2387,2,18000,1.00251361542
334469,334475,336881,6,2406,2,18000,1.00249376559
334485,334491,336846,6,2355,2,18000,1.0025477707
334487,334497,336970,10,2473,2,18000,1.00404367165
334503,334509,336846,6,2337,2,18000,1.00256739409
334576,334583,336938,7,2355,2,18000,1.00297239915
334593,334599,336878,6,2279,2,18000,1.00263273366
334652,334658,337124,6,2466,2,18000,1.00243309002
334677,334683,337052,6,2369,2,18000,1.00253271423
334684,334690,337003,6,2313,2,18000,1.00259403372
334686,334696,337139,10,2443,2,18000,1.00409332788
334702,334708,337194,6,2486,2,18000,1.00241351569
334736,334742,337239,6,2497,2,18000,1.00240288346
334757,334763,337155,6,2392,2,18000,1.0025083612
334837,334843,337329,6,2486,2,18000,1.00241351569
334839,334849,337257,10,2408,2,18000,1.00415282392
334873,334879,337283,6,2404,2,18000,1.00249584027
334889,334895,337278,6,2383,2,18000,1.00251783466
334895,334901,334903,6,2,2,615,1.0
334896,334907,337217,11,2310,2,18000,1.00476190476
334918,334924,337326,6,2402,2,18000,1.0024979184
334925,334931,337331,6,2400,2,18000,1.0025
334941,334947,337281,6,2334,2,18000,1.00257069409
334949,334955,337310,6,2355,2,18000,1.0025477707
334965,334971,337339,6,2368,2,18000,1.00253378378
335029,335036,337454,7,2418,2,18000,1.00289495451
335057,335063,337490,6,2427,2,18000,1.00247218789
335100,335106,337460,6,2354,2,18000,1.00254885302
335218,335224,337512,6,2288,2,18000,1.00262237762
335345,335351,337780,6,2429,2,18000,1.00247015233
335361,335367,337641,6,2274,2,18000,1.00263852243
335598,335604,337998,6,2394,2,18000,1.00250626566
335746,335752,338165,6,2413,2,18000,1.00248653129
335891,335897,335899,6,2,2,615,1.0
336130,336136,338471,6,2335,2,18000,1.00256959315
336234,336240,338636,6,2396,2,18000,1.00250417362
336487,336493,338799,6,2306,2,18000,1.00260190807
336489,336499,338702,10,2203,2,18000,1.00453926464
336526,336532,338906,6,2374,2,18000,1.00252737995
336547,336553,339004,6,2451,2,18000,1.00244798042
336624,336630,338950,6,2320,2,18000,1.0025862069
336668,336674,339053,6,2379,2,18000,1.0025220681
336827,336833,339218,6,2385,2,18000,1.00251572327
336854,336861,339256,7,2395,2,18000,1.00292275574
336857,336867,339270,10,2403,2,18000,1.00416146484
336884,336890,339225,6,2335,2,18000,1.00256959315
336892,336898,339264,6,2366,2,18000,1.00253592561
336946,336953,339362,7,2409,2,18000,1.00290577003
336977,336983,339364,6,2381,2,18000,1.0025199496
337011,337017,339349,6,2332,2,18000,1.0025728988
337060,337066,339453,6,2387,2,18000,1.00251361542
337131,337137,339583,6,2446,2,18000,1.00245298446
337147,337153,339560,6,2407,2,18000,1.00249272954
337163,337169,339428,6,2259,2,18000,1.0026560425
337202,337209,339662,7,2453,2,18000,1.00285364859
337223,337230,339593,7,2363,2,18000,1.00296233601
337248,337254,339667,6,2413,2,18000,1.00248653129
337264,337270,339617,6,2347,2,18000,1.00255645505
337285,337291,339675,6,2384,2,18000,1.00251677852
337288,337298,339701,10,2403,2,18000,1.00416146484
337290,337303,339697,13,2394,2,18000,1.00543024227
337317,337323,339566,6,2243,2,18000,1.00267498885
337334,337339,339598,5,2259,2,18000,1.00221336875
337336,337345,339635,9,2290,2,18000,1.003930131
337338,337350,339646,12,2296,2,18000,1.00522648084
337354,337360,339733,6,2373,2,18000,1.00252844501
337461,337467,339888,6,2421,2,18000,1.00247831475
337468,337474,339827,6,2353,2,18000,1.00254993625
337499,337505,339890,6,2385,2,18000,1.00251572327
337520,337526,339954,6,2428,2,18000,1.00247116969
337650,337656,340064,6,2408,2,18000,1.00249169435
337787,337794,340158,7,2364,2,18000,1.00296108291
338005,338011,340371,6,2360,2,18000,1.00254237288
338173,338179,340449,6,2270,2,18000,1.00264317181
338477,338483,340856,6,2373,2,18000,1.00252844501
338645,338651,340997,6,2346,2,18000,1.00255754476
338709,338715,341131,6,2416,2,18000,1.00248344371
338806,338812,341248,6,2436,2,18000,1.00246305419
338913,338919,341280,6,2361,2,18000,1.00254129606
338959,338965,341205,6,2240,2,18000,1.00267857143
339015,339021,341423,6,2402,2,18000,1.0024979184
339061,339067,341482,6,2415,2,18000,1.00248447205
339226,339232,341529,6,2297,2,18000,1.00261210274
339233,339240,341643,7,2403,2,18000,1.00291302538
339270,339275,341685,5,2410,2,18000,1.0020746888
339272,339281,341704,9,2423,2,18000,1.00371440363
339279,339287,341684,8,2397,2,18000,1.00333750521
339322,339328,339330,6,2,2,615,1.0
339356,339362,341762,6,2400,2,18000,1.0025
339372,339378,341743,6,2365,2,18000,1.00253699789
339374,339384,341673,10,2289,2,18000,1.00436871997
339435,339441,341718,6,2277,2,18000,1.00263504611
339460,339466,341857,6,2391,2,18000,1.00250941029
339571,339578,341983,7,2405,2,18000,1.00291060291
339574,339584,342007,10,2423,2,18000,1.00412711515
339590,339597,341941,7,2344,2,18000,1.00298634812
339607,339613,341920,6,2307,2,18000,1.00260078023
339609,339619,341935,10,2316,2,18000,1.00431778929
339625,339631,341980,6,2349,2,18000,1.00255427842
339641,339647,342088,6,2441,2,18000,1.00245800901
339658,339664,342064,6,2400,2,18000,1.0025
339674,339681,342063,7,2382,2,18000,1.00293870697
339677,339687,341953,10,2266,2,18000,1.00441306267
339693,339699,342097,6,2398,2,18000,1.00250208507
339710,339716,341990,6,2274,2,18000,1.00263852243
339712,339722,342106,10,2384,2,18000,1.00419463087
339739,339745,342144,6,2399,2,18000,1.0025010421
339840,339846,342278,6,2432,2,18000,1.00246710526
339898,339904,342298,6,2394,2,18000,1.00250626566
339900,339910,342289,10,2379,2,18000,1.00420344683
339965,339971,342284,6,2313,2,18000,1.00259403372
340001,340007,340008,6,1,3,360000,1.0
340077,340083,342562,6,2479,2,18000,1.00242033078
340143,340148,340149,5,1,3,540000,1.0
340166,340172,342458,6,2286,2,18000,1.00262467192
340379,340385,342764,6,2379,2,18000,1.0025220681
340460,340466,342920,6,2454,2,18000,1.00244498778
340864,340870,343186,6,2316,2,18000,1.00259067358
341004,341010,343344,6,2334,2,18000,1.00257069409
341140,341146,343529,6,2383,2,18000,1.00251783466
341212,341219,343676,7,2457,2,18000,1.00284900285
341255,341261,343658,6,2397,2,18000,1.00250312891
341291,341297,343661,6,2364,2,18000,1.00253807107
341430,341437,343822,7,2385,2,18000,1.00293501048
341489,341495,343865,6,2370,2,18000,1.00253164557
341537,341543,343883,6,2340,2,18000,1.00256410256
341650,341656,344064,6,2408,2,18000,1.00249169435
341681,341687,343957,6,2270,2,18000,1.00264317181
341697,341703,344029,6,2326,2,18000,1.00257953568
341699,341709,344041,10,2332,2,18000,1.00428816467
341715,341722,344065,7,2343,2,18000,1.00298762271
341732,341738,344147,6,2409,2,18000,1.00249066002
341753,341759,344187,6,2428,2,18000,1.00247116969
341769,341775,344035,6,2260,2,18000,1.00265486726
341864,341870,344201,6,2331,2,18000,1.00257400257
341928,341934,344359,6,2425,2,18000,1.0024742268
341944,341951,344251,7,2300,2,18000,1.00304347826
341947,341957,344351,10,2394,2,18000,1.00417710944
341963,341969,344187,6,2218,2,18000,1.00270513977
341988,341993,344254,5,2261,2,18000,1.00221141088
341990,341999,344390,9,2391,2,18000,1.00376411543
342006,342012,344416,6,2404,2,18000,1.00249584027
342022,342029,344395,7,2366,2,18000,1.00295857988
342072,342078,344416,6,2338,2,18000,1.00256629598
342074,342084,344458,10,2374,2,18000,1.00421229992
342090,342097,342099,7,2,2,300,1.0
342095,342103,344431,8,2328,2,18000,1.00343642612
342112,342118,344589,6,2471,2,18000,1.00242816673
342114,342124,344382,10,2258,2,18000,1.00442869796
342151,342157,344544,6,2387,2,18000,1.00251361542
342286,342292,344644,6,2352,2,18000,1.00255102041
342293,342300,344738,7,2438,2,18000,1.00287120591
342310,342316,344746,6,2430,2,18000,1.0024691358
342312,342322,344594,10,2272,2,18000,1.00440140845
342464,342470,344869,6,2399,2,18000,1.0025010421
342568,342573,344925,5,2352,2,18000,1.00212585034
342770,342776,345054,6,2278,2,18000,1.00263388938
342929,342935,345228,6,2293,2,18000,1.0026166594
343193,343199,345577,6,2378,2,18000,1.00252312868
343352,343358,345798,6,2440,2,18000,1.00245901639
343531,343538,360235,7,16697,8,180000,1.00041923699
343535,343544,345990,9,2446,2,18000,1.0036794767
343669,343675,345980,6,2305,2,18000,1.00260303688
343671,343681,346027,10,2346,2,18000,1.0042625746
343687,343694,346112,7,2418,2,18000,1.00289495451
343833,343839,346276,6,2437,2,18000,1.0024620435
343836,343845,360253,9,16408,8,180000,1.00054851292
343872,343879,346202,7,2323,2,18000,1.00301334481
343893,343900,346221,7,2321,2,18000,1.0030159414
343964,343970,346420,6,2450,2,18000,1.00244897959
344037,344043,346338,6,2295,2,18000,1.00261437908
344044,344051,346477,7,2426,2,18000,1.00288540808
344061,344067,346488,6,2421,2,18000,1.00247831475
344077,344083,346439,6,2356,2,18000,1.0025466893
344079,344089,346539,10,2450,2,18000,1.00408163265
344155,344161,346568,6,2407,2,18000,1.00249272954
344193,344198,360726,5,16528,8,180000,1.00030251694
344195,344204,346626,9,2422,2,18000,1.00371593724
344197,344209,346639,12,2430,2,18000,1.0049382716
344213,344220,346593,7,2373,2,18000,1.00294985251
344259,344265,346572,6,2307,2,18000,1.00260078023
344262,344271,346598,9,2327,2,18000,1.00386764074
344362,344369,346678,7,2309,2,18000,1.00303161542
344365,344375,346671,10,2296,2,18000,1.0043554007
344389,344395,346799,6,2404,2,18000,1.00249584027
344407,344413,346846,6,2433,2,18000,1.00246609125
344410,344419,346853,9,2434,2,18000,1.00369761709
344426,344432,346816,6,2384,2,18000,1.00251677852
344428,344438,346802,10,2364,2,18000,1.00423011844
344433,344444,360425,11,15981,8,180000,1.00068831738
344444,344450,346670,6,2220,2,18000,1.0027027027
344465,344472,346778,7,2306,2,18000,1.00303555941
344550,344556,346966,6,2410,2,18000,1.00248962656
344596,344602,347009,6,2407,2,18000,1.00249272954
344603,344610,347037,7,2427,2,18000,1.0028842192
344652,344658,346910,6,2252,2,18000,1.0026642984
344747,344753,347231,6,2478,2,18000,1.00242130751
344755,344761,347042,6,2281,2,18000,1.00263042525
344877,344883,347208,6,2325,2,18000,1.00258064516
344932,344938,347338,6,2400,2,18000,1.0025
344978,344984,360839,6,15855,8,180000,1.00037842952
345060,345066,347538,6,2472,2,18000,1.00242718447
345235,345242,347598,7,2356,2,18000,1.00297113752
345586,345592,347874,6,2282,2,18000,1.00262927257
345807,345813,348145,6,2332,2,18000,1.0025728988
345993,345999,348413,6,2414,2,18000,1.00248550124
346000,346007,348441,7,2434,2,18000,1.0028759244
346034,346040,348409,6,2369,2,18000,1.00253271423
346119,346125,348533,6,2408,2,18000,1.00249169435
346209,346215,348561,6,2346,2,18000,1.00255754476
346230,346236,348653,6,2417,2,18000,1.00248241622
346284,346291,348705,7,2414,2,18000,1.00289975145
346345,346351,348721,6,2370,2,18000,1.00253164557
346427,346433,348820,6,2387,2,18000,1.00251361542
346448,346454,348872,6,2418,2,18000,1.00248138958
346485,346491,348813,6,2322,2,18000,1.00258397933
346501,346507,348907,6,2400,2,18000,1.0025
346547,346553,348854,6,2301,2,18000,1.00260756193
346574,346580,348988,6,2408,2,18000,1.00249169435
346581,346588,348979,7,2391,2,18000,1.00292764534
346603,346609,348947,6,2338,2,18000,1.00256629598
346605,346615,349053,10,2438,2,18000,1.00410172272
346633,346639,349020,6,2381,2,18000,1.0025199496
346649,346655,349075,6,2420,2,18000,1.00247933884
346681,346687,349066,6,2379,2,18000,1.0025220681
346683,346693,349077,10,2384,2,18000,1.00419463087
346686,346698,349087,12,2389,2,18000,1.00502302219
346698,346704,360714,6,14010,8,180000,1.00042826552
346786,346792,349178,6,2386,2,18000,1.0025146689
346807,346813,349099,6,2286,2,18000,1.00262467192
346810,346819,349230,9,2411,2,18000,1.00373289092
346825,346832,349218,7,2386,2,18000,1.00293378039
346853,346859,349183,6,2324,2,18000,1.00258175559
346860,346866,349287,6,2421,2,18000,1.00247831475
346918,346924,349321,6,2397,2,18000,1.00250312891
346977,346983,349370,6,2387,2,18000,1.00251361542
346994,347000,360312,6,13312,8,180000,1.00045072115
347017,347023,349435,6,2412,2,18000,1.00248756219
347044,347050,349425,6,2375,2,18000,1.00252631579
347051,347057,349413,6,2356,2,18000,1.0025466893
347216,347222,349580,6,2358,2,18000,1.00254452926
347242,347248,349712,6,2464,2,18000,1.00243506494
347345,347351,349725,6,2374,2,18000,1.00252737995
347548,347554,349813,6,2259,2,18000,1.0026560425
347606,347612,350002,6,2390,2,18000,1.00251046025
347880,347885,350251,5,2366,2,18000,1.00211327134
348154,348160,350588,6,2428,2,18000,1.00247116969
348418,348424,350857,6,2433,2,18000,1.00246609125
348420,348430,350840,10,2410,2,18000,1.00414937759
348452,348458,350917,6,2459,2,18000,1.00244001627
348540,348546,350964,6,2418,2,18000,1.00248138958
348567,348574,350923,7,2349,2,18000,1.00297999149
348661,348667,351002,6,2335,2,18000,1.00256959315
348713,348719,351086,6,2367,2,18000,1.00253485425
348729,348735,350920,6,2185,2,18000,1.00274599542
348820,348826,351179,6,2353,2,18000,1.00254993625
348836,348842,351233,6,2391,2,18000,1.00250941029
348865,348871,351326,6,2455,2,18000,1.00244399185
348881,348887,350946,6,2059,2,18000,1.00291403594
348914,348920,351261,6,2341,2,18000,1.00256300726
348954,348960,351367,6,2407,2,18000,1.00249272954
348987,348993,351392,6,2399,2,18000,1.0025010421
349003,349009,351406,6,2397,2,18000,1.00250312891
349027,349033,351275,6,2242,2,18000,1.00267618198
349060,349066,351461,6,2395,2,18000,1.00250521921
349077,349083,351476,6,2393,2,18000,1.002507313
349084,349090,351387,6,2297,2,18000,1.00261210274
349100,349106,351480,6,2374,2,18000,1.00252737995
349103,349112,351303,9,2191,2,18000,1.00410771337
349105,349117,351399,12,2282,2,18000,1.00525854514
349187,349193,351542,6,2349,2,18000,1.00255427842
349189,349199,351521,10,2322,2,18000,1.00430663221
349225,349232,351637,7,2405,2,18000,1.00291060291
349242,349248,351656,6,2408,2,18000,1.00249169435
349296,349302,351642,6,2340,2,18000,1.00256410256
349329,349335,351729,6,2394,2,18000,1.00250626566
349378,349384,351801,6,2417,2,18000,1.00248241622
349420,349426,351664,6,2238,2,18000,1.00268096515
349436,349443,351869,7,2426,2,18000,1.00288540808
349444,349449,351825,5,2376,2,18000,1.0021043771
349587,349593,351984,6,2391,2,18000,1.00250941029
349718,349724,352088,6,2364,2,18000,1.00253807107
349734,349740,352121,6,2381,2,18000,1.0025199496
349819,349825,352187,6,2362,2,18000,1.00254022015
350013,350019,352381,6,2362,2,18000,1.00254022015
350260,350266,352776,6,2510,2,18000,1.00239043825
350599,350605,353008,6,2403,2,18000,1.0024968789
350849,350855,353269,6,2414,2,18000,1.00248550124
350865,350871,353318,6,2447,2,18000,1.00245198202
350928,350934,353247,6,2313,2,18000,1.00259403372
350930,350940,353298,10,2358,2,18000,1.0042408821
350932,350945,353207,13,2262,2,18000,1.00574712644
350954,350960,353325,6,2365,2,18000,1.00253699789
350970,350976,353369,6,2393,2,18000,1.002507313
351009,351015,353296,6,2281,2,18000,1.00263042525
351094,351100,353464,6,2364,2,18000,1.00253807107
351188,351194,353604,6,2410,2,18000,1.00248962656
351239,351245,353535,6,2290,2,18000,1.00262008734
351270,351276,353557,6,2281,2,18000,1.00263042525
351286,351292,353701,6,2409,2,18000,1.00249066002
351310,351316,353670,6,2354,2,18000,1.00254885302
351334,351340,353603,6,2263,2,18000,1.00265134777
351373,351379,353701,6,2322,2,18000,1.00258397933
351395,351401,353803,6,2402,2,18000,1.0024979184
351402,351408,353768,6,2360,2,18000,1.00254237288
351418,351424,353670,6,2246,2,18000,1.00267141585
351420,351430,353799,10,2369,2,18000,1.00422119038
351469,351475,353872,6,2397,2,18000,1.00250312891
351485,351491,353860,6,2369,2,18000,1.00253271423
351488,351497,353910,9,2413,2,18000,1.00372979693
351527,351533,353912,6,2379,2,18000,1.0025220681
351554,351560,353992,6,2432,2,18000,1.00246710526
351645,351651,354051,6,2400,2,18000,1.0025
351648,351657,353999,9,2342,2,18000,1.00384286934
351664,351670,354040,6,2370,2,18000,1.00253164557
351680,351686,354108,6,2422,2,18000,1.00247729149
351738,351744,354108,6,2364,2,18000,1.00253807107
351807,351813,354123,6,2310,2,18000,1.0025974026
351831,351837,354183,6,2346,2,18000,1.00255754476
351877,351883,354177,6,2294,2,18000,1.00261551874
351992,351999,354240,7,2241,2,18000,1.00312360553
352096,352102,354496,6,2394,2,18000,1.00250626566
352108,352114,352119,6,5,2,300,1.1
352129,352135,354593,6,2458,2,18000,1.00244100895
352129,352140,352168,11,28,2,300,1.39285714286
352179,352186,352246,7,60,2,300,1.11666666667
352193,352199,354419,6,2220,2,18000,1.0027027027
352257,352263,352522,6,259,2,300,1.02316602317
352388,352395,354828,7,2433,2,18000,1.00287710645
352534,352540,352549,6,9,2,300,1.5
352559,352565,352592,6,27,2,300,1.22222222222
352605,352612,352648,7,36,2,360,1.19444444444
352656,352662,352973,6,311,2,300,1.0192926045
352784,352790,355296,6,2506,2,18000,1.00239425379
353015,353021,355427,6,2406,2,18000,1.00249376559
353062,353068,353321,6,253,2,360,1.02371541502
353216,353222,355665,6,2443,2,18000,1.00245599673
353255,353261,355665,6,2404,2,18000,1.00249584027
353276,353283,355692,7,2409,2,18000,1.00290577003
353304,353309,355724,5,2415,2,18000,1.00207039337
353306,353315,355643,9,2328,2,18000,1.00386597938
353327,353333,355659,6,2326,2,18000,1.00257953568
353335,353341,355720,6,2379,2,18000,1.0025220681
353380,353386,355772,6,2386,2,18000,1.0025146689
353472,353478,355902,6,2424,2,18000,1.00247524752
353542,353548,355942,6,2394,2,18000,1.00250626566
353563,353569,355943,6,2374,2,18000,1.00252737995
353614,353620,355837,6,2217,2,18000,1.00270635995
353616,353626,355929,10,2303,2,18000,1.0043421624
353677,353683,356059,6,2376,2,18000,1.00252525253
353679,353689,356099,10,2410,2,18000,1.00414937759
353710,353716,356165,6,2449,2,18000,1.00244997958
353712,353722,356050,10,2328,2,18000,1.00429553265
353776,353783,356048,7,2265,2,18000,1.00309050773
353807,353813,356261,6,2448,2,18000,1.00245098039
353809,353819,356117,10,2298,2,18000,1.0043516101
353867,353873,356076,6,2203,2,18000,1.00272355878
353883,353889,356161,6,2272,2,18000,1.00264084507
353917,353923,356374,6,2451,2,18000,1.00244798042
353919,353929,356286,10,2357,2,18000,1.00424268137
353999,354005,356355,6,2350,2,18000,1.00255319149
354006,354012,356442,6,2430,2,18000,1.0024691358
354049,354055,356361,6,2306,2,18000,1.00260190807
354065,354071,356439,6,2368,2,18000,1.00253378378
354115,354121,356519,6,2398,2,18000,1.00250208507
354117,354127,356538,10,2411,2,18000,1.00414765657
354134,354140,356484,6,2344,2,18000,1.00255972696
354183,354189,356593,6,2404,2,18000,1.00249584027
354199,354206,356569,7,2363,2,18000,1.00296233601
354248,354255,356697,7,2442,2,18000,1.00286650287
354427,354433,356800,6,2367,2,18000,1.00253485425
354503,354509,356799,6,2290,2,18000,1.00262008734
354601,354607,356835,6,2228,2,18000,1.0026929982
354835,354841,357241,6,2400,2,18000,1.0025
355304,355310,357588,6,2278,2,18000,1.00263388938
355436,355442,357804,6,2362,2,18000,1.00254022015
355649,355655,358046,6,2391,2,18000,1.00250941029
355665,355671,358007,6,2336,2,18000,1.00256849315
355673,355679,358039,6,2360,2,18000,1.00254237288
355675,355685,358000,10,2315,2,18000,1.00431965443
355700,355706,358151,6,2445,2,18000,1.00245398773
355727,355734,358109,7,2375,2,18000,1.00294736842
355730,355740,358090,10,2350,2,18000,1.00425531915
355778,355784,358150,6,2366,2,18000,1.00253592561
355846,355852,358180,6,2328,2,18000,1.00257731959
355910,355916,358292,6,2376,2,18000,1.00252525253
355937,355943,358255,6,2312,2,18000,1.00259515571
355953,355960,358242,7,2282,2,18000,1.00306748466
355956,355966,358230,10,2264,2,18000,1.00441696113
356056,356062,358500,6,2438,2,18000,1.00246103363
356058,356068,358474,10,2406,2,18000,1.00415627598
356075,356081,358357,6,2276,2,18000,1.00263620387
356091,356097,358390,6,2293,2,18000,1.0026166594
356107,356113,358539,6,2426,2,18000,1.00247320692
356123,356129,358496,6,2367,2,18000,1.00253485425
356169,356175,358578,6,2403,2,18000,1.0024968789
356172,356182,358578,10,2396,2,18000,1.0041736227
356269,356276,358564,7,2288,2,18000,1.00305944056
356294,356300,358653,6,2353,2,18000,1.00254993625
356361,356367,358813,6,2446,2,18000,1.00245298446
356368,356375,358653,7,2278,2,18000,1.00307287094
356385,356391,358820,6,2429,2,18000,1.00247015233
356446,356452,358870,6,2418,2,18000,1.00248138958
356448,356458,358873,10,2415,2,18000,1.00414078675
356491,356497,358805,6,2308,2,18000,1.00259965338
356527,356534,358945,7,2411,2,18000,1.0029033596
356549,356555,358844,6,2289,2,18000,1.00262123198
356576,356582,358886,6,2304,2,18000,1.00260416667
356600,356606,358999,6,2393,2,18000,1.002507313
356704,356710,359154,6,2444,2,18000,1.00245499182
356806,356811,359236,5,2425,2,18000,1.00206185567
356808,356817,359152,9,2335,2,18000,1.00385438972
356847,356853,359214,6,2361,2,18000,1.00254129606
357247,357254,359568,7,2314,2,18000,1.00302506482
357596,357602,359877,6,2275,2,18000,1.00263736264
357811,357818,375858,7,18040,2,18000,1.00038802661
358007,358013,376059,6,18046,2,18000,1.00033248365
358023,358029,376038,6,18009,2,18000,1.00033316675
358047,358053,376100,6,18047,2,18000,1.00033246523
358055,358061,376075,6,18014,2,18000,1.00033307428
358097,358104,376120,7,18016,2,18000,1.00038854352
358119,358125,376160,6,18035,2,18000,1.00033268644
358161,358167,376170,6,18003,2,18000,1.00033327779
358163,358173,376219,10,18046,2,18000,1.00055413942
358187,358193,376218,6,18025,2,18000,1.00033287101
358241,358247,376273,6,18026,2,18000,1.00033285255
358257,358263,376267,6,18004,2,18000,1.00033325928
358264,358271,376310,7,18039,2,18000,1.00038804812
358298,358304,376318,6,18014,2,18000,1.00033307428
358366,358372,376409,6,18037,2,18000,1.00033264955
358396,358402,376448,6,18046,2,18000,1.00033248365
358481,358487,376489,6,18002,2,18000,1.0003332963
358503,358509,376534,6,18025,2,18000,1.00033287101
358505,358515,376539,10,18024,2,18000,1.0005548158
358548,358554,376583,6,18029,2,18000,1.00033279716
358572,358578,376588,6,18010,2,18000,1.00033314825
358588,358594,376629,6,18035,2,18000,1.00033268644
358591,358600,376631,9,18031,2,18000,1.00049914037
358661,358667,376671,6,18004,2,18000,1.00033325928
358663,358673,376682,10,18009,2,18000,1.00055527792
358814,358820,376830,6,18010,2,18000,1.00033314825
358821,358827,376851,6,18024,2,18000,1.00033288948
358838,358844,361190,6,2346,2,18000,1.00255754476
358854,358860,376906,6,18046,2,18000,1.00033248365
358878,358884,376897,6,18013,2,18000,1.00033309277
358880,358890,376893,10,18003,2,18000,1.00055546298
358897,358903,376941,6,18038,2,18000,1.00033263111
358952,358958,376986,6,18028,2,18000,1.00033281562
359008,359014,377030,6,18016,2,18000,1.0003330373
359159,359165,377168,6,18003,2,18000,1.00033327779
359161,359171,361560,10,2389,2,18000,1.00418585182
359220,359226,377257,6,18031,2,18000,1.00033276025
359247,359253,377299,6,18046,2,18000,1.00033248365
359575,359582,360237,7,655,2,18000,1.0106870229
359888,359895,360549,7,654,2,18000,1.01070336391
373840,373846,376269,6,2423,2,18000,1.00247626909
373842,373852,376257,10,2405,2,18000,1.00415800416
373845,373857,376287,12,2430,2,18000,1.0049382716
373847,373863,376177,16,2314,2,18000,1.00691443388
376180,376186,378558,6,2372,2,18000,1.00252951096
376260,376266,378638,6,2372,2,18000,1.00252951096
376276,376282,378695,6,2413,2,18000,1.00248653129
376292,376298,378710,6,2412,2,18000,1.00248756219
378468,378474,378476,6,2,4,360000,1.0
378559,378565,380895,6,2330,2,18000,1.0025751073
378641,378648,381010,7,2362,2,18000,1.00296359018
378697,378703,380940,6,2237,2,18000,1.00268216361
378714,378720,381141,6,2421,2,18000,1.00247831475
379361,379367,380024,6,657,2,7200,1.00913242009
380370,380376,380431,6,55,2,7200,1.10909090909
380897,380903,383249,6,2346,2,18000,1.00255754476
380941,380948,383313,7,2365,2,18000,1.00295983087
381013,381019,383490,6,2471,2,18000,1.00242816673
381144,381150,383512,6,2362,2,18000,1.00254022015
381585,381591,381592,6,1,2,3600,1.0
382544,382551,384380,7,1829,12,3600,1.00382722799
382891,382897,383006,6,109,2,14400,1.05504587156
383252,383259,385512,7,2253,2,18000,1.00310696849
383315,383321,385738,6,2417,2,18000,1.00248241622
383492,383498,385866,6,2368,2,18000,1.00253378378
383514,383521,385883,7,2362,2,18000,1.00296359018
384392,384398,385644,6,1246,8,1210,1.00481540931
384591,384597,385819,6,1222,8,1210,1.00490998363
384827,384833,385711,6,878,12,3600,1.00683371298
384948,384954,386125,6,1171,12,3600,1.00512382579
385514,385520,387889,6,2369,2,18000,1.00253271423
385740,385746,388096,6,2350,2,18000,1.00255319149
385867,385873,388249,6,2376,2,18000,1.00252525253
385886,385892,388297,6,2405,2,18000,1.00249480249
385910,385916,389686,6,3770,2,3600,1.00159151194
385979,385985,388800,6,2815,12,3600,1.00213143872
386057,386063,389037,6,2974,12,3600,1.00201748487
387355,387361,387366,6,5,35,3600,1.1
387891,387897,390174,6,2277,2,18000,1.00263504611
388099,388106,390503,7,2397,2,18000,1.00292031706
388249,388256,390673,7,2417,2,18000,1.00289615225
388299,388305,390512,6,2207,2,18000,1.00271862256
388937,388943,389712,6,769,35,3600,1.0078023407
389550,389556,407174,6,17618,35,21600,1.00034056079
389697,389704,390109,7,405,2,3600,1.01728395062
390110,390119,390138,9,19,20,900,1.47368421053
390175,390181,392475,6,2294,2,18000,1.00261551874
390271,390278,390287,7,9,35,3600,1.6
390487,390493,393442,6,2949,12,3600,1.002034588
390510,390516,392924,6,2408,2,18000,1.00249169435
390526,390532,392894,6,2362,2,18000,1.00254022015
390674,390680,393069,6,2389,2,18000,1.00251151109
391728,391735,391870,7,135,2,3600,1.05185185185
391913,391919,391995,6,76,2,3600,1.07894736842
391915,391925,392287,10,362,20,900,1.02762430939
391980,391986,393224,6,1238,35,3600,1.00484652666
392485,392491,394925,6,2434,2,18000,1.00246507806
392895,392901,395262,6,2361,2,18000,1.00254129606
392928,392934,395319,6,2385,2,18000,1.00251572327
393078,393085,395430,7,2345,2,18000,1.00298507463
393678,393685,393861,7,176,35,3600,1.03977272727
393928,393934,397555,6,3621,35,3600,1.00165700083
394044,394050,397666,6,3616,12,3600,1.00165929204
394173,394179,409432,6,15253,1,43200,1.00039336524
394240,394246,394301,6,55,1,43200,1.10909090909
394440,394446,394462,6,16,1,43200,1.375
394467,394472,415217,5,20745,1,43200,1.00024102193
394675,394681,394700,6,19,1,3600,1.31578947368
394853,394859,394869,6,10,1,3600,1.6
394933,394939,397142,6,2203,2,18000,1.00272355878
395264,395270,397710,6,2440,2,18000,1.00245901639
395314,395320,397672,6,2352,2,18000,1.00255102041
395433,395440,397793,7,2353,2,18000,1.00297492563
396180,396186,396506,6,320,1,3600,1.01875
396766,396772,400492,6,3720,1,3600,1.00161290323
397144,397150,399442,6,2292,2,18000,1.00261780105
397277,397283,397838,6,555,2,14400,1.01081081081
397613,397619,594918,6,197299,8,540000,1.0000304107
397676,397682,399905,6,2223,2,18000,1.00269905533
397713,397719,400120,6,2401,2,18000,1.00249895877
397713,397724,397732,11,8,2,576000,1.9
397796,397802,400138,6,2336,2,18000,1.00256849315
398486,398492,407772,6,9280,12,14400,1.00064655172
399443,399450,401800,7,2350,2,18000,1.0029787234
399909,399915,402338,6,2423,2,18000,1.00247626909
400124,400130,402569,6,2439,2,18000,1.0024600246
400140,400146,402536,6,2390,2,18000,1.00251046025
400683,400689,400736,6,47,35,3600,1.12765957447
400776,400782,404270,6,3488,35,3600,1.00172018349
401801,401808,403996,7,2188,2,18000,1.00319926874
402026,402033,402124,7,91,2,14400,1.07692307692
402341,402347,404782,6,2435,2,18000,1.00246406571
402537,402543,404954,6,2411,2,18000,1.00248859394
402573,402579,404867,6,2288,2,18000,1.00262237762
402716,402722,407250,6,4528,1,21600,1.00132508834
403998,404004,406429,6,2425,2,18000,1.0024742268
404503,404509,405656,6,1147,35,3600,1.00523103749
404597,404603,407812,6,3209,1,86400,1.00186974135
404783,404789,407154,6,2365,2,18000,1.00253699789
404871,404877,407284,6,2407,2,18000,1.00249272954
404958,404964,407372,6,2408,2,18000,1.00249169435
406066,406072,406140,6,68,1,1800,1.08823529412
406432,406438,408809,6,2371,2,18000,1.00253057782
406477,406483,406589,6,106,1,1800,1.05660377358
407155,407161,409490,6,2329,2,18000,1.00257621297
407272,407278,407733,6,455,1,1800,1.01318681319
407287,407293,409645,6,2352,2,18000,1.00255102041
407374,407380,409787,6,2407,2,18000,1.00249272954
407918,407924,409285,6,1361,1,86400,1.00440852314
408226,408232,411659,6,3427,35,3600,1.00175080245
408811,408817,411170,6,2353,2,18000,1.00254993625
409424,409430,433614,6,24184,1,86400,1.00024809792
409491,409498,411878,7,2380,2,18000,1.00294117647
409648,409654,412044,6,2390,2,18000,1.00251046025
409657,409664,409705,7,41,1,1800,1.17073170732
409790,409797,412179,7,2382,2,18000,1.00293870697
409988,409994,866341,6,456347,3,540000,1.00001314789
410056,410062,410144,6,82,1,1800,1.07317073171
410451,410457,410466,6,9,2,576000,1.5
410741,410747,469664,6,58917,2,576000,1.00010183818
411050,411056,411323,6,267,1,1800,1.02247191011
411172,411178,413568,6,2390,2,18000,1.00251046025
411879,411886,414382,7,2496,2,18000,1.00280448718
412045,412052,414486,7,2434,2,18000,1.0028759244
412181,412187,414588,6,2401,2,18000,1.00249895877
412636,412642,412670,6,28,1,1800,1.21428571429
412978,412985,413048,7,63,1,1800,1.11111111111
413569,413576,415807,7,2231,2,18000,1.00313760645
413673,413679,413753,6,74,1,1800,1.08108108108
414383,414390,416752,7,2362,2,18000,1.00296359018
414489,414495,416875,6,2380,2,18000,1.0025210084
414589,414595,416988,6,2393,2,18000,1.002507313
415656,415662,415685,6,23,1,1800,1.26086956522
415808,415814,418233,6,2419,2,18000,1.00248036379
416017,416023,416084,6,61,1,1800,1.09836065574
416754,416760,418881,6,2121,2,18000,1.00282885431
416877,416883,419268,6,2385,2,18000,1.00251572327
416990,416997,419263,7,2266,2,18000,1.00308914387
417007,417013,417079,6,66,1,1800,1.09090909091
418005,418011,422320,6,4309,1,21600,1.00139243444
418234,418240,420687,6,2447,2,18000,1.00245198202
418882,418889,421187,7,2298,2,18000,1.00304612707
419198,419204,419961,6,757,35,900,1.00792602378
419264,419270,421550,6,2280,2,18000,1.00263157895
419281,419287,421635,6,2348,2,18000,1.00255536627
420688,420693,422980,5,2287,2,18000,1.00218627022
421189,421195,423607,6,2412,2,18000,1.00248756219
421553,421559,423983,6,2424,2,18000,1.00247524752
421639,421645,424123,6,2478,2,18000,1.00242130751
421914,421920,422651,6,731,35,900,1.00820793434
422984,422990,425398,6,2408,2,18000,1.00249169435
423608,423615,425922,7,2307,2,18000,1.00303424361
423983,423989,424735,6,746,35,900,1.00804289544
423984,423995,426402,11,2407,2,18000,1.00457000415
424124,424130,426490,6,2360,2,18000,1.00254237288
425400,425406,427780,6,2374,2,18000,1.00252737995
425925,425931,428319,6,2388,2,18000,1.00251256281
426405,426411,428556,6,2145,2,18000,1.0027972028
426491,426497,428896,6,2399,2,18000,1.0025010421
427781,427787,430205,6,2418,2,18000,1.00248138958
428320,428326,430602,6,2276,2,18000,1.00263620387
428557,428564,430978,7,2414,2,18000,1.00289975145
428802,428809,428810,7,1,2,300,1.0
428899,428905,431275,6,2370,2,18000,1.00253164557
430206,430212,432611,6,2399,2,18000,1.0025010421
430603,430609,432938,6,2329,2,18000,1.00257621297
430980,430986,433293,6,2307,2,18000,1.00260078023
431277,431283,433610,6,2327,2,18000,1.00257842716
432613,432619,435057,6,2438,2,18000,1.00246103363
432941,432947,435281,6,2334,2,18000,1.00257069409
433296,433302,435680,6,2378,2,18000,1.00252312868
433612,433619,436012,7,2393,2,18000,1.0029251985
435060,435066,437345,6,2279,2,18000,1.00263273366
435282,435288,437521,6,2233,2,18000,1.0026869682
435682,435688,438087,6,2399,2,18000,1.0025010421
436013,436019,438455,6,2436,2,18000,1.00246305419
437347,437353,439629,6,2276,2,18000,1.00263620387
437450,437456,437460,6,4,2,300,1.0
437468,437474,437500,6,26,2,300,1.23076923077
437507,437513,437562,6,49,2,300,1.12244897959
437524,437530,439914,6,2384,2,18000,1.00251677852
437571,437577,437829,6,252,2,300,1.02380952381
437839,437845,437862,6,17,2,300,1.35294117647
437868,437875,437901,7,26,2,300,1.26923076923
437908,437914,437949,6,35,2,300,1.17142857143
437956,437962,438273,6,311,2,300,1.0192926045
438090,438096,440443,6,2347,2,18000,1.00255645505
438456,438463,440793,7,2330,2,18000,1.00300429185
439632,439639,442058,7,2419,2,18000,1.00289375775
439915,439921,442333,6,2412,2,18000,1.00248756219
440446,440452,442793,6,2341,2,18000,1.00256300726
440795,440802,443111,7,2309,2,18000,1.00303161542
442060,442066,444452,6,2386,2,18000,1.0025146689
442335,442341,444704,6,2363,2,18000,1.00253914515
442794,442800,445187,6,2387,2,18000,1.00251361542
443114,443120,445461,6,2341,2,18000,1.00256300726
444453,444459,446718,6,2259,2,18000,1.0026560425
444706,444712,447110,6,2398,2,18000,1.00250208507
445188,445194,447664,6,2470,2,18000,1.0024291498
445462,445468,447869,6,2401,2,18000,1.00249895877
446720,446726,449090,6,2364,2,18000,1.00253807107
447111,447117,449458,6,2341,2,18000,1.00256300726
447668,447674,450071,6,2397,2,18000,1.00250312891
447871,447877,450179,6,2302,2,18000,1.00260642919
449093,449099,451464,6,2365,2,18000,1.00253699789
449460,449466,451811,6,2345,2,18000,1.00255863539
450073,450079,452406,6,2327,2,18000,1.00257842716
450181,450187,452418,6,2231,2,18000,1.00268937696
451466,451473,453934,7,2461,2,18000,1.00284437221
451812,451819,454236,7,2417,2,18000,1.00289615225
452409,452415,454560,6,2145,2,18000,1.0027972028
452425,452431,454674,6,2243,2,18000,1.00267498885
453936,453942,456323,6,2381,2,18000,1.0025199496
454239,454245,456632,6,2387,2,18000,1.00251361542
454561,454567,456932,6,2365,2,18000,1.00253699789
454675,454681,457071,6,2390,2,18000,1.00251046025
456325,456331,458723,6,2392,2,18000,1.0025083612
456634,456641,459072,7,2431,2,18000,1.00287947347
456935,456941,459320,6,2379,2,18000,1.0025220681
457073,457079,459393,6,2314,2,18000,1.00259291271
458726,458732,460978,6,2246,2,18000,1.00267141585
459076,459082,461431,6,2349,2,18000,1.00255427842
459323,459329,461728,6,2399,2,18000,1.0025010421
459396,459402,461928,6,2526,2,18000,1.00237529691
460979,460985,462229,6,1244,2,18000,1.00482315113
461438,461444,462228,6,784,2,18000,1.00765306122
461731,461737,462228,6,491,2,18000,1.01221995927
461929,461935,462228,6,293,2,18000,1.0204778157
462174,462190,462194,16,4,2,3600,2.0
462174,462185,462189,11,4,2,3600,1.5
462174,462180,462183,6,3,2,3600,1.0
462175,462201,462205,26,4,2,3600,3.0
462175,462216,462221,41,5,2,3600,4.6
462175,462211,462215,36,4,2,3600,4.0
462175,462196,462199,21,3,2,3600,2.4
462175,462206,462210,31,4,2,3600,3.5
462176,462242,462246,66,4,2,3600,7.0
462176,462237,462241,61,4,2,3600,6.5
462176,462227,462231,51,4,2,3600,5.5
462176,462221,462226,45,5,2,3600,5.0
462176,462232,462236,56,4,2,3600,6.0
462177,462247,462252,70,5,2,3600,7.5
462177,462252,462257,75,5,2,3600,8.0
462177,462257,462262,80,5,2,3600,8.5
462177,462263,462267,86,4,2,3600,9.0
462177,462268,462272,91,4,2,3600,9.5
462178,462273,462277,95,4,2,3600,9.9
462178,462278,462282,100,4,2,3600,10.4
462178,462283,462287,105,4,2,3600,10.9
462178,462288,462292,110,4,2,3600,11.4
462178,462293,462298,115,5,2,3600,12.0
462179,462319,462323,140,4,2,3600,14.4
462179,462314,462318,135,4,2,3600,13.9
462179,462298,462303,119,5,2,3600,12.4
462179,462303,462308,124,5,2,3600,12.9
462179,462309,462313,130,4,2,3600,13.4
462180,462326,462328,146,2,2,3600,14.8
462180,462332,462334,152,2,2,3600,15.4
462352,462357,462542,5,185,2,3600,1.02702702703
462352,462362,462542,10,180,2,3600,1.05555555556
462352,462374,462542,22,168,2,3600,1.13095238095
462352,462368,462542,16,174,2,3600,1.09195402299
462353,462399,462542,46,143,2,3600,1.32167832168
462353,462394,462542,41,148,2,3600,1.27702702703
462353,462379,462542,26,163,2,3600,1.15950920245
462353,462384,462542,31,158,2,3600,1.19620253165
462353,462389,462542,36,153,2,3600,1.23529411765
462354,462404,462542,50,138,2,3600,1.36231884058
462354,462409,462542,55,133,2,3600,1.41353383459
462354,462415,462542,61,127,2,3600,1.48031496063
462354,462420,462542,66,122,2,3600,1.54098360656
462354,462425,462542,71,117,2,3600,1.60683760684
462355,462450,462542,95,92,2,3600,2.03260869565
462355,462445,462542,90,97,2,3600,1.92783505155
462355,462455,462542,100,87,2,3600,2.14942528736
462355,462435,462542,80,107,2,3600,1.7476635514
462355,462430,462542,75,112,2,3600,1.66964285714
462355,462440,462542,85,102,2,3600,1.83333333333
462356,462466,462542,110,76,2,3600,2.44736842105
462356,462471,462542,115,71,2,3600,2.61971830986
462356,462476,462542,120,66,2,3600,2.81818181818
462356,462461,462542,105,81,2,3600,2.2962962963
462357,462481,462542,124,61,2,3600,3.03278688525
462357,462486,462542,129,56,2,3600,3.30357142857
462357,462492,462542,135,50,2,3600,3.7
462357,462497,462542,140,45,2,3600,4.11111111111
462667,462683,462718,16,35,2,3600,1.45714285714
462667,462673,462718,6,45,2,3600,1.13333333333
462667,462678,462718,11,40,2,3600,1.275
462668,462709,462718,41,9,2,3600,5.0
462668,462704,462718,36,14,2,3600,3.57142857143
462668,462694,462718,26,24,2,3600,2.08333333333
462668,462689,462718,21,29,2,3600,1.72413793103
462668,462699,462718,31,19,2,3600,2.63157894737
462669,462714,462718,45,4,2,3600,4.9
462669,462719,462720,50,1,2,3600,5.1
462669,462724,462725,55,1,2,3600,5.6
462669,462730,462731,61,1,2,3600,6.2
462669,462735,462736,66,1,2,3600,6.7
462670,462755,462756,85,1,2,3600,8.6
462670,462740,462743,70,3,2,3600,7.3
462670,462750,462751,80,1,2,3600,8.1
462670,462745,462751,75,6,2,3600,8.1
462670,462760,462761,90,1,2,3600,9.1
462671,462786,462787,115,1,2,3600,11.6
462671,462781,462782,110,1,2,3600,11.1
462671,462771,462772,100,1,2,3600,10.1
462671,462766,462767,95,1,2,3600,9.6
462671,462776,462777,105,1,2,3600,10.6
462672,462812,462813,140,1,2,3600,14.1
462672,462807,462808,135,1,2,3600,13.6
462672,462791,462792,119,1,2,3600,12.0
462672,462796,462797,124,1,2,3600,12.5
462672,462801,462802,129,1,2,3600,13.0
462831,462838,462874,7,36,1,21600,1.19444444444
462835,462843,463543,8,700,2,14400,1.01142857143
462836,462854,463586,18,732,2,14400,1.02459016393
462836,462859,463557,23,698,2,14400,1.0329512894
462836,462848,463578,12,730,2,14400,1.01643835616
462836,462869,463573,33,704,2,14400,1.046875
462836,462864,463591,28,727,2,14400,1.03851444292
462837,462894,463598,57,704,2,14400,1.08096590909
462837,462874,463602,37,728,2,14400,1.05082417582
462837,462884,463581,47,697,2,14400,1.06743185079
462837,462879,463610,42,731,2,14400,1.05745554036
462837,462889,463615,52,726,2,14400,1.07162534435
462838,462900,463627,62,727,2,14400,1.08528198074
462838,462921,463622,83,701,2,14400,1.11840228245
462838,462915,463616,77,701,2,14400,1.10984308131
462838,462905,463607,67,702,2,14400,1.09544159544
462838,462910,463608,72,698,2,14400,1.10315186246
462839,462931,463655,92,724,2,14400,1.1270718232
462839,462946,463645,107,699,2,14400,1.1530758226
462839,462926,463660,87,734,2,14400,1.11852861035
462839,462936,463642,97,706,2,14400,1.13739376771
462839,462941,463648,102,707,2,14400,1.14427157001
462840,462962,463661,122,699,2,14400,1.17453505007
462840,462972,463671,132,699,2,14400,1.18884120172
462840,462967,463696,127,729,2,14400,1.17421124829
462840,462957,463685,117,728,2,14400,1.16071428571
462840,462951,463652,111,701,2,14400,1.15834522111
462841,462982,463713,141,731,2,14400,1.19288645691
462841,462987,463688,146,701,2,14400,1.20827389444
462841,462998,463668,157,670,2,14400,1.23432835821
462841,462993,463688,152,695,2,14400,1.21870503597
462841,463003,463650,162,647,2,14400,1.25038639876
462841,462977,463676,136,699,2,14400,1.19456366237
462842,463018,463699,176,681,2,14400,1.25844346549
462842,463023,463758,181,735,2,14400,1.2462585034
462842,463013,463716,171,703,2,14400,1.24324324324
462842,463028,463477,186,449,2,14400,1.41425389755
462842,463008,463742,166,734,2,14400,1.22615803815
462843,463044,463744,201,700,2,14400,1.28714285714
462843,463039,463740,196,701,2,14400,1.27960057061
462843,463033,463731,190,698,2,14400,1.27220630372
463503,463510,463513,7,3,2,14400,1.0
463520,463525,463528,5,3,2,14400,1.0
463537,463544,463547,7,3,2,14400,1.0
463548,463554,463557,6,3,2,14400,1.0
463553,463560,463563,7,3,2,14400,1.0
463564,463570,463573,6,3,2,14400,1.0
463564,463575,463578,11,3,2,14400,1.4
463569,463581,463584,12,3,2,14400,1.5
463580,463592,463596,12,4,2,14400,1.6
463580,463587,463590,7,3,2,14400,1.0
463585,463598,463602,13,4,2,14400,1.7
463586,463603,463607,17,4,2,14400,2.1
463591,463608,463611,17,3,2,14400,2.0
463591,463613,463617,22,4,2,14400,2.6
463591,463619,463622,28,3,2,14400,3.1
463597,463625,463629,28,4,2,14400,3.2
463597,463630,463638,33,8,2,14400,4.1
463602,463636,463641,34,5,2,14400,3.9
463607,463641,463644,34,3,2,14400,3.7
463608,463651,463654,43,3,2,14400,4.6
463608,463646,463649,38,3,2,14400,4.1
463613,463656,463660,43,4,2,14400,4.7
463614,463666,463670,52,4,2,14400,5.6
463614,463661,463665,47,4,2,14400,5.1
463619,463671,463675,52,4,2,14400,5.6
463620,463676,463680,56,4,2,14400,6.0
463625,463690,463694,65,4,2,14400,6.9
463625,463685,463689,60,4,2,14400,6.4
463625,463696,463699,71,3,2,14400,7.4
463630,463701,463704,71,3,2,14400,7.4
463631,463706,463709,75,3,2,14400,7.8
463636,463716,463720,80,4,2,14400,8.4
463636,463711,463714,75,3,2,14400,7.8
463647,463721,463725,74,4,2,14400,7.8
463647,463726,463729,79,3,2,14400,8.2
463652,463732,463735,80,3,2,14400,8.3
463652,463737,463740,85,3,2,14400,8.8
463653,463742,463745,89,3,2,14400,9.2
463658,463747,463751,89,4,2,14400,9.3
463658,463752,463756,94,4,2,14400,9.8
463658,463757,463761,99,4,2,14400,10.3
463659,463762,463766,103,4,2,14400,10.7
463664,463768,463771,104,3,2,14400,10.7
463664,463773,463776,109,3,2,14400,11.2
463669,463778,463781,109,3,2,14400,11.2
463670,463783,463786,113,3,2,14400,11.6
463670,463788,463792,118,4,2,14400,12.2
463675,463793,463797,118,4,2,14400,12.2
463675,463798,463802,123,4,2,14400,12.7
463676,463803,463807,127,4,2,14400,13.1
463681,463818,463821,137,3,2,14400,14.0
463681,463813,463816,132,3,2,14400,13.5
463681,463823,463827,142,4,2,14400,14.6
463687,463828,463832,141,4,2,14400,14.5
463692,463833,463837,141,4,2,14400,14.5
463697,463838,463842,141,4,2,14400,14.5
463698,463843,463847,145,4,2,14400,14.9
463698,463849,463852,151,3,2,14400,15.4
463706,463854,463857,148,3,2,14400,15.1
463707,463859,463862,152,3,2,14400,15.5
463707,463864,463867,157,3,2,14400,16.0
463707,463869,463872,162,3,2,14400,16.5
463756,463874,463878,118,4,2,14400,12.2
463756,463879,463883,123,4,2,14400,12.7
463756,463884,463888,128,4,2,14400,13.2
463757,463889,463893,132,4,2,14400,13.6
463757,463895,463898,138,3,2,14400,14.1
463757,463900,463903,143,3,2,14400,14.6
463757,463905,463908,148,3,2,14400,15.1
463758,463930,463934,172,4,2,14400,17.6
463758,463925,463929,167,4,2,14400,17.1
463758,463910,463913,152,3,2,14400,15.5
463758,463915,463919,157,4,2,14400,16.1
463758,463920,463924,162,4,2,14400,16.6
463759,463936,463939,177,3,2,14400,18.0
463759,463943,463947,184,4,2,14400,18.8
463759,463948,463952,189,4,2,14400,19.3
463759,463953,463957,194,4,2,14400,19.8
463765,463958,463962,193,4,2,14400,19.7
463765,463964,463967,199,3,2,14400,20.2
463770,463969,463972,199,3,2,14400,20.2
463775,463974,463977,199,3,2,14400,20.2
463781,463979,463982,198,3,2,14400,20.1
463786,463984,463988,198,4,2,14400,20.2
463791,463989,463993,198,4,2,14400,20.2
463796,463994,463998,198,4,2,14400,20.2
463802,464005,464008,203,3,2,14400,20.6
463802,464000,464003,198,3,2,14400,20.1
463807,464010,464013,203,3,2,14400,20.6
463813,464015,464018,202,3,2,14400,20.5
463823,464020,464024,197,4,2,14400,20.1
463828,464025,464029,197,4,2,14400,20.1
463834,464030,464034,196,4,2,14400,20.0
463839,464035,464039,196,4,2,14400,20.0
463844,464040,464044,196,4,2,14400,20.0
463849,464046,464049,197,3,2,14400,20.0
463855,464051,464054,196,3,2,14400,19.9
463860,464056,464059,196,3,2,14400,19.9
463865,464061,464065,196,4,2,14400,20.0
463870,464066,464070,196,4,2,14400,20.0
463876,464073,464077,197,4,2,14400,20.1
463881,464078,464082,197,4,2,14400,20.1
463886,464083,464086,197,3,2,14400,20.0
463892,464088,464092,196,4,2,14400,20.0
463897,464094,464097,197,3,2,14400,20.0
463902,464099,464102,197,3,2,14400,20.0
463907,464104,464107,197,3,2,14400,20.0
463913,464109,464112,196,3,2,14400,19.9
463918,464114,464118,196,4,2,14400,20.0
463923,464119,464123,196,4,2,14400,20.0
463926,464124,464128,198,4,2,14400,20.2
463932,464129,464133,197,4,2,14400,20.1
463937,464134,464138,197,4,2,14400,20.1
463942,464139,464143,197,4,2,14400,20.1
463948,464145,464148,197,3,2,14400,20.0
463953,464150,464153,197,3,2,14400,20.0
463958,464155,464158,197,3,2,14400,20.0
463964,464160,464163,196,3,2,14400,19.9
463969,464165,464169,196,4,2,14400,20.0
463974,464170,464174,196,4,2,14400,20.0
463979,464175,464179,196,4,2,14400,20.0
463985,464180,464184,195,4,2,14400,19.9
463990,464185,464189,195,4,2,14400,19.9
463995,464191,464194,196,3,2,14400,19.9
464001,464196,464200,195,4,2,14400,19.9
464006,464203,464207,197,4,2,14400,20.1
464011,464208,464212,197,4,2,14400,20.1
464016,464214,464217,198,3,2,14400,20.1
464022,464219,464222,197,3,2,14400,20.0
464027,464224,464227,197,3,2,14400,20.0
464033,464229,464232,196,3,2,14400,19.9
464038,464234,464238,196,4,2,14400,20.0
464043,464239,464243,196,4,2,14400,20.0
464047,464244,464248,197,4,2,14400,20.1
464052,464249,464253,197,4,2,14400,20.1
464099,464270,464273,171,3,2,14400,17.4
464099,464254,464258,155,4,2,14400,15.9
464099,464265,464268,166,3,2,14400,16.9
464099,464260,464263,161,3,2,14400,16.4
464100,464275,464278,175,3,2,14400,17.8
464100,464280,464284,180,4,2,14400,18.4
464100,464285,464289,185,4,2,14400,18.9
464100,464290,464294,190,4,2,14400,19.4
464101,464295,464299,194,4,2,14400,19.8
464106,464300,464304,194,4,2,14400,19.8
464111,464306,464309,195,3,2,14400,19.8
464117,464311,464314,194,3,2,14400,19.7
464122,464316,464319,194,3,2,14400,19.7
464127,464321,464325,194,4,2,14400,19.8
464132,464326,464330,194,4,2,14400,19.8
464138,464333,464337,195,4,2,14400,19.9
464143,464343,464347,200,4,2,14400,20.4
464143,464338,464342,195,4,2,14400,19.9
464149,464349,464352,200,3,2,14400,20.3
464154,464354,464357,200,3,2,14400,20.3
464162,464359,464362,197,3,2,14400,20.0
464167,464364,464367,197,3,2,14400,20.0
464173,464369,464372,196,3,2,14400,19.9
464178,464374,464378,196,4,2,14400,20.0
464184,464379,464383,195,4,2,14400,19.9
464189,464384,464388,195,4,2,14400,19.9
464194,464389,464393,195,4,2,14400,19.9
464199,464395,464398,196,3,2,14400,19.9
464205,464400,464403,195,3,2,14400,19.8
464205,464405,464408,200,3,2,14400,20.3
464215,464410,464414,195,4,2,14400,19.9
464224,464415,464419,191,4,2,14400,19.5
464272,464421,464424,149,3,2,14400,15.2
464273,464426,464429,153,3,2,14400,15.6
464273,464431,464434,158,3,2,14400,16.1
464273,464436,464439,163,3,2,14400,16.6
464273,464441,464444,168,3,2,14400,17.1
464273,464446,464450,173,4,2,14400,17.7
464274,464474,464477,200,3,2,14400,20.3
464274,464468,464472,194,4,2,14400,19.8
464274,464463,464467,189,4,2,14400,19.3
464274,464456,464460,182,4,2,14400,18.6
464274,464451,464455,177,4,2,14400,18.1
464283,464479,464482,196,3,2,14400,19.9
464288,464484,464487,196,3,2,14400,19.9
464294,464489,464492,195,3,2,14400,19.8
464299,464494,464498,195,4,2,14400,19.9
464304,464499,464503,195,4,2,14400,19.9
464305,464504,464508,199,4,2,14400,20.3
464360,464509,464513,149,4,2,14400,15.3
464360,464514,464518,154,4,2,14400,15.8
464361,464520,464523,159,3,2,14400,16.2
464361,464525,464528,164,3,2,14400,16.7
464361,464530,464533,169,3,2,14400,17.2
464625,464647,464894,22,247,2,14400,1.08906882591
464625,464641,464894,16,253,2,14400,1.06324110672
464625,464635,464894,10,259,2,14400,1.03861003861
464625,464630,464894,5,264,2,14400,1.01893939394
464626,464667,464894,41,227,2,14400,1.18061674009
464626,464672,464894,46,222,2,14400,1.20720720721
464626,464662,464894,36,232,2,14400,1.15517241379
464626,464657,464894,31,237,2,14400,1.13080168776
464626,464652,464894,26,242,2,14400,1.10743801653
464627,464688,464894,61,206,2,14400,1.29611650485
464627,464683,464894,56,211,2,14400,1.2654028436
464627,464677,464894,50,217,2,14400,1.23041474654
464628,464693,464894,65,201,2,14400,1.32338308458
464628,464698,464894,70,196,2,14400,1.35714285714
464628,464703,464894,75,191,2,14400,1.39267015707
464629,464718,464895,89,177,2,14400,1.50282485876
464629,464723,464894,94,171,2,14400,1.54970760234
464629,464708,464894,79,186,2,14400,1.4247311828
464629,464713,464894,84,181,2,14400,1.46408839779
464630,464734,464894,104,160,2,14400,1.65
464630,464729,464894,99,165,2,14400,1.6
464630,464739,464894,109,155,2,14400,1.70322580645
464630,464744,464894,114,150,2,14400,1.76
464631,464754,464894,123,140,2,14400,1.87857142857
464631,464760,464894,129,134,2,14400,1.96268656716
464631,464765,464895,134,130,2,14400,2.03076923077
464631,464770,464895,139,125,2,14400,2.112
464631,464749,464894,118,145,2,14400,1.81379310345
464632,464851,464895,219,44,2,14400,5.97727272727
464632,464841,464895,209,54,2,14400,4.87037037037
464632,464836,464895,204,59,2,14400,4.45762711864
464632,464846,464895,214,49,2,14400,5.36734693878
464633,464861,464895,228,34,2,14400,7.70588235294
464633,464867,464895,234,28,2,14400,9.35714285714
464633,464856,464895,223,39,2,14400,6.71794871795
464634,464872,464895,238,23,2,14400,11.347826087
464634,464877,464895,243,18,2,14400,14.5
464634,464882,464895,248,13,2,14400,20.0769230769
464634,464887,464895,253,8,2,14400,26.1
464634,464892,464895,258,3,2,14400,26.1
464987,465002,467248,15,2246,2,14400,1.00667853963
464987,465013,467249,26,2236,2,14400,1.01162790698
464987,465008,467249,21,2241,2,14400,1.0093708166
464987,464997,467248,10,2251,2,14400,1.00444247001
464987,464992,467248,5,2256,2,14400,1.00221631206
464988,465018,467249,30,2231,2,14400,1.01344688481
464988,465023,467249,35,2226,2,14400,1.01572327044
464988,465028,467249,40,2221,2,14400,1.01800990545
464988,465033,467249,45,2216,2,14400,1.02030685921
464988,465038,467249,50,2211,2,14400,1.02261420172
464989,465059,467249,70,2190,2,14400,1.03196347032
464989,465044,467249,55,2205,2,14400,1.02494331066
464989,465064,467249,75,2185,2,14400,1.03432494279
464989,465049,467249,60,2200,2,14400,1.02727272727
464989,465054,467249,65,2195,2,14400,1.02961275626
464990,465069,467249,79,2180,2,14400,1.03623853211
464990,465074,467249,84,2175,2,14400,1.03862068966
464990,465079,467249,89,2170,2,14400,1.04101382488
464990,465089,467249,99,2160,2,14400,1.04583333333
464990,465084,467249,94,2165,2,14400,1.04341801386
464991,465110,467249,119,2139,2,14400,1.05563347359
464991,465105,467249,114,2144,2,14400,1.05317164179
464991,465100,467249,109,2149,2,14400,1.0507212657
464991,465115,467249,124,2134,2,14400,1.05810684161
464991,465095,467249,104,2154,2,14400,1.04828226555
464992,465131,467249,139,2118,2,14400,1.0656279509
464992,465202,467249,210,2047,2,14400,1.10258915486
464992,465120,467249,128,2129,2,14400,1.06012212306
464992,465125,467249,133,2124,2,14400,1.06261770245
464992,465197,467249,205,2052,2,14400,1.09990253411
464993,465217,467249,224,2032,2,14400,1.11023622047
464993,465207,467249,214,2042,2,14400,1.10479921645
464993,465212,467249,219,2037,2,14400,1.10751104566
464994,465228,467249,234,2021,2,14400,1.11578426522
464994,465222,467249,228,2027,2,14400,1.11248149975
464994,465238,467249,244,2011,2,14400,1.12133267031
464994,465233,467249,239,2016,2,14400,1.1185515873
464995,465248,467249,253,2001,2,14400,1.12643678161
464995,465253,467249,258,1996,2,14400,1.12925851703
464995,465243,467249,248,2006,2,14400,1.12362911266
465258,465264,465267,6,3,8,10800,1.0
465738,465744,465990,6,246,8,10800,1.0243902439
465919,465925,466054,6,129,16,10800,1.04651162791
466392,466398,466399,6,1,8,14400,1.0
467521,467528,467611,7,83,2,14400,1.0843373494
467653,467663,467749,10,86,2,14400,1.11627906977
467653,467668,467749,15,81,2,14400,1.18518518519
467653,467674,467749,21,75,2,14400,1.28
467653,467679,467749,26,70,2,14400,1.37142857143
467653,467658,467749,5,91,2,14400,1.05494505495
467654,467704,467749,50,45,2,14400,2.11111111111
467654,467699,467749,45,50,2,14400,1.9
467654,467689,467749,35,60,2,14400,1.58333333333
467654,467684,467749,30,65,2,14400,1.46153846154
467654,467694,467749,40,55,2,14400,1.72727272727
467655,467715,467750,60,35,2,14400,2.71428571429
467655,467720,467750,65,30,2,14400,3.16666666667
467655,467725,467750,70,25,2,14400,3.8
467655,467709,467749,54,40,2,14400,2.35
467656,467750,467756,94,6,2,14400,10.0
467656,467730,467750,74,20,2,14400,4.7
467656,467735,467750,79,15,2,14400,6.26666666667
467656,467740,467750,84,10,2,14400,9.4
467656,467745,467750,89,5,2,14400,9.4
467657,467755,467756,98,1,2,14400,9.9
467657,467761,467763,104,2,2,14400,10.6
467801,467822,467877,21,55,2,14400,1.38181818182
467801,467827,467883,26,56,2,14400,1.46428571429
467801,467816,467873,15,57,2,14400,1.26315789474
467801,467811,468510,10,699,2,14400,1.01430615165
467801,467806,468509,5,703,2,14400,1.00711237553
467802,467847,482249,45,14402,2,14400,1.00312456603
467802,467832,467889,30,57,2,14400,1.52631578947
467802,467837,467893,35,56,2,14400,1.625
467802,467842,467899,40,57,2,14400,1.70175438596
467803,467868,467924,65,56,2,14400,2.16071428571
467803,467857,482280,54,14423,2,14400,1.00374401997
467803,467863,467919,60,56,2,14400,2.07142857143
467803,467873,467930,70,57,2,14400,2.22807017544
467803,467852,467908,49,56,2,14400,1.875
467804,467888,467946,84,58,2,14400,2.44827586207
467804,467883,467939,79,56,2,14400,2.41071428571
467804,467878,467934,74,56,2,14400,2.32142857143
467804,467893,482300,89,14407,2,14400,1.00617755258
467805,467904,468604,99,700,2,14400,1.14142857143
467805,467909,468609,104,700,2,14400,1.14857142857
467805,467914,468617,109,703,2,14400,1.15504978663
467805,467898,468626,93,728,2,14400,1.12774725275
467806,467934,468634,128,700,2,14400,1.18285714286
467806,467939,468639,133,700,2,14400,1.19
467806,467919,468647,113,728,2,14400,1.15521978022
467806,467924,468652,118,728,2,14400,1.16208791209
467806,467929,468659,123,730,2,14400,1.16849315068
467807,467962,468662,155,700,2,14400,1.22142857143
467807,467944,468645,137,701,2,14400,1.19543509272
467807,467952,468654,145,702,2,14400,1.20655270655
467807,467957,468660,150,703,2,14400,1.213371266
467808,467977,468679,169,702,2,14400,1.24074074074
467808,467972,468670,164,698,2,14400,1.23495702006
467808,467982,468680,174,698,2,14400,1.24928366762
467808,467967,468668,159,701,2,14400,1.22681883024
467809,468008,468711,199,703,2,14400,1.28307254623
467809,467992,468722,183,730,2,14400,1.25068493151
467809,468003,468734,194,731,2,14400,1.26538987688
467809,467987,468689,178,702,2,14400,1.25356125356
467809,467997,468700,188,703,2,14400,1.26742532006
467880,468013,468701,133,688,2,14400,1.19331395349
467886,468018,468739,132,721,2,14400,1.18307905687
467891,468023,468752,132,729,2,14400,1.18106995885
467894,468028,468711,134,683,2,14400,1.19619326501
467900,468033,468726,133,693,2,14400,1.19191919192
467905,468038,468719,133,681,2,14400,1.1953010279
467915,468043,468765,128,722,2,14400,1.17728531856
467926,468049,468787,123,738,2,14400,1.16666666667
467931,468054,468750,123,696,2,14400,1.17672413793
467937,468059,468758,122,699,2,14400,1.17453505007
467942,468064,468790,122,726,2,14400,1.16804407713
467947,468070,468771,123,701,2,14400,1.1754636234
467952,468075,468771,123,696,2,14400,1.17672413793
468516,468527,469228,11,701,2,14400,1.01569186876
468516,468522,469226,6,704,2,14400,1.00852272727
468613,468619,469313,6,694,2,14400,1.00864553314
468622,468628,469321,6,693,2,14400,1.00865800866
468627,468634,469324,7,690,2,14400,1.01014492754
468633,468640,469324,7,684,2,14400,1.01023391813
468689,468695,469392,6,697,2,14400,1.00860832138
468689,468700,469427,11,727,2,14400,1.015130674
468689,468706,469409,17,703,2,14400,1.02418207681
468690,468721,469436,31,715,2,14400,1.04335664336
468690,468716,469445,26,729,2,14400,1.03566529492
468690,468711,469411,21,700,2,14400,1.03
468690,468727,469428,37,701,2,14400,1.05278174037
468692,468737,469435,45,698,2,14400,1.06446991404
468692,468742,469442,50,700,2,14400,1.07142857143
468692,468747,469442,55,695,2,14400,1.07913669065
468692,468752,469448,60,696,2,14400,1.08620689655
468692,468732,469421,40,689,2,14400,1.05805515239
468693,468757,469462,64,705,2,14400,1.09078014184
468701,468763,469463,62,700,2,14400,1.08857142857
468707,468768,469469,61,701,2,14400,1.08701854494
468707,468774,469472,67,698,2,14400,1.09598853868
468717,468779,469504,62,725,2,14400,1.08551724138
468717,468784,469479,67,695,2,14400,1.0964028777
468728,468794,469520,66,726,2,14400,1.09090909091
468728,468789,469486,61,697,2,14400,1.087517934
468733,468799,469529,66,730,2,14400,1.0904109589
468744,468804,469530,60,726,2,14400,1.0826446281
468744,468809,469514,65,705,2,14400,1.09219858156
468760,468820,469551,60,731,2,14400,1.08207934337
468760,468815,469544,55,729,2,14400,1.07544581619
468765,468825,469557,60,732,2,14400,1.08196721311
468770,468831,469557,61,726,2,14400,1.08402203857
468781,468841,469534,60,693,2,14400,1.08658008658
468781,468836,469532,55,696,2,14400,1.07902298851
468796,468846,469543,50,697,2,14400,1.07173601148
468797,468851,469554,54,703,2,14400,1.07681365576
469231,469237,469942,6,705,2,14400,1.0085106383
469237,469243,469971,6,728,2,14400,1.00824175824
469323,469329,470058,6,729,2,14400,1.00823045267
469328,469340,478283,12,8943,16,14400,1.0013418316
469328,469335,470036,7,701,2,14400,1.00998573466
469333,469346,470046,13,700,2,14400,1.01857142857
469334,469351,470079,17,728,2,14400,1.02335164835
469357,469363,478144,6,8781,16,14400,1.00068329347
469392,469398,478146,6,8748,16,14400,1.00068587106
469398,469404,470098,6,694,2,14400,1.00864553314
469414,469420,478156,6,8736,16,14400,1.00068681319
469418,469426,470097,8,671,2,14400,1.01192250373
469419,469431,470107,12,676,2,14400,1.01775147929
469429,469437,470159,8,722,2,14400,1.01108033241
469434,469443,470113,9,670,2,14400,1.01343283582
469435,469448,470130,13,682,2,14400,1.01906158358
469445,469459,470188,14,729,2,14400,1.01920438957
469445,469454,470154,9,700,2,14400,1.01285714286
469451,469475,470176,24,701,2,14400,1.03423680456
469451,469465,470195,14,730,2,14400,1.01917808219
469451,469470,470170,19,700,2,14400,1.02714285714
469456,469480,470205,24,725,2,14400,1.03310344828
469472,469486,470187,14,701,2,14400,1.01997146933
469472,469491,470218,19,727,2,14400,1.02613480055
469478,469496,470188,18,692,2,14400,1.02601156069
469478,469501,470192,23,691,2,14400,1.03328509407
469488,469507,470233,19,726,2,14400,1.0261707989
469493,469512,470208,19,696,2,14400,1.02729885057
469499,469517,475051,18,5534,4,5400,1.00325262017
469514,469524,470215,10,691,2,14400,1.01447178003
469519,469530,470232,11,702,2,14400,1.01566951567
469530,469536,470259,6,723,2,14400,1.00829875519
469535,469542,470233,7,691,2,14400,1.01013024602
469540,469548,470266,8,718,2,14400,1.01114206128
469541,469558,470230,17,672,2,14400,1.02529761905
469541,469553,470242,12,689,2,14400,1.01741654572
469551,469564,470269,13,705,2,14400,1.01843971631
469552,469569,470299,17,730,2,14400,1.02328767123
469557,469574,470274,17,700,2,14400,1.02428571429
469562,469580,470283,18,703,2,14400,1.02560455192
469563,469590,470294,27,704,2,14400,1.03835227273
469563,469585,470317,22,732,2,14400,1.03005464481
469652,469658,469659,6,1,4,600,1.0
469693,469699,469932,6,233,2,576000,1.02575107296
469768,469774,469776,6,2,4,600,1.0
469875,469881,469895,6,14,3,576000,1.42857142857
469898,469904,469910,6,6,4,600,1.2
469951,469957,470659,6,702,2,14400,1.00854700855
469967,469973,470182,6,209,1,600,1.02870813397
469978,469984,470668,6,684,2,14400,1.00877192982
470045,470051,470741,6,690,2,14400,1.00869565217
470056,470062,470783,6,721,2,14400,1.00832177531
470067,470074,470760,7,686,2,14400,1.01020408163
470089,470095,470784,6,689,2,14400,1.00870827286
470104,470110,470801,6,691,2,14400,1.00868306802
470105,470115,470800,10,685,2,14400,1.01459854015
470115,470121,470840,6,719,2,14400,1.0083449235
470121,470126,470791,5,665,2,14400,1.00751879699
470137,470143,470797,6,654,2,14400,1.00917431193
470159,470165,470850,6,685,2,14400,1.00875912409
470165,470171,470880,6,709,2,14400,1.00846262341
470176,470182,470859,6,677,2,14400,1.00886262925
470182,470188,470895,6,707,2,14400,1.00848656294
470194,470205,470877,11,672,2,14400,1.01636904762
470194,470200,470903,6,703,2,14400,1.00853485064
470195,470211,470887,16,676,2,14400,1.02366863905
470200,470216,470887,16,671,2,14400,1.02384500745
470201,470221,470894,20,673,2,14400,1.02971768202
470212,470227,470928,15,701,2,14400,1.02139800285
470217,470232,470930,15,698,2,14400,1.02148997135
470223,470238,470924,15,686,2,14400,1.02186588921
470228,470243,470933,15,690,2,14400,1.02173913043
470239,470249,470939,10,690,2,14400,1.01449275362
470239,470254,470943,15,689,2,14400,1.02177068215
470239,470259,470945,20,686,2,14400,1.02915451895
470240,470264,470949,24,685,2,14400,1.03503649635
470250,470270,470957,20,687,2,14400,1.02911208151
470266,470276,470970,10,694,2,14400,1.0144092219
470276,470287,470968,11,681,2,14400,1.01615271659
470276,470282,470969,6,687,2,14400,1.00873362445
470282,470293,470975,11,682,2,14400,1.01612903226
470292,470299,471016,7,717,2,14400,1.00976290098
470303,470309,470987,6,678,2,14400,1.00884955752
470308,470315,471004,7,689,2,14400,1.01015965167
470323,470330,471040,7,710,2,14400,1.00985915493
470669,470675,471406,6,731,2,14400,1.00820793434
470675,470681,471362,6,681,2,14400,1.00881057269
470748,470754,471456,6,702,2,14400,1.00854700855
470770,470776,471456,6,680,2,14400,1.00882352941
470791,470797,471496,6,699,2,14400,1.00858369099
470791,470802,471505,11,703,2,14400,1.01564722617
470797,470808,471504,11,696,2,14400,1.0158045977
470803,470814,471541,11,727,2,14400,1.015130674
470809,470825,471528,16,703,2,14400,1.02275960171
470809,470819,471523,10,704,2,14400,1.01420454545
470846,470852,471552,6,700,2,14400,1.00857142857
470857,470863,471565,6,702,2,14400,1.00854700855
470867,470874,471606,7,732,2,14400,1.00956284153
470884,470890,471620,6,730,2,14400,1.00821917808
470889,470896,471624,7,728,2,14400,1.00961538462
470894,470902,471608,8,706,2,14400,1.01133144476
470895,470910,471610,15,700,2,14400,1.02142857143
470900,470917,471614,17,697,2,14400,1.0243902439
470905,470922,471625,17,703,2,14400,1.02418207681
470911,470927,471657,16,730,2,14400,1.02191780822
470932,470938,471643,6,705,2,14400,1.0085106383
470937,470944,471647,7,703,2,14400,1.00995732575
470937,470949,471680,12,731,2,14400,1.01641586867
470943,470955,471681,12,726,2,14400,1.01652892562
470948,470960,471691,12,731,2,14400,1.01641586867
470949,470965,471696,16,731,2,14400,1.0218878249
470954,470971,471697,17,726,2,14400,1.02341597796
470954,470976,471677,22,701,2,14400,1.03138373752
470965,470981,471685,16,704,2,14400,1.02272727273
470975,470987,471686,12,699,2,14400,1.01716738197
470976,470992,471694,16,702,2,14400,1.02279202279
470976,470997,471727,21,730,2,14400,1.02876712329
470981,471003,471707,22,704,2,14400,1.03125
470997,471009,471711,12,702,2,14400,1.01709401709
471013,471019,471717,6,698,2,14400,1.00859598854
471024,471030,471754,6,724,2,14400,1.00828729282
471050,471056,471761,6,705,2,14400,1.0085106383
471095,471101,472025,6,924,2,14400,1.00649350649
471161,471166,471172,5,6,16,7200,1.1
471363,471369,472289,6,920,2,14400,1.00652173913
471367,471375,472073,8,698,2,14400,1.01146131805
471414,471420,472100,6,680,2,14400,1.00882352941
471466,471477,472198,11,721,2,14400,1.01525658807
471466,471472,472154,6,682,2,14400,1.00879765396
471502,471508,472231,6,723,2,14400,1.00829875519
471513,471524,472248,11,724,2,14400,1.01519337017
471513,471519,472212,6,693,2,14400,1.00865800866
471529,471535,472237,6,702,2,14400,1.00854700855
471535,471541,472245,6,704,2,14400,1.00852272727
471551,471557,472288,6,731,2,14400,1.00820793434
471562,471568,472297,6,729,2,14400,1.00823045267
471573,471579,472281,6,702,2,14400,1.00854700855
471615,471621,472321,6,700,2,14400,1.00857142857
471616,471626,472326,10,700,2,14400,1.01428571429
471616,471632,472332,16,700,2,14400,1.02285714286
471622,471637,472369,15,732,2,14400,1.02049180328
471627,471643,472342,16,699,2,14400,1.02288984263
471633,471648,472353,15,705,2,14400,1.02127659574
471633,471653,472354,20,701,2,14400,1.02853067047
471651,471659,472358,8,699,2,14400,1.01144492132
471657,471665,472364,8,699,2,14400,1.01144492132
471667,471674,472341,7,667,2,14400,1.01049475262
471684,471690,472389,6,699,2,14400,1.00858369099
471690,471696,472367,6,671,2,14400,1.00894187779
471691,471702,472373,11,671,2,14400,1.01639344262
471692,471707,472381,15,674,2,14400,1.02225519288
471692,471712,472381,20,669,2,14400,1.02989536622
471698,471718,472394,20,676,2,14400,1.02958579882
471704,471728,472426,24,698,2,14400,1.03438395415
471704,471723,472387,19,664,2,14400,1.02861445783
471705,471733,472416,28,683,2,14400,1.04099560761
471716,471739,472411,23,672,2,14400,1.03422619048
471717,471745,472436,28,691,2,14400,1.04052098408
471728,471750,472416,22,666,2,14400,1.03303303303
471734,471755,472437,21,682,2,14400,1.03079178886
471762,471768,472467,6,699,2,14400,1.00858369099
471768,471774,472447,6,673,2,14400,1.00891530461
472080,472086,472788,6,702,2,14400,1.00854700855
472107,472114,472818,7,704,2,14400,1.00994318182
472163,472169,472899,6,730,2,14400,1.00821917808
472207,472213,472945,6,732,2,14400,1.00819672131
472218,472224,472923,6,699,2,14400,1.00858369099
472241,472247,472977,6,730,2,14400,1.00821917808
472246,472253,472982,7,729,2,14400,1.00960219479
472252,472259,472987,7,728,2,14400,1.00961538462
472257,472265,472988,8,723,2,14400,1.01106500692
472290,472296,472999,6,703,2,14400,1.00853485064
472295,472302,473001,7,699,2,14400,1.01001430615
472307,472313,473016,6,703,2,14400,1.00853485064
472329,472335,473066,6,731,2,14400,1.00820793434
472335,472341,473041,6,700,2,14400,1.00857142857
472341,472347,473048,6,701,2,14400,1.00855920114
472347,472352,473082,5,730,2,14400,1.00684931507
472347,472359,473060,12,701,2,14400,1.01711840228
472359,472365,473066,6,701,2,14400,1.00855920114
472360,472371,473072,11,701,2,14400,1.01569186876
472366,472377,473108,11,731,2,14400,1.01504787962
472372,472383,473087,11,704,2,14400,1.015625
472373,472388,473125,15,737,2,14400,1.02035278155
472379,472394,473098,15,704,2,14400,1.02130681818
472379,472399,473101,20,702,2,14400,1.02849002849
472391,472405,473104,14,699,2,14400,1.0200286123
472392,472410,473115,18,705,2,14400,1.02553191489
472398,472415,473149,17,734,2,14400,1.02316076294
472398,472420,473123,22,703,2,14400,1.03129445235
472404,472426,473152,22,726,2,14400,1.0303030303
472421,472431,473134,10,703,2,14400,1.01422475107
472421,472437,473144,16,707,2,14400,1.02263083451
472422,472442,473136,20,694,2,14400,1.0288184438
472434,472448,473181,14,733,2,14400,1.01909959072
472445,472459,473164,14,705,2,14400,1.01985815603
472445,472454,473154,9,700,2,14400,1.01285714286
472456,472465,473168,9,703,2,14400,1.01280227596
472473,472480,473187,7,707,2,14400,1.0099009901
472794,472799,473496,5,697,2,14400,1.00717360115
472826,472832,473563,6,731,2,14400,1.00820793434
472907,472914,473610,7,696,2,14400,1.01005747126
472930,472936,473664,6,728,2,14400,1.00824175824
472952,472959,473684,7,725,2,14400,1.00965517241
472984,472991,473692,7,701,2,14400,1.00998573466
472990,472997,473726,7,729,2,14400,1.00960219479
472996,473008,473742,12,734,2,14400,1.01634877384
472996,473003,473705,7,702,2,14400,1.00997150997
473008,473014,473710,6,696,2,14400,1.00862068966
473008,473019,473709,11,690,2,14400,1.01594202899
473024,473030,473726,6,696,2,14400,1.00862068966
473050,473056,473779,6,723,2,14400,1.00829875519
473055,473062,473758,7,696,2,14400,1.01005747126
473066,473072,473766,6,694,2,14400,1.00864553314
473071,473078,473799,7,721,2,14400,1.00970873786
473072,473083,473785,11,702,2,14400,1.01566951567
473082,473089,473821,7,732,2,14400,1.00956284153
473092,473098,473797,6,699,2,14400,1.00858369099
473098,473104,473832,6,728,2,14400,1.00824175824
473103,473110,473842,7,732,2,14400,1.00956284153
473109,473121,473850,12,729,2,14400,1.01646090535
473109,473116,473809,7,693,2,14400,1.0101010101
473115,473127,473832,12,705,2,14400,1.0170212766
473126,473133,473846,7,713,2,14400,1.00981767181
473131,473144,473877,13,733,2,14400,1.01773533424
473131,473139,473842,8,703,2,14400,1.01137980085
473142,473150,473858,8,708,2,14400,1.01129943503
473143,473155,473889,12,734,2,14400,1.01634877384
473155,473161,473852,6,691,2,14400,1.00868306802
473155,473167,473862,12,695,2,14400,1.01726618705
473162,473173,473884,11,711,2,14400,1.01547116737
473163,473178,473883,15,705,2,14400,1.02127659574
473175,473190,473877,15,687,2,14400,1.02183406114
473175,473184,473873,9,689,2,14400,1.01306240929
473191,473197,473879,6,682,2,14400,1.00879765396
473197,473203,473883,6,680,2,14400,1.00882352941
473507,473513,474212,6,699,2,14400,1.00858369099
473572,473578,474271,6,693,2,14400,1.00865800866
473616,473622,474360,6,738,2,14400,1.0081300813
473671,473677,474387,6,710,2,14400,1.00845070423
473692,473698,474406,6,708,2,14400,1.00847457627
473698,473704,474401,6,697,2,14400,1.00860832138
473711,473717,474445,6,728,2,14400,1.00824175824
473716,473723,474461,7,738,2,14400,1.00948509485
473717,473728,474461,11,733,2,14400,1.01500682128
473733,473739,474471,6,732,2,14400,1.00819672131
473734,473744,474446,10,702,2,14400,1.01424501425
473750,473756,474496,6,740,2,14400,1.00810810811
473767,473773,474483,6,710,2,14400,1.00845070423
473773,473779,474487,6,708,2,14400,1.00847457627
473784,473790,474519,6,729,2,14400,1.00823045267
473796,473803,474539,7,736,2,14400,1.00951086957
473803,473809,474511,6,702,2,14400,1.00854700855
473809,473815,474549,6,734,2,14400,1.00817438692
473815,473820,474521,5,701,2,14400,1.00713266762
473832,473839,474545,7,706,2,14400,1.00991501416
473838,473845,474548,7,703,2,14400,1.00995732575
473839,473850,474558,11,708,2,14400,1.01553672316
473850,473861,474560,11,699,2,14400,1.01573676681
473850,473856,474589,6,733,2,14400,1.00818553888
473856,473872,474579,16,707,2,14400,1.02263083451
473856,473867,474572,11,705,2,14400,1.01560283688
473862,473878,474585,16,707,2,14400,1.02263083451
473868,473883,474622,15,739,2,14400,1.02029769959
473869,473888,474595,19,707,2,14400,1.02687411598
473881,473894,474601,13,707,2,14400,1.01838755304
473888,473904,474610,16,706,2,14400,1.02266288952
473888,473899,474602,11,703,2,14400,1.01564722617
473888,473910,474643,22,733,2,14400,1.03001364256
473889,473921,474624,32,703,2,14400,1.04551920341
473889,473916,474612,27,696,2,14400,1.03879310345
473895,473931,474639,36,708,2,14400,1.05084745763
473895,473926,474633,31,707,2,14400,1.04384724187
474220,474226,474957,6,731,2,14400,1.00820793434
474280,474287,475019,7,732,2,14400,1.00956284153
474366,474372,475076,6,704,2,14400,1.00852272727
474394,474400,475102,6,702,2,14400,1.00854700855
474411,474417,475117,6,700,2,14400,1.00857142857
474416,474423,475157,7,734,2,14400,1.00953678474
474455,474461,475192,6,731,2,14400,1.00820793434
474455,474466,475168,11,702,2,14400,1.01566951567
474467,474477,475181,10,704,2,14400,1.01420454545
474467,474472,475177,5,705,2,14400,1.00709219858
474478,474484,475187,6,703,2,14400,1.00853485064
474491,474497,475202,6,705,2,14400,1.0085106383
474497,474503,475244,6,741,2,14400,1.00809716599
474503,474509,475245,6,736,2,14400,1.00815217391
474520,474526,475233,6,707,2,14400,1.00848656294
474526,474531,475239,5,708,2,14400,1.00706214689
474532,474538,475268,6,730,2,14400,1.00821917808
474549,474555,475262,6,707,2,14400,1.00848656294
474555,474561,475259,6,698,2,14400,1.00859598854
474555,474566,475268,11,702,2,14400,1.01566951567
474555,474571,475275,16,704,2,14400,1.02272727273
474568,474577,475284,9,707,2,14400,1.01272984441
474568,474582,475287,14,705,2,14400,1.01985815603
474579,474588,475293,9,705,2,14400,1.01276595745
474585,474594,475323,9,729,2,14400,1.01234567901
474595,474601,475305,6,704,2,14400,1.00852272727
474596,474607,475343,11,736,2,14400,1.01494565217
474604,474613,475345,9,732,2,14400,1.01229508197
474610,474619,475320,9,701,2,14400,1.01283880171
474612,474624,475332,12,708,2,14400,1.01694915254
474617,474635,475316,18,681,2,14400,1.02643171806
474617,474630,475332,13,702,2,14400,1.01851851852
474629,474641,475324,12,683,2,14400,1.01756954612
474635,474646,475325,11,679,2,14400,1.01620029455
474641,474652,475336,11,684,2,14400,1.01608187135
474646,474657,475324,11,667,2,14400,1.01649175412
474652,474663,475359,11,696,2,14400,1.0158045977
474967,474973,475682,6,709,2,14400,1.00846262341
475029,475035,475737,6,702,2,14400,1.00854700855
475082,475088,475819,6,731,2,14400,1.00820793434
475109,475115,475818,6,703,2,14400,1.00853485064
475125,475131,475858,6,727,2,14400,1.00825309491
475162,475168,475875,6,707,2,14400,1.00848656294
475180,475187,475893,7,706,2,14400,1.00991501416
475187,475193,475895,6,702,2,14400,1.00854700855
475188,475199,475904,11,705,2,14400,1.01560283688
475195,475205,475915,10,710,2,14400,1.01408450704
475201,475211,475941,10,730,2,14400,1.01369863014
475213,475219,475920,6,701,2,14400,1.00855920114
475240,475246,475981,6,735,2,14400,1.00816326531
475246,475251,475952,5,701,2,14400,1.00713266762
475252,475264,476000,12,736,2,14400,1.01630434783
475252,475258,475985,6,727,2,14400,1.00825309491
475265,475271,475976,6,705,2,14400,1.0085106383
475272,475278,475976,6,698,2,14400,1.00859598854
475278,475284,476014,6,730,2,14400,1.00821917808
475279,475290,475997,11,707,2,14400,1.01555869873
475285,475296,476029,11,733,2,14400,1.01500682128
475291,475302,476003,11,701,2,14400,1.01569186876
475298,475308,476041,10,733,2,14400,1.0136425648
475299,475313,476017,14,704,2,14400,1.01988636364
475316,475322,476023,6,701,2,14400,1.00855920114
475322,475327,476031,5,704,2,14400,1.00710227273
475329,475334,476036,5,702,2,14400,1.00712250712
475330,475345,476077,15,732,2,14400,1.02049180328
475330,475340,476070,10,730,2,14400,1.01369863014
475331,475350,476084,19,734,2,14400,1.02588555858
475332,475355,476057,23,702,2,14400,1.03276353276
475338,475361,476066,23,705,2,14400,1.03262411348
475339,475366,476094,27,728,2,14400,1.03708791209
475345,475371,476105,26,734,2,14400,1.03542234332
475351,475381,476088,30,707,2,14400,1.04243281471
475351,475376,476114,25,738,2,14400,1.03387533875
475368,475388,476093,20,705,2,14400,1.02836879433
475691,475697,476391,6,694,2,14400,1.00864553314
475744,475750,476465,6,715,2,14400,1.00839160839
475825,475831,476562,6,731,2,14400,1.00820793434
475826,475836,476553,10,717,2,14400,1.01394700139
475865,475872,476553,7,681,2,14400,1.01027900147
475883,475890,476583,7,693,2,14400,1.0101010101
475901,475907,476594,6,687,2,14400,1.00873362445
475901,475912,476608,11,696,2,14400,1.0158045977
475914,475920,476641,6,721,2,14400,1.00832177531
475921,475927,476654,6,727,2,14400,1.00825309491
475927,475932,476617,5,685,2,14400,1.00729927007
475952,475958,476657,6,699,2,14400,1.00858369099
475963,475969,476694,6,725,2,14400,1.00827586207
475982,475988,476709,6,721,2,14400,1.00832177531
475983,475994,476688,11,694,2,14400,1.01585014409
475989,476000,476705,11,705,2,14400,1.01560283688
475995,476006,476726,11,720,2,14400,1.01527777778
476006,476012,476715,6,703,2,14400,1.00853485064
476007,476018,476689,11,671,2,14400,1.01639344262
476013,476023,476731,10,708,2,14400,1.01412429379
476026,476037,476752,11,715,2,14400,1.01538461538
476026,476032,476734,6,702,2,14400,1.00854700855
476032,476043,476758,11,715,2,14400,1.01538461538
476039,476049,476723,10,674,2,14400,1.01483679525
476040,476054,476722,14,668,2,14400,1.02095808383
476047,476060,476783,13,723,2,14400,1.01798063624
476048,476065,476799,17,734,2,14400,1.02316076294
476057,476076,485659,19,9583,1,86400,1.00198267766
476062,476071,476779,9,708,2,14400,1.01271186441
476069,476092,494466,23,18374,1,43200,1.0012517688
476076,476097,489230,21,13133,1,43200,1.00159902536
476076,476087,476826,11,739,2,14400,1.0148849797
476076,476082,476810,6,728,2,14400,1.00824175824
476083,476104,476809,21,705,2,14400,1.02978723404
476091,476109,476840,18,731,2,14400,1.02462380301
476099,476115,476836,16,721,2,14400,1.02219140083
476099,476120,476817,21,697,2,14400,1.03012912482
476100,476125,476850,25,725,2,14400,1.03448275862
476113,476131,476827,18,696,2,14400,1.02586206897
476120,476136,476826,16,690,2,14400,1.0231884058
476399,476405,477109,6,704,2,14400,1.00852272727
476473,476480,477181,7,701,2,14400,1.00998573466
476559,476565,477296,6,731,2,14400,1.00820793434
476559,476570,477306,11,736,2,14400,1.01494565217
476572,476578,477307,6,729,2,14400,1.00823045267
476591,476597,477327,6,730,2,14400,1.00821917808
476604,476610,477308,6,698,2,14400,1.00859598854
476616,476622,477354,6,732,2,14400,1.00819672131
476623,476629,477321,6,692,2,14400,1.00867052023
476647,476653,477348,6,695,2,14400,1.00863309353
476661,476667,477364,6,697,2,14400,1.00860832138
476668,476674,477397,6,723,2,14400,1.00829875519
476701,476712,477438,11,726,2,14400,1.01515151515
476701,476706,477397,5,691,2,14400,1.00723589001
476701,476717,477437,16,720,2,14400,1.02222222222
476714,476723,477426,9,703,2,14400,1.01280227596
476715,476728,477442,13,714,2,14400,1.01820728291
476721,476734,477418,13,684,2,14400,1.01900584795
476731,476740,477470,9,730,2,14400,1.01232876712
476732,476745,477470,13,725,2,14400,1.01793103448
476732,476750,477447,18,697,2,14400,1.02582496413
476740,476756,477449,16,693,2,14400,1.02308802309
476741,476761,477492,20,731,2,14400,1.02735978112
476759,476767,477464,8,697,2,14400,1.01147776184
476766,476773,477474,7,701,2,14400,1.00998573466
476785,476791,477489,6,698,2,14400,1.00859598854
476792,476799,477521,7,722,2,14400,1.00969529086
476805,476810,477502,5,692,2,14400,1.00722543353
476817,476827,477557,10,730,2,14400,1.01369863014
476817,476822,477552,5,730,2,14400,1.00684931507
476822,476834,477527,12,693,2,14400,1.01731601732
476834,476846,477571,12,725,2,14400,1.01655172414
476834,476840,477546,6,706,2,14400,1.00849858357
476835,476851,477584,16,733,2,14400,1.02182810368
476842,476857,477581,15,724,2,14400,1.02071823204
476852,476862,477578,10,716,2,14400,1.01396648045
476858,476868,477552,10,684,2,14400,1.01461988304
476868,476874,477067,6,193,16,10800,1.0310880829
477116,477122,477822,6,700,2,14400,1.00857142857
477187,477193,477878,6,685,2,14400,1.00875912409
477303,477310,478009,7,699,2,14400,1.01001430615
477312,477318,478035,6,717,2,14400,1.00836820084
477313,477329,478004,16,675,2,14400,1.0237037037
477313,477324,478032,11,708,2,14400,1.01553672316
477327,477335,478009,8,674,2,14400,1.0118694362
477333,477341,478020,8,679,2,14400,1.0117820324
477357,477363,478047,6,684,2,14400,1.00877192982
477364,477370,478057,6,687,2,14400,1.00873362445
477371,477377,478052,6,675,2,14400,1.00888888889
477406,477412,478107,6,695,2,14400,1.00863309353
477407,477418,478091,11,673,2,14400,1.01634472511
477425,477431,478111,6,680,2,14400,1.00882352941
477437,477444,478123,7,679,2,14400,1.01030927835
477444,477455,478157,11,702,2,14400,1.01566951567
477444,477450,478150,6,700,2,14400,1.00857142857
477450,477461,478167,11,706,2,14400,1.01558073654
477456,477467,478140,11,673,2,14400,1.01634472511
477457,477472,478147,15,675,2,14400,1.02222222222
477471,477478,478154,7,676,2,14400,1.01035502959
477478,477483,478157,5,674,2,14400,1.00741839763
477478,477490,478183,12,693,2,14400,1.01731601732
477485,477496,478186,11,690,2,14400,1.01594202899
477495,477502,478207,7,705,2,14400,1.00992907801
477504,477510,478205,6,695,2,14400,1.00863309353
477511,477517,478202,6,685,2,14400,1.00875912409
477531,477538,478225,7,687,2,14400,1.01018922853
477539,477545,478233,6,688,2,14400,1.00872093023
477555,477561,478253,6,692,2,14400,1.00867052023
477561,477567,478255,6,688,2,14400,1.00872093023
477562,477573,478286,11,713,2,14400,1.01542776999
477568,477579,478299,11,720,2,14400,1.01527777778
477581,477588,478297,7,709,2,14400,1.00987306065
477588,477594,478279,6,685,2,14400,1.00875912409
477590,477600,478280,10,680,2,14400,1.01470588235
477591,477605,478316,14,711,2,14400,1.01969057665
477830,477837,478555,7,718,2,14400,1.00974930362
477888,477894,478581,6,687,2,14400,1.00873362445
477912,477918,478176,6,258,8,7200,1.02325581395
478011,478017,478730,6,713,2,14400,1.00841514727
478016,478023,478715,7,692,2,14400,1.01011560694
478017,478028,478714,11,686,2,14400,1.01603498542
478031,478037,478756,6,719,2,14400,1.0083449235
478038,478044,478725,6,681,2,14400,1.00881057269
478044,478049,478736,5,687,2,14400,1.00727802038
478059,478070,478762,11,692,2,14400,1.01589595376
478059,478065,478751,6,686,2,14400,1.00874635569
478066,478076,478760,10,684,2,14400,1.01461988304
478098,478105,478823,7,718,2,14400,1.00974930362
478117,478123,478803,6,680,2,14400,1.00882352941
478117,478128,478818,11,690,2,14400,1.01594202899
478131,478138,478851,7,713,2,14400,1.00981767181
478148,478154,478832,6,678,2,14400,1.00884955752
478155,478161,478849,6,688,2,14400,1.00872093023
478156,478167,478874,11,707,2,14400,1.01555869873
478160,478172,478840,12,668,2,14400,1.01796407186
478168,478183,478833,15,650,2,14400,1.02307692308
478168,478178,478840,10,662,2,14400,1.01510574018
478176,478189,478834,13,645,2,14400,1.02015503876
478193,478198,478889,5,691,2,14400,1.00723589001
478193,478203,478892,10,689,2,14400,1.0145137881
478212,478218,478883,6,665,2,14400,1.00902255639
478213,478224,478888,11,664,2,14400,1.01656626506
478213,478229,478920,16,691,2,14400,1.02315484805
478234,478240,478898,6,658,2,14400,1.00911854103
478240,478246,478938,6,692,2,14400,1.00867052023
478259,478265,478943,6,678,2,14400,1.00884955752
478266,478272,478937,6,665,2,14400,1.00902255639
478286,478297,478984,11,687,2,14400,1.01601164483
478286,478292,478969,6,677,2,14400,1.00886262925
478292,478303,478984,11,681,2,14400,1.01615271659
478308,478314,478995,6,681,2,14400,1.00881057269
478309,478319,479003,10,684,2,14400,1.01461988304
478323,478328,478981,5,653,2,14400,1.00765696784
478565,478571,479221,6,650,2,14400,1.00923076923
478587,478592,479283,5,691,2,14400,1.00723589001
478727,478733,479445,6,712,2,14400,1.00842696629
478728,478738,479422,10,684,2,14400,1.01461988304
478734,478744,479434,10,690,2,14400,1.01449275362
478738,478749,479472,11,723,2,14400,1.01521438451
478744,478755,479442,11,687,2,14400,1.01601164483
478772,478778,479497,6,719,2,14400,1.0083449235
478773,478794,479470,21,676,2,14400,1.03106508876
478773,478784,479475,11,691,2,14400,1.01591895803
478773,478789,479514,16,725,2,14400,1.02206896552
478808,478814,479506,6,692,2,14400,1.00867052023
478828,478834,479541,6,707,2,14400,1.00848656294
478829,478840,479566,11,726,2,14400,1.01515151515
478846,478857,479581,11,724,2,14400,1.01519337017
478846,478852,479554,6,702,2,14400,1.00854700855
478847,478868,479563,21,695,2,14400,1.03021582734
478847,478873,479603,26,730,2,14400,1.03561643836
478847,478863,479565,16,702,2,14400,1.02279202279
478860,478879,479612,19,733,2,14400,1.02592087312
478860,478884,479588,24,704,2,14400,1.03409090909
478881,478890,479588,9,698,2,14400,1.01289398281
478889,478896,479624,7,728,2,14400,1.00961538462
478896,478908,479630,12,722,2,14400,1.01662049861
478896,478902,479634,6,732,2,14400,1.00819672131
478898,478913,479617,15,704,2,14400,1.02130681818
478904,478919,479618,15,699,2,14400,1.02145922747
478929,478935,479662,6,727,2,14400,1.00825309491
478947,478952,479650,5,698,2,14400,1.00716332378
478947,478957,479678,10,721,2,14400,1.01386962552
478953,478964,479669,11,705,2,14400,1.01560283688
478976,478982,479678,6,696,2,14400,1.00862068966
478990,478996,479722,6,726,2,14400,1.00826446281
478991,479002,479697,11,695,2,14400,1.01582733813
478991,479007,479685,16,678,2,14400,1.02359882006
479006,479013,479740,7,727,2,14400,1.00962861073
479012,479019,479714,7,695,2,14400,1.01007194245
479018,479025,487480,7,8455,1,18000,1.00082791248
479227,479233,479932,6,699,2,14400,1.00858369099
479291,479297,479990,6,693,2,14400,1.00865800866
479318,479324,492017,6,12693,4,18000,1.00047270149
479432,479438,480162,6,724,2,14400,1.00828729282
479439,479445,480164,6,719,2,14400,1.0083449235
479448,479453,480149,5,696,2,14400,1.00718390805
479456,479462,480185,6,723,2,14400,1.00829875519
479481,479487,480175,6,688,2,14400,1.00872093023
479482,479493,480188,11,695,2,14400,1.01582733813
479482,479498,480192,16,694,2,14400,1.02305475504
479508,479514,480204,6,690,2,14400,1.00869565217
479515,479521,480211,6,690,2,14400,1.00869565217
479522,479528,480222,6,694,2,14400,1.00864553314
479548,479555,480247,7,692,2,14400,1.01011560694
479561,479568,480274,7,706,2,14400,1.00991501416
479573,479584,480286,11,702,2,14400,1.01566951567
479573,479579,480277,6,698,2,14400,1.00859598854
479574,479589,480296,15,707,2,14400,1.02121640736
479587,479595,480294,8,699,2,14400,1.01144492132
479594,479606,480321,12,715,2,14400,1.01678321678
479594,479601,480297,7,696,2,14400,1.01005747126
479613,479619,480341,6,722,2,14400,1.00831024931
479620,479626,480317,6,691,2,14400,1.00868306802
479627,479633,480325,6,692,2,14400,1.00867052023
479628,479639,480333,11,694,2,14400,1.01585014409
479635,479644,480365,9,721,2,14400,1.01248266297
479641,479650,480347,9,697,2,14400,1.01291248207
479641,479655,480347,14,692,2,14400,1.02023121387
479660,479667,480359,7,692,2,14400,1.01011560694
479668,479674,480367,6,693,2,14400,1.00865800866
479675,479681,480373,6,692,2,14400,1.00867052023
479687,479693,480413,6,720,2,14400,1.00833333333
479688,479698,480391,10,693,2,14400,1.01443001443
479694,479704,480391,10,687,2,14400,1.01455604076
479707,479713,480404,6,691,2,14400,1.00868306802
479719,479725,480417,6,692,2,14400,1.00867052023
479732,479739,480428,7,689,2,14400,1.01015965167
479749,479755,480472,6,717,2,14400,1.00836820084
479945,479951,480608,6,657,2,14400,1.00913242009
480001,480007,480669,6,662,2,14400,1.00906344411
480159,480165,480856,6,691,2,14400,1.00868306802
480173,480184,480882,11,698,2,14400,1.01575931232
480173,480179,480883,6,704,2,14400,1.00852272727
480185,480191,480881,6,690,2,14400,1.00869565217
480192,480199,480889,7,690,2,14400,1.01014492754
480199,480210,480902,11,692,2,14400,1.01589595376
480199,480204,480893,5,689,2,14400,1.00725689405
480213,480219,480934,6,715,2,14400,1.00839160839
480220,480225,480950,5,725,2,14400,1.00689655172
480233,480239,480939,6,700,2,14400,1.00857142857
480258,480264,480991,6,727,2,14400,1.00825309491
480285,480291,480997,6,706,2,14400,1.00849858357
480285,480296,481000,11,704,2,14400,1.015625
480293,480302,481009,9,707,2,14400,1.01272984441
480306,480312,480980,6,668,2,14400,1.00898203593
480307,480317,480989,10,672,2,14400,1.01488095238
480307,480323,480997,16,674,2,14400,1.0237388724
480326,480332,480993,6,661,2,14400,1.00907715582
480327,480338,481008,11,670,2,14400,1.01641791045
480334,480344,481013,10,669,2,14400,1.01494768311
480341,480350,481046,9,696,2,14400,1.01293103448
480349,480356,481013,7,657,2,14400,1.01065449011
480355,480361,481073,6,712,2,14400,1.00842696629
480356,480367,481045,11,678,2,14400,1.01622418879
480367,480373,481033,6,660,2,14400,1.00909090909
480373,480379,481105,6,726,2,14400,1.00826446281
480373,480385,481107,12,722,2,14400,1.01662049861
480380,480391,481044,11,653,2,14400,1.01684532925
480400,480406,481079,6,673,2,14400,1.00891530461
480401,480412,481091,11,679,2,14400,1.01620029455
480415,480421,481103,6,682,2,14400,1.00879765396
480422,480428,481102,6,674,2,14400,1.00890207715
480423,480434,481111,11,677,2,14400,1.01624815362
480441,480447,481125,6,678,2,14400,1.00884955752
480482,480488,481190,6,702,2,14400,1.00854700855
480616,480622,481311,6,689,2,14400,1.00870827286
480683,480689,481418,6,729,2,14400,1.00823045267
480867,480873,481571,6,698,2,14400,1.00859598854
480889,480895,481627,6,732,2,14400,1.00819672131
480890,480906,481623,16,717,2,14400,1.02231520223
480890,480901,481625,11,724,2,14400,1.01519337017
480897,480912,481623,15,711,2,14400,1.02109704641
480903,480917,481657,14,740,2,14400,1.01891891892
480910,480923,481642,13,719,2,14400,1.01808066759
480941,480948,481643,7,695,2,14400,1.01007194245
480948,480954,481644,6,690,2,14400,1.00869565217
480961,480967,481686,6,719,2,14400,1.0083449235
480987,480994,481683,7,689,2,14400,1.01015965167
480996,481002,481723,6,721,2,14400,1.00832177531
480999,481008,481737,9,729,2,14400,1.01234567901
481000,481013,481705,13,692,2,14400,1.01878612717
481009,481019,481737,10,718,2,14400,1.0139275766
481011,481024,481717,13,693,2,14400,1.01875901876
481012,481029,481722,17,693,2,14400,1.02453102453
481014,481035,481759,21,724,2,14400,1.02900552486
481015,481040,481780,25,740,2,14400,1.03378378378
481023,481045,481738,22,693,2,14400,1.03174603175
481023,481050,481768,27,718,2,14400,1.03760445682
481042,481056,481750,14,694,2,14400,1.02017291066
481050,481061,481764,11,703,2,14400,1.01564722617
481051,481067,481787,16,720,2,14400,1.02222222222
481052,481072,481779,20,707,2,14400,1.02828854314
481083,481090,481774,7,684,2,14400,1.01023391813
481090,481096,481787,6,691,2,14400,1.00868306802
481097,481102,481784,5,682,2,14400,1.0073313783
481110,481116,481796,6,680,2,14400,1.00882352941
481110,481121,481830,11,709,2,14400,1.01551480959
481115,481127,481864,12,737,2,14400,1.01628222524
481116,481132,481863,16,731,2,14400,1.0218878249
481122,481137,481820,15,683,2,14400,1.02196193265
481133,481143,481858,10,715,2,14400,1.01398601399
481199,481206,481898,7,692,2,14400,1.01011560694
481322,481328,482033,6,705,2,14400,1.0085106383
481428,481435,482171,7,736,2,14400,1.00951086957
481582,481588,482293,6,705,2,14400,1.0085106383
481629,481635,482368,6,733,2,14400,1.00818553888
481630,481640,482346,10,706,2,14400,1.01416430595
481630,481646,482352,16,706,2,14400,1.02266288952
481636,481651,482356,15,705,2,14400,1.02127659574
481649,481657,482366,8,709,2,14400,1.01128349788
481651,481662,482394,11,732,2,14400,1.0150273224
481652,481668,482399,16,731,2,14400,1.0218878249
481666,481674,482407,8,733,2,14400,1.01091405184
481691,481696,482374,5,678,2,14400,1.00737463127
481692,481702,482385,10,683,2,14400,1.01464128843
481711,481718,482398,7,680,2,14400,1.01029411765
481725,481732,482453,7,721,2,14400,1.00970873786
481731,481738,482443,7,705,2,14400,1.00992907801
481731,481743,482443,12,700,2,14400,1.01714285714
481743,481749,482464,6,715,2,14400,1.00839160839
481744,481755,482454,11,699,2,14400,1.01573676681
481744,481760,482488,16,728,2,14400,1.02197802198
481757,481766,482471,9,705,2,14400,1.01276595745
481765,481772,482469,7,697,2,14400,1.01004304161
481771,481778,482492,7,714,2,14400,1.00980392157
481778,481784,482458,6,674,2,14400,1.00890207715
481785,481796,482496,11,700,2,14400,1.01571428571
481785,481791,482500,6,709,2,14400,1.00846262341
481786,481802,482503,16,701,2,14400,1.02282453638
481793,481807,482491,14,684,2,14400,1.02046783626
481793,481812,482494,19,682,2,14400,1.02785923754
481794,481817,482490,23,673,2,14400,1.03417533432
481802,481823,482500,21,677,2,14400,1.03101920236
481826,481831,482535,5,704,2,14400,1.00710227273
481840,481846,482521,6,675,2,14400,1.00888888889
481864,481870,482544,6,674,2,14400,1.00890207715
481871,481877,482581,6,704,2,14400,1.00852272727
481872,481883,482556,11,673,2,14400,1.01634472511
481906,481912,482618,6,706,2,14400,1.00849858357
482041,482047,482780,6,733,2,14400,1.00818553888
482180,482187,482913,7,726,2,14400,1.00964187328
482259,482265,482995,6,730,2,14400,1.00821917808
482291,482297,483026,6,729,2,14400,1.00823045267
482305,482311,483040,6,729,2,14400,1.00823045267
482310,482317,483049,7,732,2,14400,1.00956284153
482357,482363,483061,6,698,2,14400,1.00859598854
482358,482369,483066,11,697,2,14400,1.01578192253
482365,482375,483098,10,723,2,14400,1.01383125864
482372,482381,483102,9,721,2,14400,1.01248266297
482379,482387,483083,8,696,2,14400,1.01149425287
482379,482392,483089,13,697,2,14400,1.01865136298
482391,482398,483097,7,699,2,14400,1.01001430615
482402,482409,483137,7,728,2,14400,1.00961538462
482408,482420,483124,12,704,2,14400,1.01704545455
482408,482415,483118,7,703,2,14400,1.00995732575
482414,482426,483122,12,696,2,14400,1.01724137931
482450,482461,483197,11,736,2,14400,1.01494565217
482450,482456,483139,6,683,2,14400,1.00878477306
482459,482467,483172,8,705,2,14400,1.01134751773
482466,482473,483154,7,681,2,14400,1.01027900147
482467,482478,483199,11,721,2,14400,1.01525658807
482476,482484,483183,8,699,2,14400,1.01144492132
482477,482489,483191,12,702,2,14400,1.01709401709
482477,482494,483195,17,701,2,14400,1.0242510699
482496,482501,483230,5,729,2,14400,1.00685871056
482496,482507,483208,11,701,2,14400,1.01569186876
482497,482512,483213,15,701,2,14400,1.02139800285
482505,482518,483245,13,727,2,14400,1.01788170564
482506,482528,483258,22,730,2,14400,1.0301369863
482506,482533,483232,27,699,2,14400,1.03862660944
482506,482523,483226,17,703,2,14400,1.02418207681
482507,482538,483239,31,701,2,14400,1.04422253923
482513,482544,483274,31,730,2,14400,1.04246575342
482530,482549,483236,19,687,2,14400,1.02765647744
482542,482555,483258,13,703,2,14400,1.01849217639
482555,482561,483283,6,722,2,14400,1.00831024931
482562,482567,483270,5,703,2,14400,1.00711237553
482591,482597,483277,6,680,2,14400,1.00882352941
482630,482636,483357,6,721,2,14400,1.00832177531
482790,482796,483508,6,712,2,14400,1.00842696629
482924,482930,483623,6,693,2,14400,1.00865800866
483005,483011,483728,6,717,2,14400,1.00836820084
483037,483043,483723,6,680,2,14400,1.00882352941
483048,483055,483745,7,690,2,14400,1.01014492754
483059,483065,483783,6,718,2,14400,1.00835654596
483070,483076,483793,6,717,2,14400,1.00836820084
483075,483082,483802,7,720,2,14400,1.00972222222
483092,483098,483812,6,714,2,14400,1.00840336134
483097,483104,483790,7,686,2,14400,1.01020408163
483103,483110,483824,7,714,2,14400,1.00980392157
483103,483115,483827,12,712,2,14400,1.01685393258
483109,483121,483817,12,696,2,14400,1.01724137931
483125,483131,483827,6,696,2,14400,1.00862068966
483131,483142,483862,11,720,2,14400,1.01527777778
483131,483137,483825,6,688,2,14400,1.00872093023
483147,483153,483880,6,727,2,14400,1.00825309491
483148,483158,483849,10,691,2,14400,1.01447178003
483164,483170,483884,6,714,2,14400,1.00840336134
483180,483186,483915,6,729,2,14400,1.00823045267
483191,483197,483896,6,699,2,14400,1.00858369099
483197,483203,483903,6,700,2,14400,1.00857142857
483202,483209,483909,7,700,2,14400,1.01
483203,483214,483912,11,698,2,14400,1.01575931232
483209,483220,483927,11,707,2,14400,1.01555869873
483214,483225,483926,11,701,2,14400,1.01569186876
483220,483231,483931,11,700,2,14400,1.01571428571
483237,483242,483974,5,732,2,14400,1.00683060109
483237,483249,483952,12,703,2,14400,1.01706970128
483238,483254,483941,16,687,2,14400,1.02328966521
483243,483259,483952,16,693,2,14400,1.02308802309
483249,483265,483985,16,720,2,14400,1.02222222222
483254,483270,483958,16,688,2,14400,1.02325581395
483265,483276,483966,11,690,2,14400,1.01594202899
483265,483281,483998,16,717,2,14400,1.02231520223
483277,483287,483978,10,691,2,14400,1.01447178003
483282,483293,484012,11,719,2,14400,1.01529902643
483283,483298,483993,15,695,2,14400,1.02158273381
483289,483304,484036,15,732,2,14400,1.02049180328
483367,483373,484059,6,686,2,14400,1.00874635569
483516,483523,484221,7,698,2,14400,1.0100286533
483633,483640,484328,7,688,2,14400,1.0101744186
483734,483745,484455,11,710,2,14400,1.01549295775
483734,483739,484429,5,690,2,14400,1.00724637681
483755,483762,484451,7,689,2,14400,1.01015965167
483790,483796,484504,6,708,2,14400,1.00847457627
483796,483802,484529,6,727,2,14400,1.00825309491
483802,483808,484525,6,717,2,14400,1.00836820084
483808,483814,484499,6,685,2,14400,1.00875912409
483819,483826,484545,7,719,2,14400,1.00973574409
483825,483832,484515,7,683,2,14400,1.0102489019
483832,483838,484525,6,687,2,14400,1.00873362445
483832,483849,484529,17,680,2,14400,1.025
483832,483843,484556,11,713,2,14400,1.01542776999
483833,483854,484530,21,676,2,14400,1.03106508876
483856,483862,484573,6,711,2,14400,1.00843881857
483873,483879,484588,6,709,2,14400,1.00846262341
483889,483895,484604,6,709,2,14400,1.00846262341
483889,483900,484609,11,709,2,14400,1.01551480959
483907,483913,484581,6,668,2,14400,1.00898203593
483913,483919,484598,6,679,2,14400,1.0088365243
483918,483925,484624,7,699,2,14400,1.01001430615
483919,483930,484624,11,694,2,14400,1.01585014409
483924,483936,484616,12,680,2,14400,1.01764705882
483935,483942,484638,7,696,2,14400,1.01005747126
483936,483947,484616,11,669,2,14400,1.01644245142
483942,483953,484632,11,679,2,14400,1.01620029455
483948,483959,484660,11,701,2,14400,1.01569186876
483960,483965,484656,5,691,2,14400,1.00723589001
483960,483971,484671,11,700,2,14400,1.01571428571
483966,483977,484676,11,699,2,14400,1.01573676681
483972,483983,484682,11,699,2,14400,1.01573676681
483985,483990,484643,5,653,2,14400,1.00765696784
483985,483996,484673,11,677,2,14400,1.01624815362
483991,484002,484700,11,698,2,14400,1.01575931232
484002,484007,484658,5,651,2,14400,1.00768049155
484008,484014,484685,6,671,2,14400,1.00894187779
484021,484027,484693,6,666,2,14400,1.00900900901
484043,484049,484730,6,681,2,14400,1.00881057269
484066,484072,484741,6,669,2,14400,1.00896860987
484228,484234,484914,6,680,2,14400,1.00882352941
484337,484343,485017,6,674,2,14400,1.00890207715
484437,484443,485108,6,665,2,14400,1.00902255639
484461,484467,485173,6,706,2,14400,1.00849858357
484462,484472,485160,10,688,2,14400,1.01453488372
484507,484513,485193,6,680,2,14400,1.00882352941
484514,484519,485225,5,706,2,14400,1.00708215297
484520,484535,485239,15,704,2,14400,1.02130681818
484533,484542,485245,9,703,2,14400,1.01280227596
484533,484547,485228,14,681,2,14400,1.02055800294
484539,484553,485223,14,670,2,14400,1.02089552239
484539,484558,485254,19,696,2,14400,1.02729885057
484539,484563,485263,24,700,2,14400,1.03428571429
484551,484569,485242,18,673,2,14400,1.02674591382
484562,484574,485243,12,669,2,14400,1.01793721973
484579,484585,485287,6,702,2,14400,1.00854700855
484591,484598,485271,7,673,2,14400,1.01040118871
484598,484604,485275,6,671,2,14400,1.00894187779
484609,484615,485315,6,700,2,14400,1.00857142857
484614,484621,485291,7,670,2,14400,1.01044776119
484616,484626,485322,10,696,2,14400,1.01436781609
484622,484632,485321,10,689,2,14400,1.0145137881
484622,484637,485328,15,691,2,14400,1.02170767004
484634,484648,485336,14,688,2,14400,1.02034883721
484634,484643,485346,9,703,2,14400,1.01280227596
484640,484654,485337,14,683,2,14400,1.02049780381
484646,484659,485340,13,681,2,14400,1.01908957416
484651,484665,485356,14,691,2,14400,1.02026049204
484663,484671,485362,8,691,2,14400,1.01157742402
484669,484677,485394,8,717,2,14400,1.01115760112
484670,484682,485401,12,719,2,14400,1.01668984701
484682,484688,485373,6,685,2,14400,1.00875912409
484682,484698,485379,16,681,2,14400,1.0234948605
484682,484693,485403,11,710,2,14400,1.01549295775
484688,484704,485391,16,687,2,14400,1.02328966521
484694,484709,485418,15,709,2,14400,1.02115655853
484700,484715,485420,15,705,2,14400,1.02127659574
484706,484720,485411,14,691,2,14400,1.02026049204
484740,484746,485452,6,706,2,14400,1.00849858357
484751,484758,485439,7,681,2,14400,1.01027900147
484925,484931,485598,6,667,2,14400,1.00899550225
485091,485097,485770,6,673,2,14400,1.00891530461
485115,485121,485828,6,707,2,14400,1.00848656294
485168,485174,485858,6,684,2,14400,1.00877192982
485179,485185,485863,6,678,2,14400,1.00884955752
485204,485210,485892,6,682,2,14400,1.00879765396
485233,485239,485950,6,711,2,14400,1.00843881857
485233,485245,485924,12,679,2,14400,1.0176730486
485236,485250,485922,14,672,2,14400,1.02083333333
485247,485256,485937,9,681,2,14400,1.01321585903
485253,485272,485958,19,686,2,14400,1.027696793
485253,485267,485960,14,693,2,14400,1.0202020202
485253,485262,485934,9,672,2,14400,1.01339285714
485265,485278,485960,13,682,2,14400,1.01906158358
485271,485283,485993,12,710,2,14400,1.01690140845
485277,485289,486000,12,711,2,14400,1.01687763713
485283,485294,486014,11,720,2,14400,1.01527777778
485294,485300,485994,6,694,2,14400,1.00864553314
485300,485306,485986,6,680,2,14400,1.00882352941
485324,485330,486011,6,681,2,14400,1.00881057269
485330,485342,486036,12,694,2,14400,1.01729106628
485330,485335,486053,5,718,2,14400,1.0069637883
485336,485347,486037,11,690,2,14400,1.01594202899
485343,485353,486067,10,714,2,14400,1.01400560224
485343,485358,486075,15,717,2,14400,1.02092050209
485350,485364,486048,14,684,2,14400,1.02046783626
485356,485369,486048,13,679,2,14400,1.01914580265
485367,485375,486068,8,693,2,14400,1.01154401154
485367,485380,486094,13,714,2,14400,1.01820728291
485379,485386,486071,7,685,2,14400,1.0102189781
485385,485392,486078,7,686,2,14400,1.01020408163
485397,485403,486104,6,701,2,14400,1.00855920114
485404,485409,486083,5,674,2,14400,1.00741839763
485410,485416,486087,6,671,2,14400,1.00894187779
485411,485421,486120,10,699,2,14400,1.01430615165
485417,485427,486124,10,697,2,14400,1.0143472023
485429,485435,486108,6,673,2,14400,1.00891530461
485429,485440,486111,11,671,2,14400,1.01639344262
485447,485453,486122,6,669,2,14400,1.00896860987
485459,485466,486144,7,678,2,14400,1.01032448378
485607,485613,486293,6,680,2,14400,1.00882352941
485683,485689,486735,6,1046,1,3600,1.00573613767
485776,485782,486487,6,705,2,14400,1.0085106383
485834,485839,486514,5,675,2,14400,1.00740740741
485860,485866,493657,6,7791,1,10800,1.00077011937
485869,485880,486564,11,684,2,14400,1.01608187135
485869,485875,486556,6,681,2,14400,1.00881057269
485898,485904,486584,6,680,2,14400,1.00882352941
485928,485933,486615,5,682,2,14400,1.0073313783
485934,485940,486618,6,678,2,14400,1.00884955752
485940,485946,486628,6,682,2,14400,1.00879765396
485947,485953,486632,6,679,2,14400,1.0088365243
485957,485963,486668,6,705,2,14400,1.0085106383
485969,485980,486684,11,704,2,14400,1.015625
485969,485975,486684,6,709,2,14400,1.00846262341
485970,485985,486666,15,681,2,14400,1.02202643172
485992,485999,486705,7,706,2,14400,1.00991501416
485998,486005,486712,7,707,2,14400,1.0099009901
486005,486011,486719,6,708,2,14400,1.00847457627
486011,486017,486726,6,709,2,14400,1.00846262341
486021,486027,486695,6,668,2,14400,1.00898203593
486022,486032,486700,10,668,2,14400,1.01497005988
486045,486052,486709,7,657,2,14400,1.01065449011
486047,486058,486738,11,680,2,14400,1.01617647059
486053,486063,486704,10,641,2,14400,1.01560062402
486054,486069,486714,15,645,2,14400,1.02325581395
486060,486075,486736,15,661,2,14400,1.02269288956
486080,486085,486736,5,651,2,14400,1.00768049155
486080,486092,486742,12,650,2,14400,1.01846153846
486081,486102,486768,21,666,2,14400,1.03153153153
486081,486097,486740,16,643,2,14400,1.02488335925
486088,486108,486755,20,647,2,14400,1.03091190108
486089,486113,486758,24,645,2,14400,1.03720930233
486095,486118,486792,23,674,2,14400,1.03412462908
486101,486123,486782,22,659,2,14400,1.03338391502
486113,486130,486772,17,642,2,14400,1.02647975078
486114,486135,486809,21,674,2,14400,1.03115727003
486120,486140,486778,20,638,2,14400,1.03134796238
486131,486151,486824,20,673,2,14400,1.02971768202
486131,486156,486825,25,669,2,14400,1.03736920777
486131,486146,486818,15,672,2,14400,1.02232142857
486153,486162,486865,9,703,2,14400,1.01280227596
486300,486306,486988,6,682,2,14400,1.00879765396
486496,486502,487196,6,694,2,14400,1.00864553314
486522,486528,487218,6,690,2,14400,1.00869565217
486564,486570,487289,6,719,2,14400,1.0083449235
486574,486580,487297,6,717,2,14400,1.00836820084
486590,486596,487317,6,721,2,14400,1.00832177531
486622,486628,487327,6,699,2,14400,1.00858369099
486627,486634,487361,7,727,2,14400,1.00962861073
486638,486649,487376,11,727,2,14400,1.015130674
486638,486644,487342,6,698,2,14400,1.00859598854
486672,486678,487362,6,684,2,14400,1.00877192982
486678,486683,487407,5,724,2,14400,1.00690607735
486694,486705,487401,11,696,2,14400,1.0158045977
486694,486700,487401,6,701,2,14400,1.00855920114
486705,486710,487410,5,700,2,14400,1.00714285714
486705,486716,487414,11,698,2,14400,1.01575931232
486711,486722,487420,11,698,2,14400,1.01575931232
486711,486727,487427,16,700,2,14400,1.02285714286
486717,486733,487424,16,691,2,14400,1.02315484805
486717,486738,487427,21,689,2,14400,1.03047895501
486723,486743,487462,20,719,2,14400,1.02781641168
486729,486750,487440,21,690,2,14400,1.03043478261
486734,486755,487473,21,718,2,14400,1.02924791086
486745,486761,487453,16,692,2,14400,1.02312138728
486746,486776,487495,30,719,2,14400,1.04172461752
486746,486766,487483,20,717,2,14400,1.02789400279
486746,486771,487464,25,693,2,14400,1.03607503608
486752,486781,487501,29,720,2,14400,1.04027777778
486763,486787,487478,24,691,2,14400,1.03473227207
486768,486792,487480,24,688,2,14400,1.03488372093
486779,486797,487490,18,693,2,14400,1.02597402597
486779,486802,487493,23,691,2,14400,1.03328509407
486785,486809,487498,24,689,2,14400,1.03483309144
486790,486814,487533,24,719,2,14400,1.03337969402
486801,486819,487533,18,714,2,14400,1.02521008403
486816,486825,487544,9,719,2,14400,1.01251738526
486827,486833,487527,6,694,2,14400,1.00864553314
486833,486838,487566,5,728,2,14400,1.00686813187
486833,486844,487545,11,701,2,14400,1.01569186876
486872,486878,487567,6,689,2,14400,1.00870827286
486995,487001,487679,6,678,2,14400,1.00884955752
487007,487013,487312,6,299,1,3600,1.02006688963
487203,487209,487847,6,638,2,14400,1.00940438871
487228,487234,487915,6,681,2,14400,1.00881057269
487300,487306,487970,6,664,2,14400,1.00903614458
487306,487312,487976,6,664,2,14400,1.00903614458
487326,487332,488031,6,699,2,14400,1.00858369099
487338,487344,488048,6,704,2,14400,1.00852272727
487350,487357,488027,7,670,2,14400,1.01044776119
487369,487375,488041,6,666,2,14400,1.00900900901
487370,487381,488053,11,672,2,14400,1.01636904762
487387,487393,488079,6,686,2,14400,1.00874635569
487411,487417,488144,6,727,2,14400,1.00825309491
487412,487423,488113,11,690,2,14400,1.01594202899
487420,487429,488119,9,690,2,14400,1.01304347826
487422,487434,488125,12,691,2,14400,1.01736613603
487424,487440,488159,16,719,2,14400,1.02225312935
487431,487445,488139,14,694,2,14400,1.02017291066
487431,487450,488146,19,696,2,14400,1.02729885057
487438,487461,488187,23,726,2,14400,1.03168044077
487438,487456,488151,18,695,2,14400,1.02589928058
487449,487466,488175,17,709,2,14400,1.023977433
487461,487472,488172,11,700,2,14400,1.01571428571
487468,487478,488176,10,698,2,14400,1.01432664756
487475,487484,488150,9,666,2,14400,1.01351351351
487482,487490,488158,8,668,2,14400,1.0119760479
487489,487501,488168,12,667,2,14400,1.0179910045
487489,487496,488149,7,653,2,14400,1.01071975498
487490,487506,488190,16,684,2,14400,1.02339181287
487496,487514,488173,18,659,2,14400,1.02731411229
487502,487519,488169,17,650,2,14400,1.02615384615
487503,487524,488177,21,653,2,14400,1.03215926493
487508,487530,488211,22,681,2,14400,1.03230543319
487509,487535,488186,26,651,2,14400,1.03993855607
487533,487541,488209,8,668,2,14400,1.0119760479
487540,487547,488265,7,718,2,14400,1.00974930362
487541,487552,488242,11,690,2,14400,1.01594202899
487554,487560,488244,6,684,2,14400,1.00877192982
487554,487565,488290,11,725,2,14400,1.01517241379
487574,487580,488282,6,702,2,14400,1.00854700855
487575,487585,488264,10,679,2,14400,1.0147275405
487690,487696,488374,6,678,2,14400,1.00884955752
487856,487862,488556,6,694,2,14400,1.00864553314
487924,487930,488632,6,702,2,14400,1.00854700855
487980,487986,488671,6,685,2,14400,1.00875912409
487986,487991,488705,5,714,2,14400,1.00700280112
487990,487998,488363,8,365,1,3600,1.02191780822
488037,488042,488772,5,730,2,14400,1.00684931507
488037,488048,488749,11,701,2,14400,1.01569186876
488050,488056,488771,6,715,2,14400,1.00839160839
488057,488063,488752,6,689,2,14400,1.00870827286
488062,488069,488745,7,676,2,14400,1.01035502959
488087,488093,488786,6,693,2,14400,1.00865800866
488122,488128,488846,6,718,2,14400,1.00835654596
488129,488135,488828,6,693,2,14400,1.00865800866
488134,488141,488820,7,679,2,14400,1.01030927835
488148,488154,488841,6,687,2,14400,1.00873362445
488155,488161,488888,6,727,2,14400,1.00825309491
488155,488166,488893,11,727,2,14400,1.015130674
488156,488172,488873,16,701,2,14400,1.02282453638
488156,488177,488909,21,732,2,14400,1.02868852459
488157,488182,488877,25,695,2,14400,1.03597122302
488168,488188,488891,20,703,2,14400,1.02844950213
488168,488193,488892,25,699,2,14400,1.03576537911
488174,488198,488925,24,727,2,14400,1.03301237964
488175,488203,488904,28,701,2,14400,1.03994293866
488181,488209,488909,28,700,2,14400,1.04
488182,488214,488913,32,699,2,14400,1.04577968526
488182,488219,488952,37,733,2,14400,1.05047748977
488183,488225,488925,42,700,2,14400,1.06
488184,488230,488932,46,702,2,14400,1.06552706553
488197,488240,488942,43,702,2,14400,1.06125356125
488197,488235,488960,38,725,2,14400,1.0524137931
488198,488245,488949,47,704,2,14400,1.06676136364
488215,488251,488978,36,727,2,14400,1.04951856946
488221,488257,488984,36,727,2,14400,1.04951856946
488252,488263,488994,11,731,2,14400,1.01504787962
488252,488268,488976,16,708,2,14400,1.02259887006
488274,488279,489011,5,732,2,14400,1.00683060109
488274,488284,488983,10,699,2,14400,1.01430615165
488290,488296,488996,6,700,2,14400,1.00857142857
488296,488301,489002,5,701,2,14400,1.00713266762
488332,488338,497986,6,9648,2,28800,1.00062189055
488370,488380,492121,10,3741,1,3600,1.00267308206
488381,488387,489092,6,705,2,14400,1.0085106383
488563,488570,489250,7,680,2,14400,1.01029411765
488591,488597,1064600,6,576003,2,576000,1.00001041661
488642,488648,489348,6,700,2,14400,1.00857142857
488678,488685,489385,7,700,2,14400,1.01
488716,488722,489420,6,698,2,14400,1.00859598854
488753,488759,489487,6,728,2,14400,1.00824175824
488759,488765,489465,6,700,2,14400,1.00857142857
488760,488771,489496,11,725,2,14400,1.01517241379
488778,488784,489479,6,695,2,14400,1.00863309353
488779,488789,489509,10,720,2,14400,1.01388888889
488791,488797,489523,6,726,2,14400,1.00826446281
488828,488834,489529,6,695,2,14400,1.00863309353
488835,488841,489538,6,697,2,14400,1.00860832138
488848,488854,489557,6,703,2,14400,1.00853485064
488853,488860,489557,7,697,2,14400,1.01004304161
488878,488884,489572,6,688,2,14400,1.00872093023
488885,488891,489620,6,729,2,14400,1.00823045267
488899,488910,489615,11,705,2,14400,1.01560283688
488899,488905,489603,6,698,2,14400,1.00859598854
488900,488916,489645,16,729,2,14400,1.0219478738
488900,488921,489618,21,697,2,14400,1.03012912482
488913,488927,489626,14,699,2,14400,1.0200286123
488919,488932,489632,13,700,2,14400,1.01857142857
488920,488942,489641,22,699,2,14400,1.03147353362
488920,488937,489668,17,731,2,14400,1.02325581395
488932,488948,489677,16,729,2,14400,1.0219478738
488933,488953,489649,20,696,2,14400,1.02873563218
488939,488958,489686,19,728,2,14400,1.0260989011
488952,488964,489694,12,730,2,14400,1.01643835616
488958,488969,489698,11,729,2,14400,1.01508916324
488959,488975,489677,16,702,2,14400,1.02279202279
488971,488981,489682,10,701,2,14400,1.01426533524
488984,488990,489704,6,714,2,14400,1.00840336134
488985,488996,489684,11,688,2,14400,1.01598837209
488991,489002,489690,11,688,2,14400,1.01598837209
488992,489007,489711,15,704,2,14400,1.02130681818
489004,489013,489711,9,698,2,14400,1.01289398281
489004,489018,489740,14,722,2,14400,1.01939058172
489010,489024,489725,14,701,2,14400,1.01997146933
489018,489029,489714,11,685,2,14400,1.01605839416
489102,489108,489811,6,703,2,14400,1.00853485064
489232,489238,489434,6,196,2,10800,1.0306122449
489261,489267,489977,6,710,2,14400,1.00845070423
489360,489366,490047,6,681,2,14400,1.00881057269
489391,489397,490111,6,714,2,14400,1.00840336134
489427,489433,490121,6,688,2,14400,1.00872093023
489442,489448,492941,6,3493,2,10800,1.00171772116
489475,489481,490197,6,716,2,14400,1.00837988827
489488,489494,490214,6,720,2,14400,1.00833333333
489494,489499,490179,5,680,2,14400,1.00735294118
489504,489510,492565,6,3055,1,72000,1.00196399345
489505,489516,490206,11,690,2,14400,1.01594202899
489519,489525,490241,6,716,2,14400,1.00837988827
489532,489538,490244,6,706,2,14400,1.00849858357
489539,489544,490240,5,696,2,14400,1.00718390805
489545,489551,490268,6,717,2,14400,1.00836820084
489565,489571,490270,6,699,2,14400,1.00858369099
489565,489576,490273,11,697,2,14400,1.01578192253
489578,489584,490309,6,725,2,14400,1.00827586207
489610,489617,490315,7,698,2,14400,1.0100286533
489623,489628,490357,5,729,2,14400,1.00685871056
489623,489634,490360,11,726,2,14400,1.01515151515
489630,489640,490340,10,700,2,14400,1.01428571429
489637,489646,490379,9,733,2,14400,1.01227830832
489637,489651,490351,14,700,2,14400,1.02
489649,489657,490349,8,692,2,14400,1.01156069364
489655,489663,490351,8,688,2,14400,1.01162790698
489656,489668,490366,12,698,2,14400,1.01719197708
489675,489682,490383,7,701,2,14400,1.00998573466
489687,489693,490395,6,702,2,14400,1.00854700855
489688,489704,490411,16,707,2,14400,1.02263083451
489688,489699,490425,11,726,2,14400,1.01515151515
489694,489709,490404,15,695,2,14400,1.02158273381
489694,489715,490411,21,696,2,14400,1.03017241379
489700,489720,490450,20,730,2,14400,1.02739726027
489701,489725,490453,24,728,2,14400,1.03296703297
489707,489730,490455,23,725,2,14400,1.03172413793
489713,489736,490432,23,696,2,14400,1.03304597701
489719,489741,490438,22,697,2,14400,1.03156384505
489720,489746,490450,26,704,2,14400,1.03693181818
489720,489751,490451,31,700,2,14400,1.04428571429
489732,489757,490453,25,696,2,14400,1.03591954023
489750,489762,490460,12,698,2,14400,1.01719197708
489819,489825,490524,6,699,2,14400,1.00858369099
489984,489990,490710,6,720,2,14400,1.00833333333
490057,490063,490775,6,712,2,14400,1.00842696629
490119,490125,490813,6,688,2,14400,1.00872093023
490131,490137,490819,6,682,2,14400,1.00879765396
490151,490157,753583,6,263426,2,604800,1.0000227768
490190,490196,490905,6,709,2,14400,1.00846262341
490206,490212,490893,6,681,2,14400,1.00881057269
490212,490218,490888,6,670,2,14400,1.00895522388
490223,490229,490893,6,664,2,14400,1.00903614458
490250,490261,490933,11,672,2,14400,1.01636904762
490250,490255,490926,5,671,2,14400,1.00745156483
490250,490266,490939,16,673,2,14400,1.02377414562
490277,490287,490958,10,671,2,14400,1.01490312966
490277,490282,490973,5,691,2,14400,1.00723589001
490282,490293,490962,11,669,2,14400,1.01644245142
490318,490324,491009,6,685,2,14400,1.00875912409
490324,490330,491005,6,675,2,14400,1.00888888889
490349,490355,491031,6,676,2,14400,1.00887573964
490355,490361,491006,6,645,2,14400,1.00930232558
490362,490373,491068,11,695,2,14400,1.01582733813
490362,490379,491061,17,682,2,14400,1.02492668622
490362,490368,491030,6,662,2,14400,1.00906344411
490369,490384,491039,15,655,2,14400,1.02290076336
490370,490389,753594,19,263205,2,604800,1.00007218708
490375,490395,491062,20,667,2,14400,1.0299850075
490387,490400,491085,13,685,2,14400,1.01897810219
490393,490406,491122,13,716,2,14400,1.01815642458
490405,490412,491097,7,685,2,14400,1.0102189781
490412,490417,491101,5,684,2,14400,1.00730994152
490418,490424,491103,6,679,2,14400,1.0088365243
490419,490429,491116,10,687,2,14400,1.01455604076
490431,490437,491142,6,705,2,14400,1.0085106383
490443,490449,491147,6,698,2,14400,1.00859598854
490450,490456,491130,6,674,2,14400,1.00890207715
490457,490463,491141,6,678,2,14400,1.00884955752
490458,490468,491142,10,674,2,14400,1.01483679525
490458,490474,491151,16,677,2,14400,1.02363367799
490465,490489,491169,24,680,2,14400,1.03529411765
490465,490479,491181,14,702,2,14400,1.01994301994
490465,490484,491199,19,715,2,14400,1.02657342657
490466,490494,491161,28,667,2,14400,1.04197901049
490530,490535,491203,5,668,2,14400,1.00748502994
490716,490722,491390,6,668,2,14400,1.00898203593
490786,490792,491478,6,686,2,14400,1.00874635569
490824,490830,491508,6,678,2,14400,1.00884955752
490825,490836,491545,11,709,2,14400,1.01551480959
490895,490901,491617,6,716,2,14400,1.00837988827
490903,490909,491586,6,677,2,14400,1.00886262925
490903,490914,491588,11,674,2,14400,1.01632047478
490917,490923,491596,6,673,2,14400,1.00891530461
490936,490942,491611,6,669,2,14400,1.00896860987
490943,490949,491619,6,670,2,14400,1.00895522388
490944,490955,491652,11,697,2,14400,1.01578192253
490967,490973,491675,6,702,2,14400,1.00854700855
490968,490979,491650,11,671,2,14400,1.01639344262
490980,490986,491655,6,669,2,14400,1.00896860987
491015,491021,491710,6,689,2,14400,1.00870827286
491016,491027,491743,11,716,2,14400,1.01536312849
491016,491032,491748,16,716,2,14400,1.02234636872
491036,491042,491722,6,680,2,14400,1.00882352941
491038,491053,494682,15,3629,1,3600,1.00413337007
491041,491048,491732,7,684,2,14400,1.01023391813
491048,491059,491738,11,679,2,14400,1.01620029455
491068,491074,491785,6,711,2,14400,1.00843881857
491069,491079,491788,10,709,2,14400,1.01410437236
491075,491085,491794,10,709,2,14400,1.01410437236
491093,491099,491784,6,685,2,14400,1.00875912409
491106,491112,491784,6,672,2,14400,1.00892857143
491113,491119,491797,6,678,2,14400,1.00884955752
491113,491124,491831,11,707,2,14400,1.01555869873
491125,491132,491808,7,676,2,14400,1.01035502959
491132,491138,491812,6,674,2,14400,1.00890207715
491139,491145,491821,6,676,2,14400,1.00887573964
491152,491159,491862,7,703,2,14400,1.00995732575
491153,491164,491835,11,671,2,14400,1.01639344262
491153,491170,491868,17,698,2,14400,1.02435530086
491154,491175,491871,21,696,2,14400,1.03017241379
491160,491180,491862,20,682,2,14400,1.0293255132
491172,491186,491886,14,700,2,14400,1.02
491178,491191,491862,13,671,2,14400,1.01937406855
491191,491198,491872,7,674,2,14400,1.01038575668
491208,491214,491887,6,673,2,14400,1.00891530461
491209,491220,491917,11,697,2,14400,1.01578192253
491399,491405,492076,6,671,2,14400,1.00894187779
491488,491494,492145,6,651,2,14400,1.00921658986
491517,491523,492202,6,679,2,14400,1.0088365243
491553,491559,492236,6,677,2,14400,1.00886262925
491596,491602,492273,6,671,2,14400,1.00894187779
491596,491607,492275,11,668,2,14400,1.01646706587
491603,491613,492291,10,678,2,14400,1.01474926254
491622,491628,492268,6,640,2,14400,1.009375
491628,491634,492275,6,641,2,14400,1.00936037441
491629,491640,492281,11,641,2,14400,1.01716068643
491659,491664,492306,5,642,2,14400,1.00778816199
491659,491670,492310,11,640,2,14400,1.0171875
491665,491676,492318,11,642,2,14400,1.01713395639
491685,491691,492332,6,641,2,14400,1.00936037441
491721,491727,492384,6,657,2,14400,1.00913242009
491733,491739,492396,6,657,2,14400,1.00913242009
491738,491745,492402,7,657,2,14400,1.01065449011
491745,491751,492442,6,691,2,14400,1.00868306802
491752,491758,492419,6,661,2,14400,1.00907715582
491759,491765,492416,6,651,2,14400,1.00921658986
491791,491797,492446,6,649,2,14400,1.0092449923
491792,491808,492462,16,654,2,14400,1.0244648318
491792,491803,492481,11,678,2,14400,1.01622418879
491800,491819,492498,19,679,2,14400,1.02798232695
491800,491814,492462,14,648,2,14400,1.02160493827
491806,491824,492473,18,649,2,14400,1.02773497689
491818,491830,492513,12,683,2,14400,1.01756954612
491819,491835,492486,16,651,2,14400,1.02457757296
491830,491841,492493,11,652,2,14400,1.01687116564
491837,491847,492517,10,670,2,14400,1.01492537313
491843,491853,492531,10,678,2,14400,1.01474926254
491868,491873,492528,5,655,2,14400,1.00763358779
491868,491884,492529,16,645,2,14400,1.02480620155
491868,491879,492520,11,641,2,14400,1.01716068643
491875,491890,492534,15,644,2,14400,1.02329192547
491881,491895,492567,14,672,2,14400,1.02083333333
491882,491900,492544,18,644,2,14400,1.02795031056
491894,491906,492550,12,644,2,14400,1.01863354037
491894,491911,492554,17,643,2,14400,1.02643856921
491925,491931,492566,6,635,2,14400,1.0094488189
492081,492087,492741,6,654,2,14400,1.00917431193
492155,492161,492810,6,649,2,14400,1.0092449923
492213,492219,492903,6,684,2,14400,1.00877192982
492243,492248,492934,5,686,2,14400,1.00728862974
492277,492284,492942,7,658,2,14400,1.01063829787
492279,492290,492933,11,643,2,14400,1.01710730949
492287,492296,492952,9,656,2,14400,1.0137195122
492288,492301,492956,13,655,2,14400,1.01984732824
492289,492306,492952,17,646,2,14400,1.02631578947
492297,492312,492955,15,643,2,14400,1.0233281493
492316,492322,492968,6,646,2,14400,1.0092879257
492317,492328,492970,11,642,2,14400,1.01713395639
492324,492334,492982,10,648,2,14400,1.01543209877
492340,492346,493020,6,674,2,14400,1.00890207715
492396,492402,493047,6,645,2,14400,1.00930232558
492404,492410,493058,6,648,2,14400,1.00925925926
492412,492418,493113,6,695,2,14400,1.00863309353
492426,492432,493104,6,672,2,14400,1.00892857143
492428,492438,493108,10,670,2,14400,1.01492537313
492453,492458,493153,5,695,2,14400,1.0071942446
492454,492464,493156,10,692,2,14400,1.01445086705
492472,492478,493171,6,693,2,14400,1.00865800866
492474,492484,493151,10,667,2,14400,1.01499250375
492484,492491,493184,7,693,2,14400,1.0101010101
492494,492500,493164,6,664,2,14400,1.00903614458
492495,492506,493169,11,663,2,14400,1.01659125189
492503,492512,493205,9,693,2,14400,1.01298701299
492504,492517,493209,13,692,2,14400,1.01878612717
492519,492525,493181,6,656,2,14400,1.00914634146
492528,492535,493226,7,691,2,14400,1.01013024602
492531,492541,493232,10,691,2,14400,1.01447178003
492539,492546,493234,7,688,2,14400,1.0101744186
492540,492552,493205,12,653,2,14400,1.01837672282
492541,492562,493220,21,658,2,14400,1.03191489362
492541,492557,493238,16,681,2,14400,1.0234948605
492553,492568,493230,15,662,2,14400,1.02265861027
492560,492573,493229,13,656,2,14400,1.01981707317
492561,492578,493238,17,660,2,14400,1.02575757576
492574,492590,493253,16,663,2,14400,1.02413273002
492576,492595,493278,19,683,2,14400,1.02781844802
492796,492802,493465,6,663,2,14400,1.00904977376
492819,492825,493474,6,649,2,14400,1.0092449923
492915,492921,493581,6,660,2,14400,1.00909090909
492939,492945,493595,6,650,2,14400,1.00923076923
492942,492951,493631,9,680,2,14400,1.01323529412
492950,492957,493640,7,683,2,14400,1.0102489019
492959,492965,493615,6,650,2,14400,1.00923076923
492961,492971,493621,10,650,2,14400,1.01538461538
492962,492976,493626,14,650,2,14400,1.02153846154
492964,492981,493630,17,649,2,14400,1.02619414484
492982,492988,493664,6,676,2,14400,1.00887573964
492995,493001,493633,6,632,2,14400,1.00949367089
492995,493006,493671,11,665,2,14400,1.01654135338
493025,493031,493654,6,623,2,14400,1.00963081862
493056,493063,493695,7,632,2,14400,1.01107594937
493066,493072,493703,6,631,2,14400,1.00950871632
493093,493099,494276,6,1177,2,10800,1.00509770603
493112,493118,493768,6,650,2,14400,1.00923076923
493118,493124,493743,6,619,2,14400,1.00969305331
493119,493130,493780,11,650,2,14400,1.01692307692
493159,493164,493786,5,622,2,14400,1.00803858521
493159,493170,493793,11,623,2,14400,1.0176565008
493166,493176,493801,10,625,2,14400,1.016
493174,493182,493831,8,649,2,14400,1.01232665639
493175,493187,493808,12,621,2,14400,1.0193236715
493182,493193,493844,11,651,2,14400,1.01689708141
493190,493204,493826,14,622,2,14400,1.02250803859
493190,493199,493838,9,639,2,14400,1.01408450704
493210,493216,493875,6,659,2,14400,1.0091047041
493211,493222,493882,11,660,2,14400,1.01666666667
493218,493228,493859,10,631,2,14400,1.01584786054
493222,493233,522404,11,29171,1,72000,1.00037708683
493226,493239,493871,13,632,2,14400,1.02056962025
493234,493245,493873,11,628,2,14400,1.01751592357
493235,493250,493911,15,661,2,14400,1.02269288956
493236,493255,493910,19,655,2,14400,1.02900763359
493243,493261,493919,18,658,2,14400,1.0273556231
493244,493266,493921,22,655,2,14400,1.03358778626
493245,493271,493896,26,625,2,14400,1.0416
493245,493276,493909,31,633,2,14400,1.04897314376
493263,493283,493908,20,625,2,14400,1.032
493284,493294,493944,10,650,2,14400,1.01538461538
493478,493484,494105,6,621,2,14400,1.00966183575
493486,493492,494107,6,615,2,14400,1.00975609756
493570,493576,493621,6,45,1,1800,1.13333333333
493592,493599,494236,7,637,2,14400,1.01098901099
493607,493613,494236,6,623,2,14400,1.00963081862
493623,493628,494244,5,616,2,14400,1.00811688312
493630,493636,494258,6,622,2,14400,1.00964630225
493637,493643,494293,6,650,2,14400,1.00923076923
493638,493648,494272,10,624,2,14400,1.01602564103
493639,493655,494308,16,653,2,14400,1.02450229709
493640,493660,494285,20,625,2,14400,1.032
493650,493666,494300,16,634,2,14400,1.02523659306
493664,493672,494336,8,664,2,14400,1.01204819277
493671,493678,494312,7,634,2,14400,1.01104100946
493678,493684,494320,6,636,2,14400,1.00943396226
493705,493712,494347,7,635,2,14400,1.01102362205
493711,493718,494348,7,630,2,14400,1.01111111111
493751,493757,494416,6,659,2,14400,1.0091047041
493859,493865,494528,6,663,2,14400,1.00904977376
493861,493876,494540,15,664,2,14400,1.02259036145
493861,493881,494570,20,689,2,14400,1.0290275762
493861,493871,494561,10,690,2,14400,1.01449275362
493862,493886,494581,24,695,2,14400,1.0345323741
493862,493892,494570,30,678,2,14400,1.04424778761
493862,493897,494561,35,664,2,14400,1.05271084337
493867,493908,494595,41,687,2,14400,1.0596797671
493867,493903,494594,36,691,2,14400,1.0520984081
493868,493913,494579,45,666,2,14400,1.06756756757
493868,493918,494605,50,687,2,14400,1.07278020378
493879,493923,494616,44,693,2,14400,1.06349206349
493880,493929,494622,49,693,2,14400,1.07070707071
493880,493934,494624,54,690,2,14400,1.07826086957
493888,493939,494601,51,662,2,14400,1.07703927492
493906,493945,494636,39,691,2,14400,1.05643994211
493917,493950,494611,33,661,2,14400,1.04992435703
493918,493955,494647,37,692,2,14400,1.05346820809
493918,493966,494623,48,657,2,14400,1.07305936073
493918,493960,494624,42,664,2,14400,1.06325301205
493925,493971,494649,46,678,2,14400,1.06784660767
493931,493976,494642,45,666,2,14400,1.06756756757
493940,493987,494068,47,81,1,1800,1.58024691358
493951,493982,494675,31,693,2,14400,1.04473304473
494114,494120,494810,6,690,2,14400,1.00869565217
494115,494125,494815,10,690,2,14400,1.01449275362
494244,494250,494939,6,689,2,14400,1.00870827286
494248,494256,494919,8,663,2,14400,1.01206636501
494250,494261,494955,11,694,2,14400,1.01585014409
494265,494270,494933,5,663,2,14400,1.00754147813
494282,494288,494956,6,668,2,14400,1.00898203593
494295,494301,494967,6,666,2,14400,1.00900900901
494300,494307,494978,7,671,2,14400,1.01043219076
494306,494313,494982,7,669,2,14400,1.01046337818
494317,494323,494990,6,667,2,14400,1.00899550225
494326,494332,495003,6,671,2,14400,1.00894187779
494327,494338,495019,11,681,2,14400,1.01615271659
494345,494352,495031,7,679,2,14400,1.01030927835
494357,494363,495033,6,670,2,14400,1.00895522388
494357,494368,495073,11,705,2,14400,1.01560283688
494425,494431,495103,6,672,2,14400,1.00892857143
494538,494544,495215,6,671,2,14400,1.00894187779
494549,494555,495227,6,672,2,14400,1.00892857143
494570,494575,495279,5,704,2,14400,1.00710227273
494570,494581,495253,11,672,2,14400,1.01636904762
494575,494587,495288,12,701,2,14400,1.01711840228
494576,494592,495266,16,674,2,14400,1.0237388724
494587,494603,495281,16,678,2,14400,1.02359882006
494587,494598,495276,11,678,2,14400,1.01622418879
494642,494647,494896,5,249,1,1800,1.02008032129
494690,494696,495601,6,905,1,3600,1.00662983425
494708,494714,495267,6,553,2,14400,1.01084990958
494710,494725,495235,15,510,2,14400,1.02941176471
494710,494720,495274,10,554,2,14400,1.01805054152
494711,494730,495248,19,518,2,14400,1.03667953668
494712,494740,495244,28,504,2,14400,1.05555555556
494712,494735,495293,23,558,2,14400,1.04121863799
494752,494758,495374,6,616,2,14400,1.00974025974
494753,494763,495409,10,646,2,14400,1.01547987616
494754,494769,495387,15,618,2,14400,1.02427184466
494756,494774,495425,18,651,2,14400,1.02764976959
494757,494779,495401,22,622,2,14400,1.03536977492
494758,494784,495409,26,625,2,14400,1.0416
494758,494789,495413,31,624,2,14400,1.04967948718
494759,494794,495448,35,654,2,14400,1.05351681957
494760,494799,495424,39,625,2,14400,1.0624
494819,494826,495453,7,627,2,14400,1.01116427432
494825,494832,495502,7,670,2,14400,1.01044776119
494927,494933,495593,6,660,2,14400,1.00909090909
494940,494947,495613,7,666,2,14400,1.01051051051
494946,494953,495615,7,662,2,14400,1.01057401813
494963,494969,495661,6,692,2,14400,1.00867052023
494964,494975,495668,11,693,2,14400,1.01587301587
494974,494981,495648,7,667,2,14400,1.01049475262
494988,494993,495686,5,693,2,14400,1.00721500722
494989,494999,495664,10,665,2,14400,1.01503759398
494997,495005,495695,8,690,2,14400,1.0115942029
495012,495018,495682,6,664,2,14400,1.00903614458
495027,495034,495725,7,691,2,14400,1.01013024602
495041,495048,495710,7,662,2,14400,1.01057401813
495043,495054,495716,11,662,2,14400,1.0166163142
495079,495085,495701,6,616,2,14400,1.00974025974
495110,495117,495774,7,657,2,14400,1.01065449011
495225,495232,495911,7,679,2,14400,1.01030927835
495236,495242,495892,6,650,2,14400,1.00923076923
495242,495247,495892,5,645,2,14400,1.00775193798
495253,495258,495913,5,655,2,14400,1.00763358779
495253,495264,495922,11,658,2,14400,1.01671732523
495259,495270,495963,11,693,2,14400,1.01587301587
495275,495286,495949,11,663,2,14400,1.01659125189
495275,495281,495940,6,659,2,14400,1.0091047041
495281,495291,495949,10,658,2,14400,1.01519756839
495281,495297,495992,16,695,2,14400,1.02302158273
495287,495308,495971,21,663,2,14400,1.03167420814
495287,495303,495995,16,692,2,14400,1.02312138728
495298,495314,495977,16,663,2,14400,1.02413273002
495299,495319,495981,20,662,2,14400,1.03021148036
495382,495388,496044,6,656,2,14400,1.00914634146
495393,495399,496051,6,652,2,14400,1.00920245399
495409,495415,496055,6,640,2,14400,1.009375
495415,495420,496052,5,632,2,14400,1.00791139241
495415,495425,496062,10,637,2,14400,1.01569858713
495420,495432,496073,12,641,2,14400,1.01872074883
495431,495438,496102,7,664,2,14400,1.01054216867
495432,495443,496087,11,644,2,14400,1.01708074534
495458,495464,496141,6,677,2,14400,1.00886262925
495459,495469,496113,10,644,2,14400,1.01552795031
495511,495517,496174,6,657,2,14400,1.00913242009
495599,495605,502830,6,7225,1,7200,1.00083044983
495602,495611,496304,9,693,2,14400,1.01298701299
495606,495616,507931,10,12315,1,43200,1.00081201786
495607,495622,499333,15,3711,4,3600,1.00404203719
495623,495629,496293,6,664,2,14400,1.00903614458
495623,495634,496299,11,665,2,14400,1.01654135338
495647,495653,498599,6,2946,1,43200,1.00203665988
495659,495665,496335,6,670,2,14400,1.00895522388
495668,495674,496340,6,666,2,14400,1.00900900901
495676,495687,496348,11,661,2,14400,1.01664145234
495676,495682,496346,6,664,2,14400,1.00903614458
495692,495697,496365,5,668,2,14400,1.00748502994
495692,495704,496400,12,696,2,14400,1.01724137931
495705,495712,496339,7,627,2,14400,1.01116427432
495712,495718,496330,6,612,2,14400,1.00980392157
495722,495728,496350,6,622,2,14400,1.00964630225
495724,495734,496357,10,623,2,14400,1.01605136437
495733,495740,496410,7,670,2,14400,1.01044776119
495781,495787,496427,6,640,2,14400,1.009375
495868,495874,755093,6,259219,1,259200,1.00002314645
495904,495910,496568,6,658,2,14400,1.00911854103
495905,495915,496576,10,661,2,14400,1.01512859304
495920,495926,496615,6,689,2,14400,1.00870827286
495922,495932,496595,10,663,2,14400,1.01508295626
495930,495938,496602,8,664,2,14400,1.01204819277
495947,495953,496616,6,663,2,14400,1.00904977376
495958,495964,496629,6,665,2,14400,1.00902255639
495959,495969,496658,10,689,2,14400,1.0145137881
495972,495978,496670,6,692,2,14400,1.00867052023
495983,495989,496651,6,662,2,14400,1.00906344411
495984,495995,496684,11,689,2,14400,1.01596516691
495992,496001,496666,9,665,2,14400,1.01353383459
496000,496007,496668,7,661,2,14400,1.01059001513
496003,496013,496704,10,691,2,14400,1.01447178003
496051,496057,496748,6,691,2,14400,1.00868306802
496061,496067,496761,6,694,2,14400,1.00864553314
496064,496073,496738,9,665,2,14400,1.01353383459
496065,496078,496774,13,696,2,14400,1.01867816092
496073,496084,496692,11,608,2,14400,1.01809210526
496073,496089,676148,16,180059,8,180000,1.00008885976
496082,496095,496696,13,601,2,14400,1.02163061564
496095,496101,496714,6,613,2,14400,1.00978792822
496111,496117,496754,6,637,2,14400,1.00941915228
496122,496128,496751,6,623,2,14400,1.00963081862
496152,496158,496810,6,652,2,14400,1.00920245399
496186,496192,496827,6,635,2,14400,1.0094488189
496301,496307,496956,6,649,2,14400,1.0092449923
496310,496316,496988,6,672,2,14400,1.00892857143
496312,496322,496988,10,666,2,14400,1.01501501502
496338,496344,496992,6,648,2,14400,1.00925925926
496347,496353,496993,6,640,2,14400,1.009375
496350,496359,497035,9,676,2,14400,1.01331360947
496351,496364,497043,13,679,2,14400,1.01914580265
496352,496369,497051,17,682,2,14400,1.02492668622
496354,496375,497057,21,682,2,14400,1.03079178886
496362,496380,497056,18,676,2,14400,1.02662721893
496364,496385,497028,21,643,2,14400,1.03265940902
496373,496392,497071,19,679,2,14400,1.02798232695
496392,496398,676469,6,180071,8,180000,1.00003332019
496396,496404,496436,8,32,1,1800,1.25
496408,496414,497092,6,678,2,14400,1.00884955752
496420,496426,497108,6,682,2,14400,1.00879765396
496439,496445,497094,6,649,2,14400,1.0092449923
496579,496585,497259,6,674,2,14400,1.00890207715
496584,496591,497297,7,706,2,14400,1.00991501416
496605,496611,497314,6,703,2,14400,1.00853485064
496614,496620,497294,6,674,2,14400,1.00890207715
496623,496629,497305,6,676,2,14400,1.00887573964
496627,496635,497306,8,671,2,14400,1.01192250373
496635,496641,497315,6,674,2,14400,1.00890207715
496661,496667,497342,6,675,2,14400,1.00888888889
496670,496676,497351,6,675,2,14400,1.00888888889
496672,496682,497353,10,671,2,14400,1.01490312966
496674,496687,497358,13,671,2,14400,1.01937406855
496680,496693,497406,13,713,2,14400,1.01823281907
496694,496701,497378,7,677,2,14400,1.01033973412
496704,496710,497419,6,709,2,14400,1.00846262341
496706,496716,497401,10,685,2,14400,1.01459854015
496714,496722,497407,8,685,2,14400,1.01167883212
496724,496730,497392,6,662,2,14400,1.00906344411
496746,496752,497435,6,683,2,14400,1.00878477306
496750,496758,496835,8,77,1,1800,1.1038961039
496762,496768,497452,6,684,2,14400,1.00877192982
496765,496774,497487,9,713,2,14400,1.0126227209
496766,496779,497462,13,683,2,14400,1.01903367496
496767,496784,497466,17,682,2,14400,1.02492668622
496783,496790,497473,7,683,2,14400,1.0102489019
496803,496810,676882,7,180072,8,180000,1.00003887334
496820,496827,497500,7,673,2,14400,1.01040118871
496838,496844,497514,6,670,2,14400,1.00895522388
496963,496969,497671,6,702,2,14400,1.00854700855
496994,497000,497670,6,670,2,14400,1.00895522388
496996,497006,497704,10,698,2,14400,1.01432664756
496998,497011,497696,13,685,2,14400,1.01897810219
496999,497016,497732,17,716,2,14400,1.02374301676
497038,497044,497733,6,689,2,14400,1.00870827286
497044,497050,497762,6,712,2,14400,1.00842696629
497049,497056,497736,7,680,2,14400,1.01029411765
497060,497066,497756,6,690,2,14400,1.00869565217
497064,497072,497459,8,387,8,180000,1.02067183463
497068,497078,497794,10,716,2,14400,1.01396648045
497070,497083,497793,13,710,2,14400,1.01830985915
497079,497089,497770,10,681,2,14400,1.01468428781
497102,497109,497785,7,676,2,14400,1.01035502959
497105,497115,497784,10,669,2,14400,1.01494768311
497118,497124,497798,6,674,2,14400,1.00890207715
497270,497276,497955,6,679,2,14400,1.0088365243
497300,497305,497985,5,680,2,14400,1.00735294118
497309,497315,498029,6,714,2,14400,1.00840336134
497318,497324,498005,6,681,2,14400,1.00881057269
497319,497330,498012,11,682,2,14400,1.01612903226
497320,497335,498015,15,680,2,14400,1.02205882353
497321,497340,498055,19,715,2,14400,1.02657342657
497352,497358,498066,6,708,2,14400,1.00847457627
497357,497364,498048,7,684,2,14400,1.01023391813
497363,497375,498060,12,685,2,14400,1.01751824818
497363,497380,498093,17,713,2,14400,1.02384291725
497389,497395,498079,6,684,2,14400,1.00877192982
497399,497405,498085,6,680,2,14400,1.00882352941
497409,497415,498095,6,680,2,14400,1.00882352941
497415,497420,498130,5,710,2,14400,1.00704225352
497417,497427,498105,10,678,2,14400,1.01474926254
497430,497436,498113,6,677,2,14400,1.00886262925
497442,497448,498118,6,670,2,14400,1.00895522388
497464,497470,498149,6,679,2,14400,1.0088365243
497474,497480,498151,6,671,2,14400,1.00894187779
497475,497486,498153,11,667,2,14400,1.01649175412
497483,497492,498166,9,674,2,14400,1.01335311573
497497,497503,498176,6,673,2,14400,1.00891530461
497508,497514,498221,6,707,2,14400,1.00848656294
497524,497530,498205,6,675,2,14400,1.00888888889
497631,497637,497800,6,163,1,1800,1.03680981595
497635,497643,677685,8,180042,8,180000,1.00004443408
497676,497681,498365,5,684,2,14400,1.00730994152
497676,497687,498396,11,709,2,14400,1.01551480959
497703,497710,498390,7,680,2,14400,1.01029411765
497712,497718,498404,6,686,2,14400,1.00874635569
497742,497748,498427,6,679,2,14400,1.0088365243
497743,497753,498467,10,714,2,14400,1.01400560224
497743,497759,498438,16,679,2,14400,1.0235640648
497763,497770,498461,7,691,2,14400,1.01013024602
497774,497780,498462,6,682,2,14400,1.00879765396
497776,497786,498476,10,690,2,14400,1.01449275362
497790,497796,498486,6,690,2,14400,1.00869565217
497791,497802,498494,11,692,2,14400,1.01589595376
497799,497808,498475,9,667,2,14400,1.01349325337
497800,497813,498482,13,669,2,14400,1.01943198804
497808,497819,498479,11,660,2,14400,1.01666666667
497879,497885,677953,6,180068,8,180000,1.00003332075
497962,497968,498657,6,689,2,14400,1.00870827286
497994,498001,498651,7,650,2,14400,1.01076923077
498014,498020,498153,6,133,4,28800,1.04511278195
498016,498026,498669,10,643,2,14400,1.01555209953
498018,498031,498697,13,666,2,14400,1.01951951952
498027,498037,498675,10,638,2,14400,1.01567398119
498039,498045,498684,6,639,2,14400,1.00938967136
498056,498063,498743,7,680,2,14400,1.01029411765
498063,498069,498740,6,671,2,14400,1.00894187779
498072,498078,498753,6,675,2,14400,1.00888888889
498074,498084,498805,10,721,2,14400,1.01386962552
498092,498097,498819,5,722,2,14400,1.00692520776
498097,498103,498825,6,722,2,14400,1.00831024931
498101,498109,498805,8,696,2,14400,1.01149425287
498103,498114,498834,11,720,2,14400,1.01527777778
498113,498120,498811,7,691,2,14400,1.01013024602
498121,498128,498832,7,704,2,14400,1.00994318182
498128,498134,498858,6,724,2,14400,1.00828729282
498139,498145,498852,6,707,2,14400,1.00848656294
498155,498161,498840,6,679,2,14400,1.0088365243
498156,498167,678220,11,180053,8,180000,1.00006109312
498164,498173,498880,9,707,2,14400,1.01272984441
498166,498178,498863,12,685,2,14400,1.01751824818
498175,498184,498877,9,693,2,14400,1.01298701299
498185,498191,498886,6,695,2,14400,1.00863309353
498212,498218,498905,6,687,2,14400,1.00873362445
498234,498240,498959,6,719,2,14400,1.0083449235
498373,498379,499079,6,700,2,14400,1.00857142857
498397,498403,499126,6,723,2,14400,1.00829875519
498408,498414,499109,6,695,2,14400,1.00863309353
498411,498420,499136,9,716,2,14400,1.0125698324
498413,498425,498435,12,10,8,180000,2.2
498436,498442,499134,6,692,2,14400,1.00867052023
498444,498450,499168,6,718,2,14400,1.00835654596
498471,498482,499160,11,678,2,14400,1.01622418879
498471,498477,499169,6,692,2,14400,1.00867052023
498481,498488,499201,7,713,2,14400,1.00981767181
498483,498494,499202,11,708,2,14400,1.01553672316
498485,498499,499196,14,697,2,14400,1.02008608321
498486,498504,499178,18,674,2,14400,1.02670623145
498495,498510,499208,15,698,2,14400,1.02148997135
498496,498515,499211,19,696,2,14400,1.02729885057
498503,498520,499249,17,729,2,14400,1.02331961591
498662,498668,499361,6,693,2,14400,1.00865800866
498663,498674,499363,11,689,2,14400,1.01596516691
498677,498683,499406,6,723,2,14400,1.00829875519
498682,498689,499377,7,688,2,14400,1.0101744186
498696,498702,499392,6,690,2,14400,1.00869565217
498707,498713,499433,6,720,2,14400,1.00833333333
498749,498755,499475,6,720,2,14400,1.00833333333
498750,498761,499450,11,689,2,14400,1.01596516691
498761,498767,499453,6,686,2,14400,1.00874635569
498814,498820,499509,6,689,2,14400,1.00870827286
498816,498826,499519,10,693,2,14400,1.01443001443
498819,498831,499522,12,691,2,14400,1.01736613603
498832,498838,499525,6,687,2,14400,1.00873362445
498833,498844,499542,11,698,2,14400,1.01575931232
498839,498849,499540,10,691,2,14400,1.01447178003
498844,498855,499574,11,719,2,14400,1.01529902643
498853,498861,499540,8,679,2,14400,1.0117820324
498864,498869,499542,5,673,2,14400,1.00742942051
498867,498874,499594,7,720,2,14400,1.00972222222
498869,498879,499560,10,681,2,14400,1.01468428781
498888,498895,499592,7,697,2,14400,1.01004304161
498889,498900,499580,11,680,2,14400,1.01617647059
498896,498906,499607,10,701,2,14400,1.01426533524
498911,498918,499598,7,680,2,14400,1.01029411765
498972,498978,499685,6,707,2,14400,1.00848656294
498998,499004,499039,6,35,1,1800,1.17142857143
499086,499091,499751,5,660,2,14400,1.00757575758
499092,499099,501442,7,2343,64,7200,1.00298762271
499120,499126,499814,6,688,2,14400,1.00872093023
499139,499145,499812,6,667,2,14400,1.00899550225
499142,499156,499824,14,668,2,14400,1.02095808383
499142,499151,499816,9,665,2,14400,1.01353383459
499171,499177,499841,6,664,2,14400,1.00903614458
499174,499183,499854,9,671,2,14400,1.01341281669
499177,499188,499863,11,675,2,14400,1.0162962963
499186,499194,499910,8,716,2,14400,1.01117318436
499203,499209,499900,6,691,2,14400,1.00868306802
499212,499218,499908,6,690,2,14400,1.00869565217
499213,499223,499949,10,726,2,14400,1.01377410468
499213,499230,499919,17,689,2,14400,1.02467343977
499221,499235,499930,14,695,2,14400,1.02014388489
499240,499247,500000,7,753,16,7200,1.00929614874
499263,499269,499971,6,702,2,14400,1.00854700855
499337,499343,499401,6,58,1,1800,1.10344827586
499367,499373,500067,6,694,2,14400,1.00864553314
499370,499379,500080,9,701,2,14400,1.01283880171
499388,499395,500100,7,705,2,14400,1.00992907801
499400,499406,500092,6,686,2,14400,1.00874635569
499414,499420,500157,6,737,2,14400,1.00814111262
499440,499447,500162,7,715,2,14400,1.00979020979
499457,499463,500148,6,685,2,14400,1.00875912409
499463,499469,500175,6,706,2,14400,1.00849858357
499481,499486,500218,5,732,2,14400,1.00683060109
499521,499527,500230,6,703,2,14400,1.00853485064
499525,499533,500264,8,731,2,14400,1.01094391245
499533,499539,500240,6,701,2,14400,1.00855920114
499534,499545,500247,11,702,2,14400,1.01566951567
499546,499557,500268,11,711,2,14400,1.01547116737
499546,499552,500254,6,702,2,14400,1.00854700855
499552,499563,500300,11,737,2,14400,1.01492537313
499552,499568,500266,16,698,2,14400,1.0229226361
499568,499574,500309,6,735,2,14400,1.00816326531
499587,499594,500323,7,729,2,14400,1.00960219479
499591,499600,500306,9,706,2,14400,1.01274787535
499599,499606,500311,7,705,2,14400,1.00992907801
499601,499611,500311,10,700,2,14400,1.01428571429
499610,499617,500312,7,695,2,14400,1.01007194245
499616,499623,500328,7,705,2,14400,1.00992907801
499694,499701,500414,7,713,2,14400,1.00981767181
499760,499767,500485,7,718,2,14400,1.00974930362
499823,499828,500505,5,677,2,14400,1.00738552437
499826,499834,500558,8,724,2,14400,1.01104972376
499827,499839,500530,12,691,2,14400,1.01736613603
499831,499845,500568,14,723,2,14400,1.0193637621
499853,499859,500589,6,730,2,14400,1.00821917808
499863,499869,500602,6,733,2,14400,1.00818553888
499872,499878,500608,6,730,2,14400,1.00821917808
499909,499915,500643,6,728,2,14400,1.00824175824
499913,499920,500624,7,704,2,14400,1.00994318182
499916,499926,500653,10,727,2,14400,1.01375515818
499921,499931,500011,10,80,1,1800,1.125
499926,499937,500669,11,732,2,14400,1.0150273224
499938,499944,500645,6,701,2,14400,1.00855920114
499960,499966,500668,6,702,2,14400,1.00854700855
499977,499983,500685,6,702,2,14400,1.00854700855
500078,500084,500815,6,731,2,14400,1.00820793434
500088,500094,500826,6,732,2,14400,1.00819672131
500098,500104,500801,6,697,2,14400,1.00860832138
500108,500114,500845,6,731,2,14400,1.00820793434
500158,500164,500866,6,702,2,14400,1.00854700855
500168,500174,500862,6,688,2,14400,1.00872093023
500171,500180,500886,9,706,2,14400,1.01274787535
500186,500192,500863,6,671,2,14400,1.00894187779
500227,500233,500929,6,696,2,14400,1.00862068966
500236,500242,500914,6,672,2,14400,1.00892857143
500247,500253,500974,6,721,2,14400,1.00832177531
500252,500259,500940,7,681,2,14400,1.01027900147
500263,500270,500988,7,718,2,14400,1.00974930362
500272,500278,500986,6,708,2,14400,1.00847457627
500274,500289,501008,15,719,2,14400,1.02086230876
500274,500284,500967,10,683,2,14400,1.01464128843
500309,500316,501016,7,700,2,14400,1.01
500316,500322,501050,6,728,2,14400,1.00824175824
500316,500327,501067,11,740,2,14400,1.01486486486
500321,500333,501030,12,697,2,14400,1.01721664275
500322,500338,501063,16,725,2,14400,1.02206896552
500322,500343,501067,21,724,2,14400,1.02900552486
500333,500349,501077,16,728,2,14400,1.02197802198
500337,500354,501086,17,732,2,14400,1.02322404372
500405,500411,504784,6,4373,16,7200,1.0013720558
500421,500427,501123,6,696,2,14400,1.00862068966
500496,500502,501207,6,705,2,14400,1.0085106383
500519,500525,501256,6,731,2,14400,1.00820793434
500540,500547,501250,7,703,2,14400,1.00995732575
500572,500578,501276,6,698,2,14400,1.00859598854
500576,500584,501284,8,700,2,14400,1.01142857143
500598,500604,501307,6,703,2,14400,1.00853485064
500610,500616,501316,6,700,2,14400,1.00857142857
500620,500627,501319,7,692,2,14400,1.01011560694
500633,500639,501336,6,697,2,14400,1.00860832138
500655,500661,501335,6,674,2,14400,1.00890207715
500658,500667,501366,9,699,2,14400,1.01287553648
500661,500672,501358,11,686,2,14400,1.01603498542
500680,500686,501389,6,703,2,14400,1.00853485064
500682,500692,501412,10,720,2,14400,1.01388888889
500694,500700,501382,6,682,2,14400,1.00879765396
500813,500820,501509,7,689,2,14400,1.01015965167
500824,500830,501504,6,674,2,14400,1.00890207715
500835,500841,501524,6,683,2,14400,1.00878477306
500851,500857,501534,6,677,2,14400,1.00886262925
500872,500877,501558,5,681,2,14400,1.00734214391
500874,500883,501590,9,707,2,14400,1.01272984441
500875,500888,501569,13,681,2,14400,1.01908957416
500897,500903,501625,6,722,2,14400,1.00831024931
500926,500932,501605,6,673,2,14400,1.00891530461
500937,500943,501624,6,681,2,14400,1.00881057269
500949,500955,501662,6,707,2,14400,1.00848656294
500978,500984,501700,6,716,2,14400,1.00837988827
500980,500990,501710,10,720,2,14400,1.01388888889
500998,501005,501725,7,720,2,14400,1.00972222222
501000,501010,501696,10,686,2,14400,1.01457725948
501017,501023,501746,6,723,2,14400,1.00829875519
501029,501035,501723,6,688,2,14400,1.00872093023
501041,501048,501738,7,690,2,14400,1.01014492754
501061,501067,501755,6,688,2,14400,1.00872093023
501070,501076,501765,6,689,2,14400,1.00870827286
501079,501085,501806,6,721,2,14400,1.00832177531
501082,501091,501787,9,696,2,14400,1.01293103448
501085,501096,501775,11,679,2,14400,1.01620029455
501096,501102,501798,6,696,2,14400,1.00862068966
501135,501141,501823,6,682,2,14400,1.00879765396
501216,501222,501912,6,690,2,14400,1.00869565217
501259,501266,501967,7,701,2,14400,1.00998573466
501265,501272,501974,7,702,2,14400,1.00997150997
501284,501290,501989,6,699,2,14400,1.00858369099
501293,501299,502002,6,703,2,14400,1.00853485064
501314,501320,502054,6,734,2,14400,1.00817438692
501325,501336,502027,11,691,2,14400,1.01591895803
501325,501330,502054,5,724,2,14400,1.00690607735
501341,501347,502042,6,695,2,14400,1.00863309353
501346,501353,502036,7,683,2,14400,1.0102489019
501368,501374,502062,6,688,2,14400,1.00872093023
501374,501380,502065,6,685,2,14400,1.00875912409
501390,501396,502089,6,693,2,14400,1.00865800866
501396,501402,502085,6,683,2,14400,1.00878477306
501417,501423,502111,6,688,2,14400,1.00872093023
501483,501489,501506,6,17,1,1800,1.35294117647
501512,501518,502233,6,715,2,14400,1.00839160839
501518,501524,502238,6,714,2,14400,1.00840336134
501534,501540,502229,6,689,2,14400,1.00870827286
501540,501546,502264,6,718,2,14400,1.00835654596
501566,501572,502290,6,718,2,14400,1.00835654596
501577,501583,502267,6,684,2,14400,1.00877192982
501599,501605,502324,6,719,2,14400,1.0083449235
501615,501621,502301,6,680,2,14400,1.00882352941
501631,501642,502323,11,681,2,14400,1.01615271659
501631,501637,502319,6,682,2,14400,1.00879765396
501668,501674,502329,6,655,2,14400,1.00916030534
501706,501717,502383,11,666,2,14400,1.01651651652
501706,501711,502403,5,692,2,14400,1.00722543353
501717,501722,502369,5,647,2,14400,1.00772797527
501733,501739,502385,6,646,2,14400,1.0092879257
501734,501744,502390,10,646,2,14400,1.01547987616
501745,501751,502435,6,684,2,14400,1.00877192982
501756,501762,502449,6,687,2,14400,1.00873362445
501761,501768,502447,7,679,2,14400,1.01030927835
501772,501778,502454,6,676,2,14400,1.00887573964
501783,501789,502493,6,704,2,14400,1.00852272727
501789,501795,501849,6,54,1,1800,1.11111111111
501795,501801,502478,6,677,2,14400,1.00886262925
501806,501812,502487,6,675,2,14400,1.00888888889
501816,501822,502525,6,703,2,14400,1.00853485064
501833,501839,502509,6,670,2,14400,1.00895522388
501922,501928,502609,6,681,2,14400,1.00881057269
501975,501981,502652,6,671,2,14400,1.00894187779
501980,501987,502657,7,670,2,14400,1.01044776119
501996,502003,502723,7,720,2,14400,1.00972222222
502008,502013,502695,5,682,2,14400,1.0073313783
502035,502041,502720,6,679,2,14400,1.0088365243
502046,502052,502760,6,708,2,14400,1.00847457627
502051,502058,502766,7,708,2,14400,1.00988700565
502062,502068,502745,6,677,2,14400,1.00886262925
502063,502074,502755,11,681,2,14400,1.01615271659
502069,502079,502758,10,679,2,14400,1.0147275405
502074,502085,502792,11,707,2,14400,1.01555869873
502090,502096,502771,6,675,2,14400,1.00888888889
502096,502101,502784,5,683,2,14400,1.00732064422
502118,502124,502795,6,671,2,14400,1.00894187779
502239,502245,502938,6,693,2,14400,1.00865800866
502240,502251,502929,11,678,2,14400,1.01622418879
502245,502256,502937,11,681,2,14400,1.01615271659
502272,502278,502938,6,660,2,14400,1.00909090909
502273,502284,502938,11,654,2,14400,1.01681957187
502300,502306,502938,6,632,2,14400,1.00949367089
502306,502311,502938,5,627,2,14400,1.00797448166
502327,502334,502938,7,604,2,14400,1.01158940397
502333,502340,502938,7,598,2,14400,1.01170568562
502334,502345,502938,11,593,2,14400,1.01854974705
502339,502351,502938,12,587,2,14400,1.02044293015
502376,502382,502938,6,556,2,14400,1.01079136691
502393,502404,502938,11,534,2,14400,1.02059925094
502393,502399,502938,6,539,2,14400,1.01113172542
502399,502410,502938,11,528,2,14400,1.02083333333
502410,502416,502938,6,522,2,14400,1.01149425287
502442,502449,502938,7,489,2,14400,1.01431492843
502454,502460,502938,6,478,2,14400,1.01255230126
502454,502466,502938,12,472,2,14400,1.02542372881
502460,502471,502938,11,467,2,14400,1.02355460385
502487,502493,502938,6,445,2,14400,1.01348314607
502493,502499,502938,6,439,2,14400,1.01366742597
502499,502505,502938,6,433,2,14400,1.01385681293
502516,502522,502938,6,416,2,14400,1.01442307692
502532,502539,502938,7,399,2,14400,1.01754385965
502579,502585,502644,6,59,1,1800,1.10169491525
502617,502623,502938,6,315,2,14400,1.01904761905
502660,502666,502938,6,272,2,14400,1.02205882353
502665,502672,502938,7,266,2,14400,1.02631578947
502703,502710,502938,7,228,2,14400,1.03070175439
502731,502737,502938,6,201,2,14400,1.02985074627
502732,502742,502938,10,196,2,14400,1.05102040816
502753,502759,502938,6,179,2,14400,1.03351955307
502764,502770,502938,6,168,2,14400,1.03571428571
502764,502775,502938,11,163,2,14400,1.06748466258
502770,502781,502938,11,157,2,14400,1.07006369427
502776,502787,502938,11,151,2,14400,1.07284768212
502782,502792,502938,10,146,2,14400,1.06849315068
502793,502799,502938,6,139,2,14400,1.04316546763
502799,502805,502938,6,133,2,14400,1.04511278195
502805,502811,502938,6,127,2,14400,1.04724409449
503146,503152,506890,6,3738,2,36000,1.00160513644
503146,503157,506912,11,3755,2,36000,1.00292942743
503146,503168,506544,22,3376,2,36000,1.00651658768
503146,503162,506438,16,3276,2,36000,1.00488400488
503147,503183,506716,36,3533,2,36000,1.01018964053
503147,503188,506537,41,3349,2,36000,1.01224246044
503147,503178,506916,31,3738,2,36000,1.00829320492
503147,503173,506989,26,3816,2,36000,1.00681341719
503147,503193,506276,46,3083,2,36000,1.01492053195
503148,503209,506982,61,3773,2,36000,1.01616750596
503148,503198,506718,50,3520,2,36000,1.01420454545
503148,503203,506966,55,3763,2,36000,1.01461599787
503148,503219,506943,71,3724,2,36000,1.01906552095
503148,503214,506860,66,3646,2,36000,1.01810202962
503149,503239,506781,90,3542,2,36000,1.02540937324
503149,503234,506795,85,3561,2,36000,1.02386969952
503149,503244,506235,95,2991,2,36000,1.03176195252
503149,503229,506445,80,3216,2,36000,1.02487562189
503149,503224,506181,75,2957,2,36000,1.02536354413
503150,503270,507006,120,3736,2,36000,1.03211991435
503150,503254,506315,104,3061,2,36000,1.03397582489
503150,503260,506764,110,3504,2,36000,1.03139269406
503150,503249,506279,99,3030,2,36000,1.03267326733
503150,503265,506926,115,3661,2,36000,1.03141218246
503151,503356,506837,205,3481,2,36000,1.05889112324
503151,503290,506674,139,3384,2,36000,1.04107565012
503151,503280,506305,129,3025,2,36000,1.0426446281
503151,503275,506285,124,3010,2,36000,1.04119601329
503151,503285,506152,134,2867,2,36000,1.04673875131
503152,503376,506268,224,2892,2,36000,1.07745504841
503152,503361,507089,209,3728,2,36000,1.05606223176
503152,503371,505329,219,1958,2,36000,1.11184882533
503152,503366,506408,214,3042,2,36000,1.07034845496
503153,503387,506637,234,3250,2,36000,1.072
503153,503397,505164,244,1767,2,36000,1.13808715337
503153,503392,507145,239,3753,2,36000,1.06368238742
503153,503381,506675,228,3294,2,36000,1.06921675774
503154,503407,505796,253,2389,2,36000,1.10590205107
503154,503402,505559,248,2157,2,36000,1.11497450162
503154,503412,506753,258,3341,2,36000,1.07722238851
505174,505180,505183,6,3,2,36000,1.0
505190,505196,505199,6,3,2,36000,1.0
505205,505211,505214,6,3,2,36000,1.0
505221,505227,505230,6,3,2,36000,1.0
505237,505243,505246,6,3,2,36000,1.0
505253,505259,505262,6,3,2,36000,1.0
505269,505274,505277,5,3,2,36000,1.0
505284,505291,505294,7,3,2,36000,1.0
505300,505306,505309,6,3,2,36000,1.0
505316,505322,505325,6,3,2,36000,1.0
505332,505338,505341,6,3,2,36000,1.0
505337,505344,505347,7,3,2,36000,1.0
505348,505354,505357,6,3,2,36000,1.0
505353,505360,505363,7,3,2,36000,1.0
505364,505370,505373,6,3,2,36000,1.0
505370,505376,505379,6,3,2,36000,1.0
505381,505387,505390,6,3,2,36000,1.0
505386,505393,505396,7,3,2,36000,1.0
505397,505403,505406,6,3,2,36000,1.0
505402,505409,505412,7,3,2,36000,1.0
505413,505419,505422,6,3,2,36000,1.0
505418,505425,505428,7,3,2,36000,1.0
505429,505435,505438,6,3,2,36000,1.0
505435,505441,505443,6,2,2,36000,1.0
505446,505452,505455,6,3,2,36000,1.0
505452,505458,505461,6,3,2,36000,1.0
505462,505469,505472,7,3,2,36000,1.0
505468,505475,505478,7,3,2,36000,1.0
505479,505485,505488,6,3,2,36000,1.0
505484,505491,505493,7,2,2,36000,1.0
505495,505501,505504,6,3,2,36000,1.0
505501,505507,505511,6,4,2,36000,1.0
505511,505517,505520,6,3,2,36000,1.0
505517,505523,505526,6,3,2,36000,1.0
505528,505534,505537,6,3,2,36000,1.0
505533,505540,505543,7,3,2,36000,1.0
505544,505550,505553,6,3,2,36000,1.0
505549,505556,505558,7,2,2,36000,1.0
505560,505566,505568,6,2,2,36000,1.0
505566,505571,505575,5,4,2,36000,1.0
505566,505577,505579,11,2,2,36000,1.3
505577,505583,505586,6,3,2,36000,1.0
505582,505589,505592,7,3,2,36000,1.0
505587,505595,505598,8,3,2,36000,1.1
505593,505601,505604,8,3,2,36000,1.1
505599,505607,505610,8,3,2,36000,1.1
505604,505613,505616,9,3,2,36000,1.2
505610,505619,505622,9,3,2,36000,1.2
505620,505627,505630,7,3,2,36000,1.0
505626,505633,505637,7,4,2,36000,1.1
505631,505639,505642,8,3,2,36000,1.1
505637,505645,505648,8,3,2,36000,1.1
505642,505651,505654,9,3,2,36000,1.2
505648,505657,505660,9,3,2,36000,1.2
505658,505665,505668,7,3,2,36000,1.0
505664,505671,505674,7,3,2,36000,1.0
505669,505677,505680,8,3,2,36000,1.1
505675,505683,505686,8,3,2,36000,1.1
505680,505689,505692,9,3,2,36000,1.2
505686,505695,505698,9,3,2,36000,1.2
505696,505703,505706,7,3,2,36000,1.0
505702,505709,505712,7,3,2,36000,1.0
505708,505715,505718,7,3,2,36000,1.0
505713,505721,505724,8,3,2,36000,1.1
505719,505727,505730,8,3,2,36000,1.1
505724,505733,505736,9,3,2,36000,1.2
505730,505739,505742,9,3,2,36000,1.2
505741,505747,505750,6,3,2,36000,1.0
505746,505753,505756,7,3,2,36000,1.0
505752,505759,505762,7,3,2,36000,1.0
505757,505765,505768,8,3,2,36000,1.1
505762,505771,505774,9,3,2,36000,1.2
505768,505777,505779,9,2,2,36000,1.1
505779,505785,505788,6,3,2,36000,1.0
505784,505791,505794,7,3,2,36000,1.0
505785,505796,505799,11,3,2,36000,1.4
505795,505802,505805,7,3,2,36000,1.0
505801,505808,505811,7,3,2,36000,1.0
505806,505814,505817,8,3,2,36000,1.1
505807,505819,505822,12,3,2,36000,1.5
505812,505825,505828,13,3,2,36000,1.6
505818,505830,505833,12,3,2,36000,1.5
505823,505836,505839,13,3,2,36000,1.6
505829,505841,505845,12,4,2,36000,1.6
505834,505847,505850,13,3,2,36000,1.6
505840,505852,505855,12,3,2,36000,1.5
505845,505858,505861,13,3,2,36000,1.6
505850,505863,505866,13,3,2,36000,1.6
505856,505869,505872,13,3,2,36000,1.6
505861,505874,505878,13,4,2,36000,1.7
505867,505880,505883,13,3,2,36000,1.6
505872,505885,505889,13,4,2,36000,1.7
505883,505891,505894,8,3,2,36000,1.1
505883,505896,505899,13,3,2,36000,1.6
505889,505902,505905,13,3,2,36000,1.6
505894,505907,505910,13,3,2,36000,1.6
505900,505913,505916,13,3,2,36000,1.6
505905,505918,505921,13,3,2,36000,1.6
505911,505924,505927,13,3,2,36000,1.6
505916,505929,505932,13,3,2,36000,1.6
505922,505935,505944,13,9,2,36000,2.2
505927,505940,505947,13,7,2,36000,2.0
505933,505946,505949,13,3,2,36000,1.6
505939,505951,505954,12,3,2,36000,1.5
505949,505957,505960,8,3,2,36000,1.1
505955,505963,505966,8,3,2,36000,1.1
505955,505968,505972,13,4,2,36000,1.7
505961,505974,505977,13,3,2,36000,1.6
505966,505979,505982,13,3,2,36000,1.6
505970,505995,516074,25,10079,64,36000,1.0024804048
505977,505985,505988,8,3,2,36000,1.1
505977,505990,505994,13,4,2,36000,1.7
505983,506001,506005,18,4,2,36000,2.2
505988,506006,506010,18,4,2,36000,2.2
505994,506011,506015,17,4,2,36000,2.1
505999,506017,506021,18,4,2,36000,2.2
506010,506022,506025,12,3,2,36000,1.5
506016,506028,506031,12,3,2,36000,1.5
506021,506033,506037,12,4,2,36000,1.6
506026,506039,506042,13,3,2,36000,1.6
506032,506044,506048,12,4,2,36000,1.6
506037,506050,506053,13,3,2,36000,1.6
506043,506055,506059,12,4,2,36000,1.6
506048,506061,506064,13,3,2,36000,1.6
506054,506066,506070,12,4,2,36000,1.6
506059,506072,506075,13,3,2,36000,1.6
506065,506077,506080,12,3,2,36000,1.5
506070,506083,506086,13,3,2,36000,1.6
506076,506088,506092,12,4,2,36000,1.6
506081,506094,506097,13,3,2,36000,1.6
506087,506099,506102,12,3,2,36000,1.5
506092,506105,506108,13,3,2,36000,1.6
506098,506110,506113,12,3,2,36000,1.5
506103,506116,506119,13,3,2,36000,1.6
506109,506121,506125,12,4,2,36000,1.6
506114,506127,506131,13,4,2,36000,1.7
506120,506132,506136,12,4,2,36000,1.6
506125,506138,506142,13,4,2,36000,1.7
506131,506143,506147,12,4,2,36000,1.6
506136,506149,506152,13,3,2,36000,1.6
506141,506154,506157,13,3,2,36000,1.6
506147,506160,506163,13,3,2,36000,1.6
506153,506165,506168,12,3,2,36000,1.5
506158,506176,506180,18,4,2,36000,2.2
506158,506171,506175,13,4,2,36000,1.7
506164,506181,506185,17,4,2,36000,2.1
506169,506187,506190,18,3,2,36000,2.1
506175,506192,506196,17,4,2,36000,2.1
506180,506197,506201,17,4,2,36000,2.1
506185,506204,506207,19,3,2,36000,2.2
506191,506214,506217,23,3,2,36000,2.6
506191,506209,506212,18,3,2,36000,2.1
506197,506219,506222,22,3,2,36000,2.5
506202,506225,506229,23,4,2,36000,2.7
506208,506230,506234,22,4,2,36000,2.6
506213,506235,506239,22,4,2,36000,2.6
506218,506240,506244,22,4,2,36000,2.6
506224,506246,506250,22,4,2,36000,2.6
506229,506251,506255,22,4,2,36000,2.6
506235,506256,506260,21,4,2,36000,2.5
506240,506261,506265,21,4,2,36000,2.5
506241,506268,506271,27,3,2,36000,3.0
506246,506273,506277,27,4,2,36000,3.1
506252,506278,506282,26,4,2,36000,3.0
506257,506283,506287,26,4,2,36000,3.0
506263,506289,506293,26,4,2,36000,3.0
506269,506294,506298,25,4,2,36000,2.9
506274,506299,506303,25,4,2,36000,2.9
506275,506304,506308,29,4,2,36000,3.3
506280,506310,506313,30,3,2,36000,3.3
506286,506326,506330,40,4,2,36000,4.4
506286,506321,506325,35,4,2,36000,3.9
506286,506316,506320,30,4,2,36000,3.4
506292,506332,506335,40,3,2,36000,4.3
506292,506337,506340,45,3,2,36000,4.8
506292,506342,506345,50,3,2,36000,5.3
506303,506347,506350,44,3,2,36000,4.7
506303,506352,506356,49,4,2,36000,5.3
506309,506357,506361,48,4,2,36000,5.2
506314,506363,506367,49,4,2,36000,5.3
506314,506368,506372,54,4,2,36000,5.8
506320,506379,506382,59,3,2,36000,6.2
506320,506374,506377,54,3,2,36000,5.7
506326,506384,506387,58,3,2,36000,6.1
506331,506389,506391,58,2,2,36000,6.0
506337,506394,506398,57,4,2,36000,6.1
506342,506399,506403,57,4,2,36000,6.1
506347,506404,506408,57,4,2,36000,6.1
506353,506409,506413,56,4,2,36000,6.0
506359,506415,506419,56,4,2,36000,6.0
506364,506420,506424,56,4,2,36000,6.0
506369,506426,506429,57,3,2,36000,6.0
506375,506431,506434,56,3,2,36000,5.9
506380,506436,506439,56,3,2,36000,5.9
506386,506441,506444,55,3,2,36000,5.8
506392,506446,506449,54,3,2,36000,5.7
506397,506451,506455,54,4,2,36000,5.8
506397,506456,506460,59,4,2,36000,6.3
506408,506461,506465,53,4,2,36000,5.7
506408,506467,506470,59,3,2,36000,6.2
506414,506479,506482,65,3,2,36000,6.8
506414,506474,506477,60,3,2,36000,6.3
506419,506484,506487,65,3,2,36000,6.8
506425,506489,506492,64,3,2,36000,6.7
506430,506494,506498,64,4,2,36000,6.8
506436,506499,506503,63,4,2,36000,6.7
506441,506504,506508,63,4,2,36000,6.7
506447,506514,506518,67,4,2,36000,7.1
506447,506509,506513,62,4,2,36000,6.6
506453,506525,506528,72,3,2,36000,7.5
506453,506520,506523,67,3,2,36000,7.0
506458,506530,506533,72,3,2,36000,7.5
506464,506535,506538,71,3,2,36000,7.4
506469,506541,506545,72,4,2,36000,7.6
506475,506546,506550,71,4,2,36000,7.5
506480,506552,506554,72,2,2,36000,7.4
506486,506557,506560,71,3,2,36000,7.4
506491,506562,506565,71,3,2,36000,7.4
506497,506567,506569,70,2,2,36000,7.2
506502,506572,506575,70,3,2,36000,7.3
506507,506577,506580,70,3,2,36000,7.3
506513,506582,506586,69,4,2,36000,7.3
506513,506587,506591,74,4,2,36000,7.8
506519,506592,506596,73,4,2,36000,7.7
506524,506598,506601,74,3,2,36000,7.7
506530,506603,506606,73,3,2,36000,7.6
506535,506608,506611,73,3,2,36000,7.6
506541,506615,506618,74,3,2,36000,7.7
506546,506620,506623,74,3,2,36000,7.7
506546,506625,506629,79,4,2,36000,8.3
506552,506635,506639,83,4,2,36000,8.7
506552,506630,506634,78,4,2,36000,8.2
506557,506640,506644,83,4,2,36000,8.7
506563,506646,506649,83,3,2,36000,8.6
506569,506651,506654,82,3,2,36000,8.5
506574,506656,506659,82,3,2,36000,8.5
506579,506661,506664,82,3,2,36000,8.5
506585,506666,506669,81,3,2,36000,8.4
506590,506671,506674,81,3,2,36000,8.4
506596,506681,506685,85,4,2,36000,8.9
506596,506676,506680,80,4,2,36000,8.4
506602,506686,506690,84,4,2,36000,8.8
506607,506691,506695,84,4,2,36000,8.8
506613,506699,506702,86,3,2,36000,8.9
506618,506704,506707,86,3,2,36000,8.9
506629,506709,506713,80,4,2,36000,8.4
506629,506714,506718,85,4,2,36000,8.9
506634,506719,506723,85,4,2,36000,8.9
506640,506724,506728,84,4,2,36000,8.8
506645,506729,506733,84,4,2,36000,8.8
506646,506735,506738,89,3,2,36000,9.2
506651,506740,506743,89,3,2,36000,9.2
506657,506745,506748,88,3,2,36000,9.1
506662,506750,506753,88,3,2,36000,9.1
506668,506755,506758,87,3,2,36000,9.0
506673,506760,506764,87,4,2,36000,9.1
506679,506765,506769,86,4,2,36000,9.0
506684,506770,506774,86,4,2,36000,9.0
506685,506775,506779,90,4,2,36000,9.4
506685,506786,506788,101,2,2,36000,10.3
506685,506781,506784,96,3,2,36000,9.9
506691,506791,506794,100,3,2,36000,10.3
506696,506798,506801,102,3,2,36000,10.5
506702,506803,506806,101,3,2,36000,10.4
506712,506808,506811,96,3,2,36000,9.9
506718,506813,506817,95,4,2,36000,9.9
506718,506818,506821,100,3,2,36000,10.3
506724,506833,506841,109,8,2,36000,11.7
506724,506828,506832,104,4,2,36000,10.8
506724,506823,506827,99,4,2,36000,10.3
506729,506838,506845,109,7,2,36000,11.6
506735,506844,506846,109,2,2,36000,11.1
506740,506849,506852,109,3,2,36000,11.2
506746,506854,506857,108,3,2,36000,11.1
506751,506859,506862,108,3,2,36000,11.1
506757,506864,506867,107,3,2,36000,11.0
506762,506874,506878,112,4,2,36000,11.6
506762,506869,506873,107,4,2,36000,11.1
506768,506879,506883,111,4,2,36000,11.5
506774,506895,506898,121,3,2,36000,12.4
506774,506884,506888,110,4,2,36000,11.4
506774,506889,506893,115,4,2,36000,11.9
506780,506900,506903,120,3,2,36000,12.3
506785,506905,506907,120,2,2,36000,12.2
506791,506910,506914,119,4,2,36000,12.3
506791,506915,506919,124,4,2,36000,12.8
506797,506922,506926,125,4,2,36000,12.9
506802,506933,506936,131,3,2,36000,13.4
506802,506927,506931,125,4,2,36000,12.9
506808,506938,506941,130,3,2,36000,13.3
506813,506943,506946,130,3,2,36000,13.3
506819,506948,506951,129,3,2,36000,13.2
506824,506953,506957,129,4,2,36000,13.3
506830,506958,506962,128,4,2,36000,13.2
506835,506963,506967,128,4,2,36000,13.2
506841,506968,506972,127,4,2,36000,13.1
506846,506974,506977,128,3,2,36000,13.1
506852,506979,506982,127,3,2,36000,13.0
506852,506989,506992,137,3,2,36000,14.0
506852,506984,506987,132,3,2,36000,13.5
506858,506994,506997,136,3,2,36000,13.9
506863,506999,507003,136,4,2,36000,14.0
506869,507004,507008,135,4,2,36000,13.9
506869,507009,507013,140,4,2,36000,14.4
506874,507014,507018,140,4,2,36000,14.4
506880,507019,507023,139,4,2,36000,14.3
506885,507025,507028,140,3,2,36000,14.3
506891,507030,507033,139,3,2,36000,14.2
506896,507035,507038,139,3,2,36000,14.2
506896,507040,507043,144,3,2,36000,14.7
506902,507045,507048,143,3,2,36000,14.6
506907,507053,507056,146,3,2,36000,14.9
506913,507063,507066,150,3,2,36000,15.3
506913,507058,507061,145,3,2,36000,14.8
506919,507073,507076,154,3,2,36000,15.7
506919,507068,507071,149,3,2,36000,15.2
506925,507083,507087,158,4,2,36000,16.2
506925,507078,507082,153,4,2,36000,15.7
506936,507088,507092,152,4,2,36000,15.6
506936,507093,507097,157,4,2,36000,16.1
506941,507099,507102,158,3,2,36000,16.1
506942,507104,507107,162,3,2,36000,16.5
506947,507109,507112,162,3,2,36000,16.5
506952,507114,507116,162,2,2,36000,16.4
506953,507119,507123,166,4,2,36000,17.0
506958,507124,507128,166,4,2,36000,17.0
506964,507129,507133,165,4,2,36000,16.9
506970,507134,507138,164,4,2,36000,16.8
506975,507139,507142,164,3,2,36000,16.7
506975,507145,507148,170,3,2,36000,17.3
506981,507150,507153,169,3,2,36000,17.2
506986,507155,507158,169,3,2,36000,17.2
506992,507160,507163,168,3,2,36000,17.1
506992,507165,507168,173,3,2,36000,17.6
506997,507170,507174,173,4,2,36000,17.7
506998,507175,507179,177,4,2,36000,18.1
506998,507182,507186,184,4,2,36000,18.8
507003,507187,507191,184,4,2,36000,18.8
507009,507193,507196,184,3,2,36000,18.7
507014,507198,507201,184,3,2,36000,18.7
507015,507203,507206,188,3,2,36000,19.1
507020,507208,507211,188,3,2,36000,19.1
507026,507213,507217,187,4,2,36000,19.1
507031,507218,507222,187,4,2,36000,19.1
507036,507223,507227,187,4,2,36000,19.1
507042,507228,507232,186,4,2,36000,19.0
507047,507233,507237,186,4,2,36000,19.0
507053,507238,507242,185,4,2,36000,18.9
507058,507244,507247,186,3,2,36000,18.9
507064,507249,507252,185,3,2,36000,18.8
507069,507254,507256,185,2,2,36000,18.7
507075,507259,507262,184,3,2,36000,18.7
507080,507264,507268,184,4,2,36000,18.8
507086,507269,507273,183,4,2,36000,18.7
507091,507274,507278,183,4,2,36000,18.7
507097,507284,507288,187,4,2,36000,19.1
507097,507279,507283,182,4,2,36000,18.6
507102,507290,507293,188,3,2,36000,19.1
507103,507295,507298,192,3,2,36000,19.5
507108,507300,507303,192,3,2,36000,19.5
507114,507305,507308,191,3,2,36000,19.4
507119,507312,507316,193,4,2,36000,19.7
507124,507317,507321,193,4,2,36000,19.7
507130,507322,507325,192,3,2,36000,19.5
507135,507327,507331,192,4,2,36000,19.6
507141,507333,507336,192,3,2,36000,19.5
507146,507338,507340,192,2,2,36000,19.4
507152,507343,507347,191,4,2,36000,19.5
507152,507348,507352,196,4,2,36000,20.0
507157,507353,507357,196,4,2,36000,20.0
507163,507358,507362,195,4,2,36000,19.9
507168,507364,507367,196,3,2,36000,19.9
507174,507369,507372,195,3,2,36000,19.8
507174,507374,507377,200,3,2,36000,20.3
507180,507379,507382,199,3,2,36000,20.2
507185,507384,507387,199,3,2,36000,20.2
507196,507389,507393,193,4,2,36000,19.7
507201,507394,507398,193,4,2,36000,19.7
507206,507399,507403,193,4,2,36000,19.7
507207,507404,507408,197,4,2,36000,20.1
507212,507409,507413,197,4,2,36000,20.1
507218,507415,507418,197,3,2,36000,20.0
507223,507420,507423,197,3,2,36000,20.0
507229,507425,507427,196,2,2,36000,19.8
507234,507430,507433,196,3,2,36000,19.9
507240,507435,507437,195,2,2,36000,19.7
507245,507442,507446,197,4,2,36000,20.1
507251,507447,507451,196,4,2,36000,20.0
507256,507452,507456,196,4,2,36000,20.0
507261,507457,507461,196,4,2,36000,20.0
507262,507463,507466,201,3,2,36000,20.4
507273,507473,507476,200,3,2,36000,20.3
507273,507468,507471,195,3,2,36000,19.8
507278,507478,507481,200,3,2,36000,20.3
507284,507483,507487,199,4,2,36000,20.3
507289,507488,507492,199,4,2,36000,20.3
507295,507493,507497,198,4,2,36000,20.2
507300,507498,507502,198,4,2,36000,20.2
507306,507504,507507,198,3,2,36000,20.1
507311,507509,507511,198,2,2,36000,20.0
507317,507514,507517,197,3,2,36000,20.0
507322,507519,507522,197,3,2,36000,20.0
507328,507524,507527,196,3,2,36000,19.9
507333,507529,507533,196,4,2,36000,20.0
507339,507534,507538,195,4,2,36000,19.9
507344,507539,507543,195,4,2,36000,19.9
507350,507544,507548,194,4,2,36000,19.8
507355,507549,507553,194,4,2,36000,19.8
507361,507555,507558,194,3,2,36000,19.7
507366,507560,507563,194,3,2,36000,19.7
507371,507565,507568,194,3,2,36000,19.7
507377,507572,507576,195,4,2,36000,19.9
507382,507577,507580,195,3,2,36000,19.8
507388,507582,507586,194,4,2,36000,19.8
507388,507587,507591,199,4,2,36000,20.3
507394,507593,507596,199,3,2,36000,20.2
507399,507598,507601,199,3,2,36000,20.2
507404,507603,507606,199,3,2,36000,20.2
507410,507608,507611,198,3,2,36000,20.1
507415,507613,507617,198,4,2,36000,20.2
507421,507618,507622,197,4,2,36000,20.1
507426,507623,507627,197,4,2,36000,20.1
507432,507628,507632,196,4,2,36000,20.0
507437,507633,507637,196,4,2,36000,20.0
507442,507639,507642,197,3,2,36000,20.0
507443,507644,507647,201,3,2,36000,20.4
507454,507649,507652,195,3,2,36000,19.8
507459,507654,507657,195,3,2,36000,19.8
507465,507659,507663,194,4,2,36000,19.8
507470,507664,507668,194,4,2,36000,19.8
507476,507669,507673,193,4,2,36000,19.7
507481,507674,507678,193,4,2,36000,19.7
507486,507680,507683,194,3,2,36000,19.7
507492,507690,507693,198,3,2,36000,20.1
507492,507685,507688,193,3,2,36000,19.6
507498,507695,507698,197,3,2,36000,20.0
507503,507702,507706,199,4,2,36000,20.3
507508,507708,507711,200,3,2,36000,20.3
507514,507713,507716,199,3,2,36000,20.2
507519,507718,507721,199,3,2,36000,20.2
507525,507723,507726,198,3,2,36000,20.1
507530,507728,507737,198,9,2,36000,20.7
507536,507733,507740,197,7,2,36000,20.4
507541,507738,507742,197,4,2,36000,20.1
507547,507743,507746,196,3,2,36000,19.9
507552,507748,507752,196,4,2,36000,20.0
507557,507754,507757,197,3,2,36000,20.0
507563,507759,507762,196,3,2,36000,19.9
507568,507764,507767,196,3,2,36000,19.9
507574,507769,507772,195,3,2,36000,19.8
507574,507774,507777,200,3,2,36000,20.3
507585,507779,507783,194,4,2,36000,19.8
507585,507784,507788,199,4,2,36000,20.3
507596,507789,507793,193,4,2,36000,19.7
507597,507794,507798,197,4,2,36000,20.1
507602,507799,507803,197,4,2,36000,20.1
507608,507805,507808,197,3,2,36000,20.0
507613,507810,507813,197,3,2,36000,20.0
507618,507815,507818,197,3,2,36000,20.0
507624,507820,507823,196,3,2,36000,19.9
507629,507825,507829,196,4,2,36000,20.0
507635,507832,507836,197,4,2,36000,20.1
507640,507837,507841,197,4,2,36000,20.1
507646,507842,507846,196,4,2,36000,20.0
507651,507847,507851,196,4,2,36000,20.0
507657,507853,507856,196,3,2,36000,19.9
507662,507858,507861,196,3,2,36000,19.9
507668,507863,507866,195,3,2,36000,19.8
507668,507868,507871,200,3,2,36000,20.3
507674,507873,507876,199,3,2,36000,20.2
507679,507878,507882,199,4,2,36000,20.3
507684,507883,507887,199,4,2,36000,20.3
507690,507888,507892,198,4,2,36000,20.2
507695,507893,507897,198,4,2,36000,20.2
507701,507898,507902,197,4,2,36000,20.1
507707,507904,507907,197,3,2,36000,20.0
507712,507909,507912,197,3,2,36000,20.0
507717,507914,507917,197,3,2,36000,20.0
507723,507919,507922,196,3,2,36000,19.9
507728,507924,507928,196,4,2,36000,20.0
507734,507929,507933,195,4,2,36000,19.9
507744,507934,507938,190,4,2,36000,19.4
507750,507939,507943,189,4,2,36000,19.3
507750,507944,507948,194,4,2,36000,19.8
507756,507950,507953,194,3,2,36000,19.7
507761,507955,507958,194,3,2,36000,19.7
507767,507962,507966,195,4,2,36000,19.9
507772,507967,507971,195,4,2,36000,19.9
507777,507972,507976,195,4,2,36000,19.9
507778,507978,507981,200,3,2,36000,20.3
507783,507983,507986,200,3,2,36000,20.3
507789,507988,507991,199,3,2,36000,20.2
507794,507993,507996,199,3,2,36000,20.2
507799,507998,508000,199,2,2,36000,20.1
507805,508003,508007,198,4,2,36000,20.2
507810,508008,508011,198,3,2,36000,20.1
507816,508013,508017,197,4,2,36000,20.1
507821,508018,508022,197,4,2,36000,20.1
507827,508023,508026,196,3,2,36000,19.9
507832,508029,508032,197,3,2,36000,20.0
507838,508034,508037,196,3,2,36000,19.9
507844,508039,508042,195,3,2,36000,19.8
507849,508044,508047,195,3,2,36000,19.8
507855,508049,508053,194,4,2,36000,19.8
507860,508054,508058,194,4,2,36000,19.8
507865,508059,508063,194,4,2,36000,19.8
507871,508064,508068,193,4,2,36000,19.7
507876,508070,508073,194,3,2,36000,19.7
507882,508075,508078,193,3,2,36000,19.6
507882,508080,508083,198,3,2,36000,20.1
507888,508085,508088,197,3,2,36000,20.0
507893,508092,508096,199,4,2,36000,20.3
507898,508097,508101,199,4,2,36000,20.3
507904,508103,508106,199,3,2,36000,20.2
507909,508108,508111,199,3,2,36000,20.2
507915,508113,508116,198,3,2,36000,20.1
507920,508118,508121,198,3,2,36000,20.1
507926,508123,508127,197,4,2,36000,20.1
507931,508128,508132,197,4,2,36000,20.1
507937,508133,508137,196,4,2,36000,20.0
507942,508138,508142,196,4,2,36000,20.0
507947,508144,508147,197,3,2,36000,20.0
507953,508149,508152,196,3,2,36000,19.9
507953,508154,508157,201,3,2,36000,20.4
507959,508159,508162,200,3,2,36000,20.3
507964,508164,508167,200,3,2,36000,20.3
507975,508169,508173,194,4,2,36000,19.8
507980,508174,508178,194,4,2,36000,19.8
507986,508179,508183,193,4,2,36000,19.7
507991,508184,508188,193,4,2,36000,19.7
507997,508195,508198,198,3,2,36000,20.1
507997,508189,508193,192,4,2,36000,19.6
508002,508200,508203,198,3,2,36000,20.1
508008,508205,508208,197,3,2,36000,20.0
508013,508210,508213,197,3,2,36000,20.0
508019,508215,508219,196,4,2,36000,20.0
508024,508222,508226,198,4,2,36000,20.2
508029,508227,508231,198,4,2,36000,20.2
508035,508233,508236,198,3,2,36000,20.1
508040,508238,508241,198,3,2,36000,20.1
508046,508243,508246,197,3,2,36000,20.0
508051,508248,508251,197,3,2,36000,20.0
508057,508253,508256,196,3,2,36000,19.9
508062,508258,508262,196,4,2,36000,20.0
508068,508263,508267,195,4,2,36000,19.9
508073,508268,508272,195,4,2,36000,19.9
508073,508273,508277,200,4,2,36000,20.4
508079,508278,508282,199,4,2,36000,20.3
508084,508283,508286,199,3,2,36000,20.2
508090,508289,508292,199,3,2,36000,20.2
508095,508294,508297,199,3,2,36000,20.2
508106,508299,508302,193,3,2,36000,19.6
508111,508304,508307,193,3,2,36000,19.6
508117,508309,508313,192,4,2,36000,19.6
508117,508314,508318,197,4,2,36000,20.1
508122,508319,508323,197,4,2,36000,20.1
508128,508324,508328,196,4,2,36000,20.0
508133,508329,508333,196,4,2,36000,20.0
508139,508335,508338,196,3,2,36000,19.9
508144,508340,508343,196,3,2,36000,19.9
508150,508345,508348,195,3,2,36000,19.8
508155,508352,508356,197,4,2,36000,20.1
508161,508357,508361,196,4,2,36000,20.0
508166,508363,508366,197,3,2,36000,20.0
508172,508368,508371,196,3,2,36000,19.9
508177,508373,508376,196,3,2,36000,19.9
508182,508378,508381,196,3,2,36000,19.9
508188,508383,508386,195,3,2,36000,19.8
508188,508388,508391,200,3,2,36000,20.3
508194,508393,508397,199,4,2,36000,20.3
508199,508398,508401,199,3,2,36000,20.2
508205,508403,508407,198,4,2,36000,20.2
508210,508408,508412,198,4,2,36000,20.2
508215,508414,508417,199,3,2,36000,20.2
508221,508419,508422,198,3,2,36000,20.1
508227,508424,508427,197,3,2,36000,20.0
508232,508429,508432,197,3,2,36000,20.0
508237,508434,508438,197,4,2,36000,20.1
508243,508439,508443,196,4,2,36000,20.0
508248,508444,508448,196,4,2,36000,20.0
508254,508449,508453,195,4,2,36000,19.9
508259,508454,508458,195,4,2,36000,19.9
508265,508460,508463,195,3,2,36000,19.8
508270,508465,508468,195,3,2,36000,19.8
508276,508470,508473,194,3,2,36000,19.7
508281,508475,508478,194,3,2,36000,19.7
508287,508487,508491,200,4,2,36000,20.4
508292,508497,508501,205,4,2,36000,20.9
508292,508492,508496,200,4,2,36000,20.4
508298,508502,508506,204,4,2,36000,20.8
508303,508508,508511,205,3,2,36000,20.8
508309,508513,508516,204,3,2,36000,20.7
508314,508518,508521,204,3,2,36000,20.7
508320,508523,508526,203,3,2,36000,20.6
508325,508533,508537,208,4,2,36000,21.2
508331,508538,508542,207,4,2,36000,21.1
508336,508543,508547,207,4,2,36000,21.1
508342,508548,508552,206,4,2,36000,21.0
508347,508553,508557,206,4,2,36000,21.0
508352,508559,508562,207,3,2,36000,21.0
508358,508564,508567,206,3,2,36000,20.9
508364,508569,508572,205,3,2,36000,20.8
508370,508574,508577,204,3,2,36000,20.7
508375,508579,508582,204,3,2,36000,20.7
508381,508584,508587,203,3,2,36000,20.6
508386,508589,508593,203,4,2,36000,20.7
508391,508594,508598,203,4,2,36000,20.7
508392,508599,508603,207,4,2,36000,21.1
508397,508604,508608,207,4,2,36000,21.1
508403,508610,508613,207,3,2,36000,21.0
508408,508615,508618,207,3,2,36000,21.0
508414,508622,508626,208,4,2,36000,21.2
508419,508627,508631,208,4,2,36000,21.2
508425,508632,508639,207,7,2,36000,21.4
508430,508637,508641,207,4,2,36000,21.1
508436,508643,508646,207,3,2,36000,21.0
508441,508648,508651,207,3,2,36000,21.0
508447,508653,508656,206,3,2,36000,20.9
508452,508658,508661,206,3,2,36000,20.9
508457,508663,508666,206,3,2,36000,20.9
508463,508668,508672,205,4,2,36000,20.9
508463,508673,508677,210,4,2,36000,21.4
508469,508678,508682,209,4,2,36000,21.3
508474,508683,508687,209,4,2,36000,21.3
508480,508689,508692,209,3,2,36000,21.2
508485,508694,508697,209,3,2,36000,21.2
508501,508699,508702,198,3,2,36000,20.1
508501,508704,508707,203,3,2,36000,20.6
508507,508709,508712,202,3,2,36000,20.5
508512,508714,508718,202,4,2,36000,20.6
508518,508719,508723,201,4,2,36000,20.5
508523,508724,508728,201,4,2,36000,20.5
508528,508729,508733,201,4,2,36000,20.5
508534,508735,508738,201,3,2,36000,20.4
508545,508740,508743,195,3,2,36000,19.8
508550,508745,508748,195,3,2,36000,19.8
508555,508750,512457,195,3707,2,3600,1.05260318317
508556,508757,508761,201,4,2,36000,20.5
508561,508762,508765,201,3,2,36000,20.4
508567,508767,508771,200,4,2,36000,20.4
508572,508773,508776,201,3,2,36000,20.4
508577,508778,508781,201,3,2,36000,20.4
508578,508783,508786,205,3,2,36000,20.8
508583,508788,508791,205,3,2,36000,20.8
508589,508793,508796,204,3,2,36000,20.7
508594,508798,508802,204,4,2,36000,20.8
508599,508803,508807,204,4,2,36000,20.8
508605,508808,508812,203,4,2,36000,20.7
508611,508813,508817,202,4,2,36000,20.6
508616,508819,508822,203,3,2,36000,20.6
508621,508824,508827,203,3,2,36000,20.6
508627,508829,508832,202,3,2,36000,20.5
508632,508834,508837,202,3,2,36000,20.5
508638,508839,508842,201,3,2,36000,20.4
508649,508844,508847,195,3,2,36000,19.8
508649,508849,508853,200,4,2,36000,20.4
508654,508854,508858,200,4,2,36000,20.4
508660,508859,508863,199,4,2,36000,20.3
508665,508864,508868,199,4,2,36000,20.3
508671,508870,508873,199,3,2,36000,20.2
508676,508875,508878,199,3,2,36000,20.2
508681,508880,508883,199,3,2,36000,20.2
508687,508887,508891,200,4,2,36000,20.4
508687,508892,508896,205,4,2,36000,20.9
508693,508897,508901,204,4,2,36000,20.8
508698,508902,508906,204,4,2,36000,20.8
508704,508908,508911,204,3,2,36000,20.7
508709,508913,508916,204,3,2,36000,20.7
508715,508918,508921,203,3,2,36000,20.6
508720,508923,508926,203,3,2,36000,20.6
508726,508928,508931,202,3,2,36000,20.5
508731,508933,508936,202,3,2,36000,20.5
508737,508938,508942,201,4,2,36000,20.5
508742,508943,508947,201,4,2,36000,20.5
508748,508948,508952,200,4,2,36000,20.4
508753,508953,508956,200,3,2,36000,20.3
508759,508959,508962,200,3,2,36000,20.3
508769,508964,508967,195,3,2,36000,19.8
508775,508969,508972,194,3,2,36000,19.7
508780,508974,508977,194,3,2,36000,19.7
508786,508979,508982,193,3,2,36000,19.6
508791,508984,508988,193,4,2,36000,19.7
508796,508989,508993,193,4,2,36000,19.7
508797,508994,508998,197,4,2,36000,20.1
508802,508999,509003,197,4,2,36000,20.1
508808,509005,509008,197,3,2,36000,20.0
508813,509010,509013,197,3,2,36000,20.0
508818,509017,509021,199,4,2,36000,20.3
508824,509022,509026,198,4,2,36000,20.2
508829,509027,509031,198,4,2,36000,20.2
508835,509032,509036,197,4,2,36000,20.1
508840,509038,509041,198,3,2,36000,20.1
508846,509043,509046,197,3,2,36000,20.0
508851,509048,509051,197,3,2,36000,20.0
508857,509053,509057,196,4,2,36000,20.0
508862,509058,509062,196,4,2,36000,20.0
508868,509063,509066,195,3,2,36000,19.8
508873,509068,509072,195,4,2,36000,19.9
508873,509073,509077,200,4,2,36000,20.4
508879,509079,509082,200,3,2,36000,20.3
508884,509084,509087,200,3,2,36000,20.3
508890,509089,509092,199,3,2,36000,20.2
508900,509094,509097,194,3,2,36000,19.7
508906,509104,509107,198,3,2,36000,20.1
508906,509099,509102,193,3,2,36000,19.6
508912,509109,509113,197,4,2,36000,20.1
508917,509114,509118,197,4,2,36000,20.1
508923,509120,509123,197,3,2,36000,20.0
508928,509125,509128,197,3,2,36000,20.0
508934,509130,509133,196,3,2,36000,19.9
508939,509135,509138,196,3,2,36000,19.9
508944,509140,509143,196,3,2,36000,19.9
508950,509147,509151,197,4,2,36000,20.1
508955,509152,509156,197,4,2,36000,20.1
508961,509157,509161,196,4,2,36000,20.0
508966,509162,509166,196,4,2,36000,20.0
508972,509168,509171,196,3,2,36000,19.9
508977,509173,509176,196,3,2,36000,19.9
508983,509178,509181,195,3,2,36000,19.8
508983,509183,509186,200,3,2,36000,20.3
508989,509188,509192,199,4,2,36000,20.3
508994,509193,509197,199,4,2,36000,20.3
509000,509198,509202,198,4,2,36000,20.2
509005,509203,509207,198,4,2,36000,20.2
509011,509208,509212,197,4,2,36000,20.1
509016,509214,509217,198,3,2,36000,20.1
509021,509219,509222,198,3,2,36000,20.1
509027,509224,509227,197,3,2,36000,20.0
509032,509229,509232,197,3,2,36000,20.0
509038,509234,509237,196,3,2,36000,19.9
509043,509239,509243,196,4,2,36000,20.0
509049,509244,509248,195,4,2,36000,19.9
509054,509249,509253,195,4,2,36000,19.9
509060,509254,509258,194,4,2,36000,19.8
509065,509259,509263,194,4,2,36000,19.8
509071,509265,509268,194,3,2,36000,19.7
509076,509270,509273,194,3,2,36000,19.7
509081,509277,509281,196,4,2,36000,20.0
509087,509282,509286,195,4,2,36000,19.9
509092,509287,509291,195,4,2,36000,19.9
509093,509293,509296,200,3,2,36000,20.3
509098,509298,509301,200,3,2,36000,20.3
509104,509303,509306,199,3,2,36000,20.2
509109,509308,509312,199,4,2,36000,20.3
509115,509313,509317,198,4,2,36000,20.2
509120,509318,509322,198,4,2,36000,20.2
509126,509323,509327,197,4,2,36000,20.1
509131,509328,509332,197,4,2,36000,20.1
509137,509334,509337,197,3,2,36000,20.0
509142,509339,509342,197,3,2,36000,20.0
509147,509344,509347,197,3,2,36000,20.0
509153,509349,509352,196,3,2,36000,19.9
509158,509354,509357,196,3,2,36000,19.9
509164,509359,509363,195,4,2,36000,19.9
509169,509364,509368,195,4,2,36000,19.9
509175,509369,509373,194,4,2,36000,19.8
509180,509374,509378,194,4,2,36000,19.8
509186,509379,509383,193,4,2,36000,19.7
509191,509385,509388,194,3,2,36000,19.7
509197,509390,509393,193,3,2,36000,19.6
509197,509395,509398,198,3,2,36000,20.1
509203,509400,509403,197,3,2,36000,20.0
509208,509407,509411,199,4,2,36000,20.3
509214,509412,509416,198,4,2,36000,20.2
509220,509417,509421,197,4,2,36000,20.1
509225,509423,509425,198,2,2,36000,20.0
509231,509428,509431,197,3,2,36000,20.0
509236,509433,509436,197,3,2,36000,20.0
509242,509438,509441,196,3,2,36000,19.9
509247,509443,509446,196,3,2,36000,19.9
509252,509448,509452,196,4,2,36000,20.0
509258,509453,509457,195,4,2,36000,19.9
509258,509458,509462,200,4,2,36000,20.4
509264,509463,509467,199,4,2,36000,20.3
509269,509469,509472,200,3,2,36000,20.3
509275,509474,509477,199,3,2,36000,20.2
509280,509479,509482,199,3,2,36000,20.2
509291,509484,509487,193,3,2,36000,19.6
509296,509489,509492,193,3,2,36000,19.6
509296,509494,509498,198,4,2,36000,20.2
509302,509499,509503,197,4,2,36000,20.1
509307,509504,509508,197,4,2,36000,20.1
509313,509510,509513,197,3,2,36000,20.0
509318,509515,509518,197,3,2,36000,20.0
509324,509520,509523,196,3,2,36000,19.9
509329,509525,509528,196,3,2,36000,19.9
509335,509530,509534,195,4,2,36000,19.9
509340,509537,509544,197,7,2,36000,20.4
509346,509542,509546,196,4,2,36000,20.0
509351,509547,509551,196,4,2,36000,20.0
509357,509552,509556,195,4,2,36000,19.9
509362,509558,509561,196,3,2,36000,19.9
509368,509563,509566,195,3,2,36000,19.8
509368,509568,509571,200,3,2,36000,20.3
509374,509573,509576,199,3,2,36000,20.2
509379,509578,509581,199,3,2,36000,20.2
509385,509583,509587,198,4,2,36000,20.2
509390,509588,509592,198,4,2,36000,20.2
509395,509593,509597,198,4,2,36000,20.2
509401,509598,509602,197,4,2,36000,20.1
509407,509604,509607,197,3,2,36000,20.0
509412,509609,509612,197,3,2,36000,20.0
509418,509614,509617,196,3,2,36000,19.9
509423,509619,509622,196,3,2,36000,19.9
509429,509624,509627,195,3,2,36000,19.8
509435,509629,509633,194,4,2,36000,19.8
509440,509634,509638,194,4,2,36000,19.8
509445,509639,509643,194,4,2,36000,19.8
509451,509644,509648,193,4,2,36000,19.7
509456,509649,509653,193,4,2,36000,19.7
509462,509655,509658,193,3,2,36000,19.6
509467,509672,509676,205,4,2,36000,20.9
509467,509660,509663,193,3,2,36000,19.6
509473,509677,509681,204,4,2,36000,20.8
509478,509682,509686,204,4,2,36000,20.8
509484,509687,509691,203,4,2,36000,20.7
509489,509693,509696,204,3,2,36000,20.7
509495,509698,509701,203,3,2,36000,20.6
509500,509703,509706,203,3,2,36000,20.6
509506,509708,509711,202,3,2,36000,20.5
509509,509665,515747,156,6082,4,10800,1.02564945742
509511,509713,509716,202,3,2,36000,20.5
509517,509718,509722,201,4,2,36000,20.5
509522,509723,509727,201,4,2,36000,20.5
509528,509728,509732,200,4,2,36000,20.4
509533,509733,509737,200,4,2,36000,20.4
509539,509738,509742,199,4,2,36000,20.3
509539,509744,509747,205,3,2,36000,20.8
509550,509749,509752,199,3,2,36000,20.2
509555,509754,509757,199,3,2,36000,20.2
509561,509759,509762,198,3,2,36000,20.1
509566,509764,509768,198,4,2,36000,20.2
509572,509769,509773,197,4,2,36000,20.1
509572,509774,509778,202,4,2,36000,20.6
509577,509779,509783,202,4,2,36000,20.6
509583,509785,509788,202,3,2,36000,20.5
509588,509790,509793,202,3,2,36000,20.5
509593,509795,509798,202,3,2,36000,20.5
509599,509802,509806,203,4,2,36000,20.7
509605,509807,509811,202,4,2,36000,20.6
509611,509813,509816,202,3,2,36000,20.5
509616,509818,509821,202,3,2,36000,20.5
509621,509823,509826,202,3,2,36000,20.5
509627,509828,509831,201,3,2,36000,20.4
509632,509833,509836,201,3,2,36000,20.4
509638,509838,509841,200,3,2,36000,20.3
509638,509843,509847,205,4,2,36000,20.9
509644,509848,509852,204,4,2,36000,20.8
509649,509853,509857,204,4,2,36000,20.8
509655,509858,509862,203,4,2,36000,20.7
509660,509864,509867,204,3,2,36000,20.7
509666,509869,509872,203,3,2,36000,20.6
509671,509874,509877,203,3,2,36000,20.6
509682,509879,509883,197,4,2,36000,20.1
509688,509884,509887,196,3,2,36000,19.9
509693,509889,509893,196,4,2,36000,20.0
509699,509894,509898,195,4,2,36000,19.9
509704,509900,509903,196,3,2,36000,19.9
509710,509905,509908,195,3,2,36000,19.8
509715,509910,509913,195,3,2,36000,19.8
509721,509915,509918,194,3,2,36000,19.7
509726,509920,509924,194,4,2,36000,19.8
509732,509925,509929,193,4,2,36000,19.7
509737,509937,509941,200,4,2,36000,20.4
509737,509932,509936,195,4,2,36000,19.9
509743,509943,509946,200,3,2,36000,20.3
509749,509948,509951,199,3,2,36000,20.2
509754,509953,509956,199,3,2,36000,20.2
509760,509958,509961,198,3,2,36000,20.1
509765,509963,509966,198,3,2,36000,20.1
509771,509968,509972,197,4,2,36000,20.1
509776,509973,509977,197,4,2,36000,20.1
509782,509978,509982,196,4,2,36000,20.0
509787,509983,509987,196,4,2,36000,20.0
509793,509988,509992,195,4,2,36000,19.9
509798,509994,509997,196,3,2,36000,19.9
509803,509999,510002,196,3,2,36000,19.9
509804,510004,510007,200,3,2,36000,20.3
509815,510009,510012,194,3,2,36000,19.7
509820,510014,510018,194,4,2,36000,19.8
509825,510019,510022,194,3,2,36000,19.7
509831,510024,510028,193,4,2,36000,19.7
509836,510029,510033,193,4,2,36000,19.7
509842,510034,510038,192,4,2,36000,19.6
509842,510039,510043,197,4,2,36000,20.1
509847,510045,510048,198,3,2,36000,20.1
509853,510050,510053,197,3,2,36000,20.0
509858,510055,510059,197,4,2,36000,20.1
509864,510062,510066,198,4,2,36000,20.2
509869,510067,510071,198,4,2,36000,20.2
509875,510072,510076,197,4,2,36000,20.1
509880,510077,510081,197,4,2,36000,20.1
509886,510083,510086,197,3,2,36000,20.0
509891,510088,510091,197,3,2,36000,20.0
509897,510093,510096,196,3,2,36000,19.9
509902,510098,510101,196,3,2,36000,19.9
509908,510103,510106,195,3,2,36000,19.8
509913,510108,510112,195,4,2,36000,19.9
509919,510113,510117,194,4,2,36000,19.8
509919,510118,510122,199,4,2,36000,20.3
509924,510123,510127,199,4,2,36000,20.3
509930,510129,510132,199,3,2,36000,20.2
509935,510134,510137,199,3,2,36000,20.2
509946,510139,510142,193,3,2,36000,19.6
509947,510144,510147,197,3,2,36000,20.0
509953,510149,510152,196,3,2,36000,19.9
509959,510154,510158,195,4,2,36000,19.9
509965,510159,510163,194,4,2,36000,19.8
509970,510164,510168,194,4,2,36000,19.8
509975,510169,510173,194,4,2,36000,19.8
509981,510174,510178,193,4,2,36000,19.7
509986,510180,510183,194,3,2,36000,19.7
509992,510185,510188,193,3,2,36000,19.6
509997,510195,510198,198,3,2,36000,20.1
509998,510200,510203,202,3,2,36000,20.5
510003,510205,510209,202,4,2,36000,20.6
510009,510210,510214,201,4,2,36000,20.5
510014,510215,510219,201,4,2,36000,20.5
510019,510220,510224,201,4,2,36000,20.5
510025,510225,510229,200,4,2,36000,20.4
510030,510231,510234,201,3,2,36000,20.4
510036,510236,510239,200,3,2,36000,20.3
510041,510241,510244,200,3,2,36000,20.3
510047,510246,510249,199,3,2,36000,20.2
510052,510251,510254,199,3,2,36000,20.2
510058,510256,510260,198,4,2,36000,20.2
510063,510261,510265,198,4,2,36000,20.2
510070,510266,510270,196,4,2,36000,20.0
510070,510322,512416,252,2094,1,10800,1.12034383954
510075,510271,510275,196,4,2,36000,20.0
510081,510277,510280,196,3,2,36000,19.9
510086,510282,510285,196,3,2,36000,19.9
510087,510287,510290,200,3,2,36000,20.3
510092,510292,510295,200,3,2,36000,20.3
510098,510297,510300,199,3,2,36000,20.2
510103,510302,510305,199,3,2,36000,20.2
510109,510307,510311,198,4,2,36000,20.2
510114,510312,510316,198,4,2,36000,20.2
510120,510317,510320,197,3,2,36000,20.0
510125,510330,510334,205,4,2,36000,20.9
510131,510335,510339,204,4,2,36000,20.8
510136,510341,510344,205,3,2,36000,20.8
510142,510346,510349,204,3,2,36000,20.7
510147,510351,510354,204,3,2,36000,20.7
510153,510356,510360,203,4,2,36000,20.7
510153,510361,510365,208,4,2,36000,21.2
510159,510366,510370,207,4,2,36000,21.1
510164,510371,510375,207,4,2,36000,21.1
510169,510376,510380,207,4,2,36000,21.1
510175,510382,510385,207,3,2,36000,21.0
510180,510387,510390,207,3,2,36000,21.0
510186,510392,510395,206,3,2,36000,20.9
510192,510397,510400,205,3,2,36000,20.8
510197,510402,510405,205,3,2,36000,20.8
510208,510407,510411,199,4,2,36000,20.3
510213,510412,510416,199,4,2,36000,20.3
510219,510417,510421,198,4,2,36000,20.2
510219,510422,510426,203,4,2,36000,20.7
510225,510428,510431,203,3,2,36000,20.6
510230,510433,510441,203,8,2,36000,21.1
510236,510438,510443,202,5,2,36000,20.7
510241,510443,510447,202,4,2,36000,20.6
510247,510448,510451,201,3,2,36000,20.4
510252,510453,510458,201,5,2,36000,20.6
510258,510460,510463,202,3,2,36000,20.5
510263,510465,510469,202,4,2,36000,20.6
510269,510470,510474,201,4,2,36000,20.5
510274,510475,510478,201,3,2,36000,20.4
510280,510480,510484,200,4,2,36000,20.4
510285,510486,510489,201,3,2,36000,20.4
510286,510491,510494,205,3,2,36000,20.8
510291,510496,510499,205,3,2,36000,20.8
510297,510501,510504,204,3,2,36000,20.7
510302,510506,510510,204,4,2,36000,20.8
510307,510511,510515,204,4,2,36000,20.8
510313,510516,510520,203,4,2,36000,20.7
510319,510521,510525,202,4,2,36000,20.6
510324,510526,510530,202,4,2,36000,20.6
510330,510532,510535,202,3,2,36000,20.5
510341,510537,510540,196,3,2,36000,19.9
510346,510542,510545,196,3,2,36000,19.9
510351,510547,510550,196,3,2,36000,19.9
510357,510552,510555,195,3,2,36000,19.8
510362,510557,510561,195,4,2,36000,19.9
510368,510562,510566,194,4,2,36000,19.8
510373,510567,510571,194,4,2,36000,19.8
510379,510572,510576,193,4,2,36000,19.7
510384,510578,510581,194,3,2,36000,19.7
510390,510583,510586,193,3,2,36000,19.6
510395,510590,510594,195,4,2,36000,19.9
510401,510595,510599,194,4,2,36000,19.8
510401,510600,510604,199,4,2,36000,20.3
510406,510605,510609,199,4,2,36000,20.3
510412,510611,510614,199,3,2,36000,20.2
510417,510616,510619,199,3,2,36000,20.2
510423,510621,510624,198,3,2,36000,20.1
510428,510626,510629,198,3,2,36000,20.1
510434,510631,510634,197,3,2,36000,20.0
510440,510636,510640,196,4,2,36000,20.0
510450,510641,510645,191,4,2,36000,19.5
510451,510646,510650,195,4,2,36000,19.9
510456,510651,510655,195,4,2,36000,19.9
510456,510657,510660,201,3,2,36000,20.4
510467,510662,510665,195,3,2,36000,19.8
510472,510667,510670,195,3,2,36000,19.8
510478,510672,510675,194,3,2,36000,19.7
510483,510677,510680,194,3,2,36000,19.7
510483,510682,510685,199,3,2,36000,20.2
510494,510687,510691,193,4,2,36000,19.7
510494,510692,510696,198,4,2,36000,20.2
510500,510697,510701,197,4,2,36000,20.1
510506,510702,510706,196,4,2,36000,20.0
510511,510708,510711,197,3,2,36000,20.0
510516,510713,510716,197,3,2,36000,20.0
510522,510720,510724,198,4,2,36000,20.2
510527,510725,510729,198,4,2,36000,20.2
510533,510730,510734,197,4,2,36000,20.1
510539,510736,510739,197,3,2,36000,20.0
510544,510741,510744,197,3,2,36000,20.0
510549,510746,510749,197,3,2,36000,20.0
510555,510751,510755,196,4,2,36000,20.0
510560,510756,510760,196,4,2,36000,20.0
510565,510761,510765,196,4,2,36000,20.0
510571,510767,510770,196,3,2,36000,19.9
510571,510772,510775,201,3,2,36000,20.4
510577,510777,510780,200,3,2,36000,20.3
510582,510782,510785,200,3,2,36000,20.3
510588,510787,510790,199,3,2,36000,20.2
510593,510792,510796,199,4,2,36000,20.3
510599,510797,510800,198,3,2,36000,20.1
510605,510802,510806,197,4,2,36000,20.1
510610,510807,510811,197,4,2,36000,20.1
510615,510812,510816,197,4,2,36000,20.1
510621,510818,510821,197,3,2,36000,20.0
510626,510823,510826,197,3,2,36000,20.0
510632,510828,510831,196,3,2,36000,19.9
510637,510833,510836,196,3,2,36000,19.9
510643,510838,510842,195,4,2,36000,19.9
510649,510843,510847,194,4,2,36000,19.8
510654,510850,510854,196,4,2,36000,20.0
510660,510855,510859,195,4,2,36000,19.9
510665,510860,510864,195,4,2,36000,19.9
510670,510865,510869,195,4,2,36000,19.9
510671,510871,510874,200,3,2,36000,20.3
510676,510876,510879,200,3,2,36000,20.3
510682,510881,510884,199,3,2,36000,20.2
510687,510886,510889,199,3,2,36000,20.2
510693,510891,510895,198,4,2,36000,20.2
510698,510896,510900,198,4,2,36000,20.2
510704,510901,510905,197,4,2,36000,20.1
510709,510906,510910,197,4,2,36000,20.1
510715,510911,510915,196,4,2,36000,20.0
510720,510917,510920,197,3,2,36000,20.0
510726,510922,510925,196,3,2,36000,19.9
510731,510927,510930,196,3,2,36000,19.9
510737,510932,510935,195,3,2,36000,19.8
510742,510937,510940,195,3,2,36000,19.8
510748,510942,510946,194,4,2,36000,19.8
510753,510947,510951,194,4,2,36000,19.8
510759,510952,510956,193,4,2,36000,19.7
510764,510958,510961,194,3,2,36000,19.7
510770,510963,510966,193,3,2,36000,19.6
510775,510968,510971,193,3,2,36000,19.6
510780,510973,510976,193,3,2,36000,19.6
510781,510980,510984,199,4,2,36000,20.3
510786,510985,510989,199,4,2,36000,20.3
510792,510990,510994,198,4,2,36000,20.2
510797,510995,510999,198,4,2,36000,20.2
510802,511000,511003,198,3,2,36000,20.1
510808,511006,511009,198,3,2,36000,20.1
510814,511011,511014,197,3,2,36000,20.0
510819,511016,511019,197,3,2,36000,20.0
510824,511021,511024,197,3,2,36000,20.0
510830,511026,511030,196,4,2,36000,20.0
510835,511031,511035,196,4,2,36000,20.0
510841,511036,511040,195,4,2,36000,19.9
510846,511041,511045,195,4,2,36000,19.9
510852,511046,511050,194,4,2,36000,19.8
510857,511051,511055,194,4,2,36000,19.8
510862,511057,511060,195,3,2,36000,19.8
510868,511062,511065,194,3,2,36000,19.7
510873,511067,511070,194,3,2,36000,19.7
510879,511072,511075,193,3,2,36000,19.6
510884,511077,511080,193,3,2,36000,19.6
510885,511082,511086,197,4,2,36000,20.1
510890,511087,511091,197,4,2,36000,20.1
510896,511092,511096,196,4,2,36000,20.0
510901,511097,511101,196,4,2,36000,20.0
510907,511103,511106,196,3,2,36000,19.9
510913,511110,511114,197,4,2,36000,20.1
510918,511115,511119,197,4,2,36000,20.1
510924,511120,511124,196,4,2,36000,20.0
510929,511125,511129,196,4,2,36000,20.0
510935,511130,511134,195,4,2,36000,19.9
510940,511136,511139,196,3,2,36000,19.9
510945,511141,511144,196,3,2,36000,19.9
510951,511146,511149,195,3,2,36000,19.8
510951,511151,511154,200,3,2,36000,20.3
510957,511156,511159,199,3,2,36000,20.2
510962,511161,511165,199,4,2,36000,20.3
510968,511166,511170,198,4,2,36000,20.2
510973,511171,511175,198,4,2,36000,20.2
510979,511176,511180,197,4,2,36000,20.1
510984,511181,511185,197,4,2,36000,20.1
510990,511187,511190,197,3,2,36000,20.0
510995,511192,511195,197,3,2,36000,20.0
511001,511197,511200,196,3,2,36000,19.9
511006,511202,511205,196,3,2,36000,19.9
511012,511207,511210,195,3,2,36000,19.8
511017,511212,511216,195,4,2,36000,19.9
511023,511217,511221,194,4,2,36000,19.8
511028,511222,511226,194,4,2,36000,19.8
511034,511227,511231,193,4,2,36000,19.7
511039,511233,511236,194,3,2,36000,19.7
511045,511240,511244,195,4,2,36000,19.9
511050,511250,511254,200,4,2,36000,20.4
511050,511245,511249,195,4,2,36000,19.9
511056,511255,511259,199,4,2,36000,20.3
511061,511261,511264,200,3,2,36000,20.3
511067,511266,511269,199,3,2,36000,20.2
511072,511271,511274,199,3,2,36000,20.2
511078,511276,511279,198,3,2,36000,20.1
511083,511281,511285,198,4,2,36000,20.2
511089,511286,511293,197,7,2,36000,20.4
511094,511291,511295,197,4,2,36000,20.1
511100,511296,511300,196,4,2,36000,20.0
511105,511302,511305,197,3,2,36000,20.0
511111,511307,511310,196,3,2,36000,19.9
511116,511312,511315,196,3,2,36000,19.9
511122,511317,511320,195,3,2,36000,19.8
511127,511322,511327,195,5,2,36000,20.0
511133,511327,511331,194,4,2,36000,19.8
511138,511332,511335,194,3,2,36000,19.7
511144,511337,511342,193,5,2,36000,19.8
511149,511343,511346,194,3,2,36000,19.7
511154,511348,511351,194,3,2,36000,19.7
511155,511353,511356,198,3,2,36000,20.1
511160,511358,511361,198,3,2,36000,20.1
511166,511363,511367,197,4,2,36000,20.1
511171,511370,511374,199,4,2,36000,20.3
511177,511375,511379,198,4,2,36000,20.2
511182,511381,511384,199,3,2,36000,20.2
511188,511386,511389,198,3,2,36000,20.1
511193,511391,511394,198,3,2,36000,20.1
511199,511396,511399,197,3,2,36000,20.0
511204,511401,511405,197,4,2,36000,20.1
511210,511406,511410,196,4,2,36000,20.0
511215,511411,511415,196,4,2,36000,20.0
511221,511416,511420,195,4,2,36000,19.9
511226,511427,511430,201,3,2,36000,20.4
511226,511422,511425,196,3,2,36000,19.9
511232,511432,511435,200,3,2,36000,20.3
511237,511437,511440,200,3,2,36000,20.3
511243,511442,511445,199,3,2,36000,20.2
511253,511447,511450,194,3,2,36000,19.7
511259,511452,511456,193,4,2,36000,19.7
511264,511457,511461,193,4,2,36000,19.7
511265,511462,511466,197,4,2,36000,20.1
511270,511467,511471,197,4,2,36000,20.1
511276,511473,511476,197,3,2,36000,20.0
511281,511478,511480,197,2,2,36000,19.9
511287,511483,511486,196,3,2,36000,19.9
511292,511488,511491,196,3,2,36000,19.9
511303,511500,511504,197,4,2,36000,20.1
511303,511493,511496,190,3,2,36000,19.3
511309,511505,511509,196,4,2,36000,20.0
511314,511510,511514,196,4,2,36000,20.0
511320,511515,511519,195,4,2,36000,19.9
511325,511521,511524,196,3,2,36000,19.9
511331,511526,511529,195,3,2,36000,19.8
511336,511531,511534,195,3,2,36000,19.8
511336,511536,511539,200,3,2,36000,20.3
511342,511541,511544,199,3,2,36000,20.2
511352,511546,511550,194,4,2,36000,19.8
511353,511551,511555,198,4,2,36000,20.2
511358,511556,511560,198,4,2,36000,20.2
511364,511561,511565,197,4,2,36000,20.1
511369,511566,511570,197,4,2,36000,20.1
511375,511572,511575,197,3,2,36000,20.0
511380,511577,511580,197,3,2,36000,20.0
511386,511582,511585,196,3,2,36000,19.9
511391,511587,511591,196,4,2,36000,20.0
511397,511592,511596,195,4,2,36000,19.9
511402,511597,511601,195,4,2,36000,19.9
511408,511602,511606,194,4,2,36000,19.8
511413,511607,511611,194,4,2,36000,19.8
511419,511613,511616,194,3,2,36000,19.7
511424,511618,511621,194,3,2,36000,19.7
511430,511623,511626,193,3,2,36000,19.6
511435,511630,511634,195,4,2,36000,19.9
511440,511635,511639,195,4,2,36000,19.9
511441,511640,511644,199,4,2,36000,20.3
511446,511646,511649,200,3,2,36000,20.3
511452,511651,511655,199,4,2,36000,20.3
511457,511656,511661,199,5,2,36000,20.4
511463,511661,511665,198,4,2,36000,20.2
511468,511666,511670,198,4,2,36000,20.2
511474,511672,511675,198,3,2,36000,20.1
511479,511677,511680,198,3,2,36000,20.1
511485,511682,511685,197,3,2,36000,20.0
511490,511687,511690,197,3,2,36000,20.0
511495,511692,511695,197,3,2,36000,20.0
511501,511697,511701,196,4,2,36000,20.0
511506,511702,511705,196,3,2,36000,19.9
511512,511707,511711,195,4,2,36000,19.9
511517,511713,511716,196,3,2,36000,19.9
511523,511718,511721,195,3,2,36000,19.8
511528,511723,511726,195,3,2,36000,19.8
511534,511728,511731,194,3,2,36000,19.7
511539,511733,511736,194,3,2,36000,19.7
511545,511738,511742,193,4,2,36000,19.7
511545,511743,511747,198,4,2,36000,20.2
511550,511748,511751,198,3,2,36000,20.1
511556,511753,511757,197,4,2,36000,20.1
511561,511760,511764,199,4,2,36000,20.3
511567,511765,511769,198,4,2,36000,20.2
511572,511770,511774,198,4,2,36000,20.2
511578,511776,511779,198,3,2,36000,20.1
511583,511781,511784,198,3,2,36000,20.1
511589,511786,511789,197,3,2,36000,20.0
511594,511791,511794,197,3,2,36000,20.0
511600,511796,511800,196,4,2,36000,20.0
511605,511801,511805,196,4,2,36000,20.0
511610,511806,511810,196,4,2,36000,20.0
511616,511811,511816,195,5,2,36000,20.0
511621,511816,511820,195,4,2,36000,19.9
511622,511821,511825,199,4,2,36000,20.3
511627,511827,511830,200,3,2,36000,20.3
511633,511832,511835,199,3,2,36000,20.2
511643,511837,511840,194,3,2,36000,19.7
511649,511842,511845,193,3,2,36000,19.6
511654,511847,511850,193,3,2,36000,19.6
511661,511852,511856,191,4,2,36000,19.5
511661,511857,511861,196,4,2,36000,20.0
511667,511862,511866,195,4,2,36000,19.9
511672,511867,511871,195,4,2,36000,19.9
511678,511872,511876,194,4,2,36000,19.8
511683,511878,511881,195,3,2,36000,19.8
511689,511883,511886,194,3,2,36000,19.7
511694,511890,511894,196,4,2,36000,20.0
511700,511895,511899,195,4,2,36000,19.9
511705,511900,511904,195,4,2,36000,19.9
511710,511906,511909,196,3,2,36000,19.9
511711,511911,511914,200,3,2,36000,20.3
511716,511916,511919,200,3,2,36000,20.3
511722,511921,511924,199,3,2,36000,20.2
511727,511926,511929,199,3,2,36000,20.2
511733,511931,511934,198,3,2,36000,20.1
511738,511936,511940,198,4,2,36000,20.2
511743,511941,511945,198,4,2,36000,20.2
511749,511946,511950,197,4,2,36000,20.1
511755,511951,511955,196,4,2,36000,20.0
511760,511957,511960,197,3,2,36000,20.0
511766,511962,511965,196,3,2,36000,19.9
511771,511967,511970,196,3,2,36000,19.9
511777,511972,511975,195,3,2,36000,19.8
511783,511977,511982,194,5,2,36000,19.9
511788,511982,511986,194,4,2,36000,19.8
511793,511987,511991,194,4,2,36000,19.8
511799,511992,511996,193,4,2,36000,19.7
511804,511997,512001,193,4,2,36000,19.7
511810,512003,512006,193,3,2,36000,19.6
511810,512008,512011,198,3,2,36000,20.1
511816,512013,512016,197,3,2,36000,20.0
511821,512020,512024,199,4,2,36000,20.3
511827,512025,512029,198,4,2,36000,20.2
511832,512030,512034,198,4,2,36000,20.2
511838,512036,512039,198,3,2,36000,20.1
511843,512041,512044,198,3,2,36000,20.1
511849,512046,512049,197,3,2,36000,20.0
511854,512051,512054,197,3,2,36000,20.0
511860,512056,512060,196,4,2,36000,20.0
511865,512061,512065,196,4,2,36000,20.0
511871,512066,512070,195,4,2,36000,19.9
511876,512072,512075,196,3,2,36000,19.9
511876,512077,512080,201,3,2,36000,20.4
511882,512082,512085,200,3,2,36000,20.3
511887,512087,512090,200,3,2,36000,20.3
511893,512092,512097,199,5,2,36000,20.4
511904,512097,512101,193,4,2,36000,19.7
511909,512107,512111,198,4,2,36000,20.2
511909,512102,512106,193,4,2,36000,19.7
511915,512113,512116,198,3,2,36000,20.1
511920,512118,512121,198,3,2,36000,20.1
511926,512123,512126,197,3,2,36000,20.0
511931,512128,512132,197,4,2,36000,20.1
511937,512133,512136,196,3,2,36000,19.9
511942,512138,512143,196,5,2,36000,20.1
511948,512143,512147,195,4,2,36000,19.9
511953,512150,512154,197,4,2,36000,20.1
511959,512155,512159,196,4,2,36000,20.0
511964,512161,512164,197,3,2,36000,20.0
511969,512166,512169,197,3,2,36000,20.0
511975,512171,512174,196,3,2,36000,19.9
511982,512176,512179,194,3,2,36000,19.7
511982,512181,512184,199,3,2,36000,20.2
511988,512186,512190,198,4,2,36000,20.2
511993,512191,512195,198,4,2,36000,20.2
511999,512196,512200,197,4,2,36000,20.1
512004,512201,512205,197,4,2,36000,20.1
512010,512206,512210,196,4,2,36000,20.0
512015,512212,512215,197,3,2,36000,20.0
512021,512217,512220,196,3,2,36000,19.9
512026,512222,512225,196,3,2,36000,19.9
512032,512227,512229,195,2,2,36000,19.7
512038,512232,512241,194,9,2,36000,20.3
512043,512237,512244,194,7,2,36000,20.1
512048,512242,512246,194,4,2,36000,19.8
512054,512248,512251,194,3,2,36000,19.7
512059,512253,512256,194,3,2,36000,19.7
512065,512258,512261,193,3,2,36000,19.6
512065,512263,512266,198,3,2,36000,20.1
512071,512268,512272,197,4,2,36000,20.1
512076,512273,512277,197,4,2,36000,20.1
512081,512280,512284,199,4,2,36000,20.3
512087,512285,512289,198,4,2,36000,20.2
512092,512290,512294,198,4,2,36000,20.2
512098,512295,512299,197,4,2,36000,20.1
512103,512301,512304,198,3,2,36000,20.1
512109,512306,512309,197,3,2,36000,20.0
512114,512311,512313,197,2,2,36000,19.9
512120,512316,512319,196,3,2,36000,19.9
512125,512321,512324,196,3,2,36000,19.9
512131,512326,512330,195,4,2,36000,19.9
512136,512331,512335,195,4,2,36000,19.9
512141,512336,512340,195,4,2,36000,19.9
512143,512341,512345,198,4,2,36000,20.2
512148,512347,512350,199,3,2,36000,20.2
512154,512352,512355,198,3,2,36000,20.1
512159,512357,512360,198,3,2,36000,20.1
512165,512362,512365,197,3,2,36000,20.0
512170,512367,512371,197,4,2,36000,20.1
512176,512372,512376,196,4,2,36000,20.0
512181,512377,512381,196,4,2,36000,20.0
512186,512382,512386,196,4,2,36000,20.0
512192,512387,512391,195,4,2,36000,19.9
512198,512393,512396,195,3,2,36000,19.8
512203,512398,512401,195,3,2,36000,19.8
512209,512403,512406,194,3,2,36000,19.7
512214,512412,512415,198,3,2,36000,20.1
512220,512417,512420,197,3,2,36000,20.0
512225,512422,512424,197,2,2,36000,19.9
512230,512427,512430,197,3,2,36000,20.0
512231,512432,512436,201,4,2,36000,20.5
512237,512437,512441,200,4,2,36000,20.4
512247,512442,512446,195,4,2,36000,19.9
512253,512447,512451,194,4,2,36000,19.8
512253,512452,512456,199,4,2,36000,20.3
512258,512458,512461,200,3,2,36000,20.3
512264,512463,512466,199,3,2,36000,20.2
512269,512468,512471,199,3,2,36000,20.2
512275,512473,512476,198,3,2,36000,20.1
512280,512478,512482,198,4,2,36000,20.2
512286,512483,512487,197,4,2,36000,20.1
512291,512488,512492,197,4,2,36000,20.1
512297,512493,512497,196,4,2,36000,20.0
512302,512499,512502,197,3,2,36000,20.0
512308,512504,512507,196,3,2,36000,19.9
512313,512509,512512,196,3,2,36000,19.9
512318,512514,512516,196,2,2,36000,19.8
512319,512519,512522,200,3,2,36000,20.3
512330,512529,512533,199,4,2,36000,20.3
512330,512524,512528,194,4,2,36000,19.8
512336,512534,512538,198,4,2,36000,20.2
512341,512541,512545,200,4,2,36000,20.4
512347,512547,512550,200,3,2,36000,20.3
512352,512552,512555,200,3,2,36000,20.3
512358,512557,512560,199,3,2,36000,20.2
512363,512562,512565,199,3,2,36000,20.2
512369,512567,512570,198,3,2,36000,20.1
512374,512572,512575,198,3,2,36000,20.1
512380,512577,512581,197,4,2,36000,20.1
512385,512582,512586,197,4,2,36000,20.1
512390,512587,512591,197,4,2,36000,20.1
512396,512592,512596,196,4,2,36000,20.0
512401,512598,512601,197,3,2,36000,20.0
512402,512603,512606,201,3,2,36000,20.4
512407,512608,512611,201,3,2,36000,20.4
512413,512613,512616,200,3,2,36000,20.3
512423,512618,512621,195,3,2,36000,19.8
512429,512623,512627,194,4,2,36000,19.8
512434,512628,512632,194,4,2,36000,19.8
512440,512633,512637,193,4,2,36000,19.7
512445,512638,512642,193,4,2,36000,19.7
512450,512644,512647,194,3,2,36000,19.7
512456,512649,512652,193,3,2,36000,19.6
512461,512654,512657,193,3,2,36000,19.6
512462,512659,512662,197,3,2,36000,20.0
512467,512664,512667,197,3,2,36000,20.0
512473,512671,512675,198,4,2,36000,20.2
512478,512676,512680,198,4,2,36000,20.2
512483,512681,512685,198,4,2,36000,20.2
512489,512686,512690,197,4,2,36000,20.1
512495,512692,512695,197,3,2,36000,20.0
512500,512697,512700,197,3,2,36000,20.0
512506,512702,512705,196,3,2,36000,19.9
512511,512707,512710,196,3,2,36000,19.9
512516,512712,512715,196,3,2,36000,19.9
512522,512722,512726,200,4,2,36000,20.4
512522,512717,512721,195,4,2,36000,19.9
512533,512732,512736,199,4,2,36000,20.3
512533,512727,512731,194,4,2,36000,19.8
512539,512737,512741,198,4,2,36000,20.2
512544,512743,512746,199,3,2,36000,20.2
512555,512748,512751,193,3,2,36000,19.6
512560,512753,512756,193,3,2,36000,19.6
512561,512758,512761,197,3,2,36000,20.0
512566,512763,512766,197,3,2,36000,20.0
512572,512768,512772,196,4,2,36000,20.0
512577,512773,512777,196,4,2,36000,20.0
512582,512778,512782,196,4,2,36000,20.0
512588,512783,512787,195,4,2,36000,19.9
512593,512789,512792,196,3,2,36000,19.9
512599,512794,512797,195,3,2,36000,19.8
512604,512801,512805,197,4,2,36000,20.1
512610,512806,512810,196,4,2,36000,20.0
512615,512811,512815,196,4,2,36000,20.0
512621,512816,512820,195,4,2,36000,19.9
512626,512822,512825,196,3,2,36000,19.9
512631,512827,512830,196,3,2,36000,19.9
512637,512832,512835,195,3,2,36000,19.8
512637,512837,512840,200,3,2,36000,20.3
512643,512842,512845,199,3,2,36000,20.2
512648,512847,512851,199,4,2,36000,20.3
512654,512852,512856,198,4,2,36000,20.2
512659,512857,512861,198,4,2,36000,20.2
512664,512863,512866,199,3,2,36000,20.2
512670,512868,512871,198,3,2,36000,20.1
512676,512873,512876,197,3,2,36000,20.0
512681,512878,512881,197,3,2,36000,20.0
512686,512883,512886,197,3,2,36000,20.0
512692,512888,512891,196,3,2,36000,19.9
512697,512893,512897,196,4,2,36000,20.0
512703,512898,512902,195,4,2,36000,19.9
512708,512903,512907,195,4,2,36000,19.9
512714,512908,512912,194,4,2,36000,19.8
512719,512914,512917,195,3,2,36000,19.8
512725,512919,512922,194,3,2,36000,19.7
512730,512924,512927,194,3,2,36000,19.7
512736,512931,512935,195,4,2,36000,19.9
512741,512936,512940,195,4,2,36000,19.9
512741,512941,512945,200,4,2,36000,20.4
512747,512947,512950,200,3,2,36000,20.3
512752,512952,512955,200,3,2,36000,20.3
512758,512957,512960,199,3,2,36000,20.2
512763,512962,512965,199,3,2,36000,20.2
512769,512967,512970,198,3,2,36000,20.1
512774,512972,512975,198,3,2,36000,20.1
512780,512977,512981,197,4,2,36000,20.1
512785,512982,512986,197,4,2,36000,20.1
512791,512987,512991,196,4,2,36000,20.0
512796,512992,512996,196,4,2,36000,20.0
512802,512998,513000,196,2,2,36000,19.8
512807,513003,513006,196,3,2,36000,19.9
512813,513008,513011,195,3,2,36000,19.8
512818,513013,513016,195,3,2,36000,19.8
512824,513018,513022,194,4,2,36000,19.8
512829,513023,513027,194,4,2,36000,19.8
512835,513028,513032,193,4,2,36000,19.7
512840,513033,513037,193,4,2,36000,19.7
512846,513044,513046,198,2,2,36000,20.0
512846,513038,513042,192,4,2,36000,19.6
512852,513049,513052,197,3,2,36000,20.0
512857,513054,513058,197,4,2,36000,20.1
512863,513061,513065,198,4,2,36000,20.2
512868,513066,513070,198,4,2,36000,20.2
512874,513071,513075,197,4,2,36000,20.1
512879,513076,513080,197,4,2,36000,20.1
512885,513081,513085,196,4,2,36000,20.0
512890,513087,513090,197,3,2,36000,20.0
512895,513092,513095,197,3,2,36000,20.0
512901,513097,513100,196,3,2,36000,19.9
512906,513102,513105,196,3,2,36000,19.9
512912,513107,513110,195,3,2,36000,19.8
512917,513112,513116,195,4,2,36000,19.9
512918,513117,513121,199,4,2,36000,20.3
512923,513122,513126,199,4,2,36000,20.3
512928,513127,513130,199,3,2,36000,20.2
512934,513132,513142,198,10,2,36000,20.8
512944,513138,513142,194,4,2,36000,19.8
512950,513143,513146,193,3,2,36000,19.6
512955,513148,513151,193,3,2,36000,19.6
512956,513153,513156,197,3,2,36000,20.0
512961,513158,513161,197,3,2,36000,20.0
512966,513163,513167,197,4,2,36000,20.1
512972,513168,513172,196,4,2,36000,20.0
512977,513173,513177,196,4,2,36000,20.0
512983,513178,513182,195,4,2,36000,19.9
512988,513184,513187,196,3,2,36000,19.9
512994,513191,513195,197,4,2,36000,20.1
512999,513196,513200,197,4,2,36000,20.1
513005,513201,513205,196,4,2,36000,20.0
513010,513206,513210,196,4,2,36000,20.0
513016,513212,513215,196,3,2,36000,19.9
513021,513217,513220,196,3,2,36000,19.9
513027,513227,513230,200,3,2,36000,20.3
513027,513222,513225,195,3,2,36000,19.8
513033,513232,513236,199,4,2,36000,20.3
513038,513237,513241,199,4,2,36000,20.3
513044,513242,513246,198,4,2,36000,20.2
513049,513247,513251,198,4,2,36000,20.2
513055,513252,513256,197,4,2,36000,20.1
513060,513258,513261,198,3,2,36000,20.1
513066,513263,513266,197,3,2,36000,20.0
513071,513268,513271,197,3,2,36000,20.0
513077,513273,513276,196,3,2,36000,19.9
513082,513278,513281,196,3,2,36000,19.9
513088,513283,513287,195,4,2,36000,19.9
513093,513288,513292,195,4,2,36000,19.9
513099,513293,513297,194,4,2,36000,19.8
513104,513299,513302,195,3,2,36000,19.8
513110,513304,513307,194,3,2,36000,19.7
513115,513309,513312,194,3,2,36000,19.7
513121,513321,513325,200,4,2,36000,20.4
513121,513314,513317,193,3,2,36000,19.6
513127,513326,513330,199,4,2,36000,20.3
513132,513331,513335,199,4,2,36000,20.3
513137,513336,513340,199,4,2,36000,20.3
513148,513342,513345,194,3,2,36000,19.7
513149,513347,513350,198,3,2,36000,20.1
513154,513352,513355,198,3,2,36000,20.1
513160,513357,513360,197,3,2,36000,20.0
513165,513362,513366,197,4,2,36000,20.1
513171,513367,513371,196,4,2,36000,20.0
513176,513372,513376,196,4,2,36000,20.0
513181,513377,513381,196,4,2,36000,20.0
513187,513382,513386,195,4,2,36000,19.9
513192,513388,513391,196,3,2,36000,19.9
513193,513393,513396,200,3,2,36000,20.3
513204,513398,513401,194,3,2,36000,19.7
513209,513403,513406,194,3,2,36000,19.7
513215,513408,513411,193,3,2,36000,19.6
513220,513413,513417,193,4,2,36000,19.7
513226,513423,513427,197,4,2,36000,20.1
513226,513418,513422,192,4,2,36000,19.6
513231,513428,513432,197,4,2,36000,20.1
513237,513433,513437,196,4,2,36000,20.0
513242,513439,513442,197,3,2,36000,20.0
513248,513444,513447,196,3,2,36000,19.9
513253,513451,513455,198,4,2,36000,20.2
513259,513456,513460,197,4,2,36000,20.1
513264,513461,513465,197,4,2,36000,20.1
513270,513466,513470,196,4,2,36000,20.0
513275,513472,513475,197,3,2,36000,20.0
513281,513477,513480,196,3,2,36000,19.9
513286,513482,513485,196,3,2,36000,19.9
513292,513487,513490,195,3,2,36000,19.8
513292,513492,513495,200,3,2,36000,20.3
513297,513497,513501,200,4,2,36000,20.4
513303,513502,513506,199,4,2,36000,20.3
513308,513507,513511,199,4,2,36000,20.3
513314,513512,513516,198,4,2,36000,20.2
513319,513518,513521,199,3,2,36000,20.2
513325,513523,513526,198,3,2,36000,20.1
513330,513528,513531,198,3,2,36000,20.1
513336,513533,513536,197,3,2,36000,20.0
513341,513538,513541,197,3,2,36000,20.0
513346,513543,513546,197,3,2,36000,20.0
513352,513548,513552,196,4,2,36000,20.0
513358,513553,513557,195,4,2,36000,19.9
513363,513558,513562,195,4,2,36000,19.9
513369,513563,513567,194,4,2,36000,19.8
513374,513569,513572,195,3,2,36000,19.8
513380,513574,513577,194,3,2,36000,19.7
513385,513581,513585,196,4,2,36000,20.0
513390,513586,513590,196,4,2,36000,20.0
513396,513591,513594,195,3,2,36000,19.8
513401,513597,513600,196,3,2,36000,19.9
513402,513602,513605,200,3,2,36000,20.3
513407,513607,513610,200,3,2,36000,20.3
513413,513612,513615,199,3,2,36000,20.2
513418,513617,513620,199,3,2,36000,20.2
513424,513622,513626,198,4,2,36000,20.2
513429,513627,513631,198,4,2,36000,20.2
513435,513632,513636,197,4,2,36000,20.1
513440,513637,513641,197,4,2,36000,20.1
513446,513642,513646,196,4,2,36000,20.0
513451,513648,513651,197,3,2,36000,20.0
513457,513653,513655,196,2,2,36000,19.8
513462,513658,513661,196,3,2,36000,19.9
513468,513663,513666,195,3,2,36000,19.8
513473,513668,513670,195,2,2,36000,19.7
513479,513673,513677,194,4,2,36000,19.8
513484,513678,513682,194,4,2,36000,19.8
513490,513683,513687,193,4,2,36000,19.7
513495,513688,513692,193,4,2,36000,19.7
513501,513699,513702,198,3,2,36000,20.1
513501,513694,513697,193,3,2,36000,19.6
513507,513704,513707,197,3,2,36000,20.0
513512,513711,513715,199,4,2,36000,20.3
513518,513716,513720,198,4,2,36000,20.2
513523,513721,513725,198,4,2,36000,20.2
513529,513727,513730,198,3,2,36000,20.1
513534,513732,513735,198,3,2,36000,20.1
513540,513737,513740,197,3,2,36000,20.0
513545,513742,513745,197,3,2,36000,20.0
513551,513747,513750,196,3,2,36000,19.9
513556,513752,513756,196,4,2,36000,20.0
513561,513757,513760,196,3,2,36000,19.9
513567,513762,513766,195,4,2,36000,19.9
513567,513767,513771,200,4,2,36000,20.4
513573,513772,513776,199,4,2,36000,20.3
513578,513778,513781,200,3,2,36000,20.3
513584,513783,513786,199,3,2,36000,20.2
513595,513788,513791,193,3,2,36000,19.6
513600,513798,513801,198,3,2,36000,20.1
513600,513793,513796,193,3,2,36000,19.6
513606,513803,513807,197,4,2,36000,20.1
513611,513808,513811,197,3,2,36000,20.0
513617,513813,513817,196,4,2,36000,20.0
513622,513818,513821,196,3,2,36000,19.9
513627,513824,513827,197,3,2,36000,20.0
513633,513829,513832,196,3,2,36000,19.9
513638,513834,513837,196,3,2,36000,19.9
513644,513841,513845,197,4,2,36000,20.1
513649,513846,513850,197,4,2,36000,20.1
513655,513851,513855,196,4,2,36000,20.0
513660,513857,513860,197,3,2,36000,20.0
513661,513862,513865,201,3,2,36000,20.4
513672,513867,513870,195,3,2,36000,19.8
513672,513872,513875,200,3,2,36000,20.3
513678,513877,513880,199,3,2,36000,20.2
513683,513882,513886,199,4,2,36000,20.3
513689,513887,513891,198,4,2,36000,20.2
513694,513892,513896,198,4,2,36000,20.2
513699,513897,513901,198,4,2,36000,20.2
513705,513902,513906,197,4,2,36000,20.1
513711,513908,513911,197,3,2,36000,20.0
513716,513913,513916,197,3,2,36000,20.0
513721,513918,513921,197,3,2,36000,20.0
513727,513923,513926,196,3,2,36000,19.9
513733,513928,513932,195,4,2,36000,19.9
513738,513933,513937,195,4,2,36000,19.9
513744,513938,513942,194,4,2,36000,19.8
513749,513943,513947,194,4,2,36000,19.8
513754,513949,513952,195,3,2,36000,19.8
513760,513954,513957,194,3,2,36000,19.7
513765,513964,513967,199,3,2,36000,20.2
513765,513959,513962,194,3,2,36000,19.7
513776,513971,513974,195,3,2,36000,19.8
513776,513976,513980,200,4,2,36000,20.4
513782,513981,513985,199,4,2,36000,20.3
513787,513986,513990,199,4,2,36000,20.3
513793,513992,513995,199,3,2,36000,20.2
513798,513997,514000,199,3,2,36000,20.2
513804,514002,514005,198,3,2,36000,20.1
513809,514007,514010,198,3,2,36000,20.1
513815,514012,514015,197,3,2,36000,20.0
513820,514017,514021,197,4,2,36000,20.1
513826,514022,514026,196,4,2,36000,20.0
513831,514027,514031,196,4,2,36000,20.0
513837,514032,514036,195,4,2,36000,19.9
513842,514037,514046,195,9,2,36000,20.4
513847,514043,514046,196,3,2,36000,19.9
513853,514048,514051,195,3,2,36000,19.8
513875,514053,514056,178,3,2,36000,18.1
513875,514058,514061,183,3,2,36000,18.6
513875,514063,514067,188,4,2,36000,19.2
513876,514073,514077,197,4,2,36000,20.1
513876,514068,514072,192,4,2,36000,19.6
513882,514078,514082,196,4,2,36000,20.0
513887,514083,514086,196,3,2,36000,19.9
513892,514088,514092,196,4,2,36000,20.0
513898,514094,514097,196,3,2,36000,19.9
513903,514101,514105,198,4,2,36000,20.2
513909,514106,514110,197,4,2,36000,20.1
513914,514111,514115,197,4,2,36000,20.1
513920,514117,514120,197,3,2,36000,20.0
513925,514122,514125,197,3,2,36000,20.0
513931,514127,514130,196,3,2,36000,19.9
513936,514132,514135,196,3,2,36000,19.9
513942,514137,514140,195,3,2,36000,19.8
513947,514142,514146,195,4,2,36000,19.9
513947,514147,514151,200,4,2,36000,20.4
513953,514152,514156,199,4,2,36000,20.3
513958,514157,514161,199,4,2,36000,20.3
513964,514162,514166,198,4,2,36000,20.2
513969,514168,514171,199,3,2,36000,20.2
513975,514173,514176,198,3,2,36000,20.1
513980,514178,514181,198,3,2,36000,20.1
513985,514183,514186,198,3,2,36000,20.1
513991,514188,514192,197,4,2,36000,20.1
513996,514193,514197,197,4,2,36000,20.1
514002,514198,514202,196,4,2,36000,20.0
514007,514203,514207,196,4,2,36000,20.0
514013,514209,514212,196,3,2,36000,19.9
514018,514214,514217,196,3,2,36000,19.9
514024,514219,514222,195,3,2,36000,19.8
514029,514224,514227,195,3,2,36000,19.8
514035,514231,514235,196,4,2,36000,20.0
514040,514236,514240,196,4,2,36000,20.0
514046,514241,514245,195,4,2,36000,19.9
514051,514247,514250,196,3,2,36000,19.9
514052,514252,514255,200,3,2,36000,20.3
514057,514257,514260,200,3,2,36000,20.3
514063,514262,514264,199,2,2,36000,20.1
514068,514267,514271,199,4,2,36000,20.3
514074,514272,514276,198,4,2,36000,20.2
514079,514277,514280,198,3,2,36000,20.1
514085,514282,514286,197,4,2,36000,20.1
514090,514288,514291,198,3,2,36000,20.1
514096,514293,514296,197,3,2,36000,20.0
514101,514298,514301,197,3,2,36000,20.0
514107,514303,514306,196,3,2,36000,19.9
514112,514308,514312,196,4,2,36000,20.0
514118,514313,514317,195,4,2,36000,19.9
514123,514318,514322,195,4,2,36000,19.9
514129,514323,514327,194,4,2,36000,19.8
514134,514328,514332,194,4,2,36000,19.8
514140,514334,514337,194,3,2,36000,19.7
514145,514339,514342,194,3,2,36000,19.7
514151,514344,514347,193,3,2,36000,19.6
514151,514349,514352,198,3,2,36000,20.1
514157,514354,514358,197,4,2,36000,20.1
514162,514361,514365,199,4,2,36000,20.3
514167,514367,514370,200,3,2,36000,20.3
514173,514372,514375,199,3,2,36000,20.2
514178,514377,514380,199,3,2,36000,20.2
514185,514382,514386,197,4,2,36000,20.1
514191,514387,514391,196,4,2,36000,20.0
514196,514392,514396,196,4,2,36000,20.0
514202,514397,514401,195,4,2,36000,19.9
514207,514402,514406,195,4,2,36000,19.9
514207,514408,514411,201,3,2,36000,20.4
514213,514413,514416,200,3,2,36000,20.3
514219,514418,514421,199,3,2,36000,20.2
514224,514423,514426,199,3,2,36000,20.2
514230,514428,514431,198,3,2,36000,20.1
514236,514433,514437,197,4,2,36000,20.1
514241,514438,514442,197,4,2,36000,20.1
514247,514443,514447,196,4,2,36000,20.0
514252,514448,514452,196,4,2,36000,20.0
514258,514453,514457,195,4,2,36000,19.9
514264,514459,514462,195,3,2,36000,19.8
514269,514464,514467,195,3,2,36000,19.8
514275,514469,514472,194,3,2,36000,19.7
514287,514484,514488,197,4,2,36000,20.1
514287,514474,514477,187,3,2,36000,19.0
514287,514479,514482,192,3,2,36000,19.5
514293,514491,514495,198,4,2,36000,20.2
514298,514496,514500,198,4,2,36000,20.2
514303,514501,514505,198,4,2,36000,20.2
514309,514506,514510,197,4,2,36000,20.1
514314,514512,514515,198,3,2,36000,20.1
514320,514517,514520,197,3,2,36000,20.0
514326,514522,514525,196,3,2,36000,19.9
514331,514527,514530,196,3,2,36000,19.9
514336,514532,514535,196,3,2,36000,19.9
514342,514537,514541,195,4,2,36000,19.9
514347,514542,514546,195,4,2,36000,19.9
514348,514547,514551,199,4,2,36000,20.3
514353,514552,514556,199,4,2,36000,20.3
514359,514557,514561,198,4,2,36000,20.2
514364,514563,514566,199,3,2,36000,20.2
514375,514568,514571,193,3,2,36000,19.6
514380,514573,514576,193,3,2,36000,19.6
514386,514583,514586,197,3,2,36000,20.0
514386,514578,514581,192,3,2,36000,19.5
514392,514588,514592,196,4,2,36000,20.0
514397,514593,514597,196,4,2,36000,20.0
514403,514598,514602,195,4,2,36000,19.9
514408,514603,514607,195,4,2,36000,19.9
514414,514609,514612,195,3,2,36000,19.8
514419,514614,514617,195,3,2,36000,19.8
514425,514621,514625,196,4,2,36000,20.0
514430,514626,514630,196,4,2,36000,20.0
514436,514632,514635,196,3,2,36000,19.9
514441,514637,514640,196,3,2,36000,19.9
514447,514642,514645,195,3,2,36000,19.8
514452,514647,514650,195,3,2,36000,19.8
514452,514652,514655,200,3,2,36000,20.3
514458,514657,514661,199,4,2,36000,20.3
514463,514662,514666,199,4,2,36000,20.3
514469,514667,514671,198,4,2,36000,20.2
514474,514672,514676,198,4,2,36000,20.2
514480,514677,514681,197,4,2,36000,20.1
514485,514683,514686,198,3,2,36000,20.1
514491,514688,514691,197,3,2,36000,20.0
514496,514693,514696,197,3,2,36000,20.0
514502,514698,514701,196,3,2,36000,19.9
514507,514703,514707,196,4,2,36000,20.0
514513,514708,514712,195,4,2,36000,19.9
514518,514713,514717,195,4,2,36000,19.9
514524,514718,514722,194,4,2,36000,19.8
514529,514723,514727,194,4,2,36000,19.8
514535,514729,514732,194,3,2,36000,19.7
514540,514734,514737,194,3,2,36000,19.7
514546,514744,514748,198,4,2,36000,20.2
514546,514739,514742,193,3,2,36000,19.6
514552,514754,514757,202,3,2,36000,20.5
514557,514759,514762,202,3,2,36000,20.5
514563,514764,514767,201,3,2,36000,20.4
514568,514769,514772,201,3,2,36000,20.4
514574,514774,514777,200,3,2,36000,20.3
514580,514779,514783,199,4,2,36000,20.3
514585,514784,514788,199,4,2,36000,20.3
514591,514789,514793,198,4,2,36000,20.2
514596,514795,514798,199,3,2,36000,20.2
514602,514800,514803,198,3,2,36000,20.1
514607,514805,514808,198,3,2,36000,20.1
514607,514810,514813,203,3,2,36000,20.6
514613,514815,514819,202,4,2,36000,20.6
514618,514820,514824,202,4,2,36000,20.6
514624,514825,514829,201,4,2,36000,20.5
514634,514831,514834,197,3,2,36000,20.0
514640,514836,514839,196,3,2,36000,19.9
514645,514841,514844,196,3,2,36000,19.9
514646,514846,514848,200,2,2,36000,20.2
514651,514851,514854,200,3,2,36000,20.3
514657,514856,514860,199,4,2,36000,20.3
514662,514861,514865,199,4,2,36000,20.3
514667,514866,514870,199,4,2,36000,20.3
514673,514871,514875,198,4,2,36000,20.2
514679,514876,514880,197,4,2,36000,20.1
514684,514889,514893,205,4,2,36000,20.9
514689,514894,514898,205,4,2,36000,20.9
514695,514899,514903,204,4,2,36000,20.8
514700,514905,514908,205,3,2,36000,20.8
514706,514910,514913,204,3,2,36000,20.7
514706,514882,514951,176,69,4,300,3.55072463768
514711,514915,514918,204,3,2,36000,20.7
514717,514920,514923,203,3,2,36000,20.6
514717,514925,514928,208,3,2,36000,21.1
514723,514930,514934,207,4,2,36000,21.1
514728,514935,514944,207,9,2,36000,21.6
514734,514940,514944,206,4,2,36000,21.0
514739,514945,514949,206,4,2,36000,21.0
514745,514951,514954,206,3,2,36000,20.9
514750,514956,514959,206,3,2,36000,20.9
514756,514961,514964,205,3,2,36000,20.8
514766,514966,514969,200,3,2,36000,20.3
514772,514971,514975,199,4,2,36000,20.3
514777,514976,514980,199,4,2,36000,20.3
514778,514981,514985,203,4,2,36000,20.7
514783,514986,514990,203,4,2,36000,20.7
514789,514991,514995,202,4,2,36000,20.6
514794,514996,515000,202,4,2,36000,20.6
514800,515002,515005,202,3,2,36000,20.5
514805,515007,515010,202,3,2,36000,20.5
514811,515012,515015,201,3,2,36000,20.4
514816,515019,515023,203,4,2,36000,20.7
514822,515024,515027,202,3,2,36000,20.5
514827,515029,515033,202,4,2,36000,20.6
514833,515034,515038,201,4,2,36000,20.5
514838,515040,515043,202,3,2,36000,20.5
514844,515045,515048,201,3,2,36000,20.4
514849,515050,515053,201,3,2,36000,20.4
514849,515055,515058,206,3,2,36000,20.9
514855,515060,515063,205,3,2,36000,20.8
514860,515065,515068,205,3,2,36000,20.8
514866,515070,515074,204,4,2,36000,20.8
514871,515075,515079,204,4,2,36000,20.8
514877,515080,515084,203,4,2,36000,20.7
514882,515086,515089,204,3,2,36000,20.7
514883,515147,515148,264,1,2,300,26.5
514888,515091,515094,203,3,2,36000,20.6
514899,515096,515099,197,3,2,36000,20.0
514904,515101,515104,197,3,2,36000,20.0
514910,515106,515109,196,3,2,36000,19.9
514915,515111,515114,196,3,2,36000,19.9
514920,515116,515120,196,4,2,36000,20.0
514926,515121,515125,195,4,2,36000,19.9
514931,515126,515130,195,4,2,36000,19.9
514937,515132,515135,195,3,2,36000,19.8
514943,515137,515140,194,3,2,36000,19.7
514953,515142,515145,189,3,2,36000,19.2
514953,515154,515158,201,4,2,36000,20.5
514959,515159,515163,200,4,2,36000,20.4
514964,515164,515168,200,4,2,36000,20.4
514965,515169,515173,204,4,2,36000,20.8
514970,515175,515178,205,3,2,36000,20.8
514976,515180,515183,204,3,2,36000,20.7
514981,515185,515188,204,3,2,36000,20.7
514987,515190,515193,203,3,2,36000,20.6
514992,515195,515198,203,3,2,36000,20.6
514998,515200,515204,202,4,2,36000,20.6
515003,515205,515209,202,4,2,36000,20.6
515009,515210,515214,201,4,2,36000,20.5
515014,515215,515218,201,3,2,36000,20.4
515020,515221,515224,201,3,2,36000,20.4
515025,515226,515229,201,3,2,36000,20.4
515031,515231,515234,200,3,2,36000,20.3
515036,515236,515239,200,3,2,36000,20.3
515042,515241,515245,199,4,2,36000,20.3
515047,515246,515250,199,4,2,36000,20.3
515053,515251,515255,198,4,2,36000,20.2
515058,515256,515260,198,4,2,36000,20.2
515064,515261,515265,197,4,2,36000,20.1
515064,515267,515270,203,3,2,36000,20.6
515070,515272,515275,202,3,2,36000,20.5
515075,515277,515280,202,3,2,36000,20.5
515081,515284,515288,203,4,2,36000,20.7
515086,515289,515293,203,4,2,36000,20.7
515092,515294,515298,202,4,2,36000,20.6
515097,515299,515303,202,4,2,36000,20.6
515103,515305,515308,202,3,2,36000,20.5
515108,515310,515313,202,3,2,36000,20.5
515113,515315,515318,202,3,2,36000,20.5
515119,515320,515323,201,3,2,36000,20.4
515124,515325,515327,201,2,2,36000,20.3
515130,515335,515339,205,4,2,36000,20.9
515130,515330,515334,200,4,2,36000,20.4
515136,515340,515344,204,4,2,36000,20.8
515141,515345,515349,204,4,2,36000,20.8
515146,515350,515354,204,4,2,36000,20.8
515152,515356,515359,204,3,2,36000,20.7
515168,515361,515364,193,3,2,36000,19.6
515168,515366,515369,198,3,2,36000,20.1
515174,515371,515374,197,3,2,36000,20.0
515179,515376,515379,197,3,2,36000,20.0
515185,515381,515384,196,3,2,36000,19.9
515190,515386,515390,196,4,2,36000,20.0
515196,515391,515395,195,4,2,36000,19.9
515201,515397,515400,196,3,2,36000,19.9
515207,515402,515405,195,3,2,36000,19.8
515212,515407,515410,195,3,2,36000,19.8
515218,515414,515418,196,4,2,36000,20.0
515223,515419,515423,196,4,2,36000,20.0
515223,515424,515428,201,4,2,36000,20.5
515234,515429,515433,195,4,2,36000,19.9
515240,515440,515443,200,3,2,36000,20.3
515240,515435,515438,195,3,2,36000,19.8
515246,515445,515447,199,2,2,36000,20.1
515251,515450,515454,199,4,2,36000,20.3
515256,515455,515459,199,4,2,36000,20.3
515262,515460,515464,198,4,2,36000,20.2
515267,515465,515469,198,4,2,36000,20.2
515273,515470,515474,197,4,2,36000,20.1
515278,515476,515479,198,3,2,36000,20.1
515284,515481,515484,197,3,2,36000,20.0
515289,515486,515489,197,3,2,36000,20.0
515295,515491,515494,196,3,2,36000,19.9
515300,515496,515499,196,3,2,36000,19.9
515306,515501,515504,195,3,2,36000,19.8
515311,515506,515510,195,4,2,36000,19.9
515317,515511,515515,194,4,2,36000,19.8
515323,515516,515520,193,4,2,36000,19.7
515328,515522,515525,194,3,2,36000,19.7
515333,515527,515530,194,3,2,36000,19.7
515334,515532,515535,198,3,2,36000,20.1
515339,515537,515541,198,4,2,36000,20.2
515344,515544,515548,200,4,2,36000,20.4
515350,515549,515553,199,4,2,36000,20.3
515355,515554,515557,199,3,2,36000,20.2
515361,515559,515563,198,4,2,36000,20.2
515366,515564,515568,198,4,2,36000,20.2
515372,515570,515573,198,3,2,36000,20.1
515377,515575,515578,198,3,2,36000,20.1
515383,515580,515583,197,3,2,36000,20.0
515388,515585,515588,197,3,2,36000,20.0
515394,515590,515594,196,4,2,36000,20.0
515399,515595,515599,196,4,2,36000,20.0
515405,515600,515604,195,4,2,36000,19.9
515410,515605,515609,195,4,2,36000,19.9
515416,515611,515614,195,3,2,36000,19.8
515416,515616,515619,200,3,2,36000,20.3
515427,515621,515624,194,3,2,36000,19.7
515432,515626,515628,194,2,2,36000,19.6
515438,515631,515634,193,3,2,36000,19.6
515443,515636,515640,193,4,2,36000,19.7
515443,515641,515644,198,3,2,36000,20.1
515449,515646,515650,197,4,2,36000,20.1
515454,515651,515655,197,4,2,36000,20.1
515460,515656,515660,196,4,2,36000,20.0
515465,515662,515665,197,3,2,36000,20.0
515471,515667,515670,196,3,2,36000,19.9
515476,515674,515678,198,4,2,36000,20.2
515482,515679,515683,197,4,2,36000,20.1
515487,515684,515688,197,4,2,36000,20.1
515493,515690,515693,197,3,2,36000,20.0
515498,515695,515698,197,3,2,36000,20.0
515504,515700,515703,196,3,2,36000,19.9
515509,515705,515708,196,3,2,36000,19.9
515515,515710,515714,195,4,2,36000,19.9
515515,515715,515719,200,4,2,36000,20.4
515521,515720,515724,199,4,2,36000,20.3
515526,515725,515729,199,4,2,36000,20.3
515532,515730,515734,198,4,2,36000,20.2
515537,515736,515739,199,3,2,36000,20.2
515543,515741,515744,198,3,2,36000,20.1
515548,515746,515749,198,3,2,36000,20.1
515554,515751,515754,197,3,2,36000,20.0
515559,515756,515760,197,4,2,36000,20.1
515564,515761,515765,197,4,2,36000,20.1
515570,515766,515770,196,4,2,36000,20.0
515576,515772,515775,196,3,2,36000,19.9
515581,515777,515780,196,3,2,36000,19.9
515587,515782,515785,195,3,2,36000,19.8
515592,515787,515790,195,3,2,36000,19.8
515598,515792,515796,194,4,2,36000,19.8
515603,515797,515801,194,4,2,36000,19.8
515608,515804,515808,196,4,2,36000,20.0
515614,515809,515813,195,4,2,36000,19.9
515615,515814,515818,199,4,2,36000,20.3
515620,515819,515823,199,4,2,36000,20.3
515626,515825,515828,199,3,2,36000,20.2
515631,515830,515838,199,8,2,36000,20.7
515636,515835,515840,199,5,2,36000,20.4
515642,515840,515843,198,3,2,36000,20.1
515647,515845,515849,198,4,2,36000,20.2
515653,515850,515854,197,4,2,36000,20.1
515658,515855,515859,197,4,2,36000,20.1
515664,515860,515864,196,4,2,36000,20.0
515670,515865,515869,195,4,2,36000,19.9
515675,515871,515874,196,3,2,36000,19.9
515680,515876,515879,196,3,2,36000,19.9
515686,515881,515884,195,3,2,36000,19.8
515692,515886,515889,194,3,2,36000,19.7
515698,515891,515895,193,4,2,36000,19.7
515703,515896,515900,193,4,2,36000,19.7
515709,515901,515905,192,4,2,36000,19.6
515709,515906,515910,197,4,2,36000,20.1
515714,515911,515915,197,4,2,36000,20.1
515720,515917,515920,197,3,2,36000,20.0
515725,515922,515924,197,2,2,36000,19.9
515731,515927,515930,196,3,2,36000,19.9
515737,515934,515937,197,3,2,36000,20.0
515742,515939,515942,197,3,2,36000,20.0
515748,515944,515947,196,3,2,36000,19.9
515753,515949,515953,196,4,2,36000,20.0
515759,515954,515958,195,4,2,36000,19.9
515765,515959,515963,194,4,2,36000,19.8
515770,515970,515973,200,3,2,36000,20.3
515770,515965,515968,195,3,2,36000,19.8
515776,515975,515978,199,3,2,36000,20.2
515781,515980,515983,199,3,2,36000,20.2
515787,515985,515989,198,4,2,36000,20.2
515792,515990,515994,198,4,2,36000,20.2
515798,515995,515999,197,4,2,36000,20.1
515804,516000,516004,196,4,2,36000,20.0
515809,516005,516009,196,4,2,36000,20.0
515815,516010,516014,195,4,2,36000,19.9
515820,516016,516019,196,3,2,36000,19.9
515826,516021,516024,195,3,2,36000,19.8
515832,516026,516029,194,3,2,36000,19.7
515837,516031,516034,194,3,2,36000,19.7
515848,516041,516045,193,4,2,36000,19.7
515848,516036,516039,188,3,2,36000,19.1
515854,516046,516050,192,4,2,36000,19.6
515854,516051,516055,197,4,2,36000,20.1
515860,516056,516060,196,4,2,36000,20.0
515865,516064,516068,199,4,2,36000,20.3
515871,516069,516073,198,4,2,36000,20.2
515877,516074,516078,197,4,2,36000,20.1
515882,516079,516083,197,4,2,36000,20.1
515888,516085,516088,197,3,2,36000,20.0
515894,516090,516093,196,3,2,36000,19.9
515899,516095,516098,196,3,2,36000,19.9
515905,516100,516103,195,3,2,36000,19.8
515910,516105,516108,195,3,2,36000,19.8
515910,516110,516114,200,4,2,36000,20.4
515916,516115,516119,199,4,2,36000,20.3
515922,516120,516124,198,4,2,36000,20.2
515927,516125,516129,198,4,2,36000,20.2
515932,516130,516134,198,4,2,36000,20.2
515938,516136,516139,198,3,2,36000,20.1
515943,516141,516144,198,3,2,36000,20.1
515949,516146,516149,197,3,2,36000,20.0
515955,516151,516154,196,3,2,36000,19.9
515960,516156,516160,196,4,2,36000,20.0
515966,516161,516165,195,4,2,36000,19.9
515972,516166,516170,194,4,2,36000,19.8
515977,516171,516175,194,4,2,36000,19.8
515983,516176,516180,193,4,2,36000,19.7
515988,516182,516185,194,3,2,36000,19.7
515994,516187,516190,193,3,2,36000,19.6
515994,516194,516198,200,4,2,36000,20.4
516000,516199,516203,199,4,2,36000,20.3
516005,516204,516208,199,4,2,36000,20.3
516011,516210,516213,199,3,2,36000,20.2
516016,516215,516218,199,3,2,36000,20.2
516022,516220,516223,198,3,2,36000,20.1
516028,516225,516228,197,3,2,36000,20.0
516033,516230,516232,197,2,2,36000,19.9
516039,516235,516238,196,3,2,36000,19.9
516045,516240,516244,195,4,2,36000,19.9
516045,516245,516249,200,4,2,36000,20.4
516051,516250,516254,199,4,2,36000,20.3
516056,516255,516259,199,4,2,36000,20.3
516062,516261,516264,199,3,2,36000,20.2
516067,516266,516269,199,3,2,36000,20.2
516078,516271,516274,193,3,2,36000,19.6
516079,516276,516279,197,3,2,36000,20.0
516084,516281,516285,197,4,2,36000,20.1
516090,516286,516290,196,4,2,36000,20.0
516096,516291,516295,195,4,2,36000,19.9
516101,516296,516300,195,4,2,36000,19.9
516107,516302,516305,195,3,2,36000,19.8
516113,516307,516310,194,3,2,36000,19.7
516118,516312,516315,194,3,2,36000,19.7
516124,516317,516320,193,3,2,36000,19.6
516129,516329,516333,200,4,2,36000,20.4
516129,516324,516328,195,4,2,36000,19.9
516135,516334,516338,199,4,2,36000,20.3
516141,516339,516343,198,4,2,36000,20.2
516146,516345,516348,199,3,2,36000,20.2
516152,516350,516353,198,3,2,36000,20.1
516158,516355,516358,197,3,2,36000,20.0
516163,516360,516363,197,3,2,36000,20.0
516169,516365,516369,196,4,2,36000,20.0
516174,516370,516374,196,4,2,36000,20.0
516180,516375,516379,195,4,2,36000,19.9
516185,516380,516384,195,4,2,36000,19.9
516186,516385,516389,199,4,2,36000,20.3
516191,516391,516394,200,3,2,36000,20.3
516197,516396,516399,199,3,2,36000,20.2
516208,516401,516404,193,3,2,36000,19.6
516213,516406,516409,193,3,2,36000,19.6
516214,516411,516414,197,3,2,36000,20.0
516219,516416,516419,197,3,2,36000,20.0
516225,516421,516425,196,4,2,36000,20.0
516230,516426,516430,196,4,2,36000,20.0
516236,516431,516435,195,4,2,36000,19.9
516242,516436,516440,194,4,2,36000,19.8
516247,516442,516445,195,3,2,36000,19.8
516253,516447,516450,194,3,2,36000,19.7
516258,516459,516463,201,4,2,36000,20.5
516264,516464,516468,200,4,2,36000,20.4
516269,516469,516473,200,4,2,36000,20.4
516270,516475,516478,205,3,2,36000,20.8
516275,516480,516483,205,3,2,36000,20.8
516281,516485,516488,204,3,2,36000,20.7
516286,516490,516493,204,3,2,36000,20.7
516292,516495,516499,203,4,2,36000,20.7
516297,516452,518132,155,1680,64,36000,1.09226190476
516298,516500,516503,202,3,2,36000,20.5
516303,516505,516509,202,4,2,36000,20.6
516309,516510,516514,201,4,2,36000,20.5
516315,516515,516519,200,4,2,36000,20.4
516320,516520,516524,200,4,2,36000,20.4
516326,516526,516529,200,3,2,36000,20.3
516326,516531,516534,205,3,2,36000,20.8
516337,516536,516539,199,3,2,36000,20.2
516342,516541,516544,199,3,2,36000,20.2
516348,516546,516549,198,3,2,36000,20.1
516349,516551,516555,202,4,2,36000,20.6
516354,516556,516560,202,4,2,36000,20.6
516360,516561,516565,201,4,2,36000,20.5
516365,516566,516570,201,4,2,36000,20.5
516371,516571,516575,200,4,2,36000,20.4
516377,516577,516580,200,3,2,36000,20.3
516382,516582,516585,200,3,2,36000,20.3
516388,516591,516595,203,4,2,36000,20.7
516393,516596,516600,203,4,2,36000,20.7
516399,516601,516605,202,4,2,36000,20.6
516404,516606,516610,202,4,2,36000,20.6
516405,516612,516615,207,3,2,36000,21.0
516410,516617,516620,207,3,2,36000,21.0
516416,516622,516625,206,3,2,36000,20.9
516421,516627,516630,206,3,2,36000,20.9
516427,516632,516635,205,3,2,36000,20.8
516432,516637,516641,205,4,2,36000,20.9
516438,516642,516646,204,4,2,36000,20.8
516444,516647,516651,203,4,2,36000,20.7
516449,516652,516656,203,4,2,36000,20.7
516455,516658,516661,203,3,2,36000,20.6
516460,516663,516666,203,3,2,36000,20.6
516471,516668,516670,197,2,2,36000,19.9
516477,516673,516676,196,3,2,36000,19.9
516482,516678,516681,196,3,2,36000,19.9
516488,516683,516686,195,3,2,36000,19.8
516494,516693,516697,199,4,2,36000,20.3
516494,516688,516692,194,4,2,36000,19.8
516499,516698,516702,199,4,2,36000,20.3
516505,516703,516706,198,3,2,36000,20.1
516510,516709,516712,199,3,2,36000,20.2
516516,516714,516717,198,3,2,36000,20.1
516522,516721,516725,199,4,2,36000,20.3
516528,516726,516730,198,4,2,36000,20.2
516533,516731,516739,198,8,2,36000,20.6
516539,516736,516740,197,4,2,36000,20.1
516544,516742,516745,198,3,2,36000,20.1
516550,516747,516750,197,3,2,36000,20.0
516550,516752,516755,202,3,2,36000,20.5
516556,516757,516760,201,3,2,36000,20.4
516561,516762,516765,201,3,2,36000,20.4
516567,516767,516771,200,4,2,36000,20.4
516572,516772,516776,200,4,2,36000,20.4
516578,516777,516781,199,4,2,36000,20.3
516584,516782,516786,198,4,2,36000,20.2
516589,516787,516791,198,4,2,36000,20.2
516595,516793,516796,198,3,2,36000,20.1
516600,516798,516801,198,3,2,36000,20.1
516606,516803,516806,197,3,2,36000,20.0
516611,516808,516811,197,3,2,36000,20.0
516617,516813,516816,196,3,2,36000,19.9
516622,516818,516821,196,3,2,36000,19.9
516628,516823,516827,195,4,2,36000,19.9
516634,516828,516832,194,4,2,36000,19.8
516640,516833,516837,193,4,2,36000,19.7
516645,516838,516841,193,3,2,36000,19.6
516651,516844,516847,193,3,2,36000,19.6
516656,516851,516855,195,4,2,36000,19.9
516656,516856,516860,200,4,2,36000,20.4
516662,516861,516864,199,3,2,36000,20.2
516667,516866,516870,199,4,2,36000,20.3
516673,516872,516875,199,3,2,36000,20.2
516679,516877,516880,198,3,2,36000,20.1
516684,516882,516885,198,3,2,36000,20.1
516690,516887,516890,197,3,2,36000,20.0
516696,516892,516896,196,4,2,36000,20.0
516701,516897,516900,196,3,2,36000,19.9
516707,516902,516906,195,4,2,36000,19.9
516712,516907,516911,195,4,2,36000,19.9
516713,516913,516916,200,3,2,36000,20.3
516718,516918,516921,200,3,2,36000,20.3
516724,516923,516926,199,3,2,36000,20.2
516734,516928,516930,194,2,2,36000,19.6
516740,516933,516936,193,3,2,36000,19.6
516745,516938,516942,193,4,2,36000,19.7
516746,516943,516947,197,4,2,36000,20.1
516751,516948,516952,197,4,2,36000,20.1
516757,516953,516957,196,4,2,36000,20.0
516762,516958,516962,196,4,2,36000,20.0
516768,516964,516967,196,3,2,36000,19.9
516774,516969,516972,195,3,2,36000,19.8
516779,516974,516977,195,3,2,36000,19.8
516785,516981,516985,196,4,2,36000,20.0
516790,516986,516990,196,4,2,36000,20.0
516796,516991,516995,195,4,2,36000,19.9
516801,516996,517000,195,4,2,36000,19.9
516802,517002,517005,200,3,2,36000,20.3
516807,517007,517010,200,3,2,36000,20.3
516813,517012,517015,199,3,2,36000,20.2
516818,517017,517020,199,3,2,36000,20.2
516824,517022,517025,198,3,2,36000,20.1
516830,517027,517031,197,4,2,36000,20.1
516835,517032,517036,197,4,2,36000,20.1
516841,517037,517041,196,4,2,36000,20.0
516846,517042,517046,196,4,2,36000,20.0
516847,517048,517051,201,3,2,36000,20.4
516858,517053,517056,195,3,2,36000,19.8
516863,517058,517061,195,3,2,36000,19.8
516869,517063,517066,194,3,2,36000,19.7
516869,517068,517071,199,3,2,36000,20.2
516875,517073,517076,198,3,2,36000,20.1
516881,517078,517082,197,4,2,36000,20.1
516886,517083,517087,197,4,2,36000,20.1
516892,517088,517092,196,4,2,36000,20.0
516897,517093,517097,196,4,2,36000,20.0
516903,517099,517102,196,3,2,36000,19.9
516909,517104,517107,195,3,2,36000,19.8
516914,517111,517114,197,3,2,36000,20.0
516920,517116,517120,196,4,2,36000,20.0
516926,517121,517125,195,4,2,36000,19.9
516931,517126,517130,195,4,2,36000,19.9
516937,517131,517135,194,4,2,36000,19.8
516937,517136,517140,199,4,2,36000,20.3
516942,517141,517145,199,4,2,36000,20.3
516948,517147,517150,199,3,2,36000,20.2
516953,517152,517155,199,3,2,36000,20.2
516959,517157,517160,198,3,2,36000,20.1
516965,517162,517165,197,3,2,36000,20.0
516971,517167,517171,196,4,2,36000,20.0
516976,517172,517176,196,4,2,36000,20.0
516982,517177,517181,195,4,2,36000,19.9
516988,517182,517186,194,4,2,36000,19.8
516993,517187,517191,194,4,2,36000,19.8
516998,517192,517196,194,4,2,36000,19.8
517004,517198,517201,194,3,2,36000,19.7
517009,517203,517206,194,3,2,36000,19.7
517015,517208,517211,193,3,2,36000,19.6
517020,517213,517217,193,4,2,36000,19.7
517026,517223,517227,197,4,2,36000,20.1
517026,517218,517221,192,3,2,36000,19.5
517032,517228,517232,196,4,2,36000,20.0
517037,517233,517237,196,4,2,36000,20.0
517043,517240,517244,197,4,2,36000,20.1
517048,517245,517249,197,4,2,36000,20.1
517054,517250,517254,196,4,2,36000,20.0
517060,517255,517259,195,4,2,36000,19.9
517065,517261,517264,196,3,2,36000,19.9
517071,517266,517269,195,3,2,36000,19.8
517076,517271,517274,195,3,2,36000,19.8
517082,517276,517279,194,3,2,36000,19.7
517082,517281,517284,199,3,2,36000,20.2
517088,517286,517290,198,4,2,36000,20.2
517093,517291,517295,198,4,2,36000,20.2
517099,517296,517300,197,4,2,36000,20.1
517104,517301,517305,197,4,2,36000,20.1
517110,517307,517310,197,3,2,36000,20.0
517116,517312,517314,196,2,2,36000,19.8
517121,517317,517320,196,3,2,36000,19.9
517127,517322,517325,195,3,2,36000,19.8
517132,517327,517330,195,3,2,36000,19.8
517138,517332,517336,194,4,2,36000,19.8
517144,517337,517341,193,4,2,36000,19.7
517149,517342,517346,193,4,2,36000,19.7
517155,517347,517351,192,4,2,36000,19.6
517160,517352,517356,192,4,2,36000,19.6
517166,517358,517361,192,3,2,36000,19.5
517166,517363,517366,197,3,2,36000,20.0
517171,517369,517373,198,4,2,36000,20.2
517177,517375,517378,198,3,2,36000,20.1
517182,517380,517383,198,3,2,36000,20.1
517188,517385,517388,197,3,2,36000,20.0
517194,517390,517393,196,3,2,36000,19.9
517200,517395,517398,195,3,2,36000,19.8
517205,517400,517403,195,3,2,36000,19.8
517210,517405,517409,195,4,2,36000,19.9
517216,517410,517414,194,4,2,36000,19.8
517222,517415,517419,193,4,2,36000,19.7
517222,517421,517424,199,3,2,36000,20.2
517228,517426,517429,198,3,2,36000,20.1
517234,517431,517434,197,3,2,36000,20.0
517239,517436,517439,197,3,2,36000,20.0
517245,517441,517444,196,3,2,36000,19.9
517250,517446,517450,196,4,2,36000,20.0
517256,517451,517455,195,4,2,36000,19.9
517261,517456,517460,195,4,2,36000,19.9
517267,517461,517465,194,4,2,36000,19.8
517273,517466,517470,193,4,2,36000,19.7
517278,517472,517474,194,2,2,36000,19.6
517284,517477,517480,193,3,2,36000,19.6
517289,517482,517485,193,3,2,36000,19.6
517295,517487,517491,192,4,2,36000,19.6
517295,517492,517496,197,4,2,36000,20.1
517301,517499,517503,198,4,2,36000,20.2
517306,517504,517508,198,4,2,36000,20.2
517312,517509,517513,197,4,2,36000,20.1
517318,517515,517518,197,3,2,36000,20.0
517323,517520,517523,197,3,2,36000,20.0
517329,517525,517528,196,3,2,36000,19.9
517335,517530,517533,195,3,2,36000,19.8
517340,517535,517538,195,3,2,36000,19.8
517346,517540,517544,194,4,2,36000,19.8
517351,517545,517549,194,4,2,36000,19.8
517352,517550,517554,198,4,2,36000,20.2
517357,517555,517559,198,4,2,36000,20.2
517363,517561,517564,198,3,2,36000,20.1
517368,517566,517569,198,3,2,36000,20.1
517374,517571,517574,197,3,2,36000,20.0
517379,517576,517579,197,3,2,36000,20.0
517385,517581,517584,196,3,2,36000,19.9
517390,517586,517590,196,4,2,36000,20.0
517396,517591,517595,195,4,2,36000,19.9
517402,517596,517600,194,4,2,36000,19.8
517408,517601,517605,193,4,2,36000,19.7
517413,517606,517610,193,4,2,36000,19.7
517419,517612,517615,193,3,2,36000,19.6
517424,517617,517620,193,3,2,36000,19.6
517425,517622,517625,197,3,2,36000,20.0
517430,517629,517633,199,4,2,36000,20.3
517436,517634,517641,198,7,2,36000,20.5
517441,517639,517643,198,4,2,36000,20.2
517447,517644,517648,197,4,2,36000,20.1
517453,517650,517653,197,3,2,36000,20.0
517458,517655,517657,197,2,2,36000,19.9
517464,517660,517663,196,3,2,36000,19.9
517469,517665,517668,196,3,2,36000,19.9
517475,517670,517673,195,3,2,36000,19.8
517480,517675,517679,195,4,2,36000,19.9
517480,517680,517684,200,4,2,36000,20.4
517486,517685,517689,199,4,2,36000,20.3
517491,517690,517694,199,4,2,36000,20.3
517497,517695,517699,198,4,2,36000,20.2
517503,517701,517704,198,3,2,36000,20.1
517508,517706,517709,198,3,2,36000,20.1
517514,517711,517714,197,3,2,36000,20.0
517520,517716,517719,196,3,2,36000,19.9
517525,517721,517724,196,3,2,36000,19.9
517531,517726,517730,195,4,2,36000,19.9
517537,517731,517735,194,4,2,36000,19.8
517542,517736,517740,194,4,2,36000,19.8
517548,517742,517745,194,3,2,36000,19.7
517553,517747,517750,194,3,2,36000,19.7
517559,517759,517763,200,4,2,36000,20.4
517559,517752,517755,193,3,2,36000,19.6
517565,517764,517768,199,4,2,36000,20.3
517571,517769,517773,198,4,2,36000,20.2
517576,517774,517778,198,4,2,36000,20.2
517582,517780,517783,198,3,2,36000,20.1
517589,517785,517788,196,3,2,36000,19.9
517595,517790,517793,195,3,2,36000,19.8
517595,517795,517799,200,4,2,36000,20.4
517601,517800,517804,199,4,2,36000,20.3
517606,517805,517809,199,4,2,36000,20.3
517612,517810,517814,198,4,2,36000,20.2
517618,517815,517819,197,4,2,36000,20.1
517623,517820,517824,197,4,2,36000,20.1
517629,517826,517829,197,3,2,36000,20.0
517635,517831,517834,196,3,2,36000,19.9
517640,517836,517839,196,3,2,36000,19.9
517651,517841,517844,190,3,2,36000,19.3
517652,517846,517849,194,3,2,36000,19.7
517657,517851,517855,194,4,2,36000,19.8
517663,517856,517860,193,4,2,36000,19.7
517663,517861,517865,198,4,2,36000,20.2
517669,517866,517870,197,4,2,36000,20.1
517674,517872,517875,198,3,2,36000,20.1
517680,517877,517880,197,3,2,36000,20.0
517685,517882,517885,197,3,2,36000,20.0
517691,517889,517893,198,4,2,36000,20.2
517697,517894,517898,197,4,2,36000,20.1
517702,517899,517903,197,4,2,36000,20.1
517708,517904,517908,196,4,2,36000,20.0
517713,517910,517913,197,3,2,36000,20.0
517719,517915,517918,196,3,2,36000,19.9
517725,517925,517928,200,3,2,36000,20.3
517725,517920,517923,195,3,2,36000,19.8
517731,517930,517933,199,3,2,36000,20.2
517737,517935,517939,198,4,2,36000,20.2
517742,517940,517944,198,4,2,36000,20.2
517748,517945,517949,197,4,2,36000,20.1
517754,517950,517954,196,4,2,36000,20.0
517759,517956,517958,197,2,2,36000,19.9
517765,517961,517964,196,3,2,36000,19.9
517771,517966,517969,195,3,2,36000,19.8
517777,517971,517974,194,3,2,36000,19.7
517782,517976,517979,194,3,2,36000,19.7
517788,517981,517985,193,4,2,36000,19.7
517793,517986,517990,193,4,2,36000,19.7
517794,517991,517995,197,4,2,36000,20.1
517799,517996,518000,197,4,2,36000,20.1
517805,518001,518005,196,4,2,36000,20.0
517810,518007,518010,197,3,2,36000,20.0
517816,518012,518015,196,3,2,36000,19.9
517822,518019,518023,197,4,2,36000,20.1
517828,518024,518028,196,4,2,36000,20.0
517833,518029,518033,196,4,2,36000,20.0
517839,518035,518038,196,3,2,36000,19.9
517844,518040,518043,196,3,2,36000,19.9
517845,518045,518048,200,3,2,36000,20.3
517850,518050,518053,200,3,2,36000,20.3
517856,518055,518058,199,3,2,36000,20.2
517862,518060,518063,198,3,2,36000,20.1
517867,518065,518069,198,4,2,36000,20.2
517873,518070,518074,197,4,2,36000,20.1
517879,518075,518079,196,4,2,36000,20.0
517884,518080,518084,196,4,2,36000,20.0
517890,518086,518089,196,3,2,36000,19.9
517896,518091,518094,195,3,2,36000,19.8
517901,518096,518099,195,3,2,36000,19.8
517907,518101,518104,194,3,2,36000,19.7
517913,518106,518108,193,2,2,36000,19.5
517918,518111,518114,193,3,2,36000,19.6
517919,518116,518119,197,3,2,36000,20.0
517924,518121,518125,197,4,2,36000,20.1
517930,518126,518130,196,4,2,36000,20.0
517936,518131,518135,195,4,2,36000,19.9
517941,518137,518140,196,3,2,36000,19.9
517947,518142,518145,195,3,2,36000,19.8
517952,518149,518153,197,4,2,36000,20.1
517958,518154,518158,196,4,2,36000,20.0
517963,518159,518163,196,4,2,36000,20.0
517964,518164,518168,200,4,2,36000,20.4
517975,518170,518173,195,3,2,36000,19.8
517975,518175,518178,200,3,2,36000,20.3
517981,518180,518183,199,3,2,36000,20.2
517986,518185,518189,199,4,2,36000,20.3
517992,518190,518194,198,4,2,36000,20.2
517997,518195,518199,198,4,2,36000,20.2
518003,518200,518204,197,4,2,36000,20.1
518009,518206,518208,197,2,2,36000,19.9
518014,518211,518214,197,3,2,36000,20.0
518020,518216,518219,196,3,2,36000,19.9
518026,518221,518224,195,3,2,36000,19.8
518032,518226,518229,194,3,2,36000,19.7
518037,518231,518234,194,3,2,36000,19.7
518043,518236,518240,193,4,2,36000,19.7
518048,518241,518245,193,4,2,36000,19.7
518049,518246,518250,197,4,2,36000,20.1
518054,518252,518255,198,3,2,36000,20.1
518060,518257,518260,197,3,2,36000,20.0
518065,518262,518265,197,3,2,36000,20.0
518071,518267,518270,196,3,2,36000,19.9
518077,518272,518276,195,4,2,36000,19.9
518082,518279,518283,197,4,2,36000,20.1
518088,518284,518288,196,4,2,36000,20.0
518093,518289,518293,196,4,2,36000,20.0
518099,518294,518298,195,4,2,36000,19.9
518100,518299,518303,199,4,2,36000,20.3
518105,518305,518308,200,3,2,36000,20.3
518111,518310,518313,199,3,2,36000,20.2
518116,518315,518318,199,3,2,36000,20.2
518122,518320,518323,198,3,2,36000,20.1
518128,518325,518329,197,4,2,36000,20.1
518133,518330,518334,197,4,2,36000,20.1
518139,518335,518339,196,4,2,36000,20.0
518145,518340,518344,195,4,2,36000,19.9
518150,518345,518349,195,4,2,36000,19.9
518155,518350,518354,195,4,2,36000,19.9
518161,518356,518359,195,3,2,36000,19.8
518167,518361,518364,194,3,2,36000,19.7
518172,518366,518369,194,3,2,36000,19.7
518178,518371,518374,193,3,2,36000,19.6
518183,518376,518379,193,3,2,36000,19.6
518189,518381,518385,192,4,2,36000,19.6
518189,518386,518390,197,4,2,36000,20.1
518195,518391,518395,196,4,2,36000,20.0
518200,518396,518399,196,3,2,36000,19.9
518206,518401,518405,195,4,2,36000,19.9
518212,518414,518418,202,4,2,36000,20.6
518217,518419,518423,202,4,2,36000,20.6
518223,518424,518428,201,4,2,36000,20.5
518224,518407,520164,183,1757,64,36000,1.10415480933
518229,518429,518432,200,3,2,36000,20.3
518234,518435,518438,201,3,2,36000,20.4
518240,518440,518443,200,3,2,36000,20.3
518240,518445,518448,205,3,2,36000,20.8
518246,518450,518453,204,3,2,36000,20.7
518251,518455,518458,204,3,2,36000,20.7
518257,518460,518464,203,4,2,36000,20.7
518262,518465,518469,203,4,2,36000,20.7
518268,518470,518474,202,4,2,36000,20.6
518274,518475,518479,201,4,2,36000,20.5
518280,518480,518484,200,4,2,36000,20.4
518286,518486,518489,200,3,2,36000,20.3
518292,518491,518494,199,3,2,36000,20.2
518297,518496,518499,199,3,2,36000,20.2
518303,518501,518504,198,3,2,36000,20.1
518308,518506,518510,198,4,2,36000,20.2
518309,518511,518515,202,4,2,36000,20.6
518314,518516,518520,202,4,2,36000,20.6
518320,518521,518525,201,4,2,36000,20.5
518325,518526,518529,201,3,2,36000,20.4
518331,518532,518535,201,3,2,36000,20.4
518336,518537,518545,201,8,2,36000,20.9
518342,518544,518548,202,4,2,36000,20.6
518348,518549,518553,201,4,2,36000,20.5
518354,518554,518558,200,4,2,36000,20.4
518359,518560,518563,201,3,2,36000,20.4
518360,518565,518568,205,3,2,36000,20.8
518365,518570,518573,205,3,2,36000,20.8
518371,518575,518578,204,3,2,36000,20.7
518377,518580,518583,203,3,2,36000,20.6
518383,518585,518589,202,4,2,36000,20.6
518388,518590,518594,202,4,2,36000,20.6
518394,518595,518599,201,4,2,36000,20.5
518399,518600,518604,201,4,2,36000,20.5
518405,518611,518614,206,3,2,36000,20.9
518405,518605,518609,200,4,2,36000,20.4
518411,518616,518619,205,3,2,36000,20.8
518427,518621,518624,194,3,2,36000,19.7
518432,518626,518629,194,3,2,36000,19.7
518438,518631,518635,193,4,2,36000,19.7
518438,518636,518640,198,4,2,36000,20.2
518444,518641,518645,197,4,2,36000,20.1
518449,518646,518650,197,4,2,36000,20.1
518455,518651,518655,196,4,2,36000,20.0
518460,518657,518660,197,3,2,36000,20.0
518466,518662,518665,196,3,2,36000,19.9
518472,518667,518670,195,3,2,36000,19.8
518477,518674,518678,197,4,2,36000,20.1
518483,518679,518683,196,4,2,36000,20.0
518489,518684,518688,195,4,2,36000,19.9
518494,518690,518693,196,3,2,36000,19.9
518495,518695,518698,200,3,2,36000,20.3
518500,518700,518704,200,4,2,36000,20.4
518506,518705,518709,199,4,2,36000,20.3
518511,518710,518714,199,4,2,36000,20.3
518517,518715,518719,198,4,2,36000,20.2
518523,518720,518724,197,4,2,36000,20.1
518529,518726,518729,197,3,2,36000,20.0
518534,518731,518734,197,3,2,36000,20.0
518535,518736,518738,201,2,2,36000,20.3
518545,518741,518744,196,3,2,36000,19.9
518551,518746,518749,195,3,2,36000,19.8
518557,518751,518755,194,4,2,36000,19.8
518562,518756,518760,194,4,2,36000,19.8
518568,518761,518765,193,4,2,36000,19.7
518573,518766,518770,193,4,2,36000,19.7
518574,518771,518775,197,4,2,36000,20.1
518579,518777,518780,198,3,2,36000,20.1
518585,518782,518785,197,3,2,36000,20.0
518591,518787,518790,196,3,2,36000,19.9
518596,518792,518795,196,3,2,36000,19.9
518602,518797,518801,195,4,2,36000,19.9
518607,518804,518808,197,4,2,36000,20.1
518613,518809,518813,196,4,2,36000,20.0
518619,518814,518818,195,4,2,36000,19.9
518624,518819,518823,195,4,2,36000,19.9
518630,518825,518828,195,3,2,36000,19.8
518630,518830,518833,200,3,2,36000,20.3
518636,518835,518838,199,3,2,36000,20.2
518641,518840,518843,199,3,2,36000,20.2
518647,518845,518848,198,3,2,36000,20.1
518653,518850,518854,197,4,2,36000,20.1
518659,518855,518859,196,4,2,36000,20.0
518664,518860,518864,196,4,2,36000,20.0
518670,518865,518869,195,4,2,36000,19.9
518675,518871,518874,196,3,2,36000,19.9
518681,518876,518879,195,3,2,36000,19.8
518686,518881,518884,195,3,2,36000,19.8
518692,518886,518889,194,3,2,36000,19.7
518698,518891,518894,193,3,2,36000,19.6
518703,518896,518900,193,4,2,36000,19.7
518709,518901,518905,192,4,2,36000,19.6
518709,518906,518910,197,4,2,36000,20.1
518715,518911,518915,196,4,2,36000,20.0
518720,518916,518920,196,4,2,36000,20.0
518726,518922,518925,196,3,2,36000,19.9
518732,518927,518930,195,3,2,36000,19.8
518737,518937,518940,200,3,2,36000,20.3
518743,518942,518945,199,3,2,36000,20.2
518749,518947,518950,198,3,2,36000,20.1
518754,518952,518955,198,3,2,36000,20.1
518760,518957,518960,197,3,2,36000,20.0
518760,518962,518966,202,4,2,36000,20.6
518766,518967,518971,201,4,2,36000,20.5
518772,518972,518976,200,4,2,36000,20.4
518777,518977,518981,200,4,2,36000,20.4
518783,518983,518986,200,3,2,36000,20.3
518789,518988,518991,199,3,2,36000,20.2
518794,518993,518996,199,3,2,36000,20.2
518800,518998,519000,198,2,2,36000,20.0
518806,519008,519012,202,4,2,36000,20.6
518806,519003,519006,197,3,2,36000,20.0
518817,519013,519017,196,4,2,36000,20.0
518823,519018,519022,195,4,2,36000,19.9
518828,519023,519027,195,4,2,36000,19.9
518829,519028,519032,199,4,2,36000,20.3
518834,519034,519036,200,2,2,36000,20.2
518840,519039,519042,199,3,2,36000,20.2
518845,519044,519047,199,3,2,36000,20.2
518851,519049,519052,198,3,2,36000,20.1
518857,519054,519058,197,4,2,36000,20.1
518863,519059,519063,196,4,2,36000,20.0
518868,519066,519070,198,4,2,36000,20.2
518874,519071,519075,197,4,2,36000,20.1
518880,519082,519085,202,3,2,36000,20.5
518880,519076,519080,196,4,2,36000,20.0
518886,519087,519090,201,3,2,36000,20.4
518892,519092,519095,200,3,2,36000,20.3
518898,519097,519100,199,3,2,36000,20.2
518903,519102,519105,199,3,2,36000,20.2
518909,519107,519111,198,4,2,36000,20.2
518914,519112,519115,198,3,2,36000,20.1
518920,519117,519121,197,4,2,36000,20.1
518920,519122,519126,202,4,2,36000,20.6
518926,519127,519131,201,4,2,36000,20.5
518932,519133,519136,201,3,2,36000,20.4
518937,519138,519141,201,3,2,36000,20.4
518948,519143,519146,195,3,2,36000,19.8
518954,519148,519151,194,3,2,36000,19.7
518960,519153,519156,193,3,2,36000,19.6
518965,519158,519162,193,4,2,36000,19.7
518971,519168,519172,197,4,2,36000,20.1
518971,519163,519167,192,4,2,36000,19.6
518977,519173,519177,196,4,2,36000,20.0
518983,519178,519182,195,4,2,36000,19.9
518988,519184,519186,196,2,2,36000,19.8
518994,519189,519192,195,3,2,36000,19.8
519000,519196,519199,196,3,2,36000,19.9
519006,519201,519204,195,3,2,36000,19.8
519006,519206,519210,200,4,2,36000,20.4
519012,519211,519215,199,4,2,36000,20.3
519017,519216,519220,199,4,2,36000,20.3
519024,519221,519225,197,4,2,36000,20.1
519030,519226,519230,196,4,2,36000,20.0
519036,519232,519235,196,3,2,36000,19.9
519042,519237,519240,195,3,2,36000,19.8
519042,519242,519245,200,3,2,36000,20.3
519047,519247,519250,200,3,2,36000,20.3
519053,519252,519255,199,3,2,36000,20.2
519059,519257,519261,198,4,2,36000,20.2
519064,519262,519266,198,4,2,36000,20.2
519070,519267,519271,197,4,2,36000,20.1
519075,519272,519276,197,4,2,36000,20.1
519081,519277,519281,196,4,2,36000,20.0
519087,519283,519286,196,3,2,36000,19.9
519092,519288,519291,196,3,2,36000,19.9
519098,519293,519296,195,3,2,36000,19.8
519104,519298,519301,194,3,2,36000,19.7
519109,519303,519305,194,2,2,36000,19.6
519115,519308,519312,193,4,2,36000,19.7
519121,519313,519317,192,4,2,36000,19.6
519121,519318,519322,197,4,2,36000,20.1
519127,519326,519329,199,3,2,36000,20.2
519132,519331,519335,199,4,2,36000,20.3
519138,519336,519340,198,4,2,36000,20.2
519143,519341,519345,198,4,2,36000,20.2
519149,519346,519350,197,4,2,36000,20.1
519155,519352,519355,197,3,2,36000,20.0
519161,519357,519360,196,3,2,36000,19.9
519166,519362,519365,196,3,2,36000,19.9
519172,519372,519375,200,3,2,36000,20.3
519172,519367,519370,195,3,2,36000,19.8
519178,519377,519381,199,4,2,36000,20.3
519184,519382,519386,198,4,2,36000,20.2
519189,519387,519391,198,4,2,36000,20.2
519195,519392,519396,197,4,2,36000,20.1
519200,519398,519401,198,3,2,36000,20.1
519206,519403,519406,197,3,2,36000,20.0
519211,519408,519411,197,3,2,36000,20.0
519217,519413,519416,196,3,2,36000,19.9
519223,519418,519421,195,3,2,36000,19.8
519229,519423,519426,194,3,2,36000,19.7
519234,519428,519432,194,4,2,36000,19.8
519240,519433,519441,193,8,2,36000,20.1
519246,519443,519447,197,4,2,36000,20.1
519246,519438,519445,192,7,2,36000,19.9
519252,519449,519452,197,3,2,36000,20.0
519257,519456,519460,199,4,2,36000,20.3
519263,519461,519465,198,4,2,36000,20.2
519269,519466,519470,197,4,2,36000,20.1
519274,519471,519475,197,4,2,36000,20.1
519280,519476,519480,196,4,2,36000,20.0
519285,519482,519485,197,3,2,36000,20.0
519291,519487,519490,196,3,2,36000,19.9
519297,519492,519495,195,3,2,36000,19.8
519297,519497,519500,200,3,2,36000,20.3
519302,519502,519506,200,4,2,36000,20.4
519308,519507,519511,199,4,2,36000,20.3
519314,519512,519516,198,4,2,36000,20.2
519319,519517,519521,198,4,2,36000,20.2
519325,519522,519526,197,4,2,36000,20.1
519331,519528,519531,197,3,2,36000,20.0
519336,519533,519536,197,3,2,36000,20.0
519342,519538,519541,196,3,2,36000,19.9
519348,519543,519546,195,3,2,36000,19.8
519354,519548,519551,194,3,2,36000,19.7
519359,519553,519557,194,4,2,36000,19.8
519365,519558,519562,193,4,2,36000,19.7
519371,519563,519567,192,4,2,36000,19.6
519371,519568,519572,197,4,2,36000,20.1
519377,519574,519577,197,3,2,36000,20.0
519382,519579,519582,197,3,2,36000,20.0
519388,519586,519590,198,4,2,36000,20.2
519393,519591,519595,198,4,2,36000,20.2
519399,519596,519600,197,4,2,36000,20.1
519405,519602,519605,197,3,2,36000,20.0
519411,519607,519610,196,3,2,36000,19.9
519416,519612,519615,196,3,2,36000,19.9
519422,519617,519620,195,3,2,36000,19.8
519422,519622,519625,200,3,2,36000,20.3
519428,519627,519631,199,4,2,36000,20.3
519433,519632,519636,199,4,2,36000,20.3
519439,519637,519641,198,4,2,36000,20.2
519450,519642,519646,192,4,2,36000,19.6
519456,519653,519656,197,3,2,36000,20.0
519456,519648,519651,192,3,2,36000,19.5
519462,519658,519661,196,3,2,36000,19.9
519467,519663,519667,196,4,2,36000,20.0
519473,519668,519672,195,4,2,36000,19.9
519479,519673,519677,194,4,2,36000,19.8
519484,519678,519682,194,4,2,36000,19.8
519490,519683,519687,193,4,2,36000,19.7
519495,519689,519692,194,3,2,36000,19.7
519496,519694,519697,198,3,2,36000,20.1
519502,519699,519702,197,3,2,36000,20.0
519507,519704,519707,197,3,2,36000,20.0
519513,519709,519713,196,4,2,36000,20.0
519519,519716,519719,197,3,2,36000,20.0
519525,519721,519725,196,4,2,36000,20.0
519530,519726,519730,196,4,2,36000,20.0
519536,519732,519735,196,3,2,36000,19.9
519541,519737,519740,196,3,2,36000,19.9
519542,519742,519745,200,3,2,36000,20.3
519547,519747,519751,200,4,2,36000,20.4
519553,519752,519756,199,4,2,36000,20.3
519558,519757,519760,199,3,2,36000,20.2
519564,519762,519766,198,4,2,36000,20.2
519570,519767,519771,197,4,2,36000,20.1
519576,519773,519776,197,3,2,36000,20.0
519581,519778,519781,197,3,2,36000,20.0
519587,519783,519786,196,3,2,36000,19.9
519592,519788,519791,196,3,2,36000,19.9
519598,519793,519796,195,3,2,36000,19.8
519604,519798,519801,194,3,2,36000,19.7
519609,519803,519807,194,4,2,36000,19.8
519615,519808,519812,193,4,2,36000,19.7
519621,519813,519817,192,4,2,36000,19.6
519621,519818,519822,197,4,2,36000,20.1
519627,519824,519827,197,3,2,36000,20.0
519632,519829,519832,197,3,2,36000,20.0
519638,519834,519837,196,3,2,36000,19.9
519644,519839,519842,195,3,2,36000,19.8
519649,519846,519850,197,4,2,36000,20.1
519655,519851,519854,196,3,2,36000,19.9
519661,519856,519859,195,3,2,36000,19.8
519666,519862,519865,196,3,2,36000,19.9
519672,519867,519870,195,3,2,36000,19.8
519672,519872,519875,200,3,2,36000,20.3
519678,519877,519880,199,3,2,36000,20.2
519683,519882,519885,199,3,2,36000,20.2
519689,519887,519891,198,4,2,36000,20.2
519695,519892,519896,197,4,2,36000,20.1
519700,519897,519900,197,3,2,36000,20.0
519706,519902,519906,196,4,2,36000,20.0
519712,519907,519911,195,4,2,36000,19.9
519717,519913,519916,196,3,2,36000,19.9
519718,519918,519921,200,3,2,36000,20.3
519759,519923,519926,164,3,2,36000,16.7
519760,519933,519937,173,4,2,36000,17.7
519760,519928,519931,168,3,2,36000,17.1
519760,519938,519942,178,4,2,36000,18.2
519761,519943,519947,182,4,2,36000,18.6
519761,519948,519952,187,4,2,36000,19.1
519761,519953,519957,192,4,2,36000,19.6
519762,519959,519962,197,3,2,36000,20.0
519767,519964,519967,197,3,2,36000,20.0
519773,519969,519972,196,3,2,36000,19.9
519779,519976,519980,197,4,2,36000,20.1
519785,519981,519985,196,4,2,36000,20.0
519790,519986,519990,196,4,2,36000,20.0
519796,519991,519995,195,4,2,36000,19.9
519802,519997,520000,195,3,2,36000,19.8
519802,520002,520005,200,3,2,36000,20.3
519808,520007,520010,199,3,2,36000,20.2
519813,520012,520015,199,3,2,36000,20.2
519819,520017,520020,198,3,2,36000,20.1
519825,520022,520026,197,4,2,36000,20.1
519830,520027,520031,197,4,2,36000,20.1
519836,520032,520036,196,4,2,36000,20.0
519841,520037,520041,196,4,2,36000,20.0
519847,520042,520046,195,4,2,36000,19.9
519853,520048,520051,195,3,2,36000,19.8
519859,520053,520056,194,3,2,36000,19.7
519864,520058,520061,194,3,2,36000,19.7
519865,520063,520066,198,3,2,36000,20.1
519870,520068,520071,198,3,2,36000,20.1
519876,520073,520077,197,4,2,36000,20.1
519882,520078,520082,196,4,2,36000,20.0
519887,520083,520087,196,4,2,36000,20.0
519893,520088,520092,195,4,2,36000,19.9
519899,520094,520097,195,3,2,36000,19.8
519905,520099,520102,194,3,2,36000,19.7
519905,520106,520110,201,4,2,36000,20.5
519912,520111,520115,199,4,2,36000,20.3
519917,520116,520120,199,4,2,36000,20.3
519923,520122,520125,199,3,2,36000,20.2
519929,520127,520130,198,3,2,36000,20.1
519935,520132,520135,197,3,2,36000,20.0
519942,520137,520141,195,4,2,36000,19.9
519950,520147,520151,197,4,2,36000,20.1
519950,520142,520146,192,4,2,36000,19.6
519956,520152,520156,196,4,2,36000,20.0
519962,520157,520161,195,4,2,36000,19.9
519967,520163,520166,196,3,2,36000,19.9
519968,520168,520170,200,2,2,36000,20.2
519973,520173,520176,200,3,2,36000,20.3
519979,520178,520181,199,3,2,36000,20.2
519990,520183,520187,193,4,2,36000,19.7
519995,520188,520192,193,4,2,36000,19.7
519996,520193,520197,197,4,2,36000,20.1
520001,520198,520202,197,4,2,36000,20.1
520007,520203,520207,196,4,2,36000,20.0
520012,520209,520213,197,4,2,36000,20.1
520018,520214,520217,196,3,2,36000,19.9
520024,520219,520222,195,3,2,36000,19.8
520029,520224,520227,195,3,2,36000,19.8
520035,520229,520233,194,4,2,36000,19.8
520041,520236,520240,195,4,2,36000,19.9
520046,520241,520245,195,4,2,36000,19.9
520047,520246,520250,199,4,2,36000,20.3
520052,520251,520254,199,3,2,36000,20.2
520058,520257,520260,199,3,2,36000,20.2
520063,520262,520265,199,3,2,36000,20.2
520069,520267,520270,198,3,2,36000,20.1
520075,520272,520274,197,2,2,36000,19.9
520081,520277,520280,196,3,2,36000,19.9
520086,520282,520286,196,4,2,36000,20.0
520092,520292,520296,200,4,2,36000,20.4
520092,520287,520291,195,4,2,36000,19.9
520098,520297,520301,199,4,2,36000,20.3
520104,520302,520306,198,4,2,36000,20.2
520109,520308,520311,199,3,2,36000,20.2
520120,520313,520316,193,3,2,36000,19.6
520121,520318,520321,197,3,2,36000,20.0
520126,520323,520326,197,3,2,36000,20.0
520132,520328,520332,196,4,2,36000,20.0
520138,520333,520340,195,7,2,36000,20.2
520144,520338,520343,194,5,2,36000,19.9
520150,520343,520347,193,4,2,36000,19.7
520156,520349,520352,193,3,2,36000,19.6
520161,520354,520357,193,3,2,36000,19.6
520162,520359,520362,197,3,2,36000,20.0
520167,520366,520369,199,3,2,36000,20.2
520173,520371,520375,198,4,2,36000,20.2
520178,520376,520380,198,4,2,36000,20.2
520184,520381,520385,197,4,2,36000,20.1
520190,520386,520390,196,4,2,36000,20.0
520196,520391,520395,195,4,2,36000,19.9
520201,520397,520400,196,3,2,36000,19.9
520207,520402,520405,195,3,2,36000,19.8
520215,520407,520410,192,3,2,36000,19.5
520215,520412,520415,197,3,2,36000,20.0
520221,520417,520420,196,3,2,36000,19.9
520227,520422,520426,195,4,2,36000,19.9
520232,520427,520431,195,4,2,36000,19.9
520238,520432,520436,194,4,2,36000,19.8
520238,520437,520441,199,4,2,36000,20.3
520249,520442,520446,193,4,2,36000,19.7
520255,520448,520451,193,3,2,36000,19.6
520260,520453,520456,193,3,2,36000,19.6
520261,520458,520461,197,3,2,36000,20.0
520266,520463,520466,197,3,2,36000,20.0
520272,520468,520471,196,3,2,36000,19.9
520278,520473,520477,195,4,2,36000,19.9
520284,520478,520482,194,4,2,36000,19.8
520290,520483,520487,193,4,2,36000,19.7
520296,520488,520492,192,4,2,36000,19.6
520296,520495,520499,199,4,2,36000,20.3
520302,520500,520504,198,4,2,36000,20.2
520307,520505,520509,198,4,2,36000,20.2
520313,520511,520514,198,3,2,36000,20.1
520319,520516,520519,197,3,2,36000,20.0
520325,520521,520524,196,3,2,36000,19.9
520330,520526,520529,196,3,2,36000,19.9
520336,520531,520534,195,3,2,36000,19.8
520341,520536,520539,195,3,2,36000,19.8
520347,520541,520545,194,4,2,36000,19.8
520353,520551,520555,198,4,2,36000,20.2
520353,520546,520550,193,4,2,36000,19.7
520359,520556,520560,197,4,2,36000,20.1
520365,520562,520565,197,3,2,36000,20.0
520371,520567,520570,196,3,2,36000,19.9
520376,520572,520575,196,3,2,36000,19.9
520382,520577,520581,195,4,2,36000,19.9
520388,520582,520585,194,3,2,36000,19.7
520394,520587,520591,193,4,2,36000,19.7
520399,520592,520596,193,4,2,36000,19.7
520405,520597,520601,192,4,2,36000,19.6
520410,520602,520606,192,4,2,36000,19.6
520411,520607,520611,196,4,2,36000,20.0
520416,520613,520616,197,3,2,36000,20.0
520422,520618,520621,196,3,2,36000,19.9
520429,520625,520629,196,4,2,36000,20.0
520435,520630,520634,195,4,2,36000,19.9
520441,520635,520639,194,4,2,36000,19.8
520441,520641,520644,200,3,2,36000,20.3
520447,520646,520650,199,4,2,36000,20.3
520453,520651,520655,198,4,2,36000,20.2
520458,520656,520660,198,4,2,36000,20.2
520464,520661,520665,197,4,2,36000,20.1
520470,520666,520670,196,4,2,36000,20.0
520476,520671,520675,195,4,2,36000,19.9
520481,520677,520680,196,3,2,36000,19.9
520487,520682,520685,195,3,2,36000,19.8
520487,520687,520690,200,3,2,36000,20.3
520493,520692,520695,199,3,2,36000,20.2
520498,520697,520700,199,3,2,36000,20.2
520508,520702,520706,194,4,2,36000,19.8
520513,520707,520711,194,4,2,36000,19.8
520519,520712,520716,193,4,2,36000,19.7
520525,520717,520723,192,6,2,36000,19.8
520525,520723,520726,198,3,2,36000,20.1
520531,520728,520731,197,3,2,36000,20.0
520536,520733,520735,197,2,2,36000,19.9
520542,520738,520741,196,3,2,36000,19.9
520548,520743,520747,195,4,2,36000,19.9
520553,520748,520752,195,4,2,36000,19.9
520559,520755,520759,196,4,2,36000,20.0
520565,520760,520764,195,4,2,36000,19.9
520570,520770,520774,200,4,2,36000,20.4
520570,520765,520769,195,4,2,36000,19.9
520578,520776,520779,198,3,2,36000,20.1
520585,520781,520784,196,3,2,36000,19.9
520591,520786,520790,195,4,2,36000,19.9
520591,520791,520795,200,4,2,36000,20.4
520597,520796,520800,199,4,2,36000,20.3
520603,520801,520805,198,4,2,36000,20.2
520608,520806,520810,198,4,2,36000,20.2
520614,520812,520815,198,3,2,36000,20.1
520620,520817,520820,197,3,2,36000,20.0
520626,520822,520825,196,3,2,36000,19.9
520632,520827,520830,195,3,2,36000,19.8
520638,520832,520835,194,3,2,36000,19.7
520643,520837,520841,194,4,2,36000,19.8
520651,520842,520846,191,4,2,36000,19.5
520651,520847,520851,196,4,2,36000,20.0
520657,520852,520856,195,4,2,36000,19.9
520663,520857,520861,194,4,2,36000,19.8
520669,520863,520866,194,3,2,36000,19.7
520674,520868,520871,194,3,2,36000,19.7
520680,520873,520876,193,3,2,36000,19.6
520681,520878,520881,197,3,2,36000,20.0
520687,520885,520889,198,4,2,36000,20.2
520692,520890,520894,198,4,2,36000,20.2
520698,520895,520899,197,4,2,36000,20.1
520704,520900,520904,196,4,2,36000,20.0
520710,520906,520909,196,3,2,36000,19.9
520716,520911,520914,195,3,2,36000,19.8
520724,520916,520919,192,3,2,36000,19.5
520725,520921,520924,196,3,2,36000,19.9
520731,520926,520929,195,3,2,36000,19.8
520737,520931,520935,194,4,2,36000,19.8
520737,520936,520940,199,4,2,36000,20.3
520743,520941,520945,198,4,2,36000,20.2
520749,520946,520950,197,4,2,36000,20.1
520755,520951,520955,196,4,2,36000,20.0
520761,520957,520960,196,3,2,36000,19.9
520767,520962,520965,195,3,2,36000,19.8
520773,520967,520970,194,3,2,36000,19.7
520778,520972,520976,194,4,2,36000,19.8
520784,520977,520981,193,4,2,36000,19.7
520790,520982,520986,192,4,2,36000,19.6
520790,520987,520991,197,4,2,36000,20.1
520797,520992,520996,195,4,2,36000,19.9
520803,520998,521002,195,4,2,36000,19.9
520809,521003,521007,194,4,2,36000,19.8
520815,521008,521011,193,3,2,36000,19.6
520820,521015,521019,195,4,2,36000,19.9
520821,521020,521025,199,5,2,36000,20.4
520827,521025,521029,198,4,2,36000,20.2
520832,521031,521034,199,3,2,36000,20.2
520838,521036,521039,198,3,2,36000,20.1
520844,521041,521044,197,3,2,36000,20.0
520850,521046,521049,196,3,2,36000,19.9
520855,521051,521055,196,4,2,36000,20.0
520861,521056,521060,195,4,2,36000,19.9
520862,521061,521065,199,4,2,36000,20.3
520869,521066,521070,197,4,2,36000,20.1
520875,521071,521075,196,4,2,36000,20.0
520881,521077,521080,196,3,2,36000,19.9
520887,521087,521090,200,3,2,36000,20.3
520887,521082,521085,195,3,2,36000,19.8
520899,521092,521095,193,3,2,36000,19.6
520904,521097,521101,193,4,2,36000,19.7
520905,521102,521106,197,4,2,36000,20.1
520911,521107,521111,196,4,2,36000,20.0
520916,521112,521116,196,4,2,36000,20.0
520923,521117,521121,194,4,2,36000,19.8
520928,521122,521126,194,4,2,36000,19.8
520935,521128,521131,193,3,2,36000,19.6
520937,521133,521137,196,4,2,36000,20.0
520943,521138,521142,195,4,2,36000,19.9
520949,521145,521149,196,4,2,36000,20.0
520955,521150,521154,195,4,2,36000,19.9
520960,521155,521159,195,4,2,36000,19.9
520961,521161,521164,200,3,2,36000,20.3
520966,521166,521169,200,3,2,36000,20.3
520972,521171,521174,199,3,2,36000,20.2
520978,521176,521179,198,3,2,36000,20.1
520984,521181,521185,197,4,2,36000,20.1
520992,521186,521189,194,3,2,36000,19.7
520994,521191,521195,197,4,2,36000,20.1
520996,521196,521199,200,3,2,36000,20.3
521005,521201,521205,196,4,2,36000,20.0
521011,521207,521210,196,3,2,36000,19.9
521017,521212,521215,195,3,2,36000,19.8
521018,521217,521220,199,3,2,36000,20.2
521025,521222,521225,197,3,2,36000,20.0
521032,521227,521230,195,3,2,36000,19.8
521039,521232,521236,193,4,2,36000,19.7
521045,521237,521245,192,8,2,36000,20.0
521046,521242,521246,196,4,2,36000,20.0
521052,521247,521251,195,4,2,36000,19.9
521059,521253,521256,194,3,2,36000,19.7
521066,521258,521261,192,3,2,36000,19.5
521066,521263,521266,197,3,2,36000,20.0
521073,521268,521271,195,3,2,36000,19.8
521080,521275,521279,195,4,2,36000,19.9
521086,521280,521284,194,4,2,36000,19.8
521087,521285,521289,198,4,2,36000,20.2
521093,521291,521294,198,3,2,36000,20.1
521102,521296,521299,194,3,2,36000,19.7
521103,521301,521304,198,3,2,36000,20.1
521111,521311,521314,200,3,2,36000,20.3
521111,521306,521309,195,3,2,36000,19.8
521118,521316,521320,198,4,2,36000,20.2
521125,521321,521325,196,4,2,36000,20.0
521135,521326,521331,191,5,2,36000,19.6
521137,521331,521335,194,4,2,36000,19.8
521139,521336,521340,197,4,2,36000,20.1
521144,521403,523706,259,2303,64,36000,1.11246200608
521150,521342,521345,192,3,2,36000,19.5
521150,521347,521350,197,3,2,36000,20.0
521159,521352,521355,193,3,2,36000,19.6
521165,521357,521361,192,4,2,36000,19.6
521165,521362,521366,197,4,2,36000,20.1
521171,521367,521371,196,4,2,36000,20.0
521177,521372,521376,195,4,2,36000,19.9
521184,521377,521381,193,4,2,36000,19.7
521190,521382,521386,192,4,2,36000,19.6
521195,521388,521391,193,3,2,36000,19.6
521196,521393,521396,197,3,2,36000,20.0
521201,521398,521401,197,3,2,36000,20.0
521207,521410,521414,203,4,2,36000,20.7
521212,521415,521419,203,4,2,36000,20.7
521218,521420,521424,202,4,2,36000,20.6
521224,521425,521429,201,4,2,36000,20.5
521230,521431,521434,201,3,2,36000,20.4
521235,521436,521439,201,3,2,36000,20.4
521241,521441,521444,200,3,2,36000,20.3
521241,521446,521449,205,3,2,36000,20.8
521253,521451,521454,198,3,2,36000,20.1
521254,521456,521460,202,4,2,36000,20.6
521260,521461,521465,201,4,2,36000,20.5
521266,521466,521471,200,5,2,36000,20.5
521271,521472,521475,201,3,2,36000,20.4
521277,521477,521481,200,4,2,36000,20.4
521277,521482,521487,205,5,2,36000,21.0
521288,521487,521491,199,4,2,36000,20.3
521294,521492,521496,198,4,2,36000,20.2
521294,521497,521501,203,4,2,36000,20.7
521300,521502,521506,202,4,2,36000,20.6
521306,521507,521511,201,4,2,36000,20.5
521311,521512,521516,201,4,2,36000,20.5
521317,521518,521521,201,3,2,36000,20.4
521327,521523,521526,196,3,2,36000,19.9
521329,521528,521532,199,4,2,36000,20.3
521331,521533,521537,202,4,2,36000,20.6
521339,521540,521544,201,4,2,36000,20.5
521345,521545,521549,200,4,2,36000,20.4
521345,521550,521554,205,4,2,36000,20.9
521352,521555,521559,203,4,2,36000,20.7
521359,521560,521564,201,4,2,36000,20.5
521366,521566,521569,200,3,2,36000,20.3
521366,521571,521575,205,4,2,36000,20.9
521373,521576,521579,203,3,2,36000,20.6
521380,521581,521585,201,4,2,36000,20.5
521387,521591,521595,204,4,2,36000,20.8
521387,521586,521589,199,3,2,36000,20.2
521393,521596,521600,203,4,2,36000,20.7
521401,521601,521605,200,4,2,36000,20.4
521409,521606,521609,197,3,2,36000,20.0
521409,521611,521615,202,4,2,36000,20.6
521423,521617,521620,194,3,2,36000,19.7
521430,521622,521625,192,3,2,36000,19.5
521430,521627,521630,197,3,2,36000,20.0
521438,521632,521635,194,3,2,36000,19.7
521444,521637,521640,193,3,2,36000,19.6
521445,521642,521646,197,4,2,36000,20.1
521452,521647,521651,195,4,2,36000,19.9
521460,521652,521656,192,4,2,36000,19.6
521460,521657,521661,197,4,2,36000,20.1
521470,521663,521666,193,3,2,36000,19.6
521472,521670,521674,198,4,2,36000,20.2
521483,521675,521679,192,4,2,36000,19.6
521487,521680,521684,193,4,2,36000,19.7
521490,521685,521689,195,4,2,36000,19.9
521499,521691,521694,192,3,2,36000,19.5
521501,521696,521699,195,3,2,36000,19.8
521507,521701,521704,194,3,2,36000,19.7
521507,521706,521709,199,3,2,36000,20.2
521513,521711,521715,198,4,2,36000,20.2
521519,521716,521720,197,4,2,36000,20.1
521525,521721,521725,196,4,2,36000,20.0
521534,521726,521730,192,4,2,36000,19.6
521536,521731,521735,195,4,2,36000,19.9
521545,521737,521740,192,3,2,36000,19.5
521545,521742,521745,197,3,2,36000,20.0
521553,521747,521749,194,2,2,36000,19.6
521559,521752,521755,193,3,2,36000,19.6
521565,521757,521761,192,4,2,36000,19.6
521565,521762,521766,197,4,2,36000,20.1
521571,521767,521771,196,4,2,36000,20.0
521577,521772,521776,195,4,2,36000,19.9
521583,521777,521781,194,4,2,36000,19.8
521589,521783,521786,194,3,2,36000,19.7
521595,521793,521796,198,3,2,36000,20.1
521595,521788,521791,193,3,2,36000,19.6
521601,521800,521802,199,2,2,36000,20.1
521606,521805,521808,199,3,2,36000,20.2
521612,521810,521813,198,3,2,36000,20.1
521618,521815,521819,197,4,2,36000,20.1
521624,521820,521824,196,4,2,36000,20.0
521629,521825,521829,196,4,2,36000,20.0
521635,521830,521834,195,4,2,36000,19.9
521641,521835,521839,194,4,2,36000,19.8
521641,521841,521844,200,3,2,36000,20.3
521647,521846,521849,199,3,2,36000,20.2
521652,521851,521854,199,3,2,36000,20.2
521658,521856,521859,198,3,2,36000,20.1
521665,521861,521865,196,4,2,36000,20.0
521670,521866,521871,196,5,2,36000,20.1
521676,521871,521875,195,4,2,36000,19.9
521682,521876,521880,194,4,2,36000,19.8
521688,521881,521885,193,4,2,36000,19.7
521693,521886,521890,193,4,2,36000,19.7
521699,521892,521895,193,3,2,36000,19.6
521704,521897,521900,193,3,2,36000,19.6
521705,521902,521905,197,3,2,36000,20.0
521710,521907,521910,197,3,2,36000,20.0
521716,521912,521916,196,4,2,36000,20.0
521722,521917,521922,195,5,2,36000,20.0
521728,521922,521926,194,4,2,36000,19.8
521735,521929,521933,194,4,2,36000,19.8
521740,521934,521938,194,4,2,36000,19.8
521741,521939,521943,198,4,2,36000,20.2
521747,521945,521948,198,3,2,36000,20.1
521752,521950,521953,198,3,2,36000,20.1
521758,521955,521958,197,3,2,36000,20.0
521764,521960,521963,196,3,2,36000,19.9
521770,521965,521967,195,2,2,36000,19.7
521775,521970,521974,195,4,2,36000,19.9
521781,521975,521979,194,4,2,36000,19.8
521782,521980,521984,198,4,2,36000,20.2
521787,521985,521989,198,4,2,36000,20.2
521793,521991,521993,198,2,2,36000,20.0
521799,521996,521999,197,3,2,36000,20.0
521806,522001,522004,195,3,2,36000,19.8
521812,522006,522009,194,3,2,36000,19.7
521818,522011,522015,193,4,2,36000,19.7
521823,522016,522020,193,4,2,36000,19.7
521829,522026,522030,197,4,2,36000,20.1
521829,522021,522025,192,4,2,36000,19.6
521838,522031,522035,193,4,2,36000,19.7
521844,522036,522040,192,4,2,36000,19.6
521849,522042,522045,193,3,2,36000,19.6
521850,522047,522050,197,3,2,36000,20.0
521856,522052,522055,196,3,2,36000,19.9
521861,522059,522063,198,4,2,36000,20.2
521871,522064,522068,193,4,2,36000,19.7
521872,522070,522073,198,3,2,36000,20.1
521881,522075,522078,194,3,2,36000,19.7
521883,522080,522084,197,4,2,36000,20.1
521892,522085,522088,193,3,2,36000,19.6
521894,522090,522095,196,5,2,36000,20.1
521900,522095,522099,195,4,2,36000,19.9
521906,522105,522109,199,4,2,36000,20.3
521906,522100,522104,194,4,2,36000,19.8
521912,522110,522114,198,4,2,36000,20.2
521920,522115,522119,195,4,2,36000,19.9
521921,522121,522124,200,3,2,36000,20.3
521928,522126,522129,198,3,2,36000,20.1
521934,522131,522134,197,3,2,36000,20.0
521939,522136,522141,197,5,2,36000,20.2
521945,522141,522145,196,4,2,36000,20.0
521952,522146,522150,194,4,2,36000,19.8
521958,522151,522155,193,4,2,36000,19.7
521963,522156,522159,193,3,2,36000,19.6
521969,522161,522165,192,4,2,36000,19.6
521969,522166,522170,197,4,2,36000,20.1
521975,522172,522175,197,3,2,36000,20.0
521981,522177,522180,196,3,2,36000,19.9
521987,522182,522185,195,3,2,36000,19.8
521992,522189,522193,197,4,2,36000,20.1
521998,522194,522198,196,4,2,36000,20.0
521998,522199,522203,201,4,2,36000,20.5
522010,522204,522208,194,4,2,36000,19.8
522010,522210,522213,200,3,2,36000,20.3
522016,522215,522218,199,3,2,36000,20.2
522022,522220,522224,198,4,2,36000,20.2
522028,522225,522229,197,4,2,36000,20.1
522034,522230,522234,196,4,2,36000,20.0
522039,522235,522239,196,4,2,36000,20.0
522045,522240,522244,195,4,2,36000,19.9
522045,522245,522249,200,4,2,36000,20.4
522051,522250,522254,199,4,2,36000,20.3
522057,522256,522259,199,3,2,36000,20.2
522062,522261,522264,199,3,2,36000,20.2
522073,522266,522269,193,3,2,36000,19.6
522074,522271,522274,197,3,2,36000,20.0
522080,522276,522280,196,4,2,36000,20.0
522093,522281,522285,188,4,2,36000,19.2
522096,522286,522290,190,4,2,36000,19.4
522097,522291,522295,194,4,2,36000,19.8
522103,522296,522300,193,4,2,36000,19.7
522110,522302,522305,192,3,2,36000,19.5
522110,522307,522310,197,3,2,36000,20.0
522116,522312,522315,196,3,2,36000,19.9
522123,522319,522323,196,4,2,36000,20.0
522130,522324,522328,194,4,2,36000,19.8
522130,522329,522333,199,4,2,36000,20.3
522136,522334,522338,198,4,2,36000,20.2
522143,522339,522343,196,4,2,36000,20.0
522149,522345,522348,196,3,2,36000,19.9
522154,522350,522353,196,3,2,36000,19.9
522162,522355,522358,193,3,2,36000,19.6
522163,522360,522363,197,3,2,36000,20.0
522169,522365,522369,196,4,2,36000,20.0
522176,522370,522374,194,4,2,36000,19.8
522176,522375,522379,199,4,2,36000,20.3
522183,522380,522384,197,4,2,36000,20.1
522189,522385,522389,196,4,2,36000,20.0
522196,522391,522394,195,3,2,36000,19.8
522202,522396,522399,194,3,2,36000,19.7
522209,522406,522409,197,3,2,36000,20.0
522209,522401,522404,192,3,2,36000,19.5
522217,522411,522414,194,3,2,36000,19.7
522228,522416,522419,188,3,2,36000,19.1
522231,522421,522425,190,4,2,36000,19.4
522234,522426,522429,192,3,2,36000,19.5
522235,522431,522435,196,4,2,36000,20.0
522244,522436,522440,192,4,2,36000,19.6
522245,522442,522444,197,2,2,36000,19.9
522252,522449,522453,197,4,2,36000,20.1
522257,522454,522458,197,4,2,36000,20.1
522263,522459,522464,196,5,2,36000,20.1
522269,522464,522468,195,4,2,36000,19.9
522277,522470,522473,193,3,2,36000,19.6
522278,522475,522478,197,3,2,36000,20.0
522284,522480,522483,196,3,2,36000,19.9
522290,522490,522493,200,3,2,36000,20.3
522290,522485,522488,195,3,2,36000,19.8
522295,522495,522499,200,4,2,36000,20.4
522301,522500,522504,199,4,2,36000,20.3
522307,522505,522509,198,4,2,36000,20.2
522312,522510,522514,198,4,2,36000,20.2
522319,522515,522519,196,4,2,36000,20.0
522324,522521,522524,197,3,2,36000,20.0
522330,522526,522529,196,3,2,36000,19.9
522336,522531,522534,195,3,2,36000,19.8
522341,522536,522539,195,3,2,36000,19.8
522347,522541,522544,194,3,2,36000,19.7
522353,522546,522550,193,4,2,36000,19.7
522358,522551,522555,193,4,2,36000,19.7
522359,522556,522560,197,4,2,36000,20.1
522364,522561,522565,197,4,2,36000,20.1
522370,522566,522570,196,4,2,36000,20.0
522376,522572,522575,196,3,2,36000,19.9
522381,522579,522582,198,3,2,36000,20.1
522387,522584,522587,197,3,2,36000,20.0
522394,522589,522593,195,4,2,36000,19.9
522395,522595,522598,200,3,2,36000,20.3
522401,522600,522603,199,3,2,36000,20.2
522406,522605,522608,199,3,2,36000,20.2
522412,522610,522613,198,3,2,36000,20.1
522418,522615,522619,197,4,2,36000,20.1
522423,522620,522624,197,4,2,36000,20.1
522429,522625,522629,196,4,2,36000,20.0
522434,522630,522634,196,4,2,36000,20.0
522435,522635,522639,200,4,2,36000,20.4
522440,522641,522644,201,3,2,36000,20.4
522446,522646,522649,200,3,2,36000,20.3
522451,522651,522654,200,3,2,36000,20.3
522463,522656,522659,193,3,2,36000,19.6
522468,522661,522664,193,3,2,36000,19.6
522474,522666,522670,192,4,2,36000,19.6
522474,522671,522675,197,4,2,36000,20.1
522480,522676,522680,196,4,2,36000,20.0
522485,522682,522685,197,3,2,36000,20.0
522491,522687,522690,196,3,2,36000,19.9
522497,522692,522695,195,3,2,36000,19.8
522502,522697,522701,195,4,2,36000,19.9
522508,522702,522706,194,4,2,36000,19.8
522513,522709,522713,196,4,2,36000,20.0
522519,522714,522718,195,4,2,36000,19.9
522526,522724,522728,198,4,2,36000,20.2
522526,522719,522723,193,4,2,36000,19.7
522532,522730,522733,198,3,2,36000,20.1
522537,522735,522738,198,3,2,36000,20.1
522543,522740,522743,197,3,2,36000,20.0
522548,522745,522748,197,3,2,36000,20.0
522554,522750,522754,196,4,2,36000,20.0
522560,522755,522759,195,4,2,36000,19.9
522565,522760,522764,195,4,2,36000,19.9
522565,522765,522769,200,4,2,36000,20.4
522571,522770,522774,199,4,2,36000,20.3
522576,522775,522779,199,4,2,36000,20.3
522585,522781,522784,196,3,2,36000,19.9
522590,522786,522789,196,3,2,36000,19.9
522597,522791,522795,194,4,2,36000,19.8
522603,522796,522800,193,4,2,36000,19.7
522608,522801,522805,193,4,2,36000,19.7
522609,522806,522810,197,4,2,36000,20.1
522614,522811,522815,197,4,2,36000,20.1
522620,522816,522820,196,4,2,36000,20.0
522628,522821,522825,193,4,2,36000,19.7
522629,522827,522830,198,3,2,36000,20.1
522638,522832,522835,194,3,2,36000,19.7
522646,522844,522848,198,4,2,36000,20.2
522647,522849,522853,202,4,2,36000,20.6
522653,522854,522858,201,4,2,36000,20.5
522660,522860,522864,200,4,2,36000,20.4
522661,522865,522868,204,3,2,36000,20.7
522663,522837,523059,174,222,1,72000,1.78378378378
522666,522870,522873,204,3,2,36000,20.7
522672,522875,522878,203,3,2,36000,20.6
522678,522880,522883,202,3,2,36000,20.5
522684,522885,522889,201,4,2,36000,20.5
522689,522890,522894,201,4,2,36000,20.5
522695,522895,522899,200,4,2,36000,20.4
522700,522900,522904,200,4,2,36000,20.4
522706,522905,522909,199,4,2,36000,20.3
522706,522911,522914,205,3,2,36000,20.8
522746,522916,522919,170,3,2,36000,17.3
522747,522936,522940,189,4,2,36000,19.3
522747,522926,522929,179,3,2,36000,18.2
522747,522921,522925,174,4,2,36000,17.8
522747,522931,522935,184,4,2,36000,18.8
522748,522941,522945,193,4,2,36000,19.7
522748,522946,522950,198,4,2,36000,20.2
522754,522951,522955,197,4,2,36000,20.1
522754,522957,522960,203,3,2,36000,20.6
522760,522962,522965,202,3,2,36000,20.5
522765,522967,522970,202,3,2,36000,20.5
522771,522974,522977,203,3,2,36000,20.6
522778,522979,522983,201,4,2,36000,20.5
522783,522984,522988,201,4,2,36000,20.5
522789,522990,522993,201,3,2,36000,20.4
522796,522995,522998,199,3,2,36000,20.2
522797,523000,523003,203,3,2,36000,20.6
522804,523005,523008,201,3,2,36000,20.4
522810,523010,523013,200,3,2,36000,20.3
522810,523015,523018,205,3,2,36000,20.8
522827,523030,523039,203,9,2,36000,21.2
522827,523020,523024,193,4,2,36000,19.7
522827,523025,523029,198,4,2,36000,20.2
522833,523035,523044,202,9,2,36000,21.1
522838,523041,523046,203,5,2,36000,20.8
522844,523046,523049,202,3,2,36000,20.5
522855,523051,523054,196,3,2,36000,19.9
522861,523056,523059,195,3,2,36000,19.8
522867,523061,523065,194,4,2,36000,19.8
522872,523066,523069,194,3,2,36000,19.7
522878,523071,523075,193,4,2,36000,19.7
522884,523076,523080,192,4,2,36000,19.6
522884,523081,523085,197,4,2,36000,20.1
522890,523086,523090,196,4,2,36000,20.0
522895,523092,523095,197,3,2,36000,20.0
522901,523097,523100,196,3,2,36000,19.9
522907,523104,523108,197,4,2,36000,20.1
522912,523109,523113,197,4,2,36000,20.1
522918,523114,523118,196,4,2,36000,20.0
522924,523120,523123,196,3,2,36000,19.9
522931,523125,523128,194,3,2,36000,19.7
522931,523130,523133,199,3,2,36000,20.2
522937,523135,523138,198,3,2,36000,20.1
522943,523140,523143,197,3,2,36000,20.0
522949,523145,523149,196,4,2,36000,20.0
522954,523150,523154,196,4,2,36000,20.0
522959,523155,523159,196,4,2,36000,20.0
522965,523160,523164,195,4,2,36000,19.9
522965,523165,523169,200,4,2,36000,20.4
522971,523171,523174,200,3,2,36000,20.3
522977,523176,523179,199,3,2,36000,20.2
522985,523181,523184,196,3,2,36000,19.9
522990,523186,523189,196,3,2,36000,19.9
522996,523191,523195,195,4,2,36000,19.9
523003,523196,523200,193,4,2,36000,19.7
523004,523201,523205,197,4,2,36000,20.1
523009,523206,523210,197,4,2,36000,20.1
523015,523211,523215,196,4,2,36000,20.0
523020,523216,523220,196,4,2,36000,20.0
523026,523222,523225,196,3,2,36000,19.9
523033,523227,523230,194,3,2,36000,19.7
523035,523234,523238,199,4,2,36000,20.3
523047,523239,523243,192,4,2,36000,19.6
523053,523245,523248,192,3,2,36000,19.5
523053,523250,523253,197,3,2,36000,20.0
523059,523255,523258,196,3,2,36000,19.9
523065,523260,523263,195,3,2,36000,19.8
523065,523265,523268,200,3,2,36000,20.3
523071,523270,523273,199,3,2,36000,20.2
523076,523275,523279,199,4,2,36000,20.3
523082,523280,523284,198,4,2,36000,20.2
523088,523285,523289,197,4,2,36000,20.1
523093,523290,523294,197,4,2,36000,20.1
523099,523295,523299,196,4,2,36000,20.0
523104,523301,523304,197,3,2,36000,20.0
523110,523306,523309,196,3,2,36000,19.9
523116,523311,523314,195,3,2,36000,19.8
523122,523362,524220,240,858,1,72000,1.27972027972
523122,523316,523320,194,4,2,36000,19.8
523127,523321,523325,194,4,2,36000,19.8
523133,523326,523330,193,4,2,36000,19.7
523139,523331,523335,192,4,2,36000,19.6
523139,523336,523340,197,4,2,36000,20.1
523145,523342,523345,197,3,2,36000,20.0
523150,523347,523350,197,3,2,36000,20.0
523156,523352,523355,196,3,2,36000,19.9
523161,523357,523360,196,3,2,36000,19.9
523167,523372,523375,205,3,2,36000,20.8
523173,523377,523380,204,3,2,36000,20.7
523178,523382,523386,204,4,2,36000,20.8
523184,523387,523390,203,3,2,36000,20.6
523190,523392,523396,202,4,2,36000,20.6
523192,523397,523401,205,4,2,36000,20.9
523198,523402,523406,204,4,2,36000,20.8
523204,523407,523411,203,4,2,36000,20.7
523209,523413,523416,204,3,2,36000,20.7
523215,523418,523421,203,3,2,36000,20.6
523215,523423,523426,208,3,2,36000,21.1
523221,523428,523431,207,3,2,36000,21.0
523227,523433,523436,206,3,2,36000,20.9
523232,523438,523441,206,3,2,36000,20.9
523238,523443,523447,205,4,2,36000,20.9
523243,523448,523452,205,4,2,36000,20.9
523249,523453,523457,204,4,2,36000,20.8
523255,523458,523462,203,4,2,36000,20.7
523261,523464,523467,203,3,2,36000,20.6
523267,523469,523472,202,3,2,36000,20.5
523273,523474,523477,201,3,2,36000,20.4
523278,523479,523482,201,3,2,36000,20.4
523284,523484,523487,200,3,2,36000,20.3
523284,523489,523493,205,4,2,36000,20.9
523290,523494,523498,204,4,2,36000,20.8
523296,523501,523505,205,4,2,36000,20.9
523301,523506,523510,205,4,2,36000,20.9
523307,523511,523515,204,4,2,36000,20.8
523313,523517,523520,204,3,2,36000,20.7
523320,523522,523525,202,3,2,36000,20.5
523320,523527,523530,207,3,2,36000,21.0
523326,523532,523535,206,3,2,36000,20.9
523332,523537,523540,205,3,2,36000,20.8
523337,523542,523545,205,3,2,36000,20.8
523343,523547,523551,204,4,2,36000,20.8
523349,523552,523556,203,4,2,36000,20.7
523354,523557,523561,203,4,2,36000,20.7
523360,523562,523566,202,4,2,36000,20.6
523366,523568,523571,202,3,2,36000,20.5
523366,523573,523575,207,2,2,36000,20.9
523384,523578,523581,194,3,2,36000,19.7
523390,523583,523586,193,3,2,36000,19.6
523395,523588,523591,193,3,2,36000,19.6
523401,523593,523597,192,4,2,36000,19.6
523401,523598,523602,197,4,2,36000,20.1
523407,523603,523607,196,4,2,36000,20.0
523413,523608,523612,195,4,2,36000,19.9
523418,523613,523617,195,4,2,36000,19.9
523424,523619,523622,195,3,2,36000,19.8
523430,523624,523627,194,3,2,36000,19.7
523435,523631,523635,196,4,2,36000,20.0
523441,523636,523640,195,4,2,36000,19.9
523446,523641,523644,195,3,2,36000,19.8
523453,523646,523650,193,4,2,36000,19.7
523453,523651,523655,198,4,2,36000,20.2
523459,523657,523660,198,3,2,36000,20.1
523464,523662,523665,198,3,2,36000,20.1
523470,523667,523670,197,3,2,36000,20.0
523476,523672,523674,196,2,2,36000,19.8
523481,523677,523680,196,3,2,36000,19.9
523487,523682,523686,195,4,2,36000,19.9
523493,523687,523691,194,4,2,36000,19.8
523493,523692,523696,199,4,2,36000,20.3
523499,523697,523701,198,4,2,36000,20.2
523504,523703,523706,199,3,2,36000,20.2
523517,523708,523711,191,3,2,36000,19.4
523518,523713,523717,195,4,2,36000,19.9
523524,523718,523721,194,3,2,36000,19.7
523529,523723,523726,194,3,2,36000,19.7
523535,523728,523732,193,4,2,36000,19.7
523540,523733,523737,193,4,2,36000,19.7
523546,523738,523742,192,4,2,36000,19.6
523546,523743,523747,197,4,2,36000,20.1
523552,523748,523752,196,4,2,36000,20.0
523557,523754,523757,197,3,2,36000,20.0
523563,523761,523765,198,4,2,36000,20.2
523569,523766,523770,197,4,2,36000,20.1
523576,523771,523775,195,4,2,36000,19.9
523577,523777,523780,200,3,2,36000,20.3
523584,523782,523785,198,3,2,36000,20.1
523590,523787,523790,197,3,2,36000,20.0
523595,523792,523795,197,3,2,36000,20.0
523601,523797,523800,196,3,2,36000,19.9
523606,523802,523806,196,4,2,36000,20.0
523612,523812,523816,200,4,2,36000,20.4
523612,523807,523811,195,4,2,36000,19.9
523618,523817,523821,199,4,2,36000,20.3
523624,523823,523826,199,3,2,36000,20.2
523630,523828,523831,198,3,2,36000,20.1
523635,523833,523836,198,3,2,36000,20.1
523642,523838,523841,196,3,2,36000,19.9
523648,523843,523846,195,3,2,36000,19.8
523654,523848,523852,194,4,2,36000,19.8
523659,523853,523857,194,4,2,36000,19.8
523665,523858,523862,193,4,2,36000,19.7
523670,523863,523867,193,4,2,36000,19.7
523671,523868,523872,197,4,2,36000,20.1
523677,523874,523877,197,3,2,36000,20.0
523682,523879,523882,197,3,2,36000,20.0
523688,523884,523887,196,3,2,36000,19.9
523694,523891,523894,197,3,2,36000,20.0
523700,523896,523900,196,4,2,36000,20.0
523705,523901,523905,196,4,2,36000,20.0
523711,523906,523910,195,4,2,36000,19.9
523718,523911,523915,193,4,2,36000,19.7
523718,523916,523920,198,4,2,36000,20.2
523724,523922,523925,198,3,2,36000,20.1
523730,523927,523930,197,3,2,36000,20.0
523736,523932,523941,196,9,2,36000,20.5
523742,523937,523943,195,6,2,36000,20.1
523747,523942,523946,195,4,2,36000,19.9
523748,523947,523951,199,4,2,36000,20.3
523753,523952,523956,199,4,2,36000,20.3
523759,523957,523961,198,4,2,36000,20.2
523765,523963,523966,198,3,2,36000,20.1
523770,523968,523971,198,3,2,36000,20.1
523776,523973,523976,197,3,2,36000,20.0
523784,523978,523981,194,3,2,36000,19.7
523789,523983,523986,194,3,2,36000,19.7
523795,523988,523992,193,4,2,36000,19.7
523801,523993,523997,192,4,2,36000,19.6
523801,523998,524002,197,4,2,36000,20.1
523807,524003,524007,196,4,2,36000,20.0
523813,524008,524012,195,4,2,36000,19.9
523819,524014,524017,195,3,2,36000,19.8
523824,524021,524025,197,4,2,36000,20.1
523830,524026,524030,196,4,2,36000,20.0
523836,524031,524035,195,4,2,36000,19.9
523841,524037,524040,196,3,2,36000,19.9
523847,524047,524050,200,3,2,36000,20.3
523847,524042,524045,195,3,2,36000,19.8
523853,524052,524055,199,3,2,36000,20.2
523860,524057,524060,197,3,2,36000,20.0
523866,524062,524065,196,3,2,36000,19.9
523872,524067,524071,195,4,2,36000,19.9
523873,524072,524076,199,4,2,36000,20.3
523878,524077,524081,199,4,2,36000,20.3
523884,524083,524086,199,3,2,36000,20.2
523890,524088,524093,198,5,2,36000,20.3
523895,524093,524096,198,3,2,36000,20.1
523901,524098,524101,197,3,2,36000,20.0
523906,524103,524106,197,3,2,36000,20.0
523912,524108,524112,196,4,2,36000,20.0
523918,524113,524117,195,4,2,36000,19.9
523923,524118,524122,195,4,2,36000,19.9
523929,524123,524127,194,4,2,36000,19.8
523935,524128,524132,193,4,2,36000,19.7
523941,524134,524137,193,3,2,36000,19.6
523947,524139,524142,192,3,2,36000,19.5
523953,524144,524147,191,3,2,36000,19.4
523953,524151,524154,198,3,2,36000,20.1
523959,524156,524159,197,3,2,36000,20.0
523964,524161,524164,197,3,2,36000,20.0
523970,524166,524170,196,4,2,36000,20.0
523976,524171,524175,195,4,2,36000,19.9
523981,524176,524180,195,4,2,36000,19.9
523987,524186,524190,199,4,2,36000,20.3
523987,524181,524185,194,4,2,36000,19.8
523992,524191,524195,199,4,2,36000,20.3
523998,524196,524200,198,4,2,36000,20.2
524004,524202,524205,198,3,2,36000,20.1
524009,524207,524210,198,3,2,36000,20.1
524016,524212,524215,196,3,2,36000,19.9
524021,524217,524220,196,3,2,36000,19.9
524027,524222,524225,195,3,2,36000,19.8
524033,524227,524231,194,4,2,36000,19.8
524067,524232,524236,165,4,2,36000,16.9
524067,524237,524241,170,4,2,36000,17.4
524068,524247,524251,179,4,2,36000,18.3
524068,524242,524246,174,4,2,36000,17.8
524069,524253,524256,184,3,2,36000,18.7
524069,524258,524261,189,3,2,36000,19.2
524070,524263,524266,193,3,2,36000,19.6
524075,524268,524272,193,4,2,36000,19.7
524077,524273,524277,196,4,2,36000,20.0
524097,524280,524284,183,4,2,36000,18.7
524097,524285,524289,188,4,2,36000,19.2
524098,524290,524294,192,4,2,36000,19.6
524103,524296,524299,193,3,2,36000,19.6
524103,524301,524304,198,3,2,36000,20.1
524109,524306,524309,197,3,2,36000,20.0
524115,524311,524314,196,3,2,36000,19.9
524121,524316,524319,195,3,2,36000,19.8
524126,524321,524325,195,4,2,36000,19.9
524132,524326,524330,194,4,2,36000,19.8
524133,524331,524335,198,4,2,36000,20.2
524138,524336,524340,198,4,2,36000,20.2
524144,524342,524345,198,3,2,36000,20.1
524149,524347,524350,198,3,2,36000,20.1
524155,524352,524355,197,3,2,36000,20.0
524161,524357,524360,196,3,2,36000,19.9
524168,524362,524366,194,4,2,36000,19.8
524174,524367,524371,193,4,2,36000,19.7
524180,524377,524381,197,4,2,36000,20.1
524180,524372,524376,192,4,2,36000,19.6
524186,524382,524386,196,4,2,36000,20.0
524191,524387,524391,196,4,2,36000,20.0
524197,524393,524396,196,3,2,36000,19.9
524203,524398,524401,195,3,2,36000,19.8
524209,524403,524406,194,3,2,36000,19.7
524214,524410,524414,196,4,2,36000,20.0
524220,524415,524419,195,4,2,36000,19.9
524225,524420,524424,195,4,2,36000,19.9
524231,524425,524429,194,4,2,36000,19.8
524232,524430,524434,198,4,2,36000,20.2
524238,524436,524439,198,3,2,36000,20.1
524244,524441,524444,197,3,2,36000,20.0
524250,524446,524449,196,3,2,36000,19.9
524255,524451,524455,196,4,2,36000,20.0
524261,524456,524460,195,4,2,36000,19.9
524267,524461,524465,194,4,2,36000,19.8
524267,524466,524470,199,4,2,36000,20.3
524273,524471,524475,198,4,2,36000,20.2
524278,524477,524480,199,3,2,36000,20.2
524284,524482,524485,198,3,2,36000,20.1
524289,524487,524490,198,3,2,36000,20.1
524295,524492,524495,197,3,2,36000,20.0
524301,524497,524501,196,4,2,36000,20.0
524307,524502,524506,195,4,2,36000,19.9
524313,524507,524511,194,4,2,36000,19.8
524319,524512,524516,193,4,2,36000,19.7
524324,524517,524521,193,4,2,36000,19.7
524325,524523,524526,198,3,2,36000,20.1
524330,524528,524531,198,3,2,36000,20.1
524336,524533,524536,197,3,2,36000,20.0
524342,524540,524544,198,4,2,36000,20.2
524347,524545,524549,198,4,2,36000,20.2
524353,524550,524554,197,4,2,36000,20.1
524359,524556,524559,197,3,2,36000,20.0
524365,524561,524564,196,3,2,36000,19.9
524371,524571,524574,200,3,2,36000,20.3
524371,524566,524569,195,3,2,36000,19.8
524377,524576,524579,199,3,2,36000,20.2
524383,524581,524585,198,4,2,36000,20.2
524388,524586,524590,198,4,2,36000,20.2
524394,524591,524595,197,4,2,36000,20.1
524400,524596,524600,196,4,2,36000,20.0
524405,524601,524605,196,4,2,36000,20.0
524411,524607,524610,196,3,2,36000,19.9
524417,524612,524615,195,3,2,36000,19.8
524423,524617,524620,194,3,2,36000,19.7
524428,524622,524625,194,3,2,36000,19.7
524434,524627,524630,193,3,2,36000,19.6
524435,524632,524635,197,3,2,36000,20.0
524440,524637,524641,197,4,2,36000,20.1
524446,524642,524646,196,4,2,36000,20.0
524452,524647,524651,195,4,2,36000,19.9
524458,524653,524656,195,3,2,36000,19.8
524463,524658,524661,195,3,2,36000,19.8
524469,524663,524666,194,3,2,36000,19.7
524474,524670,524674,196,4,2,36000,20.0
524480,524675,524679,195,4,2,36000,19.9
524481,524680,524684,199,4,2,36000,20.3
524486,524685,524689,199,4,2,36000,20.3
524492,524690,524694,198,4,2,36000,20.2
524500,524696,524699,196,3,2,36000,19.9
524506,524701,524704,195,3,2,36000,19.8
524507,524706,524709,199,3,2,36000,20.2
524513,524711,524714,198,3,2,36000,20.1
524519,524716,524720,197,4,2,36000,20.1
524525,524721,524725,196,4,2,36000,20.0
524530,524726,524730,196,4,2,36000,20.0
524536,524731,524735,195,4,2,36000,19.9
524542,524736,524740,194,4,2,36000,19.8
524542,524742,524745,200,3,2,36000,20.3
524553,524747,524750,194,3,2,36000,19.7
524560,524752,524755,192,3,2,36000,19.5
524562,524757,524760,195,3,2,36000,19.8
524568,524762,524765,194,3,2,36000,19.7
524574,524767,524771,193,4,2,36000,19.7
524580,524772,524776,192,4,2,36000,19.6
524580,524777,524781,197,4,2,36000,20.1
524586,524782,524786,196,4,2,36000,20.0
524591,524787,524791,196,4,2,36000,20.0
524597,524793,524796,196,3,2,36000,19.9
524602,524800,524804,198,4,2,36000,20.2
524608,524805,524809,197,4,2,36000,20.1
524614,524810,524814,196,4,2,36000,20.0
524620,524815,524819,195,4,2,36000,19.9
524625,524821,524824,196,3,2,36000,19.9
524631,524831,524839,200,8,2,36000,20.8
524631,524826,524829,195,3,2,36000,19.8
524639,524836,524844,197,8,2,36000,20.5
524645,524841,524844,196,3,2,36000,19.9
524650,524846,524849,196,3,2,36000,19.9
524656,524851,524855,195,4,2,36000,19.9
524691,524856,524860,165,4,2,36000,16.9
524693,524861,524865,168,4,2,36000,17.2
524705,524866,524870,161,4,2,36000,16.5
524705,524872,524875,167,3,2,36000,17.0
524706,524892,524896,186,4,2,36000,19.0
524706,524887,524890,181,3,2,36000,18.4
524706,524877,524880,171,3,2,36000,17.4
524706,524882,524885,176,3,2,36000,17.9
524707,524897,524901,190,4,2,36000,19.4
524707,524902,524906,195,4,2,36000,19.9
524715,524907,524911,192,4,2,36000,19.6
524715,524913,524916,198,3,2,36000,20.1
524721,524918,524921,197,3,2,36000,20.0
524727,524923,524926,196,3,2,36000,19.9
524733,524930,524933,197,3,2,36000,20.0
524738,524935,524938,197,3,2,36000,20.0
524744,524940,524943,196,3,2,36000,19.9
524750,524945,524948,195,3,2,36000,19.8
524755,524950,524954,195,4,2,36000,19.9
524756,524955,524959,199,4,2,36000,20.3
524762,524960,524964,198,4,2,36000,20.2
524767,524965,524969,198,4,2,36000,20.2
524773,524971,524974,198,3,2,36000,20.1
524779,524976,524979,197,3,2,36000,20.0
524785,524981,524984,196,3,2,36000,19.9
524790,524986,524989,196,3,2,36000,19.9
524796,524991,524994,195,3,2,36000,19.8
524796,524996,525000,200,4,2,36000,20.4
524802,525001,525005,199,4,2,36000,20.3
524813,525006,525010,193,4,2,36000,19.7
524819,525011,525015,192,4,2,36000,19.6
524819,525017,525020,198,3,2,36000,20.1
524825,525022,525025,197,3,2,36000,20.0
524831,525027,525030,196,3,2,36000,19.9
524837,525032,525035,195,3,2,36000,19.8
524848,525037,525040,189,3,2,36000,19.2
524854,525042,525046,188,4,2,36000,19.2
524854,525047,525051,193,4,2,36000,19.7
524855,525057,525062,202,5,2,300,20.7
524859,525052,525056,193,4,2,36000,19.7
524865,525065,525069,200,4,2,36000,20.4
524865,525070,525074,205,4,2,36000,20.9
524871,525075,525079,204,4,2,36000,20.8
524877,525081,525084,204,3,2,36000,20.7
524882,525086,525089,204,3,2,36000,20.7
524888,525091,525094,203,3,2,36000,20.6
524894,525096,525098,202,2,2,36000,20.4
524900,525101,525104,201,3,2,36000,20.4
524905,525106,525110,201,4,2,36000,20.5
524911,525111,525115,200,4,2,36000,20.4
524911,525116,525120,205,4,2,36000,20.9
524917,525121,525124,204,3,2,36000,20.7
524923,525127,525130,204,3,2,36000,20.7
524929,525132,525135,203,3,2,36000,20.6
524934,525137,525140,203,3,2,36000,20.6
524940,525142,525145,202,3,2,36000,20.5
524945,525147,525150,202,3,2,36000,20.5
524996,525152,525156,156,4,2,36000,16.0
524996,525157,525161,161,4,2,36000,16.5
524996,525162,525166,166,4,2,36000,17.0
524996,525167,525171,171,4,2,36000,17.5
524997,525172,525176,175,4,2,36000,17.9
524997,525178,525181,181,3,2,36000,18.4
524998,525183,525186,185,3,2,36000,18.8
524998,525188,525191,190,3,2,36000,19.3
524998,525195,525199,197,4,2,36000,20.1
524999,525200,525204,201,4,2,36000,20.5
525004,525205,525209,201,4,2,36000,20.5
525010,525216,525219,206,3,2,36000,20.9
525010,525210,525214,200,4,2,36000,20.4
525016,525221,525224,205,3,2,36000,20.8
525022,525226,525229,204,3,2,36000,20.7
525027,525231,525234,204,3,2,36000,20.7
525033,525236,525239,203,3,2,36000,20.6
525039,525241,525245,202,4,2,36000,20.6
525045,525246,525250,201,4,2,36000,20.5
525050,525251,525255,201,4,2,36000,20.5
525056,525256,525260,200,4,2,36000,20.4
525057,525261,525265,204,4,2,36000,20.8
525062,525267,525270,205,3,2,36000,20.8
525070,525323,525345,253,22,2,300,12.5
525079,525272,525275,193,3,2,36000,19.6
525080,525277,525280,197,3,2,36000,20.0
525086,525282,525286,196,4,2,36000,20.0
525138,525287,525291,149,4,2,36000,15.3
525139,525292,525296,153,4,2,36000,15.7
525141,525297,525301,156,4,2,36000,16.0
525141,525302,525306,161,4,2,36000,16.5
525142,525308,525311,166,3,2,36000,16.9
525142,525313,525316,171,3,2,36000,17.4
525143,525318,525320,175,2,2,36000,17.7
525144,525330,525334,186,4,2,36000,19.0
525144,525335,525339,191,4,2,36000,19.5
525145,525346,525349,201,3,2,36000,20.4
525145,525341,525344,196,3,2,36000,19.9
525146,525351,525354,205,3,2,36000,20.8
525152,525356,525359,204,3,2,36000,20.7
525208,525361,525364,153,3,2,36000,15.6
525208,525366,525370,158,4,2,36000,16.2
525353,525372,525431,19,59,2,300,1.32203389831
525439,525445,525686,6,241,2,300,1.02489626556
525697,525703,525718,6,15,2,300,1.4
525725,525731,525753,6,22,2,300,1.27272727273
525761,525768,525791,7,23,2,360,1.30434782609
525797,525804,526114,7,310,2,300,1.02258064516
526131,526137,526402,6,265,2,360,1.02264150943
552920,552926,552930,6,4,2,36000,1.0
552921,552931,552935,10,4,2,36000,1.4
552921,552936,552939,15,3,2,36000,1.8
552921,552942,552945,21,3,2,36000,2.4
552921,552947,552951,26,4,2,36000,3.0
552922,552952,552956,30,4,2,36000,3.4
552922,552957,552961,35,4,2,36000,3.9
552922,552962,552966,40,4,2,36000,4.4
552922,552968,552971,46,3,2,36000,4.9
552922,552973,552974,51,1,2,36000,5.2
552923,552998,552999,75,1,2,36000,7.6
552923,552988,552989,65,1,2,36000,6.6
552923,552993,552994,70,1,2,36000,7.1
552923,552983,552984,60,1,2,36000,6.1
552923,552978,552979,55,1,2,36000,5.6
552924,553003,553004,79,1,2,36000,8.0
552924,553008,553009,84,1,2,36000,8.5
552924,553014,553015,90,1,2,36000,9.1
552924,553019,553020,95,1,2,36000,9.6
552925,553044,553045,119,1,2,36000,12.0
552925,553039,553041,114,2,2,36000,11.6
552925,553034,553038,109,4,2,36000,11.3
552925,553029,553032,104,3,2,36000,10.7
552925,553024,553025,99,1,2,36000,10.0
552926,553049,553050,123,1,2,36000,12.4
552926,553054,553057,128,3,2,36000,13.1
552926,553060,553061,134,1,2,36000,13.5
552926,553065,553066,139,1,2,36000,14.0
553383,553389,557147,6,3758,2,36000,1.00159659393
553383,553394,557224,11,3830,2,36000,1.00287206266
553384,553410,557209,26,3799,2,36000,1.00684390629
553384,553405,557212,21,3807,2,36000,1.00551615445
553384,553400,557239,16,3839,2,36000,1.00416775202
553385,553420,557216,35,3796,2,36000,1.00922023182
553385,553415,557185,30,3770,2,36000,1.00795755968
553385,553425,557189,40,3764,2,36000,1.01062699256
553385,553430,557226,45,3796,2,36000,1.01185458377
553386,553441,557296,55,3855,2,36000,1.01426718547
553386,553456,557210,70,3754,2,36000,1.01864677677
553386,553435,557165,49,3730,2,36000,1.01313672922
553386,553451,557168,65,3717,2,36000,1.01748722088
553386,553446,557250,60,3804,2,36000,1.01577287066
553387,553472,557294,85,3822,2,36000,1.0222396651
553387,553477,557292,90,3815,2,36000,1.02359108781
553387,553461,557078,74,3617,2,36000,1.02045894388
553387,553466,557300,79,3834,2,36000,1.02060511215
553388,553502,557325,114,3823,2,36000,1.02981951347
553388,553487,557254,99,3767,2,36000,1.0262808601
553388,553497,557304,109,3807,2,36000,1.02863146835
553388,553482,557271,94,3789,2,36000,1.02480865664
553388,553492,557267,104,3775,2,36000,1.02754966887
553389,553517,557300,128,3783,2,36000,1.03383558023
553389,553512,557329,123,3817,2,36000,1.03222425989
553389,553507,557323,118,3816,2,36000,1.03092243187
553389,553523,557112,134,3589,2,36000,1.03733630538
553390,553589,557373,199,3784,2,36000,1.05258985201
553391,553594,557403,203,3809,2,36000,1.05329482804
553391,553599,557402,208,3803,2,36000,1.0546936629
553392,553604,557391,212,3787,2,36000,1.05598098759
553392,553609,557359,217,3750,2,36000,1.05786666667
553392,553614,557422,222,3808,2,36000,1.05829831933
553393,553625,557446,232,3821,2,36000,1.06071708977
553393,553630,557308,237,3678,2,36000,1.06443719413
553393,553635,557470,242,3835,2,36000,1.0631029987
553393,553619,557354,226,3735,2,36000,1.06050870147
553394,553645,557461,251,3816,2,36000,1.06577568134
553394,553650,557352,256,3702,2,36000,1.06915180983
553394,553640,557444,246,3804,2,36000,1.06466876972
554146,554152,554285,6,133,2,3600,1.04511278195
554506,554512,554513,6,1,2,600,1.0
554622,554628,554739,6,111,2,3600,1.05405405405
555108,555114,555300,6,186,2,600,1.03225806452
555201,555207,555286,6,79,2,3600,1.07594936709
555417,555424,555478,7,54,2,3600,1.12962962963
555505,555511,555585,6,74,2,600,1.08108108108
555655,555661,555743,6,82,2,600,1.07317073171
557088,557094,560870,6,3776,2,36000,1.00158898305
557120,557126,560788,6,3662,2,36000,1.00163844894
557153,557159,560952,6,3793,2,36000,1.00158186132
557175,557180,560979,5,3799,2,36000,1.00131613583
557175,557186,560978,11,3792,2,36000,1.00290084388
557192,557198,560947,6,3749,2,36000,1.00160042678
557197,557204,561021,7,3817,2,36000,1.00183390097
557214,557219,561022,5,3803,2,36000,1.00131475151
557220,557226,560995,6,3769,2,36000,1.0015919342
557221,557232,561044,11,3812,2,36000,1.00288562434
557227,557237,561016,10,3779,2,36000,1.0026462027
557232,557243,561015,11,3772,2,36000,1.00291622481
557233,557248,561039,15,3791,2,36000,1.00395673965
557250,557256,561056,6,3800,2,36000,1.00157894737
557255,557262,561049,7,3787,2,36000,1.00184842884
557261,557268,561045,7,3777,2,36000,1.00185332274
557277,557283,561069,6,3786,2,36000,1.00158478605
557278,557288,561092,10,3804,2,36000,1.00262881178
557300,557306,561105,6,3799,2,36000,1.00157936299
557301,557311,561121,10,3810,2,36000,1.00262467192
557306,557323,560947,17,3624,2,36000,1.00469094923
557306,557317,560969,11,3652,2,36000,1.00301204819
557307,557328,560930,21,3602,2,36000,1.00583009439
557313,557333,560684,20,3351,2,36000,1.00596836765
557319,557339,560922,20,3583,2,36000,1.0055819146
557374,557380,561140,6,3760,2,36000,1.00159574468
557375,557396,561216,21,3820,2,36000,1.0054973822
557375,557385,561227,10,3842,2,36000,1.00260281104
557375,557391,561250,16,3859,2,36000,1.00414615185
557375,557401,561262,26,3861,2,36000,1.00673400673
557376,557406,561226,30,3820,2,36000,1.00785340314
557383,557411,561230,28,3819,2,36000,1.00733176224
557399,557417,561262,18,3845,2,36000,1.00468140442
557410,557422,561242,12,3820,2,36000,1.00314136126
557414,557428,561273,14,3845,2,36000,1.00364109233
557431,557437,561269,6,3832,2,36000,1.001565762
557452,557458,561254,6,3796,2,36000,1.00158061117
557453,557464,561287,11,3823,2,36000,1.00287732148
557469,557475,561295,6,3820,2,36000,1.00157068063
557480,557486,561278,6,3792,2,36000,1.00158227848
560691,560697,564257,6,3560,2,36000,1.00168539326
560793,560799,564619,6,3820,2,36000,1.00157068063
560879,560885,564573,6,3688,2,36000,1.00162689805
560933,560940,564731,7,3791,2,36000,1.0018464785
560940,560946,564761,6,3815,2,36000,1.00157273919
560957,560962,564785,5,3823,2,36000,1.0013078734
560957,560968,564785,11,3817,2,36000,1.00288184438
560958,560973,564788,15,3815,2,36000,1.00393184797
560980,560986,564811,6,3825,2,36000,1.00156862745
560986,560992,564813,6,3821,2,36000,1.00157026956
560986,560997,564852,11,3855,2,36000,1.00285343709
561001,561007,564814,6,3807,2,36000,1.00157604413
561023,561034,564787,11,3753,2,36000,1.00293098854
561023,561029,564819,6,3790,2,36000,1.00158311346
561029,561040,564845,11,3805,2,36000,1.00289093298
561030,561045,564796,15,3751,2,36000,1.00399893362
561046,561052,564831,6,3779,2,36000,1.00158772162
561052,561064,564892,12,3828,2,36000,1.00313479624
561052,561058,564810,6,3752,2,36000,1.00159914712
561059,561069,564879,10,3810,2,36000,1.00262467192
561064,561075,564833,11,3758,2,36000,1.00292708888
561075,561081,564846,6,3765,2,36000,1.0015936255
561102,561108,564888,6,3780,2,36000,1.00158730159
561113,561119,564897,6,3778,2,36000,1.00158814187
561129,561135,564905,6,3770,2,36000,1.00159151194
561146,561152,564885,6,3733,2,36000,1.00160728636
561226,561232,564622,6,3390,2,36000,1.0017699115
561232,561238,564915,6,3677,2,36000,1.00163176503
561237,561249,564526,12,3277,2,36000,1.00366188587
561237,561244,564733,7,3489,2,36000,1.00200630553
561248,561255,564994,7,3739,2,36000,1.00187215833
561259,561265,564796,6,3531,2,36000,1.00169923534
561260,561271,564594,11,3323,2,36000,1.00331026181
561271,561277,564963,6,3686,2,36000,1.00162778079
561272,561283,564947,11,3664,2,36000,1.00300218341
561278,561288,563996,10,2708,2,36000,1.00369276219
561283,561294,565016,11,3722,2,36000,1.00295540032
561284,561299,564856,15,3557,2,36000,1.00421703683
561295,561305,563769,10,2464,2,36000,1.00405844156
561301,561311,564328,10,3017,2,36000,1.00331455088
562806,562811,562816,5,5,4,540000,1.0
563779,563786,567548,7,3762,2,36000,1.00186071239
564006,564012,567464,6,3452,2,36000,1.00173812283
564267,564273,568087,6,3814,2,36000,1.00157315155
564337,564343,568144,6,3801,2,36000,1.00157853197
564579,564585,568421,6,3836,2,36000,1.0015641293
564580,564590,568420,10,3830,2,36000,1.00261096606
564602,564608,568435,6,3827,2,36000,1.00156780768
564629,564640,568453,11,3813,2,36000,1.00288486756
564629,564634,568478,5,3844,2,36000,1.00130072841
564739,564745,568571,6,3826,2,36000,1.00156821746
564739,564750,568586,11,3836,2,36000,1.00286757039
564766,564772,568636,6,3864,2,36000,1.00155279503
564793,564804,568644,11,3840,2,36000,1.00286458333
564793,564798,568638,5,3840,2,36000,1.00130208333
564794,564814,568654,20,3840,2,36000,1.00520833333
564794,564809,568624,15,3815,2,36000,1.00393184797
564805,564820,568661,15,3841,2,36000,1.00390523301
564805,564825,568561,20,3736,2,36000,1.00535331906
564817,564831,568684,14,3853,2,36000,1.00363353231
564817,564836,568586,19,3750,2,36000,1.00506666667
564822,564841,568685,19,3844,2,36000,1.00494276795
564823,564846,568644,23,3798,2,36000,1.00605581885
564831,564852,568698,21,3846,2,36000,1.00546021841
564837,564857,568376,20,3519,2,36000,1.00568343279
564843,564862,568620,19,3758,2,36000,1.00505588079
564854,564868,568658,14,3790,2,36000,1.0036939314
564854,564873,568498,19,3625,2,36000,1.00524137931
564860,564878,568656,18,3778,2,36000,1.00476442562
564865,564884,568711,19,3827,2,36000,1.00496472433
564889,564895,568721,6,3826,2,36000,1.00156821746
564895,564901,568661,6,3760,2,36000,1.00159574468
564896,564907,568491,11,3584,2,36000,1.00306919643
564901,564912,568768,11,3856,2,36000,1.0028526971
564907,564918,568772,11,3854,2,36000,1.00285417748
564913,564924,568611,11,3687,2,36000,1.00298345538
564924,564930,568787,6,3857,2,36000,1.00155561317
564956,564962,568783,6,3821,2,36000,1.00157026956
564972,564978,568803,6,3825,2,36000,1.00156862745
565003,565009,568823,6,3814,2,36000,1.00157315155
565024,565031,568845,7,3814,2,36000,1.00183534347
567409,567415,567717,6,302,4,300,1.01986754967
567473,567479,571237,6,3758,2,36000,1.00159659393
567554,567560,571312,6,3752,2,36000,1.00159914712
568094,568100,571899,6,3799,2,36000,1.00157936299
568152,568158,571948,6,3790,2,36000,1.00158311346
568383,568389,572038,6,3649,2,36000,1.00164428611
568430,568441,572183,11,3742,2,36000,1.00293960449
568430,568436,572174,6,3738,2,36000,1.00160513644
568441,568446,572184,5,3738,2,36000,1.0013376137
568462,568468,572255,6,3787,2,36000,1.00158436757
568489,568495,572215,6,3720,2,36000,1.00161290323
568500,568506,572224,6,3718,2,36000,1.00161377084
568505,568512,572258,7,3746,2,36000,1.0018686599
568569,568575,572341,6,3766,2,36000,1.00159320234
568580,568586,572377,6,3791,2,36000,1.00158269586
568591,568597,572373,6,3776,2,36000,1.00158898305
568592,568603,572354,11,3751,2,36000,1.00293255132
568645,568656,572457,11,3801,2,36000,1.00289397527
568645,568651,572484,6,3833,2,36000,1.00156535351
568646,568662,572495,16,3833,2,36000,1.00417427602
568647,568667,572448,20,3781,2,36000,1.00528960592
568647,568672,572491,25,3819,2,36000,1.00654621629
568653,568677,572482,24,3805,2,36000,1.00630749014
568654,568682,572488,28,3806,2,36000,1.00735680504
568664,568688,572525,24,3837,2,36000,1.00625488663
568665,568698,572474,33,3776,2,36000,1.00873940678
568665,568693,572518,28,3825,2,36000,1.00732026144
568671,568708,572488,37,3780,2,36000,1.00978835979
568671,568703,572490,32,3787,2,36000,1.00844996039
568692,568715,572527,23,3812,2,36000,1.00603357817
568693,568720,572539,27,3819,2,36000,1.00706991359
568704,568725,572499,21,3774,2,36000,1.00556438792
568721,568731,572566,10,3835,2,36000,1.00260756193
568731,568737,572494,6,3757,2,36000,1.0015970189
568773,568778,572560,5,3782,2,36000,1.00132205182
568779,568784,572596,5,3812,2,36000,1.00131164743
568790,568796,572567,6,3771,2,36000,1.0015910899
568795,568802,572619,7,3817,2,36000,1.00183390097
568811,568817,572606,6,3789,2,36000,1.00158353127
568833,568839,572640,6,3801,2,36000,1.00157853197
568854,568860,572678,6,3818,2,36000,1.0015715034
570261,570267,578131,6,7864,64,36000,1.0007629705
571247,571253,575049,6,3796,2,36000,1.00158061117
571319,571325,575125,6,3800,2,36000,1.00157894737
571907,571914,574308,7,2394,2,36000,1.00292397661
571954,571961,575644,7,3683,2,36000,1.00190062449
572047,572054,575563,7,3509,2,36000,1.00199487033
572184,572190,575989,6,3799,2,36000,1.00157936299
572190,572196,575961,6,3765,2,36000,1.0015936255
572191,572202,575991,11,3789,2,36000,1.00290314067
572222,572229,576023,7,3794,2,36000,1.00184501845
572233,572240,575990,7,3750,2,36000,1.00186666667
572265,572271,576038,6,3767,2,36000,1.0015927794
572265,572276,576060,11,3784,2,36000,1.00290697674
572349,572355,576143,6,3788,2,36000,1.00158394931
572360,572366,576148,6,3782,2,36000,1.00158646219
572382,572388,576159,6,3771,2,36000,1.0015910899
572387,572394,576169,7,3775,2,36000,1.00185430464
572454,572460,576198,6,3738,2,36000,1.00160513644
572465,572471,576242,6,3771,2,36000,1.0015910899
572482,572488,576237,6,3749,2,36000,1.00160042678
572488,572494,576277,6,3783,2,36000,1.00158604282
572494,572500,576248,6,3748,2,36000,1.00160085379
572495,572506,576277,11,3771,2,36000,1.00291699814
572495,572511,576226,16,3715,2,36000,1.00430686406
572501,572517,576262,16,3745,2,36000,1.00427236315
572501,572522,576266,21,3744,2,36000,1.00560897436
572502,572532,576274,30,3742,2,36000,1.00801710315
572502,572527,576237,25,3710,2,36000,1.00673854447
572508,572537,576257,29,3720,2,36000,1.00779569892
572524,572544,576217,20,3673,2,36000,1.00544514021
572535,572549,576332,14,3783,2,36000,1.00370076659
572535,572554,576288,19,3734,2,36000,1.00508837708
572546,572560,576325,14,3765,2,36000,1.0037184595
572568,572574,576150,6,3576,2,36000,1.00167785235
572574,572585,576287,11,3702,2,36000,1.00297136683
572574,572580,576315,6,3735,2,36000,1.0016064257
572606,572612,576363,6,3751,2,36000,1.00159957345
572612,572618,576335,6,3717,2,36000,1.001614205
572628,572634,575832,6,3198,2,36000,1.00187617261
572649,572655,575811,6,3156,2,36000,1.00190114068
572685,572691,576477,6,3786,2,36000,1.00158478605
574318,574325,578087,7,3762,2,36000,1.00186071239
575059,575065,578885,6,3820,2,36000,1.00157068063
575131,575136,578956,5,3820,2,36000,1.00130890052
575571,575577,579404,6,3827,2,36000,1.00156780768
575653,575659,579445,6,3786,2,36000,1.00158478605
575817,575823,579626,6,3803,2,36000,1.00157770181
575838,575845,579653,7,3808,2,36000,1.00183823529
575970,575976,579775,6,3799,2,36000,1.00157936299
575997,576003,579848,6,3845,2,36000,1.00156046814
575997,576013,579786,16,3773,2,36000,1.0042406573
575997,576008,579828,11,3820,2,36000,1.00287958115
576029,576035,579824,6,3789,2,36000,1.00158353127
576045,576051,579862,6,3811,2,36000,1.00157438992
576067,576073,579867,6,3794,2,36000,1.00158144439
576150,576156,579942,6,3786,2,36000,1.00158478605
576156,576167,579976,11,3809,2,36000,1.00288789709
576156,576162,579988,6,3826,2,36000,1.00156821746
576167,576173,579976,6,3803,2,36000,1.00157770181
576178,576184,580014,6,3830,2,36000,1.00156657963
576205,576211,580024,6,3813,2,36000,1.00157356412
576228,576234,579712,6,3478,2,36000,1.00172512938
576234,576239,579799,5,3560,2,36000,1.00140449438
576245,576251,579862,6,3611,2,36000,1.00166158959
576245,576256,579945,11,3689,2,36000,1.0029818379
576251,576262,579698,11,3436,2,36000,1.00320139697
576257,576268,580058,11,3790,2,36000,1.00290237467
576263,576273,579639,10,3366,2,36000,1.00297088532
576268,576279,580096,11,3817,2,36000,1.00288184438
576274,576285,579935,11,3650,2,36000,1.00301369863
576280,576291,579800,11,3509,2,36000,1.00313479624
576286,576302,580107,16,3805,2,36000,1.00420499343
576286,576297,579989,11,3692,2,36000,1.00297941495
576297,576313,580071,16,3758,2,36000,1.00425758382
576297,576308,580015,11,3707,2,36000,1.00296735905
576324,576330,580087,6,3757,2,36000,1.0015970189
576335,576341,580157,6,3816,2,36000,1.00157232704
576340,576346,579993,6,3647,2,36000,1.00164518783
576341,576351,580109,10,3758,2,36000,1.00266098989
576372,576379,579972,7,3593,2,36000,1.00194823267
576487,576494,580154,7,3660,2,36000,1.00191256831
576636,576642,736005,6,159363,12,345600,1.00003764989
578094,578101,581954,7,3853,2,36000,1.00181676616
578895,578901,582296,6,3395,2,36000,1.00176730486
578962,578969,582765,7,3796,2,36000,1.00184404636
579411,579417,583150,6,3733,2,36000,1.00160728636
579453,579459,583192,6,3733,2,36000,1.00160728636
579636,579642,582812,6,3170,2,36000,1.00189274448
579647,579653,582731,6,3078,2,36000,1.00194931774
579663,579669,582825,6,3156,2,36000,1.00190114068
579705,579711,583417,6,3706,2,36000,1.00161899622
579721,579727,582463,6,2736,2,36000,1.00219298246
579784,579791,582758,7,2967,2,36000,1.00235928547
579796,579802,582831,6,3029,2,36000,1.00198085177
579807,579817,583033,10,3216,2,36000,1.00310945274
579807,579812,582759,5,2947,2,36000,1.00169664065
579834,579839,582947,5,3108,2,36000,1.00160875161
579834,579845,582958,11,3113,2,36000,1.0035335689
579855,579862,582800,7,2938,2,36000,1.00238257318
579867,579872,583325,5,3453,2,36000,1.00144801622
579872,579878,583236,6,3358,2,36000,1.00178677784
579873,579884,583156,11,3272,2,36000,1.00336185819
579941,579947,583681,6,3734,2,36000,1.00160685592
579952,579963,583475,11,3512,2,36000,1.00313211845
579952,579958,583244,6,3286,2,36000,1.00182592818
579979,579985,583756,6,3771,2,36000,1.0015910899
579985,579996,583785,11,3789,2,36000,1.00290314067
579985,579990,583719,5,3729,2,36000,1.00134084205
579996,580002,583587,6,3585,2,36000,1.00167364017
579997,580008,583741,11,3733,2,36000,1.00294669167
580002,580013,583748,11,3735,2,36000,1.00294511379
580024,580035,583806,11,3771,2,36000,1.00291699814
580024,580030,583807,6,3777,2,36000,1.00158856235
580030,580041,583817,11,3776,2,36000,1.00291313559
580067,580073,583870,6,3797,2,36000,1.00158019489
580080,580086,583850,6,3764,2,36000,1.00159404888
580096,580102,583906,6,3804,2,36000,1.00157728707
580107,580113,583876,6,3763,2,36000,1.0015944725
580113,580119,583897,6,3778,2,36000,1.00158814187
580118,580125,583908,7,3783,2,36000,1.00185038329
580160,580166,583948,6,3782,2,36000,1.00158646219
580165,580172,583978,7,3806,2,36000,1.00183920126
581960,581965,585734,5,3769,2,36000,1.00132661183
582305,582311,586107,6,3796,2,36000,1.00158061117
582473,582479,586263,6,3784,2,36000,1.00158562368
582737,582743,586497,6,3754,2,36000,1.00159829515
582764,582770,586350,6,3580,2,36000,1.00167597765
582770,582776,586592,6,3816,2,36000,1.00157232704
582775,582782,586603,7,3821,2,36000,1.00183198116
582807,582813,586510,6,3697,2,36000,1.00162293752
582818,582824,586226,6,3402,2,36000,1.00176366843
582834,582840,586622,6,3782,2,36000,1.00158646219
582839,582846,586603,7,3757,2,36000,1.00186318871
582954,582960,586332,6,3372,2,36000,1.00177935943
582965,582971,585693,6,2722,2,36000,1.00220426157
583039,583044,586279,5,3235,2,36000,1.00154559505
583160,583166,586798,6,3632,2,36000,1.00165198238
583165,583172,586846,7,3674,2,36000,1.00190528035
583201,583207,587024,6,3817,2,36000,1.00157191512
583243,583249,587072,6,3823,2,36000,1.00156944808
583255,583261,587089,6,3828,2,36000,1.00156739812
583333,583339,587126,6,3787,2,36000,1.00158436757
583426,583432,587234,6,3802,2,36000,1.00157811678
583485,583491,587292,6,3801,2,36000,1.00157853197
583595,583601,587298,6,3697,2,36000,1.00162293752
583690,583696,587200,6,3504,2,36000,1.00171232877
583727,583733,587198,6,3465,2,36000,1.00173160173
583748,583754,587448,6,3694,2,36000,1.00162425555
583754,583760,587474,6,3714,2,36000,1.00161550889
583765,583771,587297,6,3526,2,36000,1.00170164492
583791,583798,587452,7,3654,2,36000,1.00191570881
583813,583819,587462,6,3643,2,36000,1.00164699424
583813,583824,587457,11,3633,2,36000,1.00302780072
583825,583830,587322,5,3492,2,36000,1.00143184422
583857,583862,587217,5,3355,2,36000,1.00149031297
583878,583884,587263,6,3379,2,36000,1.00177567328
583884,583890,587113,6,3223,2,36000,1.00186161961
583905,583911,587340,6,3429,2,36000,1.00174978128
583916,583922,587704,6,3782,2,36000,1.00158646219
583917,583927,587606,10,3679,2,36000,1.00271812993
583955,583961,587570,6,3609,2,36000,1.00166251039
583988,583994,587720,6,3726,2,36000,1.00161030596
585698,585704,589503,6,3799,2,36000,1.00157936299
585740,585746,589548,6,3802,2,36000,1.00157811678
586117,586123,589903,6,3780,2,36000,1.00158730159
586235,586241,590055,6,3814,2,36000,1.00157315155
586272,586278,589194,6,2916,2,36000,1.00205761317
586288,586294,589696,6,3402,2,36000,1.00176366843
586338,586344,589125,6,2781,2,36000,1.0021574973
586359,586366,589431,7,3065,2,36000,1.00228384992
586504,586510,590297,6,3787,2,36000,1.00158436757
586520,586527,590217,7,3690,2,36000,1.00189701897
586598,586603,590423,5,3820,2,36000,1.00130890052
586609,586620,590411,11,3791,2,36000,1.00290160907
586609,586614,590409,5,3795,2,36000,1.00131752306
586631,586637,590353,6,3716,2,36000,1.0016146394
586806,586812,590568,6,3756,2,36000,1.00159744409
586853,586859,590629,6,3770,2,36000,1.00159151194
587030,587035,590836,5,3801,2,36000,1.0013154433
587078,587084,590862,6,3778,2,36000,1.00158814187
587099,587105,590886,6,3781,2,36000,1.00158688178
587121,587127,590933,6,3806,2,36000,1.00157645822
587132,587138,590935,6,3797,2,36000,1.00158019489
587205,587215,590991,10,3776,2,36000,1.00264830508
587205,587210,591022,5,3812,2,36000,1.00131164743
587227,587233,590960,6,3727,2,36000,1.00160987389
587243,587249,590983,6,3734,2,36000,1.00160685592
587269,587275,591029,6,3754,2,36000,1.00159829515
587300,587306,591035,6,3729,2,36000,1.00160901046
587306,587317,591067,11,3750,2,36000,1.00293333333
587306,587312,591028,6,3716,2,36000,1.0016146394
587327,587333,591005,6,3672,2,36000,1.00163398693
587349,587355,591078,6,3723,2,36000,1.00161160355
587458,587469,591042,11,3573,2,36000,1.0030786454
587458,587464,591086,6,3622,2,36000,1.00165654335
587464,587475,591205,11,3730,2,36000,1.00294906166
587470,587481,591216,11,3735,2,36000,1.00294511379
587481,587486,590475,5,2989,2,36000,1.00167280027
587578,587584,590345,6,2761,2,36000,1.00217312568
587615,587621,591305,6,3684,2,36000,1.0016286645
587712,587719,590881,7,3162,2,36000,1.00221378874
587729,587735,590794,6,3059,2,36000,1.0019614253
589133,589139,592432,6,3293,2,36000,1.00182204677
589200,589205,592953,5,3748,2,36000,1.00133404482
589439,589446,593182,7,3736,2,36000,1.00187366167
589512,589518,593225,6,3707,2,36000,1.00161855948
589553,589559,593303,6,3744,2,36000,1.0016025641
589702,589707,593492,5,3785,2,36000,1.00132100396
589911,589917,593710,6,3793,2,36000,1.00158186132
590065,590071,593726,6,3655,2,36000,1.00164158687
590225,590231,594009,6,3778,2,36000,1.00158814187
590307,590313,593754,6,3441,2,36000,1.00174367916
590356,590362,594173,6,3811,2,36000,1.00157438992
590362,590368,594143,6,3775,2,36000,1.00158940397
590419,590425,594224,6,3799,2,36000,1.00157936299
590420,590430,593983,10,3553,2,36000,1.00281452294
590431,590436,594149,5,3713,2,36000,1.00134661998
590482,590489,594223,7,3734,2,36000,1.00187466524
590576,590582,594349,6,3767,2,36000,1.0015927794
590635,590641,594445,6,3804,2,36000,1.00157728707
590804,590810,594548,6,3738,2,36000,1.00160513644
590846,590852,594429,6,3577,2,36000,1.00167738328
590868,590873,594680,5,3807,2,36000,1.00131337011
590890,590896,594706,6,3810,2,36000,1.00157480315
590895,590902,594684,7,3782,2,36000,1.00185087255
590943,590949,594766,6,3817,2,36000,1.00157191512
590943,590954,594760,11,3806,2,36000,1.00289017341
590970,590976,594777,6,3801,2,36000,1.00157853197
590991,590997,594820,6,3823,2,36000,1.00156944808
590997,591003,594799,6,3796,2,36000,1.00158061117
591013,591019,594849,6,3830,2,36000,1.00156657963
591029,591035,594831,6,3796,2,36000,1.00158061117
591035,591040,594777,5,3737,2,36000,1.00133797164
591035,591047,594841,12,3794,2,36000,1.00316288877
591041,591052,594840,11,3788,2,36000,1.00290390707
591052,591057,594787,5,3730,2,36000,1.00134048257
591073,591079,594809,6,3730,2,36000,1.00160857909
591084,591090,594891,6,3801,2,36000,1.00157853197
591095,591101,594814,6,3713,2,36000,1.00161594398
591213,591219,594995,6,3776,2,36000,1.00158898305
591224,591230,595024,6,3794,2,36000,1.00158144439
591311,591317,595108,6,3791,2,36000,1.00158269586
592440,592447,596202,7,3755,2,36000,1.00186418109
592853,592859,592866,6,7,16,3600,1.3
592960,592967,596177,7,3210,2,36000,1.00218068536
593190,593197,597003,7,3806,2,36000,1.00183920126
593235,593241,597015,6,3774,2,36000,1.00158982512
593308,593314,597079,6,3765,2,36000,1.0015936255
593499,593505,597285,6,3780,2,36000,1.00158730159
593522,593529,593608,7,79,16,3600,1.08860759494
593720,593726,597541,6,3815,2,36000,1.00157273919
593736,593742,597512,6,3770,2,36000,1.00159151194
593763,593769,597583,6,3814,2,36000,1.00157315155
593989,593995,597683,6,3688,2,36000,1.00162689805
594019,594025,597851,6,3826,2,36000,1.00156821746
594093,594099,594169,6,70,16,3600,1.08571428571
594151,594157,597932,6,3775,2,36000,1.00158940397
594156,594163,597978,7,3815,2,36000,1.00183486239
594183,594189,597956,6,3767,2,36000,1.0015927794
594230,594236,598028,6,3792,2,36000,1.00158227848
594230,594241,597837,11,3596,2,36000,1.00305895439
594338,594344,594415,6,71,16,3600,1.08450704225
594359,594365,598163,6,3798,2,36000,1.00157977883
594438,594444,598198,6,3754,2,36000,1.00159829515
594454,594460,598238,6,3778,2,36000,1.00158814187
594482,594488,594558,6,70,16,3600,1.08571428571
594554,594560,598377,6,3817,2,36000,1.00157191512
594689,594695,597759,6,3064,2,36000,1.00195822454
594694,594701,598044,7,3343,2,36000,1.00209392761
594716,594722,598058,6,3336,2,36000,1.00179856115
594769,594775,598119,6,3344,2,36000,1.00179425837
594775,594781,598011,6,3230,2,36000,1.00185758514
594786,594792,597922,6,3130,2,36000,1.00191693291
594786,594797,597853,11,3056,2,36000,1.00359947644
594797,594803,598149,6,3346,2,36000,1.00179318589
594808,594815,598111,7,3296,2,36000,1.00212378641
594814,594821,598115,7,3294,2,36000,1.0021250759
594820,594827,597630,7,2803,2,36000,1.0024973243
594826,594833,597854,7,3021,2,36000,1.00231711354
594842,594848,598373,6,3525,2,36000,1.00170212766
594847,594854,598011,7,3157,2,36000,1.0022172949
594848,594859,598206,11,3347,2,36000,1.00328652525
594858,594865,598419,7,3554,2,36000,1.00196961171
594900,594906,598683,6,3777,2,36000,1.00158856235
595005,595011,598532,6,3521,2,36000,1.00170406135
595032,595038,598305,6,3267,2,36000,1.00183654729
595114,595119,598518,5,3399,2,36000,1.00147102089
595394,595401,595495,7,94,16,3600,1.07446808511
596187,596193,599994,6,3801,2,36000,1.00157853197
596209,596215,600011,6,3796,2,36000,1.00158061117
597010,597016,600741,6,3725,2,36000,1.00161073826
597021,597028,600790,7,3762,2,36000,1.00186071239
597089,597095,600921,6,3826,2,36000,1.00156821746
597294,597300,600719,6,3419,2,36000,1.00175489909
597520,597526,600428,6,2902,2,36000,1.00206753963
597547,597553,600384,6,2831,2,36000,1.00211939244
597589,597594,601398,5,3804,2,36000,1.00131440589
597636,597641,601454,5,3813,2,36000,1.00131130344
597688,597694,601496,6,3802,2,36000,1.00157811678
597767,597773,601566,6,3793,2,36000,1.00158186132
597845,597851,601665,6,3814,2,36000,1.00157315155
597861,597867,601707,6,3840,2,36000,1.0015625
597862,597878,601673,16,3795,2,36000,1.00421607378
597862,597872,601695,10,3823,2,36000,1.0026157468
597930,597936,601727,6,3791,2,36000,1.00158269586
597941,597948,601728,7,3780,2,36000,1.00185185185
597963,597969,601784,6,3815,2,36000,1.00157273919
597984,597990,601782,6,3792,2,36000,1.00158227848
598016,598022,601791,6,3769,2,36000,1.0015919342
598017,598028,601815,11,3787,2,36000,1.00290467388
598038,598044,601860,6,3816,2,36000,1.00157232704
598054,598061,601854,7,3793,2,36000,1.00184550488
598065,598071,601842,6,3771,2,36000,1.0015910899
598117,598123,601919,6,3796,2,36000,1.00158061117
598123,598128,601908,5,3780,2,36000,1.00132275132
598129,598134,601903,5,3769,2,36000,1.00132661183
598155,598161,601930,6,3769,2,36000,1.0015919342
598172,598178,601943,6,3765,2,36000,1.0015936255
598203,598209,602000,6,3791,2,36000,1.00158269586
598214,598220,601987,6,3767,2,36000,1.0015927794
598246,598252,602088,6,3836,2,36000,1.0015641293
598314,598320,602084,6,3764,2,36000,1.00159404888
598381,598387,602196,6,3809,2,36000,1.00157521659
598387,598392,602167,5,3775,2,36000,1.00132450331
598429,598435,602241,6,3806,2,36000,1.00157645822
598526,598532,602311,6,3779,2,36000,1.00158772162
598542,598548,602336,6,3788,2,36000,1.00158394931
598691,598697,602396,6,3699,2,36000,1.00162206002
600001,600007,603733,6,3726,2,36000,1.00161030596
600017,600023,603689,6,3666,2,36000,1.00163666121
600390,600396,602923,6,2527,2,36000,1.00237435694
600437,600444,603936,7,3492,2,36000,1.0020045819
600729,600735,604507,6,3772,2,36000,1.00159066808
600750,600757,604506,7,3749,2,36000,1.00186716458
600797,600803,604576,6,3773,2,36000,1.00159024649
600930,600936,604698,6,3762,2,36000,1.00159489633
601304,601310,601311,6,1,2,300,1.0
601405,601411,605144,6,3733,2,36000,1.00160728636
601462,601468,605232,6,3764,2,36000,1.00159404888
601504,601510,605114,6,3604,2,36000,1.00166481687
601572,601579,605320,7,3741,2,36000,1.00187115744
601672,601678,605004,6,3326,2,36000,1.00180396873
601683,601689,605018,6,3329,2,36000,1.00180234305
601704,601710,605309,6,3599,2,36000,1.00166712976
601715,601721,605236,6,3515,2,36000,1.00170697013
601736,601747,605187,11,3440,2,36000,1.00319767442
601736,601742,605310,6,3568,2,36000,1.00168161435
601789,601795,605278,6,3483,2,36000,1.00172265289
601790,601800,605457,10,3657,2,36000,1.00273448182
601801,601806,605471,5,3665,2,36000,1.00136425648
601822,601828,605364,6,3536,2,36000,1.00169683258
601849,601855,605551,6,3696,2,36000,1.00162337662
601860,601865,605565,5,3700,2,36000,1.00135135135
601871,601877,605499,6,3622,2,36000,1.00165654335
601913,601918,605643,5,3725,2,36000,1.00134228188
601918,601924,605331,6,3407,2,36000,1.00176108013
601929,601936,605667,7,3731,2,36000,1.00187617261
601940,601946,605590,6,3644,2,36000,1.00164654226
601951,601957,605642,6,3685,2,36000,1.00162822252
601997,602004,605768,7,3764,2,36000,1.0018597237
602009,602015,605754,6,3739,2,36000,1.00160470714
602091,602097,605818,6,3721,2,36000,1.00161246977
602096,602103,605745,7,3642,2,36000,1.00192202087
602174,602180,605893,6,3713,2,36000,1.00161594398
602205,602212,605923,7,3711,2,36000,1.00188628402
602247,602253,605994,6,3741,2,36000,1.00160384924
602321,602327,606135,6,3808,2,36000,1.00157563025
602342,602349,606122,7,3773,2,36000,1.00185528757
602401,602407,606079,6,3672,2,36000,1.00163398693
602930,602936,606270,6,3334,2,36000,1.00179964007
603698,603704,607511,6,3807,2,36000,1.00157604413
603740,603746,607556,6,3810,2,36000,1.00157480315
603944,603950,607600,6,3650,2,36000,1.00164383562
604516,604527,608318,11,3791,2,36000,1.00290160907
604516,604521,608304,5,3783,2,36000,1.00132170235
604585,604591,608210,6,3619,2,36000,1.00165791655
604708,604714,607963,6,3249,2,36000,1.00184672207
