SubmitTime,StartTime,EndTime,QueuedTime,RunTime,NodesRequested,walltime,bslowdown
1392,1398,5130,6,3732,2,36000,1.00160771704
1422,1428,5115,6,3687,2,36000,1.0016273393
1450,1456,5302,6,3846,2,36000,1.0015600624
1515,1521,4846,6,3325,2,36000,1.00180451128
1531,1537,4645,6,3108,2,36000,1.00193050193
1546,1552,4862,6,3310,2,36000,1.00181268882
1589,1595,5312,6,3717,2,36000,1.001614205
1590,1601,5088,11,3487,2,36000,1.00315457413
1615,1621,4962,6,3341,2,36000,1.0017958695
1685,1691,5506,6,3815,2,36000,1.00157273919
1704,1710,5260,6,3550,2,36000,1.00169014085
1719,1725,5253,6,3528,2,36000,1.00170068027
1841,1847,5343,6,3496,2,36000,1.00171624714
1887,1893,5442,6,3549,2,36000,1.00169061708
1983,1989,5104,6,3115,2,36000,1.00192616372
2043,2050,5900,7,3850,2,36000,1.00181818182
2089,2095,5437,6,3342,2,36000,1.00179533214
2104,2110,5367,6,3257,2,36000,1.00184218606
2138,2144,5498,6,3354,2,36000,1.00178890877
2162,2169,5645,7,3476,2,36000,1.00201380898
2309,2315,5759,6,3444,2,36000,1.00174216028
2367,2373,5924,6,3551,2,36000,1.00168966488
2459,2465,5763,6,3298,2,36000,1.00181928441
2486,2493,6240,7,3747,2,36000,1.0018681612
2560,2566,5956,6,3390,2,36000,1.0017699115
2739,2745,6290,6,3545,2,36000,1.00169252468
3471,10352,10494,6881,142,14,14940,49.4577464789
4073,4079,7508,6,3429,2,36000,1.00174978128
4109,4115,7382,6,3267,2,36000,1.00183654729
4167,4173,8057,6,3884,2,36000,1.00154479918
4182,4188,7749,6,3561,2,36000,1.00168491997
4221,4228,7587,7,3359,2,36000,1.00208395356
4304,4310,7528,6,3218,2,36000,1.00186451212
4325,4331,7432,6,3101,2,36000,1.00193485972
4483,4490,8103,7,3613,2,36000,1.0019374481
4566,4572,9570,6,4998,2,36000,1.00120048019
4646,4652,8082,6,3430,2,36000,1.00174927114
4663,4669,7883,6,3214,2,36000,1.00186683261
4678,4684,8124,6,3440,2,36000,1.00174418605
4717,4723,8069,6,3346,2,36000,1.00179318589
4766,4772,8191,6,3419,2,36000,1.00175489909
4781,4787,7840,6,3053,2,36000,1.00196528005
4847,4853,8359,6,3506,2,36000,1.00171135197
4866,4872,8277,6,3405,2,36000,1.00176211454
4963,4969,8244,6,3275,2,36000,1.00183206107
5088,5095,8962,7,3867,2,36000,1.00181018878
5107,5113,8616,6,3503,2,36000,1.00171281758
5122,5128,8623,6,3495,2,36000,1.0017167382
5137,5143,8782,6,3639,2,36000,1.00164880462
5256,5262,9047,6,3785,2,36000,1.00158520476
5271,5278,8831,7,3553,2,36000,1.00197016606
5304,5311,8818,7,3507,2,36000,1.00199600798
5320,5326,8922,6,3596,2,36000,1.00166852058
5344,5350,8626,6,3276,2,36000,1.00183150183
5369,5375,8651,6,3276,2,36000,1.00183150183
5439,5445,9152,6,3707,2,36000,1.00161855948
5454,5460,9153,6,3693,2,36000,1.00162469537
5502,5508,8901,6,3393,2,36000,1.0017683466
5517,5523,8685,6,3162,2,36000,1.00189753321
5645,5651,9236,6,3585,2,36000,1.00167364017
5761,5767,8871,6,3104,2,36000,1.00193298969
5776,5782,8881,6,3099,2,36000,1.00193610842
5905,5911,10059,6,4148,2,36000,1.00144648023
5926,5932,9299,6,3367,2,36000,1.00178200178
5957,5963,9214,6,3251,2,36000,1.00184558597
6243,6249,9498,6,3249,2,36000,1.00184672207
6291,6298,10410,7,4112,2,36000,1.00170233463
7383,7390,10915,7,3525,2,36000,1.0019858156
7435,7442,10865,7,3423,2,36000,1.00204498978
7511,7517,12006,6,4489,2,36000,1.00133660058
7529,7535,11236,6,3701,2,36000,1.00162118346
7591,7597,11490,6,3893,2,36000,1.00154122784
7752,7758,11235,6,3477,2,36000,1.00172562554
7841,7847,11452,6,3605,2,36000,1.00166435506
7883,7890,11363,7,3473,2,36000,1.00201554852
8057,8063,11810,6,3747,2,36000,1.00160128102
8072,8078,11663,6,3585,2,36000,1.00167364017
8087,8093,11727,6,3634,2,36000,1.0016510732
8106,8112,11608,6,3496,2,36000,1.00171624714
8127,8133,12017,6,3884,2,36000,1.00154479918
8193,8200,11927,7,3727,2,36000,1.00187818621
8245,8251,11898,6,3647,2,36000,1.00164518783
8281,8288,11951,7,3663,2,36000,1.00191100191
8361,8368,11740,7,3372,2,36000,1.00207591934
8407,8413,8415,6,2,2,3540,1.0
8621,8627,12050,6,3423,2,36000,1.00175284838
8637,8643,12436,6,3793,2,36000,1.00158186132
8638,8649,12064,11,3415,2,36000,1.00322108346
8653,8659,12152,6,3493,2,36000,1.00171772116
8688,8694,12284,6,3590,2,36000,1.00167130919
8783,8789,12350,6,3561,2,36000,1.00168491997
8819,8825,12518,6,3693,2,36000,1.00162469537
8835,8841,12286,6,3445,2,36000,1.00174165457
8875,8881,12331,6,3450,2,36000,1.00173913043
8891,8897,12546,6,3649,2,36000,1.00164428611
8910,8916,12603,6,3687,2,36000,1.0016273393
8925,8931,12301,6,3370,2,36000,1.00178041543
8963,8969,12471,6,3502,2,36000,1.00171330668
9048,9054,12781,6,3727,2,36000,1.00160987389
9155,9161,12582,6,3421,2,36000,1.00175387314
9156,9167,12750,11,3583,2,36000,1.00307005303
9217,9223,12683,6,3460,2,36000,1.00173410405
9238,9244,12704,6,3460,2,36000,1.00173410405
9273,9279,9454,6,175,1,3600,1.03428571429
9302,9308,12970,6,3662,2,36000,1.00163844894
9500,9506,13102,6,3596,2,36000,1.00166852058
9571,9577,13243,6,3666,2,36000,1.00163666121
9628,9634,9962,6,328,1,3600,1.01829268293
10061,10067,13661,6,3594,2,36000,1.00166944908
10317,10323,11153,6,830,1,3600,1.00722891566
10412,10418,13978,6,3560,2,36000,1.00168539326
10494,10500,10510,6,10,1,900,1.6
10510,11623,11848,1113,225,14,14940,5.94666666667
10865,10872,37399,7,26527,2,36000,1.00026388208
10917,10923,13928,6,3005,2,36000,1.00199667221
11237,11243,37399,6,26156,2,36000,1.00022939287
11238,11249,37399,11,26150,2,36000,1.0004206501
11366,11372,37399,6,26027,2,36000,1.00023052983
11454,11460,37399,6,25939,2,36000,1.00023131192
11491,11497,37399,6,25902,2,36000,1.00023164234
11611,11617,37399,6,25782,2,36000,1.0002327205
11667,11673,37399,6,25726,2,36000,1.00023322709
11731,11737,37399,6,25662,2,36000,1.00023380874
11746,11752,37400,6,25648,2,36000,1.00023393637
11812,11817,37400,5,25583,2,36000,1.00019544229
11845,11852,11861,7,9,1,900,1.6
11855,12840,13068,985,228,14,14940,5.3201754386
11900,11906,37400,6,25494,2,36000,1.00023534949
11928,11934,37400,6,25466,2,36000,1.00023560826
11954,11960,37400,6,25440,2,36000,1.00023584906
12007,12013,37400,6,25387,2,36000,1.00023634143
12022,12028,37400,6,25372,2,36000,1.00023648116
12053,12059,37400,6,25341,2,36000,1.00023677045
12068,12074,37400,6,25326,2,36000,1.00023691068
12155,12161,37400,6,25239,2,36000,1.00023772733
12286,12292,37400,6,25108,2,36000,1.00023896766
12287,12298,37400,11,25102,2,36000,1.00043821209
12303,12309,37400,6,25091,2,36000,1.00023912957
12324,12330,12446,6,116,1,3600,1.05172413793
12333,12339,37400,6,25061,2,36000,1.00023941583
12351,12357,37400,6,25043,2,36000,1.00023958791
12442,12448,37400,6,24952,2,36000,1.00024046169
12472,12478,37400,6,24922,2,36000,1.00024075114
12492,12498,12791,6,293,1,3600,1.0204778157
12521,12527,37400,6,24873,2,36000,1.00024122543
12548,12555,37400,7,24845,2,36000,1.00028174683
12585,12591,37400,6,24809,2,36000,1.00024184772
12606,12612,37400,6,24788,2,36000,1.00024205261
12686,12692,37400,6,24708,2,36000,1.00024283633
12704,12711,37400,7,24689,2,36000,1.00028352708
12750,12756,37400,6,24644,2,36000,1.00024346697
12770,12777,12952,7,175,1,3600,1.04
12789,12795,37400,6,24605,2,36000,1.00024385288
12970,12976,37400,6,24424,2,36000,1.00024566001
13066,13072,13083,6,11,1,900,1.54545454545
13080,13086,13319,6,233,14,14940,1.02575107296
13105,13111,37400,6,24289,2,36000,1.0002470254
13123,13135,13483,12,348,1,3600,1.03448275862
13123,13129,13343,6,214,1,3600,1.02803738318
13245,13251,37400,6,24149,2,36000,1.00024845749
13317,13323,13333,6,10,1,900,1.6
13329,13335,13589,6,254,14,14940,1.02362204724
13495,13501,13504,6,3,1,3600,1.0
13661,13667,37400,6,23733,2,36000,1.00025281254
13928,13935,17736,7,3801,2,36000,1.00184162063
13974,13980,37400,6,23420,2,36000,1.00025619129
17737,17744,17747,7,3,2,36000,1.0
28773,28779,34775,6,5996,14,7200,1.00100066711
34991,34997,42206,6,7209,14,7200,1.00083229297
35765,35772,35941,7,169,16,356400,1.04142011834
35929,35935,36715,6,780,16,356400,1.00769230769
37031,37037,37039,6,2,16,356640,1.0
37467,37473,40716,6,3243,2,36000,1.00185013876
37468,37479,40973,11,3494,2,36000,1.00314825415
37469,37484,40911,15,3427,2,36000,1.00437700613
37471,37489,40874,18,3385,2,36000,1.00531757755
37472,37494,40911,22,3417,2,36000,1.00643839625
37473,37499,41049,26,3550,2,36000,1.00732394366
37475,37505,40751,30,3246,2,36000,1.00924214418
37476,37510,41134,34,3624,2,36000,1.00938189845
37477,37515,40974,38,3459,2,36000,1.01098583406
37479,37520,40875,41,3355,2,36000,1.01222056632
37480,37526,41537,46,4011,2,36000,1.01146846173
37481,37531,40994,50,3463,2,36000,1.01443834825
37483,37536,40844,53,3308,2,36000,1.01602176542
37484,37541,41183,57,3642,2,36000,1.01565074135
37486,37546,40954,60,3408,2,36000,1.0176056338
37487,37552,40914,65,3362,2,36000,1.01933372992
37488,37557,41095,69,3538,2,36000,1.01950254381
37490,37562,41396,72,3834,2,36000,1.01877934272
37491,37567,40814,76,3247,2,36000,1.02340622113
37493,37572,41009,79,3437,2,36000,1.02298516148
37494,37577,41090,83,3513,2,36000,1.02362653003
37495,37583,41191,88,3608,2,36000,1.0243902439
37497,37588,40950,91,3362,2,36000,1.02706722189
37498,37593,41111,95,3518,2,36000,1.02700397953
37500,37599,40947,99,3348,2,36000,1.02956989247
37501,37604,41744,103,4140,2,36000,1.02487922705
37503,37609,41397,106,3788,2,36000,1.02798310454
37504,37614,40959,110,3345,2,36000,1.03288490284
37505,37620,40934,115,3314,2,36000,1.03470126735
37507,37625,41143,118,3518,2,36000,1.03354178511
37508,37630,40972,122,3342,2,36000,1.03650508677
37510,37635,40854,125,3219,2,36000,1.03883193538
37511,37641,40926,130,3285,2,36000,1.0395738204
37512,37646,41674,134,4028,2,36000,1.03326713009
37514,37651,40995,137,3344,2,36000,1.04096889952
37515,37656,41031,141,3375,2,36000,1.04177777778
37516,37661,40934,145,3273,2,36000,1.04430186373
37518,37666,41233,148,3567,2,36000,1.0414914494
37519,37672,41205,153,3533,2,36000,1.04330597226
37520,37677,41168,157,3491,2,36000,1.04497278717
37702,37709,37716,7,7,16,356400,1.4
37810,37816,38323,6,507,16,356400,1.01183431953
38007,38013,39835,6,1822,32,3600,1.00329308452
38848,38854,45856,6,7002,8,36000,1.00085689803
38998,39914,39992,916,78,8,36000,12.7435897436
39135,39919,39991,784,72,8,36000,11.8888888889
39212,39240,39380,28,140,16,356400,1.2
39225,40003,40074,778,71,8,36000,11.9577464789
39506,40008,40380,502,372,8,36000,2.34946236559
39629,39846,39903,217,57,16,356400,4.80701754386
39680,40086,40145,406,59,8,36000,7.8813559322
39765,39851,41148,86,1297,16,356400,1.06630686199
39808,40157,40219,349,62,8,36000,6.62903225806
39880,40230,40289,350,59,8,36000,6.93220338983
40258,40292,46534,34,6242,8,36000,1.00544697212
40286,40297,49409,11,9112,8,36000,1.0012071993
40332,40338,44504,6,4166,8,36000,1.00144023044
40477,40483,56827,6,16344,8,36000,1.0003671072
40528,40886,47091,358,6205,8,36000,1.05769540693
40543,41159,42612,616,1453,16,356400,1.42395044735
40555,41203,47735,648,6532,8,36000,1.09920391917
40588,42623,47840,2035,5217,8,36000,1.39007092199
40719,40725,44078,6,3353,2,36000,1.00178944229
40752,40758,44092,6,3334,2,36000,1.00179964007
40815,40821,44298,6,3477,2,36000,1.00172562554
40844,40850,44245,6,3395,2,36000,1.00176730486
40859,40865,44279,6,3414,2,36000,1.00175746924
40874,40880,44353,6,3473,2,36000,1.00172761301
40889,40895,44040,6,3145,2,36000,1.00190779014
40915,40921,44313,6,3392,2,36000,1.00176886792
40917,40927,44271,10,3344,2,36000,1.00299043062
40918,40932,44302,14,3370,2,36000,1.00415430267
40933,40939,44258,6,3319,2,36000,1.00180777343
40950,40956,44776,6,3820,2,36000,1.00157068063
40951,40962,44160,11,3198,2,36000,1.00343964978
40952,40967,44642,15,3675,2,36000,1.00408163265
40954,40972,44592,18,3620,2,36000,1.00497237569
40971,40979,44621,8,3642,2,36000,1.00219659528
40972,40984,44531,12,3547,2,36000,1.00338314068
40988,40994,44134,6,3140,2,36000,1.00191082803
40990,41000,44247,10,3247,2,36000,1.00307976594
40991,41005,44242,14,3237,2,36000,1.00432499228
41007,41014,44594,7,3580,2,36000,1.00195530726
41009,41020,44515,11,3495,2,36000,1.00314735336
41025,41031,44310,6,3279,2,36000,1.00182982617
41041,41047,44660,6,3613,2,36000,1.0016606698
41055,41061,44970,6,3909,2,36000,1.00153491942
41093,41099,44561,6,3462,2,36000,1.00173310225
41108,41114,44374,6,3260,2,36000,1.0018404908
41123,41129,44464,6,3335,2,36000,1.00179910045
41138,41144,44687,6,3543,2,36000,1.0016934801
41153,41164,44583,11,3419,2,36000,1.003217315
41168,41174,44245,6,3071,2,36000,1.00195376099
41186,41192,44640,6,3448,2,36000,1.00174013921
41201,41209,44642,8,3433,2,36000,1.00233032333
41224,41230,44633,6,3403,2,36000,1.00176315016
41239,41245,44567,6,3322,2,36000,1.00180614088
41398,41405,44825,7,3420,2,36000,1.00204678363
41400,41410,44614,10,3204,2,36000,1.00312109863
41539,41545,45055,6,3510,2,36000,1.00170940171
41666,42217,42515,551,298,16,356400,2.84899328859
41675,41681,45165,6,3484,2,36000,1.00172215844
41744,41750,44822,6,3072,2,36000,1.001953125
43449,43455,45206,6,1751,16,356400,1.00342661336
43543,43549,43634,6,85,14,14940,1.07058823529
43632,43638,43641,6,3,1,900,1.0
43640,43646,43733,6,87,14,14940,1.06896551724
43727,43733,43736,6,3,1,900,1.0
43733,43742,43979,9,237,14,14940,1.03797468354
43977,43983,43987,6,4,1,900,1.0
43989,43995,44247,6,252,14,14940,1.02380952381
44043,44049,47555,6,3506,2,36000,1.00171135197
44080,44086,47646,6,3560,2,36000,1.00168539326
44095,44101,47438,6,3337,2,36000,1.00179802218
44137,44143,47327,6,3184,2,36000,1.00188442211
44162,44168,47721,6,3553,2,36000,1.00168871376
44243,44249,47383,6,3134,2,36000,1.00191448628
44247,44255,44261,8,6,1,900,1.4
44258,44264,44515,6,251,14,14940,1.02390438247
44259,44270,47960,11,3690,2,36000,1.00298102981
44260,44275,47811,15,3536,2,36000,1.00424208145
44262,44280,47669,18,3389,2,36000,1.00531130127
44263,44286,47659,23,3373,2,36000,1.00681885562
44278,44292,47610,14,3318,2,36000,1.00421940928
44293,44300,47433,7,3133,2,36000,1.00223428024
44310,44316,47447,6,3131,2,36000,1.00191632066
44311,44322,47251,11,2929,2,36000,1.00375554797
44326,44332,47575,6,3243,2,36000,1.00185013876
44327,44338,47676,11,3338,2,36000,1.00329538646
44355,44361,47988,6,3627,2,36000,1.00165425972
44376,44382,47430,6,3048,2,36000,1.00196850394
44465,44471,48303,6,3832,2,36000,1.001565762
44514,44521,44527,7,6,1,900,1.3
44517,44527,47996,10,3469,2,36000,1.00288267512
44531,44538,44773,7,235,14,14940,1.02978723404
44532,44543,47847,11,3304,2,36000,1.00332929782
44563,44569,48084,6,3515,2,36000,1.00170697013
44578,44584,47997,6,3413,2,36000,1.00175798418
44594,44600,47969,6,3369,2,36000,1.0017809439
44596,44606,48059,10,3453,2,36000,1.00289603244
44597,44611,48051,14,3440,2,36000,1.00406976744
44616,44622,47874,6,3252,2,36000,1.00184501845
44631,44637,48112,6,3475,2,36000,1.00172661871
44647,44653,48071,6,3418,2,36000,1.00175541252
44649,44659,48211,10,3552,2,36000,1.00281531532
44650,44664,48235,14,3571,2,36000,1.00392047046
44651,44669,48152,18,3483,2,36000,1.00516795866
44667,44675,48101,8,3426,2,36000,1.00233508465
44689,44695,48140,6,3445,2,36000,1.00174165457
44772,44778,44784,6,6,1,900,1.2
44778,44784,48244,6,3460,2,36000,1.00173410405
44787,44793,45003,6,210,14,14940,1.02857142857
44824,44830,48159,6,3329,2,36000,1.00180234305
44838,44845,48261,7,3416,2,36000,1.00204918033
44972,44978,48168,6,3190,2,36000,1.00188087774
45002,45008,45023,6,15,1,900,1.4
45016,45022,45155,6,133,14,14940,1.04511278195
45058,45064,48474,6,3410,2,36000,1.00175953079
45138,45144,193473,6,148329,18,172800,1.00004045062
45140,45166,53190,26,8024,8,36000,1.00324027916
45147,46118,54911,971,8793,8,36000,1.11042875014
45153,45159,45165,6,6,1,900,1.2
45154,46123,54526,969,8403,8,36000,1.11531595859
45160,46545,54570,1385,8025,8,36000,1.17258566978
45165,45867,46011,702,144,14,14940,5.875
45166,45172,48544,6,3372,2,36000,1.00177935943
46004,46010,46017,6,7,1,900,1.3
46011,46023,46166,12,143,14,14940,1.08391608392
46164,46170,46176,6,6,1,900,1.2
46171,46177,46329,6,152,14,14940,1.03947368421
46325,46331,46338,6,7,1,900,1.3
46334,46340,46485,6,145,14,14940,1.04137931034
46483,46489,46496,6,7,1,900,1.3
46490,46497,46631,7,134,14,14940,1.05223880597
46629,46636,46643,7,7,1,900,1.4
46636,46642,46779,6,137,14,14940,1.04379562044
46776,46782,46795,6,13,1,900,1.46153846154
46784,46790,46928,6,138,14,14940,1.04347826087
46914,47113,50261,199,3148,16,356400,1.06321473952
46926,46932,46945,6,13,1,900,1.46153846154
46933,46939,47102,6,163,14,14940,1.03680981595
47100,47106,47117,6,11,1,900,1.54545454545
47108,47342,47488,234,146,14,14940,2.60273972603
47254,47260,50890,6,3630,2,36000,1.00165289256
47330,47336,50875,6,3539,2,36000,1.00169539418
47388,47394,50881,6,3487,2,36000,1.0017206768
47432,47439,50986,7,3547,2,36000,1.00197349873
47450,47456,50881,6,3425,2,36000,1.00175182482
47451,47462,50831,11,3369,2,36000,1.00326506382
47453,47467,51133,14,3666,2,36000,1.00381887616
47486,47492,47498,6,6,1,900,1.2
47494,47499,47664,5,165,14,14940,1.0303030303
47556,47562,51043,6,3481,2,36000,1.00172364263
47577,47583,51008,6,3425,2,36000,1.00175182482
47613,47619,51089,6,3470,2,36000,1.00172910663
47646,47652,51259,6,3607,2,36000,1.00166343222
47662,47668,50933,6,3265,2,36000,1.00183767228
47662,47673,47680,11,7,1,900,1.8
47669,47679,47841,10,162,14,14940,1.06172839506
47678,47685,50937,7,3252,2,36000,1.00215252153
47679,47690,51628,11,3938,2,36000,1.00279329609
47722,47728,51032,6,3304,2,36000,1.00181598063
47814,47820,51467,6,3647,2,36000,1.00164518783
47839,47845,47852,6,7,1,900,1.3
47846,47851,48002,5,151,14,14940,1.03311258278
47850,47857,51383,7,3526,2,36000,1.00198525241
47875,47881,51241,6,3360,2,36000,1.00178571429
47963,47969,51569,6,3600,2,36000,1.00166666667
47979,47985,51156,6,3171,2,36000,1.00189214759
47994,48000,51618,6,3618,2,36000,1.00165837479
48000,48006,48013,6,7,1,900,1.3
48007,48013,48152,6,139,14,14940,1.04316546763
48009,48019,51375,10,3356,2,36000,1.00297973778
48011,48024,51312,13,3288,2,36000,1.00395377129
48054,48060,51609,6,3549,2,36000,1.00169061708
48068,48075,51591,7,3516,2,36000,1.00199089875
48084,48090,51350,6,3260,2,36000,1.0018404908
48085,48096,51670,11,3574,2,36000,1.003077784
48107,48112,52123,5,4011,2,36000,1.00124657193
48122,48128,51506,6,3378,2,36000,1.00177619893
48140,48146,51614,6,3468,2,36000,1.00173010381
48150,48156,48165,6,9,1,900,1.5
48155,48162,51545,7,3383,2,36000,1.00206916938
48157,48168,48306,11,138,14,14940,1.07971014493
48171,48177,51370,6,3193,2,36000,1.00187911055
48173,48183,52243,10,4060,2,36000,1.00246305419
48214,48221,51572,7,3351,2,36000,1.00208892868
48235,48242,51504,7,3262,2,36000,1.00214592275
48250,48256,51722,6,3466,2,36000,1.00173110214
48265,48271,51757,6,3486,2,36000,1.0017211704
48303,48309,52000,6,3691,2,36000,1.00162557572
48304,48315,48320,11,5,1,900,1.6
48311,48321,48492,10,171,14,14940,1.05847953216
48476,48482,51722,6,3240,2,36000,1.00185185185
48490,48496,48503,6,7,1,900,1.3
48498,48504,48677,6,173,14,14940,1.03468208092
48545,48551,408575,6,360024,3,360000,1.00001666556
48546,48557,51781,11,3224,2,36000,1.00341191067
48675,48681,48688,6,7,1,900,1.3
48682,48688,48855,6,167,14,14940,1.03592814371
48853,48859,48865,6,6,1,900,1.2
48860,48866,49032,6,166,14,14940,1.03614457831
49030,49036,49041,6,5,1,900,1.1
49040,49046,49183,6,137,14,14940,1.04379562044
49181,49187,49192,6,5,1,900,1.1
49189,49195,49360,6,165,14,14940,1.03636363636
49358,49364,49371,6,7,1,900,1.3
49365,49371,49518,6,147,14,14940,1.04081632653
49516,49522,49528,6,6,1,900,1.2
49524,49530,49693,6,163,14,14940,1.03680981595
49690,49697,49704,7,7,1,900,1.4
49698,49704,49921,6,217,14,14940,1.02764976959
49919,49925,105795,6,55870,4,144000,1.00010739216
49919,49930,49936,11,6,1,900,1.7
49928,49936,50102,8,166,14,14940,1.04819277108
50100,50106,50113,6,7,1,900,1.3
50107,50113,50284,6,171,14,14940,1.0350877193
50282,50288,50295,6,7,1,900,1.3
50290,50295,50433,5,138,14,14940,1.03623188406
50334,50340,52434,6,2094,16,356400,1.00286532951
50431,50437,50446,6,9,1,900,1.5
50438,50445,50611,7,166,14,14940,1.0421686747
50609,50615,50620,6,5,1,900,1.1
50616,50621,50787,5,166,14,14940,1.03012048193
50785,50791,50800,6,9,1,900,1.5
50794,50799,51008,5,209,14,14940,1.02392344498
50832,50838,54545,6,3707,2,36000,1.00161855948
50878,50884,54374,6,3490,2,36000,1.00171919771
50900,50906,54542,6,3636,2,36000,1.00165016502
50901,50912,54454,11,3542,2,36000,1.00310559006
50902,50917,54457,15,3540,2,36000,1.00423728814
50936,50942,54421,6,3479,2,36000,1.00172463352
50951,50957,54276,6,3319,2,36000,1.00180777343
50987,50993,54320,6,3327,2,36000,1.00180342651
51006,51012,51019,6,7,1,900,1.3
51008,51018,54621,10,3603,2,36000,1.00277546489
51013,51024,51244,11,220,14,14940,1.05
51033,51039,54647,6,3608,2,36000,1.00166297118
51047,51053,54266,6,3213,2,36000,1.00186741363
51090,51096,54665,6,3569,2,36000,1.00168114318
51136,51142,54350,6,3208,2,36000,1.00187032419
51157,51164,54542,7,3378,2,36000,1.00207223209
51241,51248,51256,7,8,1,900,1.5
51243,51254,54728,11,3474,2,36000,1.00316637881
51249,51260,51471,11,211,14,14940,1.05213270142
51261,51267,54407,6,3140,2,36000,1.00191082803
51314,51320,54870,6,3550,2,36000,1.00169014085
51353,51359,55613,6,4254,2,36000,1.00141043724
51372,51378,55096,6,3718,2,36000,1.00161377084
51387,51393,54618,6,3225,2,36000,1.00186046512
51388,51399,54645,11,3246,2,36000,1.0033887862
51468,51474,55127,6,3653,2,36000,1.00164248563
51469,51480,51492,11,12,1,900,1.91666666667
51476,51486,51716,10,230,14,14940,1.04347826087
51507,51513,55055,6,3542,2,36000,1.00169395822
51508,51519,54692,11,3173,2,36000,1.00346675071
51547,51553,54922,6,3369,2,36000,1.0017809439
51572,51578,54976,6,3398,2,36000,1.00176574456
51573,51584,55154,11,3570,2,36000,1.00308123249
51592,51599,54855,7,3256,2,36000,1.00214987715
51610,51616,54813,6,3197,2,36000,1.00187675946
51625,51632,54935,7,3303,2,36000,1.0021192855
51627,51638,55055,11,3417,2,36000,1.00321919813
51642,51648,55100,6,3452,2,36000,1.00173812283
51672,51678,55161,6,3483,2,36000,1.00172265289
51712,51718,51725,6,7,1,900,1.3
51718,51725,51987,7,262,14,14940,1.02671755725
51724,51731,55344,7,3613,2,36000,1.0019374481
51725,51736,55038,11,3302,2,36000,1.00333131435
51759,51766,55147,7,3381,2,36000,1.00207039337
51781,51787,55335,6,3548,2,36000,1.00169109357
51986,51992,51999,6,7,1,900,1.3
51993,51999,52088,6,89,14,14940,1.06741573034
52002,52008,55535,6,3527,2,36000,1.00170116246
52086,52092,52105,6,13,1,900,1.46153846154
52096,52102,52241,6,139,14,14940,1.04316546763
52124,52130,55552,6,3422,2,36000,1.00175336061
52238,52244,52251,6,7,1,900,1.3
52245,52251,52401,6,150,14,14940,1.04
52247,52257,55709,10,3452,2,36000,1.00289687138
52399,52405,52411,6,6,1,900,1.2
52406,52412,52552,6,140,14,14940,1.04285714286
52550,52556,52563,6,7,1,900,1.3
52558,52564,52701,6,137,14,14940,1.04379562044
52637,52643,52684,6,41,16,356400,1.14634146341
52699,52705,52713,6,8,1,900,1.4
52706,52712,52922,6,210,14,14940,1.02857142857
52920,52926,52933,6,7,1,900,1.3
52923,52938,52977,15,39,16,356400,1.38461538462
52926,52932,53068,6,136,14,14940,1.04411764706
53066,53072,53076,6,4,1,900,1.0
53074,53080,53303,6,223,14,14940,1.0269058296
53302,53308,53317,6,9,1,900,1.5
53312,53319,53572,7,253,14,14940,1.02766798419
53571,53577,53589,6,12,1,900,1.5
53578,53585,53816,7,231,14,14940,1.0303030303
53814,53820,53827,6,7,1,900,1.3
53821,53827,53917,6,90,14,14940,1.06666666667
53915,53921,53926,6,5,1,900,1.1
53924,53930,54060,6,130,14,14940,1.04615384615
54057,54064,54072,7,8,1,900,1.5
54064,54070,54209,6,139,14,14940,1.04316546763
54103,54109,54146,6,37,16,356400,1.16216216216
54207,54213,54220,6,7,1,900,1.3
54214,54220,54429,6,209,14,14940,1.02870813397
54246,54252,54285,6,33,16,356400,1.18181818182
54268,54274,57924,6,3650,2,36000,1.00164383562
54283,54289,58023,6,3734,2,36000,1.00160685592
54322,54328,57818,6,3490,2,36000,1.00171919771
54352,54358,57560,6,3202,2,36000,1.00187382886
54378,54384,57867,6,3483,2,36000,1.00172265289
54409,54415,57862,6,3447,2,36000,1.00174064404
54424,54430,57643,6,3213,2,36000,1.00186741363
54427,54436,54445,9,9,1,900,1.8
54434,54442,54582,8,140,14,14940,1.05714285714
54434,54447,54544,13,97,16,356400,1.13402061856
54455,54461,57823,6,3362,2,36000,1.00178465199
54470,54476,57572,6,3096,2,36000,1.0019379845
54544,54550,58060,6,3510,2,36000,1.00170940171
54545,54556,57653,11,3097,2,36000,1.00355182435
54560,54567,57775,7,3208,2,36000,1.00218204489
54579,54586,54592,7,6,1,900,1.3
54586,54592,54771,6,179,14,14940,1.03351955307
54618,54624,58284,6,3660,2,36000,1.00163934426
54633,54639,57930,6,3291,2,36000,1.00182315406
54648,54654,58203,6,3549,2,36000,1.00169061708
54649,54660,58168,11,3508,2,36000,1.00313568985
54673,54679,58137,6,3458,2,36000,1.001735107
54694,54700,58022,6,3322,2,36000,1.00180614088
54730,54742,58409,12,3667,2,36000,1.00327242978
54731,54736,70333,5,15597,16,356400,1.00032057447
54764,54770,54777,6,7,1,900,1.3
54771,54777,54929,6,152,14,14940,1.03947368421
54815,54821,57926,6,3105,2,36000,1.00193236715
54858,54864,58198,6,3334,2,36000,1.00179964007
54873,54879,58281,6,3402,2,36000,1.00176366843
54925,54931,58319,6,3388,2,36000,1.00177095632
54927,54937,54943,10,6,1,900,1.6
54934,54943,55157,9,214,14,14940,1.04205607477
54940,54949,58443,9,3494,2,36000,1.0025758443
54976,54982,58261,6,3279,2,36000,1.00182982617
55040,55046,58550,6,3504,2,36000,1.00171232877
55058,55065,58432,7,3367,2,36000,1.00207900208
55060,55070,58658,10,3588,2,36000,1.002787068
55096,55102,58406,6,3304,2,36000,1.00181598063
55111,55117,58524,6,3407,2,36000,1.00176108013
55129,55136,58784,7,3648,2,36000,1.00191885965
55148,55154,58544,6,3390,2,36000,1.0017699115
55155,55161,55168,6,7,1,900,1.3
55162,55168,55395,6,227,14,14940,1.02643171806
55164,55174,58627,10,3453,2,36000,1.00289603244
55165,55179,58639,14,3460,2,36000,1.00404624277
55338,55344,58765,6,3421,2,36000,1.00175387314
55353,55359,58966,6,3607,2,36000,1.00166343222
55392,55399,55405,7,6,1,900,1.3
55401,55407,55623,6,216,14,14940,1.02777777778
55491,55497,58996,6,3499,2,36000,1.00171477565
55492,55503,59075,11,3572,2,36000,1.00307950728
55494,55508,58984,14,3476,2,36000,1.00402761795
55495,55513,59014,18,3501,2,36000,1.00514138817
55496,55518,58785,22,3267,2,36000,1.00673400673
55498,55524,59127,26,3603,2,36000,1.00721620871
55499,55529,58801,30,3272,2,36000,1.00916870416
55500,55534,58981,34,3447,2,36000,1.00986364955
55501,55539,58795,38,3256,2,36000,1.01167076167
55503,55545,58990,42,3445,2,36000,1.012191582
55504,55550,59130,46,3580,2,36000,1.01284916201
55505,55555,58907,50,3352,2,36000,1.01491646778
55507,55560,58935,53,3375,2,36000,1.0157037037
55508,55565,59014,57,3449,2,36000,1.01652652943
55509,55571,58953,62,3382,2,36000,1.01833234772
55511,55576,58937,65,3361,2,36000,1.0193394823
55512,55581,59224,69,3643,2,36000,1.01894043371
55513,55586,58872,73,3286,2,36000,1.02221545953
55515,55591,58807,76,3216,2,36000,1.0236318408
55516,55596,58962,80,3366,2,36000,1.02376708259
55517,55602,58918,85,3316,2,36000,1.02563329312
55518,55607,59071,89,3464,2,36000,1.02569284065
55520,55612,58716,92,3104,2,36000,1.02963917526
55521,55617,58762,96,3145,2,36000,1.03052464229
55522,55622,59094,100,3472,2,36000,1.02880184332
55524,55628,58886,104,3258,2,36000,1.03192142419
55525,55639,59087,114,3448,2,36000,1.03306264501
55526,55644,59132,118,3488,2,36000,1.03383027523
55528,55649,59150,121,3501,2,36000,1.03456155384
55529,55655,59249,126,3594,2,36000,1.03505843072
55530,55660,58958,130,3298,2,36000,1.03941782899
55531,55665,58977,134,3312,2,36000,1.0404589372
55533,55670,59559,137,3889,2,36000,1.03522756493
55534,55675,59203,141,3528,2,36000,1.03996598639
55535,55681,58905,146,3224,2,36000,1.0452853598
55537,55686,58949,149,3263,2,36000,1.04566349985
55538,55691,59167,153,3476,2,36000,1.04401611047
55539,55696,59607,157,3911,2,36000,1.04014318589
55541,55701,59004,160,3303,2,36000,1.04844081138
55542,55706,59282,164,3576,2,36000,1.04586129754
55543,55712,59184,169,3472,2,36000,1.04867511521
55545,55717,59196,172,3479,2,36000,1.04943949411
55546,55722,58903,176,3181,2,36000,1.05532851305
55547,55727,59254,180,3527,2,36000,1.05103487383
55548,55732,59355,184,3623,2,36000,1.05078664091
55550,55737,59066,187,3329,2,36000,1.05617302493
55551,55743,59126,192,3383,2,36000,1.05675436004
55552,55748,59026,196,3278,2,36000,1.05979255644
55554,55753,59283,199,3530,2,36000,1.05637393768
55555,55758,59328,203,3570,2,36000,1.0568627451
55556,55763,59195,207,3432,2,36000,1.06031468531
55558,55769,59329,211,3560,2,36000,1.05926966292
55559,55774,59136,215,3362,2,36000,1.06395002974
55560,55779,59725,219,3946,2,36000,1.05549923974
55561,55784,59464,223,3680,2,36000,1.06059782609
55563,55789,59074,226,3285,2,36000,1.06879756469
55564,55794,59279,230,3485,2,36000,1.06599713056
55565,55800,59224,235,3424,2,36000,1.06863317757
55567,55805,59073,238,3268,2,36000,1.07282741738
55568,55810,59566,242,3756,2,36000,1.06443024494
55584,55815,59277,231,3462,2,36000,1.06672443674
55585,55820,59423,235,3603,2,36000,1.06522342492
55614,55826,59495,212,3669,2,36000,1.05778141183
55620,55831,55836,211,5,1,900,21.6
55627,55634,55720,7,86,14,14940,1.08139534884
55712,55842,59379,130,3537,2,36000,1.03675431156
55717,55848,55852,131,4,1,900,13.5
55725,55837,55928,112,91,14,14940,2.23076923077
55927,55933,55943,6,10,1,900,1.6
55934,55939,56104,5,165,14,14940,1.0303030303
56102,56108,56114,6,6,1,900,1.2
56109,56115,56276,6,161,14,14940,1.03726708075
56274,56280,56285,6,5,1,900,1.1
56282,56289,56432,7,143,14,14940,1.04895104895
56429,56435,56441,6,6,1,900,1.2
56436,56443,56623,7,180,14,14940,1.03888888889
56621,56627,56636,6,9,1,900,1.5
56628,56634,56861,6,227,14,14940,1.02643171806
56859,56865,56872,6,7,1,900,1.3
56867,56873,57029,6,156,14,14940,1.03846153846
57027,57034,57041,7,7,1,900,1.4
57034,57041,57263,7,222,14,14940,1.03153153153
57261,57267,57272,6,5,1,900,1.1
57269,57274,57507,5,233,14,14940,1.02145922747
57505,57511,57517,6,6,1,900,1.2
57513,57518,57649,5,131,14,14940,1.03816793893
57564,57570,61168,6,3598,2,36000,1.00166759311
57579,57585,61072,6,3487,2,36000,1.0017206768
57645,57651,61204,6,3553,2,36000,1.00168871376
57647,57657,57664,10,7,1,900,1.7
57654,57663,57814,9,151,14,14940,1.05960264901
57662,57669,61232,7,3563,2,36000,1.00196463654
57777,57783,61442,6,3659,2,36000,1.00163979229
57812,57818,57826,6,8,1,900,1.4
57819,57825,58053,6,228,14,14940,1.02631578947
57819,57830,61228,11,3398,2,36000,1.00323719835
57834,57840,61455,6,3615,2,36000,1.00165975104
57865,57871,61236,6,3365,2,36000,1.00178306092
57880,57886,61052,6,3166,2,36000,1.00189513582
57927,57933,61165,6,3232,2,36000,1.00185643564
57928,57939,61394,11,3455,2,36000,1.00318379161
57943,57949,61360,6,3411,2,36000,1.00175901495
58022,58029,61256,7,3227,2,36000,1.0021691974
58037,58043,61353,6,3310,2,36000,1.00181268882
58051,58057,58065,6,8,1,900,1.4
58058,58064,58281,6,217,14,14940,1.02764976959
58062,58070,61488,8,3418,2,36000,1.00234055003
58137,58143,61472,6,3329,2,36000,1.00180234305
58171,58177,61689,6,3512,2,36000,1.00170842825
58198,58204,61512,6,3308,2,36000,1.00181378476
58213,58219,61544,6,3325,2,36000,1.00180451128
58262,58268,61568,6,3300,2,36000,1.00181818182
58279,58285,58291,6,6,1,900,1.2
58284,58291,61737,7,3446,2,36000,1.00203134068
58285,58296,61899,11,3603,2,36000,1.00305301138
58286,58302,58523,16,221,14,14940,1.07239819005
58322,58328,61880,6,3552,2,36000,1.00168918919
58409,58415,61803,6,3388,2,36000,1.00177095632
58424,58430,61846,6,3416,2,36000,1.00175644028
58439,58445,63032,6,4587,2,36000,1.00130804447
58454,58460,61875,6,3415,2,36000,1.00175695461
58521,58526,58532,5,6,1,900,1.1
58527,58532,62011,5,3479,2,36000,1.0014371946
58529,58538,58785,9,247,14,14940,1.03643724696
58545,58551,61736,6,3185,2,36000,1.00188383046
58560,58566,62079,6,3513,2,36000,1.00170794193
58630,58636,62103,6,3467,2,36000,1.00173060283
58645,58651,62198,6,3547,2,36000,1.00169157034
58660,58666,62104,6,3438,2,36000,1.0017452007
58718,58724,61967,6,3243,2,36000,1.00185013876
58764,58770,62367,6,3597,2,36000,1.00166805671
58779,58785,62211,6,3426,2,36000,1.00175131349
58782,58791,58798,9,7,1,900,1.6
58789,58797,59047,8,250,14,14940,1.032
58795,58803,62135,8,3332,2,36000,1.00240096038
58797,58808,62155,11,3347,2,36000,1.00328652525
58798,58814,62175,16,3361,2,36000,1.00476048795
58813,58820,62402,7,3582,2,36000,1.00195421552
58815,58826,62159,11,3333,2,36000,1.00330033003
58873,58879,62214,6,3335,2,36000,1.00179910045
58888,58894,62656,6,3762,2,36000,1.00159489633
58907,58913,62089,6,3176,2,36000,1.00188916877
58908,58919,62400,11,3481,2,36000,1.00316001149
58910,58924,62080,14,3156,2,36000,1.00443599493
58925,58931,62013,6,3082,2,36000,1.0019467878
58941,58946,62081,5,3135,2,36000,1.00159489633
58942,58952,62571,10,3619,2,36000,1.00276319425
58958,58964,62909,6,3945,2,36000,1.00152091255
58959,58970,62282,11,3312,2,36000,1.00332125604
58976,58982,62350,6,3368,2,36000,1.00178147268
58978,58988,62399,10,3411,2,36000,1.00293169159
58979,58993,62030,14,3037,2,36000,1.00460981231
58996,59002,62337,6,3335,2,36000,1.00179910045
58997,59008,62582,11,3574,2,36000,1.003077784
58999,59013,62303,14,3290,2,36000,1.00425531915
59000,59018,62414,18,3396,2,36000,1.00530035336
59001,59023,63032,22,4009,2,36000,1.00548765278
59018,59030,62278,12,3248,2,36000,1.00369458128
59019,59035,62531,16,3496,2,36000,1.00457665904
59020,59041,62424,21,3383,2,36000,1.00620750813
59036,59047,62287,11,3240,2,36000,1.00339506173
59040,59052,59058,12,6,1,900,1.8
59048,59059,59315,11,256,14,14940,1.04296875
59067,59073,62722,6,3649,2,36000,1.00164428611
59083,59089,62474,6,3385,2,36000,1.00177252585
59085,59095,62464,10,3369,2,36000,1.00296823983
59087,59100,62711,13,3611,2,36000,1.00360011077
59088,59105,62570,17,3465,2,36000,1.00490620491
59103,59112,62507,9,3395,2,36000,1.00265095729
59105,59117,62715,12,3598,2,36000,1.00333518621
59127,59133,62315,6,3182,2,36000,1.00188560654
59129,59139,62617,10,3478,2,36000,1.00287521564
59146,59152,62771,6,3619,2,36000,1.00165791655
59147,59158,62591,11,3433,2,36000,1.00320419458
59148,59163,62652,15,3489,2,36000,1.00429922614
59164,59169,62763,5,3594,2,36000,1.00139120757
59179,59185,62914,6,3729,2,36000,1.00160901046
59195,59201,62655,6,3454,2,36000,1.00173711639
59196,59207,62500,11,3293,2,36000,1.00334041907
59206,59559,86711,353,27152,12,43200,1.01300088391
59212,59218,62558,6,3340,2,36000,1.00179640719
59214,59224,62638,10,3414,2,36000,1.00292911541
59230,59235,62834,5,3599,2,36000,1.0013892748
59231,59241,62710,10,3469,2,36000,1.00288267512
59234,61067,84530,1833,23463,12,28800,1.07812300217
59237,62115,84222,2878,22107,12,28800,1.13018500927
59239,61243,72567,2004,11324,12,18000,1.17696926881
59242,63050,75129,3808,12079,12,18000,1.31525788559
59249,59255,62537,6,3282,2,36000,1.00182815356
59264,59270,62493,6,3223,2,36000,1.00186161961
59281,59287,62587,6,3300,2,36000,1.00181818182
59282,59293,62360,11,3067,2,36000,1.00358656668
59283,59298,62689,15,3391,2,36000,1.0044234739
59299,59304,62621,5,3317,2,36000,1.00150738619
59312,59319,59325,7,6,1,900,1.3
59319,59325,59548,6,223,14,14940,1.0269058296
59327,59333,62721,6,3388,2,36000,1.00177095632
59342,59348,62829,6,3481,2,36000,1.00172364263
59357,59363,62823,6,3460,2,36000,1.00173410405
59381,59387,62611,6,3224,2,36000,1.00186104218
59418,59424,62971,6,3547,2,36000,1.00169157034
59467,59473,62822,6,3349,2,36000,1.00179157958
59497,59503,62949,6,3446,2,36000,1.00174114916
59546,59552,59556,6,4,1,900,1.0
59554,61466,61721,1912,255,14,14940,8.49803921569
59561,59567,63032,6,3465,2,36000,1.00173160173
59576,59582,63033,6,3451,2,36000,1.00173862649
59609,59615,63032,6,3417,2,36000,1.00175592625
59727,59733,63032,6,3299,2,36000,1.00181873295
60849,61732,143916,883,82184,18,259200,1.01074418378
61018,61921,65805,903,3884,12,43200,1.232492276
61054,61061,63032,7,1971,2,36000,1.0035514967
61073,61910,63032,837,1122,2,36000,1.74598930481
61167,61979,63032,812,1053,2,36000,1.77113010446
61181,62023,63032,842,1009,2,36000,1.83448959366
61212,62029,63033,817,1004,2,36000,1.81374501992
61231,62041,63033,810,992,2,36000,1.81653225806
61246,62090,63033,844,943,2,36000,1.89501590668
61248,62096,63033,848,937,2,36000,1.90501600854
61263,62101,63033,838,932,2,36000,1.8991416309
61356,62107,63033,751,926,2,36000,1.81101511879
61371,62166,63033,795,867,2,36000,1.9169550173
61396,62172,63033,776,861,2,36000,1.9012775842
61444,62187,63033,743,846,2,36000,1.87825059102
61459,62223,63033,764,810,2,36000,1.94320987654
61474,62229,63033,755,804,2,36000,1.93905472637
61489,62289,63033,800,744,2,36000,2.0752688172
61514,62295,63033,781,738,2,36000,2.05826558266
61547,62301,63033,754,732,2,36000,2.03005464481
61571,62314,63033,743,719,2,36000,2.03337969402
61691,62326,63033,635,707,2,36000,1.8981612447
61719,61725,61731,6,6,1,900,1.2
61725,61814,61906,89,92,14,14940,1.96739130435
61738,62349,63033,611,684,2,36000,1.8932748538
61739,62361,63033,622,672,2,36000,1.9255952381
61806,62371,63033,565,662,2,36000,1.85347432024
61848,62378,63033,530,655,2,36000,1.80916030534
61876,62411,63033,535,622,2,36000,1.86012861736
61891,62416,63033,525,617,2,36000,1.85089141005
61904,61915,61916,11,1,1,900,1.2
61906,62423,63033,517,610,2,36000,1.84754098361
61967,62429,63033,462,604,2,36000,1.76490066225
62013,62435,63033,422,598,2,36000,1.70568561873
62014,62475,63033,461,558,2,36000,1.82616487455
62032,62485,63033,453,548,2,36000,1.82664233577
62082,62504,63033,422,529,2,36000,1.797731569
62084,62511,63033,427,522,2,36000,1.81800766284
62085,62518,63033,433,515,2,36000,1.84077669903
62100,62542,63033,442,491,2,36000,1.90020366599
62116,62548,63033,432,485,2,36000,1.89072164948
62117,62569,63033,452,464,2,36000,1.97413793103
62135,62581,63033,446,452,2,36000,1.98672566372
62156,62587,63033,431,446,2,36000,1.966367713
62171,62593,63033,422,440,2,36000,1.95909090909
62186,62599,63034,413,435,2,36000,1.94942528736
62201,62605,63034,404,429,2,36000,1.94172494172
62217,62622,63034,405,412,2,36000,1.98300970874
62218,62629,63034,411,405,2,36000,2.01481481481
62279,62635,63034,356,399,2,36000,1.89223057644
62294,62649,63034,355,385,2,36000,1.92207792208
62296,62663,63034,367,371,2,36000,1.98921832884
62311,62669,63034,358,365,2,36000,1.98082191781
62326,62674,63034,348,360,2,36000,1.96666666667
62341,62700,63034,359,334,2,36000,2.0748502994
62356,62721,63034,365,313,2,36000,2.1661341853
62372,62727,63034,355,307,2,36000,2.15635179153
62373,62732,63034,359,302,2,36000,2.18874172185
62403,62738,63034,335,296,2,36000,2.13175675676
62404,62743,63034,339,291,2,36000,2.16494845361
62405,62774,63034,369,260,2,36000,2.41923076923
62421,62782,63034,361,252,2,36000,2.43253968254
62436,62833,63034,397,201,2,36000,2.97512437811
62468,62839,63034,371,195,2,36000,2.90256410256
62482,62845,63034,363,189,2,36000,2.92063492063
62498,62850,63034,352,184,2,36000,2.91304347826
62513,62920,63034,407,114,2,36000,4.5701754386
62514,62926,63034,412,108,2,36000,4.81481481481
62533,62961,63034,428,73,2,36000,6.86301369863
62548,62982,63034,434,52,2,36000,9.34615384615
63135,63141,66590,6,3449,2,36000,1.00173963468
63136,63147,66667,11,3520,2,36000,1.003125
63137,63152,66443,15,3291,2,36000,1.00455788514
63139,63157,66715,18,3558,2,36000,1.00505902192
63140,63162,66647,22,3485,2,36000,1.00631276901
63141,63167,66797,26,3630,2,36000,1.00716253444
63143,63174,66897,31,3723,2,36000,1.00832661832
63144,63179,66885,35,3706,2,36000,1.00944414463
63145,63184,66851,39,3667,2,36000,1.01063539678
63147,63189,66591,42,3402,2,36000,1.01234567901
63148,63194,67366,46,4172,2,36000,1.01102588686
63149,63200,66828,51,3628,2,36000,1.01405733186
63151,63205,66544,54,3339,2,36000,1.01617250674
63152,63210,66965,58,3755,2,36000,1.0154460719
63153,63215,66834,62,3619,2,36000,1.01713180437
63155,63220,66761,65,3541,2,36000,1.0183563965
63156,63226,67018,70,3792,2,36000,1.01845991561
63158,63231,66758,73,3527,2,36000,1.02069747661
63159,63236,66652,77,3416,2,36000,1.02254098361
63160,63241,66357,81,3116,2,36000,1.02599486521
63162,63246,66640,84,3394,2,36000,1.02474955804
63163,63251,66879,88,3628,2,36000,1.02425578831
63164,63257,66875,93,3618,2,36000,1.02570480929
63166,63262,66774,96,3512,2,36000,1.02733485194
63167,63267,66667,100,3400,2,36000,1.02941176471
63168,63272,66666,104,3394,2,36000,1.03064230996
63170,63278,67102,108,3824,2,36000,1.02824267782
63171,63283,66850,112,3567,2,36000,1.03139893468
63172,63288,67076,116,3788,2,36000,1.03062302006
63174,63293,66742,119,3449,2,36000,1.03450275442
63175,63299,66385,124,3086,2,36000,1.04018146468
63176,63304,66682,128,3378,2,36000,1.03789224393
63178,63309,66911,131,3602,2,36000,1.03636868406
63179,63315,66860,136,3545,2,36000,1.03836389281
63180,63320,66625,140,3305,2,36000,1.04236006051
63182,63325,67072,143,3747,2,36000,1.03816386442
63183,63330,66928,147,3598,2,36000,1.04085603113
63184,63335,66954,151,3619,2,36000,1.04172423321
63186,63341,66709,155,3368,2,36000,1.04602137767
63187,63346,66843,159,3497,2,36000,1.04546754361
63189,63351,66682,162,3331,2,36000,1.04863404383
63190,63356,66750,166,3394,2,36000,1.0489098409
63191,63361,66729,170,3368,2,36000,1.05047505938
63193,63366,66933,173,3567,2,36000,1.04850014017
63194,63372,66982,178,3610,2,36000,1.04930747922
63195,63377,66952,182,3575,2,36000,1.05090909091
63197,63382,66978,185,3596,2,36000,1.05144605117
63198,63387,66698,189,3311,2,36000,1.05708245243
63199,63392,66746,193,3354,2,36000,1.05754323196
63201,63398,66905,197,3507,2,36000,1.05617336755
63202,63403,66659,201,3256,2,36000,1.06173218673
63204,63408,67022,204,3614,2,36000,1.05644714997
63205,63413,66770,208,3357,2,36000,1.06196008341
63207,63418,66928,211,3510,2,36000,1.06011396011
63208,63423,66890,215,3467,2,36000,1.06201326796
63209,63429,67344,220,3915,2,36000,1.05619412516
63211,63434,66963,223,3529,2,36000,1.06319070558
63212,63439,66779,227,3340,2,36000,1.06796407186
63213,63444,67122,231,3678,2,36000,1.06280587276
63215,63450,67360,235,3910,2,36000,1.06010230179
63216,63455,67126,239,3671,2,36000,1.06510487606
63218,63460,67162,242,3702,2,36000,1.06537007023
63219,63465,66986,246,3521,2,36000,1.06986651519
63220,63470,66982,250,3512,2,36000,1.07118451025
63222,63475,67029,253,3554,2,36000,1.07118739449
63223,63481,67106,258,3625,2,36000,1.07117241379
63225,63486,66743,261,3257,2,36000,1.08013509364
63226,65817,69143,2591,3326,2,36000,1.77901383043
63228,65822,69179,2594,3357,2,36000,1.7727137325
63229,65827,69044,2598,3217,2,36000,1.80758470625
63230,65832,69146,2602,3314,2,36000,1.78515389258
63232,65838,69597,2606,3759,2,36000,1.69326948657
63233,65843,69373,2610,3530,2,36000,1.73937677054
63235,66368,69698,3133,3330,2,36000,1.94084084084
63236,66396,69950,3160,3554,2,36000,1.88913899831
63237,66454,69884,3217,3430,2,36000,1.93790087464
63239,66555,70377,3316,3822,2,36000,1.86760858189
63240,66601,70156,3361,3555,2,36000,1.94542897328
63242,66607,70035,3365,3428,2,36000,1.98162193699
63243,66636,70077,3393,3441,2,36000,1.9860505667
63244,66651,70065,3407,3414,2,36000,1.99794961921
63246,66658,70353,3412,3695,2,36000,1.92341001353
63247,66664,70129,3417,3465,2,36000,1.98614718615
63249,66671,70390,3422,3719,2,36000,1.92013982253
63250,66693,70068,3443,3375,2,36000,2.02014814815
63252,66698,70351,3446,3653,2,36000,1.94333424583
63253,66709,70128,3456,3419,2,36000,2.01082187774
63254,66720,70110,3466,3390,2,36000,2.02241887906
63256,66726,70248,3470,3522,2,36000,1.98523566156
63257,66740,70506,3483,3766,2,36000,1.92485395645
63259,66754,70388,3495,3634,2,36000,1.96175013759
63260,66759,70236,3499,3477,2,36000,2.00632729364
63262,66765,70384,3503,3619,2,36000,1.96794694667
63263,66770,70375,3507,3605,2,36000,1.97281553398
63264,66777,70415,3513,3638,2,36000,1.96564046179
63266,66783,70272,3517,3489,2,36000,2.00802522213
63267,66789,70573,3522,3784,2,36000,1.93076109937
63269,66795,70490,3526,3695,2,36000,1.95426251691
63270,66808,70107,3538,3299,2,36000,2.07244619582
63272,66839,70614,3567,3775,2,36000,1.94490066225
65950,66890,73499,940,6609,18,32400,1.14223029203
66922,66928,70460,6,3532,2,36000,1.00169875425
66923,66934,70534,11,3600,2,36000,1.00305555556
66924,66939,70535,15,3596,2,36000,1.00417130145
66940,66946,70828,6,3882,2,36000,1.00154559505
66942,66952,70391,10,3439,2,36000,1.00290782204
66943,66957,70598,14,3641,2,36000,1.0038450975
66959,66965,70355,6,3390,2,36000,1.0017699115
66960,66971,70678,11,3707,2,36000,1.00296735905
66977,66983,70569,6,3586,2,36000,1.00167317345
66979,66989,70512,10,3523,2,36000,1.00283848992
66995,67001,70585,6,3584,2,36000,1.00167410714
66996,67007,70582,11,3575,2,36000,1.00307692308
66997,67012,70475,15,3463,2,36000,1.00433150448
66999,67017,70463,18,3446,2,36000,1.00522344748
67025,67030,70168,5,3138,2,36000,1.00159337157
67027,67036,70607,9,3571,2,36000,1.00252030244
67042,67049,70669,7,3620,2,36000,1.00193370166
67073,67079,70592,6,3513,2,36000,1.00170794193
67088,67095,70839,7,3744,2,36000,1.00186965812
67103,67110,70818,7,3708,2,36000,1.00188781014
67119,67125,70262,6,3137,2,36000,1.0019126554
67134,67140,70573,6,3433,2,36000,1.0017477425
67136,67146,70820,10,3674,2,36000,1.00272182907
67163,67169,70636,6,3467,2,36000,1.00173060283
67346,67352,70978,6,3626,2,36000,1.00165471594
67361,67367,70940,6,3573,2,36000,1.00167926113
67376,67383,70890,7,3507,2,36000,1.00199600798
69043,69049,72525,6,3476,2,36000,1.00172612198
69145,69151,72782,6,3631,2,36000,1.00165243735
69160,69166,72732,6,3566,2,36000,1.00168255749
69181,69187,72856,6,3669,2,36000,1.00163532298
69374,69381,73417,7,4036,2,36000,1.00173439049
69598,69604,72962,6,3358,2,36000,1.00178677784
69698,69704,73120,6,3416,2,36000,1.00175644028
69885,69891,73432,6,3541,2,36000,1.0016944366
69952,69958,73664,6,3706,2,36000,1.00161899622
70037,70043,73638,6,3595,2,36000,1.0016689847
70068,70074,73677,6,3603,2,36000,1.00166527893
70069,70080,73434,11,3354,2,36000,1.00327966607
70086,70092,73693,6,3601,2,36000,1.00166620383
70108,70114,73412,6,3298,2,36000,1.00181928441
70123,70129,73734,6,3605,2,36000,1.00166435506
70139,70145,73757,6,3612,2,36000,1.00166112957
70140,70151,73599,11,3448,2,36000,1.00319025522
70158,70164,73788,6,3624,2,36000,1.00165562914
70173,70179,73609,6,3430,2,36000,1.00174927114
70238,70244,73838,6,3594,2,36000,1.00166944908
70254,70259,73905,5,3646,2,36000,1.00137136588
70269,70275,73527,6,3252,2,36000,1.00184501845
70284,70290,73910,6,3620,2,36000,1.00165745856
70352,70359,73728,7,3369,2,36000,1.00207776788
70354,70365,73874,11,3509,2,36000,1.00313479624
70369,71245,80993,876,9748,16,356400,1.08986458761
70369,70375,73797,6,3422,2,36000,1.00175336061
70384,70391,73903,7,3512,2,36000,1.00199316629
70386,70397,73521,11,3124,2,36000,1.00352112676
70387,70402,73853,15,3451,2,36000,1.00434656621
70402,70408,73732,6,3324,2,36000,1.00180505415
70404,70414,73778,10,3364,2,36000,1.00297265161
70405,70419,74290,14,3871,2,36000,1.00361663653
70420,70426,73857,6,3431,2,36000,1.00174876129
70460,70466,74213,6,3747,2,36000,1.00160128102
70476,70482,74073,6,3591,2,36000,1.00167084378
70477,70488,73912,11,3424,2,36000,1.00321261682
70492,70498,73867,6,3369,2,36000,1.0017809439
70507,70513,73931,6,3418,2,36000,1.00175541252
70523,70529,74052,6,3523,2,36000,1.00170309395
70538,70544,73837,6,3293,2,36000,1.00182204677
70540,70550,74848,10,4298,2,36000,1.00232666356
70568,70574,74046,6,3472,2,36000,1.0017281106
70584,70590,73769,6,3179,2,36000,1.00188738597
70585,70596,73958,11,3362,2,36000,1.00327186199
70587,70601,74124,14,3523,2,36000,1.00397388589
70602,70608,74152,6,3544,2,36000,1.00169300226
70603,70614,73756,11,3142,2,36000,1.00350095481
70604,70619,73778,15,3159,2,36000,1.00474833808
70620,70626,74287,6,3661,2,36000,1.00163889648
70621,70632,74278,11,3646,2,36000,1.00301700494
70636,70642,74055,6,3413,2,36000,1.00175798418
70670,70676,74465,6,3789,2,36000,1.00158353127
70685,70691,74252,6,3561,2,36000,1.00168491997
70820,70826,74231,6,3405,2,36000,1.00176211454
70821,70832,74388,11,3556,2,36000,1.00309336333
70836,70842,74293,6,3451,2,36000,1.00173862649
70851,70857,74157,6,3300,2,36000,1.00181818182
70891,70898,74299,7,3401,2,36000,1.00205821817
70940,70946,74457,6,3511,2,36000,1.00170891484
70980,70986,74550,6,3564,2,36000,1.00168350168
72526,72533,76186,7,3653,2,36000,1.00191623323
72732,72738,76152,6,3414,2,36000,1.00175746924
72784,72790,76175,6,3385,2,36000,1.00177252585
72857,72863,76298,6,3435,2,36000,1.00174672489
72962,72969,76945,7,3976,2,36000,1.00176056338
73120,73126,76809,6,3683,2,36000,1.00162910671
73140,73147,73183,7,36,14,14940,1.19444444444
73232,73238,73240,6,2,2,3540,1.0
73410,73417,76918,7,3501,2,36000,1.00199942873
73426,73432,77073,6,3641,2,36000,1.00164789893
73441,73447,76923,6,3476,2,36000,1.00172612198
73442,73453,76973,11,3520,2,36000,1.003125
73521,73528,76926,7,3398,2,36000,1.00206003531
73536,73542,76867,6,3325,2,36000,1.00180451128
73600,73606,77077,6,3471,2,36000,1.00172860847
73607,73612,73618,5,6,2,300,1.1
73615,73621,77262,6,3641,2,36000,1.00164789893
73639,73645,77189,6,3544,2,36000,1.00169300226
73667,73673,77236,6,3563,2,36000,1.00168397418
73682,73688,76921,6,3233,2,36000,1.00185586143
73696,73702,76927,6,3225,2,36000,1.00186046512
73727,73733,77247,6,3514,2,36000,1.00170745589
73742,73748,77364,6,3616,2,36000,1.00165929204
73744,73754,77291,10,3537,2,36000,1.00282725474
73759,73765,77351,6,3586,2,36000,1.00167317345
73760,73771,77307,11,3536,2,36000,1.00311085973
73773,73779,73868,6,89,14,14940,1.06741573034
73776,73785,77074,9,3289,2,36000,1.00273639404
73777,73790,77128,13,3338,2,36000,1.00389454763
73793,73799,77395,6,3596,2,36000,1.00166852058
73795,73805,77361,10,3556,2,36000,1.00281214848
73810,73816,77624,6,3808,2,36000,1.00157563025
73839,73846,77439,7,3593,2,36000,1.00194823267
73841,73852,77277,11,3425,2,36000,1.00321167883
73856,73863,77367,7,3504,2,36000,1.00199771689
73865,73872,73878,7,6,1,900,1.3
73872,73878,77480,6,3602,2,36000,1.00166574125
73873,73889,77421,16,3532,2,36000,1.00453001133
73874,73884,73970,10,86,14,14940,1.11627906977
73888,73895,77351,7,3456,2,36000,1.00202546296
73904,73910,77400,6,3490,2,36000,1.00171919771
73920,73926,77684,6,3758,2,36000,1.00159659393
73921,73932,77626,11,3694,2,36000,1.00297780184
73922,73937,77748,15,3811,2,36000,1.00393597481
73937,73943,77458,6,3515,2,36000,1.00170697013
73959,73965,76936,6,2971,2,36000,1.00201952205
73968,73981,73986,13,5,1,900,1.8
73978,73997,74082,19,85,14,14940,1.22352941176
74048,74054,77709,6,3655,2,36000,1.00164158687
74063,74069,79216,6,5147,2,36000,1.00116572761
74065,74075,77563,10,3488,2,36000,1.00286697248
74080,74085,77604,5,3519,2,36000,1.0014208582
74080,74299,74305,219,6,1,900,22.5
74087,74093,74335,6,242,14,14940,1.02479338843
74126,74137,77551,11,3414,2,36000,1.00322202695
74153,74160,77573,7,3413,2,36000,1.00205098154
74168,74174,77469,6,3295,2,36000,1.00182094082
74214,74220,77900,6,3680,2,36000,1.00163043478
74232,74238,78096,6,3858,2,36000,1.00155520995
74253,74259,77911,6,3652,2,36000,1.00164293538
74281,74287,77958,6,3671,2,36000,1.00163443203
74297,74308,77792,11,3484,2,36000,1.00315729047
74298,74313,77962,15,3649,2,36000,1.00411071526
74299,74319,77831,20,3512,2,36000,1.00569476082
74314,74325,77872,11,3547,2,36000,1.00310121229
74332,74346,74353,14,7,1,900,2.1
74342,74364,74592,22,228,14,14940,1.09649122807
74388,74394,78027,6,3633,2,36000,1.00165152766
74457,74464,77631,7,3167,2,36000,1.00221029365
74472,74478,77911,6,3433,2,36000,1.0017477425
74551,74557,77980,6,3423,2,36000,1.00175284838
74590,74604,74608,14,4,1,900,1.8
74599,74620,74841,21,221,14,14940,1.09502262443
74839,74852,74857,13,5,1,900,1.8
74847,74868,75085,21,217,14,14940,1.09677419355
74848,74858,78480,10,3622,2,36000,1.00276090558
75083,75097,75102,14,5,1,900,1.9
75092,75113,75366,21,253,14,14940,1.08300395257
75364,75370,75376,6,6,1,900,1.2
75372,75378,75627,6,249,14,14940,1.02409638554
75623,75629,75636,6,7,1,900,1.3
75632,75638,75864,6,226,14,14940,1.02654867257
75862,75868,75874,6,6,1,900,1.2
75870,75876,76113,6,237,14,14940,1.0253164557
76110,76117,76122,7,5,1,900,1.2
76120,76126,76373,6,247,14,14940,1.02429149798
76134,76197,82556,63,6359,14,7200,1.00990721812
76153,76159,80010,6,3851,2,36000,1.00155803687
76177,76183,79270,6,3087,2,36000,1.0019436346
76192,76203,79729,11,3526,2,36000,1.00311968236
76301,76307,79779,6,3472,2,36000,1.0017281106
76370,76376,76382,6,6,1,900,1.2
76378,76384,76608,6,224,14,14940,1.02678571429
76605,76611,76616,6,5,1,900,1.1
76614,76619,76871,5,252,14,14940,1.01984126984
76810,76816,80175,6,3359,2,36000,1.00178624591
76869,76875,76881,6,6,1,900,1.2
76870,76881,80105,11,3224,2,36000,1.00341191067
76877,76887,77108,10,221,14,14940,1.04524886878
76919,76925,80698,6,3773,2,36000,1.00159024649
76936,76942,80160,6,3218,2,36000,1.00186451212
76937,76948,80257,11,3309,2,36000,1.00332426715
76939,76953,80695,14,3742,2,36000,1.0037413148
76940,76958,80517,18,3559,2,36000,1.00505760045
76941,76964,80387,23,3423,2,36000,1.00671925212
76956,76970,80643,14,3673,2,36000,1.00381159815
76971,76977,80428,6,3451,2,36000,1.00173862649
77076,77082,80320,6,3238,2,36000,1.00185299568
77077,77088,80897,11,3809,2,36000,1.00288789709
77078,77094,80503,16,3409,2,36000,1.00469345849
77105,77112,77118,7,6,1,900,1.3
77114,77120,77348,6,228,14,14940,1.02631578947
77130,77136,80464,6,3328,2,36000,1.00180288462
77191,77197,80893,6,3696,2,36000,1.00162337662
77236,77242,81093,6,3851,2,36000,1.00155803687
77251,77257,80793,6,3536,2,36000,1.00169683258
77266,77273,80603,7,3330,2,36000,1.0021021021
77281,77287,80557,6,3270,2,36000,1.00183486239
77296,77302,80690,6,3388,2,36000,1.00177095632
77312,77318,80952,6,3634,2,36000,1.0016510732
77345,77352,77357,7,5,1,900,1.2
77352,77358,80925,6,3567,2,36000,1.00168208579
77353,77369,81153,16,3784,2,36000,1.00422832981
77354,77364,77581,10,217,14,14940,1.04608294931
77369,77376,80829,7,3453,2,36000,1.0020272227
77371,77381,81270,10,3889,2,36000,1.0025713551
77372,77387,81100,15,3713,2,36000,1.00403985995
77396,77402,81169,6,3767,2,36000,1.0015927794
77411,77417,81154,6,3737,2,36000,1.00160556596
77426,77432,80803,6,3371,2,36000,1.00177988727
77441,77448,81250,7,3802,2,36000,1.00184113624
77460,77466,80986,6,3520,2,36000,1.00170454545
77475,77481,80894,6,3413,2,36000,1.00175798418
77490,77496,81172,6,3676,2,36000,1.00163220892
77554,77560,80701,6,3141,2,36000,1.00191021968
77569,77575,81080,6,3505,2,36000,1.00171184023
77578,77617,77623,39,6,1,900,4.5
77584,77590,81283,6,3693,2,36000,1.00162469537
77587,77596,77812,9,216,14,14940,1.04166666667
77605,77611,81027,6,3416,2,36000,1.00175644028
77624,77630,80887,6,3257,2,36000,1.00184218606
77639,77645,81060,6,3415,2,36000,1.00175695461
77640,77651,81190,11,3539,2,36000,1.00310822266
77688,77694,81390,6,3696,2,36000,1.00162337662
77709,77715,81577,6,3862,2,36000,1.00155359917
77746,77752,81275,6,3523,2,36000,1.00170309395
77794,77800,81307,6,3507,2,36000,1.00171086399
77810,77816,77822,6,6,1,900,1.2
77818,77824,78036,6,212,14,14940,1.02830188679
77834,77840,81212,6,3372,2,36000,1.00177935943
77873,77879,81252,6,3373,2,36000,1.0017788319
77906,77912,81386,6,3474,2,36000,1.00172711572
77921,77927,81532,6,3605,2,36000,1.00166435506
77922,77933,81756,11,3823,2,36000,1.00287732148
77959,77966,81638,7,3672,2,36000,1.00190631808
77961,77972,81365,11,3393,2,36000,1.00324196876
77982,77988,81285,6,3297,2,36000,1.00181983621
78028,78034,81924,6,3890,2,36000,1.00154241645
78034,78047,78052,13,5,1,900,1.8
78043,78063,78278,20,215,14,14940,1.09302325581
78099,78105,81313,6,3208,2,36000,1.00187032419
78276,78474,78479,198,5,1,900,20.3
78284,78289,78463,5,174,14,14940,1.02873563218
78419,78485,78624,66,139,1,240,1.47482014388
78460,78479,78484,19,5,1,900,2.4
78469,78635,78719,166,84,14,14940,2.97619047619
78480,78490,82242,10,3752,2,36000,1.0026652452
78679,80118,166537,1439,86419,20,86400,1.01665143082
78717,78730,78733,13,3,1,900,1.6
78726,80531,80611,1805,80,14,14940,23.5625
79219,79225,82515,6,3290,2,36000,1.00182370821
79270,79276,82373,6,3097,2,36000,1.00193735873
79320,80705,124865,1385,44160,16,86400,1.03136322464
79729,79735,83317,6,3582,2,36000,1.00167504188
79780,79786,83494,6,3708,2,36000,1.00161812298
80009,80016,83427,7,3411,2,36000,1.00205218411
80106,80112,83371,6,3259,2,36000,1.00184105554
80160,80166,83713,6,3547,2,36000,1.00169157034
80175,80181,83617,6,3436,2,36000,1.00174621653
80260,80266,83642,6,3376,2,36000,1.00177725118
80320,80326,83948,6,3622,2,36000,1.00165654335
80389,80396,84025,7,3629,2,36000,1.00192890603
80428,80435,83752,7,3317,2,36000,1.00211034067
80465,80471,84072,6,3601,2,36000,1.00166620383
80504,80510,84376,6,3866,2,36000,1.00155199172
80519,80525,83930,6,3405,2,36000,1.00176211454
80558,80565,83886,7,3321,2,36000,1.00210779886
80603,80609,80614,6,5,1,900,1.1
80604,80710,84044,106,3334,2,36000,1.03179364127
80616,80622,80694,6,72,14,14940,1.08333333333
80644,80715,83923,71,3208,2,36000,1.02213216958
80692,80698,80706,6,8,1,900,1.4
80694,80721,84430,27,3709,2,36000,1.00727959019
80695,80727,84163,32,3436,2,36000,1.00931315483
80702,81072,81157,370,85,14,14940,5.35294117647
80710,80815,84320,105,3505,2,36000,1.02995720399
80712,80904,84690,192,3786,2,36000,1.05071315372
80794,80910,84469,116,3559,2,36000,1.03259342512
80811,80915,84561,104,3646,2,36000,1.02852441031
80830,80936,84612,106,3676,2,36000,1.02883569097
80887,80997,84703,110,3706,2,36000,1.02968159741
80903,81038,84660,135,3622,2,36000,1.03727222529
80904,81092,84651,188,3559,2,36000,1.05282382692
80905,81167,84921,262,3754,2,36000,1.06979222163
80926,81178,84445,252,3267,2,36000,1.07713498623
80954,81184,85056,230,3872,2,36000,1.05940082645
80987,81201,84780,214,3579,2,36000,1.05979323833
81012,81460,81739,448,279,16,356400,2.60573476703
81026,81223,85063,197,3840,2,36000,1.05130208333
81063,81261,84540,198,3279,2,36000,1.06038426349
81081,81267,84903,186,3636,2,36000,1.05115511551
81096,81286,84855,190,3569,2,36000,1.05323620062
81111,81295,84675,184,3380,2,36000,1.05443786982
81154,81301,85197,147,3896,2,36000,1.03773100616
81155,81161,81171,6,10,1,900,1.6
81156,81318,84796,162,3478,2,36000,1.04657849339
81164,81173,81261,9,88,14,14940,1.10227272727
81171,81324,84764,153,3440,2,36000,1.04447674419
81173,81376,84622,203,3246,2,36000,1.06253850893
81188,81401,85296,213,3895,2,36000,1.05468549422
81213,81406,84692,193,3286,2,36000,1.05873402313
81253,81465,84899,212,3434,2,36000,1.06173558532
81255,81470,84958,215,3488,2,36000,1.06163990826
81259,81272,81276,13,4,1,900,1.7
81267,81278,81449,11,171,14,14940,1.06432748538
81273,81476,84981,203,3505,2,36000,1.05791726106
81289,81543,84929,254,3386,2,36000,1.07501476669
81290,81650,85132,360,3482,2,36000,1.10338885698
81292,81767,85126,475,3359,2,36000,1.14141113427
81310,81911,85428,601,3517,2,36000,1.17088427637
81325,81916,85384,591,3468,2,36000,1.17041522491
81365,81935,85600,570,3665,2,36000,1.15552523874
81390,82253,85701,863,3448,2,36000,1.2502900232
81391,82384,86268,993,3884,2,36000,1.25566426365
81447,81453,81460,6,7,1,900,1.3
81457,81906,82129,449,223,14,14940,3.0134529148
81534,82527,86021,993,3494,2,36000,1.28420148827
81579,82567,86106,988,3539,2,36000,1.27917490817
81639,82572,86240,933,3668,2,36000,1.25436205016
81757,82656,86040,899,3384,2,36000,1.26566193853
81927,82661,86287,734,3626,2,36000,1.20242691671
82042,82651,119148,609,36497,16,356400,1.01668630298
82126,82578,82585,452,7,1,900,45.9
82134,82140,82358,6,218,14,14940,1.02752293578
82242,82666,85947,424,3281,2,36000,1.12922889363
82355,82583,82588,228,5,1,900,23.3
82363,82369,82582,6,213,14,14940,1.02816901408
82375,82672,86090,297,3418,2,36000,1.08689291984
82514,82677,86609,163,3932,2,36000,1.04145473042
82579,82589,82595,10,6,1,900,1.6
82588,82595,82835,7,240,14,14940,1.02916666667
82832,82846,82853,14,7,1,900,2.1
82841,82864,82940,23,76,14,14940,1.30263157895
82938,82951,82954,13,3,1,900,1.6
82946,82965,83050,19,85,14,14940,1.22352941176
83045,83155,83159,110,4,1,900,11.4
83055,83061,83144,6,83,14,14940,1.07228915663
83142,83160,83163,18,3,1,900,2.1
83150,83174,83258,24,84,14,14940,1.28571428571
83257,83270,83273,13,3,1,900,1.6
83265,83284,83350,19,66,14,14940,1.28787878788
83318,83328,87018,10,3690,2,36000,1.0027100271
83348,83361,83364,13,3,1,900,1.6
83357,83376,83554,19,178,14,14940,1.10674157303
83372,83382,87299,10,3917,2,36000,1.00255297421
83430,83438,87096,8,3658,2,36000,1.00218698742
83494,83505,87527,11,4022,2,36000,1.00273495773
83554,83565,83572,11,7,1,900,1.8
83570,83583,83664,13,81,14,14940,1.16049382716
83618,83628,87422,10,3794,2,36000,1.00263574064
83645,83654,87235,9,3581,2,36000,1.00251326445
83662,83675,83678,13,3,1,900,1.6
83670,83689,83911,19,222,14,14940,1.08558558559
83714,83725,87501,11,3776,2,36000,1.00291313559
83754,83763,87175,9,3412,2,36000,1.00263774912
83887,83897,87250,10,3353,2,36000,1.00298240382
83908,83922,83929,14,7,1,900,2.1
83918,83934,84160,16,226,14,14940,1.07079646018
83923,83939,87485,16,3546,2,36000,1.00451212634
83938,83945,87648,7,3703,2,36000,1.00189035917
83953,83959,87374,6,3415,2,36000,1.00175695461
84026,84036,87840,10,3804,2,36000,1.00262881178
84044,84055,87370,11,3315,2,36000,1.00331825038
84074,84083,87488,9,3405,2,36000,1.00264317181
84158,84176,84182,18,6,1,900,2.4
84165,84171,87665,6,3494,2,36000,1.00171722954
84169,84234,84462,65,228,14,14940,1.2850877193
84322,84329,87646,7,3317,2,36000,1.00211034067
84377,84383,88034,6,3651,2,36000,1.00164338537
84431,84438,88001,7,3563,2,36000,1.00196463654
84446,84453,87919,7,3466,2,36000,1.00201961916
84460,84466,84475,6,9,1,900,1.5
84471,84477,88034,6,3557,2,36000,1.00168681473
84479,84485,84554,6,69,14,14940,1.08695652174
84541,84547,88221,6,3674,2,36000,1.00163309744
84549,84555,84559,6,4,1,900,1.0
84562,84568,87871,6,3303,2,36000,1.00181653043
84566,84574,84793,8,219,14,14940,1.03652968037
84613,84619,87977,6,3358,2,36000,1.00178677784
84628,84635,88161,7,3526,2,36000,1.00198525241
84653,84659,88128,6,3469,2,36000,1.00172960507
84668,84674,88244,6,3570,2,36000,1.00168067227
84683,84689,88165,6,3476,2,36000,1.00172612198
84703,84710,88105,7,3395,2,36000,1.00206185567
84705,84716,88499,11,3783,2,36000,1.00290774518
84706,84721,88209,15,3488,2,36000,1.00430045872
84764,84770,88337,6,3567,2,36000,1.00168208579
84782,84789,88483,7,3694,2,36000,1.00189496481
84790,84796,84806,6,10,1,900,1.6
84797,84803,88062,6,3259,2,36000,1.00184105554
84807,84813,85025,6,212,14,14940,1.02830188679
84855,84861,88328,6,3467,2,36000,1.00173060283
84900,84906,88142,6,3236,2,36000,1.00185414091
84915,84921,88509,6,3588,2,36000,1.0016722408
84930,84936,88406,6,3470,2,36000,1.00172910663
84932,84942,88217,10,3275,2,36000,1.00305343511
84959,84965,88247,6,3282,2,36000,1.00182815356
84983,84989,88734,6,3745,2,36000,1.00160213618
85022,85028,85036,6,8,1,900,1.4
85033,85039,85240,6,201,14,14940,1.02985074627
85059,85065,88833,6,3768,2,36000,1.00159235669
85074,85080,88383,6,3303,2,36000,1.00181653043
85129,85135,88665,6,3530,2,36000,1.00169971671
85143,85150,89055,7,3905,2,36000,1.00179257362
85198,85205,88590,7,3385,2,36000,1.00206794682
85298,85304,89011,6,3707,2,36000,1.00161855948
85386,85392,88768,6,3376,2,36000,1.00177725118
85428,85435,88965,7,3530,2,36000,1.00198300283
85601,85607,88850,6,3243,2,36000,1.00185013876
85701,85707,89382,6,3675,2,36000,1.00163265306
85948,85954,89589,6,3635,2,36000,1.00165061898
86024,86030,89896,6,3866,2,36000,1.00155199172
86042,86048,89410,6,3362,2,36000,1.00178465199
86093,86099,89808,6,3709,2,36000,1.00161768671
86108,86114,89631,6,3517,2,36000,1.00170599943
86241,86248,89791,7,3543,2,36000,1.00197572679
86269,86275,90090,6,3815,2,36000,1.00157273919
86290,86296,89827,6,3531,2,36000,1.00169923534
86588,86722,93967,134,7245,14,7200,1.01849551415
86611,86617,90213,6,3596,2,36000,1.00166852058
87018,87024,90419,6,3395,2,36000,1.00176730486
87097,87103,90595,6,3492,2,36000,1.00171821306
87176,87182,90451,6,3269,2,36000,1.00183542368
87237,87243,90972,6,3729,2,36000,1.00160901046
87251,87258,90835,7,3577,2,36000,1.00195694716
87300,87306,90880,6,3574,2,36000,1.00167879127
87372,87379,90663,7,3284,2,36000,1.00213154689
87387,87394,91006,7,3612,2,36000,1.0019379845
87423,87430,91087,7,3657,2,36000,1.00191413727
87488,87494,90735,6,3241,2,36000,1.00185128047
87489,87500,91522,11,4022,2,36000,1.00273495773
87504,87510,90890,6,3380,2,36000,1.00177514793
87528,87534,91053,6,3519,2,36000,1.00170502984
87647,87653,91132,6,3479,2,36000,1.00172463352
87662,87668,91188,6,3520,2,36000,1.00170454545
87677,87683,91197,6,3514,2,36000,1.00170745589
87840,87846,91455,6,3609,2,36000,1.00166251039
87873,87880,91595,7,3715,2,36000,1.00188425303
87919,87925,91376,6,3451,2,36000,1.00173862649
87979,87985,91488,6,3503,2,36000,1.00171281758
88003,88009,91455,6,3446,2,36000,1.00174114916
88034,88040,91603,6,3563,2,36000,1.00168397418
88035,88046,91299,11,3253,2,36000,1.00338149401
88062,88068,91522,6,3454,2,36000,1.00173711639
88105,88111,91729,6,3618,2,36000,1.00165837479
88129,88135,91862,6,3727,2,36000,1.00160987389
88144,88150,92211,6,4061,2,36000,1.0014774686
88162,88168,91783,6,3615,2,36000,1.00165975104
88177,88183,91463,6,3280,2,36000,1.00182926829
88211,88217,91875,6,3658,2,36000,1.00164024057
88227,88233,91742,6,3509,2,36000,1.00170988886
88228,88239,92153,11,3914,2,36000,1.00281042412
88243,88249,91873,6,3624,2,36000,1.00165562914
88258,88264,92099,6,3835,2,36000,1.00156453716
88331,88337,91808,6,3471,2,36000,1.00172860847
88346,88352,91899,6,3547,2,36000,1.00169157034
88385,88391,91996,6,3605,2,36000,1.00166435506
88406,88412,91767,6,3355,2,36000,1.00178837556
88482,88488,91849,6,3361,2,36000,1.00178518298
88500,88506,92198,6,3692,2,36000,1.00162513543
88515,88521,92246,6,3725,2,36000,1.00161073826
88591,88597,91846,6,3249,2,36000,1.00184672207
88666,88673,92198,7,3525,2,36000,1.0019858156
88736,88742,92149,6,3407,2,36000,1.00176108013
88769,88775,92449,6,3674,2,36000,1.00163309744
88836,88841,92262,5,3421,2,36000,1.00146156095
88851,88857,92455,6,3598,2,36000,1.00166759311
88965,88972,92548,7,3576,2,36000,1.00195749441
89014,89020,92283,6,3263,2,36000,1.00183879865
89056,89062,92813,6,3751,2,36000,1.00159957345
89382,89388,92969,6,3581,2,36000,1.00167550963
89409,89416,92882,7,3466,2,36000,1.00201961916
89591,89597,93194,6,3597,2,36000,1.00166805671
89633,89639,93105,6,3466,2,36000,1.00173110214
89651,93978,94929,4327,951,14,1980,5.54994742376
89793,89799,93182,6,3383,2,36000,1.00177357375
89808,89814,93099,6,3285,2,36000,1.00182648402
89823,89829,93228,6,3399,2,36000,1.00176522507
89898,89904,93777,6,3873,2,36000,1.00154918668
90091,90098,93505,7,3407,2,36000,1.00205459348
90215,90221,93711,6,3490,2,36000,1.00171919771
90420,90427,93942,7,3515,2,36000,1.00199146515
90454,90460,94144,6,3684,2,36000,1.0016286645
90596,90602,93916,6,3314,2,36000,1.00181050091
90662,90669,93924,7,3255,2,36000,1.00215053763
90738,90744,94121,6,3377,2,36000,1.0017767249
90838,90844,94667,6,3823,2,36000,1.00156944808
90883,90889,94455,6,3566,2,36000,1.00168255749
90898,90904,94482,6,3578,2,36000,1.00167691448
90973,90984,94761,11,3777,2,36000,1.00291236431
91007,91013,94636,6,3623,2,36000,1.00165608612
91055,91062,94424,7,3362,2,36000,1.00208209399
91089,91095,95126,6,4031,2,36000,1.0014884644
91132,91138,94712,6,3574,2,36000,1.00167879127
91190,91196,94848,6,3652,2,36000,1.00164293538
91205,91211,94503,6,3292,2,36000,1.00182260024
91300,91306,94765,6,3459,2,36000,1.00173460538
91378,91384,94978,6,3594,2,36000,1.00166944908
91457,91463,94602,6,3139,2,36000,1.00191143676
91459,91469,94974,10,3505,2,36000,1.00285306705
91473,91480,95372,7,3892,2,36000,1.00179856115
91488,91495,94866,7,3371,2,36000,1.00207653515
91522,91529,95097,7,3568,2,36000,1.00196188341
91524,91535,95047,11,3512,2,36000,1.00313211845
91594,91600,95033,6,3433,2,36000,1.0017477425
91609,91615,95051,6,3436,2,36000,1.00174621653
91730,91736,95412,6,3676,2,36000,1.00163220892
91745,91751,95079,6,3328,2,36000,1.00180288462
91769,91775,95262,6,3487,2,36000,1.0017206768
91784,91790,95337,6,3547,2,36000,1.00169157034
91809,91815,95328,6,3513,2,36000,1.00170794193
91849,91855,95268,6,3413,2,36000,1.00175798418
91850,91861,98235,11,6374,2,36000,1.0017257609
91866,91872,95148,6,3276,2,36000,1.00183150183
91881,91887,95099,6,3212,2,36000,1.00186799502
91882,91893,95394,11,3501,2,36000,1.00314195944
91901,91907,95518,6,3611,2,36000,1.00166158959
91999,92005,95702,6,3697,2,36000,1.00162293752
92101,92107,95487,6,3380,2,36000,1.00177514793
92150,92156,95713,6,3557,2,36000,1.00168681473
92164,92171,95623,7,3452,2,36000,1.00202780997
92198,92204,95663,6,3459,2,36000,1.00173460538
92213,92219,95918,6,3699,2,36000,1.00162206002
92214,92225,95890,11,3665,2,36000,1.00300136426
92248,92254,95547,6,3293,2,36000,1.00182204677
92263,92269,96060,6,3791,2,36000,1.00158269586
92284,92290,95870,6,3580,2,36000,1.00167597765
92450,92457,96033,7,3576,2,36000,1.00195749441
92465,92471,95861,6,3390,2,36000,1.0017699115
92550,92556,96308,6,3752,2,36000,1.00159914712
92814,92820,96290,6,3470,2,36000,1.00172910663
92883,92890,96210,7,3320,2,36000,1.00210843373
92971,92977,96631,6,3654,2,36000,1.00164203612
93101,93107,96506,6,3399,2,36000,1.00176522507
93116,93122,96739,6,3617,2,36000,1.00165883329
93182,93188,96581,6,3393,2,36000,1.0017683466
93197,93204,96645,7,3441,2,36000,1.00203429236
93231,93237,96857,6,3620,2,36000,1.00165745856
93506,93512,97178,6,3666,2,36000,1.00163666121
93714,93720,97472,6,3752,2,36000,1.00159914712
93777,93783,97194,6,3411,2,36000,1.00175901495
93916,93922,97418,6,3496,2,36000,1.00171624714
93931,93937,97295,6,3358,2,36000,1.00178677784
93946,93952,97558,6,3606,2,36000,1.00166389351
94078,94940,97056,862,2116,14,7200,1.40737240076
94121,94127,97574,6,3447,2,36000,1.00174064404
94145,94151,97650,6,3499,2,36000,1.00171477565
94424,94430,97935,6,3505,2,36000,1.00171184023
94457,94463,97904,6,3441,2,36000,1.00174367916
94478,94485,98188,7,3703,2,36000,1.00189035917
94502,94509,98105,7,3596,2,36000,1.00194660734
94602,94608,98314,6,3706,2,36000,1.00161899622
94638,94645,98327,7,3682,2,36000,1.00190114068
94669,94675,98115,6,3440,2,36000,1.00174418605
94714,94720,98161,6,3441,2,36000,1.00174367916
94763,94769,98588,6,3819,2,36000,1.00157109191
94777,94784,98430,7,3646,2,36000,1.00191991223
94850,94856,98496,6,3640,2,36000,1.00164835165
94865,94871,98415,6,3544,2,36000,1.00169300226
94878,94884,94885,6,1,2,3540,1.0
94977,94983,98190,6,3207,2,36000,1.00187090739
94992,94998,98895,6,3897,2,36000,1.00153964588
95035,95041,98540,6,3499,2,36000,1.00171477565
95050,95057,98554,7,3497,2,36000,1.00200171576
95065,95072,98930,7,3858,2,36000,1.00181441161
95080,95086,98803,6,3717,2,36000,1.001614205
95099,95106,98296,7,3190,2,36000,1.00219435737
95101,95111,98405,10,3294,2,36000,1.00303582271
95128,95134,99434,6,4300,2,36000,1.00139534884
95146,95153,98646,7,3493,2,36000,1.00200400802
95262,95268,98913,6,3645,2,36000,1.00164609053
95277,95283,99036,6,3753,2,36000,1.00159872102
95328,95334,98844,6,3510,2,36000,1.00170940171
95343,95349,98837,6,3488,2,36000,1.00172018349
95373,95380,98861,7,3481,2,36000,1.0020109164
95395,95401,98999,6,3598,2,36000,1.00166759311
95396,95406,96220,10,814,1,1800,1.01228501229
95413,95419,99022,6,3603,2,36000,1.00166527893
95489,95495,98830,6,3335,2,36000,1.00179910045
95519,95525,99079,6,3554,2,36000,1.0016882386
95549,95555,99084,6,3529,2,36000,1.00170019836
95622,95628,99101,6,3473,2,36000,1.00172761301
95664,95670,99000,6,3330,2,36000,1.0018018018
95691,95698,95861,7,163,1,3600,1.04294478528
95703,95709,98896,6,3187,2,36000,1.00188264826
95718,95724,99286,6,3562,2,36000,1.00168444694
95835,97067,98305,1232,1238,14,2940,1.99515347334
95860,95866,99200,6,3334,2,36000,1.00179964007
95875,95881,99297,6,3416,2,36000,1.00175644028
95890,95897,99470,7,3573,2,36000,1.00195913798
95920,95927,98882,7,2955,2,36000,1.00236886633
96033,96039,99547,6,3508,2,36000,1.00171037628
96037,96045,96387,8,342,1,3600,1.02339181287
96060,96066,99844,6,3778,2,36000,1.00158814187
96205,96211,99629,6,3418,2,36000,1.00175541252
96229,96235,96423,6,188,3,86400,1.03191489362
96290,96296,100132,6,3836,2,36000,1.0015641293
96308,96314,99747,6,3433,2,36000,1.0017477425
96508,96514,99825,6,3311,2,36000,1.00181214135
96583,96589,99941,6,3352,2,36000,1.00178997613
96611,96617,96623,6,6,3,86400,1.2
96631,96638,99757,7,3119,2,36000,1.00224430907
96644,96650,96676,6,26,1,900,1.23076923077
96647,96656,99958,9,3302,2,36000,1.00272562084
96731,96737,97548,6,811,1,3600,1.00739827374
96740,96746,100343,6,3597,2,36000,1.00166805671
96745,96752,96767,7,15,3,86400,1.46666666667
96858,96864,100123,6,3259,2,36000,1.00184105554
96883,96889,123020,6,26131,2,86400,1.00022961234
97178,97185,100701,7,3516,2,36000,1.00199089875
97197,97203,100538,6,3335,2,36000,1.00179910045
97296,97302,100633,6,3331,2,36000,1.00180126088
97328,98316,103768,988,5452,14,7200,1.18121790169
97420,97426,100898,6,3472,2,36000,1.0017281106
97471,97477,100927,6,3450,2,36000,1.00173913043
97559,97565,100723,6,3158,2,36000,1.00189993667
97577,97583,101042,6,3459,2,36000,1.00173460538
97649,97655,101067,6,3412,2,36000,1.00175849941
97906,97912,101013,6,3101,2,36000,1.00193485972
97936,97942,101084,6,3142,2,36000,1.00190961171
98105,98111,101764,6,3653,2,36000,1.00164248563
98120,98126,101582,6,3456,2,36000,1.00173611111
98163,98169,101333,6,3164,2,36000,1.00189633375
98190,98196,101494,6,3298,2,36000,1.00181928441
98192,98202,101721,10,3519,2,36000,1.0028417164
98237,98243,102147,6,3904,2,36000,1.00153688525
98298,98304,101841,6,3537,2,36000,1.00169635284
98316,98323,101901,7,3578,2,36000,1.00195640022
98331,98337,101789,6,3452,2,36000,1.00173812283
98407,98413,102231,6,3818,2,36000,1.0015715034
98422,98428,101707,6,3279,2,36000,1.00182982617
98437,98443,102214,6,3771,2,36000,1.0015910899
98497,98504,102237,7,3733,2,36000,1.00187516743
98543,98549,101938,6,3389,2,36000,1.00177043376
98558,98564,102082,6,3518,2,36000,1.0017055145
98588,98594,102118,6,3524,2,36000,1.00170261067
98649,98655,102104,6,3449,2,36000,1.00173963468
98706,98712,98822,6,110,1,3600,1.05454545455
98806,98812,102343,6,3531,2,36000,1.00169923534
98831,98837,102343,6,3506,2,36000,1.00171135197
98846,98852,102431,6,3579,2,36000,1.00167644593
98847,98858,102248,11,3390,2,36000,1.00324483776
98862,98868,102630,6,3762,2,36000,1.00159489633
98884,98890,102283,6,3393,2,36000,1.0017683466
98899,98905,102368,6,3463,2,36000,1.00173260179
98900,98911,102504,11,3593,2,36000,1.00306150849
98916,98922,102405,6,3483,2,36000,1.00172265289
98931,98937,102533,6,3596,2,36000,1.00166852058
98981,98987,99334,6,347,1,3600,1.01729106628
99000,99007,102542,7,3535,2,36000,1.00198019802
99002,99013,102443,11,3430,2,36000,1.00320699708
99023,99029,102581,6,3552,2,36000,1.00168918919
99038,99044,102403,6,3359,2,36000,1.00178624591
99081,99087,103045,6,3958,2,36000,1.00151591713
99096,99103,102583,7,3480,2,36000,1.00201149425
99111,99117,102919,6,3802,2,36000,1.00157811678
99199,99205,103040,6,3835,2,36000,1.00156453716
99213,99219,99382,6,163,1,3600,1.03680981595
99288,99294,102658,6,3364,2,36000,1.00178359096
99303,99308,102860,5,3552,2,36000,1.00140765766
99436,99442,103069,6,3627,2,36000,1.00165425972
99472,99479,102937,7,3458,2,36000,1.0020242915
99548,99554,102903,6,3349,2,36000,1.00179157958
99550,99560,99905,10,345,1,3600,1.02898550725
99630,99636,103144,6,3508,2,36000,1.00171037628
99748,99755,103390,7,3635,2,36000,1.00192572215
99763,99769,103353,6,3584,2,36000,1.00167410714
99800,99806,100404,6,598,1,3600,1.01003344482
99827,99833,103366,6,3533,2,36000,1.00169827342
99846,99852,103309,6,3457,2,36000,1.00173560891
99942,99948,103389,6,3441,2,36000,1.00174367916
99960,99966,103459,6,3493,2,36000,1.00171772116
100118,100124,103152,6,3028,2,36000,1.00198150594
100133,100139,103691,6,3552,2,36000,1.00168918919
100239,100245,101049,6,804,1,3600,1.00746268657
100344,100350,103742,6,3392,2,36000,1.00176886792
100540,100546,104368,6,3822,2,36000,1.00156985871
100634,100640,104338,6,3698,2,36000,1.00162249865
100703,100710,104553,7,3843,2,36000,1.00182149362
100725,100731,104586,6,3855,2,36000,1.00155642023
100900,100907,104430,7,3523,2,36000,1.00198694295
100928,100934,104409,6,3475,2,36000,1.00172661871
101013,101019,104226,6,3207,2,36000,1.00187090739
101043,101050,104343,7,3293,2,36000,1.00212572123
101068,101074,104501,6,3427,2,36000,1.00175080245
101086,101092,104480,6,3388,2,36000,1.00177095632
101335,101341,104800,6,3459,2,36000,1.00173460538
101495,101501,105156,6,3655,2,36000,1.00164158687
101582,101589,105068,7,3479,2,36000,1.00201207243
101709,101715,105199,6,3484,2,36000,1.00172215844
101724,101730,105062,6,3332,2,36000,1.00180072029
101766,101773,105234,7,3461,2,36000,1.00202253684
101791,101797,105387,6,3590,2,36000,1.00167130919
101842,101848,105159,6,3311,2,36000,1.00181214135
101903,101909,105153,6,3244,2,36000,1.00184956843
101939,101945,105436,6,3491,2,36000,1.00171870524
102084,102090,105511,6,3421,2,36000,1.00175387314
102105,102111,105809,6,3698,2,36000,1.00162249865
102120,102126,105614,6,3488,2,36000,1.00172018349
102147,102153,105457,6,3304,2,36000,1.00181598063
102214,102219,105707,5,3488,2,36000,1.00143348624
102232,102238,106014,6,3776,2,36000,1.00158898305
102247,102253,105698,6,3445,2,36000,1.00174165457
102256,102263,102370,7,107,1,3600,1.06542056075
102262,102269,105464,7,3195,2,36000,1.00219092332
102283,102289,105934,6,3645,2,36000,1.00164609053
102345,102351,105841,6,3490,2,36000,1.00171919771
102346,102357,105863,11,3506,2,36000,1.00313747861
102370,102380,105638,10,3258,2,36000,1.00306936771
102404,102410,106066,6,3656,2,36000,1.00164113786
102419,102425,105868,6,3443,2,36000,1.00174266628
102434,102440,105879,6,3439,2,36000,1.00174469322
102449,102455,106100,6,3645,2,36000,1.00164609053
102505,102511,106183,6,3672,2,36000,1.00163398693
102532,102539,102853,7,314,1,3600,1.02229299363
102535,102545,105872,10,3327,2,36000,1.00300571085
102550,102556,106013,6,3457,2,36000,1.00173560891
102584,102591,105920,7,3329,2,36000,1.00210273355
102586,102597,105910,11,3313,2,36000,1.00332025355
102631,102638,106070,7,3432,2,36000,1.00203962704
102659,102665,106299,6,3634,2,36000,1.0016510732
102862,102868,106543,6,3675,2,36000,1.00163265306
102887,102893,103015,6,122,1,1800,1.04918032787
102904,102911,106972,7,4061,2,36000,1.00172371337
102920,102926,106404,6,3478,2,36000,1.00172512938
102938,102944,106427,6,3483,2,36000,1.00172265289
103041,103047,106843,6,3796,2,36000,1.00158061117
103056,103062,106526,6,3464,2,36000,1.00173210162
103071,103077,106617,6,3540,2,36000,1.00169491525
103145,103151,106618,6,3467,2,36000,1.00173060283
103160,103166,106713,6,3547,2,36000,1.00169157034
103283,103289,103853,6,564,1,3600,1.01063829787
103304,103310,103420,6,110,1,1800,1.05454545455
103309,103316,106882,7,3566,2,36000,1.00196298374
103354,103360,107028,6,3668,2,36000,1.00163576881
103369,103375,106709,6,3334,2,36000,1.00179964007
103391,103397,107353,6,3956,2,36000,1.00151668352
103392,103403,106950,11,3547,2,36000,1.00310121229
103459,103465,107099,6,3634,2,36000,1.0016510732
103693,103699,107277,6,3578,2,36000,1.00167691448
103741,103747,107255,6,3508,2,36000,1.00171037628
104066,104072,104642,6,570,1,1800,1.01052631579
104228,104234,107921,6,3687,2,36000,1.0016273393
104340,104346,108180,6,3834,2,36000,1.00156494523
104355,104361,108071,6,3710,2,36000,1.00161725067
104370,104376,107923,6,3547,2,36000,1.00169157034
104412,104418,108239,6,3821,2,36000,1.00157026956
104430,104437,107948,7,3511,2,36000,1.00199373398
104482,104488,107984,6,3496,2,36000,1.00171624714
104503,104509,107941,6,3432,2,36000,1.00174825175
104555,104561,107983,6,3422,2,36000,1.00175336061
104588,104594,108565,6,3971,2,36000,1.00151095442
104596,106198,108527,1602,2329,32,7200,1.68784886217
104688,107994,109996,3306,2002,32,7200,2.65134865135
104753,108538,115751,3785,7213,32,7200,1.52474698461
104803,104809,108312,6,3503,2,36000,1.00171281758
104805,110007,117217,5202,7210,32,7200,1.72149791956
104869,115762,122528,10893,6766,32,7200,2.60996157257
104910,117229,124463,12319,7234,32,7200,2.70293060547
105063,105070,108331,7,3261,2,36000,1.0021465808
105078,105084,108820,6,3736,2,36000,1.00160599572
105155,105161,108863,6,3702,2,36000,1.00162074554
105170,105176,108398,6,3222,2,36000,1.00186219739
105171,105182,108424,11,3242,2,36000,1.0033929673
105202,105208,108856,6,3648,2,36000,1.00164473684
105235,105241,108884,6,3643,2,36000,1.00164699424
105390,105396,108887,6,3491,2,36000,1.00171870524
105438,105444,108917,6,3473,2,36000,1.00172761301
105459,105465,108889,6,3424,2,36000,1.00175233645
105474,105480,108817,6,3337,2,36000,1.00179802218
105511,105517,109180,6,3663,2,36000,1.00163800164
105614,105620,109301,6,3681,2,36000,1.00162999185
105626,105633,108190,7,2557,14,7200,1.00273758311
105638,105645,109225,7,3580,2,36000,1.00195530726
105699,105705,109292,6,3587,2,36000,1.001672707
105714,105720,109560,6,3840,2,36000,1.0015625
105811,105817,109600,6,3783,2,36000,1.00158604282
105842,105848,109044,6,3196,2,36000,1.00187734668
105866,105873,109392,7,3519,2,36000,1.00198920148
105882,105888,109490,6,3602,2,36000,1.00166574125
105883,105894,109627,11,3733,2,36000,1.00294669167
105884,105899,109141,15,3242,2,36000,1.0046267736
105912,105918,109372,6,3454,2,36000,1.00173711639
105927,105933,109628,6,3695,2,36000,1.00162381597
105942,105948,109356,6,3408,2,36000,1.00176056338
106013,106019,109158,6,3139,2,36000,1.00191143676
106028,106034,109455,6,3421,2,36000,1.00175387314
106068,106074,109777,6,3703,2,36000,1.00162030786
106083,106089,109670,6,3581,2,36000,1.00167550963
106101,106107,109658,6,3551,2,36000,1.00168966488
106186,106192,109498,6,3306,2,36000,1.00181488203
106290,106296,106345,6,49,1,1800,1.12244897959
106301,106307,110214,6,3907,2,36000,1.00153570514
106404,106410,110358,6,3948,2,36000,1.00151975684
106429,106435,109916,6,3481,2,36000,1.00172364263
106529,106535,110497,6,3962,2,36000,1.00151438667
106544,106550,110062,6,3512,2,36000,1.00170842825
106546,106556,106667,10,111,1,1800,1.09009009009
106560,106567,107810,7,1243,2,1200,1.0056315366
106567,106573,107809,6,1236,2,1200,1.00485436893
106577,106633,107743,56,1110,2,1200,1.05045045045
106617,106628,110260,11,3632,2,36000,1.00302863436
106632,106894,110183,262,3289,2,36000,1.07965947096
106643,106649,106727,6,78,1,1800,1.07692307692
106711,107288,110787,577,3499,2,36000,1.16490425836
106726,107364,110982,638,3618,2,36000,1.17634051962
106844,107933,111393,1089,3460,2,36000,1.31473988439
106884,108202,112098,1318,3896,2,36000,1.33829568789
106950,108207,111686,1257,3479,2,36000,1.36131072147
106975,108323,111530,1348,3207,2,36000,1.42033052697
106983,106989,107083,6,94,1,1800,1.06382978723
107029,108342,112239,1313,3897,2,36000,1.33692584039
107102,108409,111897,1307,3488,2,36000,1.37471330275
107256,108436,111765,1180,3329,2,36000,1.35446079904
107277,108543,112008,1266,3465,2,36000,1.36536796537
107353,108549,112069,1196,3520,2,36000,1.33977272727
107556,107562,107852,6,290,1,1800,1.02068965517
107747,107753,108250,6,497,1,1800,1.01207243461
107921,108554,111932,633,3378,2,36000,1.18738898757
107936,108559,112086,623,3527,2,36000,1.17663736887
107951,108564,112360,613,3796,2,36000,1.1614857745
107953,108569,112031,616,3462,2,36000,1.17793183131
107984,108575,111850,591,3275,2,36000,1.18045801527
107985,108580,112115,595,3535,2,36000,1.16831683168
108073,108586,112222,513,3636,2,36000,1.14108910891
108180,108828,112356,648,3528,2,36000,1.18367346939
108240,108834,111987,594,3153,2,36000,1.18839200761
108312,108867,112248,555,3381,2,36000,1.16415261757
108331,108875,112327,544,3452,2,36000,1.15758980301
108400,108895,112327,495,3432,2,36000,1.14423076923
108427,108901,112321,474,3420,2,36000,1.13859649123
108567,108906,112230,339,3324,2,36000,1.10198555957
108720,115826,119133,7106,3307,14,7200,3.14877532507
108820,108928,112148,108,3220,2,36000,1.03354037267
108821,109056,112448,235,3392,2,36000,1.06928066038
108858,109153,112644,295,3491,2,36000,1.08450300773
108873,109170,112374,297,3204,2,36000,1.09269662921
108888,109191,112691,303,3500,2,36000,1.08657142857
108890,109236,112797,346,3561,2,36000,1.09716371806
108891,109303,112590,412,3287,2,36000,1.12534225738
108919,109312,113047,393,3735,2,36000,1.10522088353
109044,109367,113011,323,3644,2,36000,1.0886388584
109141,109384,113075,243,3691,2,36000,1.06583581685
109159,109403,112885,244,3482,2,36000,1.07007466973
109180,109466,113050,286,3584,2,36000,1.07979910714
109222,109501,112894,279,3393,2,36000,1.08222811671
109293,109509,112802,216,3293,2,36000,1.06559368357
109308,109571,113326,263,3755,2,36000,1.07003994674
109357,109611,112877,254,3266,2,36000,1.07777097367
109375,109638,113175,263,3537,2,36000,1.07435679955
109393,109644,113123,251,3479,2,36000,1.07214716873
109457,109670,113028,213,3358,2,36000,1.06343061346
109491,109680,113297,189,3617,2,36000,1.05225324855
109505,109788,113176,283,3388,2,36000,1.08353010626
109560,109928,113627,368,3699,2,36000,1.09948634766
109599,110012,113536,413,3524,2,36000,1.11719636776
109627,110073,113695,446,3622,2,36000,1.12313638874
109628,110194,113642,566,3448,2,36000,1.16415313225
109659,110225,113845,566,3620,2,36000,1.15635359116
109675,110271,113644,596,3373,2,36000,1.1766973021
109779,110369,113938,590,3569,2,36000,1.16531241244
109916,110508,113856,592,3348,2,36000,1.17682198327
110063,110798,114535,735,3737,2,36000,1.19668183035
110096,110102,110151,6,49,1,1800,1.12244897959
110184,110993,114547,809,3554,2,36000,1.22763083849
110215,111404,115072,1189,3668,2,36000,1.32415485278
110261,111541,115325,1280,3784,2,36000,1.33826638478
110358,111697,115083,1339,3386,2,36000,1.3954518606
110483,110489,110560,6,71,1,1800,1.08450704225
110498,111777,115189,1279,3412,2,36000,1.37485345838
110787,111861,115363,1074,3502,2,36000,1.30668189606
110984,111909,115752,925,3843,2,36000,1.24069737184
111395,111943,115351,548,3408,2,36000,1.16079812207
111528,111998,115656,470,3658,2,36000,1.12848551121
111572,111578,111852,6,274,1,1800,1.02189781022
111686,112019,115978,333,3959,2,36000,1.08411214953
111765,112043,115642,278,3599,2,36000,1.0772436788
111851,112081,115603,230,3522,2,36000,1.06530380466
111899,112097,115662,198,3565,2,36000,1.05553997195
111933,112109,115371,176,3262,2,36000,1.05395462906
111988,112127,115641,139,3514,2,36000,1.03955606147
112010,112159,115865,149,3706,2,36000,1.04020507285
112034,112234,115340,200,3106,2,36000,1.06439150032
112071,112241,115867,170,3626,2,36000,1.04688361831
112086,112251,115714,165,3463,2,36000,1.04764654923
112101,112259,115931,158,3672,2,36000,1.04302832244
112116,112333,115845,217,3512,2,36000,1.0617881549
112150,112339,115698,189,3359,2,36000,1.05626674606
112224,112344,115789,120,3445,2,36000,1.03483309144
112239,112367,115612,128,3245,2,36000,1.03944530046
112241,112373,115814,132,3441,2,36000,1.03836094159
112256,112385,115910,129,3525,2,36000,1.03659574468
112321,112460,115887,139,3427,2,36000,1.04056025678
112337,112602,116244,265,3642,2,36000,1.07276221856
112338,112655,116310,317,3655,2,36000,1.08673050616
112357,112702,116245,345,3543,2,36000,1.09737510584
112372,112808,116450,436,3642,2,36000,1.11971444261
112388,112814,116275,426,3461,2,36000,1.12308581335
112449,112888,116655,439,3767,2,36000,1.11653835944
112592,112896,116808,304,3912,2,36000,1.07770961145
112644,112905,116379,261,3474,2,36000,1.07512953368
112693,113022,116623,329,3601,2,36000,1.09136351014
112797,113039,116650,242,3611,2,36000,1.06701744669
112812,113058,116615,246,3557,2,36000,1.06915940399
112880,113064,116341,184,3277,2,36000,1.05614891669
112895,113085,116274,190,3189,2,36000,1.05957980558
112896,113134,116614,238,3480,2,36000,1.0683908046
113012,113188,116785,176,3597,2,36000,1.04892966361
113027,113193,116806,166,3613,2,36000,1.0459451979
113049,113309,117014,260,3705,2,36000,1.0701754386
113065,113337,117013,272,3676,2,36000,1.07399347116
113080,113547,117087,467,3540,2,36000,1.13192090395
113126,113639,117563,513,3924,2,36000,1.13073394495
113179,113653,117158,474,3505,2,36000,1.13523537803
113180,113659,117079,479,3420,2,36000,1.14005847953
113299,113706,117315,407,3609,2,36000,1.1127736215
113327,113856,117213,529,3357,2,36000,1.15758117367
113537,113867,116920,330,3053,2,36000,1.10809040288
113629,113949,117333,320,3384,2,36000,1.09456264775
113644,114546,118663,902,4117,2,36000,1.21909157153
113646,114558,118286,912,3728,2,36000,1.24463519313
113694,115083,118752,1389,3669,2,36000,1.37857726901
113846,115094,118821,1248,3727,2,36000,1.33485376979
113861,115200,118468,1339,3268,2,36000,1.40973072215
113941,115337,118853,1396,3516,2,36000,1.39704209329
114535,115351,118678,816,3327,2,36000,1.24526600541
114550,115363,118965,813,3602,2,36000,1.22570794003
115868,115874,119551,6,3677,2,36000,1.00163176503
115869,115880,119372,11,3492,2,36000,1.00315005727
115888,115894,119180,6,3286,2,36000,1.00182592818
115909,115915,119523,6,3608,2,36000,1.00166297118
115931,115937,119285,6,3348,2,36000,1.0017921147
115980,115986,119500,6,3514,2,36000,1.00170745589
116246,116253,120158,7,3905,2,36000,1.00179257362
116248,116259,119907,11,3648,2,36000,1.00301535088
116276,116282,119696,6,3414,2,36000,1.00175746924
116277,116288,119660,11,3372,2,36000,1.00326215896
116311,116317,119734,6,3417,2,36000,1.00175592625
116342,116348,119848,6,3500,2,36000,1.00171428571
116378,116385,120006,7,3621,2,36000,1.00193316763
116449,116456,119958,7,3502,2,36000,1.0019988578
116617,116623,119752,6,3129,2,36000,1.00191754554
116618,116629,120069,11,3440,2,36000,1.00319767442
116633,116639,119984,6,3345,2,36000,1.00179372197
116653,116659,120127,6,3468,2,36000,1.00173010381
116668,116674,120623,6,3949,2,36000,1.00151937199
116783,116790,120580,7,3790,2,36000,1.0018469657
116809,116815,120053,6,3238,2,36000,1.00185299568
116810,116821,120161,11,3340,2,36000,1.00329341317
116921,116927,120268,6,3341,2,36000,1.0017958695
117016,117022,120311,6,3289,2,36000,1.00182426269
117017,117028,120634,11,3606,2,36000,1.00305047144
117081,117088,120449,7,3361,2,36000,1.00208271348
117096,117102,120682,6,3580,2,36000,1.00167597765
117157,117164,120594,7,3430,2,36000,1.00204081633
117213,117219,120769,6,3550,2,36000,1.00169014085
117317,117323,120812,6,3489,2,36000,1.00171969046
117332,117338,120907,6,3569,2,36000,1.00168114318
117334,118689,119779,1355,1090,2,36000,2.24311926606
117566,117572,121112,6,3540,2,36000,1.00169491525
118287,118293,122170,6,3877,2,36000,1.00154758834
118469,118475,121915,6,3440,2,36000,1.00174418605
118694,118700,122372,6,3672,2,36000,1.00163398693
118695,118706,122227,11,3521,2,36000,1.00312411247
118772,118778,122300,6,3522,2,36000,1.00170357751
118886,118892,122366,6,3474,2,36000,1.00172711572
118902,118908,122456,6,3548,2,36000,1.00169109357
118984,118990,122501,6,3511,2,36000,1.00170891484
119180,119186,122752,6,3566,2,36000,1.00168255749
119314,119320,123057,6,3737,2,36000,1.00160556596
119401,119408,122815,7,3407,2,36000,1.00205459348
119543,119550,123323,7,3773,2,36000,1.00185528757
119554,119560,123145,6,3585,2,36000,1.00167364017
119580,119586,122979,6,3393,2,36000,1.0017683466
119666,119672,123539,6,3867,2,36000,1.00155159038
119697,119703,123178,6,3475,2,36000,1.00172661871
119730,120069,122700,339,2631,14,7200,1.12884834664
119734,119740,123225,6,3485,2,36000,1.00172166428
119755,119761,123212,6,3451,2,36000,1.00173862649
119851,119857,123141,6,3284,2,36000,1.00182704019
119909,119915,123189,6,3274,2,36000,1.00183262065
119958,119964,123455,6,3491,2,36000,1.00171870524
119985,119991,123482,6,3491,2,36000,1.00171870524
120006,120012,123694,6,3682,2,36000,1.00162954916
120052,120058,123544,6,3486,2,36000,1.0017211704
120058,120064,129088,6,9024,2,43200,1.00066489362
120067,120075,123738,8,3663,2,36000,1.00218400218
120129,120135,123673,6,3538,2,36000,1.00169587337
120160,120166,123362,6,3196,2,36000,1.00187734668
120175,120181,123490,6,3309,2,36000,1.00181323663
120267,120273,123885,6,3612,2,36000,1.00166112957
120313,120319,124366,6,4047,2,36000,1.00148257969
120352,122711,124421,2359,1710,16,356400,2.37953216374
120451,120457,123647,6,3190,2,36000,1.00188087774
120579,120585,124044,6,3459,2,36000,1.00173460538
120597,120604,123962,7,3358,2,36000,1.00208457415
120625,120631,124440,6,3809,2,36000,1.00157521659
120640,120646,124200,6,3554,2,36000,1.0016882386
120680,120686,124363,6,3677,2,36000,1.00163176503
120769,120775,124334,6,3559,2,36000,1.00168586682
120814,120820,124455,6,3635,2,36000,1.00165061898
120848,120854,122785,6,1931,1,1800,1.00310719834
120909,120915,123993,6,3078,2,36000,1.00194931774
121113,121120,124280,7,3160,2,36000,1.00221518987
121767,122545,154463,778,31918,14,57600,1.02437496084
121918,121924,125261,6,3337,2,36000,1.00179802218
121971,122540,168385,569,45845,20,158400,1.01241138619
122172,122178,125751,6,3573,2,36000,1.00167926113
122199,122205,122271,6,66,1,7200,1.09090909091
122227,122233,125673,6,3440,2,36000,1.00174418605
122272,122278,128189,6,5911,1,7200,1.00101505667
122290,122296,128191,6,5895,1,7200,1.0010178117
122299,122305,126371,6,4066,2,36000,1.00147565175
122366,122372,125981,6,3609,2,36000,1.00166251039
122381,122387,125999,6,3612,2,36000,1.00166112957
122418,124876,160577,2458,35701,16,345600,1.06884961206
122457,122463,125768,6,3305,2,36000,1.00181543116
122502,122508,125798,6,3290,2,36000,1.00182370821
122754,123071,132141,317,9070,12,25200,1.03495038589
122755,140760,149511,18005,8751,12,25200,3.05747914524
122755,162429,171495,39674,9066,12,25200,5.37613059784
122755,132152,140749,9397,8597,12,25200,2.09305571711
122755,122760,126300,5,3540,2,36000,1.00141242938
122756,182739,197455,59983,14716,12,25200,5.0760396847
122756,171506,186195,48750,14689,12,25200,4.31880999387
122757,186206,201105,63449,14899,12,25200,5.25860796027
122757,187332,202536,64575,15204,12,25200,5.24723756906
122757,189179,189197,66422,18,12,25200,3691.11111111
122758,189257,189267,66499,10,12,25200,6650.9
122758,189208,189219,66450,11,12,25200,6041.90909091
122758,189233,189246,66475,13,12,25200,5114.46153846
122759,189278,189288,66519,10,12,25200,6652.9
122759,189300,189311,66541,11,12,25200,6050.18181818
122759,189326,189334,66567,8,12,25200,6657.5
122760,197467,206395,74707,8928,12,25200,9.36771953405
122760,193484,201842,70724,8358,12,25200,9.4618329744
122760,189346,204509,66586,15163,12,25200,5.3913473587
122761,197827,206506,75066,8679,12,25200,9.64915312824
122761,197832,206785,75071,8953,12,25200,9.38501061097
122819,122825,126512,6,3687,2,36000,1.0016273393
122979,122986,126224,7,3238,2,36000,1.00216182829
123058,123065,126679,7,3614,2,36000,1.00193691201
123094,124474,266714,1380,142240,20,345600,1.00970191226
123106,157921,160575,34815,2654,14,7200,14.1179351922
123145,123151,126437,6,3286,2,36000,1.00182592818
123146,123157,126580,11,3423,2,36000,1.00321355536
123179,123185,126664,6,3479,2,36000,1.00172463352
123194,123200,126742,6,3542,2,36000,1.00169395822
123213,123219,127228,6,4009,2,36000,1.00149663258
123228,123234,126522,6,3288,2,36000,1.00182481752
123323,123329,127224,6,3895,2,36000,1.00154043646
123362,123372,126884,10,3512,2,36000,1.00284738041
123459,123465,127137,6,3672,2,36000,1.00163398693
123486,123492,127036,6,3544,2,36000,1.00169300226
123503,123509,126643,6,3134,2,36000,1.00191448628
123541,123547,126829,6,3282,2,36000,1.00182815356
123557,123563,127019,6,3456,2,36000,1.00173611111
123649,123655,127229,6,3574,2,36000,1.00167879127
123674,123680,127080,6,3400,2,36000,1.00176470588
123692,123698,127197,6,3499,2,36000,1.00171477565
123738,123744,127238,6,3494,2,36000,1.00171722954
123746,124479,204146,733,79667,20,345600,1.00920079832
123887,123893,126976,6,3083,2,36000,1.00194615634
123960,123967,127785,7,3818,2,36000,1.00183342064
123994,124000,130964,6,6964,1,7200,1.00086157381
123996,124006,127760,10,3754,2,36000,1.00266382525
124046,124052,127757,6,3705,2,36000,1.0016194332
124090,125277,126648,1187,1371,3,7200,1.86579139314
124094,124100,126371,6,2271,1,7200,1.00264200793
124206,124212,127912,6,3700,2,36000,1.00162162162
124280,124286,127653,6,3367,2,36000,1.00178200178
124338,124344,128133,6,3789,2,36000,1.00158353127
124364,124370,127739,6,3369,2,36000,1.0017809439
124379,124385,127816,6,3431,2,36000,1.00174876129
124438,124444,128359,6,3915,2,36000,1.00153256705
124457,124463,128006,6,3543,2,36000,1.0016934801
124461,125333,131206,872,5873,16,356400,1.14847607696
125265,125271,128962,6,3691,2,36000,1.00162557572
125678,125684,129186,6,3502,2,36000,1.00171330668
125749,125755,129850,6,4095,2,36000,1.00146520147
125767,125773,129305,6,3532,2,36000,1.00169875425
125802,125808,129526,6,3718,2,36000,1.00161377084
125985,125991,129531,6,3540,2,36000,1.00169491525
126001,126007,129649,6,3642,2,36000,1.00164744646
126225,126235,129913,10,3678,2,36000,1.00271886895
126303,126312,129779,9,3467,2,36000,1.00259590424
126374,126382,129956,8,3574,2,36000,1.00223838836
126374,126387,128264,13,1877,1,7200,1.00692594566
126439,126449,129977,10,3528,2,36000,1.00283446712
126506,130975,156659,4469,25684,14,57600,1.17399937704
126514,126523,130000,9,3477,2,36000,1.00258843831
126529,126536,129998,7,3462,2,36000,1.00202195263
126583,126591,129815,8,3224,2,36000,1.00248138958
126645,126654,130303,9,3649,2,36000,1.00246642916
126664,126675,129938,11,3263,2,36000,1.00337113086
126680,126690,130369,10,3679,2,36000,1.00271812993
126744,126753,130123,9,3370,2,36000,1.00267062315
126833,126841,130371,8,3530,2,36000,1.00226628895
126888,126895,130477,7,3582,2,36000,1.00195421552
126980,126988,130350,8,3362,2,36000,1.00237953599
127021,127031,130698,10,3667,2,36000,1.00272702482
127040,127047,130709,7,3662,2,36000,1.00191152376
127082,127091,130509,9,3418,2,36000,1.00263311878
127138,127148,130446,10,3298,2,36000,1.00303214069
127199,127208,130749,9,3541,2,36000,1.0025416549
127227,127234,130430,7,3196,2,36000,1.0021902378
127228,127240,130545,12,3305,2,36000,1.00363086233
127230,127245,130928,15,3683,2,36000,1.00407276677
127248,127254,130604,6,3350,2,36000,1.00179104478
127665,127671,131072,6,3401,2,36000,1.001764187
127738,127750,131633,12,3883,2,36000,1.00309039403
127757,127768,131434,11,3666,2,36000,1.00300054555
127778,127784,130981,6,3197,2,36000,1.00187675946
127795,127801,130980,6,3179,2,36000,1.00188738597
127818,127827,131491,9,3664,2,36000,1.00245633188
127913,127923,131842,10,3919,2,36000,1.00255167134
127927,165236,175716,37309,10480,2,108000,4.56001908397
128005,128017,131642,12,3625,2,36000,1.00331034483
128136,128144,132035,8,3891,2,36000,1.00205602673
128194,128275,147056,81,18781,1,36000,1.00431286939
128211,147067,188049,18856,40982,1,54000,1.46010443609
128276,154495,173338,26219,18843,1,54000,2.39144509898
128360,128370,131891,10,3521,2,36000,1.00284010224
128642,204162,287624,75520,83462,4,172800,1.90484292253
128716,183883,194801,55167,10918,2,108000,6.05284850705
128965,128973,132244,8,3271,2,36000,1.00244573525
129187,129198,132974,11,3776,2,36000,1.00291313559
129305,129317,132493,12,3176,2,36000,1.00377833753
129527,129537,133366,10,3829,2,36000,1.00261164795
129543,129549,133096,6,3547,2,36000,1.00169157034
129651,129660,132859,9,3199,2,36000,1.00281337918
129751,211877,360687,82126,148810,4,172800,1.55188495397
129780,129790,133460,10,3670,2,36000,1.00272479564
129814,129826,133335,12,3509,2,36000,1.00341977771
129851,129861,133484,10,3623,2,36000,1.00276014353
129868,211882,285839,82014,73957,4,172800,2.10894168233
129915,129924,133551,9,3627,2,36000,1.00248138958
129937,129949,133807,12,3858,2,36000,1.00311041991
129959,129967,133167,8,3200,2,36000,1.0025
129977,129989,133593,12,3604,2,36000,1.00332963374
129999,130009,133725,10,3716,2,36000,1.00269106566
130000,130015,133448,15,3433,2,36000,1.00436935625
130126,130134,133647,8,3513,2,36000,1.00227725591
130305,130314,133910,9,3596,2,36000,1.00250278087
130323,154484,162418,24161,7934,2,43200,4.04524829846
130350,130361,133847,11,3486,2,36000,1.00315547906
130369,130380,134201,11,3821,2,36000,1.00287882753
130383,130390,134517,7,4127,2,36000,1.00169614732
130429,130441,134328,12,3887,2,36000,1.00308721379
130448,130457,134315,9,3858,2,36000,1.00233281493
130478,130488,134100,10,3612,2,36000,1.00276854928
130512,130520,134062,8,3542,2,36000,1.00225861095
130549,130556,134143,7,3587,2,36000,1.0019514915
130606,130616,134487,10,3871,2,36000,1.00258331181
130697,130709,134019,12,3310,2,36000,1.00362537764
130713,130719,134611,6,3892,2,36000,1.00154162384
130749,130765,134410,16,3645,2,36000,1.00438957476
130930,130939,134494,9,3555,2,36000,1.00253164557
130982,130992,134254,10,3262,2,36000,1.00306560392
130983,130997,134287,14,3290,2,36000,1.00425531915
131072,131083,134465,11,3382,2,36000,1.00325251331
131427,132119,215173,692,83054,16,356400,1.00833192862
131437,131446,134959,9,3513,2,36000,1.00256191289
131492,131502,135080,10,3578,2,36000,1.00279485746
131633,131644,135129,11,3485,2,36000,1.00315638451
131648,131654,135365,6,3711,2,36000,1.00161681487
131841,131853,134964,12,3111,2,36000,1.00385728062
131893,131903,135650,10,3747,2,36000,1.00266880171
132036,132046,135695,10,3649,2,36000,1.00274047684
132243,132255,135817,12,3562,2,36000,1.00336889388
132493,132505,135824,12,3319,2,36000,1.00361554685
132859,132871,136612,12,3741,2,36000,1.00320769848
132975,132985,136680,10,3695,2,36000,1.00270635995
133098,133107,136497,9,3390,2,36000,1.00265486726
133169,133178,136338,9,3160,2,36000,1.00284810127
133335,133346,136912,11,3566,2,36000,1.00308468873
133366,133377,136940,11,3563,2,36000,1.00308728599
133449,133459,137382,10,3923,2,36000,1.00254906959
133464,133471,136942,7,3471,2,36000,1.00201670988
133486,133496,136719,10,3223,2,36000,1.00310269935
133554,133563,136927,9,3364,2,36000,1.00267538644
133594,133605,137069,11,3464,2,36000,1.00317551963
133650,133658,137396,8,3738,2,36000,1.00214018192
133727,133736,137368,9,3632,2,36000,1.00247797357
133809,133818,137783,9,3965,2,36000,1.00226986129
133847,133858,137368,11,3510,2,36000,1.00313390313
133910,133921,137167,11,3246,2,36000,1.0033887862
134019,134030,137744,11,3714,2,36000,1.00296176629
134064,134073,137392,9,3319,2,36000,1.00271166014
134102,134112,137768,10,3656,2,36000,1.00273522976
134148,134154,137671,6,3517,2,36000,1.00170599943
134201,134212,137335,11,3123,2,36000,1.00352225424
134254,134265,137897,11,3632,2,36000,1.00302863436
134290,134298,137805,8,3507,2,36000,1.00228115198
134315,134326,138171,11,3845,2,36000,1.00286085826
134331,134340,137671,9,3331,2,36000,1.00270189132
134412,134421,138189,9,3768,2,36000,1.00238853503
134468,134477,138133,9,3656,2,36000,1.00246170678
134490,134499,137886,9,3387,2,36000,1.00265721878
134505,134511,137980,6,3469,2,36000,1.00172960507
134520,134529,138191,9,3662,2,36000,1.0024576734
134614,134623,138305,9,3682,2,36000,1.00244432374
134962,134970,138706,8,3736,2,36000,1.00214132762
134978,134984,138265,6,3281,2,36000,1.00182871076
135083,135091,138582,8,3491,2,36000,1.00229160699
135132,135140,138674,8,3534,2,36000,1.00226372383
135363,135376,139001,13,3625,2,36000,1.0035862069
135648,135661,138842,13,3181,2,36000,1.00408676517
135696,135706,139259,10,3553,2,36000,1.00281452294
135819,135828,139159,9,3331,2,36000,1.00270189132
135834,135840,139374,6,3534,2,36000,1.00169779287
136340,136349,139675,9,3326,2,36000,1.0027059531
136395,154479,156083,18084,1604,2,21600,12.2743142145
136498,136508,140208,10,3700,2,36000,1.0027027027
136612,136623,139915,11,3292,2,36000,1.00334143378
136683,136691,140166,8,3475,2,36000,1.00230215827
136719,136731,140256,12,3525,2,36000,1.00340425532
136915,136924,140393,9,3469,2,36000,1.00259440761
136930,136938,140561,8,3623,2,36000,1.00220811482
136946,136952,140177,6,3225,2,36000,1.00186046512
136948,136958,140251,10,3293,2,36000,1.00303674461
137072,137081,140861,9,3780,2,36000,1.00238095238
137170,137178,140724,8,3546,2,36000,1.00225606317
137336,137347,140985,11,3638,2,36000,1.00302363936
137372,137379,141061,7,3682,2,36000,1.00190114068
137374,137385,140978,11,3593,2,36000,1.00306150849
137390,137396,140666,6,3270,2,36000,1.00183486239
137405,137412,140689,7,3277,2,36000,1.00213610009
137407,137418,140816,11,3398,2,36000,1.00323719835
137672,137682,141349,10,3667,2,36000,1.00272702482
137673,137687,140855,14,3168,2,36000,1.00441919192
137747,137755,141478,8,3723,2,36000,1.00214880473
137769,137780,141355,11,3575,2,36000,1.00307692308
137785,137794,141473,9,3679,2,36000,1.00244631693
137806,137816,141591,10,3775,2,36000,1.00264900662
137889,137898,141554,9,3656,2,36000,1.00246170678
137904,137910,141452,6,3542,2,36000,1.00169395822
137981,137991,141427,10,3436,2,36000,1.00291036088
138137,138144,141302,7,3158,2,36000,1.00221659278
138171,138182,141515,11,3333,2,36000,1.00330033003
138191,138200,141690,9,3490,2,36000,1.00257879656
138206,138212,141678,6,3466,2,36000,1.00173110214
138269,138276,142122,7,3846,2,36000,1.0018200728
138306,138316,141949,10,3633,2,36000,1.00275254611
138586,138593,142160,7,3567,2,36000,1.00196243342
138675,138685,142330,10,3645,2,36000,1.00274348422
138706,138717,142132,11,3415,2,36000,1.00322108346
138842,138853,142204,11,3351,2,36000,1.00328260221
138924,156670,157910,17746,1240,14,2940,15.3112903226
139002,139012,144278,10,5266,2,36000,1.00189897455
139161,139170,142894,9,3724,2,36000,1.00241675618
139259,139270,142643,11,3373,2,36000,1.00326119182
139375,139385,142899,10,3514,2,36000,1.00284575982
139678,139687,142781,9,3094,2,36000,1.00290885585
139732,199348,209045,59616,9697,4,126000,7.14788078787
139916,139926,143147,10,3221,2,36000,1.00310462589
140165,140177,143570,12,3393,2,36000,1.00353669319
140180,140188,143916,8,3728,2,36000,1.00214592275
140209,140220,143630,11,3410,2,36000,1.00322580645
140253,140263,143721,10,3458,2,36000,1.002891845
140268,140274,143835,6,3561,2,36000,1.00168491997
140398,140404,143819,6,3415,2,36000,1.00175695461
140562,140572,144527,10,3955,2,36000,1.00252844501
140667,140677,144198,10,3521,2,36000,1.00284010224
140692,140701,144196,9,3495,2,36000,1.0025751073
140727,140736,144477,9,3741,2,36000,1.00240577386
140817,140827,144189,10,3362,2,36000,1.00297441999
140854,140866,144208,12,3342,2,36000,1.00359066427
140870,140876,144696,6,3820,2,36000,1.00157068063
140981,140989,144770,8,3781,2,36000,1.00211584237
140997,141003,144662,6,3659,2,36000,1.00163979229
141064,141073,144465,9,3392,2,36000,1.00265330189
141307,141313,145122,6,3809,2,36000,1.00157521659
141354,141360,144494,6,3134,2,36000,1.00191448628
141370,141377,144723,7,3346,2,36000,1.00209205021
141432,141438,144784,6,3346,2,36000,1.00179318589
141454,141463,145064,9,3601,2,36000,1.00249930575
141473,141484,144678,11,3194,2,36000,1.00344395742
141490,141496,145032,6,3536,2,36000,1.00169683258
141515,141526,145015,11,3489,2,36000,1.00315276584
141556,141566,144863,10,3297,2,36000,1.00303306036
141591,141602,144961,11,3359,2,36000,1.00327478416
141683,141689,145237,6,3548,2,36000,1.00169109357
141700,141706,145012,6,3306,2,36000,1.00181488203
141946,141960,145538,14,3578,2,36000,1.00391280045
142122,142133,145833,11,3700,2,36000,1.00297297297
142137,142143,145375,6,3232,2,36000,1.00185643564
142162,142171,145714,9,3543,2,36000,1.00254022015
142208,142216,145758,8,3542,2,36000,1.00225861095
142331,142341,145745,10,3404,2,36000,1.00293772033
142643,142654,146091,11,3437,2,36000,1.00320046552
142781,142792,146354,11,3562,2,36000,1.00308815272
142894,142905,146568,11,3663,2,36000,1.003003003
142909,142915,146195,6,3280,2,36000,1.00182926829
143149,143158,146813,9,3655,2,36000,1.0024623803
143571,143581,147297,10,3716,2,36000,1.00269106566
143632,143641,147220,9,3579,2,36000,1.0025146689
143721,143732,147504,11,3772,2,36000,1.00291622481
143818,143831,147169,13,3338,2,36000,1.00389454763
143836,143847,147395,11,3548,2,36000,1.00310033822
143916,143928,147373,12,3445,2,36000,1.00348330914
144068,144828,189168,760,44340,18,259200,1.01714027966
144093,154474,197815,10381,43341,18,259200,1.23951916199
144110,160602,248457,16492,87855,18,259200,1.18771839964
144133,166553,266041,22420,99488,18,259200,1.22535381151
144189,144200,147462,11,3262,2,36000,1.00337216432
144205,144211,147830,6,3619,2,36000,1.00165791655
144206,144217,147665,11,3448,2,36000,1.00319025522
144221,144227,147598,6,3371,2,36000,1.00177988727
144280,144289,147911,9,3622,2,36000,1.00248481502
144466,144476,148190,10,3714,2,36000,1.00269251481
144482,144488,148128,6,3640,2,36000,1.00164835165
144497,144505,147788,8,3283,2,36000,1.00243679561
144529,144539,148313,10,3774,2,36000,1.00264970853
144561,214041,300475,69480,86434,6,86400,1.80385033667
144663,144674,148351,11,3677,2,36000,1.00299156921
144679,144689,147922,10,3233,2,36000,1.00309310238
144697,144708,148194,11,3486,2,36000,1.00315547906
144724,144734,148297,10,3563,2,36000,1.00280662363
144770,144781,148140,11,3359,2,36000,1.00327478416
144787,144795,148331,8,3536,2,36000,1.00226244344
144860,144874,148139,14,3265,2,36000,1.00428790199
144961,144972,148486,11,3514,2,36000,1.0031303358
145014,145023,148334,9,3311,2,36000,1.00271821202
145029,145035,148709,6,3674,2,36000,1.00163309744
145044,145051,148555,7,3504,2,36000,1.00199771689
145066,145075,148315,9,3240,2,36000,1.00277777778
145122,145133,148630,11,3497,2,36000,1.00314555333
145238,145248,148852,10,3604,2,36000,1.00277469478
145378,145387,149060,9,3673,2,36000,1.0024503131
145425,169306,187321,23881,18015,9,18000,2.32561754094
145429,194814,201659,49385,6845,2,86400,8.21475529584
145540,145549,149041,9,3492,2,36000,1.00257731959
145715,145725,149315,10,3590,2,36000,1.00278551532
145746,145756,149398,10,3642,2,36000,1.0027457441
145760,186211,211799,40451,25588,2,108000,2.58085821479
145761,145769,149621,8,3852,2,36000,1.0020768432
145836,145844,149572,8,3728,2,36000,1.00214592275
146093,146102,149446,9,3344,2,36000,1.00269138756
146197,146206,149966,9,3760,2,36000,1.00239361702
146356,146365,150141,9,3776,2,36000,1.00238347458
146569,146579,150068,10,3489,2,36000,1.00286615076
146816,146824,150468,8,3644,2,36000,1.00219538968
146896,187962,223217,41066,35255,2,108000,2.16482768402
147171,147180,150441,9,3261,2,36000,1.0027598896
147220,147231,151097,11,3866,2,36000,1.00284531816
147299,147309,150782,10,3473,2,36000,1.00287935502
147376,147384,150642,8,3258,2,36000,1.00245549417
147397,147406,150622,9,3216,2,36000,1.00279850746
147465,147473,150861,8,3388,2,36000,1.00236127509
147505,147516,150957,11,3441,2,36000,1.00319674513
147601,147610,151182,9,3572,2,36000,1.00251959686
147668,147676,151383,8,3707,2,36000,1.00215807931
147790,147799,151312,9,3513,2,36000,1.00256191289
147834,147841,151424,7,3583,2,36000,1.00195367011
147913,147923,151547,10,3624,2,36000,1.0027593819
147928,147933,151246,5,3313,2,36000,1.00150920616
148128,148139,151970,11,3831,2,36000,1.00287131297
148144,148151,151392,7,3241,2,36000,1.00215982721
148146,148157,151476,11,3319,2,36000,1.00331425128
148191,148201,151605,10,3404,2,36000,1.00293772033
148206,148212,151519,6,3307,2,36000,1.00181433323
148294,148308,151781,14,3473,2,36000,1.00403109703
148316,148324,151751,8,3427,2,36000,1.00233440327
148318,148330,151625,12,3295,2,36000,1.00364188164
148333,148342,151929,9,3587,2,36000,1.0025090605
148335,148348,151632,13,3284,2,36000,1.00395858709
148354,148362,151860,8,3498,2,36000,1.00228702115
148385,154490,162736,6105,8246,2,43200,1.74035896192
148487,148497,152293,10,3796,2,36000,1.00263435195
148557,148566,151783,9,3217,2,36000,1.00279763755
148630,148641,152034,11,3393,2,36000,1.00324196876
148711,148721,152226,10,3505,2,36000,1.00285306705
148852,148864,152489,12,3625,2,36000,1.00331034483
149041,149052,152659,11,3607,2,36000,1.00304962573
149063,149071,152457,8,3386,2,36000,1.00236266982
149315,149326,153279,11,3953,2,36000,1.00278269669
149398,149409,152882,11,3473,2,36000,1.00316729053
149447,149458,152987,11,3529,2,36000,1.00311703032
149573,149583,152786,10,3203,2,36000,1.00312207306
149622,149632,153211,10,3579,2,36000,1.00279407656
149967,149977,153393,10,3416,2,36000,1.00292740047
150071,150080,153548,9,3468,2,36000,1.00259515571
150141,150152,153901,11,3749,2,36000,1.00293411576
150442,150452,154152,10,3700,2,36000,1.0027027027
150470,150479,153796,9,3317,2,36000,1.00271329515
150622,150633,154091,11,3458,2,36000,1.0031810295
150644,150653,154353,9,3700,2,36000,1.00243243243
150786,150793,154381,7,3588,2,36000,1.0019509476
150862,150872,154413,10,3541,2,36000,1.002824061
150957,150968,154621,11,3653,2,36000,1.00301122365
151098,151108,154694,10,3586,2,36000,1.00278862242
151183,151193,154698,10,3505,2,36000,1.00285306705
151248,151257,154938,9,3681,2,36000,1.00244498778
151316,151323,155110,7,3787,2,36000,1.00184842884
151383,151394,154722,11,3328,2,36000,1.00330528846
151398,151404,154962,6,3558,2,36000,1.00168634064
151422,151436,155083,14,3647,2,36000,1.00383877159
151478,151487,154845,9,3358,2,36000,1.00268016677
151518,151530,155476,12,3946,2,36000,1.00304105423
151549,151558,155069,9,3511,2,36000,1.00256337226
151608,151616,155299,8,3683,2,36000,1.00217214228
151626,151636,155252,10,3616,2,36000,1.00276548673
151641,151647,155080,6,3433,2,36000,1.0017477425
151751,151762,155197,11,3435,2,36000,1.00320232897
151782,151792,155338,10,3546,2,36000,1.00282007896
151784,151798,155497,14,3699,2,36000,1.0037848067
151862,151871,155345,9,3474,2,36000,1.00259067358
151929,151941,155283,12,3342,2,36000,1.00359066427
151972,151981,155484,9,3503,2,36000,1.00256922638
152036,152045,155539,9,3494,2,36000,1.0025758443
152228,152238,155975,10,3737,2,36000,1.00267594327
152293,152304,155700,11,3396,2,36000,1.00323910483
152457,152468,156191,11,3723,2,36000,1.0029546065
152491,152501,156183,10,3682,2,36000,1.00271591526
152662,152671,156538,9,3867,2,36000,1.00232738557
152787,152797,156237,10,3440,2,36000,1.00290697674
152882,152893,156483,11,3590,2,36000,1.00306406685
152989,152998,156627,9,3629,2,36000,1.00248002204
153214,153222,156908,8,3686,2,36000,1.00217037439
153278,153290,156764,12,3474,2,36000,1.00345423143
153395,153405,156433,10,3028,2,36000,1.00330250991
153550,153560,156871,10,3311,2,36000,1.00302023558
153796,153807,157376,11,3569,2,36000,1.00308209583
153902,153912,157475,10,3563,2,36000,1.00280662363
154094,154102,157728,8,3626,2,36000,1.00220628792
154152,154163,157420,11,3257,2,36000,1.00337734111
154356,154364,157790,8,3426,2,36000,1.00233508465
154383,154392,157872,9,3480,2,36000,1.0025862069
154414,154424,158223,10,3799,2,36000,1.00263227165
154621,154632,158142,11,3510,2,36000,1.00313390313
154695,154705,157817,10,3112,2,36000,1.00321336761
154710,154716,158181,6,3465,2,36000,1.00173160173
154725,154733,158187,8,3454,2,36000,1.00231615518
154848,154856,158599,8,3743,2,36000,1.002137323
154940,154949,158326,9,3377,2,36000,1.00266508736
154961,154973,158485,12,3512,2,36000,1.00341685649
155069,155081,158829,12,3748,2,36000,1.00320170758
155085,155091,158589,6,3498,2,36000,1.00171526587
155087,155097,158770,10,3673,2,36000,1.00272257011
155111,155121,158746,10,3625,2,36000,1.00275862069
155198,155209,158668,11,3459,2,36000,1.00318010986
155254,155264,158741,10,3477,2,36000,1.00287604257
155285,155294,158508,9,3214,2,36000,1.00280024891
155300,155310,159008,10,3698,2,36000,1.00270416441
155342,155349,158855,7,3506,2,36000,1.0019965773
155358,155364,158942,6,3578,2,36000,1.00167691448
155478,155488,158850,10,3362,2,36000,1.00297441999
155493,155500,159151,7,3651,2,36000,1.00191728294
155509,155515,159010,6,3495,2,36000,1.0017167382
155540,155550,159465,10,3915,2,36000,1.00255427842
155703,155711,159176,8,3465,2,36000,1.00230880231
155977,155986,159320,9,3334,2,36000,1.00269946011
156185,156194,159635,9,3441,2,36000,1.00261551874
156200,156206,160014,6,3808,2,36000,1.00157563025
156240,156248,159808,8,3560,2,36000,1.00224719101
156433,156444,159996,11,3552,2,36000,1.00309684685
156485,156494,159657,9,3163,2,36000,1.00284539994
156539,156549,160266,10,3717,2,36000,1.00269034167
156631,156638,160200,7,3562,2,36000,1.0019651881
156765,156776,160453,11,3677,2,36000,1.00299156921
156873,156882,160340,9,3458,2,36000,1.0026026605
156911,156920,160226,9,3306,2,36000,1.00272232305
157342,168396,182728,11054,14332,18,32400,1.7712810494
157378,157387,160984,9,3597,2,36000,1.00250208507
157422,157432,160848,10,3416,2,36000,1.00292740047
157479,157487,161300,8,3813,2,36000,1.0020980855
157729,157740,161662,11,3922,2,36000,1.00280469148
157791,157801,161277,10,3476,2,36000,1.00287686997
157820,157829,161290,9,3461,2,36000,1.00260040451
157873,157883,161602,10,3719,2,36000,1.00268889486
158144,158154,161568,10,3414,2,36000,1.00292911541
158182,158192,161612,10,3420,2,36000,1.00292397661
158198,158204,161731,6,3527,2,36000,1.00170116246
158223,158234,161742,11,3508,2,36000,1.00313568985
158328,158338,161886,10,3548,2,36000,1.00281848929
158487,158496,162029,9,3533,2,36000,1.00254741013
158510,158519,162343,9,3824,2,36000,1.00235355649
158590,158600,162165,10,3565,2,36000,1.00280504909
158605,158611,162288,6,3677,2,36000,1.00163176503
158669,158680,162422,11,3742,2,36000,1.00293960449
158744,158753,161779,9,3026,2,36000,1.0029742234
158760,158766,162409,6,3643,2,36000,1.00164699424
158775,158781,162267,6,3486,2,36000,1.0017211704
158832,158840,163240,8,4400,2,36000,1.00181818182
158851,158861,162551,10,3690,2,36000,1.0027100271
158866,158872,162345,6,3473,2,36000,1.00172761301
158943,158953,162324,10,3371,2,36000,1.00296647879
159011,159020,162611,9,3591,2,36000,1.00250626566
159013,159026,162728,13,3702,2,36000,1.00351161534
159154,159162,162515,8,3353,2,36000,1.00238592305
159178,159188,162414,10,3226,2,36000,1.00309981401
159323,159331,162984,8,3653,2,36000,1.00218998084
159464,159476,163004,12,3528,2,36000,1.00340136054
159519,159525,161406,6,1881,2,3600,1.00318979266
159529,160591,163984,1062,3393,2,3600,1.31299734748
159536,160596,161705,1060,1109,2,3600,1.9558160505
159635,159647,162909,12,3262,2,36000,1.00367872471
159646,160586,160588,940,2,2,3540,94.2
159657,159668,162850,11,3182,2,36000,1.00345694532
159811,159819,163504,8,3685,2,36000,1.00217096336
159996,160007,163482,11,3475,2,36000,1.00316546763
160014,160025,163343,11,3318,2,36000,1.00331525015
160200,160212,163803,12,3591,2,36000,1.00334168755
160226,160237,163871,11,3634,2,36000,1.00302696753
160266,160278,163769,12,3491,2,36000,1.00343741048
160340,160351,164140,11,3789,2,36000,1.00290314067
160453,160465,163902,12,3437,2,36000,1.00349141693
160851,160860,164392,9,3532,2,36000,1.00254813137
160986,160995,164723,9,3728,2,36000,1.00241416309
161279,161289,165265,10,3976,2,36000,1.00251509054
161294,161301,164902,7,3601,2,36000,1.00194390447
161310,161316,164810,6,3494,2,36000,1.00171722954
161570,161576,165223,6,3647,2,36000,1.00164518783
161604,161610,164980,6,3370,2,36000,1.00178041543
161619,161625,165273,6,3648,2,36000,1.00164473684
161662,161668,165173,6,3505,2,36000,1.00171184023
161734,161740,164724,6,2984,2,36000,1.00201072386
161750,161756,165185,6,3429,2,36000,1.00174978128
161781,161787,165299,6,3512,2,36000,1.00170842825
161889,161895,165161,6,3266,2,36000,1.00183710961
162032,162038,165490,6,3452,2,36000,1.00173812283
162167,162174,165483,7,3309,2,36000,1.00211544273
162269,162275,165617,6,3342,2,36000,1.00179533214
162290,162296,165877,6,3581,2,36000,1.00167550963
162324,162330,165786,6,3456,2,36000,1.00173611111
162344,162350,165567,6,3217,2,36000,1.0018650917
162359,162365,166030,6,3665,2,36000,1.00163710778
162410,162416,165985,6,3569,2,36000,1.00168114318
162426,162435,166003,9,3568,2,36000,1.00252242152
162427,162440,165986,13,3546,2,36000,1.00366610265
162518,162524,165992,6,3468,2,36000,1.00173010381
162552,162558,165875,6,3317,2,36000,1.00180886343
162614,162620,166128,6,3508,2,36000,1.00171037628
162730,162736,166536,6,3800,2,36000,1.00157894737
162860,162866,166430,6,3564,2,36000,1.00168350168
162914,162921,166172,7,3251,2,36000,1.00215318364
162986,162992,166724,6,3732,2,36000,1.00160771704
163007,163014,166737,7,3723,2,36000,1.00188020414
163243,163249,166931,6,3682,2,36000,1.00162954916
163347,163353,166884,6,3531,2,36000,1.00169923534
163483,163489,167110,6,3621,2,36000,1.00165700083
163504,163511,166957,7,3446,2,36000,1.00203134068
163769,163775,167389,6,3614,2,36000,1.00166021029
163807,163813,167044,6,3231,2,36000,1.00185701021
163872,163878,167236,6,3358,2,36000,1.00178677784
163903,163909,167505,6,3596,2,36000,1.00166852058
164142,164148,167711,6,3563,2,36000,1.00168397418
164392,164398,167686,6,3288,2,36000,1.00182481752
164724,164730,168143,6,3413,2,36000,1.00175798418
164725,164736,168219,11,3483,2,36000,1.00315819696
164812,164818,168154,6,3336,2,36000,1.00179856115
164904,164910,168254,6,3344,2,36000,1.00179425837
164980,164986,168587,6,3601,2,36000,1.00166620383
165163,165169,169044,6,3875,2,36000,1.0015483871
165178,165184,168811,6,3627,2,36000,1.00165425972
165194,165200,168974,6,3774,2,36000,1.00158982512
165224,165230,168935,6,3705,2,36000,1.0016194332
165268,165276,168967,8,3691,2,36000,1.0021674343
165283,165289,168713,6,3424,2,36000,1.00175233645
165302,165310,168860,8,3550,2,36000,1.00225352113
165485,165494,169198,9,3704,2,36000,1.00242980562
165500,165506,168709,6,3203,2,36000,1.00187324383
165569,165578,168784,9,3206,2,36000,1.00280723643
165619,165629,169122,10,3493,2,36000,1.00286286859
165788,165797,169246,9,3449,2,36000,1.00260945202
165878,165886,169467,8,3581,2,36000,1.00223401285
165879,165892,169052,13,3160,2,36000,1.00411392405
165921,165927,168394,6,2467,2,3600,1.00243210377
165988,165996,169389,8,3393,2,36000,1.00235779546
165989,166002,169413,13,3411,2,36000,1.00381119906
166005,166011,169299,6,3288,2,36000,1.00182481752
166006,166017,169444,11,3427,2,36000,1.00320980449
166031,166042,169504,11,3462,2,36000,1.00317735413
166131,166139,169754,8,3615,2,36000,1.00221300138
166174,166184,169736,10,3552,2,36000,1.00281531532
166431,166441,169659,10,3218,2,36000,1.0031075202
166536,166547,170137,11,3590,2,36000,1.00306406685
166725,166735,170078,10,3343,2,36000,1.00299132516
166740,166748,170152,8,3404,2,36000,1.00235017626
166864,166870,168397,6,1527,2,3600,1.00392927308
166884,166895,170741,11,3846,2,36000,1.0028601144
166934,166942,170747,8,3805,2,36000,1.00210249671
166959,166968,170273,9,3305,2,36000,1.00272314675
167046,167056,170804,10,3748,2,36000,1.00266808965
167111,167121,170550,10,3429,2,36000,1.00291630213
167237,167247,170876,10,3629,2,36000,1.00275558005
167390,167401,171175,11,3774,2,36000,1.00291467939
167508,167516,171079,8,3563,2,36000,1.00224529891
167688,167698,171937,10,4239,2,36000,1.00235904695
167713,167722,170987,9,3265,2,36000,1.00275650842
168145,168155,171514,10,3359,2,36000,1.00297707651
168166,168173,171543,7,3370,2,36000,1.00207715134
168219,168230,171712,11,3482,2,36000,1.00315910396
168220,201116,203566,32896,2450,14,3960,14.4269387755
168257,168266,172046,9,3780,2,36000,1.00238095238
168588,168598,172309,10,3711,2,36000,1.00269469146
168711,168720,172177,9,3457,2,36000,1.00260341336
168726,168732,172306,6,3574,2,36000,1.00167879127
168786,168795,172442,9,3647,2,36000,1.00246778174
168811,168822,172254,11,3432,2,36000,1.00320512821
168849,214046,298817,45197,84771,20,172800,1.53316582322
168861,168871,171727,10,2856,2,36000,1.00350140056
168875,216085,298819,47210,82734,20,172800,1.57062392729
168935,168946,172641,11,3695,2,36000,1.00297699594
168971,168978,172608,7,3630,2,36000,1.00192837466
168987,168993,172637,6,3644,2,36000,1.00164654226
169047,169055,172621,8,3566,2,36000,1.00224340998
169063,169069,172497,6,3428,2,36000,1.00175029172
169124,169133,172841,9,3708,2,36000,1.00242718447
169200,169209,172630,9,3421,2,36000,1.0026308097
169246,169257,173029,11,3772,2,36000,1.00291622481
169299,169312,172708,13,3396,2,36000,1.00382803298
169392,169400,173307,8,3907,2,36000,1.00204760686
169414,169424,172643,10,3219,2,36000,1.00310655483
169452,169458,172817,6,3359,2,36000,1.00178624591
169468,169478,172680,10,3202,2,36000,1.00312304809
169507,169515,172957,8,3442,2,36000,1.0023242301
169561,217784,235433,48223,17649,16,345600,3.73233610969
169665,169671,173291,6,3620,2,36000,1.00165745856
169738,169748,173338,10,3590,2,36000,1.00278551532
169757,169766,173071,9,3305,2,36000,1.00272314675
170077,217789,245185,47712,27396,16,172800,2.74156811213
170079,170090,173490,11,3400,2,36000,1.00323529412
170141,170149,173632,8,3483,2,36000,1.00229687051
170156,170163,173744,7,3581,2,36000,1.00195476124
170273,170284,173896,11,3612,2,36000,1.00304540421
170553,170561,173769,8,3208,2,36000,1.00249376559
170743,170753,174185,10,3432,2,36000,1.00291375291
170758,170764,174085,6,3321,2,36000,1.00180668473
170806,170815,174322,9,3507,2,36000,1.00256629598
170879,170887,174339,8,3452,2,36000,1.0023174971
170992,170998,174395,6,3397,2,36000,1.00176626435
171082,171091,174605,9,3514,2,36000,1.00256118384
171174,171186,174617,12,3431,2,36000,1.00349752259
171519,171525,175001,6,3476,2,36000,1.00172612198
171544,171554,175454,10,3900,2,36000,1.00256410256
171715,171723,175195,8,3472,2,36000,1.00230414747
171730,171738,175338,8,3600,2,36000,1.00222222222
171939,171948,175328,9,3380,2,36000,1.00266272189
172046,172057,175616,11,3559,2,36000,1.00309075583
172177,172188,176197,11,4009,2,36000,1.00274382639
172245,175728,177322,3483,1594,2,3600,3.18506900878
172254,172265,175788,11,3523,2,36000,1.00312233892
172308,172317,175698,9,3381,2,36000,1.00266193434
172309,172323,175865,14,3542,2,36000,1.00395256917
172444,172453,176455,9,4002,2,36000,1.00224887556
172499,172509,176164,10,3655,2,36000,1.00273597811
172590,177334,178683,4744,1349,2,3600,4.5166790215
172611,172619,176126,8,3507,2,36000,1.00228115198
172628,172634,176178,6,3544,2,36000,1.00169300226
172629,172641,176119,12,3478,2,36000,1.00345025877
172647,172653,176457,6,3804,2,36000,1.00157728707
172649,172659,176254,10,3595,2,36000,1.00278164117
172650,172664,176159,14,3495,2,36000,1.00400572246
172682,172691,176312,9,3621,2,36000,1.00248550124
172707,172719,176185,12,3466,2,36000,1.00346220427
172818,172828,176571,10,3743,2,36000,1.00267165375
172841,172852,176670,11,3818,2,36000,1.00288108958
172959,172968,176640,9,3672,2,36000,1.00245098039
173030,173040,176430,10,3390,2,36000,1.00294985251
173073,173083,176678,10,3595,2,36000,1.00278164117
173294,173302,176886,8,3584,2,36000,1.00223214286
173309,173319,176828,10,3509,2,36000,1.00284981476
173339,173349,176804,10,3455,2,36000,1.00289435601
173493,173502,177207,9,3705,2,36000,1.0024291498
173632,173643,177343,11,3700,2,36000,1.00297297297
173745,173756,177203,11,3447,2,36000,1.00319118074
173770,173781,177347,11,3566,2,36000,1.00308468873
173896,173907,177714,11,3807,2,36000,1.00288941424
174085,174096,177335,11,3239,2,36000,1.00339610991
174186,174196,177773,10,3577,2,36000,1.0027956388
174323,174334,177904,11,3570,2,36000,1.00308123249
174342,174351,178116,9,3765,2,36000,1.00239043825
174397,174406,178285,9,3879,2,36000,1.00232018561
174607,174616,178196,9,3580,2,36000,1.00251396648
174623,174629,177770,6,3141,2,36000,1.00191021968
175003,175013,178312,10,3299,2,36000,1.00303122158
175198,175206,178749,8,3543,2,36000,1.00225797347
175329,175340,178938,11,3598,2,36000,1.00305725403
175344,175350,178980,6,3630,2,36000,1.00165289256
175454,175465,178986,11,3521,2,36000,1.00312411247
175619,175627,179055,8,3428,2,36000,1.00233372229
175698,175709,179400,11,3691,2,36000,1.00298022216
175790,175799,179514,9,3715,2,36000,1.00242261104
175866,175876,179330,10,3454,2,36000,1.00289519398
176121,176130,179583,9,3453,2,36000,1.00260642919
176136,176142,179508,6,3366,2,36000,1.00178253119
176155,176171,179808,16,3637,2,36000,1.00439923013
176170,176177,179479,7,3302,2,36000,1.00211992732
176187,176193,179480,6,3287,2,36000,1.00182537268
176188,176199,179777,11,3578,2,36000,1.00307434321
176203,176209,179970,6,3761,2,36000,1.00159532039
176256,176266,179892,10,3626,2,36000,1.0027578599
176314,176323,179883,9,3560,2,36000,1.00252808989
176433,176442,179780,9,3338,2,36000,1.00269622528
176459,176466,179776,7,3310,2,36000,1.00211480363
176460,176472,180173,12,3701,2,36000,1.00324236693
176571,176582,179973,11,3391,2,36000,1.00324388086
176641,176651,180147,10,3496,2,36000,1.0028604119
176669,176682,180008,13,3326,2,36000,1.00390859892
176684,176691,179981,7,3290,2,36000,1.00212765957
176804,176815,180289,11,3474,2,36000,1.00316637881
176829,176839,180205,10,3366,2,36000,1.00297088532
176887,176898,180849,11,3951,2,36000,1.00278410529
177203,177214,180500,11,3286,2,36000,1.003347535
177219,177225,180808,6,3583,2,36000,1.00167457438
177338,177346,180904,8,3558,2,36000,1.00224845419
177353,177359,180776,6,3417,2,36000,1.00175592625
177355,177365,181123,10,3758,2,36000,1.00266098989
177715,177725,181199,10,3474,2,36000,1.00287852619
177771,177782,181343,11,3561,2,36000,1.00308901994
177786,177792,181316,6,3524,2,36000,1.00170261067
177906,177915,181327,9,3412,2,36000,1.00263774912
178118,178127,181629,9,3502,2,36000,1.00256996002
178198,178207,181517,9,3310,2,36000,1.00271903323
178287,178296,181807,9,3511,2,36000,1.00256337226
178315,178324,181940,9,3616,2,36000,1.00248893805
178752,178760,182521,8,3761,2,36000,1.00212709386
178938,178949,182492,11,3543,2,36000,1.00310471352
178981,178991,182864,10,3873,2,36000,1.00258197779
178997,179003,182820,6,3817,2,36000,1.00157191512
179056,179067,182758,11,3691,2,36000,1.00298022216
179138,179144,180993,6,1849,2,3600,1.0032449973
179145,181004,183872,1859,2868,2,3600,1.64818688982
179332,179341,182837,9,3496,2,36000,1.00257437071
179402,179411,182729,9,3318,2,36000,1.0027124774
179480,179490,183097,10,3607,2,36000,1.00277238703
179481,179496,182885,15,3389,2,36000,1.00442608439
179509,179519,182755,10,3236,2,36000,1.00309023486
179524,179530,183303,6,3773,2,36000,1.00159024649
179586,179595,183379,9,3784,2,36000,1.00237843552
179779,179787,183445,8,3658,2,36000,1.00218698742
179780,179793,183135,13,3342,2,36000,1.0038898863
179782,179798,183005,16,3207,2,36000,1.00498908637
179809,179819,183256,10,3437,2,36000,1.00290951411
179884,179894,183662,10,3768,2,36000,1.00265392781
179899,179905,183282,6,3377,2,36000,1.0017767249
179974,179981,183571,7,3590,2,36000,1.00194986072
179975,179987,183658,12,3671,2,36000,1.00326886407
179990,179996,183718,6,3722,2,36000,1.00161203654
180012,180020,183677,8,3657,2,36000,1.00218758545
180150,180158,183548,8,3390,2,36000,1.00235988201
180174,180184,183652,10,3468,2,36000,1.00288350634
180206,180216,183759,10,3543,2,36000,1.00282246684
180228,182744,183410,2516,666,2,3600,4.77777777778
180289,180300,183673,11,3373,2,36000,1.00326119182
180502,180511,183536,9,3025,2,36000,1.00297520661
180778,180788,184402,10,3614,2,36000,1.00276701716
180809,180819,184307,10,3488,2,36000,1.00286697248
180849,180860,184142,11,3282,2,36000,1.00335161487
180905,180915,184441,10,3526,2,36000,1.00283607487
181125,181134,184374,9,3240,2,36000,1.00277777778
181202,181211,184767,9,3556,2,36000,1.00253093363
181318,181327,184519,9,3192,2,36000,1.00281954887
181334,181340,184964,6,3624,2,36000,1.00165562914
181349,181354,184794,5,3440,2,36000,1.00145348837
181475,201853,204604,20378,2751,14,7200,8.40748818611
181517,181528,185276,11,3748,2,36000,1.00293489861
181630,181640,185218,10,3578,2,36000,1.00279485746
181810,181818,185069,8,3251,2,36000,1.0024607813
181941,181952,185574,11,3622,2,36000,1.00303699613
182108,182115,182298,7,183,1,3600,1.03825136612
182477,182484,182821,7,337,1,3600,1.02077151335
182493,182503,185787,10,3284,2,36000,1.00304506699
182521,182532,186066,11,3534,2,36000,1.00311262026
182731,182750,186159,19,3409,2,36000,1.00557348196
182758,182766,186602,8,3836,2,36000,1.00208550574
182773,182780,186491,7,3711,2,36000,1.00188628402
182820,182831,186331,11,3500,2,36000,1.00314285714
182838,182848,186536,10,3688,2,36000,1.00271149675
182866,182875,186454,9,3579,2,36000,1.0025146689
182888,182897,186413,9,3516,2,36000,1.00255972696
183007,183016,186450,9,3434,2,36000,1.00262085032
183096,183108,186659,12,3551,2,36000,1.00337932977
183136,183146,186844,10,3698,2,36000,1.00270416441
183181,183188,184018,7,830,1,3600,1.00843373494
183259,183267,186551,8,3284,2,36000,1.00243605359
183283,183294,186878,11,3584,2,36000,1.00306919643
183305,183315,186763,10,3448,2,36000,1.00290023202
183379,183390,186960,11,3570,2,36000,1.00308123249
183447,183457,186928,10,3471,2,36000,1.00288101412
183539,183547,187455,8,3908,2,36000,1.00204708291
183554,183560,187093,6,3533,2,36000,1.00169827342
183573,183582,186872,9,3290,2,36000,1.00273556231
183654,183663,187303,9,3640,2,36000,1.00247252747
183669,183675,187200,6,3525,2,36000,1.00170212766
183671,183681,187169,10,3488,2,36000,1.00286697248
183686,183692,186991,6,3299,2,36000,1.00181873295
183687,183698,187288,11,3590,2,36000,1.00306406685
183718,183729,187224,11,3495,2,36000,1.00314735336
183761,183771,187243,10,3472,2,36000,1.00288018433
184146,184153,188051,7,3898,2,36000,1.00179579271
184309,184318,187896,9,3578,2,36000,1.00251537172
184377,184385,187490,8,3105,2,36000,1.00257648953
184401,184413,187782,12,3369,2,36000,1.0035618878
184442,184453,188049,11,3596,2,36000,1.00305895439
184518,184530,188116,12,3586,2,36000,1.0033463469
184767,184778,188320,11,3542,2,36000,1.00310559006
184795,184806,188440,11,3634,2,36000,1.00302696753
184968,184976,188534,8,3558,2,36000,1.00224845419
185069,185080,188547,11,3467,2,36000,1.00317277185
185219,185224,185332,5,108,1,3600,1.0462962963
185219,185230,189216,11,3986,2,36000,1.00275965881
185277,185287,188889,10,3602,2,36000,1.00277623542
185504,185511,185822,7,311,1,3600,1.02250803859
185574,185585,188913,11,3328,2,36000,1.00330528846
185627,185832,185997,205,165,1,3600,2.24242424242
185787,185798,189382,11,3584,2,36000,1.00306919643
186065,186077,189309,12,3232,2,36000,1.00371287129
186160,186170,189477,10,3307,2,36000,1.00302388872
186164,186175,186507,11,332,1,3600,1.03313253012
186290,186517,187119,227,602,1,3600,1.37707641196
186334,186342,189799,8,3457,2,36000,1.00231414521
186416,186424,189977,8,3553,2,36000,1.00225161835
186454,186461,189817,7,3356,2,36000,1.00208581645
186455,186467,189995,12,3528,2,36000,1.00340136054
186492,186502,190406,10,3904,2,36000,1.00256147541
186535,186547,189921,12,3374,2,36000,1.00355660937
186554,186562,190138,8,3576,2,36000,1.00223713647
186603,186613,190043,10,3430,2,36000,1.0029154519
186659,186670,190609,11,3939,2,36000,1.00279258695
186766,186774,190299,8,3525,2,36000,1.00226950355
186845,186855,190384,10,3529,2,36000,1.00283366393
186869,187129,187956,260,827,1,3600,1.31438935913
186874,186884,190548,10,3664,2,36000,1.00272925764
186894,186901,190504,7,3603,2,36000,1.00194282542
186928,186940,190451,12,3511,2,36000,1.00341782968
186962,186972,190414,10,3442,2,36000,1.00290528762
186993,187002,190536,9,3534,2,36000,1.0025466893
187094,187104,190753,10,3649,2,36000,1.00274047684
187171,187181,190766,10,3585,2,36000,1.00278940028
187202,187211,190820,9,3609,2,36000,1.00249376559
187226,187236,190827,10,3591,2,36000,1.00278473963
187245,187254,190715,9,3461,2,36000,1.00260040451
187285,187299,191255,14,3956,2,36000,1.00353892821
187307,187315,190958,8,3643,2,36000,1.00219599231
187457,187466,191407,9,3941,2,36000,1.00228368434
187492,187502,191293,10,3791,2,36000,1.00263782643
187515,204620,205956,17105,1336,2,36000,13.8031437126
187523,205973,205982,18450,9,2,36000,1845.9
187529,205993,206003,18464,10,2,36000,1847.4
187784,187793,191234,9,3441,2,36000,1.00261551874
187898,187907,191478,9,3571,2,36000,1.00252030244
188052,188060,191529,8,3469,2,36000,1.0023061401
188053,188066,191653,13,3587,2,36000,1.00362419849
188117,188127,191819,10,3692,2,36000,1.00270855905
188320,188331,191919,11,3588,2,36000,1.0030657748
188442,188451,192026,9,3575,2,36000,1.00251748252
188536,188546,192189,10,3643,2,36000,1.00274499039
188551,188559,192254,8,3695,2,36000,1.00216508796
188891,188900,192328,9,3428,2,36000,1.00262543757
188913,188927,192406,14,3479,2,36000,1.00402414487
189158,189165,189279,7,114,1,3600,1.06140350877
189217,189227,192831,10,3604,2,36000,1.00277469478
189288,189294,189414,6,120,1,1800,1.05
189311,189320,192779,9,3459,2,36000,1.00260190807
189384,189393,193005,9,3612,2,36000,1.00249169435
189463,189469,189787,6,318,1,3600,1.01886792453
189475,189488,193155,13,3667,2,36000,1.00354513226
189717,189724,189850,7,126,1,1800,1.05555555556
189812,189818,193143,6,3325,2,36000,1.00180451128
189827,189833,193768,6,3935,2,36000,1.00152477764
189922,189932,193899,10,3967,2,36000,1.00252079657
189980,189988,193493,8,3505,2,36000,1.00228245364
189998,190006,193403,8,3397,2,36000,1.00235501913
190044,190054,193474,10,3420,2,36000,1.00292397661
190138,190149,193539,11,3390,2,36000,1.00324483776
190216,190222,190819,6,597,1,3600,1.01005025126
190299,190310,193977,11,3667,2,36000,1.0029997273
190387,190395,193845,8,3450,2,36000,1.00231884058
190405,190417,194464,12,4047,2,36000,1.00296515938
190421,190427,194241,6,3814,2,36000,1.00157315155
190454,190462,193778,8,3316,2,36000,1.00241254524
190495,190501,191066,6,565,1,1800,1.01061946903
190506,190515,194295,9,3780,2,36000,1.00238095238
190536,190547,194521,11,3974,2,36000,1.00276799195
190551,190559,194011,8,3452,2,36000,1.0023174971
190609,190620,194167,11,3547,2,36000,1.00310121229
190716,190726,194272,10,3546,2,36000,1.00282007896
190756,190764,194188,8,3424,2,36000,1.0023364486
190772,190778,194177,6,3399,2,36000,1.00176522507
190821,190831,194507,10,3676,2,36000,1.0027203482
190823,190838,194369,15,3531,2,36000,1.00424808836
190962,190969,194804,7,3835,2,36000,1.00182529335
191236,191246,194436,10,3190,2,36000,1.00313479624
191254,191267,194742,13,3475,2,36000,1.00374100719
191295,191304,194689,9,3385,2,36000,1.00265878877
191408,191419,194903,11,3484,2,36000,1.00315729047
191478,191489,195055,11,3566,2,36000,1.00308468873
191530,191541,194971,11,3430,2,36000,1.00320699708
191630,191636,191764,6,128,3,7200,1.046875
191656,191665,195269,9,3604,2,36000,1.00249722531
191820,191832,195328,12,3496,2,36000,1.00343249428
191917,191930,195670,13,3740,2,36000,1.00347593583
192028,192037,195325,9,3288,2,36000,1.00273722628
192120,192127,199337,7,7210,3,7200,1.00097087379
192193,192201,195460,8,3259,2,36000,1.00245474072
192254,192265,196069,11,3804,2,36000,1.00289169295
192330,192339,195843,9,3504,2,36000,1.00256849315
192407,192417,195853,10,3436,2,36000,1.00291036088
192647,204168,240191,11521,36023,3,36000,1.31982344613
192677,192683,192732,6,49,1,1800,1.12244897959
192725,248473,284504,55748,36031,3,36000,2.54722322445
192784,192791,195929,7,3138,2,36000,1.0022307202
192833,192842,196737,9,3895,2,36000,1.00231065469
193003,193009,193123,6,114,1,1800,1.05263157895
193005,193016,196476,11,3460,2,36000,1.00317919075
193034,193040,193119,6,79,1,1800,1.07594936709
193145,193155,196860,10,3705,2,36000,1.00269905533
193160,193166,196446,6,3280,2,36000,1.00182926829
193405,193414,197059,9,3645,2,36000,1.0024691358
193430,193436,193541,6,105,1,1800,1.05714285714
193475,193490,197164,15,3674,2,36000,1.0040827436
193493,193504,196637,11,3133,2,36000,1.00351101181
193539,193550,197071,11,3521,2,36000,1.00312411247
193555,204157,207409,10602,3252,32,7200,4.26014760148
193561,204615,211861,11054,7246,32,7200,2.52553132763
193570,206796,214030,13226,7234,32,7200,2.82831075477
193601,207421,209645,13820,2224,32,7200,7.21402877698
193606,209656,216868,16050,7212,32,7200,3.22545757072
193611,211872,219103,18261,7231,32,7200,3.52537684968
193767,193779,197560,12,3781,2,36000,1.00317376355
193783,193789,197610,6,3821,2,36000,1.00157026956
193847,193856,197242,9,3386,2,36000,1.00265800354
193901,193910,197235,9,3325,2,36000,1.00270676692
193979,193988,197793,9,3805,2,36000,1.0023653088
194005,194012,194296,7,284,1,1800,1.02464788732
194013,194022,197216,9,3194,2,36000,1.00281778334
194059,194065,201309,6,7244,1,7200,1.00082827167
194167,194178,197639,11,3461,2,36000,1.00317827218
194183,194189,197634,6,3445,2,36000,1.00174165457
194198,194204,197523,6,3319,2,36000,1.00180777343
194208,194217,194780,9,563,1,1800,1.01598579041
194243,194252,197851,9,3599,2,36000,1.00250069464
194274,194283,197459,9,3176,2,36000,1.00283375315
194295,194306,197684,11,3378,2,36000,1.00325636471
194369,194380,198351,11,3971,2,36000,1.0027700831
194436,194448,198013,12,3565,2,36000,1.00336605891
194464,194475,198198,11,3723,2,36000,1.0029546065
194510,194519,197901,9,3382,2,36000,1.00266114725
194525,194532,198100,7,3568,2,36000,1.00196188341
194691,194701,198268,10,3567,2,36000,1.00280347631
194743,194754,198389,11,3635,2,36000,1.0030261348
194815,194821,198339,6,3518,2,36000,1.0017055145
194903,194914,198791,11,3877,2,36000,1.00283724529
194973,194983,198531,10,3548,2,36000,1.00281848929
195057,195066,198878,9,3812,2,36000,1.00236096537
195270,195280,199229,10,3949,2,36000,1.00253228665
195328,195337,199665,9,4328,2,36000,1.00207948244
195343,195349,198679,6,3330,2,36000,1.0018018018
195461,195471,199180,10,3709,2,36000,1.00269614451
195670,195681,198975,11,3294,2,36000,1.00333940498
195857,195863,199323,6,3460,2,36000,1.00173410405
195858,195869,199394,11,3525,2,36000,1.00312056738
195932,195941,199841,9,3900,2,36000,1.00230769231
196071,196081,199434,10,3353,2,36000,1.00298240382
196447,196457,200314,10,3857,2,36000,1.00259268862
196477,196487,199934,10,3447,2,36000,1.0029010734
196638,196648,200204,10,3556,2,36000,1.00281214848
196738,196749,200335,11,3586,2,36000,1.00306748466
196766,196772,196820,6,48,1,1800,1.125
196862,196871,200373,9,3502,2,36000,1.00256996002
197061,197070,200945,9,3875,2,36000,1.00232258065
197077,197082,200591,5,3509,2,36000,1.00142490738
197154,197160,197231,6,71,1,1800,1.08450704225
197165,197175,200289,10,3114,2,36000,1.00321130379
197216,197228,200548,12,3320,2,36000,1.00361445783
197238,197246,200836,8,3590,2,36000,1.00222841226
197252,197259,200304,7,3045,2,36000,1.00229885057
197462,197473,202174,11,4701,2,36000,1.00233992767
197526,197534,201169,8,3635,2,36000,1.00220082531
197562,197571,200649,9,3078,2,36000,1.00292397661
197611,197621,201224,10,3603,2,36000,1.00277546489
197636,197645,201166,9,3521,2,36000,1.00255609202
197651,197657,201170,6,3513,2,36000,1.00170794193
197684,197695,201017,11,3322,2,36000,1.00331125828
197792,197804,201363,12,3559,2,36000,1.00337173363
197856,197862,201210,6,3348,2,36000,1.0017921147
197917,197923,201557,6,3634,2,36000,1.0016510732
198012,198024,201834,12,3810,2,36000,1.0031496063
198103,198111,201711,8,3600,2,36000,1.00222222222
198200,198209,201787,9,3578,2,36000,1.00251537172
198241,198247,198536,6,289,1,1800,1.02076124567
198271,198279,202012,8,3733,2,36000,1.00214304849
198339,198350,202029,11,3679,2,36000,1.00298994292
198354,198362,201913,8,3551,2,36000,1.00225288651
198390,198400,202017,10,3617,2,36000,1.00276472215
198532,198542,202063,10,3521,2,36000,1.00284010224
198681,198690,202344,9,3654,2,36000,1.00246305419
198801,198806,202596,5,3790,2,36000,1.00131926121
198879,198889,202586,10,3697,2,36000,1.00270489586
198979,198986,202561,7,3575,2,36000,1.00195804196
199184,199192,203086,8,3894,2,36000,1.00205444273
199229,199240,202763,11,3523,2,36000,1.00312233892
199323,199335,202870,12,3535,2,36000,1.00339462518
199396,199405,202852,9,3447,2,36000,1.00261096606
199435,199445,202620,10,3175,2,36000,1.0031496063
199666,199676,203294,10,3618,2,36000,1.00276395799
199842,199852,203570,10,3718,2,36000,1.00268961807
199936,199945,203278,9,3333,2,36000,1.00270027003
200207,200216,203698,9,3482,2,36000,1.00258472142
200289,200301,203836,12,3535,2,36000,1.00339462518
200304,200315,203960,11,3645,2,36000,1.00301783265
200319,200325,203708,6,3383,2,36000,1.00177357375
200337,200346,203501,9,3155,2,36000,1.0028526149
200374,200384,203966,10,3582,2,36000,1.00279173646
200550,200559,203924,9,3365,2,36000,1.00267459138
200591,200602,204112,11,3510,2,36000,1.00313390313
200649,200660,204351,11,3691,2,36000,1.00298022216
200837,200848,204060,11,3212,2,36000,1.00342465753
200947,200957,206545,10,5588,2,36000,1.00178954903
201020,201028,204385,8,3357,2,36000,1.00238308013
201166,201177,204366,11,3189,2,36000,1.00344935717
201181,201188,204733,7,3545,2,36000,1.00197461213
201183,201194,204586,11,3392,2,36000,1.00324292453
201217,201223,204720,6,3497,2,36000,1.00171575636
201232,201238,205057,6,3819,2,36000,1.00157109191
201363,201374,204948,11,3574,2,36000,1.003077784
201558,201568,205164,10,3596,2,36000,1.00278086763
201713,201722,205144,9,3422,2,36000,1.00263004091
201789,201798,205444,9,3646,2,36000,1.00246845858
201835,201846,205540,11,3694,2,36000,1.00297780184
201914,201924,205428,10,3504,2,36000,1.00285388128
202012,202023,205918,11,3895,2,36000,1.0028241335
202031,202037,205243,6,3206,2,36000,1.00187149095
202033,202043,205511,10,3468,2,36000,1.00288350634
202066,202074,205907,8,3833,2,36000,1.00208713801
202175,202186,205986,11,3800,2,36000,1.00289473684
202345,202356,205957,11,3601,2,36000,1.00305470703
202564,202572,205864,8,3292,2,36000,1.00243013366
202586,202597,206154,11,3557,2,36000,1.00309249367
202601,202607,206062,6,3455,2,36000,1.0017366136
202623,202631,205935,8,3304,2,36000,1.00242130751
202765,202774,206503,9,3729,2,36000,1.00241351569
202853,202863,206366,10,3503,2,36000,1.00285469597
202871,202882,206283,11,3401,2,36000,1.00323434284
203087,203097,206421,10,3324,2,36000,1.00300842359
203278,203289,206766,11,3477,2,36000,1.00316364682
203296,203305,206206,9,2901,2,36000,1.00310237849
203499,203512,206957,13,3445,2,36000,1.00377358491
203573,203581,206707,8,3126,2,36000,1.00255918106
203698,203709,207455,11,3746,2,36000,1.00293646556
203713,203719,207227,6,3508,2,36000,1.00171037628
203839,203847,207287,8,3440,2,36000,1.0023255814
203927,203935,207549,8,3614,2,36000,1.00221361372
203964,203971,207319,7,3348,2,36000,1.00209080048
203978,203985,207753,7,3768,2,36000,1.00185774947
204066,204072,207429,6,3357,2,36000,1.0017873101
204112,204123,207562,11,3439,2,36000,1.00319860425
204353,204362,207774,9,3412,2,36000,1.00263774912
204368,204377,208317,9,3940,2,36000,1.00228426396
204386,204396,207609,10,3213,2,36000,1.00311235605
204586,204597,207741,11,3144,2,36000,1.00349872774
204720,204731,208054,11,3323,2,36000,1.00331026181
204735,204744,208425,9,3681,2,36000,1.00244498778
204952,204959,208464,7,3505,2,36000,1.00199714693
205058,205068,208119,10,3051,2,36000,1.0032776139
205144,205155,208837,11,3682,2,36000,1.00298750679
205165,205175,210138,10,4963,2,36000,1.00201491034
205244,205254,208831,10,3577,2,36000,1.0027956388
205429,205439,208802,10,3363,2,36000,1.00297353553
205445,205455,208981,10,3526,2,36000,1.00283607487
205512,205522,209189,10,3667,2,36000,1.00272702482
205543,205551,209161,8,3610,2,36000,1.00221606648
205864,205876,209379,12,3503,2,36000,1.00342563517
205906,205918,209294,12,3376,2,36000,1.00355450237
205922,205929,209475,7,3546,2,36000,1.00197405527
205937,205946,209383,9,3437,2,36000,1.0026185627
205958,205968,209423,10,3455,2,36000,1.00289435601
205989,205999,209649,10,3650,2,36000,1.00273972603
206062,206068,209492,6,3424,2,36000,1.00175233645
206157,206163,209638,6,3475,2,36000,1.00172661871
206209,206215,209846,6,3631,2,36000,1.00165243735
206285,206291,209687,6,3396,2,36000,1.00176678445
206367,206373,209907,6,3534,2,36000,1.00169779287
206422,206428,209651,6,3223,2,36000,1.00186161961
206505,206511,210029,6,3518,2,36000,1.0017055145
206547,206553,210071,6,3518,2,36000,1.0017055145
206708,206714,210141,6,3427,2,36000,1.00175080245
206766,206772,210258,6,3486,2,36000,1.0017211704
206958,206964,210769,6,3805,2,36000,1.00157687254
207227,207234,210937,7,3703,2,36000,1.00189035917
207289,207295,210730,6,3435,2,36000,1.00174672489
207311,280929,304350,73618,23421,12,25200,4.14324751292
207319,207325,210476,6,3151,2,36000,1.00190415741
207431,207438,210898,7,3460,2,36000,1.00202312139
207437,280934,301710,73497,20776,12,25200,4.53759145168
207456,207462,210728,6,3266,2,36000,1.00183710961
207481,280939,303203,73458,22264,12,25200,4.29940711462
207538,280944,299283,73406,18339,12,25200,5.00272643001
207550,207556,211010,6,3454,2,36000,1.00173711639
207565,207571,211393,6,3822,2,36000,1.00156985871
207576,280950,300650,73374,19700,12,25200,4.72456852792
207611,207617,211170,6,3553,2,36000,1.00168871376
207618,286251,303714,78633,17463,12,25200,5.50283456451
207742,207748,211632,6,3884,2,36000,1.00154479918
207757,207763,211384,6,3621,2,36000,1.00165700083
207775,207782,211043,7,3261,2,36000,1.0021465808
208055,208061,211608,6,3547,2,36000,1.00169157034
208119,208125,211605,6,3480,2,36000,1.00172413793
208124,219299,226544,11175,7245,1,7200,2.54244306418
208319,208325,211948,6,3623,2,36000,1.00165608612
208426,208432,211948,6,3516,2,36000,1.00170648464
208465,208471,211949,6,3478,2,36000,1.00172512938
208505,235444,265267,26939,29823,14,57600,1.90329611374
208804,208810,211949,6,3139,2,36000,1.00191143676
208832,208838,211949,6,3111,2,36000,1.00192864031
208846,208853,211949,7,3096,2,36000,1.00226098191
208983,209506,252311,523,42805,2,108000,1.01221819881
208984,208989,211949,5,2960,2,36000,1.00168918919
209022,219305,226545,10283,7240,1,7200,2.4203038674
209035,223228,259264,14193,36036,1,36000,1.39385614386
209162,209168,211949,6,2781,2,36000,1.0021574973
209189,209196,211949,7,2753,2,36000,1.00254268071
209296,209302,211949,6,2647,2,36000,1.00226671704
209381,209387,211949,6,2562,2,36000,1.00234192037
209396,209402,211949,6,2547,2,36000,1.0023557126
209424,209430,211949,6,2519,2,36000,1.00238189758
209475,209482,211949,7,2467,2,36000,1.0028374544
209494,209500,211949,6,2449,2,36000,1.00244997958
209640,209649,211949,9,2300,2,36000,1.00391304348
209655,209662,211949,7,2287,2,36000,1.00306077831
209657,209667,211949,10,2282,2,36000,1.00438212095
209690,209698,211949,8,2251,2,36000,1.00355397601
209849,209857,211949,8,2092,2,36000,1.00382409178
209910,209918,211949,8,2031,2,36000,1.00393894633
210031,210040,211949,9,1909,2,36000,1.00471451021
210071,210082,211949,11,1867,2,36000,1.00589180503
210138,210149,211949,11,1800,2,36000,1.00611111111
210153,210159,211949,6,1790,2,36000,1.00335195531
210260,210269,211949,9,1680,2,36000,1.00535714286
210370,223238,259251,12868,36013,1,36000,1.35731541388
210478,210487,211949,9,1462,2,36000,1.00615595075
210731,210739,211949,8,1210,2,36000,1.00661157025
210732,210745,211949,13,1204,2,36000,1.01079734219
210771,210780,211949,9,1169,2,36000,1.00769888794
210899,210909,211949,10,1040,2,36000,1.00961538462
210936,210948,211949,12,1001,2,36000,1.01198801199
211004,211810,216053,806,4243,2,43200,1.18995993401
211012,211022,211949,10,927,2,36000,1.01078748652
211046,211054,211949,8,895,2,36000,1.00893854749
211170,211181,211949,11,768,2,36000,1.01432291667
211386,211396,211949,10,553,2,36000,1.01808318264
211401,211408,211949,7,541,2,36000,1.01293900185
211606,211616,211949,10,333,2,36000,1.03003003003
211621,211627,211949,6,322,2,36000,1.01863354037
211636,211643,211949,7,306,2,36000,1.02287581699
212242,216070,219288,3828,3218,2,43200,2.18955873213
212816,216090,219466,3274,3376,2,43200,1.96978672986
212942,212948,216280,6,3332,2,36000,1.00180072029
212944,212954,215629,10,2675,2,36000,1.00373831776
212945,212959,216692,14,3733,2,36000,1.00375033485
212946,212964,216699,18,3735,2,36000,1.00481927711
212947,212969,216054,22,3085,2,36000,1.00713128039
212949,212980,215902,31,2922,2,36000,1.0106091718
212950,212986,216209,36,3223,2,36000,1.01116971765
212951,212991,215993,40,3002,2,36000,1.01332445037
212953,212996,215741,43,2745,2,36000,1.01566484517
212954,213001,216663,47,3662,2,36000,1.01283451666
212955,213006,216843,51,3837,2,36000,1.01329163409
212957,213011,216707,54,3696,2,36000,1.01461038961
212958,213017,216177,59,3160,2,36000,1.01867088608
212959,213022,216376,63,3354,2,36000,1.01878354204
212960,213027,217628,67,4601,2,36000,1.01456205173
212962,213032,216549,70,3517,2,36000,1.0199033267
212963,213037,216053,74,3016,2,36000,1.02453580902
212964,213042,216765,78,3723,2,36000,1.02095084609
212966,213048,216488,82,3440,2,36000,1.0238372093
212967,213053,215886,86,2833,2,36000,1.03035651253
212968,213058,216448,90,3390,2,36000,1.02654867257
212970,213063,216041,93,2978,2,36000,1.03122901276
212971,213068,216382,97,3314,2,36000,1.02926976463
212972,213074,216627,102,3553,2,36000,1.02870813397
212974,213079,216395,105,3316,2,36000,1.03166465621
212975,213084,216381,109,3297,2,36000,1.0330603579
212976,213090,216604,114,3514,2,36000,1.03244166192
212978,213095,216420,117,3325,2,36000,1.03518796992
212979,213100,216295,121,3195,2,36000,1.03787167449
212980,213105,216491,125,3386,2,36000,1.03691671589
212981,213111,217388,130,4277,2,36000,1.03039513678
212983,213116,216150,133,3034,2,36000,1.04383651945
212984,213121,216520,137,3399,2,36000,1.04030597234
212985,213126,216127,141,3001,2,36000,1.04698433855
212987,213131,216761,144,3630,2,36000,1.03966942149
212988,213136,216544,148,3408,2,36000,1.04342723005
212989,213142,216519,153,3377,2,36000,1.04530648505
212991,213147,216820,156,3673,2,36000,1.04247209366
212992,213152,216489,160,3337,2,36000,1.04794725802
212993,213157,216962,164,3805,2,36000,1.04310118265
213043,279712,301134,66669,21422,9,54000,4.11217440015
213403,269093,286239,55690,17146,14,57600,4.24798786889
213429,222856,232641,9427,9785,2,43200,1.96341338784
215626,215640,218753,14,3113,2,36000,1.00449726951
215743,215752,219061,9,3309,2,36000,1.00271985494
215887,215898,219849,11,3951,2,36000,1.00278410529
215902,215913,219051,11,3138,2,36000,1.00350541746
215995,216004,218845,9,2841,2,36000,1.00316789863
216043,216052,219178,9,3126,2,36000,1.00287907869
216058,216064,219575,6,3511,2,36000,1.00170891484
216059,216075,219943,16,3868,2,36000,1.00413650465
216128,216138,219851,10,3713,2,36000,1.00269323997
216152,216161,219840,9,3679,2,36000,1.00244631693
216179,216188,219879,9,3691,2,36000,1.00243836359
216209,216220,219432,11,3212,2,36000,1.00342465753
216238,216879,217773,641,894,32,61200,1.71700223714
216283,216293,219846,10,3553,2,36000,1.00281452294
216375,216381,219843,6,3462,2,36000,1.00173310225
216377,216388,219912,11,3524,2,36000,1.00312145289
216401,216407,219913,6,3506,2,36000,1.00171135197
216402,216413,219844,11,3431,2,36000,1.00320606237
216404,216418,220123,14,3705,2,36000,1.00377867746
216422,216431,219449,9,3018,2,36000,1.00298210736
216472,216479,219850,7,3371,2,36000,1.00207653515
216511,216517,220122,6,3605,2,36000,1.00166435506
216513,216523,220123,10,3600,2,36000,1.00277777778
216514,216528,219845,14,3317,2,36000,1.00422068134
216540,216546,219847,6,3301,2,36000,1.00181763102
216542,216552,220123,10,3571,2,36000,1.00280033604
216550,279707,452518,63157,172811,18,172800,1.36546863336
216565,216572,221390,7,4818,2,36000,1.00145288501
216567,216578,221390,11,4812,2,36000,1.00228595179
216623,216630,220208,7,3578,2,36000,1.00195640022
216647,216653,219848,6,3195,2,36000,1.00187793427
216682,216689,219927,7,3238,2,36000,1.00216182829
216711,216717,219841,6,3124,2,36000,1.0019206146
216713,216723,221413,10,4690,2,36000,1.00213219616
216714,216728,220132,14,3404,2,36000,1.00411280846
216765,216777,219928,12,3151,2,36000,1.00380831482
216766,216782,220123,16,3341,2,36000,1.00478898533
216831,216837,220131,6,3294,2,36000,1.00182149362
216861,216867,219842,6,2975,2,36000,1.00201680672
216964,216973,221436,9,4463,2,36000,1.00201658078
217400,217406,221438,6,4032,2,36000,1.00148809524
217645,217652,221438,7,3786,2,36000,1.00184891706
217925,219114,279695,1189,60581,32,61200,1.01962661561
218821,218827,221915,6,3088,2,36000,1.00194300518
218871,218878,222845,7,3967,2,36000,1.0017645576
219075,219081,221696,6,2615,2,36000,1.00229445507
219076,219087,222370,11,3283,2,36000,1.00335059397
219202,219208,223423,6,4215,2,36000,1.00142348754
219469,219475,223737,6,4262,2,36000,1.00140778977
219470,219481,223013,11,3532,2,36000,1.00311438279
219839,219845,223810,6,3965,2,36000,1.00151324086
219929,219935,223698,6,3763,2,36000,1.0015944725
219931,219941,224342,10,4401,2,36000,1.00227221086
219932,219946,223357,14,3411,2,36000,1.00410436822
219933,219952,223643,19,3691,2,36000,1.00514765646
219935,219957,223648,22,3691,2,36000,1.00596044432
219936,219963,225046,27,5083,2,36000,1.00531182373
219937,219968,223648,31,3680,2,36000,1.00842391304
219938,219973,223337,35,3364,2,36000,1.01040428062
219940,219979,223356,39,3377,2,36000,1.01154871187
219941,219984,223641,43,3657,2,36000,1.01175827181
219942,219989,223869,47,3880,2,36000,1.01211340206
219944,219994,223743,50,3749,2,36000,1.01333688984
219945,219999,223195,54,3196,2,36000,1.01689612015
219946,220004,223661,58,3657,2,36000,1.01585999453
219948,220010,224219,62,4209,2,36000,1.01473033975
219949,220015,223871,66,3856,2,36000,1.01711618257
219950,220020,224429,70,4409,2,36000,1.01587661601
220117,220123,224401,6,4278,2,36000,1.00140252454
220175,220181,224981,6,4800,2,36000,1.00125
220176,220187,224581,11,4394,2,36000,1.00250341375
220177,220192,223643,15,3451,2,36000,1.00434656621
220179,220197,223642,18,3445,2,36000,1.00522496372
220180,220202,224103,22,3901,2,36000,1.00563957959
220181,220207,225044,26,4837,2,36000,1.00537523258
220183,220214,224030,31,3816,2,36000,1.00812368973
221436,221443,224475,7,3032,2,36000,1.00230870712
221438,221448,224851,10,3403,2,36000,1.0029385836
221439,221454,225301,15,3847,2,36000,1.00389914219
221440,221460,224348,20,2888,2,36000,1.00692520776
221442,221465,224520,23,3055,2,36000,1.00752864157
221443,221470,224840,27,3370,2,36000,1.00801186944
221459,221476,225153,17,3677,2,36000,1.00462333424
221710,221716,225290,6,3574,2,36000,1.00167879127
221931,221937,224841,6,2904,2,36000,1.0020661157
222409,222416,225591,7,3175,2,36000,1.00220472441
222463,235895,256575,13432,20680,18,32400,1.64951644101
222849,267556,285623,44707,18067,18,32400,3.47451154038
222918,222924,226144,6,3220,2,36000,1.00186335404
223188,223194,226687,6,3493,2,36000,1.00171772116
223229,223245,226693,16,3448,2,36000,1.00464037123
223353,223360,226997,7,3637,2,36000,1.00192466318
223397,223403,227293,6,3890,2,36000,1.00154241645
223398,223409,226832,11,3423,2,36000,1.00321355536
223635,223641,227565,6,3924,2,36000,1.00152905199
223699,223705,227176,6,3471,2,36000,1.00172860847
223701,223711,226745,10,3034,2,36000,1.00329597891
223702,223716,227011,14,3295,2,36000,1.00424886191
223703,223721,227631,18,3910,2,36000,1.00460358056
223705,223727,227364,22,3637,2,36000,1.00604894144
223706,223733,227561,27,3828,2,36000,1.00705329154
223707,223738,227651,31,3913,2,36000,1.00792231025
223708,223743,227246,35,3503,2,36000,1.00999143591
223786,223792,227084,6,3292,2,36000,1.00182260024
223787,223798,227285,11,3487,2,36000,1.00315457413
223852,223858,227298,6,3440,2,36000,1.00174418605
223879,223885,227057,6,3172,2,36000,1.00189155107
223880,223891,227162,11,3271,2,36000,1.00336288597
224096,224102,227767,6,3665,2,36000,1.00163710778
224120,224126,228269,6,4143,2,36000,1.00144822592
224229,224236,228951,7,4715,2,36000,1.00148462354
224383,224389,227658,6,3269,2,36000,1.00183542368
224384,224395,227316,11,2921,2,36000,1.00376583362
224432,224438,227562,6,3124,2,36000,1.0019206146
224457,224463,227421,6,2958,2,36000,1.00202839757
224496,224503,227663,7,3160,2,36000,1.00221518987
224543,224550,227659,7,3109,2,36000,1.00225152782
224615,224621,227999,6,3378,2,36000,1.00177619893
224861,224867,228061,6,3194,2,36000,1.00187852223
224863,224873,228225,10,3352,2,36000,1.00298329356
224864,224878,228955,14,4077,2,36000,1.00343389747
225037,225043,228738,6,3695,2,36000,1.00162381597
225078,225084,228323,6,3239,2,36000,1.00185242359
225080,225090,227930,10,2840,2,36000,1.00352112676
225179,225185,228291,6,3106,2,36000,1.00193174501
225312,225318,228499,6,3181,2,36000,1.00188619931
225313,225324,228640,11,3316,2,36000,1.0033172497
225616,225622,229080,6,3458,2,36000,1.001735107
225693,311751,311787,86058,36,16,356400,2391.5
226179,226185,229936,6,3751,2,36000,1.00159957345
226758,226765,229920,7,3155,2,36000,1.00221870048
226760,226771,230755,11,3984,2,36000,1.00276104418
226761,226776,230373,15,3597,2,36000,1.00417014178
226852,226858,229967,6,3109,2,36000,1.00192988099
227011,227017,230320,6,3303,2,36000,1.00181653043
227012,227023,230480,11,3457,2,36000,1.00318194967
227061,227067,230339,6,3272,2,36000,1.00183374083
227086,227092,230535,6,3443,2,36000,1.00174266628
227163,227169,230455,6,3286,2,36000,1.00182592818
227179,227185,230945,6,3760,2,36000,1.00159574468
227284,227290,230236,6,2946,2,36000,1.00203665988
227355,227362,230672,7,3310,2,36000,1.00211480363
227357,227367,230867,10,3500,2,36000,1.00285714286
227358,227373,230662,15,3289,2,36000,1.00456065673
227359,227378,230533,19,3155,2,36000,1.006022187
227395,227401,230729,6,3328,2,36000,1.00180288462
227554,227560,231293,6,3733,2,36000,1.00160728636
227651,227658,231578,7,3920,2,36000,1.00178571429
227653,227664,230478,11,2814,2,36000,1.0039090263
227654,227669,230612,15,2943,2,36000,1.00509683996
227655,227674,231389,19,3715,2,36000,1.00511440108
227657,227680,231128,23,3448,2,36000,1.00667053364
227708,227714,231112,6,3398,2,36000,1.00176574456
227709,227720,231115,11,3395,2,36000,1.00324005891
227710,227725,231116,15,3391,2,36000,1.0044234739
227923,227930,231312,7,3382,2,36000,1.00206978119
227951,227957,230801,6,2844,2,36000,1.00210970464
228038,228044,231864,6,3820,2,36000,1.00157068063
228090,228096,231485,6,3389,2,36000,1.00177043376
228257,228263,231725,6,3462,2,36000,1.00173310225
228285,228291,232111,6,3820,2,36000,1.00157068063
228312,228318,231340,6,3022,2,36000,1.00198544011
228351,228357,231750,6,3393,2,36000,1.0017683466
228516,228522,231383,6,2861,2,36000,1.00209716882
228668,228674,231789,6,3115,2,36000,1.00192616372
228945,228951,232713,6,3762,2,36000,1.00159489633
228974,228980,232231,6,3251,2,36000,1.00184558597
228975,228986,232078,11,3092,2,36000,1.00355756792
229094,229101,232181,7,3080,2,36000,1.00227272727
229942,229947,232932,5,2985,2,36000,1.00167504188
229943,229953,233415,10,3462,2,36000,1.00288850376
229970,229976,233160,6,3184,2,36000,1.00188442211
230261,230267,233880,6,3613,2,36000,1.0016606698
230345,230351,233736,6,3385,2,36000,1.00177252585
230347,230357,234046,10,3689,2,36000,1.00271076172
230452,230458,233925,6,3467,2,36000,1.00173060283
230475,230482,234338,7,3856,2,36000,1.0018153527
230524,230530,234419,6,3889,2,36000,1.00154281306
230525,230536,234075,11,3539,2,36000,1.00310822266
230556,230562,233861,6,3299,2,36000,1.00181873295
230558,230568,234033,10,3465,2,36000,1.00288600289
230572,230578,240128,6,9550,2,28800,1.00062827225
230644,230650,233884,6,3234,2,36000,1.00185528757
230688,230694,233543,6,2849,2,36000,1.00210600211
230689,230700,233934,11,3234,2,36000,1.00340136054
230736,230742,233678,6,2936,2,36000,1.00204359673
230761,230767,234767,6,4000,2,36000,1.0015
230823,230829,234776,6,3947,2,36000,1.00152014188
230896,230902,234770,6,3868,2,36000,1.00155118925
231108,231114,234781,6,3667,2,36000,1.00163621489
231157,231163,234771,6,3608,2,36000,1.00166297118
231159,231169,234871,10,3702,2,36000,1.00270124257
231160,231174,234280,14,3106,2,36000,1.00450740502
231161,231179,234059,18,2880,2,36000,1.00625
231326,231332,234779,6,3447,2,36000,1.00174064404
231327,231338,235263,11,3925,2,36000,1.00280254777
231382,231388,234823,6,3435,2,36000,1.00174672489
231411,231417,234777,6,3360,2,36000,1.00178571429
231412,231423,235298,11,3875,2,36000,1.00283870968
231506,237603,244024,6097,6421,2,28800,1.94954057
231513,231520,235261,7,3741,2,36000,1.00187115744
231541,269098,316901,37557,47803,18,259200,1.78566198774
231593,231599,234867,6,3268,2,36000,1.00183598531
231746,231752,235262,6,3510,2,36000,1.00170940171
231783,231789,234780,6,2991,2,36000,1.00200601805
231810,231817,234778,7,2961,2,36000,1.00236406619
231882,231888,235739,6,3851,2,36000,1.00155803687
232102,232108,235442,6,3334,2,36000,1.00179964007
232130,237608,244292,5478,6684,2,28800,1.81956912029
232138,232144,235583,6,3439,2,36000,1.00174469322
232190,232196,235260,6,3064,2,36000,1.00195822454
232262,232268,235381,6,3113,2,36000,1.00192740122
232797,232803,236467,6,3664,2,36000,1.00163755459
232957,232964,236732,7,3768,2,36000,1.00185774947
233179,233185,236933,6,3748,2,36000,1.00160085379
233442,233448,236809,6,3361,2,36000,1.00178518298
233572,233578,236963,6,3385,2,36000,1.00177252585
233690,233696,236847,6,3151,2,36000,1.00190415741
233751,233757,237226,6,3469,2,36000,1.00172960507
233771,233777,235051,6,1274,2,1800,1.00470957614
233874,237613,244670,3739,7057,2,28800,1.52982853904
233886,233892,237042,6,3150,2,36000,1.0019047619
233887,233898,237288,11,3390,2,36000,1.00324483776
233889,233903,237605,14,3702,2,36000,1.0037817396
233947,233953,237760,6,3807,2,36000,1.00157604413
233948,233959,237051,11,3092,2,36000,1.00355756792
234063,234069,237395,6,3326,2,36000,1.00180396873
234064,234075,237819,11,3744,2,36000,1.00293803419
234066,234080,238181,14,4101,2,36000,1.00341380151
234690,237618,241442,2928,3824,2,28800,1.76569037657
234765,234771,237894,6,3123,2,36000,1.00192122959
234766,234777,237782,11,3005,2,36000,1.00366056572
234768,234782,237984,14,3202,2,36000,1.00437226733
234769,234787,238346,18,3559,2,36000,1.00505760045
234865,234871,237932,6,3061,2,36000,1.00196014374
234867,234877,238580,10,3703,2,36000,1.0027005131
234869,234882,238178,13,3296,2,36000,1.00394417476
234870,234887,238490,17,3603,2,36000,1.00471829031
234871,234892,238602,21,3710,2,36000,1.00566037736
234873,234899,238292,26,3393,2,36000,1.00766283525
234874,234904,238553,30,3649,2,36000,1.00822143053
234875,234909,239004,34,4095,2,36000,1.0083028083
234877,234915,239001,38,4086,2,36000,1.00930004895
234878,234920,238332,42,3412,2,36000,1.0123094959
235290,235296,238518,6,3222,2,36000,1.00186219739
235291,235302,238268,11,2966,2,36000,1.00370869858
235293,235307,239938,14,4631,2,36000,1.00302310516
235294,252322,293041,17028,40719,2,108000,1.41818315774
235294,235312,238597,18,3285,2,36000,1.00547945205
235295,235318,238923,23,3605,2,36000,1.00638002774
235296,235323,238617,27,3294,2,36000,1.00819672131
235330,235336,239065,6,3729,2,36000,1.00160901046
235404,235411,238493,7,3082,2,36000,1.00227125243
235460,235466,238811,6,3345,2,36000,1.00179372197
235597,235603,239294,6,3691,2,36000,1.00162557572
235763,235769,238591,6,2822,2,36000,1.00212615167
236284,237624,242823,1340,5199,2,28800,1.25774187344
236522,236528,239796,6,3268,2,36000,1.00183598531
236746,267561,275238,30815,7677,2,43200,5.01393773609
236763,236770,240564,7,3794,2,36000,1.00184501845
236824,236831,239640,7,2809,2,36000,1.00249199003
236862,236869,239939,7,3070,2,36000,1.00228013029
236959,236966,240234,7,3268,2,36000,1.00214198286
236990,236996,240831,6,3835,2,36000,1.00156453716
237063,237069,240111,6,3042,2,36000,1.00197238659
237064,237075,240318,11,3243,2,36000,1.00339192106
237246,237252,240565,6,3313,2,36000,1.00181104739
237316,237322,240566,6,3244,2,36000,1.00184956843
237419,237426,240795,7,3369,2,36000,1.00207776788
237636,237642,241008,6,3366,2,36000,1.00178253119
237778,237784,240900,6,3116,2,36000,1.00192554557
237808,237814,241190,6,3376,2,36000,1.00177725118
237834,237840,241387,6,3547,2,36000,1.00169157034
237919,237925,241688,6,3763,2,36000,1.0015944725
237947,237953,241387,6,3434,2,36000,1.00174723355
238172,238178,241423,6,3245,2,36000,1.00184899846
238207,238214,241548,7,3334,2,36000,1.00209958008
238209,238220,241550,11,3330,2,36000,1.0033033033
238285,238291,241386,6,3095,2,36000,1.00193861066
238310,238316,241386,6,3070,2,36000,1.00195439739
238362,238368,241682,6,3314,2,36000,1.00181050091
238363,238374,242423,11,4049,2,36000,1.00271672018
238503,238509,241387,6,2878,2,36000,1.0020847811
238504,238515,242025,11,3510,2,36000,1.00313390313
238521,238530,241749,9,3219,2,36000,1.00279589935
238555,238564,241385,9,2821,2,36000,1.00319035803
238582,238592,242416,10,3824,2,36000,1.00261506276
238598,238604,241813,6,3209,2,36000,1.00186974135
238599,238610,242417,11,3807,2,36000,1.00288941424
238615,238621,242159,6,3538,2,36000,1.00169587337
238630,238636,241808,6,3172,2,36000,1.00189155107
238825,238831,242126,6,3295,2,36000,1.00182094082
238997,239003,242421,6,3418,2,36000,1.00175541252
239019,239025,242419,6,3394,2,36000,1.00176782557
239020,239031,242050,11,3019,2,36000,1.00364359059
239230,279723,279755,40493,32,2,36000,1266.40625
239239,279998,280011,40759,13,2,36000,3136.30769231
239253,280027,281410,40774,1383,2,36000,30.4822848879
239291,239297,242788,6,3491,2,36000,1.00171870524
239339,239345,242955,6,3610,2,36000,1.00166204986
239504,240139,241171,635,1032,2,1800,1.61531007752
239667,239673,244008,6,4335,2,36000,1.00138408304
239930,239936,243155,6,3219,2,36000,1.0018639329
239968,239974,242769,6,2795,2,36000,1.00214669052
239969,239980,243290,11,3310,2,36000,1.00332326284
240098,240202,241691,104,1489,2,1800,1.06984553392
240115,240122,242925,7,2803,2,36000,1.0024973243
240259,240265,243685,6,3420,2,36000,1.00175438596
240557,240563,243880,6,3317,2,36000,1.00180886343
240607,240614,243603,7,2989,2,36000,1.00234192037
240609,240620,244269,11,3649,2,36000,1.00301452453
240610,240625,243832,15,3207,2,36000,1.00467726848
240808,240815,243834,7,3019,2,36000,1.00231864856
240848,240854,244532,6,3678,2,36000,1.00163132137
240914,240920,244355,6,3435,2,36000,1.00174672489
241025,241031,244011,6,2980,2,36000,1.00201342282
241381,241387,244629,6,3242,2,36000,1.00185070944
241399,241405,244862,6,3457,2,36000,1.00173560891
241400,241411,244861,11,3450,2,36000,1.0031884058
241401,241416,244889,15,3473,2,36000,1.00431903254
241403,241421,244857,18,3436,2,36000,1.00523864959
241404,241426,245278,22,3852,2,36000,1.0057113188
241405,241432,244555,27,3123,2,36000,1.00864553314
241546,241552,244923,6,3371,2,36000,1.00177988727
241599,241606,245427,7,3821,2,36000,1.00183198116
241601,241612,244872,11,3260,2,36000,1.00337423313
241705,241711,244902,6,3191,2,36000,1.00188028831
241707,241717,245250,10,3533,2,36000,1.0028304557
241768,241774,245159,6,3385,2,36000,1.00177252585
241813,241824,244926,11,3102,2,36000,1.00354609929
241814,241829,245202,15,3373,2,36000,1.00444707975
242052,242058,245112,6,3054,2,36000,1.00196463654
242053,242064,245609,11,3545,2,36000,1.00310296192
242142,242148,245559,6,3411,2,36000,1.00175901495
242408,242414,245768,6,3354,2,36000,1.00178890877
242471,242477,245062,6,2585,2,36000,1.00232108317
242472,242483,245648,11,3165,2,36000,1.00347551343
242473,242488,245768,15,3280,2,36000,1.00457317073
242475,242493,245767,18,3274,2,36000,1.00549786194
242476,242499,245768,23,3269,2,36000,1.00703579076
242652,248468,251041,5816,2573,32,7200,3.26039642441
242657,251052,253406,8395,2354,32,7200,4.56627017842
242673,253417,255758,10744,2341,32,7200,5.58949167023
242687,255772,257545,13085,1773,32,7200,8.38014664411
242693,266052,267539,23359,1487,32,7200,16.7088096839
242698,267551,269078,24853,1527,32,7200,17.2757039948
242784,242790,245768,6,2978,2,36000,1.00201477502
242810,242816,245727,6,2911,2,36000,1.00206114737
243015,243022,245768,7,2746,2,36000,1.00254916242
243017,243028,245768,11,2740,2,36000,1.00401459854
243239,243245,245768,6,2523,2,36000,1.00237812128
243323,243329,245768,6,2439,2,36000,1.0024600246
243683,243690,245768,7,2078,2,36000,1.00336862368
243730,243736,245768,6,2032,2,36000,1.00295275591
243879,243885,245768,6,1883,2,36000,1.00318640467
243880,243891,245768,11,1877,2,36000,1.00586041556
244001,244008,245768,7,1760,2,36000,1.00397727273
244038,244044,245768,6,1724,2,36000,1.00348027842
244039,244050,245768,11,1718,2,36000,1.00640279395
244347,244353,245768,6,1415,2,36000,1.00424028269
244373,244379,245768,6,1389,2,36000,1.00431965443
244616,244622,245768,6,1146,2,36000,1.00523560209
244617,244628,245768,11,1140,2,36000,1.00964912281
244890,244896,245768,6,872,2,36000,1.00688073394
244891,244902,245768,11,866,2,36000,1.01270207852
244893,244907,245768,14,861,2,36000,1.0162601626
244894,244912,245768,18,856,2,36000,1.02102803738
244895,244918,245768,23,850,2,36000,1.02705882353
244897,244923,245768,26,845,2,36000,1.03076923077
245004,245010,245768,6,758,2,36000,1.00791556728
245005,245016,245768,11,752,2,36000,1.01462765957
245007,245021,245768,14,747,2,36000,1.0187416332
245088,245094,245768,6,674,2,36000,1.00890207715
245129,245135,245768,6,633,2,36000,1.00947867299
245198,245204,245768,6,564,2,36000,1.01063829787
245228,245234,245768,6,534,2,36000,1.01123595506
245276,245282,245768,6,486,2,36000,1.01234567901
245277,245289,245768,12,479,2,36000,1.02505219207
245440,245446,245768,6,322,2,36000,1.01863354037
245561,245570,245768,9,198,2,36000,1.04545454545
245619,245625,245768,6,143,2,36000,1.04195804196
245661,245667,245768,6,101,2,36000,1.05940594059
245752,245758,245768,6,10,2,36000,1.6
245843,245849,249156,6,3307,2,36000,1.00181433323
245872,245878,249105,6,3227,2,36000,1.00185931205
245895,245902,249319,7,3417,2,36000,1.00204858063
245919,245925,249625,6,3700,2,36000,1.00162162162
245921,245931,249031,10,3100,2,36000,1.00322580645
245934,245940,249296,6,3356,2,36000,1.00178784267
245935,245946,249035,11,3089,2,36000,1.00356102298
245937,245951,249067,14,3116,2,36000,1.00449293967
245961,245967,249293,6,3326,2,36000,1.00180396873
245963,245973,251372,10,5399,2,36000,1.00185219485
245965,245978,249745,13,3767,2,36000,1.00345102203
245966,245983,249004,17,3021,2,36000,1.00562727574
245968,245990,249170,22,3180,2,36000,1.00691823899
245969,245995,250214,26,4219,2,36000,1.00616259777
245971,246000,250467,29,4467,2,36000,1.00649205283
246043,246049,246063,6,14,2,3540,1.42857142857
246113,246119,249519,6,3400,2,36000,1.00176470588
246115,246125,250020,10,3895,2,36000,1.00256739409
246132,246139,249741,7,3602,2,36000,1.0019433648
246135,246145,249238,10,3093,2,36000,1.00323310702
246137,246150,249699,13,3549,2,36000,1.00366300366
246167,246173,249828,6,3655,2,36000,1.00164158687
246506,246512,249609,6,3097,2,36000,1.00193735873
246522,246528,249543,6,3015,2,36000,1.00199004975
246556,246562,249472,6,2910,2,36000,1.00206185567
246567,246573,249645,6,3072,2,36000,1.001953125
246579,246586,250113,7,3527,2,36000,1.00198468954
246581,246592,249706,11,3114,2,36000,1.00353243417
246592,246598,250295,6,3697,2,36000,1.00162293752
246689,246695,250191,6,3496,2,36000,1.00171624714
246700,246706,250257,6,3551,2,36000,1.00168966488
246822,246828,249952,6,3124,2,36000,1.0019206146
246890,246897,250394,7,3497,2,36000,1.00200171576
246893,246903,249856,10,2953,2,36000,1.00338638673
246894,246908,249753,14,2845,2,36000,1.00492091388
246896,246913,249890,17,2977,2,36000,1.00571044676
246897,246918,249962,21,3044,2,36000,1.00689881735
246898,246924,250288,26,3364,2,36000,1.00772889417
246900,246929,250539,29,3610,2,36000,1.008033241
246901,246934,250317,33,3383,2,36000,1.00975465563
246903,246940,249929,37,2989,2,36000,1.01237872198
249076,249082,252180,6,3098,2,36000,1.00193673338
249077,249088,252179,11,3091,2,36000,1.00355871886
249078,249093,252070,15,2977,2,36000,1.00503862949
249094,249100,252210,6,3110,2,36000,1.00192926045
249121,249127,252922,6,3795,2,36000,1.00158102767
249158,249167,252311,9,3144,2,36000,1.00286259542
249215,249221,252480,6,3259,2,36000,1.00184105554
249263,249270,252750,7,3480,2,36000,1.00201149425
249313,249319,252573,6,3254,2,36000,1.00184388445
249314,249325,252154,11,2829,2,36000,1.00388829975
249331,249337,252149,6,2812,2,36000,1.00213371266
249485,249491,252299,6,2808,2,36000,1.00213675214
249523,249530,252440,7,2910,2,36000,1.00240549828
249559,249565,252198,6,2633,2,36000,1.00227876946
249636,249642,252213,6,2571,2,36000,1.00233372229
249638,249648,252819,10,3171,2,36000,1.00315357931
249692,249699,254416,7,4717,2,36000,1.00148399406
249710,249716,252710,6,2994,2,36000,1.00200400802
249711,249722,252398,11,2676,2,36000,1.00411061286
249744,249752,254421,8,4669,2,36000,1.001713429
249761,249768,252602,7,2834,2,36000,1.00247000706
249763,249773,253109,10,3336,2,36000,1.00299760192
249855,249861,252971,6,3110,2,36000,1.00192926045
249857,249872,254429,15,4557,2,36000,1.00329163924
249920,249927,253156,7,3229,2,36000,1.00216785382
249935,249941,253092,6,3151,2,36000,1.00190415741
249964,249970,254422,6,4452,2,36000,1.00134770889
249965,249976,252642,11,2666,2,36000,1.00412603151
250110,250117,254428,7,4311,2,36000,1.00162375319
250134,250140,254420,6,4280,2,36000,1.00140186916
250239,250245,254418,6,4173,2,36000,1.00143781452
250240,250251,253102,11,2851,2,36000,1.00385829533
250274,250280,254418,6,4138,2,36000,1.00144997583
250314,250320,254440,6,4120,2,36000,1.00145631068
250315,250326,254425,11,4099,2,36000,1.00268358136
250367,250373,254426,6,4053,2,36000,1.0014803849
250397,250405,252937,8,2532,2,36000,1.00315955766
250469,250479,254423,10,3944,2,36000,1.00253549696
250794,250800,254438,6,3638,2,36000,1.00164925783
251084,251095,251105,11,10,1,600,2.1
251314,251325,251527,11,202,1,600,1.05445544554
251397,251403,255130,6,3727,2,36000,1.00160987389
252083,252089,255130,6,3041,2,36000,1.00197303519
252173,252179,255216,6,3037,2,36000,1.00197563385
252174,252185,255141,11,2956,2,36000,1.00372124493
252209,252215,255261,6,3046,2,36000,1.00196979645
252210,252221,255150,11,2929,2,36000,1.00375554797
252212,252226,255449,14,3223,2,36000,1.00434377909
252213,252232,255128,19,2896,2,36000,1.00656077348
252262,252268,255373,6,3105,2,36000,1.00193236715
252303,252311,257123,8,4812,2,36000,1.00166251039
252335,252341,255464,6,3123,2,36000,1.00192122959
252400,252415,255506,15,3091,2,36000,1.00485279845
252460,252466,255375,6,2909,2,36000,1.00206256446
252568,252574,257883,6,5309,2,36000,1.00113015634
252583,252590,256159,7,3569,2,36000,1.00196133371
252609,252615,255487,6,2872,2,36000,1.00208913649
252668,252674,255730,6,3056,2,36000,1.00196335079
252742,252748,256331,6,3583,2,36000,1.00167457438
252764,252770,256506,6,3736,2,36000,1.00160599572
252916,252922,256097,6,3175,2,36000,1.00188976378
252936,252942,256045,6,3103,2,36000,1.00193361263
252937,252948,256151,11,3203,2,36000,1.00343428036
252993,253000,256438,7,3438,2,36000,1.00203606748
253108,253113,256716,5,3603,2,36000,1.00138773245
253109,253119,256717,10,3598,2,36000,1.00277932185
253110,253125,258195,15,5070,2,36000,1.00295857988
254080,259276,280917,5196,21641,64,21600,1.24009981054
254422,254429,257580,7,3151,2,36000,1.00222151698
254424,254435,257840,11,3405,2,36000,1.00323054332
254425,254440,257652,15,3212,2,36000,1.00466998755
254426,254445,257351,19,2906,2,36000,1.00653819683
254428,254451,258027,23,3576,2,36000,1.00643176734
254429,254456,258039,27,3583,2,36000,1.00753558471
254430,254463,258319,33,3856,2,36000,1.00855809129
254432,254468,257823,36,3355,2,36000,1.01073025335
254433,254473,258047,40,3574,2,36000,1.0111919418
255140,255146,258344,6,3198,2,36000,1.00187617261
255142,255152,259432,10,4280,2,36000,1.0023364486
255143,255157,258040,14,2883,2,36000,1.00485605272
255144,255162,259510,18,4348,2,36000,1.00413983441
255145,255167,258118,22,2951,2,36000,1.00745509997
255147,255173,259431,26,4258,2,36000,1.00610615312
255148,255178,258191,30,3013,2,36000,1.00995685363
255149,255184,259277,35,4093,2,36000,1.00855118495
255151,255189,258318,38,3129,2,36000,1.0121444551
255170,255195,258230,25,3035,2,36000,1.00823723229
255244,255250,258328,6,3078,2,36000,1.00194931774
255271,255277,259518,6,4241,2,36000,1.00141476067
255374,255385,258320,11,2935,2,36000,1.00374787053
255375,255391,258196,16,2805,2,36000,1.00570409982
255453,255460,259509,7,4049,2,36000,1.00172882193
255482,255489,258309,7,2820,2,36000,1.0024822695
255523,255529,259511,6,3982,2,36000,1.00150678051
255525,255535,259430,10,3895,2,36000,1.00256739409
255760,255766,259508,6,3742,2,36000,1.00160342063
256050,256056,259587,6,3531,2,36000,1.00169923534
256113,256119,259512,6,3393,2,36000,1.0017683466
256152,256162,259582,10,3420,2,36000,1.00292397661
256179,256185,259590,6,3405,2,36000,1.00176211454
256343,256349,259588,6,3239,2,36000,1.00185242359
256452,256458,259590,6,3132,2,36000,1.00191570881
256508,256517,260402,9,3885,2,36000,1.00231660232
256789,256795,259738,6,2943,2,36000,1.00203873598
256790,256801,260085,11,3284,2,36000,1.00334957369
256815,256821,256834,6,13,1,1200,1.46153846154
257138,257144,260091,6,2947,2,36000,1.00203596878
257369,257376,260451,7,3075,2,36000,1.00227642276
257603,257609,261458,6,3849,2,36000,1.00155884645
257668,257674,260835,6,3161,2,36000,1.0018981335
257849,257855,260999,6,3144,2,36000,1.00190839695
257850,257861,260917,11,3056,2,36000,1.00359947644
258040,258046,261219,6,3173,2,36000,1.00189095493
258042,258052,261272,10,3220,2,36000,1.00310559006
258043,258057,260780,14,2723,2,36000,1.00514138817
258044,258063,260937,19,2874,2,36000,1.00661099513
258087,258093,261130,6,3037,2,36000,1.00197563385
258189,258195,261385,6,3190,2,36000,1.00188087774
258207,258214,261579,7,3365,2,36000,1.00208023774
258209,258220,261137,11,2917,2,36000,1.0037709976
258210,258225,261210,15,2985,2,36000,1.00502512563
258233,258242,261213,9,2971,2,36000,1.00302928307
258333,258340,262114,7,3774,2,36000,1.00185479597
258335,258346,261596,11,3250,2,36000,1.00338461538
258336,258351,261482,15,3131,2,36000,1.00479080166
258337,258356,262119,19,3763,2,36000,1.0050491629
258339,258362,261910,23,3548,2,36000,1.00648252537
259581,259588,262560,7,2972,2,36000,1.00235531629
259583,259594,262604,11,3010,2,36000,1.00365448505
259584,259599,262783,15,3184,2,36000,1.00471105528
259585,259604,263381,19,3777,2,36000,1.00503044745
259587,259609,262900,22,3291,2,36000,1.00668489821
259588,259615,262687,27,3072,2,36000,1.0087890625
259590,259621,262648,31,3027,2,36000,1.01024116287
259591,259626,262883,35,3257,2,36000,1.01074608535
259592,259632,262453,40,2821,2,36000,1.01417936902
259593,259637,263075,44,3438,2,36000,1.01279813845
259595,259642,262833,47,3191,2,36000,1.0147289251
259596,259647,262556,51,2909,2,36000,1.01753179787
259721,259727,262553,6,2826,2,36000,1.00212314225
259723,259733,263201,10,3468,2,36000,1.00288350634
259724,259738,263268,14,3530,2,36000,1.00396600567
259725,259743,262484,18,2741,2,36000,1.00656694637
259754,259760,262596,6,2836,2,36000,1.00211565585
260102,260108,263114,6,3006,2,36000,1.00199600798
260103,260114,263070,11,2956,2,36000,1.00372124493
260432,260439,263379,7,2940,2,36000,1.00238095238
260467,311756,333685,51289,21929,12,540000,3.33886634137
260472,260478,264529,6,4051,2,36000,1.00148111577
260800,260807,263886,7,3079,2,36000,1.00227346541
260851,260857,264104,6,3247,2,36000,1.00184785956
260920,260931,263647,11,2716,2,36000,1.00405007364
260939,260949,263527,10,2578,2,36000,1.00387897595
261122,261128,264109,6,2981,2,36000,1.0020127474
261173,261179,264733,6,3554,2,36000,1.0016882386
261174,261185,264486,11,3301,2,36000,1.00333232354
261247,261253,264189,6,2936,2,36000,1.00204359673
261248,261259,264472,11,3213,2,36000,1.00342359166
261249,261264,264741,15,3477,2,36000,1.00431406385
261376,261383,264537,7,3154,2,36000,1.00221940393
261450,261456,265211,6,3755,2,36000,1.00159786951
261471,261478,264584,7,3106,2,36000,1.00225370251
261574,261580,264651,6,3071,2,36000,1.00195376099
261609,261615,264630,6,3015,2,36000,1.00199004975
261611,261621,264480,10,2859,2,36000,1.00349772648
261974,261981,264968,7,2987,2,36000,1.00234348845
262138,262144,265193,6,3049,2,36000,1.00196785831
262140,262150,265212,10,3062,2,36000,1.00326583932
262484,262491,265565,7,3074,2,36000,1.00227716331
262486,262497,265659,11,3162,2,36000,1.00347881088
262574,262580,265386,6,2806,2,36000,1.00213827512
262575,262586,265447,11,2861,2,36000,1.00384480951
262576,262591,265718,15,3127,2,36000,1.00479692996
262643,262649,265628,6,2979,2,36000,1.00201409869
262644,262655,265509,11,2854,2,36000,1.00385423966
262665,262671,265926,6,3255,2,36000,1.00184331797
262703,262709,265835,6,3126,2,36000,1.0019193858
262806,262812,265919,6,3107,2,36000,1.00193112327
262868,262874,265721,6,2847,2,36000,1.00210748156
262908,262915,266359,7,3444,2,36000,1.00203252033
262910,262921,265810,11,2889,2,36000,1.00380754586
263091,263097,265842,6,2745,2,36000,1.00218579235
263093,263103,266275,10,3172,2,36000,1.00315258512
263129,263135,266184,6,3049,2,36000,1.00196785831
263226,263232,266666,6,3434,2,36000,1.00174723355
263294,263300,266381,6,3081,2,36000,1.00194741967
263410,263416,266862,6,3446,2,36000,1.00174114916
263411,263422,266927,11,3505,2,36000,1.00313837375
263544,263550,267043,6,3493,2,36000,1.00171772116
263784,263790,266931,6,3141,2,36000,1.00191021968
263901,263907,266897,6,2990,2,36000,1.00200668896
264135,264141,268284,6,4143,2,36000,1.00144822592
264136,264147,267505,11,3358,2,36000,1.00327575938
264242,275249,361683,11007,86434,2,86400,1.12734572043
264480,264486,268022,6,3536,2,36000,1.00169683258
264481,264492,267791,11,3299,2,36000,1.00333434374
264483,264497,267540,14,3043,2,36000,1.00460072297
264522,264528,267599,6,3071,2,36000,1.00195376099
264575,264581,267558,6,2977,2,36000,1.0020154518
264577,264587,268291,10,3704,2,36000,1.00269978402
264603,264609,268289,6,3680,2,36000,1.00163043478
264647,264654,268291,7,3637,2,36000,1.00192466318
264730,264736,267593,6,2857,2,36000,1.00210010501
264764,264770,267877,6,3107,2,36000,1.00193112327
264765,264776,268290,11,3514,2,36000,1.0031303358
265184,265190,268352,6,3162,2,36000,1.00189753321
265211,265217,267986,6,2769,2,36000,1.00216684724
265212,265230,268519,18,3289,2,36000,1.00547278808
265214,265236,268287,22,3051,2,36000,1.00721075057
265419,265425,268485,6,3060,2,36000,1.00196078431
265461,265467,268731,6,3264,2,36000,1.00183823529
265513,265521,268703,8,3182,2,36000,1.00251414205
265575,265581,268686,6,3105,2,36000,1.00193236715
265643,265649,269091,6,3442,2,36000,1.00174317257
265663,265671,269093,8,3422,2,36000,1.00233781414
265738,265745,268962,7,3217,2,36000,1.00217594032
265740,265750,268817,10,3067,2,36000,1.00326051516
265821,265827,269443,6,3616,2,36000,1.00165929204
265855,265861,268687,6,2826,2,36000,1.00212314225
265857,265867,268707,10,2840,2,36000,1.00352112676
265932,265939,268690,7,2751,2,36000,1.00254452926
265934,265945,268816,11,2871,2,36000,1.00383141762
266200,266206,269385,6,3179,2,36000,1.00188738597
266293,266299,269217,6,2918,2,36000,1.00205620288
266381,266387,269329,6,2942,2,36000,1.00203942896
266382,266393,269219,11,2826,2,36000,1.00389242746
266680,266687,269448,7,2761,2,36000,1.00253531329
266876,266883,270810,7,3927,2,36000,1.00178253119
266921,266927,269805,6,2878,2,36000,1.0020847811
266972,266978,269865,6,2887,2,36000,1.00207828195
266973,266984,270646,11,3662,2,36000,1.00300382305
267077,267083,269828,6,2745,2,36000,1.00218579235
267526,267532,271449,6,3917,2,36000,1.00153178453
267563,267569,270351,6,2782,2,36000,1.00215672178
267564,267575,271108,11,3533,2,36000,1.00311350127
267626,267633,271031,7,3398,2,36000,1.00206003531
267628,267639,270997,11,3358,2,36000,1.00327575938
267810,267816,271009,6,3193,2,36000,1.00187911055
267897,267903,270947,6,3044,2,36000,1.00197109067
268007,268013,270984,6,2971,2,36000,1.00201952205
268284,268290,271100,6,2810,2,36000,1.00213523132
268286,268296,271124,10,2828,2,36000,1.00353606789
268336,268342,271447,6,3105,2,36000,1.00193236715
268337,268348,271444,11,3096,2,36000,1.00355297158
268338,268353,271446,15,3093,2,36000,1.00484966052
268340,268358,271098,18,2740,2,36000,1.00656934307
268341,268364,271466,23,3102,2,36000,1.00741457124
268396,268402,272051,6,3649,2,36000,1.00164428611
268497,268504,271448,7,2944,2,36000,1.00237771739
268679,268685,271644,6,2959,2,36000,1.00202771206
268715,268721,271774,6,3053,2,36000,1.00196528005
268716,268727,271859,11,3132,2,36000,1.00351213282
268717,268732,271816,15,3084,2,36000,1.00486381323
268719,268737,271672,18,2935,2,36000,1.00613287905
268720,268743,272313,23,3570,2,36000,1.00644257703
268809,268815,273352,6,4537,2,36000,1.00132245978
268846,268852,271877,6,3025,2,36000,1.00198347107
268848,268858,271969,10,3111,2,36000,1.00321440051
269081,269087,272405,6,3318,2,36000,1.00180831826
269211,269217,272526,6,3309,2,36000,1.00181323663
269212,269223,272147,11,2924,2,36000,1.0037619699
269237,269243,272164,6,2921,2,36000,1.00205409106
269246,269252,272503,6,3251,2,36000,1.00184558597
269351,269358,272146,7,2788,2,36000,1.0025107604
269402,269408,272479,6,3071,2,36000,1.00195376099
269465,269471,272869,6,3398,2,36000,1.00176574456
269466,269477,272694,11,3217,2,36000,1.00341933478
269501,270362,270714,861,352,1,3600,3.44602272727
269831,269838,272950,7,3112,2,36000,1.00224935733
269833,269844,273472,11,3628,2,36000,1.00303197354
269885,269891,272942,6,3051,2,36000,1.00196656834
270370,270377,273219,7,2842,2,36000,1.00246305419
270803,270809,274189,6,3380,2,36000,1.00177514793
270832,270838,273979,6,3141,2,36000,1.00191021968
270964,270970,273759,6,2789,2,36000,1.00215130871
270973,274200,274709,3227,509,1,3600,7.33988212181
271010,271016,275268,6,4252,2,36000,1.00141110066
271011,271022,273865,11,2843,2,36000,1.0038691523
271012,271027,273743,15,2716,2,36000,1.00552282769
271099,271105,274085,6,2980,2,36000,1.00201342282
271101,271111,274615,10,3504,2,36000,1.00285388128
271102,271116,274607,14,3491,2,36000,1.00401031223
271444,271450,275267,6,3817,2,36000,1.00157191512
271445,271456,274456,11,3000,2,36000,1.00366666667
271447,271461,274458,14,2997,2,36000,1.004671338
271490,271497,275270,7,3773,2,36000,1.00185528757
271492,271503,274604,11,3101,2,36000,1.00354724282
271493,271508,274250,15,2742,2,36000,1.00547045952
271495,271513,275268,18,3755,2,36000,1.00479360852
271496,271518,274459,22,2941,2,36000,1.00748044883
271692,271698,275266,6,3568,2,36000,1.00168161435
271693,271704,274582,11,2878,2,36000,1.00382209868
271795,271801,275196,6,3395,2,36000,1.00176730486
271843,271849,275265,6,3416,2,36000,1.00175644028
271874,271880,274672,6,2792,2,36000,1.00214899713
271897,271903,275249,6,3346,2,36000,1.00179318589
271992,271998,275269,6,3271,2,36000,1.00183430144
272139,272146,275268,7,3122,2,36000,1.00224215247
272174,272180,275271,6,3091,2,36000,1.00194111938
272175,272186,275424,11,3238,2,36000,1.00339715874
272176,272191,275272,15,3081,2,36000,1.00486854917
272374,272380,275676,6,3296,2,36000,1.00182038835
272475,272481,275673,6,3192,2,36000,1.00187969925
272516,272522,275343,6,2821,2,36000,1.00212690535
272517,272528,275625,11,3097,2,36000,1.00355182435
272557,272563,275846,6,3283,2,36000,1.00182759671
272713,272719,276474,6,3755,2,36000,1.00159786951
272890,272896,275845,6,2949,2,36000,1.002034588
272967,272973,275898,6,2925,2,36000,1.00205128205
272968,272979,276202,11,3223,2,36000,1.00341296928
273036,274719,275086,1683,367,1,3600,5.58583106267
273238,273244,276227,6,2983,2,36000,1.00201139792
273378,273385,276354,7,2969,2,36000,1.00235769619
273485,273491,276151,6,2660,2,36000,1.0022556391
273772,273778,276755,6,2977,2,36000,1.0020154518
273773,273784,277166,11,3382,2,36000,1.00325251331
273878,273885,277145,7,3260,2,36000,1.00214723926
274001,274007,276735,6,2728,2,36000,1.00219941349
274122,274128,277456,6,3328,2,36000,1.00180288462
274209,274215,277108,6,2893,2,36000,1.00207397166
274260,274267,277927,7,3660,2,36000,1.00191256831
274489,274495,277272,6,2777,2,36000,1.00216060497
274490,274501,277656,11,3155,2,36000,1.00348652932
274491,274506,277274,15,2768,2,36000,1.00541907514
274594,274600,277724,6,3124,2,36000,1.0019206146
274666,274672,277860,6,3188,2,36000,1.00188205772
274667,274678,279518,11,4840,2,36000,1.00227272727
274669,274683,279429,14,4746,2,36000,1.00294985251
275266,275272,278148,6,2876,2,36000,1.00208623088
275268,275278,279522,10,4244,2,36000,1.00235626767
275269,275283,279512,14,4229,2,36000,1.00331047529
275270,275288,279516,18,4228,2,36000,1.00425733207
275272,275294,279519,22,4225,2,36000,1.00520710059
275273,275301,279431,28,4130,2,36000,1.00677966102
275274,275306,279512,32,4206,2,36000,1.00760817879
275301,278159,279379,2858,1220,1,3600,3.34262295082
275335,275342,279515,7,4173,2,36000,1.00167745028
275337,275347,279512,10,4165,2,36000,1.00240096038
275338,275353,279512,15,4159,2,36000,1.00360663621
275339,275358,278049,19,2691,2,36000,1.00706057228
275341,275363,278070,22,2707,2,36000,1.00812707795
275342,275368,279515,26,4147,2,36000,1.00626959248
275376,275382,279517,6,4135,2,36000,1.00145102781
275418,279389,279949,3971,560,1,3600,8.09107142857
275439,275445,279430,6,3985,2,36000,1.00150564617
275657,275663,279513,6,3850,2,36000,1.00155844156
275844,275850,279521,6,3671,2,36000,1.00163443203
275845,275856,279513,11,3657,2,36000,1.00300793
275889,275895,279525,6,3630,2,36000,1.00165289256
275891,275901,279520,10,3619,2,36000,1.00276319425
275922,275928,279519,6,3591,2,36000,1.00167084378
276172,276178,279522,6,3344,2,36000,1.00179425837
276218,276224,279519,6,3295,2,36000,1.00182094082
276250,276257,279737,7,3480,2,36000,1.00201149425
276367,276373,279523,6,3150,2,36000,1.0019047619
276498,276504,279524,6,3020,2,36000,1.00198675497
276747,276753,279733,6,2980,2,36000,1.00201342282
276786,276792,279524,6,2732,2,36000,1.00219619327
276931,279717,279992,2786,275,1,1800,11.1309090909
277109,277119,280515,10,3396,2,36000,1.00294464075
277148,277156,280745,8,3589,2,36000,1.00222903316
277248,277254,280460,6,3206,2,36000,1.00187149095
277303,277309,280408,6,3099,2,36000,1.00193610842
277304,277315,280187,11,2872,2,36000,1.00383008357
277644,277650,281730,6,4080,2,36000,1.00147058824
277673,277679,281187,6,3508,2,36000,1.00171037628
277758,277765,280929,7,3164,2,36000,1.00221238938
277875,277881,280744,6,2863,2,36000,1.00209570381
277943,277950,280747,7,2797,2,36000,1.00250268144
278069,278075,281506,6,3431,2,36000,1.00174876129
278070,278089,282290,19,4201,2,36000,1.00452273268
279514,279520,282326,6,2806,2,36000,1.00213827512
279516,279527,282734,11,3207,2,36000,1.00342999688
279517,279532,282233,15,2701,2,36000,1.0055534987
279518,279537,282513,19,2976,2,36000,1.0063844086
279520,279542,282977,22,3435,2,36000,1.00640465793
279521,279549,283439,28,3890,2,36000,1.00719794344
279523,279554,282286,31,2732,2,36000,1.01134699854
279524,279560,282706,36,3146,2,36000,1.01144310235
279525,279565,282431,40,2866,2,36000,1.01395673412
279527,279570,282548,43,2978,2,36000,1.01443922095
279744,279751,282575,7,2824,2,36000,1.00247875354
279746,279757,282471,11,2714,2,36000,1.00405305822
279747,279762,282809,15,3047,2,36000,1.00492287496
279749,279767,282566,18,2799,2,36000,1.00643086817
279750,279772,282562,22,2790,2,36000,1.00788530466
279751,279778,283042,27,3264,2,36000,1.00827205882
279753,279784,283372,31,3588,2,36000,1.00863991081
279754,279789,283065,35,3276,2,36000,1.01068376068
279755,279795,282662,40,2867,2,36000,1.01395186606
279756,279800,282978,44,3178,2,36000,1.01384518565
279758,279805,283313,47,3508,2,36000,1.01339794755
279759,279810,283195,51,3385,2,36000,1.01506646972
279760,279815,283157,55,3342,2,36000,1.01645721125
279762,279821,283292,59,3471,2,36000,1.01699798329
279763,279826,282662,63,2836,2,36000,1.02221438646
279764,279831,282978,67,3147,2,36000,1.02129011757
279766,279836,282642,70,2806,2,36000,1.02494654312
279767,279841,283071,74,3230,2,36000,1.02291021672
280208,280214,283498,6,3284,2,36000,1.00182704019
280426,280432,283287,6,2855,2,36000,1.00210157618
280480,280486,283648,6,3162,2,36000,1.00189753321
280515,280955,282185,440,1230,1,3600,1.35772357724
280656,280960,281324,304,364,1,1800,1.83516483516
280737,280743,283960,6,3217,2,36000,1.0018650917
280787,280793,283536,6,2743,2,36000,1.00218738607
280788,280799,284999,11,4200,2,36000,1.00261904762
280790,280804,283990,14,3186,2,36000,1.00439422473
280956,280966,283947,10,2981,2,36000,1.003354579
281226,281232,285094,6,3862,2,36000,1.00155359917
281250,281256,281567,6,311,1,1800,1.0192926045
281497,281503,281802,6,299,1,3600,1.02006688963
281517,281524,285090,7,3566,2,36000,1.00196298374
281933,281939,285141,6,3202,2,36000,1.00187382886
282104,282111,282663,7,552,1,3600,1.01268115942
282153,300352,303002,18199,2650,64,7200,7.86754716981
282157,303013,305478,20856,2465,64,7200,9.46085192698
282161,304361,306743,22200,2382,64,7200,10.3198992443
282170,305491,307259,23321,1768,64,7200,14.1906108597
282175,306755,308295,24580,1540,64,7200,16.961038961
282178,307270,308769,25092,1499,64,7200,17.7391594396
282254,282260,285430,6,3170,2,36000,1.00189274448
282314,282321,285429,7,3108,2,36000,1.00225225225
282316,282327,285426,11,3099,2,36000,1.00354953211
282355,282361,285425,6,3064,2,36000,1.00195822454
282442,282453,285485,11,3032,2,36000,1.00362796834
282445,282459,282874,14,415,1,1800,1.03373493976
282501,282507,285716,6,3209,2,36000,1.00186974135
282536,282542,283526,6,984,1,1800,1.00609756098
282544,282551,285999,7,3448,2,36000,1.00203016241
282559,282566,285165,7,2599,2,36000,1.00269334359
282638,282644,286317,6,3673,2,36000,1.00163354206
282640,282650,285729,10,3079,2,36000,1.00324780773
282641,282655,285507,14,2852,2,36000,1.0049088359
282680,282686,286002,6,3316,2,36000,1.00180940893
282681,282692,285621,11,2929,2,36000,1.00375554797
282683,282697,285779,14,3082,2,36000,1.00454250487
282724,282730,286168,6,3438,2,36000,1.0017452007
282752,282758,285685,6,2927,2,36000,1.00204988042
282971,282977,285838,6,2861,2,36000,1.00209716882
283016,283022,285981,6,2959,2,36000,1.00202771206
283017,283028,286371,11,3343,2,36000,1.00329045767
283019,283033,286483,14,3450,2,36000,1.00405797101
283065,283071,286109,6,3038,2,36000,1.00197498354
283066,283077,285983,11,2906,2,36000,1.00378527185
283101,283107,286767,6,3660,2,36000,1.00163934426
283188,283194,286309,6,3115,2,36000,1.00192616372
283257,283263,286183,6,2920,2,36000,1.00205479452
283288,283294,284368,6,1074,1,3600,1.00558659218
283329,283335,286536,6,3201,2,36000,1.00187441425
283330,283341,286197,11,2856,2,36000,1.00385154062
283331,283346,286587,15,3241,2,36000,1.00462820117
283425,283431,286869,6,3438,2,36000,1.0017452007
283469,283475,286445,6,2970,2,36000,1.00202020202
283538,283544,286879,6,3335,2,36000,1.00179910045
283560,283566,286434,6,2868,2,36000,1.00209205021
283671,283677,286826,6,3149,2,36000,1.00190536678
283974,283980,287316,6,3336,2,36000,1.00179856115
283975,283986,288225,11,4239,2,36000,1.00259495164
284680,284686,284869,6,183,1,3600,1.03278688525
284692,284699,285762,7,1063,1,1800,1.00658513641
285083,285090,288224,7,3134,2,36000,1.00223356733
285085,285095,288327,10,3232,2,36000,1.00309405941
285118,285124,285594,6,470,1,3600,1.01276595745
285146,285152,288670,6,3518,2,36000,1.0017055145
285148,285158,288259,10,3101,2,36000,1.0032247662
285149,285163,288750,14,3587,2,36000,1.00390298299
285425,285431,288821,6,3390,2,36000,1.0017699115
285426,285437,288633,11,3196,2,36000,1.00344180225
285427,285442,288111,15,2669,2,36000,1.00562008243
285442,285449,288394,7,2945,2,36000,1.00237691002
285443,285454,288264,11,2810,2,36000,1.00391459075
285512,285518,288636,6,3118,2,36000,1.00192431046
285514,285524,288635,10,3111,2,36000,1.00321440051
285633,285639,289172,6,3533,2,36000,1.00169827342
285727,285733,288668,6,2935,2,36000,1.00204429302
285728,285739,289023,11,3284,2,36000,1.00334957369
285751,285757,288487,6,2730,2,36000,1.0021978022
285811,285817,289094,6,3277,2,36000,1.00183094294
285959,285965,286167,6,202,1,1800,1.0297029703
285973,285979,289019,6,3040,2,36000,1.00197368421
286025,286031,289621,6,3590,2,36000,1.00167130919
286026,286037,289267,11,3230,2,36000,1.00340557276
286027,286042,289077,15,3035,2,36000,1.00494233937
286029,286047,289219,18,3172,2,36000,1.00567465322
286126,286133,289409,7,3276,2,36000,1.00213675214
286180,286186,289407,6,3221,2,36000,1.00186277554
286221,286227,289451,6,3224,2,36000,1.00186104218
286222,286233,289264,11,3031,2,36000,1.00362916529
286275,286281,288027,6,1746,1,3600,1.00343642612
286331,286337,289441,6,3104,2,36000,1.00193298969
286332,286343,289366,11,3023,2,36000,1.00363876943
286387,286393,289408,6,3015,2,36000,1.00199004975
286456,286462,289415,6,2953,2,36000,1.00203183204
286457,286468,289785,11,3317,2,36000,1.00331624962
286502,286508,289665,6,3157,2,36000,1.00190053849
286547,286554,289214,7,2660,2,36000,1.00263157895
286608,286614,289530,6,2916,2,36000,1.00205761317
286785,286791,289759,6,2968,2,36000,1.00202156334
286846,286852,289944,6,3092,2,36000,1.00194049159
286847,286858,287271,11,413,1,1800,1.02663438257
286905,286911,289872,6,2961,2,36000,1.00202634245
286906,286917,290445,11,3528,2,36000,1.00311791383
287336,287343,290305,7,2962,2,36000,1.00236326806
288056,288062,295295,6,7233,14,7200,1.00082953131
288151,288157,291620,6,3463,2,36000,1.00173260179
288256,288262,291812,6,3550,2,36000,1.00169014085
288258,288268,290957,10,2689,2,36000,1.00371885459
288310,288316,291607,6,3291,2,36000,1.00182315406
288312,288322,290996,10,2674,2,36000,1.00373971578
288332,288338,291554,6,3216,2,36000,1.00186567164
288394,288400,291440,6,3040,2,36000,1.00197368421
288628,288634,292025,6,3391,2,36000,1.00176938956
288650,288657,292035,7,3378,2,36000,1.00207223209
288652,288663,291498,11,2835,2,36000,1.00388007055
288653,288668,291521,15,2853,2,36000,1.00525762355
288665,288674,289395,9,721,1,1800,1.01248266297
288665,288683,288953,18,270,1,1800,1.06666666667
288673,288689,291709,16,3020,2,36000,1.00529801325
288674,288695,292894,21,4199,2,36000,1.00500119076
288771,288778,292255,7,3477,2,36000,1.0020132298
288896,288902,292213,6,3311,2,36000,1.00181214135
289036,289042,291815,6,2773,2,36000,1.0021637216
289037,289048,292101,11,3053,2,36000,1.00360301343
289078,289084,292293,6,3209,2,36000,1.00186974135
289104,289110,292326,6,3216,2,36000,1.00186567164
289211,289217,292329,6,3112,2,36000,1.00192802057
289239,289245,292470,6,3225,2,36000,1.00186046512
289240,289251,292776,11,3525,2,36000,1.00312056738
289400,289406,289752,6,346,1,1800,1.01734104046
289400,289411,292079,11,2668,2,36000,1.00412293853
289401,289417,292756,16,3339,2,36000,1.00479185385
289403,289422,293094,19,3672,2,36000,1.00517429194
289483,289489,292808,6,3319,2,36000,1.00180777343
289485,289495,292659,10,3164,2,36000,1.00316055626
289486,289500,293030,14,3530,2,36000,1.00396600567
289487,289505,293181,18,3676,2,36000,1.00489662677
289489,289511,292742,22,3231,2,36000,1.00680903745
289490,289517,292400,27,2883,2,36000,1.00936524454
289559,289565,292404,6,2839,2,36000,1.00211342022
289675,289681,292586,6,2905,2,36000,1.00206540448
289677,289687,292758,10,3071,2,36000,1.00325626832
289777,289783,293103,6,3320,2,36000,1.00180722892
289859,289865,296097,6,6232,2,36000,1.00096277279
289864,289871,293113,7,3242,2,36000,1.00215916101
289893,289899,296104,6,6205,2,36000,1.00096696213
289898,289905,292936,7,3031,2,36000,1.00230946882
289965,289971,292902,6,2931,2,36000,1.00204708291
289985,291631,306806,1646,15175,3,36000,1.10846787479
290103,299729,323802,9626,24073,3,108000,1.39986707099
290329,290335,293506,6,3171,2,36000,1.00189214759
290445,290451,293407,6,2956,2,36000,1.00202976996
290959,290965,294041,6,3076,2,36000,1.00195058518
290997,291003,294274,6,3271,2,36000,1.00183430144
291443,291449,294507,6,3058,2,36000,1.00196206671
291516,291522,292882,6,1360,1,1800,1.00441176471
291520,291528,294553,8,3025,2,36000,1.0026446281
291522,291533,294731,11,3198,2,36000,1.00343964978
291586,291593,294554,7,2961,2,36000,1.00236406619
291642,291648,294372,6,2724,2,36000,1.00220264317
291643,291654,294344,11,2690,2,36000,1.00408921933
291725,291731,294409,6,2678,2,36000,1.00224047797
291827,291833,295464,6,3631,2,36000,1.00165243735
291828,291839,295321,11,3482,2,36000,1.00315910396
291850,291861,291874,11,13,1,1200,1.84615384615
292041,292047,295546,6,3499,2,36000,1.00171477565
292042,292053,295200,11,3147,2,36000,1.00349539244
292098,292104,295218,6,3114,2,36000,1.00192678227
292115,292121,295031,6,2910,2,36000,1.00206185567
292200,292206,303305,6,11099,1,36000,1.00054058924
292215,299734,315113,7519,15379,2,43200,1.48891345341
292268,292274,295645,6,3371,2,36000,1.00177988727
292270,292280,295975,10,3695,2,36000,1.00270635995
292314,292321,295656,7,3335,2,36000,1.00209895052
292378,292384,295572,6,3188,2,36000,1.00188205772
292380,292390,295283,10,2893,2,36000,1.00345661943
292405,292411,295836,6,3425,2,36000,1.00175182482
292406,292417,295640,11,3223,2,36000,1.00341296928
292542,292552,293080,10,528,1,1200,1.01893939394
292542,292558,295673,16,3115,2,36000,1.0051364366
292556,312988,917807,20432,604819,10,604800,1.03378200751
292635,311798,916638,19163,604840,14,604800,1.03168275908
292639,292645,295886,6,3241,2,36000,1.00185128047
292765,292771,296152,6,3381,2,36000,1.00177462289
292766,292777,295846,11,3069,2,36000,1.00358422939
292768,292782,295722,14,2940,2,36000,1.00476190476
292769,292788,296035,19,3247,2,36000,1.00585155528
292887,292893,295862,6,2969,2,36000,1.00202088245
292888,292899,296538,11,3639,2,36000,1.00302280846
292939,292945,296312,6,3367,2,36000,1.00178200178
292940,292951,295897,11,2946,2,36000,1.00373387644
292941,292956,296702,15,3746,2,36000,1.00400427122
293056,293062,296158,6,3096,2,36000,1.0019379845
293116,293122,296200,6,3078,2,36000,1.00194931774
293117,293128,296537,11,3409,2,36000,1.00322675271
293119,293133,296156,14,3023,2,36000,1.0046311611
293259,293265,296673,6,3408,2,36000,1.00176056338
293533,293539,296158,6,2619,2,36000,1.00229095074
293534,293545,296672,11,3127,2,36000,1.00351774864
294122,294129,297333,7,3204,2,36000,1.00218476904
294140,294152,294465,12,313,1,1800,1.03833865815
294287,294293,296869,6,2576,2,36000,1.00232919255
294345,294351,297092,6,2741,2,36000,1.00218898212
294402,294408,297505,6,3097,2,36000,1.00193735873
294441,294447,297986,6,3539,2,36000,1.00169539418
294492,294498,295616,6,1118,2,1800,1.0053667263
294538,294544,297519,6,2975,2,36000,1.00201680672
294574,294580,297486,6,2906,2,36000,1.00206469374
294575,294586,297700,11,3114,2,36000,1.00353243417
294674,294680,295832,6,1152,2,1800,1.00520833333
294689,295306,299776,617,4470,14,7200,1.13803131991
294807,294813,298102,6,3289,2,36000,1.00182426269
295106,295112,297977,6,2865,2,36000,1.00209424084
295134,295140,295460,6,320,2,3600,1.01875
295247,295253,298564,6,3311,2,36000,1.00181214135
295248,295259,297950,11,2691,2,36000,1.00408769974
295272,305009,345352,9737,40343,14,57600,1.24135537764
295304,295312,298410,8,3098,2,36000,1.00258231117
295323,295329,298620,6,3291,2,36000,1.00182315406
295391,312323,345425,16932,33102,20,345600,1.51150987856
295472,295478,298621,6,3143,2,36000,1.00190900414
295529,298632,304478,3103,5846,14,7200,1.53079028395
295569,295575,296265,6,690,2,3600,1.00869565217
295574,295581,298926,7,3345,2,36000,1.00209267564
295575,295586,298659,11,3073,2,36000,1.00357956394
295702,295708,299031,6,3323,2,36000,1.00180559735
295703,295714,298700,11,2986,2,36000,1.003683858
295705,295724,299037,19,3313,2,36000,1.0057349834
295706,295729,298968,23,3239,2,36000,1.00710095709
295857,295863,299206,6,3343,2,36000,1.00179479509
295858,295869,299120,11,3251,2,36000,1.00338357428
295860,295874,298710,14,2836,2,36000,1.00493653032
295936,295942,298773,6,2831,2,36000,1.00211939244
295937,295948,298946,11,2998,2,36000,1.00366911274
295938,295953,299398,15,3445,2,36000,1.00435413643
296005,296011,299103,6,3092,2,36000,1.00194049159
296086,311762,347348,15676,35586,14,57600,1.44051031304
296201,296207,298815,6,2608,2,36000,1.0023006135
296203,296213,298963,10,2750,2,36000,1.00363636364
296204,296218,299251,14,3033,2,36000,1.00461589186
296206,296224,299391,18,3167,2,36000,1.00568361225
296207,296229,299160,22,2931,2,36000,1.00750597066
296232,296238,299021,6,2783,2,36000,1.00215594682
296310,312328,323764,16018,11436,20,345600,2.40066456803
296349,296355,296753,6,398,1,1800,1.01507537688
296523,296529,299680,6,3151,2,36000,1.00190415741
296701,296707,299775,6,3068,2,36000,1.00195567145
296702,296713,299795,11,3082,2,36000,1.00356911097
296703,296718,299798,15,3080,2,36000,1.00487012987
296705,296724,299884,19,3160,2,36000,1.00601265823
296706,296729,299907,23,3178,2,36000,1.00723725614
296893,296899,299705,6,2806,2,36000,1.00213827512
297129,297135,299968,6,2833,2,36000,1.00211789622
297339,297345,300770,6,3425,2,36000,1.00175182482
297488,297494,300302,6,2808,2,36000,1.00213675214
297526,297532,300796,6,3264,2,36000,1.00183823529
297528,297538,300402,10,2864,2,36000,1.00349162011
297726,297733,300536,7,2803,2,36000,1.0024973243
297986,297992,300783,6,2791,2,36000,1.00214976711
297987,297998,300917,11,2919,2,36000,1.00376841384
297988,298003,300694,15,2691,2,36000,1.00557413601
298205,313846,322485,15641,8639,16,345600,2.81051047575
298240,298246,301297,6,3051,2,36000,1.00196656834
298295,317817,323335,19522,5518,16,345600,4.53787604204
298433,298439,301352,6,2913,2,36000,1.00205973223
298466,298482,306315,16,7833,1,36000,1.00204264011
298515,318530,333345,20015,14815,16,345600,2.35099561255
298610,298617,301514,7,2897,2,36000,1.00241629272
298657,299294,303907,637,4613,1,36000,1.13808801214
298659,298665,301703,6,3038,2,36000,1.00197498354
298660,298671,302054,11,3383,2,36000,1.00325155188
298662,298676,302477,14,3801,2,36000,1.00368324125
298698,299740,305505,1042,5765,1,36000,1.18074588031
298719,298725,301935,6,3210,2,36000,1.00186915888
298720,298731,302002,11,3271,2,36000,1.00336288597
298771,339706,411348,40935,71642,16,172800,1.57138270847
298787,298793,302101,6,3308,2,36000,1.00181378476
298822,298828,301998,6,3170,2,36000,1.00189274448
298927,298933,301959,6,3026,2,36000,1.0019828156
298948,298954,302036,6,3082,2,36000,1.0019467878
298971,298977,302124,6,3147,2,36000,1.00190657769
298972,298983,300321,11,1338,2,3600,1.00822122571
298973,298988,302150,15,3162,2,36000,1.00474383302
298993,312333,312956,13340,623,20,172800,22.4125200642
298994,299000,300340,6,1340,2,3600,1.00447761194
299021,299027,302470,6,3443,2,36000,1.00174266628
299026,299033,300375,7,1342,2,3600,1.00521609538
299036,299042,301909,6,2867,2,36000,1.00209277991
299037,299048,301847,11,2799,2,36000,1.00392997499
299104,299115,302132,11,3017,2,36000,1.00364600597
299121,299132,302127,11,2995,2,36000,1.00367278798
299162,299172,301840,10,2668,2,36000,1.00374812594
299207,299217,302735,10,3518,2,36000,1.00284252416
299220,299227,302955,7,3728,1,3600,1.0018776824
299253,299262,302479,9,3217,2,36000,1.00279763755
299259,312968,312977,13709,9,20,86400,1371.8
299391,299402,302585,11,3183,2,36000,1.00345585925
299406,299412,302133,6,2721,2,36000,1.00220507166
299681,299691,303176,10,3485,2,36000,1.00286944046
299708,299716,302619,8,2903,2,36000,1.00275576989
299777,299786,303244,9,3458,2,36000,1.0026026605
299798,299806,302346,8,2540,2,36000,1.0031496063
299800,299812,302695,12,2883,2,36000,1.00416233091
299885,299895,302500,10,2605,2,36000,1.00383877159
299909,299918,302493,9,2575,2,36000,1.00349514563
299970,299980,303109,10,3129,2,36000,1.00319590924
300305,300314,303160,9,2846,2,36000,1.0031623331
300404,300413,303410,9,2997,2,36000,1.003003003
300538,300547,303490,9,2943,2,36000,1.00305810398
300695,300701,303543,6,2842,2,36000,1.0021111893
300770,300776,303740,6,2964,2,36000,1.0020242915
300785,300791,303899,6,3108,2,36000,1.00193050193
300800,300806,303822,6,3016,2,36000,1.00198938992
300864,301146,387159,282,86013,6,172800,1.00327857417
300919,300925,303772,6,2847,2,36000,1.00210748156
301126,301151,301286,25,135,1,36000,1.18518518519
301312,301318,304418,6,3100,2,36000,1.00193548387
301361,301367,304339,6,2972,2,36000,1.00201884253
301514,301521,304375,7,2854,2,36000,1.00245269797
301521,301528,301563,7,35,1,1200,1.2
301704,301710,305045,6,3335,2,36000,1.00179910045
301840,301846,305031,6,3185,2,36000,1.00188383046
301854,301861,305209,7,3348,2,36000,1.00209080048
301909,301915,304720,6,2805,2,36000,1.00213903743
301936,301942,305347,6,3405,2,36000,1.00176211454
301960,301966,305057,6,3091,2,36000,1.00194111938
301999,302005,304990,6,2985,2,36000,1.00201005025
302013,302020,304857,7,2837,2,36000,1.00246739514
302037,302044,304873,7,2829,2,36000,1.00247437257
302055,302061,304894,6,2833,2,36000,1.00211789622
302100,302107,305425,7,3318,2,36000,1.00210970464
302125,302131,305639,6,3508,2,36000,1.00171037628
302140,302146,305051,6,2905,2,36000,1.00206540448
302141,302152,305013,11,2861,2,36000,1.00384480951
302143,302157,305552,14,3395,2,36000,1.00412371134
302157,302163,304942,6,2779,2,36000,1.00215905002
302344,302350,305365,6,3015,2,36000,1.00199004975
302475,302481,305763,6,3282,2,36000,1.00182815356
302491,302497,305940,6,3443,2,36000,1.00174266628
302492,302503,305208,11,2705,2,36000,1.00406654344
302507,302513,305685,6,3172,2,36000,1.00189155107
302508,302519,305125,11,2606,2,36000,1.0042210284
302587,302593,305340,6,2747,2,36000,1.00218420095
302633,302640,305519,7,2879,2,36000,1.00243139979
302697,302703,305805,6,3102,2,36000,1.00193423598
302736,302742,305478,6,2736,2,36000,1.00219298246
302952,303300,308221,348,4921,2,43200,1.07071733388
303110,303116,305916,6,2800,2,36000,1.00214285714
303161,303167,306184,6,3017,2,36000,1.00198873053
303179,303186,306152,7,2966,2,36000,1.00236008092
303249,303255,306171,6,2916,2,36000,1.00205761317
303293,308310,311734,5017,3424,64,36000,2.4652453271
303390,313841,357055,10451,43214,12,43200,1.24184292128
303412,303418,306926,6,3508,2,36000,1.00171037628
303491,303497,306852,6,3355,2,36000,1.00178837556
303543,303549,306689,6,3140,2,36000,1.00191082803
303742,303748,306402,6,2654,2,36000,1.00226073851
303772,303779,306597,7,2818,2,36000,1.00248403123
303824,303830,306644,6,2814,2,36000,1.00213219616
303899,303905,306632,6,2727,2,36000,1.00220022002
304339,304345,307151,6,2806,2,36000,1.00213827512
304375,304382,307321,7,2939,2,36000,1.0023817625
304418,304424,307231,6,2807,2,36000,1.00213751336
304722,304728,307821,6,3093,2,36000,1.00193986421
304769,304776,304777,7,1,2,1800,1.0
304857,304863,307733,6,2870,2,36000,1.00209059233
304871,304877,305584,6,707,2,1800,1.00848656294
304875,304883,307885,8,3002,2,36000,1.00266489007
304893,304899,308051,6,3152,2,36000,1.0019035533
304944,304951,307643,7,2692,2,36000,1.00260029718
304990,304996,308272,6,3276,2,36000,1.00183150183
305003,308780,312312,3777,3532,64,36000,2.06936579841
305014,305020,308360,6,3340,2,36000,1.00179640719
305032,305038,308251,6,3213,2,36000,1.00186741363
305047,305053,308009,6,2956,2,36000,1.00202976996
305062,305068,307977,6,2909,2,36000,1.00206256446
305063,305074,308298,11,3224,2,36000,1.00341191067
305097,311746,313830,6649,2084,32,61200,4.19049904031
305124,305130,307841,6,2711,2,36000,1.00221320546
305183,305189,306143,6,954,2,1800,1.00628930818
305210,305216,308223,6,3007,2,36000,1.0019953442
305211,305222,308420,11,3198,2,36000,1.00343964978
305341,305347,308122,6,2775,2,36000,1.00216216216
305356,305362,308846,6,3484,2,36000,1.00172215844
305370,305376,308196,6,2820,2,36000,1.00212765957
305425,305431,308484,6,3053,2,36000,1.00196528005
305479,305485,308762,6,3277,2,36000,1.00183094294
305521,305528,308660,7,3132,2,36000,1.00223499361
305551,305558,308368,7,2810,2,36000,1.0024911032
305642,305648,308943,6,3295,2,36000,1.00182094082
305687,305693,308925,6,3232,2,36000,1.00185643564
305762,305768,308679,6,2911,2,36000,1.00206114737
305805,305811,308684,6,2873,2,36000,1.00208840933
305916,305923,308920,7,2997,2,36000,1.002335669
305941,305947,308769,6,2822,2,36000,1.00212615167
306155,306161,309159,6,2998,2,36000,1.00200133422
306172,306179,309171,7,2992,2,36000,1.00233957219
306187,306193,308898,6,2705,2,36000,1.0022181146
306223,306817,307351,594,534,4,7200,2.11235955056
306247,313851,318300,7604,4449,14,7200,2.70914812317
306332,306338,306868,6,530,4,3600,1.01132075472
306401,306407,309185,6,2778,2,36000,1.00215982721
306405,306413,306941,8,528,4,3600,1.01515151515
306527,306879,308023,352,1144,4,3600,1.30769230769
306600,306606,309677,6,3071,2,36000,1.00195376099
306634,306640,309947,6,3307,2,36000,1.00181433323
306649,306655,309423,6,2768,2,36000,1.00216763006
306688,306695,309649,7,2954,2,36000,1.00236966825
306852,306858,309523,6,2665,2,36000,1.00225140713
306924,306930,310196,6,3266,2,36000,1.00183710961
307153,307159,310791,6,3632,2,36000,1.00165198238
307231,307237,310455,6,3218,2,36000,1.00186451212
307251,307834,315582,583,7748,2,72000,1.07524522457
307321,307327,310135,6,2808,2,36000,1.00213675214
307644,307650,310683,6,3033,2,36000,1.00197823937
307734,307740,311232,6,3492,2,36000,1.00171821306
307822,307828,310748,6,2920,2,36000,1.00205479452
307840,307852,311338,12,3486,2,36000,1.00344234079
307885,307896,310399,11,2503,2,36000,1.00439472633
307978,307988,311037,10,3049,2,36000,1.00327976386
308011,308020,311039,9,3019,2,36000,1.00298111958
308054,308062,310941,8,2879,2,36000,1.00277874262
308123,308133,311290,10,3157,2,36000,1.00316756414
308198,308207,311283,9,3076,2,36000,1.00292587776
308225,308231,310895,6,2664,2,36000,1.00225225225
308256,308262,311602,6,3340,2,36000,1.00179640719
308274,308280,311025,6,2745,2,36000,1.00218579235
308298,308304,311712,6,3408,2,36000,1.00176056338
308332,308671,313864,339,5193,1,36000,1.06528018486
308361,308367,311719,6,3352,2,36000,1.00178997613
308376,308383,311619,7,3236,2,36000,1.0021631644
308421,308427,311070,6,2643,2,36000,1.00227014756
308484,308490,311279,6,2789,2,36000,1.00215130871
308659,308665,311628,6,2963,2,36000,1.00202497469
308681,308687,311641,6,2954,2,36000,1.00203114421
308695,308702,311897,7,3195,2,36000,1.00219092332
308765,308771,311459,6,2688,2,36000,1.00223214286
308780,308786,311767,6,2981,2,36000,1.0020127474
308847,308853,311830,6,2977,2,36000,1.0020154518
308898,308904,312308,6,3404,2,36000,1.0017626322
308922,308928,312302,6,3374,2,36000,1.00177830468
308938,308944,311681,6,2737,2,36000,1.00219218122
308952,308958,311927,6,2969,2,36000,1.00202088245
309113,314627,321317,5514,6690,2,72000,1.82421524664
309160,309169,311736,9,2567,2,36000,1.00350603818
309175,309181,313305,6,4124,2,36000,1.00145489816
309190,309196,312447,6,3251,2,36000,1.00184558597
309426,314830,315469,5404,639,2,72000,9.45696400626
309426,309432,312403,6,2971,2,36000,1.00201952205
309523,309529,312309,6,2780,2,36000,1.00215827338
309650,309656,312645,6,2989,2,36000,1.00200736032
309678,309684,312826,6,3142,2,36000,1.00190961171
309949,309955,313217,6,3262,2,36000,1.00183936235
310135,310142,312755,7,2613,2,36000,1.00267891313
310199,310205,313233,6,3028,2,36000,1.00198150594
310401,310407,313321,6,2914,2,36000,1.00205902539
310456,310462,313488,6,3026,2,36000,1.0019828156
310685,310691,313868,6,3177,2,36000,1.00188857413
310749,310755,314058,6,3303,2,36000,1.00181653043
310791,310797,313935,6,3138,2,36000,1.00191204589
310897,310903,313959,6,3056,2,36000,1.00196335079
310942,310948,313877,6,2929,2,36000,1.00204848071
311026,311032,314272,6,3240,2,36000,1.00185185185
311041,311047,314041,6,2994,2,36000,1.00200400802
311042,311053,313851,11,2798,2,36000,1.00393137956
311072,311079,314095,7,3016,2,36000,1.00232095491
311232,311238,313957,6,2719,2,36000,1.00220669364
311280,311286,314101,6,2815,2,36000,1.00213143872
311295,311301,314148,6,2847,2,36000,1.00210748156
311297,311307,314337,10,3030,2,36000,1.00330033003
311339,311345,314627,6,3282,2,36000,1.00182815356
311460,311466,314767,6,3301,2,36000,1.00181763102
311604,311610,314897,6,3287,2,36000,1.00182537268
311619,311626,314645,7,3019,2,36000,1.00231864856
311629,311635,311667,6,32,2,3600,1.1875
311634,311641,314581,7,2940,2,36000,1.00238095238
311646,311652,311661,6,9,1,600,1.5
311649,311658,314438,9,2780,2,36000,1.00323741007
311682,311688,314734,6,3046,2,36000,1.00196979645
311712,311718,314912,6,3194,2,36000,1.00187852223
311727,311733,314534,6,2801,2,36000,1.00214209211
311742,311768,314789,26,3021,2,36000,1.00860642171
311769,311775,315000,6,3225,2,36000,1.00186046512
311806,311812,311828,6,16,2,3600,1.375
311832,311838,314819,6,2981,2,36000,1.0020127474
311898,311905,314614,7,2709,2,36000,1.00258397933
311934,311941,315131,7,3190,2,36000,1.00219435737
311942,312344,316645,402,4301,2,28800,1.09346663567
312121,312339,312385,218,46,2,3600,5.73913043478
312303,312309,315501,6,3192,2,36000,1.00187969925
312318,312350,315115,32,2765,2,36000,1.01157323689
312319,312355,315582,36,3227,2,36000,1.01115587233
312404,312410,315609,6,3199,2,36000,1.00187558612
312449,312456,315795,7,3339,2,36000,1.00209643606
312626,312993,313006,367,13,2,3600,29.2307692308
312645,312651,316281,6,3630,2,36000,1.00165289256
312756,312763,315503,7,2740,2,36000,1.00255474453
312826,312832,315575,6,2743,2,36000,1.00218738607
313219,313225,316191,6,2966,2,36000,1.0020229265
313234,313240,316143,6,2903,2,36000,1.00206682742
313306,313312,316290,6,2978,2,36000,1.00201477502
313321,313327,316112,6,2785,2,36000,1.00215439856
313491,313497,316341,6,2844,2,36000,1.00210970464
313853,313859,316842,6,2983,2,36000,1.00201139792
313868,313874,316971,6,3097,2,36000,1.00193735873
313883,313889,317061,6,3172,2,36000,1.00189155107
313937,313943,316705,6,2762,2,36000,1.00217233888
313958,313964,316634,6,2670,2,36000,1.00224719101
313959,313970,317116,11,3146,2,36000,1.0034965035
314041,314047,317128,6,3081,2,36000,1.00194741967
314059,314065,317165,6,3100,2,36000,1.00193548387
314095,314101,316853,6,2752,2,36000,1.00218023256
314110,314116,317604,6,3488,2,36000,1.00172018349
314149,314155,317071,6,2916,2,36000,1.00205761317
314270,315124,327982,854,12858,2,43200,1.06641779437
314272,314278,317311,6,3033,2,36000,1.00197823937
314338,314344,316909,6,2565,2,36000,1.00233918129
314438,314444,317237,6,2793,2,36000,1.00214822771
314534,314540,317838,6,3298,2,36000,1.00181928441
314569,315480,331886,911,16406,2,43200,1.0555284652
314582,314589,317547,7,2958,2,36000,1.00236646383
314615,314621,317757,6,3136,2,36000,1.00191326531
314630,314636,318337,6,3701,2,36000,1.00162118346
314645,314651,317976,6,3325,2,36000,1.00180451128
314735,314742,317738,7,2996,2,36000,1.0023364486
314769,314775,317607,6,2832,2,36000,1.00211864407
314789,314796,317908,7,3112,2,36000,1.00224935733
314817,314824,315423,7,599,1,3600,1.01168614357
314820,314835,318067,15,3232,2,36000,1.00464108911
314898,314904,317789,6,2885,2,36000,1.0020797227
314913,314919,317794,6,2875,2,36000,1.00208695652
315000,315006,317945,6,2939,2,36000,1.00204151072
315118,315129,318210,11,3081,2,36000,1.00357026939
315133,315139,318360,6,3221,2,36000,1.00186277554
315334,315593,320847,259,5254,2,28800,1.04929577465
315504,315510,318099,6,2589,2,36000,1.0023174971
315505,315516,318885,11,3369,2,36000,1.00326506382
315575,315581,318724,6,3143,2,36000,1.00190900414
315590,315599,318452,9,2853,2,36000,1.00315457413
315608,315614,318962,6,3348,2,36000,1.0017921147
315798,315804,318889,6,3085,2,36000,1.00194489465
316023,316656,317014,633,358,4,1800,2.76815642458
316115,316121,319354,6,3233,2,36000,1.00185586143
316145,316151,319103,6,2952,2,36000,1.00203252033
316157,317025,317766,868,741,4,1800,2.1713900135
316191,316197,319167,6,2970,2,36000,1.00202020202
316282,316288,319192,6,2904,2,36000,1.0020661157
316297,316303,319284,6,2981,2,36000,1.0020127474
316343,316349,319316,6,2967,2,36000,1.00202224469
316345,345442,352380,29097,6938,2,43200,5.19385990199
316388,316394,316490,6,96,2,3600,1.0625
316611,345447,366778,28836,21331,2,43200,2.35183535699
316636,316642,319359,6,2717,2,36000,1.002208318
316707,316713,320125,6,3412,2,36000,1.00175849941
316843,316849,319940,6,3091,2,36000,1.00194111938
316858,316864,319938,6,3074,2,36000,1.00195185426
316913,316919,320134,6,3215,2,36000,1.00186625194
316959,317777,318166,818,389,4,600,3.1028277635
316971,316977,320133,6,3156,2,36000,1.00190114068
317061,317067,319779,6,2712,2,36000,1.00221238938
317076,317082,319540,6,2458,2,36000,1.00244100895
317119,317125,319935,6,2810,2,36000,1.00213523132
317135,317142,320131,7,2989,2,36000,1.00234192037
317166,317172,320028,6,2856,2,36000,1.00210084034
317235,317241,320247,6,3006,2,36000,1.00199600798
317314,317320,320086,6,2766,2,36000,1.0021691974
317549,317556,320457,7,2901,2,36000,1.00241296105
317609,317615,320824,6,3209,2,36000,1.00186974135
317610,317621,320707,11,3086,2,36000,1.00356448477
317738,317745,320608,7,2863,2,36000,1.00244498778
317757,317763,320439,6,2676,2,36000,1.00224215247
317790,317796,320705,6,2909,2,36000,1.00206256446
317801,345453,345468,27652,15,2,43200,1844.46666667
317805,317811,320399,6,2588,2,36000,1.00231839258
317840,317846,320913,6,3067,2,36000,1.0019563091
317910,317917,320804,7,2887,2,36000,1.00242466228
317914,318177,318519,263,342,4,1800,1.76900584795
317947,317953,321246,6,3293,2,36000,1.00182204677
317978,317984,320974,6,2990,2,36000,1.00200668896
318069,318075,320688,6,2613,2,36000,1.00229621125
318099,318105,321129,6,3024,2,36000,1.00198412698
318211,318217,321410,6,3193,2,36000,1.00187911055
318338,318345,321602,7,3257,2,36000,1.00214921707
318363,318369,320995,6,2626,2,36000,1.00228484387
318454,318460,321844,6,3384,2,36000,1.00177304965
318726,318732,321428,6,2696,2,36000,1.00222551929
318887,318894,322099,7,3205,2,36000,1.00218408736
318902,318908,321976,6,3068,2,36000,1.00195567145
318963,318969,322350,6,3381,2,36000,1.00177462289
319022,345458,354640,26436,9182,2,72000,3.87911130473
319100,319106,322131,6,3025,2,36000,1.00198347107
319170,319177,322374,7,3197,2,36000,1.00218955271
319192,319198,322345,6,3147,2,36000,1.00190657769
319283,345437,501217,26154,155780,4,172800,1.16789061497
319285,319292,322356,7,3064,2,36000,1.0022845953
319316,319322,322017,6,2695,2,36000,1.00222634508
319355,319361,322932,6,3571,2,36000,1.00168020162
319370,319377,322513,7,3136,2,36000,1.00223214286
319542,319548,322996,6,3448,2,36000,1.00174013921
319718,323775,327890,4057,4115,32,61200,1.98590522479
319781,319787,322895,6,3108,2,36000,1.00193050193
319935,319942,322664,7,2722,2,36000,1.0025716385
319951,319957,323170,6,3213,2,36000,1.00186741363
319952,319963,322688,11,2725,2,36000,1.00403669725
320031,320037,323125,6,3088,2,36000,1.00194300518
320085,320091,323150,6,3059,2,36000,1.0019614253
320127,320134,323271,7,3137,2,36000,1.0022314313
320143,320149,322967,6,2818,2,36000,1.00212916962
320144,320155,322849,11,2694,2,36000,1.00408314774
320146,320160,323038,14,2878,2,36000,1.00486448923
320201,345463,349623,25262,4160,2,43200,7.07259615385
320248,320255,322997,7,2742,2,36000,1.00255288111
320347,322496,325417,2149,2921,16,7200,1.73570694967
320399,320406,323569,7,3163,2,36000,1.00221308884
320448,320454,323277,6,2823,2,36000,1.00212539851
320463,320469,323558,6,3089,2,36000,1.00194237617
320608,320614,323909,6,3295,2,36000,1.00182094082
320689,320695,323628,6,2933,2,36000,1.00204568701
320707,320714,324098,7,3384,2,36000,1.00206855792
320709,320720,323789,11,3069,2,36000,1.00358422939
320740,345468,358543,24728,13075,2,43200,2.89124282983
320805,320811,323938,6,3127,2,36000,1.00191877199
320823,320829,323433,6,2604,2,36000,1.00230414747
320913,320919,323995,6,3076,2,36000,1.00195058518
320974,320980,323904,6,2924,2,36000,1.00205198358
320995,321001,323898,6,2897,2,36000,1.00207110804
321130,321136,324340,6,3204,2,36000,1.00187265918
321248,321254,324418,6,3164,2,36000,1.00189633375
321410,321416,324204,6,2788,2,36000,1.00215208034
321428,321434,324368,6,2934,2,36000,1.00204498978
321603,321609,324697,6,3088,2,36000,1.00194300518
321847,321853,325508,6,3655,2,36000,1.00164158687
321977,321983,325122,6,3139,2,36000,1.00191143676
322019,322025,324802,6,2777,2,36000,1.00216060497
322042,327901,432717,5859,104816,18,259200,1.05589795451
322067,328078,467412,6011,139334,18,259200,1.04314094191
322095,333357,412504,11262,79147,18,259200,1.14229219048
322100,322106,325015,6,2909,2,36000,1.00206256446
322133,322139,325104,6,2965,2,36000,1.00202360877
322347,322353,325268,6,2915,2,36000,1.00205831904
322362,322368,325586,6,3218,2,36000,1.00186451212
322363,322374,325153,11,2779,2,36000,1.00395825837
322378,322384,325312,6,2928,2,36000,1.00204918033
322514,322520,325206,6,2686,2,36000,1.00223380491
322665,322671,325684,6,3013,2,36000,1.00199137073
322685,345473,357013,22788,11540,2,72000,2.97469670711
322689,322695,325527,6,2832,2,36000,1.00211864407
322848,322855,326068,7,3213,2,36000,1.00217864924
322897,322903,326344,6,3441,2,36000,1.00174367916
322933,322939,325935,6,2996,2,36000,1.00200267023
322966,322972,325840,6,2868,2,36000,1.00209205021
322992,345478,357064,22486,11586,2,72000,2.94079060936
322996,323002,326080,6,3078,2,36000,1.00194931774
322997,323008,325656,11,2648,2,36000,1.00415407855
323040,323046,325841,6,2795,2,36000,1.00214669052
323127,323133,326099,6,2966,2,36000,1.0020229265
323151,323157,326177,6,3020,2,36000,1.00198675497
323172,323178,325721,6,2543,2,36000,1.00235941801
323241,345485,354220,22244,8735,2,72000,3.54653692044
323271,323277,326568,6,3291,2,36000,1.00182315406
323286,323292,326358,6,3066,2,36000,1.00195694716
323433,323440,326372,7,2932,2,36000,1.00238744884
323560,323566,326368,6,2802,2,36000,1.00214132762
323575,323580,326431,5,2851,2,36000,1.00175377061
323629,323635,326325,6,2690,2,36000,1.00223048327
323791,323798,326957,7,3159,2,36000,1.0022158911
323900,323906,326998,6,3092,2,36000,1.00194049159
323915,323921,326771,6,2850,2,36000,1.00210526316
323916,323927,327075,11,3148,2,36000,1.00349428208
323941,323947,326834,6,2887,2,36000,1.00207828195
323998,324004,326618,6,2614,2,36000,1.00229533282
324100,324106,327090,6,2984,2,36000,1.00201072386
324206,324212,327676,6,3464,2,36000,1.00173210162
324232,325561,411490,1329,85929,36,129600,1.01546625703
324341,324347,327153,6,2806,2,36000,1.00213827512
324368,324374,327191,6,2817,2,36000,1.00212992545
324419,324425,327615,6,3190,2,36000,1.00188087774
324696,324703,327540,7,2837,2,36000,1.00246739514
324721,324728,324817,7,89,14,9960,1.07865168539
324802,324808,327908,6,3100,2,36000,1.00193548387
324815,324822,324832,7,10,1,900,1.7
324827,324833,324972,6,139,14,9960,1.04316546763
324970,324976,324987,6,11,1,900,1.54545454545
324980,324986,325201,6,215,14,9960,1.02790697674
325016,325022,328019,6,2997,2,36000,1.002002002
325103,325110,328172,7,3062,2,36000,1.00228608752
325124,325130,328716,6,3586,2,36000,1.00167317345
325154,325161,328428,7,3267,2,36000,1.00214263851
325198,325204,325214,6,10,1,900,1.6
325206,325211,328004,5,2793,2,36000,1.00179018976
325210,325218,325351,8,133,14,9960,1.06015037594
325270,325276,328290,6,3014,2,36000,1.00199071002
325312,325318,328105,6,2787,2,36000,1.00215285253
325348,325354,325365,6,11,1,900,1.54545454545
325359,325365,325532,6,167,14,9960,1.03592814371
325508,325514,328541,6,3027,2,36000,1.00198216056
325526,325532,328819,6,3287,2,36000,1.00182537268
325530,325538,325550,8,12,1,900,1.66666666667
325541,327906,328054,2365,148,14,9960,16.9797297297
325588,325594,328777,6,3183,2,36000,1.00188501414
325657,325663,328694,6,3031,2,36000,1.0019795447
325684,325691,328767,7,3076,2,36000,1.0022756827
325723,325730,328985,7,3255,2,36000,1.00215053763
325841,325847,328587,6,2740,2,36000,1.00218978102
325842,325853,329176,11,3323,2,36000,1.00331026181
325936,325942,328748,6,2806,2,36000,1.00213827512
326069,326075,329032,6,2957,2,36000,1.00202908353
326084,326090,329488,6,3398,2,36000,1.00176574456
326098,326105,328900,7,2795,2,36000,1.00250447227
326180,326186,329680,6,3494,2,36000,1.00171722954
326327,326334,329371,7,3037,2,36000,1.00230490616
326345,326351,329612,6,3261,2,36000,1.0018399264
326360,326366,329650,6,3284,2,36000,1.00182704019
326375,326381,329819,6,3438,2,36000,1.0017452007
326376,326387,329640,11,3253,2,36000,1.00338149401
326434,326443,329460,9,3017,2,36000,1.00298309579
326569,326579,329533,10,2954,2,36000,1.00338524035
326620,326629,329744,9,3115,2,36000,1.00288924559
326771,326782,329697,11,2915,2,36000,1.00377358491
326834,326845,329712,11,2867,2,36000,1.00383676317
326958,326968,329878,10,2910,2,36000,1.00343642612
327000,327009,330704,9,3695,2,36000,1.00243572395
327076,327087,330501,11,3414,2,36000,1.00322202695
327091,327102,330836,11,3734,2,36000,1.00294590252
327154,327165,330285,11,3120,2,36000,1.00352564103
327193,327202,330239,9,3037,2,36000,1.00296345077
327542,327551,330317,9,2766,2,36000,1.0032537961
327614,327626,331095,12,3469,2,36000,1.00345921015
327677,327687,330431,10,2744,2,36000,1.00364431487
327910,327920,331234,10,3314,2,36000,1.00301750151
328006,328015,331582,9,3567,2,36000,1.00252312868
328021,328030,331346,9,3316,2,36000,1.00271411339
328052,328058,328066,6,8,1,900,1.4
328065,345384,345543,17319,159,14,9960,109.924528302
328106,328116,331247,10,3131,2,36000,1.00319386777
328172,328183,330989,11,2806,2,36000,1.00392017106
328289,328301,331624,12,3323,2,36000,1.0036111947
328428,328440,331778,12,3338,2,36000,1.00359496705
328542,328552,331447,10,2895,2,36000,1.00345423143
328587,328598,331194,11,2596,2,36000,1.00423728814
328696,328706,331679,10,2973,2,36000,1.00336360579
328717,328727,331989,10,3262,2,36000,1.00306560392
328747,328759,331533,12,2774,2,36000,1.0043258832
328768,328779,331634,11,2855,2,36000,1.00385288967
328783,328789,332085,6,3296,2,36000,1.00182038835
328819,328830,331578,11,2748,2,36000,1.00400291121
328901,328911,332102,10,3191,2,36000,1.00313381385
328988,328997,332182,9,3185,2,36000,1.00282574568
329034,329044,331887,10,2843,2,36000,1.00351741119
329176,329187,332028,11,2841,2,36000,1.0038718761
329372,329383,329955,11,572,2,36000,1.01923076923
329462,329471,330000,9,529,2,36000,1.01701323251
329489,329499,330141,10,642,2,36000,1.01557632399
329534,329545,330077,11,532,2,36000,1.02067669173
329613,329623,330163,10,540,2,36000,1.01851851852
329640,329651,330198,11,547,2,36000,1.02010968921
329655,329661,330176,6,515,2,36000,1.01165048544
329682,329691,330241,9,550,2,36000,1.01636363636
329699,329709,330231,10,522,2,36000,1.01915708812
332399,332405,332407,6,2,2,3540,1.0
333666,333672,336600,6,2928,2,36000,1.00204918033
333668,333678,336430,10,2752,2,36000,1.00363372093
333669,333683,336708,14,3025,2,36000,1.00462809917
333670,333688,336413,18,2725,2,36000,1.00660550459
333671,333693,336859,22,3166,2,36000,1.00694883133
333673,333700,336730,27,3030,2,36000,1.00891089109
333674,333705,336574,31,2869,2,36000,1.01080515859
333675,333710,336934,35,3224,2,36000,1.0108560794
333677,333715,336701,38,2986,2,36000,1.01272605492
333678,333720,337102,42,3382,2,36000,1.01241868717
333679,333725,336679,46,2954,2,36000,1.01557210562
333681,333731,336586,50,2855,2,36000,1.01751313485
333682,333736,336497,54,2761,2,36000,1.01955813111
333683,333741,337117,58,3376,2,36000,1.01718009479
333685,333746,336936,61,3190,2,36000,1.01912225705
333686,333751,336774,65,3023,2,36000,1.02150181938
333687,333757,336671,70,2914,2,36000,1.02402196294
333689,333762,336897,73,3135,2,36000,1.02328548644
333690,333767,336944,77,3177,2,36000,1.02423670129
333691,333772,336782,81,3010,2,36000,1.026910299
333693,333777,336446,84,2669,2,36000,1.0314724616
333694,333782,337043,88,3261,2,36000,1.02698558724
333695,333788,337013,93,3225,2,36000,1.0288372093
333697,333793,336557,96,2764,2,36000,1.03473227207
333698,333798,336544,100,2746,2,36000,1.03641660597
333699,333803,336846,104,3043,2,36000,1.03417679921
333701,333809,336666,108,2857,2,36000,1.03780189009
333702,333814,336810,112,2996,2,36000,1.03738317757
333703,333819,336856,116,3037,2,36000,1.03819558775
333704,333824,336969,120,3145,2,36000,1.03815580286
333706,333829,336444,123,2615,2,36000,1.04703632887
333707,333834,336896,127,3062,2,36000,1.04147615937
333708,333840,336955,132,3115,2,36000,1.04237560193
333710,333845,337072,135,3227,2,36000,1.04183452123
333711,333850,336782,139,2932,2,36000,1.04740791269
333712,333855,336590,143,2735,2,36000,1.05228519196
333714,333860,336633,146,2773,2,36000,1.05265055896
333715,333866,336583,151,2717,2,36000,1.05557600294
333716,333871,336662,155,2791,2,36000,1.0555356503
333718,333876,337480,158,3604,2,36000,1.04384017758
334466,347457,348458,12991,1001,14,7200,13.978021978
335288,345363,345373,10075,10,12,540000,1008.5
336413,336424,339678,11,3254,2,36000,1.00338045482
336431,336441,339420,10,2979,2,36000,1.00335683115
336445,336455,339579,10,3124,2,36000,1.00320102433
336447,336461,339407,14,2946,2,36000,1.00475220638
336498,336508,339303,10,2795,2,36000,1.00357781753
336546,336555,339363,9,2808,2,36000,1.00320512821
336561,336569,339360,8,2791,2,36000,1.00286635614
336575,336586,339614,11,3028,2,36000,1.0036327609
336591,336597,340394,6,3797,2,36000,1.00158019489
336592,336603,339691,11,3088,2,36000,1.00356217617
336594,336608,339670,14,3062,2,36000,1.00457217505
336608,336614,339798,6,3184,2,36000,1.00188442211
336635,336644,339515,9,2871,2,36000,1.00313479624
336662,336675,339608,13,2933,2,36000,1.00443232185
336678,336683,339835,5,3152,2,36000,1.00158629442
336679,336689,339403,10,2714,2,36000,1.00368459838
336694,336700,339818,6,3118,2,36000,1.00192431046
336709,336715,339593,6,2878,2,36000,1.0020847811
336710,336721,339761,11,3040,2,36000,1.00361842105
336731,336742,339537,11,2795,2,36000,1.00393559928
336776,336786,339656,10,2870,2,36000,1.00348432056
336791,336797,339484,6,2687,2,36000,1.00223297358
336792,336803,340031,11,3228,2,36000,1.00340768278
336813,336822,339660,9,2838,2,36000,1.00317124736
336846,336857,340248,11,3391,2,36000,1.00324388086
336861,336867,340168,6,3301,2,36000,1.00181763102
336862,336873,340415,11,3542,2,36000,1.00310559006
336898,336907,339630,9,2723,2,36000,1.00330517811
336900,336913,340156,13,3243,2,36000,1.00400863398
336936,336945,339750,9,2805,2,36000,1.00320855615
336937,336951,339901,14,2950,2,36000,1.00474576271
336952,336958,340076,6,3118,2,36000,1.00192431046
336967,336973,340103,6,3130,2,36000,1.00191693291
336968,336980,340027,12,3047,2,36000,1.00393829997
337013,337024,339966,11,2942,2,36000,1.00373895309
337043,337055,339983,12,2928,2,36000,1.00409836066
337073,337084,339907,11,2823,2,36000,1.00389656394
337103,337113,340145,10,3032,2,36000,1.00329815303
337117,337128,339767,11,2639,2,36000,1.00416824555
337479,337491,340380,12,2889,2,36000,1.0041536864
339304,339314,342449,10,3135,2,36000,1.00318979266
339361,339371,342316,10,2945,2,36000,1.00339558574
339376,339382,342386,6,3004,2,36000,1.00199733688
339406,339414,342359,8,2945,2,36000,1.00271646859
339407,339420,342401,13,2981,2,36000,1.0043609527
339422,339431,342518,9,3087,2,36000,1.0029154519
339485,339496,342503,11,3007,2,36000,1.00365813103
339515,339526,342455,11,2929,2,36000,1.00375554797
339536,339548,342978,12,3430,2,36000,1.00349854227
339581,339590,342524,9,2934,2,36000,1.00306748466
339596,339604,342525,8,2921,2,36000,1.00273878809
339611,339620,342871,9,3251,2,36000,1.00276837896
339625,339632,342514,7,2882,2,36000,1.00242886884
339640,339646,342763,6,3117,2,36000,1.00192492782
339655,339667,342451,12,2784,2,36000,1.00431034483
339670,339676,342327,6,2651,2,36000,1.00226329687
339671,339682,342580,11,2898,2,36000,1.00379572119
339686,339692,342906,6,3214,2,36000,1.00186683261
339701,339711,342501,10,2790,2,36000,1.00358422939
339749,339761,342783,12,3022,2,36000,1.00397088021
339764,339773,343102,9,3329,2,36000,1.00270351457
339778,339784,343048,6,3264,2,36000,1.00183823529
339799,339809,343022,10,3213,2,36000,1.00311235605
339820,339829,342666,9,2837,2,36000,1.00317236517
339835,339846,342680,11,2834,2,36000,1.00388143966
339901,339913,343167,12,3254,2,36000,1.0036877689
339916,339922,342769,6,2847,2,36000,1.00210748156
339967,339977,343214,10,3237,2,36000,1.0030892802
339982,339994,342889,12,2895,2,36000,1.00414507772
340027,340038,342813,11,2775,2,36000,1.00396396396
340042,340048,342873,6,2825,2,36000,1.00212389381
340078,340087,342792,9,2705,2,36000,1.0033271719
340101,340114,343376,13,3262,2,36000,1.0039852851
340147,340157,343095,10,2938,2,36000,1.00340367597
340162,340167,343338,5,3171,2,36000,1.00157678966
340176,340182,343268,6,3086,2,36000,1.00194426442
340249,340259,343273,10,3014,2,36000,1.00331785003
340382,340392,343143,10,2751,2,36000,1.0036350418
340397,340405,343071,8,2666,2,36000,1.00300075019
340415,340426,343359,11,2933,2,36000,1.00375042618
342316,342327,345485,11,3158,2,36000,1.00348321723
342331,342338,345454,7,3116,2,36000,1.00224646983
342361,342371,345710,10,3339,2,36000,1.00299490866
342384,342397,345575,13,3178,2,36000,1.00409062303
342402,342412,345852,10,3440,2,36000,1.00290697674
342451,342460,345225,9,2765,2,36000,1.00325497288
342452,342466,345682,14,3216,2,36000,1.00435323383
342467,342473,345182,6,2709,2,36000,1.00221483942
342500,342512,345525,12,3013,2,36000,1.00398274145
342515,342521,345279,6,2758,2,36000,1.00217548949
342516,342527,345327,11,2800,2,36000,1.00392857143
342531,342537,345654,6,3117,2,36000,1.00192492782
342533,342543,345635,10,3092,2,36000,1.00323415265
342534,342548,345175,14,2627,2,36000,1.00532927293
342582,342592,345648,10,3056,2,36000,1.00327225131
342666,342677,345851,11,3174,2,36000,1.00346565848
342681,342691,345443,10,2752,2,36000,1.00363372093
342762,342775,345685,13,2910,2,36000,1.00446735395
342777,342783,345483,6,2700,2,36000,1.00222222222
342792,342798,346137,6,3339,2,36000,1.00179694519
342793,342804,346822,11,4018,2,36000,1.00273768044
342815,342824,345533,9,2709,2,36000,1.00332225914
342872,342882,346541,10,3659,2,36000,1.00273298715
342873,342888,345797,15,2909,2,36000,1.00515641114
342891,342900,345964,9,3064,2,36000,1.00293733681
342906,342917,346006,11,3089,2,36000,1.00356102298
342981,342989,345841,8,2852,2,36000,1.00280504909
343023,343033,346095,10,3062,2,36000,1.00326583932
343050,343059,345736,9,2677,2,36000,1.00336197236
343074,343082,346262,8,3180,2,36000,1.00251572327
343095,343106,346228,11,3122,2,36000,1.00352338245
343109,343116,345663,7,2547,2,36000,1.00274833137
343145,343154,346321,9,3167,2,36000,1.00284180613
343169,343178,345994,9,2816,2,36000,1.00319602273
343214,343225,346685,11,3460,2,36000,1.00317919075
343268,343280,346320,12,3040,2,36000,1.00394736842
343283,343289,346530,6,3241,2,36000,1.00185128047
343337,343349,346017,12,2668,2,36000,1.00449775112
343358,343370,346191,12,2821,2,36000,1.00425381071
343376,343387,346164,11,2777,2,36000,1.00396110911
345175,345186,347928,11,2742,2,36000,1.00401167031
345189,345195,348504,6,3309,2,36000,1.00181323663
345229,345237,348856,8,3619,2,36000,1.0022105554
345280,345290,348832,10,3542,2,36000,1.00282326369
345328,345338,349061,10,3723,2,36000,1.00268600591
345443,345490,348813,47,3323,2,36000,1.01414384592
345458,345496,348416,38,2920,2,36000,1.01301369863
345485,345502,348511,17,3009,2,36000,1.00564971751
345487,345507,348224,20,2717,2,36000,1.00736105999
345526,345536,348989,10,3453,2,36000,1.00289603244
345541,345555,345563,14,8,1,900,2.2
345541,345547,348309,6,2762,2,36000,1.00217233888
345554,345574,345715,20,141,14,9960,1.14184397163
345574,345586,348558,12,2972,2,36000,1.00403768506
345637,345646,348508,9,2862,2,36000,1.00314465409
345652,345659,348593,7,2934,2,36000,1.0023858214
345667,345673,348734,6,3061,2,36000,1.00196014374
345668,345679,348549,11,2870,2,36000,1.00383275261
345683,345693,348777,10,3084,2,36000,1.00324254215
345684,345699,348240,15,2541,2,36000,1.00590318772
345711,345721,348498,10,2777,2,36000,1.00360100828
345714,345727,345735,13,8,1,900,2.1
345725,345746,345885,21,139,14,9960,1.15107913669
345738,345752,348596,14,2844,2,36000,1.00492264416
345799,345808,348552,9,2744,2,36000,1.00327988338
345841,345852,348441,11,2589,2,36000,1.00424874469
345856,345862,348739,6,2877,2,36000,1.00208550574
345857,345868,348927,11,3059,2,36000,1.00359594639
345883,345897,345904,14,7,1,900,2.1
345895,345915,346065,20,150,14,9960,1.13333333333
345966,345975,348974,9,2999,2,36000,1.00300100033
345996,346005,349305,9,3300,2,36000,1.00272727273
346011,346017,349073,6,3056,2,36000,1.00196335079
346025,346032,348931,7,2899,2,36000,1.00241462573
346063,346076,346084,13,8,1,900,2.1
346074,346095,346246,21,151,14,9960,1.13907284768
346095,346107,348928,12,2821,2,36000,1.00425381071
346138,346148,350361,10,4213,2,36000,1.00237360551
346164,346175,349565,11,3390,2,36000,1.00324483776
346191,346202,349398,11,3196,2,36000,1.00344180225
346227,346239,349400,12,3161,2,36000,1.003796267
346238,346340,346347,102,7,1,900,10.9
346250,346257,346319,7,62,14,9960,1.11290322581
346263,346274,348993,11,2719,2,36000,1.004045605
346317,346346,346351,29,5,1,900,3.4
346321,346330,348991,9,2661,2,36000,1.00338218715
346322,346335,349750,13,3415,2,36000,1.00380673499
346327,347359,347445,1032,86,14,9960,13.0
346531,346537,350282,6,3745,2,36000,1.00160213618
346545,346551,349608,6,3057,2,36000,1.00196270854
346687,346693,350107,6,3414,2,36000,1.00175746924
346823,346829,349726,6,2897,2,36000,1.00207110804
347444,347451,347458,7,7,1,900,1.4
347458,348469,348602,1011,133,14,9960,8.6015037594
347930,347937,351048,7,3111,2,36000,1.00225008036
348225,348232,351176,7,2944,2,36000,1.00237771739
348240,348246,351435,6,3189,2,36000,1.00188146754
348309,348316,351567,7,3251,2,36000,1.00215318364
348418,348424,351792,6,3368,2,36000,1.00178147268
348442,348448,351514,6,3066,2,36000,1.00195694716
348499,348505,351361,6,2856,2,36000,1.00210084034
348514,348520,351686,6,3166,2,36000,1.00189513582
348516,348526,351520,10,2994,2,36000,1.00334001336
348517,348531,351522,14,2991,2,36000,1.00468070879
348550,348556,351653,6,3097,2,36000,1.00193735873
348565,348571,351387,6,2816,2,36000,1.00213068182
348566,348577,351481,11,2904,2,36000,1.00378787879
348593,348600,351595,7,2995,2,36000,1.00233722871
348601,348606,348614,5,8,1,900,1.3
348608,348614,351841,6,3227,2,36000,1.00185931205
348612,348620,348763,8,143,14,9960,1.05594405594
348735,348741,352335,6,3594,2,36000,1.00166944908
348749,348756,351812,7,3056,2,36000,1.00229057592
348761,348767,348774,6,7,1,900,1.3
348772,348778,348916,6,138,14,9960,1.04347826087
348777,348784,351468,7,2684,2,36000,1.00260804769
348816,348822,351826,6,3004,2,36000,1.00199733688
348833,348840,351658,7,2818,2,36000,1.00248403123
348857,348864,351568,7,2704,2,36000,1.0025887574
348914,348920,348927,6,7,1,900,1.3
348926,348932,349058,6,126,14,9960,1.04761904762
348927,348937,352036,10,3099,2,36000,1.00322684737
348942,348948,351862,6,2914,2,36000,1.00205902539
348943,348954,352151,11,3197,2,36000,1.00344072568
348976,348982,352088,6,3106,2,36000,1.00193174501
348992,348998,351654,6,2656,2,36000,1.00225903614
348993,349004,352568,11,3564,2,36000,1.00308641975
348994,349009,352059,15,3050,2,36000,1.00491803279
349057,349063,349071,6,8,1,900,1.4
349061,349069,352172,8,3103,2,36000,1.00257815018
349068,349075,349210,7,135,14,9960,1.05185185185
349076,349082,351900,6,2818,2,36000,1.00212916962
349208,349215,349222,7,7,1,900,1.4
349219,349225,349395,6,170,14,9960,1.03529411765
349305,349311,352281,6,2970,2,36000,1.00202020202
349393,349399,349405,6,6,1,900,1.2
349399,349405,352288,6,2883,2,36000,1.00208116545
349400,349416,352778,16,3362,2,36000,1.00475907198
349405,349411,349539,6,128,14,9960,1.046875
349537,349543,349550,6,7,1,900,1.3
349550,349556,349722,6,166,14,9960,1.03614457831
349566,349572,352665,6,3093,2,36000,1.00193986421
349608,349614,352521,6,2907,2,36000,1.00206398349
349715,349721,349728,6,7,1,900,1.3
349725,349731,352398,6,2667,2,36000,1.00224971879
349726,349737,349872,11,135,14,9960,1.08148148148
349749,349756,353035,7,3279,2,36000,1.00213479719
349870,349876,349884,6,8,1,900,1.4
349881,349887,350021,6,134,14,9960,1.0447761194
350020,350026,350035,6,9,1,900,1.5
350031,350037,350170,6,133,14,9960,1.04511278195
350108,350114,353206,6,3092,2,36000,1.00194049159
350169,350175,350184,6,9,1,900,1.5
350179,350186,350315,7,129,14,9960,1.05426356589
350283,350289,353677,6,3388,2,36000,1.00177095632
350313,350320,350328,7,8,1,900,1.5
350324,350330,350418,6,88,14,9960,1.06818181818
350361,350367,353498,6,3131,2,36000,1.00191632066
350417,350423,350432,6,9,1,900,1.5
350428,350434,350571,6,137,14,9960,1.04379562044
350570,350576,350583,6,7,1,900,1.3
350581,350588,350671,7,83,14,9960,1.0843373494
350669,350675,350682,6,7,1,900,1.3
350680,350686,350792,6,106,14,9960,1.05660377358
350790,350796,350805,6,9,1,900,1.5
350801,350807,350950,6,143,14,9960,1.04195804196
350948,350954,350963,6,9,1,900,1.5
350960,350966,351049,6,83,14,9960,1.07228915663
351048,351054,351061,6,7,1,900,1.3
351050,351060,354004,10,2944,2,36000,1.00339673913
351059,351066,351216,7,150,14,9960,1.04666666667
351177,351183,353927,6,2744,2,36000,1.00218658892
351214,351220,351226,6,6,1,900,1.2
351224,351231,351394,7,163,14,9960,1.04294478528
351360,351366,354231,6,2865,2,36000,1.00209424084
351387,351393,354099,6,2706,2,36000,1.0022172949
351392,351399,351407,7,8,1,900,1.5
351404,351410,351556,6,146,14,9960,1.04109589041
351435,351441,354471,6,3030,2,36000,1.00198019802
351468,351474,354241,6,2767,2,36000,1.00216841344
351483,351489,354609,6,3120,2,36000,1.00192307692
351513,351519,354733,6,3214,2,36000,1.00186683261
351528,351534,354856,6,3322,2,36000,1.00180614088
351529,351540,354698,11,3158,2,36000,1.00348321723
351554,351560,351567,6,7,1,900,1.3
351564,351570,351739,6,169,14,9960,1.03550295858
351569,351575,355662,6,4087,2,36000,1.00146806949
351570,351581,354468,11,2887,2,36000,1.00381018358
351597,351603,354366,6,2763,2,36000,1.00217155266
351655,351661,354261,6,2600,2,36000,1.00230769231
351656,351667,354898,11,3231,2,36000,1.00340451872
351671,351677,354479,6,2802,2,36000,1.00214132762
351686,351692,354672,6,2980,2,36000,1.00201342282
351737,351743,351750,6,7,1,900,1.3
351748,351754,351920,6,166,14,9960,1.03614457831
351791,351797,354578,6,2781,2,36000,1.0021574973
351812,351818,355989,6,4171,2,36000,1.00143850396
351827,351833,354608,6,2775,2,36000,1.00216216216
351842,351848,354953,6,3105,2,36000,1.00193236715
351863,351869,355218,6,3349,2,36000,1.00179157958
351899,351905,354987,6,3082,2,36000,1.0019467878
351918,351924,351931,6,7,1,900,1.3
351929,351936,352024,7,88,14,9960,1.07954545455
352022,352028,352042,6,14,1,900,1.42857142857
352034,352040,352170,6,130,14,9960,1.04615384615
352039,352046,354864,7,2818,2,36000,1.00248403123
352060,352066,355169,6,3103,2,36000,1.00193361263
352090,352096,355119,6,3023,2,36000,1.00198478333
352151,352157,355683,6,3526,2,36000,1.00170164492
352168,352174,352189,6,15,1,900,1.4
352172,352180,355059,8,2879,2,36000,1.00277874262
352179,352186,352402,7,216,14,9960,1.03240740741
352283,352290,355638,7,3348,2,36000,1.00209080048
352298,352304,355423,6,3119,2,36000,1.00192369349
352334,352345,354735,11,2390,2,36000,1.00460251046
352334,352340,355571,6,3231,2,36000,1.00185701021
352340,352351,353712,11,1361,2,36000,1.00808229243
352357,352363,353720,6,1357,2,36000,1.00442151805
352398,352405,355238,7,2833,2,36000,1.00247087893
352399,352410,352421,11,11,1,900,2.0
352412,352418,352672,6,254,14,9960,1.02362204724
352522,352529,356185,7,3656,2,36000,1.00191466083
352571,352577,355586,6,3009,2,36000,1.00199401795
352667,352673,355507,6,2834,2,36000,1.00211714891
352669,352679,352686,10,7,1,900,1.7
352681,352687,352938,6,251,14,9960,1.02390438247
352779,352785,355687,6,2902,2,36000,1.00206753963
352936,352942,352949,6,7,1,900,1.3
352948,352954,353098,6,144,14,9960,1.04166666667
353035,353042,355781,7,2739,2,36000,1.00255567725
353096,353103,353111,7,8,1,900,1.5
353109,353115,353280,6,165,14,9960,1.03636363636
353207,353213,356460,6,3247,2,36000,1.00184785956
353278,353284,353291,6,7,1,900,1.3
353290,353296,353459,6,163,14,9960,1.03680981595
353457,353463,353470,6,7,1,900,1.3
353468,353474,353623,6,149,14,9960,1.04026845638
353499,353505,356518,6,3013,2,36000,1.00199137073
353621,353627,353635,6,8,1,900,1.4
353632,353638,353775,6,137,14,9960,1.04379562044
353677,353683,356963,6,3280,2,36000,1.00182926829
353773,353779,353787,6,8,1,900,1.4
353784,353790,353930,6,140,14,9960,1.04285714286
353927,353933,357108,6,3175,2,36000,1.00188976378
353929,353939,353947,10,8,1,900,1.8
353937,353945,353946,8,1,2,3540,1.0
353941,353951,354177,10,226,14,9960,1.04424778761
354003,354009,356638,6,2629,2,36000,1.00228223659
354099,354105,357068,6,2963,2,36000,1.00202497469
354175,354181,354189,6,8,1,900,1.4
354187,354193,354420,6,227,14,9960,1.02643171806
354232,354238,357236,6,2998,2,36000,1.00200133422
354247,354252,357223,5,2971,2,36000,1.00168293504
354261,354268,357534,7,3266,2,36000,1.00214329455
354367,354373,357320,6,2947,2,36000,1.00203596878
354418,354424,354431,6,7,1,900,1.3
354430,354436,354686,6,250,14,9960,1.024
354470,354476,357278,6,2802,2,36000,1.00214132762
354485,354491,357730,6,3239,2,36000,1.00185242359
354486,354497,357360,11,2863,2,36000,1.00384212365
354580,354586,358332,6,3746,2,36000,1.00160170849
354610,354616,357735,6,3119,2,36000,1.00192369349
354611,354622,357868,11,3246,2,36000,1.0033887862
354672,354678,357798,6,3120,2,36000,1.00192307692
354684,354691,354699,7,8,1,900,1.5
354697,354703,354951,6,248,14,9960,1.02419354839
354699,354709,357288,10,2579,2,36000,1.00387747189
354735,354741,357588,6,2847,2,36000,1.00210748156
354855,354862,358002,7,3140,2,36000,1.00222929936
354870,354876,358561,6,3685,2,36000,1.00162822252
354873,354882,355039,9,157,1,3600,1.05732484076
354900,354906,358045,6,3139,2,36000,1.00191143676
354949,354956,354963,7,7,1,900,1.4
354955,354967,358228,12,3261,2,36000,1.00367985281
354957,354962,355046,5,84,14,9960,1.05952380952
354988,354994,358049,6,3055,2,36000,1.00196399345
355044,355050,355051,6,1,1,900,1.0
355060,355066,357990,6,2924,2,36000,1.00205198358
355121,355127,358458,6,3331,2,36000,1.00180126088
355169,355175,357901,6,2726,2,36000,1.00220102715
355216,355222,355566,6,344,1,3600,1.01744186047
355220,355228,357995,8,2767,2,36000,1.00289121793
355238,355244,358715,6,3471,2,36000,1.00172860847
355425,355431,358451,6,3020,2,36000,1.00198675497
355509,355515,358644,6,3129,2,36000,1.00191754554
355572,355578,358287,6,2709,2,36000,1.00221483942
355587,355593,358914,6,3321,2,36000,1.00180668473
355638,355644,358620,6,2976,2,36000,1.00201612903
355662,355668,358939,6,3271,2,36000,1.00183430144
355683,355689,358487,6,2798,2,36000,1.00214438885
355698,355704,358741,6,3037,2,36000,1.00197563385
355782,355788,358706,6,2918,2,36000,1.00205620288
355912,355918,356738,6,820,1,3600,1.00731707317
355990,355996,358597,6,2601,2,36000,1.00230680507
356186,356192,359398,6,3206,2,36000,1.00187149095
356460,356466,359540,6,3074,2,36000,1.00195185426
356520,356526,359413,6,2887,2,36000,1.00207828195
356638,356644,359373,6,2729,2,36000,1.00219860755
356963,356969,359917,6,2948,2,36000,1.00203527815
357068,357074,359704,6,2630,2,36000,1.00228136882
357110,357117,360085,7,2968,2,36000,1.00235849057
357225,357231,359862,6,2631,2,36000,1.00228050171
357240,357246,360150,6,2904,2,36000,1.0020661157
357279,357285,360578,6,3293,2,36000,1.00182204677
357294,357300,360653,6,3353,2,36000,1.00178944229
357321,357327,359804,6,2477,2,36000,1.00242228502
357361,357367,360254,6,2887,2,36000,1.00207828195
357535,357542,360632,7,3090,2,36000,1.00226537217
357587,357593,360785,6,3192,2,36000,1.00187969925
357731,357737,361212,6,3475,2,36000,1.00172661871
357746,357752,360888,6,3136,2,36000,1.00191326531
357797,357803,360663,6,2860,2,36000,1.0020979021
357869,357875,361289,6,3414,2,36000,1.00175746924
357901,357908,360606,7,2698,2,36000,1.00259451446
357940,357946,358058,6,112,1,3600,1.05357142857
357992,357998,360841,6,2843,2,36000,1.00211044671
358006,358013,360963,7,2950,2,36000,1.00237288136
358008,358019,361515,11,3496,2,36000,1.00314645309
358044,358050,361408,6,3358,2,36000,1.00178677784
358059,358068,361440,9,3372,2,36000,1.00266903915
358223,358230,358535,7,305,1,3600,1.02295081967
358227,358236,361337,9,3101,2,36000,1.00290228958
358287,358294,361354,7,3060,2,36000,1.0022875817
358333,358339,361457,6,3118,2,36000,1.00192431046
358449,358456,358626,7,170,1,3600,1.04117647059
358453,358462,361391,9,2929,2,36000,1.00307272107
358468,358474,361644,6,3170,2,36000,1.00189274448
358486,358492,361699,6,3207,2,36000,1.00187090739
358561,358567,361331,6,2764,2,36000,1.002170767
358597,358603,361169,6,2566,2,36000,1.00233826968
358621,358627,361431,6,2804,2,36000,1.00213980029
358645,358651,361616,6,2965,2,36000,1.00202360877
358708,358715,361884,7,3169,2,36000,1.00220889871
358723,358730,361530,7,2800,2,36000,1.0025
358738,358745,361619,7,2874,2,36000,1.00243562978
358792,358798,359134,6,336,1,3600,1.01785714286
358913,358920,362031,7,3111,2,36000,1.00225008036
358937,358944,361948,7,3004,2,36000,1.00233022636
358992,358998,359597,6,599,1,3600,1.01001669449
359375,359381,362114,6,2733,2,36000,1.00219538968
359396,359402,362247,6,2845,2,36000,1.00210896309
359415,359421,362065,6,2644,2,36000,1.00226928896
359494,359500,360257,6,757,1,3600,1.00792602378
359542,359548,363032,6,3484,2,36000,1.00172215844
359704,359710,363193,6,3483,2,36000,1.00172265289
359806,359812,363333,6,3521,2,36000,1.00170406135
359863,359869,362449,6,2580,2,36000,1.0023255814
359917,359924,362781,7,2857,2,36000,1.00245012251
360086,360092,362961,6,2869,2,36000,1.00209132102
360152,360158,363252,6,3094,2,36000,1.00193923723
360254,360261,363412,7,3151,2,36000,1.00222151698
360262,396144,398451,35882,2307,14,7200,16.5535327265
360579,360586,363370,7,2784,2,36000,1.00251436782
360606,360612,363839,6,3227,2,36000,1.00185931205
360635,360641,363390,6,2749,2,36000,1.00218261186
360655,360662,363851,7,3189,2,36000,1.00219504547
360671,360677,363385,6,2708,2,36000,1.00221565731
360785,360791,364187,6,3396,2,36000,1.00176678445
360842,360848,364235,6,3387,2,36000,1.00177147919
360887,360894,364358,7,3464,2,36000,1.00202078522
360963,360969,363708,6,2739,2,36000,1.0021905805
361168,361174,364197,6,3023,2,36000,1.00198478333
361213,361219,364337,6,3118,2,36000,1.00192431046
361288,361294,364193,6,2899,2,36000,1.0020696792
361330,361336,364151,6,2815,2,36000,1.00213143872
361345,361351,364853,6,3502,2,36000,1.00171330668
361359,361365,363992,6,2627,2,36000,1.00228397411
361392,361398,364209,6,2811,2,36000,1.00213447172
361410,361416,364514,6,3098,2,36000,1.00193673338
361431,361437,364319,6,2882,2,36000,1.00208188758
361446,361451,364371,5,2920,2,36000,1.00171232877
361460,361467,364781,7,3314,2,36000,1.00211225106
361469,361476,361588,7,112,1,3600,1.0625
361518,361524,364660,6,3136,2,36000,1.00191326531
361532,361539,364433,7,2894,2,36000,1.00241879751
361617,361623,364699,6,3076,2,36000,1.00195058518
361632,361638,364979,6,3341,2,36000,1.0017958695
361647,361653,365510,6,3857,2,36000,1.00155561317
361701,361707,364788,6,3081,2,36000,1.00194741967
361757,361763,362077,6,314,1,3600,1.01910828025
361885,361890,365064,5,3174,2,36000,1.00157529931
361948,361954,364915,6,2961,2,36000,1.00202634245
362032,362038,365473,6,3435,2,36000,1.00174672489
362065,362071,364806,6,2735,2,36000,1.00219378428
362069,362077,448501,8,86424,2,86400,1.00009256688
362116,362122,365185,6,3063,2,36000,1.00195886386
362116,362127,362247,11,120,1,1800,1.09166666667
362246,362252,365376,6,3124,2,36000,1.0019206146
362451,362457,365798,6,3341,2,36000,1.0017958695
362514,362520,363103,6,583,1,3600,1.0102915952
362542,362548,362657,6,109,1,1800,1.05504587156
362783,362789,365976,6,3187,2,36000,1.00188264826
362960,362966,366587,6,3621,2,36000,1.00165700083
363032,363038,365740,6,2702,2,36000,1.00222057735
363192,363198,366385,6,3187,2,36000,1.00188264826
363252,363258,366328,6,3070,2,36000,1.00195439739
363308,363314,363822,6,508,1,1800,1.01181102362
363334,363340,366312,6,2972,2,36000,1.00201884253
363373,363379,366266,6,2887,2,36000,1.00207828195
363388,363394,366784,6,3390,2,36000,1.0017699115
363402,363408,366148,6,2740,2,36000,1.00218978102
363417,363423,366292,6,2869,2,36000,1.00209132102
363709,363715,366665,6,2950,2,36000,1.00203389831
363839,363845,366989,6,3144,2,36000,1.00190839695
363854,363860,367145,6,3285,2,36000,1.00182648402
363993,363999,367114,6,3115,2,36000,1.00192616372
364152,364158,367296,6,3138,2,36000,1.00191204589
364188,364194,366974,6,2780,2,36000,1.00215827338
364203,364209,367042,6,2833,2,36000,1.00211789622
364204,364215,367363,11,3148,2,36000,1.00349428208
364219,364225,367071,6,2846,2,36000,1.00210822207
364237,364243,367584,6,3341,2,36000,1.0017958695
364318,364324,367287,6,2963,2,36000,1.00202497469
364336,364342,367197,6,2855,2,36000,1.00210157618
364360,364366,367177,6,2811,2,36000,1.00213447172
364374,364380,367169,6,2789,2,36000,1.00215130871
364434,364440,367572,6,3132,2,36000,1.00191570881
364516,364522,367396,6,2874,2,36000,1.00208768267
364660,364666,368016,6,3350,2,36000,1.00179104478
364699,364705,367275,6,2570,2,36000,1.00233463035
364780,364786,367780,6,2994,2,36000,1.00200400802
364795,364801,368339,6,3538,2,36000,1.00169587337
364810,364816,367690,6,2874,2,36000,1.00208768267
364852,364858,367470,6,2612,2,36000,1.00229709035
364915,364921,367744,6,2823,2,36000,1.00212539851
364981,364987,367872,6,2885,2,36000,1.0020797227
365065,365071,368796,6,3725,2,36000,1.00161073826
365185,365191,368212,6,3021,2,36000,1.00198609732
365378,365384,368309,6,2925,2,36000,1.00205128205
365474,365481,368821,7,3340,2,36000,1.00209580838
365496,365502,365554,6,52,1,1800,1.11538461538
365510,365516,368213,6,2697,2,36000,1.0022246941
365742,365748,369199,6,3451,2,36000,1.00173862649
365758,365764,365879,6,115,1,1800,1.05217391304
365799,365805,369444,6,3639,2,36000,1.00164880462
365861,365867,365944,6,77,1,1800,1.07792207792
365977,365983,368655,6,2672,2,36000,1.00224550898
366149,366155,369229,6,3074,2,36000,1.00195185426
366196,366202,366311,6,109,1,1800,1.05504587156
366266,366273,369236,7,2963,2,36000,1.00236247047
366293,366300,369424,7,3124,2,36000,1.00224071703
366311,366317,369367,6,3050,2,36000,1.00196721311
366329,366335,369378,6,3043,2,36000,1.00197173842
366386,366392,369433,6,3041,2,36000,1.00197303519
366588,366594,369493,6,2899,2,36000,1.0020696792
366666,366672,369781,6,3109,2,36000,1.00192988099
366771,366777,367065,6,288,1,1800,1.02083333333
366783,366789,369688,6,2899,2,36000,1.0020696792
366971,366977,367470,6,493,1,1800,1.0121703854
366976,366983,369795,7,2812,2,36000,1.00248933144
366991,366997,370662,6,3665,2,36000,1.00163710778
367042,367048,370210,6,3162,2,36000,1.00189753321
367072,367078,370461,6,3383,2,36000,1.00177357375
367114,367120,370079,6,2959,2,36000,1.00202771206
367147,367153,370078,6,2925,2,36000,1.00205128205
367171,367177,369961,6,2784,2,36000,1.00215517241
367185,367191,370372,6,3181,2,36000,1.00188619931
367200,367206,370425,6,3219,2,36000,1.0018639329
367275,367282,370362,7,3080,2,36000,1.00227272727
367290,367296,370925,6,3629,2,36000,1.00165334803
367305,367311,370445,6,3134,2,36000,1.00191448628
367365,367371,370538,6,3167,2,36000,1.00189453742
367395,367401,370574,6,3173,2,36000,1.00189095493
367470,367480,370478,10,2998,2,36000,1.00333555704
367572,367578,370937,6,3359,2,36000,1.00178624591
367587,367593,370870,6,3277,2,36000,1.00183094294
367689,367696,370583,7,2887,2,36000,1.00242466228
367743,367750,370820,7,3070,2,36000,1.00228013029
367776,367783,370789,7,3006,2,36000,1.00232867598
367873,367879,371183,6,3304,2,36000,1.00181598063
368017,368023,371318,6,3295,2,36000,1.00182094082
368213,368220,371206,7,2986,2,36000,1.00234427328
368215,368225,371137,10,2912,2,36000,1.00343406593
368308,368314,371629,6,3315,2,36000,1.00180995475
368341,368347,371299,6,2952,2,36000,1.00203252033
368657,368664,372225,7,3561,2,36000,1.00196573996
368796,368802,371818,6,3016,2,36000,1.00198938992
368823,368829,372143,6,3314,2,36000,1.00181050091
369199,369206,372041,7,2835,2,36000,1.0024691358
369230,369236,372649,6,3413,2,36000,1.00175798418
369231,369242,369289,11,47,1,1800,1.23404255319
369244,369250,372110,6,2860,2,36000,1.0020979021
369368,369374,372590,6,3216,2,36000,1.00186567164
369383,369389,372910,6,3521,2,36000,1.00170406135
369425,369431,372223,6,2792,2,36000,1.00214899713
369439,369445,372558,6,3113,2,36000,1.00192740122
369454,369460,372478,6,3018,2,36000,1.00198807157
369493,369499,373065,6,3566,2,36000,1.00168255749
369630,369636,369715,6,79,1,1800,1.07594936709
369689,369695,372643,6,2948,2,36000,1.00203527815
369782,369788,373709,6,3921,2,36000,1.00153022188
369797,369803,372780,6,2977,2,36000,1.0020154518
369962,369969,373333,7,3364,2,36000,1.00208085612
370080,370086,373305,6,3219,2,36000,1.0018639329
370081,370092,372998,11,2906,2,36000,1.00378527185
370212,370218,372971,6,2753,2,36000,1.00217944061
370362,370368,373214,6,2846,2,36000,1.00210822207
370377,370383,373390,6,3007,2,36000,1.0019953442
370425,370431,373535,6,3104,2,36000,1.00193298969
370446,370452,373138,6,2686,2,36000,1.00223380491
370461,370467,373422,6,2955,2,36000,1.00203045685
370479,370485,373539,6,3054,2,36000,1.00196463654
370539,370545,374030,6,3485,2,36000,1.00172166428
370575,370581,373386,6,2805,2,36000,1.00213903743
370589,370595,373500,6,2905,2,36000,1.00206540448
370662,370668,374075,6,3407,2,36000,1.00176108013
370726,370732,371017,6,285,1,1800,1.02105263158
370791,370797,373619,6,2822,2,36000,1.00212615167
370821,370827,374074,6,3247,2,36000,1.00184785956
370872,370878,373828,6,2950,2,36000,1.00203389831
370926,370933,374095,7,3162,2,36000,1.00221378874
370941,370947,374529,6,3582,2,36000,1.00167504188
371137,371143,373957,6,2814,2,36000,1.00213219616
371185,371191,373954,6,2763,2,36000,1.00217155266
371206,371212,374039,6,2827,2,36000,1.00212239123
371299,371305,374376,6,3071,2,36000,1.00195376099
371320,371326,374703,6,3377,2,36000,1.0017767249
371637,371643,374904,6,3261,2,36000,1.0018399264
371818,371824,375142,6,3318,2,36000,1.00180831826
372043,372049,375677,6,3628,2,36000,1.00165380375
372109,372115,374745,6,2630,2,36000,1.00228136882
372145,372152,375090,7,2938,2,36000,1.00238257318
372224,372230,375083,6,2853,2,36000,1.00210304942
372238,372244,375444,6,3200,2,36000,1.001875
372480,372486,376096,6,3610,2,36000,1.00166204986
372558,372564,375612,6,3048,2,36000,1.00196850394
372591,372597,376152,6,3555,2,36000,1.00168776371
372645,372651,375690,6,3039,2,36000,1.00197433366
372660,372666,375650,6,2984,2,36000,1.00201072386
372780,372786,375907,6,3121,2,36000,1.00192246075
372912,372919,375788,7,2869,2,36000,1.00243987452
372973,372979,375970,6,2991,2,36000,1.00200601805
372999,373006,376350,7,3344,2,36000,1.00209330144
373066,373072,376306,6,3234,2,36000,1.00185528757
373138,373144,376301,6,3157,2,36000,1.00190053849
373213,373219,375760,6,2541,2,36000,1.00236127509
373306,373313,376776,7,3463,2,36000,1.00202136876
373333,373340,375995,7,2655,2,36000,1.00263653484
373388,373394,376413,6,3019,2,36000,1.00198741305
373402,373408,376427,6,3019,2,36000,1.00198741305
373423,373429,376163,6,2734,2,36000,1.00219458669
373501,373508,376706,7,3198,2,36000,1.00218886804
373534,373540,376394,6,2854,2,36000,1.00210231254
373549,373555,376441,6,2886,2,36000,1.00207900208
373618,373624,376573,6,2949,2,36000,1.002034588
373708,373714,376921,6,3207,2,36000,1.00187090739
373828,373835,377347,7,3512,2,36000,1.00199316629
373955,373961,376774,6,2813,2,36000,1.00213295414
373956,373967,377159,11,3192,2,36000,1.00344611529
374032,374038,376826,6,2788,2,36000,1.00215208034
374047,374053,377229,6,3176,2,36000,1.00188916877
374074,374085,377063,11,2978,2,36000,1.0036937542
374089,374095,377474,6,3379,2,36000,1.00177567328
374103,374109,377576,6,3467,2,36000,1.00173060283
374377,374383,377119,6,2736,2,36000,1.00219298246
374531,374537,377394,6,2857,2,36000,1.00210010501
374703,374709,377632,6,2923,2,36000,1.0020526856
374745,374751,378305,6,3554,2,36000,1.0016882386
374905,374911,377942,6,3031,2,36000,1.0019795447
375083,375089,378061,6,2972,2,36000,1.00201884253
375097,375103,378229,6,3126,2,36000,1.0019193858
375142,375148,377852,6,2704,2,36000,1.00221893491
375446,375453,379093,7,3640,2,36000,1.00192307692
375612,375619,378684,7,3065,2,36000,1.00228384992
375652,375658,378627,6,2969,2,36000,1.00202088245
375675,375682,378969,7,3287,2,36000,1.00212960146
375690,375696,378784,6,3088,2,36000,1.00194300518
375716,375802,375806,86,4,7,600,9.0
375763,375769,379303,6,3534,2,36000,1.00169779287
375790,375796,379241,6,3445,2,36000,1.00174165457
375836,375842,376033,6,191,8,600,1.03141361257
375910,375916,378917,6,3001,2,36000,1.00199933356
375970,375976,379270,6,3294,2,36000,1.00182149362
375997,376003,379112,6,3109,2,36000,1.00192988099
376096,376102,379235,6,3133,2,36000,1.00191509735
376153,376160,379322,7,3162,2,36000,1.00221378874
376168,376174,378953,6,2779,2,36000,1.00215905002
376276,376282,376908,6,626,8,600,1.00958466454
376301,376307,378954,6,2647,2,36000,1.00226671704
376316,376322,379233,6,2911,2,36000,1.00206114737
376352,376358,379368,6,3010,2,36000,1.00199335548
376394,376400,379462,6,3062,2,36000,1.00195950359
376415,376421,379522,6,3101,2,36000,1.00193485972
376430,376436,379609,6,3173,2,36000,1.00189095493
376445,376451,379751,6,3300,2,36000,1.00181818182
376574,376580,379355,6,2775,2,36000,1.00216216216
376707,376713,379699,6,2986,2,36000,1.00200937709
376776,376782,379554,6,2772,2,36000,1.00216450216
376777,376788,379807,11,3019,2,36000,1.00364359059
376829,376835,379851,6,3016,2,36000,1.00198938992
376919,376925,379676,6,2751,2,36000,1.00218102508
376939,376945,377194,6,249,8,1800,1.02409638554
377058,377076,377770,18,694,2,14400,1.02593659942
377063,377070,380114,7,3044,2,36000,1.00229960578
377121,377127,379926,6,2799,2,36000,1.00214362272
377159,377166,380091,7,2925,2,36000,1.00239316239
377232,377238,379906,6,2668,2,36000,1.00224887556
377299,377304,377938,5,634,2,14400,1.00788643533
377349,377356,380520,7,3164,2,36000,1.00221238938
377394,377401,380429,7,3028,2,36000,1.00231175694
377473,377479,380356,6,2877,2,36000,1.00208550574
377492,377498,378149,6,651,2,14400,1.00921658986
377578,377584,380299,6,2715,2,36000,1.00220994475
377632,377639,380833,7,3194,2,36000,1.00219160927
377651,377657,378325,6,668,4,1800,1.00898203593
377853,377859,380977,6,3118,2,36000,1.00192431046
377945,377951,380976,6,3025,2,36000,1.00198347107
378062,378068,380974,6,2906,2,36000,1.00206469374
378171,378177,378247,6,70,1,1200,1.08571428571
378231,378237,381241,6,3004,2,36000,1.00199733688
378306,378312,381050,6,2738,2,36000,1.00219138057
378629,378635,381243,6,2608,2,36000,1.0023006135
378683,378689,381492,6,2803,2,36000,1.00214056368
378786,378792,381649,6,2857,2,36000,1.00210010501
378805,411695,434784,32890,23089,64,36000,2.42448785136
378918,378925,382141,7,3216,2,36000,1.00217661692
378955,378961,382179,6,3218,2,36000,1.00186451212
378956,378967,381882,11,2915,2,36000,1.00377358491
378971,378977,381992,6,3015,2,36000,1.00199004975
379074,379080,381159,6,2079,7,32400,1.00288600289
379095,379101,382443,6,3342,2,36000,1.00179533214
379113,379119,381966,6,2847,2,36000,1.00210748156
379131,411652,411684,32521,32,70,28800,1017.28125
379235,379241,382073,6,2832,2,36000,1.00211864407
379251,379257,382213,6,2956,2,36000,1.00202976996
379252,379263,382148,11,2885,2,36000,1.00381282496
379270,379276,382636,6,3360,2,36000,1.00178571429
379303,379309,381884,6,2575,2,36000,1.00233009709
379307,428990,429858,49683,868,64,36000,58.2384792627
379321,379327,381969,6,2642,2,36000,1.00227100681
379357,379363,382395,6,3032,2,36000,1.00197889182
379372,379378,382184,6,2806,2,36000,1.00213827512
379462,379468,382918,6,3450,2,36000,1.00173913043
379522,379529,382539,7,3010,2,36000,1.0023255814
379555,379562,382534,7,2972,2,36000,1.00235531629
379610,379616,382494,6,2878,2,36000,1.0020847811
379676,379682,382946,6,3264,2,36000,1.00183823529
379699,379706,382486,7,2780,2,36000,1.00251798561
379750,379757,382762,7,3005,2,36000,1.00232945092
379808,379814,382659,6,2845,2,36000,1.00210896309
379849,379855,433871,6,54016,1,54000,1.0001110782
379853,379861,383239,8,3378,2,36000,1.00236826525
379904,379921,390207,17,10286,1,36000,1.00165273187
379909,379915,382725,6,2810,2,36000,1.00213523132
379927,379933,382872,6,2939,2,36000,1.00204151072
379932,380369,421318,437,40949,1,54000,1.01067181128
380095,380105,382729,10,2624,2,36000,1.00381097561
380116,380122,382903,6,2781,2,36000,1.0021574973
380302,380308,383630,6,3322,2,36000,1.00180614088
380356,380363,382842,7,2479,2,36000,1.00282371924
380429,380435,383407,6,2972,2,36000,1.00201884253
380524,380530,383560,6,3030,2,36000,1.00198019802
380837,380843,383465,6,2622,2,36000,1.00228832952
380874,431759,971790,50885,540031,12,540000,1.09422607221
380976,380982,383872,6,2890,2,36000,1.00207612457
380978,380989,384234,11,3245,2,36000,1.00338983051
380979,380994,383727,15,2733,2,36000,1.0054884742
381052,381058,384284,6,3226,2,36000,1.00185988841
381140,381664,417705,524,36041,8,36000,1.01453899725
381243,381249,384175,6,2926,2,36000,1.002050581
381245,381256,384165,11,2909,2,36000,1.00378136817
381493,381500,384906,7,3406,2,36000,1.00205519671
381494,397683,757687,16189,360004,2,360000,1.04496894479
381553,411686,739527,30133,327841,2,360000,1.09191345805
381652,381658,384764,6,3106,2,36000,1.00193174501
381885,381892,385068,7,3176,2,36000,1.00220403023
381887,381898,384770,11,2872,2,36000,1.00383008357
381969,381976,385135,7,3159,2,36000,1.0022158911
381971,381982,385357,11,3375,2,36000,1.00325925926
381993,381999,385124,6,3125,2,36000,1.00192
382074,382080,384784,6,2704,2,36000,1.00221893491
382139,382546,406535,407,23989,2,108000,1.01696610947
382140,382147,385477,7,3330,2,36000,1.0021021021
382155,382161,385889,6,3728,2,36000,1.00160944206
382179,382186,385136,7,2950,2,36000,1.00237288136
382194,382200,385227,6,3027,2,36000,1.00198216056
382213,382219,385024,6,2805,2,36000,1.00213903743
382354,431764,466997,49410,35233,14,57600,2.40237845202
382398,382405,385222,7,2817,2,36000,1.00248491303
382444,382450,385324,6,2874,2,36000,1.00208768267
382486,382492,385230,6,2738,2,36000,1.00219138057
382501,382507,385454,6,2947,2,36000,1.00203596878
382534,382540,385245,6,2705,2,36000,1.0022181146
382549,382555,385341,6,2786,2,36000,1.00215362527
382637,382643,385541,6,2898,2,36000,1.00207039337
382661,382667,385867,6,3200,2,36000,1.001875
382685,382692,417663,7,34971,2,43200,1.00020016585
382727,382733,385691,6,2958,2,36000,1.00202839757
382742,382748,385502,6,2754,2,36000,1.00217864924
382763,382770,385701,7,2931,2,36000,1.00238826339
382844,382850,385757,6,2907,2,36000,1.00206398349
382873,382879,386049,6,3170,2,36000,1.00189274448
382904,382910,386119,6,3209,2,36000,1.00186974135
382920,382927,386076,7,3149,2,36000,1.00222292791
382948,382954,385872,6,2918,2,36000,1.00205620288
383049,383055,426296,6,43241,2,43200,1.0001387572
383241,383247,386391,6,3144,2,36000,1.00190839695
383268,396467,451031,13199,54564,2,108000,1.24189942086
383409,383415,386867,6,3452,2,36000,1.00173812283
383466,383472,386436,6,2964,2,36000,1.0020242915
383503,397008,399820,13505,2812,16,3600,5.80263157895
383559,383565,386340,6,2775,2,36000,1.00216216216
383568,396723,411777,13155,15054,2,108000,1.87385412515
383633,383639,386596,6,2957,2,36000,1.00202908353
383730,383736,386519,6,2783,2,36000,1.00215594682
383872,383878,386972,6,3094,2,36000,1.00193923723
383951,398462,495773,14511,97311,2,108000,1.14911983229
384166,384172,387244,6,3072,2,36000,1.001953125
384182,384188,387480,6,3292,2,36000,1.00182260024
384213,400298,495787,16085,95489,2,108000,1.16844872184
384236,384242,387147,6,2905,2,36000,1.00206540448
384286,384292,386979,6,2687,2,36000,1.00223297358
384766,384773,387802,7,3029,2,36000,1.00231099373
384781,384788,387764,7,2976,2,36000,1.00235215054
384796,384802,387746,6,2944,2,36000,1.00203804348
384908,384914,388275,6,3361,2,36000,1.00178518298
385026,385032,388530,6,3498,2,36000,1.00171526587
385068,385074,388854,6,3780,2,36000,1.00158730159
385125,385132,387861,7,2729,2,36000,1.00256504214
385141,385147,387874,6,2727,2,36000,1.00220022002
385142,385153,388167,11,3014,2,36000,1.00364963504
385224,385230,388579,6,3349,2,36000,1.00179157958
385239,385245,387980,6,2735,2,36000,1.00219378428
385240,385251,388412,11,3161,2,36000,1.00347991142
385255,385261,388402,6,3141,2,36000,1.00191021968
385324,385330,388072,6,2742,2,36000,1.00218818381
385342,385348,388322,6,2974,2,36000,1.00201748487
385357,385363,388299,6,2936,2,36000,1.00204359673
385453,385459,388558,6,3099,2,36000,1.00193610842
385477,385484,388375,7,2891,2,36000,1.00242130751
385501,385508,388255,7,2747,2,36000,1.00254823444
385541,385547,388480,6,2933,2,36000,1.00204568701
385692,385698,388649,6,2951,2,36000,1.00203320908
385707,385713,388646,6,2933,2,36000,1.00204568701
385759,385765,389127,6,3362,2,36000,1.00178465199
385867,385873,388771,6,2898,2,36000,1.00207039337
385882,385888,389260,6,3372,2,36000,1.00177935943
385897,385903,388555,6,2652,2,36000,1.00226244344
386051,386057,388738,6,2681,2,36000,1.00223797091
386078,386084,389023,6,2939,2,36000,1.00204151072
386120,386126,388911,6,2785,2,36000,1.00215439856
386340,386346,389651,6,3305,2,36000,1.00181543116
386391,386398,389410,7,3012,2,36000,1.00232403718
386437,386443,389625,6,3182,2,36000,1.00188560654
386518,386525,389373,7,2848,2,36000,1.00245786517
386594,386604,389334,10,2730,2,36000,1.00366300366
386790,386796,386800,6,4,4,28800,1.0
386868,386874,389844,6,2970,2,36000,1.00202020202
386915,386921,386924,6,3,4,28800,1.0
386974,386980,390005,6,3025,2,36000,1.00198347107
386989,386995,389817,6,2822,2,36000,1.00212615167
387025,387031,387036,6,5,4,28800,1.1
387150,387156,390250,6,3094,2,36000,1.00193923723
387191,387197,387249,6,52,4,28800,1.11538461538
387246,387253,390134,7,2881,2,36000,1.00242971191
387274,387280,387284,6,4,4,28800,1.0
387330,387342,391274,12,3932,2,28800,1.00305188199
387331,387337,387358,6,21,4,28800,1.28571428571
387465,387472,387474,7,2,4,28800,1.0
387482,387488,390240,6,2752,2,36000,1.00218023256
387659,387665,387675,6,10,4,28800,1.6
387747,387753,391429,6,3676,2,36000,1.00163220892
387765,387772,390492,7,2720,2,36000,1.00257352941
387802,387808,390994,6,3186,2,36000,1.00188323917
387846,387852,396456,6,8604,2,28800,1.00069735007
387860,387866,390718,6,2852,2,36000,1.00210378682
387875,387881,390929,6,3048,2,36000,1.00196850394
387914,387920,416743,6,28823,2,28800,1.00020816709
387951,387957,387987,6,30,2,28800,1.2
387981,387987,391056,6,3069,2,36000,1.00195503421
388075,388082,391452,7,3370,2,36000,1.00207715134
388170,388176,390970,6,2794,2,36000,1.00214745884
388225,388270,388526,45,256,2,1200,1.17578125
388258,388264,391295,6,3031,2,36000,1.0019795447
388276,388282,391109,6,2827,2,36000,1.00212239123
388300,388306,391350,6,3044,2,36000,1.00197109067
388324,388330,391181,6,2851,2,36000,1.00210452473
388375,388381,391532,6,3151,2,36000,1.00190415741
388403,388409,391119,6,2710,2,36000,1.00221402214
388419,388425,391768,6,3343,2,36000,1.00179479509
388435,388441,388445,6,4,1,36000,1.0
388482,388488,391111,6,2623,2,36000,1.00228745711
388530,388537,391365,7,2828,2,36000,1.00247524752
388555,388561,391659,6,3098,2,36000,1.00193673338
388570,388576,391317,6,2741,2,36000,1.00218898212
388585,388591,391230,6,2639,2,36000,1.00227358848
388645,388652,391975,7,3323,2,36000,1.00210653024
388660,388667,391444,7,2777,2,36000,1.0025207058
388739,388745,391899,6,3154,2,36000,1.00190234623
388747,389388,419758,641,30370,1,36000,1.02110635496
388772,388779,391952,7,3173,2,36000,1.00220611409
388815,388899,390864,84,1965,2,28800,1.0427480916
388828,389424,420112,596,30688,1,36000,1.01942127216
388855,388861,392006,6,3145,2,36000,1.00190779014
388912,388918,391632,6,2714,2,36000,1.00221075903
389024,389030,391653,6,2623,2,36000,1.00228745711
389127,389133,392095,6,2962,2,36000,1.00202565834
389260,389266,392112,6,2846,2,36000,1.00210822207
389333,389339,392261,6,2922,2,36000,1.00205338809
389368,396038,396133,6670,95,14,9960,71.2105263158
389375,389382,393061,7,3679,2,36000,1.00190269095
389412,389418,392280,6,2862,2,36000,1.00209643606
389626,389632,392385,6,2753,2,36000,1.00217944061
389650,389657,393922,7,4265,2,36000,1.00164126612
389816,389822,393026,6,3204,2,36000,1.00187265918
389846,389852,392451,6,2599,2,36000,1.00230858022
389966,390209,392603,243,2394,2,36000,1.1015037594
389974,390214,392617,240,2403,2,36000,1.09987515605
390006,390012,393134,6,3122,2,36000,1.00192184497
390135,390141,393225,6,3084,2,36000,1.00194552529
390241,390247,392988,6,2741,2,36000,1.00218898212
390256,390262,393239,6,2977,2,36000,1.0020154518
390260,390268,390479,8,211,4,3600,1.03791469194
390491,390497,393599,6,3102,2,36000,1.00193423598
390719,390725,393544,6,2819,2,36000,1.00212841433
390929,390936,394805,7,3869,2,36000,1.00180925304
390958,390964,396358,6,5394,2,43200,1.00111234705
390972,390978,394253,6,3275,2,36000,1.00183206107
390996,391002,393879,6,2877,2,36000,1.00208550574
391057,391063,394299,6,3236,2,36000,1.00185414091
391109,391115,394032,6,2917,2,36000,1.00205690778
391124,391130,393898,6,2768,2,36000,1.00216763006
391125,391136,393866,11,2730,2,36000,1.00402930403
391183,391189,393899,6,2710,2,36000,1.00221402214
391231,391240,394509,9,3269,2,36000,1.00275313552
391295,391301,394100,6,2799,2,36000,1.00214362272
391319,391326,394033,7,2707,2,36000,1.00258588844
391350,391356,394767,6,3411,2,36000,1.00175901495
391368,391374,394098,6,2724,2,36000,1.00220264317
391429,391435,394402,6,2967,2,36000,1.00202224469
391444,391450,394592,6,3142,2,36000,1.00190961171
391459,391465,394471,6,3006,2,36000,1.00199600798
391531,391537,394162,6,2625,2,36000,1.00228571429
391634,391641,394629,7,2988,2,36000,1.00234270415
391656,391662,394467,6,2805,2,36000,1.00213903743
391671,391677,394972,6,3295,2,36000,1.00182094082
391695,391701,392043,6,342,1,36000,1.01754385965
391768,391774,394660,6,2886,2,36000,1.00207900208
391901,391907,394625,6,2718,2,36000,1.00220750552
391953,391959,394895,6,2936,2,36000,1.00204359673
391974,391981,394837,7,2856,2,36000,1.00245098039
392005,392011,395055,6,3044,2,36000,1.00197109067
392096,392102,395324,6,3222,2,36000,1.00186219739
392114,392120,395174,6,3054,2,36000,1.00196463654
392262,392269,395258,7,2989,2,36000,1.00234192037
392280,392287,395306,7,3019,2,36000,1.00231864856
392383,392390,395309,7,2919,2,36000,1.00239808153
392453,392459,395491,6,3032,2,36000,1.00197889182
392493,392499,397670,6,5171,2,28800,1.00116031715
392568,392629,393016,61,387,3,36000,1.15762273902
392582,434821,436339,42239,1518,8,259200,28.825428195
392582,434938,436538,42356,1600,8,259200,27.4725
392582,434826,436465,42244,1639,8,259200,26.774252593
392582,434943,436456,42361,1513,8,259200,28.9980171844
392583,434957,436593,42374,1636,8,259200,26.9009779951
392583,436467,437971,43884,1504,8,259200,30.1781914894
392583,436350,437863,43767,1513,8,259200,29.9272967614
392583,435979,437532,43396,1553,8,259200,28.9433354797
392583,435984,437538,43401,1554,8,259200,28.9285714286
392584,436476,437979,43892,1503,8,259200,30.2029274784
392584,436549,438154,43965,1605,8,259200,28.3925233645
392584,436605,438329,44021,1724,8,259200,26.5342227378
392584,437546,439104,44962,1558,8,259200,29.8587933248
392992,392998,396027,6,3029,2,36000,1.00198085177
393029,393035,396554,6,3519,2,36000,1.00170502984
393062,393068,395860,6,2792,2,36000,1.00214899713
393135,393141,396103,6,2962,2,36000,1.00202565834
393226,393232,395936,6,2704,2,36000,1.00221893491
393241,393247,396262,6,3015,2,36000,1.00199004975
393375,394413,397062,1038,2649,4,3600,1.39184597961
393386,393392,393458,6,66,1,3600,1.09090909091
393476,432728,519674,39252,86946,16,356400,1.45145262577
393548,393554,396147,6,2593,2,36000,1.0023139221
393600,393606,396572,6,2966,2,36000,1.0020229265
393619,393625,393644,6,19,1,3600,1.31578947368
393673,393679,393689,6,10,1,3600,1.6
393706,393712,393806,6,94,1,3600,1.06382978723
393771,393777,395019,6,1242,1,1200,1.00483091787
393792,394604,395237,812,633,6,600,2.28278041074
393866,393872,396849,6,2977,2,36000,1.0020154518
393881,393888,396873,7,2985,2,36000,1.00234505863
393900,393906,396732,6,2826,2,36000,1.00212314225
393901,393912,396906,11,2994,2,36000,1.0036740147
393922,393928,396839,6,2911,2,36000,1.00206114737
394032,394038,397548,6,3510,2,36000,1.00170940171
394033,394044,397111,11,3067,2,36000,1.00358656668
394101,394107,397170,6,3063,2,36000,1.00195886386
394102,394113,396994,11,2881,2,36000,1.00381811871
394163,394169,396709,6,2540,2,36000,1.00236220472
394255,394265,397160,10,2895,2,36000,1.00345423143
394301,394307,397129,6,2822,2,36000,1.00212615167
394384,395250,395701,866,451,12,600,2.92017738359
394400,400133,400449,5733,316,24,600,19.1424050633
394401,394407,397321,6,2914,2,36000,1.00205902539
394414,399831,400122,5417,291,36,600,19.6151202749
394468,394474,397461,6,2987,2,36000,1.00200870439
394483,394489,397331,6,2842,2,36000,1.0021111893
394510,394516,397106,6,2590,2,36000,1.00231660232
394592,394598,397385,6,2787,2,36000,1.00215285253
394625,394632,397773,7,3141,2,36000,1.00222858962
394640,394646,397687,6,3041,2,36000,1.00197303519
394661,394667,397771,6,3104,2,36000,1.00193298969
394770,394776,397784,6,3008,2,36000,1.00199468085
394804,394815,398124,11,3309,2,36000,1.00332426715
394837,394843,397663,6,2820,2,36000,1.00212765957
394860,431769,452369,36909,20600,4,288000,2.79169902913
394899,394905,397664,6,2759,2,36000,1.00217470098
394973,394979,397703,6,2724,2,36000,1.00220264317
395057,395063,398105,6,3042,2,36000,1.00197238659
395095,395101,395217,6,116,1,1200,1.05172413793
395176,395182,397947,6,2765,2,36000,1.00216998192
395224,395230,395231,6,1,1,300,1.0
395238,395244,395245,6,1,3,3600,1.0
395260,395266,395267,6,1,1,300,1.0
395261,395272,398400,11,3128,2,36000,1.00351662404
395261,395278,395282,17,4,3,3600,2.1
395304,434805,455660,39501,20855,2,108000,2.89407815871
395307,395318,398134,11,2816,2,36000,1.00390625
395307,395313,395318,6,5,1,300,1.1
395322,395329,398849,7,3520,2,36000,1.00198863636
395328,395335,395967,7,632,3,600,1.01107594937
395338,395344,398262,6,2918,2,36000,1.00205620288
395347,395504,395817,157,313,1,300,1.50159744409
395492,395498,398277,6,2779,2,36000,1.00215905002
395693,395712,398086,19,2374,3,3600,1.00800336984
395860,395866,398733,6,2867,2,36000,1.00209277991
395936,395942,398620,6,2678,2,36000,1.00224047797
396026,396032,399265,6,3233,2,36000,1.00185586143
396105,396112,398798,7,2686,2,36000,1.00260610573
396128,396160,396168,32,8,1,900,4.0
396148,396154,399179,6,3025,2,36000,1.00198347107
396263,396269,398993,6,2724,2,36000,1.00220264317
396315,400138,428975,3823,28837,2,28800,1.13257273642
396556,396562,399566,6,3004,2,36000,1.00199733688
396571,396577,399633,6,3056,2,36000,1.00196335079
396711,396717,399863,6,3146,2,36000,1.00190718373
396732,396738,399643,6,2905,2,36000,1.00206540448
396838,396844,399750,6,2906,2,36000,1.00206469374
396852,396859,400036,7,3177,2,36000,1.00220333648
396874,396880,399901,6,3021,2,36000,1.00198609732
396907,396913,400101,6,3188,2,36000,1.00188205772
396940,400460,400553,3520,93,14,9960,38.8494623656
396995,397002,399930,7,2928,2,36000,1.00239071038
397105,397111,400027,6,2916,2,36000,1.00205761317
397120,397126,400135,6,3009,2,36000,1.00199401795
397134,397143,400085,9,2942,2,36000,1.00305914344
397162,397168,400398,6,3230,2,36000,1.00185758514
397177,397183,400287,6,3104,2,36000,1.00193298969
397322,397328,400464,6,3136,2,36000,1.00191326531
397337,397343,400268,6,2925,2,36000,1.00205128205
397386,397400,400514,14,3114,2,36000,1.00449582531
397463,397468,400324,5,2856,2,36000,1.00175070028
397542,434816,459721,37274,24905,2,108000,2.49664725959
397548,397554,400437,6,2883,2,36000,1.00208116545
397664,397670,400454,6,2784,2,36000,1.00215517241
397665,397676,400535,11,2859,2,36000,1.00384749913
397690,397696,400426,6,2730,2,36000,1.0021978022
397705,397711,400689,6,2978,2,36000,1.00201477502
397772,397778,400935,6,3157,2,36000,1.00190053849
397773,397784,401210,11,3426,2,36000,1.00321074139
397789,397795,400478,6,2683,2,36000,1.00223630265
397950,397956,401128,6,3172,2,36000,1.00189155107
398108,437551,462053,39443,24502,2,108000,2.60978695617
398112,398117,400728,5,2611,2,36000,1.00191497511
398127,398133,401032,6,2899,2,36000,1.0020696792
398142,398148,401228,6,3080,2,36000,1.00194805195
398213,398219,398905,6,686,1,1740,1.00874635569
398263,398269,401325,6,3056,2,36000,1.00196335079
398278,398284,402005,6,3721,2,36000,1.00161246977
398402,398408,400993,6,2585,2,36000,1.00232108317
398620,398626,402020,6,3394,2,36000,1.00176782557
398733,398739,401843,6,3104,2,36000,1.00193298969
398797,398803,401818,6,3015,2,36000,1.00199004975
398851,398859,401712,8,2853,2,36000,1.0028040659
398993,399000,402149,7,3149,2,36000,1.00222292791
399182,399188,402301,6,3113,2,36000,1.00192740122
399212,400144,400687,932,543,2,1800,2.71639042357
399267,399273,402894,6,3621,2,36000,1.00165700083
399300,437556,439680,38256,2124,2,72000,19.011299435
399565,399572,402601,7,3029,2,36000,1.00231099373
399636,399642,402416,6,2774,2,36000,1.0021629416
399651,399657,403309,6,3652,2,36000,1.00164293538
399751,399757,402794,6,3037,2,36000,1.00197563385
399863,399869,402572,6,2703,2,36000,1.00221975583
399902,399908,402504,6,2596,2,36000,1.00231124807
399930,399936,403184,6,3248,2,36000,1.00184729064
400027,400034,402927,7,2893,2,36000,1.0024196336
400042,400049,403022,7,2973,2,36000,1.00235452405
400085,400091,402728,6,2637,2,36000,1.00227531286
400100,400106,403279,6,3173,2,36000,1.00189095493
400137,400150,403442,13,3292,2,36000,1.00394896719
400173,429877,431748,29704,1871,32,86400,16.8760021379
400199,437562,439483,37363,1921,2,72000,20.449765747
400271,400277,403540,6,3263,2,36000,1.00183879865
400286,400292,403156,6,2864,2,36000,1.00209497207
400322,437879,524295,37557,86416,2,86400,1.43460701722
400326,400332,403390,6,3058,2,36000,1.00196206671
400399,400405,403804,6,3399,2,36000,1.00176522507
400426,400432,403286,6,2854,2,36000,1.00210231254
400441,400448,403177,7,2729,2,36000,1.00256504214
400458,400466,403706,8,3240,2,36000,1.0024691358
400464,429872,443213,29408,13341,32,61200,3.20433250881
400472,400479,403445,7,2966,2,36000,1.00236008092
400487,400494,403647,7,3153,2,36000,1.00222010783
400516,400522,403162,6,2640,2,36000,1.00227272727
400538,400544,403515,6,2971,2,36000,1.00201952205
400550,400556,400570,6,14,1,900,1.42857142857
400689,400695,404174,6,3479,2,36000,1.00172463352
400729,400735,403654,6,2919,2,36000,1.00205549846
400801,400807,401440,6,633,2,1800,1.00947867299
400937,400943,403695,6,2752,2,36000,1.00218023256
400996,401002,404076,6,3074,2,36000,1.00195185426
401033,401039,403941,6,2902,2,36000,1.00206753963
401129,401135,404049,6,2914,2,36000,1.00205902539
401211,401218,404390,7,3172,2,36000,1.00220680958
401230,401236,404571,6,3335,2,36000,1.00179910045
401277,403665,403909,2388,244,14,9960,10.7868852459
401326,401332,404557,6,3225,2,36000,1.00186046512
401465,401471,401975,6,504,1,1740,1.0119047619
401716,401722,405002,6,3280,2,36000,1.00182926829
401820,401826,405088,6,3262,2,36000,1.00183936235
401842,401848,404705,6,2857,2,36000,1.00210010501
402007,402013,404918,6,2905,2,36000,1.00206540448
402023,402029,405675,6,3646,2,36000,1.00164563906
402148,402154,404879,6,2725,2,36000,1.00220183486
402241,411359,411641,9118,282,48,600,33.3333333333
402303,402309,405193,6,2884,2,36000,1.00208044383
402356,541940,786072,139584,244132,4,360000,1.57175626301
402416,402422,405585,6,3163,2,36000,1.00189693329
402417,431775,791812,29358,360037,2,360000,1.08154161933
402446,403173,403415,727,242,1,1740,4.0041322314
402505,402511,405139,6,2628,2,36000,1.00228310502
402574,402580,405746,6,3166,2,36000,1.00189513582
402602,402608,405677,6,3069,2,36000,1.00195503421
402644,403167,403792,523,625,2,600,1.8368
402728,402734,405565,6,2831,2,36000,1.00211939244
402796,402802,405474,6,2672,2,36000,1.00224550898
402897,402903,406477,6,3574,2,36000,1.00167879127
402928,402934,406118,6,3184,2,36000,1.00188442211
403019,403026,405631,7,2605,2,36000,1.00268714012
403155,403161,405881,6,2720,2,36000,1.00220588235
403170,403179,406291,9,3112,2,36000,1.00289203085
403186,403192,406060,6,2868,2,36000,1.00209205021
403187,403198,406305,11,3107,2,36000,1.00354039266
403279,403285,406485,6,3200,2,36000,1.001875
403294,403300,406311,6,3011,2,36000,1.00199269346
403309,403315,406285,6,2970,2,36000,1.00202020202
403392,403403,406584,11,3181,2,36000,1.00345803207
403442,403448,406531,6,3083,2,36000,1.00194615634
403457,403463,406484,6,3021,2,36000,1.00198609732
403515,403521,406491,6,2970,2,36000,1.00202020202
403539,403546,406525,7,2979,2,36000,1.00234978181
403646,403652,406392,6,2740,2,36000,1.00218978102
403661,403671,406441,10,2770,2,36000,1.0036101083
403694,403700,407046,6,3346,2,36000,1.00179318589
403709,403715,407209,6,3494,2,36000,1.00171722954
403807,403813,406664,6,2851,2,36000,1.00210452473
403895,437983,446121,34088,8138,2,43200,5.18874416319
403907,403913,403924,6,11,1,900,1.54545454545
403943,403949,406970,6,3021,2,36000,1.00198609732
404050,404056,406904,6,2848,2,36000,1.00210674157
404077,404083,406783,6,2700,2,36000,1.00222222222
404153,438055,445872,33902,7817,2,43200,5.33695791224
404174,404180,407450,6,3270,2,36000,1.00183486239
404393,404399,407400,6,3001,2,36000,1.00199933356
404524,404530,404531,6,1,3,3600,1.0
404555,404561,404565,6,4,3,3600,1.0
404556,404567,407373,11,2806,2,36000,1.00392017106
404571,404577,407328,6,2751,2,36000,1.00218102508
404636,404643,404644,7,1,3,3600,1.0
404648,404655,405962,7,1307,3,3600,1.00535577659
404673,404679,404895,6,216,1,1140,1.02777777778
404708,404714,407948,6,3234,2,36000,1.00185528757
404876,404882,404971,6,89,14,9960,1.06741573034
404881,404888,407770,7,2882,2,36000,1.00242886884
404917,404923,408031,6,3108,2,36000,1.00193050193
404939,438060,449380,33121,11320,2,43200,3.92588339223
404969,404975,404988,6,13,1,900,1.46153846154
405003,405009,407652,6,2643,2,36000,1.00227014756
405088,405099,407800,11,2701,2,36000,1.00407256572
405140,405151,408420,11,3269,2,36000,1.00336494341
405194,405205,408088,11,2883,2,36000,1.00381547
405476,405485,408395,9,2910,2,36000,1.00309278351
405565,405576,408486,11,2910,2,36000,1.00378006873
405587,405596,408900,9,3304,2,36000,1.00272397094
405632,405642,408405,10,2763,2,36000,1.00361925443
405676,405686,408523,10,2837,2,36000,1.00352485019
405691,405697,408675,6,2978,2,36000,1.00201477502
405745,405757,408998,12,3241,2,36000,1.00370256094
405856,405862,405954,6,92,14,9960,1.0652173913
405882,405892,408993,10,3101,2,36000,1.0032247662
405952,405957,405969,5,12,1,900,1.41666666667
406061,406071,409107,10,3036,2,36000,1.00329380764
406119,406130,409058,11,2928,2,36000,1.0037568306
406277,406283,406538,6,255,1,1140,1.02352941176
406286,406296,409041,10,2745,2,36000,1.00364298725
406301,406307,409150,6,2843,2,36000,1.00211044671
406317,406322,409080,5,2758,2,36000,1.0018129079
406318,406328,409740,10,3412,2,36000,1.00293083236
406394,406403,409154,9,2751,2,36000,1.00327153762
406443,406453,409196,10,2743,2,36000,1.00364564346
406479,406488,409388,9,2900,2,36000,1.00310344828
406495,406501,409550,6,3049,2,36000,1.00196785831
406496,406507,409556,11,3049,2,36000,1.00360774024
406497,406512,409538,15,3026,2,36000,1.004957039
406528,406536,409605,8,3069,2,36000,1.00260671228
406543,406549,409457,6,2908,2,36000,1.00206327373
406586,406595,409878,9,3283,2,36000,1.00274139507
406665,406675,409497,10,2822,2,36000,1.00354358611
406783,406795,410077,12,3282,2,36000,1.00365630713
406831,406837,407101,6,264,1,1140,1.02272727273
406875,411657,413487,4782,1830,2,28800,3.6131147541
406905,406916,409976,11,3060,2,36000,1.00359477124
406972,406981,409649,9,2668,2,36000,1.00337331334
407036,407042,407129,6,87,14,9960,1.06896551724
407049,407058,409973,9,2915,2,36000,1.00308747856
407127,407133,407143,6,10,1,900,1.6
407209,407220,410022,11,2802,2,36000,1.00392576731
407330,407339,410388,9,3049,2,36000,1.00295178747
407373,407384,410123,11,2739,2,36000,1.00401606426
407403,407412,410531,9,3119,2,36000,1.00288554024
407451,407466,410581,15,3115,2,36000,1.00481540931
407453,407460,407471,7,11,1,600,1.63636363636
407606,407612,408415,6,803,1,1140,1.00747198007
407655,407663,410731,8,3068,2,36000,1.00260756193
407771,407781,410997,10,3216,2,36000,1.00310945274
407801,407811,410861,10,3050,2,36000,1.00327868852
407950,407959,410904,9,2945,2,36000,1.00305602716
408004,411501,411590,3497,89,14,9960,40.2921348315
408032,408042,411546,10,3504,2,36000,1.00285388128
408090,408099,410815,9,2716,2,36000,1.00331369661
408396,408407,411459,11,3052,2,36000,1.00360419397
408411,408417,411335,6,2918,2,36000,1.00205620288
408426,408432,411365,6,2933,2,36000,1.00204568701
408487,408498,411553,11,3055,2,36000,1.00360065466
408524,408535,411697,11,3162,2,36000,1.00347881088
408674,408686,411547,12,2861,2,36000,1.00419433764
408881,411601,411675,2720,74,14,9960,37.7567567568
408902,408912,412230,10,3318,2,36000,1.00301386377
408993,409005,412157,12,3152,2,36000,1.0038071066
409008,409014,412017,6,3003,2,36000,1.001998002
409099,409105,412001,6,2896,2,36000,1.0020718232
409100,409111,412676,11,3565,2,36000,1.003085554
409101,409116,411689,15,2573,2,36000,1.0058297707
409116,409122,412064,6,2942,2,36000,1.00203942896
409150,409161,412241,11,3080,2,36000,1.00357142857
409165,409171,411903,6,2732,2,36000,1.00219619327
409195,409207,412025,12,2818,2,36000,1.00425833925
409389,409399,412070,10,2671,2,36000,1.00374391614
409459,409468,412597,9,3129,2,36000,1.00287631831
409495,409508,412247,13,2739,2,36000,1.00474625776
409538,409549,412956,11,3407,2,36000,1.0032286469
409553,409561,412588,8,3027,2,36000,1.00264288074
409568,409574,412539,6,2965,2,36000,1.00202360877
409607,409617,412574,10,2957,2,36000,1.00338180588
409648,409661,412936,13,3275,2,36000,1.00396946565
409742,409752,413153,10,3401,2,36000,1.00294031167
409755,409761,410465,6,704,1,1140,1.00852272727
409879,409889,413070,10,3181,2,36000,1.00314366551
409973,409984,413071,11,3087,2,36000,1.00356333009
409989,409995,412836,6,2841,2,36000,1.00211193242
410023,410033,413047,10,3014,2,36000,1.00331785003
410078,410088,413130,10,3042,2,36000,1.00328731098
410124,410134,413092,10,2958,2,36000,1.00338066261
410390,410399,413233,9,2834,2,36000,1.00317572336
410532,410542,413895,10,3353,2,36000,1.00298240382
410581,410592,413742,11,3150,2,36000,1.00349206349
410733,410742,413842,9,3100,2,36000,1.00290322581
410814,410826,413991,12,3165,2,36000,1.00379146919
410860,410872,413826,12,2954,2,36000,1.00406228842
410906,410915,414098,9,3183,2,36000,1.00282752121
410997,411008,413975,11,2967,2,36000,1.0037074486
411336,411346,414404,10,3058,2,36000,1.00327011118
411366,411376,414133,10,2757,2,36000,1.00362713094
411460,411470,414392,10,2922,2,36000,1.00342231348
411549,411557,414616,8,3059,2,36000,1.00261523374
411550,411563,414366,13,2803,2,36000,1.00463788798
411566,411572,414409,6,2837,2,36000,1.00211491012
411588,411594,411606,6,12,1,900,1.5
411673,411679,411689,6,10,1,900,1.6
411691,411701,414626,10,2925,2,36000,1.00341880342
411706,411712,414798,6,3086,2,36000,1.00194426442
411906,411915,415041,9,3126,2,36000,1.00287907869
411961,438065,490536,26104,52471,3,82800,1.49749385375
412000,412012,415016,12,3004,2,36000,1.00399467377
412018,412028,415118,10,3090,2,36000,1.00323624595
412033,412039,414847,6,2808,2,36000,1.00213675214
412064,412075,415362,11,3287,2,36000,1.00334651658
412079,412085,414784,6,2699,2,36000,1.00222304557
412158,412169,414934,11,2765,2,36000,1.00397830018
412230,412241,415584,11,3343,2,36000,1.00329045767
412246,412253,415019,7,2766,2,36000,1.0025307303
412248,412259,415229,11,2970,2,36000,1.0037037037
412330,412336,414491,6,2155,16,3600,1.00278422274
412501,412515,414752,14,2237,16,3600,1.00625838176
412541,412551,415509,10,2958,2,36000,1.00338066261
412574,412585,415457,11,2872,2,36000,1.00383008357
412590,412600,415262,10,2662,2,36000,1.003756574
412605,412611,415573,6,2962,2,36000,1.00202565834
412675,412687,415488,12,2801,2,36000,1.00428418422
412707,414502,414650,1795,148,14,9960,13.1283783784
412767,414507,414598,1740,91,14,9960,20.1208791209
412836,412848,415907,12,3059,2,36000,1.0039228506
412936,412947,415947,11,3000,2,36000,1.00366666667
412957,412967,415768,10,2801,2,36000,1.00357015352
413049,413058,416088,9,3030,2,36000,1.00297029703
413071,413081,416363,10,3282,2,36000,1.00304692261
413073,413087,416169,14,3082,2,36000,1.00454250487
413094,413104,416259,10,3155,2,36000,1.00316957211
413130,413142,416049,12,2907,2,36000,1.00412796698
413152,413165,416109,13,2944,2,36000,1.00441576087
413234,413244,416047,10,2803,2,36000,1.00356760614
413742,413754,416496,12,2742,2,36000,1.00437636761
413827,413837,416567,10,2730,2,36000,1.00366300366
413842,413853,416758,11,2905,2,36000,1.00378657487
413897,413906,416693,9,2787,2,36000,1.00322927879
413976,413986,416923,10,2937,2,36000,1.00340483487
413991,414002,417505,11,3503,2,36000,1.00314016557
414100,414109,416878,9,2769,2,36000,1.00325027086
414131,414144,417062,13,2918,2,36000,1.00445510624
414368,414377,417408,9,3031,2,36000,1.00296931706
414395,414404,417438,9,3034,2,36000,1.00296638102
414411,414417,417698,6,3281,2,36000,1.00182871076
414412,414423,417205,11,2782,2,36000,1.00395398994
414598,414604,414615,6,11,1,900,1.54545454545
414618,414627,417453,9,2826,2,36000,1.00318471338
414633,414639,417268,6,2629,2,36000,1.00228223659
414647,414654,414662,7,8,1,900,1.5
414784,414795,417645,11,2850,2,36000,1.00385964912
414799,414809,418320,10,3511,2,36000,1.0028481914
414848,414858,417863,10,3005,2,36000,1.00332778702
414936,414945,418049,9,3104,2,36000,1.00289948454
415018,415027,418096,9,3069,2,36000,1.00293255132
415033,415040,417773,7,2733,2,36000,1.00256128796
415048,415054,417949,6,2895,2,36000,1.00207253886
415118,415129,418460,11,3331,2,36000,1.00330231162
415230,415240,418405,10,3165,2,36000,1.00315955766
415255,415261,415350,6,89,14,9960,1.06741573034
415264,415274,418156,10,2882,2,36000,1.00346981263
415348,415355,415368,7,13,1,900,1.53846153846
415364,415373,418240,9,2867,2,36000,1.00313916986
415458,415468,418326,10,2858,2,36000,1.00349895031
415488,415500,418227,12,2727,2,36000,1.00440044004
415510,415520,418468,10,2948,2,36000,1.00339213026
415516,415526,415659,10,133,14,9960,1.07518796992
415526,434810,435968,19284,1158,16,43200,17.6528497409
415574,415584,418419,10,2835,2,36000,1.00352733686
415589,415595,418948,6,3353,2,36000,1.00178944229
415657,415663,415676,6,13,1,900,1.46153846154
415771,415779,418377,8,2598,2,36000,1.00307929176
415910,415918,419044,8,3126,2,36000,1.00255918106
415947,415958,418705,11,2747,2,36000,1.0040043684
416048,416058,418919,10,2861,2,36000,1.00349528137
416050,416064,418925,14,2861,2,36000,1.00489339392
416090,416099,418913,9,2814,2,36000,1.00319829424
416111,416120,419198,9,3078,2,36000,1.00292397661
416172,416180,419152,8,2972,2,36000,1.00269179004
416214,416220,416368,6,148,14,9960,1.04054054054
416259,416271,419681,12,3410,2,36000,1.00351906158
416364,416371,416385,7,14,1,900,1.5
416366,416377,419421,11,3044,2,36000,1.00361366623
416499,416508,419419,9,2911,2,36000,1.00309172106
416569,416578,419989,9,3411,2,36000,1.00263852243
416693,416704,420197,11,3493,2,36000,1.00314915545
416702,416710,416783,8,73,14,9960,1.1095890411
416758,416769,419638,11,2869,2,36000,1.00383408853
416781,416787,416797,6,10,1,900,1.6
416880,416889,419650,9,2761,2,36000,1.00325968852
416923,416935,420068,12,3133,2,36000,1.0038301947
417064,417073,419895,9,2822,2,36000,1.0031892275
417101,417108,417250,7,142,14,9960,1.04929577465
417206,417216,420374,10,3158,2,36000,1.00316656111
417248,417254,417267,6,13,1,900,1.46153846154
417271,417279,420411,8,3132,2,36000,1.00255427842
417410,417420,420245,10,2825,2,36000,1.00353982301
417438,417449,420378,11,2929,2,36000,1.00375554797
417453,417464,421263,11,3799,2,36000,1.00289549882
417508,417516,420519,8,3003,2,36000,1.00266400266
417647,417656,420687,9,3031,2,36000,1.00296931706
417699,417709,421107,10,3398,2,36000,1.00294290759
417775,417785,421101,10,3316,2,36000,1.00301568154
417863,417874,421021,11,3147,2,36000,1.00349539244
417951,417960,421377,9,3417,2,36000,1.00263388938
418051,418061,420838,10,2777,2,36000,1.00360100828
418097,418107,420782,10,2675,2,36000,1.00373831776
418136,418142,418312,6,170,14,9960,1.03529411765
418159,418168,421767,9,3599,2,36000,1.00250069464
418231,418238,421180,7,2942,2,36000,1.00237933379
418246,418252,421187,6,2935,2,36000,1.00204429302
418311,418317,418329,6,12,1,900,1.5
418323,418331,421099,8,2768,2,36000,1.00289017341
418338,418344,421603,6,3259,2,36000,1.00184105554
418378,418388,421292,10,2904,2,36000,1.00344352617
418405,418416,421629,11,3213,2,36000,1.00342359166
418420,418430,421230,10,2800,2,36000,1.00357142857
418460,418471,421268,11,2797,2,36000,1.00393278513
418476,418482,421392,6,2910,2,36000,1.00206185567
418479,418488,418698,9,210,14,9960,1.04285714286
418693,418699,418712,6,13,1,900,1.46153846154
418706,418716,421912,10,3196,2,36000,1.00312891114
418792,418799,418801,7,2,2,3540,1.0
418914,418924,421741,10,2817,2,36000,1.00354987575
418929,418935,421992,6,3057,2,36000,1.00196270854
418930,418941,422029,11,3088,2,36000,1.00356217617
418949,418959,422554,10,3595,2,36000,1.00278164117
419044,419055,421680,11,2625,2,36000,1.00419047619
419153,419163,422117,10,2954,2,36000,1.00338524035
419198,419209,422715,11,3506,2,36000,1.00313747861
419420,419430,422492,10,3062,2,36000,1.00326583932
419421,419436,422276,15,2840,2,36000,1.00528169014
419462,419468,419605,6,137,14,9960,1.04379562044
419603,419609,419623,6,14,1,900,1.42857142857
419641,419649,422766,8,3117,2,36000,1.00256657042
419656,419662,422315,6,2653,2,36000,1.00226159065
419684,419692,422576,8,2884,2,36000,1.0027739251
419713,419719,419860,6,141,14,9960,1.04255319149
419858,419865,419879,7,14,1,900,1.5
419897,419906,422866,9,2960,2,36000,1.00304054054
419991,420001,423282,10,3281,2,36000,1.00304785126
420071,420079,422653,8,2574,2,36000,1.00310800311
420199,420208,423025,9,2817,2,36000,1.00319488818
420247,420256,423144,9,2888,2,36000,1.00311634349
420375,420385,423304,10,2919,2,36000,1.00342583076
420390,420396,423298,6,2902,2,36000,1.00206753963
420411,420422,423322,11,2900,2,36000,1.00379310345
420517,420523,420671,6,148,14,9960,1.04054054054
420521,420531,423494,10,2963,2,36000,1.00337495781
420544,420550,420727,6,177,14,9960,1.03389830508
420670,420676,420688,6,12,1,900,1.5
420687,420698,423776,11,3078,2,36000,1.00357374919
420724,420730,420743,6,13,1,900,1.46153846154
420785,420794,423687,9,2893,2,36000,1.00311095748
420839,420849,423844,10,2995,2,36000,1.00333889816
421021,421032,424059,11,3027,2,36000,1.00363396102
421100,421110,423859,10,2749,2,36000,1.00363768643
421101,421116,423876,15,2760,2,36000,1.00543478261
421117,421124,424277,7,3153,2,36000,1.00222010783
421182,421191,424222,9,3031,2,36000,1.00296931706
421196,421203,423959,7,2756,2,36000,1.00253991292
421230,421241,424278,11,3037,2,36000,1.00362199539
421264,421274,424211,10,2937,2,36000,1.00340483487
421279,421285,424394,6,3109,2,36000,1.00192988099
421294,421304,424477,10,3173,2,36000,1.00315159155
421379,421388,424372,9,2984,2,36000,1.00301608579
421394,421403,424405,9,3002,2,36000,1.00299800133
421407,434795,434926,13388,131,14,9960,103.198473282
421603,434800,434945,13197,145,14,9960,92.0137931034
421603,421614,424702,11,3088,2,36000,1.00356217617
421631,421640,424626,9,2986,2,36000,1.00301406564
421682,421691,424740,9,3049,2,36000,1.00295178747
421744,421752,425165,8,3413,2,36000,1.0023439789
421768,421778,424769,10,2991,2,36000,1.00334336342
421914,421924,424751,10,2827,2,36000,1.00353731871
421994,422004,425257,10,3253,2,36000,1.00307408546
422030,422040,425243,10,3203,2,36000,1.00312207306
422141,422148,424961,7,2813,2,36000,1.0024884465
422277,422287,424841,10,2554,2,36000,1.00391542678
422316,422327,425438,11,3111,2,36000,1.00353584057
422493,422504,426062,11,3558,2,36000,1.00309162451
422556,422565,425401,9,2836,2,36000,1.00317348378
422577,422588,425174,11,2586,2,36000,1.00425367363
422654,422664,425781,10,3117,2,36000,1.00320821303
422722,422727,425704,5,2977,2,36000,1.00167954316
422769,422777,425878,8,3101,2,36000,1.00257981296
422868,422877,426578,9,3701,2,36000,1.0024317752
423026,423037,425933,11,2896,2,36000,1.00379834254
423145,423155,426269,10,3114,2,36000,1.00321130379
423282,423293,426121,11,2828,2,36000,1.00388967468
423300,423309,426497,9,3188,2,36000,1.00282308657
423316,423322,426225,6,2903,2,36000,1.00206682742
423331,423337,426078,6,2741,2,36000,1.00218898212
423499,423505,426404,6,2899,2,36000,1.0020696792
423513,423519,423575,6,56,2,3600,1.10714285714
423688,423698,426536,10,2838,2,36000,1.00352360817
423791,423797,427149,6,3352,2,36000,1.00178997613
423846,423856,426669,10,2813,2,36000,1.00355492357
423861,423870,426763,9,2893,2,36000,1.00311095748
423876,423887,426661,11,2774,2,36000,1.00396539293
423960,423971,427362,11,3391,2,36000,1.00324388086
424072,424078,427372,6,3294,2,36000,1.00182149362
424214,424222,427506,8,3284,2,36000,1.00243605359
424231,424237,427508,6,3271,2,36000,1.00183430144
424280,424289,427352,9,3063,2,36000,1.00293829579
424281,424295,427219,14,2924,2,36000,1.0047879617
424374,424383,427181,9,2798,2,36000,1.00321658327
424396,424405,426986,9,2581,2,36000,1.00348702053
424413,424419,427278,6,2859,2,36000,1.00209863589
424480,424488,427200,8,2712,2,36000,1.00294985251
424629,424638,427779,9,3141,2,36000,1.00286532951
424703,424714,427481,11,2767,2,36000,1.00397542465
424741,424752,427697,11,2945,2,36000,1.00373514431
424757,424762,427500,5,2738,2,36000,1.00182615047
424773,424780,427815,7,3035,2,36000,1.00230642504
424859,424865,427513,6,2648,2,36000,1.00226586103
424964,424972,427650,8,2678,2,36000,1.00298730396
425166,425176,427527,10,2351,2,36000,1.00425350915
425182,425188,428515,6,3327,2,36000,1.00180342651
425243,425255,428301,12,3046,2,36000,1.00393959291
425259,425269,428143,10,2874,2,36000,1.00347947112
425433,425439,428286,6,2847,2,36000,1.00210748156
425449,425455,428395,6,2940,2,36000,1.00204081633
425705,425715,429234,10,3519,2,36000,1.0028417164
425781,425792,429093,11,3301,2,36000,1.00333232354
425879,425889,428973,10,3084,2,36000,1.00324254215
425944,425950,428746,6,2796,2,36000,1.00214592275
426064,426073,428783,9,2710,2,36000,1.00332103321
426080,426089,429111,9,3022,2,36000,1.00297816016
426123,426132,429634,9,3502,2,36000,1.00256996002
426262,426268,429110,6,2842,2,36000,1.0021111893
426276,426283,429834,7,3551,2,36000,1.0019712757
426405,426415,429424,10,3009,2,36000,1.00332336324
426503,426510,429686,7,3176,2,36000,1.00220403023
426538,426547,429885,9,3338,2,36000,1.00269622528
426578,426589,429760,11,3171,2,36000,1.00346893724
426662,426672,429333,10,2661,2,36000,1.00375798572
426677,426683,429543,6,2860,2,36000,1.0020979021
426777,426783,429947,6,3164,2,36000,1.00189633375
426987,426997,429869,10,2872,2,36000,1.00348189415
427153,427160,429929,7,2769,2,36000,1.00252798844
427186,427193,429836,7,2643,2,36000,1.00264850549
427201,427211,430074,10,2863,2,36000,1.00349283968
427219,427230,430468,11,3238,2,36000,1.00339715874
427285,427290,430570,5,3280,2,36000,1.00152439024
427362,427368,430490,6,3122,2,36000,1.00192184497
427363,427374,430330,11,2956,2,36000,1.00372124493
427378,427384,430116,6,2732,2,36000,1.00219619327
427483,427492,431606,9,4114,2,36000,1.00218765192
427502,427511,430526,9,3015,2,36000,1.00298507463
427521,427527,430781,6,3254,2,36000,1.00184388445
427522,427533,430868,11,3335,2,36000,1.00329835082
427523,427538,430846,15,3308,2,36000,1.00453446191
427539,427545,430759,6,3214,2,36000,1.00186683261
427655,427661,430378,6,2717,2,36000,1.002208318
427698,427708,430803,10,3095,2,36000,1.00323101777
427779,427790,430670,11,2880,2,36000,1.00381944444
427816,427827,430511,11,2684,2,36000,1.00409836066
428142,428154,431617,12,3463,2,36000,1.00346520358
428287,428297,431178,10,2881,2,36000,1.00347101701
428302,428313,432031,11,3718,2,36000,1.00295857988
428396,428407,431314,11,2907,2,36000,1.00378396973
428520,428526,431684,6,3158,2,36000,1.00189993667
428754,428760,431761,6,3001,2,36000,1.00199933356
428785,428794,431659,9,2865,2,36000,1.00314136126
428974,428984,431948,10,2964,2,36000,1.00337381916
429094,429104,432137,10,3033,2,36000,1.00329706561
429110,429121,432045,11,2924,2,36000,1.0037619699
429111,429127,432062,16,2935,2,36000,1.00545144804
429237,429246,431983,9,2737,2,36000,1.00328827183
429335,429344,432414,9,3070,2,36000,1.00293159609
429427,429435,432224,8,2789,2,36000,1.00286841162
429559,429565,432366,6,2801,2,36000,1.00214209211
429636,429646,432558,10,2912,2,36000,1.00343406593
429686,429697,432226,11,2529,2,36000,1.00434954527
429761,429772,432981,11,3209,2,36000,1.00342785915
429855,429860,432816,5,2956,2,36000,1.00169147497
429856,429866,432647,10,2781,2,36000,1.00359582884
429879,429885,432740,6,2855,2,36000,1.00210157618
429895,429901,432539,6,2638,2,36000,1.00227445034
429933,429940,433086,7,3146,2,36000,1.00222504768
429948,429958,432741,10,2783,2,36000,1.0035932447
430077,430086,433249,9,3163,2,36000,1.00284539994
430128,430134,432953,6,2819,2,36000,1.00212841433
430330,430341,433153,11,2812,2,36000,1.00391180654
430381,430390,433424,9,3034,2,36000,1.00296638102
430470,430479,433224,9,2745,2,36000,1.00327868852
430491,430502,433776,11,3274,2,36000,1.00335980452
430516,430522,433058,6,2536,2,36000,1.0023659306
430531,430538,433272,7,2734,2,36000,1.00256035113
430571,430581,433497,10,2916,2,36000,1.00342935528
430671,430682,433913,11,3231,2,36000,1.00340451872
430760,430770,433676,10,2906,2,36000,1.00344115623
430783,430793,433787,10,2994,2,36000,1.00334001336
430805,430814,433864,9,3050,2,36000,1.00295081967
430849,430857,433777,8,2920,2,36000,1.00273972603
430870,430880,433454,10,2574,2,36000,1.00388500389
431181,431189,434185,8,2996,2,36000,1.00267022697
431316,431325,434703,9,3378,2,36000,1.0026642984
431608,431617,434254,9,2637,2,36000,1.00341296928
431623,431628,434549,5,2921,2,36000,1.00171174255
431659,431670,434845,11,3175,2,36000,1.00346456693
431687,431696,434555,9,2859,2,36000,1.00314795383
431761,431781,434774,20,2993,2,36000,1.0066822586
431949,431959,435307,10,3348,2,36000,1.00298685783
431983,431994,434998,11,3004,2,36000,1.00366178429
432033,432042,434641,9,2599,2,36000,1.00346287033
432048,432058,435251,10,3193,2,36000,1.00313185092
432063,432073,435340,10,3267,2,36000,1.00306091215
432160,432166,435398,6,3232,2,36000,1.00185643564
432226,432235,435502,9,3267,2,36000,1.00275482094
432227,432241,434794,14,2553,2,36000,1.00548374461
432368,432377,435487,9,3110,2,36000,1.00289389068
432430,432436,436024,6,3588,2,36000,1.0016722408
432540,432550,435565,10,3015,2,36000,1.00331674959
432558,432569,435862,11,3293,2,36000,1.00334041907
432647,432658,435406,11,2748,2,36000,1.00400291121
432743,432751,435656,8,2905,2,36000,1.00275387263
432745,432757,435934,12,3177,2,36000,1.00377714825
432819,432828,435667,9,2839,2,36000,1.00317013033
432955,432964,435700,9,2736,2,36000,1.00328947368
432992,432998,435934,6,2936,2,36000,1.00204359673
433059,433069,436001,10,2932,2,36000,1.0034106412
433087,433098,435974,11,2876,2,36000,1.00382475661
433154,433164,436307,10,3143,2,36000,1.00318167356
433227,433235,436522,8,3287,2,36000,1.00243383024
433251,433260,435970,9,2710,2,36000,1.00332103321
433312,433318,436280,6,2962,2,36000,1.00202565834
433425,433435,436542,10,3107,2,36000,1.00321853878
433455,433465,436492,10,3027,2,36000,1.00330360093
433501,433508,436343,7,2835,2,36000,1.0024691358
433677,433687,436373,10,2686,2,36000,1.00372300819
433778,433787,436987,9,3200,2,36000,1.0028125
433779,433793,436900,14,3107,2,36000,1.0045059543
433794,433801,436837,7,3036,2,36000,1.00230566535
433889,433895,437044,6,3149,2,36000,1.00190536678
433916,433925,437133,9,3208,2,36000,1.00280548628
434186,434197,437201,11,3004,2,36000,1.00366178429
434256,434265,437183,9,2918,2,36000,1.00308430432
434550,434560,437216,10,2656,2,36000,1.00376506024
434565,434571,437635,6,3064,2,36000,1.00195822454
434646,434652,437712,6,3060,2,36000,1.00196078431
434712,434719,438260,7,3541,2,36000,1.0019768427
434774,434785,437842,11,3057,2,36000,1.00359829899
434795,434832,437786,37,2954,2,36000,1.0125253893
434846,434856,437529,10,2673,2,36000,1.00374111485
434926,434932,434940,6,8,1,900,1.4
434943,434951,434958,8,7,1,900,1.5
435000,435013,437851,13,2838,2,36000,1.00458069063
435252,435262,438122,10,2860,2,36000,1.0034965035
435329,435335,438715,6,3380,2,36000,1.00177514793
435344,435351,438985,7,3634,2,36000,1.00192625206
435399,435409,438153,10,2744,2,36000,1.00364431487
435414,435420,438768,6,3348,2,36000,1.0017921147
435487,435498,438339,11,2841,2,36000,1.0038718761
435502,435513,438571,11,3058,2,36000,1.0035971223
435523,437874,438044,2351,170,14,9960,14.8294117647
435586,435592,438442,6,2850,2,36000,1.00210526316
435657,435667,438845,10,3178,2,36000,1.0031466331
435672,435678,438500,6,2822,2,36000,1.00212615167
435703,435711,439114,8,3403,2,36000,1.00235086688
435826,437990,438129,2164,139,14,9960,16.5683453237
435868,435874,438461,6,2587,2,36000,1.00231928875
435935,435945,439076,10,3131,2,36000,1.00319386777
435937,435950,438618,13,2668,2,36000,1.00487256372
435970,435990,438788,20,2798,2,36000,1.00714796283
435985,435996,438672,11,2676,2,36000,1.00411061286
436004,436012,439037,8,3025,2,36000,1.0026446281
436025,436035,439317,10,3282,2,36000,1.00304692261
436283,436292,439058,9,2766,2,36000,1.0032537961
436308,436318,439528,10,3210,2,36000,1.0031152648
436344,436356,439530,12,3174,2,36000,1.00378071834
436375,436384,439570,9,3186,2,36000,1.00282485876
436492,436503,439254,11,2751,2,36000,1.00399854598
436522,436533,439632,11,3099,2,36000,1.00354953211
436544,436555,439352,11,2797,2,36000,1.00393278513
436837,436848,439919,11,3071,2,36000,1.00358189515
436901,436911,439948,10,3037,2,36000,1.00329272308
437000,437007,439702,7,2695,2,36000,1.0025974026
437044,437055,440411,11,3356,2,36000,1.00327771156
437135,437144,440185,9,3041,2,36000,1.00295955278
437184,437195,440124,11,2929,2,36000,1.00375554797
437202,437212,440411,10,3199,2,36000,1.00312597687
437217,437227,440065,10,2838,2,36000,1.00352360817
437526,437540,440292,14,2752,2,36000,1.0050872093
437635,437646,440878,11,3232,2,36000,1.00340346535
437714,437723,440832,9,3109,2,36000,1.00289482149
437787,437797,440632,10,2835,2,36000,1.00352733686
437845,437853,440942,8,3089,2,36000,1.0025898349
437869,437885,441062,16,3177,2,36000,1.00503619767
438043,438049,438062,6,13,1,900,1.46153846154
438122,438128,441033,6,2905,2,36000,1.00206540448
438127,438134,438142,7,8,1,900,1.5
438175,438182,441466,7,3284,2,36000,1.00213154689
438261,438267,441639,6,3372,2,36000,1.00177935943
438340,438346,441465,6,3119,2,36000,1.00192369349
438455,438462,441358,7,2896,2,36000,1.00241712707
438473,438479,441460,6,2981,2,36000,1.0020127474
438501,438507,441631,6,3124,2,36000,1.0019206146
438574,438580,441487,6,2907,2,36000,1.00206398349
438619,438625,441467,6,2842,2,36000,1.0021111893
438673,438680,441546,7,2866,2,36000,1.00244242847
438716,438722,441736,6,3014,2,36000,1.00199071002
438781,438787,442056,6,3269,2,36000,1.00183542368
438796,438802,441772,6,2970,2,36000,1.00202020202
438834,439115,439269,281,154,14,9960,2.82467532468
438848,438854,441572,6,2718,2,36000,1.00220750552
438987,438993,441670,6,2677,2,36000,1.0022413149
439050,439056,441997,6,2941,2,36000,1.00204012241
439075,439082,441978,7,2896,2,36000,1.00241712707
439077,439088,441924,11,2836,2,36000,1.0038787024
439113,439121,441803,8,2682,2,36000,1.00298284862
439256,439263,442523,7,3260,2,36000,1.00214723926
439267,439273,439283,6,10,1,900,1.6
439332,439339,442399,7,3060,2,36000,1.0022875817
439370,439376,442005,6,2629,2,36000,1.00228223659
439531,439537,442367,6,2830,2,36000,1.00212014134
439532,439543,442755,11,3212,2,36000,1.00342465753
439571,439577,442242,6,2665,2,36000,1.00225140713
439575,441586,441745,2011,159,14,9960,13.6477987421
439634,439640,442462,6,2822,2,36000,1.00212615167
439704,439710,442379,6,2669,2,36000,1.00224803297
439926,439932,443350,6,3418,2,36000,1.00175541252
439955,439961,443423,6,3462,2,36000,1.00173310225
440061,440067,442768,6,2701,2,36000,1.00222139948
440126,440132,443853,6,3721,2,36000,1.00161246977
440187,440193,443294,6,3101,2,36000,1.00193485972
440232,441756,441898,1524,142,14,9960,11.7323943662
440293,440300,443274,7,2974,2,36000,1.00235373235
440309,448517,468913,8208,20396,2,86400,1.40243184938
440414,440420,443511,6,3091,2,36000,1.00194111938
440416,440426,443891,10,3465,2,36000,1.00288600289
440632,440638,443469,6,2831,2,36000,1.00211939244
440859,440865,444397,6,3532,2,36000,1.00169875425
440878,440884,443677,6,2793,2,36000,1.00214822771
440944,440950,444519,6,3569,2,36000,1.00168114318
441034,441040,444077,6,3037,2,36000,1.00197563385
441061,441068,444668,7,3600,2,36000,1.00194444444
441360,441366,444341,6,2975,2,36000,1.00201680672
441376,441382,441579,6,197,1,3600,1.03045685279
441459,441466,444210,7,2744,2,36000,1.00255102041
441477,441483,444488,6,3005,2,36000,1.00199667221
441478,441489,444894,11,3405,2,36000,1.00323054332
441479,441494,444635,15,3141,2,36000,1.00477554919
441494,441500,444733,6,3233,2,36000,1.00185586143
441549,441555,444277,6,2722,2,36000,1.00220426157
441574,441580,444268,6,2688,2,36000,1.00223214286
441633,441639,444816,6,3177,2,36000,1.00188857413
441648,441654,444433,6,2779,2,36000,1.00215905002
441672,441678,444744,6,3066,2,36000,1.00195694716
441733,441742,441779,9,37,1,900,1.24324324324
441744,441750,444352,6,2602,2,36000,1.00230591852
441772,441778,444347,6,2569,2,36000,1.00233553912
441773,441784,442158,11,374,1,3600,1.02941176471
441803,441810,444835,7,3025,2,36000,1.00231404959
441895,441901,441918,6,17,1,900,1.35294117647
441927,441933,444717,6,2784,2,36000,1.00215517241
441979,441986,445338,7,3352,2,36000,1.00208830549
441998,442005,444692,7,2687,2,36000,1.00260513584
442023,442029,444904,6,2875,2,36000,1.00208695652
442060,442066,444720,6,2654,2,36000,1.00226073851
442089,442095,442441,6,346,2,1800,1.01734104046
442246,442253,445496,7,3243,2,36000,1.00215849522
442372,442378,445240,6,2862,2,36000,1.00209643606
442387,442393,445291,6,2898,2,36000,1.00207039337
442403,442409,445177,6,2768,2,36000,1.00216763006
442464,442470,445436,6,2966,2,36000,1.0020229265
442525,442532,445359,7,2827,2,36000,1.0024761231
442552,442558,443430,6,872,1,3600,1.00688073394
442605,442783,442869,178,86,14,9960,3.06976744186
442711,442880,443002,169,122,14,9960,2.38524590164
442755,442761,445640,6,2879,2,36000,1.00208405696
442771,442777,445817,6,3040,2,36000,1.00197368421
442867,442873,442879,6,6,1,900,1.2
443001,443007,443019,6,12,1,900,1.5
443277,443283,446082,6,2799,2,36000,1.00214362272
443295,443301,446545,6,3244,2,36000,1.00184956843
443353,443359,446390,6,3031,2,36000,1.0019795447
443423,443429,446182,6,2753,2,36000,1.00217944061
443469,443475,446742,6,3267,2,36000,1.00183654729
443511,443517,446275,6,2758,2,36000,1.00217548949
443670,443676,443824,6,148,14,9960,1.04054054054
443678,443684,446474,6,2790,2,36000,1.00215053763
443822,443829,443885,7,56,1,900,1.125
443858,443864,446903,6,3039,2,36000,1.00197433366
443891,443897,446680,6,2783,2,36000,1.00215594682
443951,443958,444093,7,135,14,9960,1.05185185185
444079,444085,447303,6,3218,2,36000,1.00186451212
444088,444094,444105,6,11,1,900,1.54545454545
444213,444219,446825,6,2606,2,36000,1.00230237913
444271,444277,447316,6,3039,2,36000,1.00197433366
444286,444292,447324,6,3032,2,36000,1.00197889182
444344,444350,447219,6,2869,2,36000,1.00209132102
444359,444365,447245,6,2880,2,36000,1.00208333333
444360,444371,447495,11,3124,2,36000,1.00352112676
444399,444405,447409,6,3004,2,36000,1.00199733688
444432,444438,447259,6,2821,2,36000,1.00212690535
444490,444496,447442,6,2946,2,36000,1.00203665988
444520,444526,447125,6,2599,2,36000,1.00230858022
444592,444598,444717,6,119,1,3600,1.05042016807
444635,444641,447647,6,3006,2,36000,1.00199600798
444669,444675,447426,6,2751,2,36000,1.00218102508
444693,444699,447891,6,3192,2,36000,1.00187969925
444720,444726,447613,6,2887,2,36000,1.00207828195
444722,444732,447667,10,2935,2,36000,1.00340715503
444736,444743,447950,7,3207,2,36000,1.00218272529
444751,444757,448103,6,3346,2,36000,1.00179318589
444778,444785,444941,7,156,1,3600,1.04487179487
444818,444824,447769,6,2945,2,36000,1.00203735144
444826,445351,445533,525,182,14,9960,3.88461538462
444835,444841,447739,6,2898,2,36000,1.00207039337
444877,444883,445199,6,316,1,3600,1.01898734177
444896,444902,447790,6,2888,2,36000,1.00207756233
444910,444916,448212,6,3296,2,36000,1.00182038835
444910,445544,445611,634,67,14,9960,10.4626865672
445126,445132,445477,6,345,1,3600,1.01739130435
445179,445185,447909,6,2724,2,36000,1.00220264317
445242,445248,448205,6,2957,2,36000,1.00202908353
445294,445300,448740,6,3440,2,36000,1.00174418605
445339,445345,448192,6,2847,2,36000,1.00210748156
445360,445366,448499,6,3133,2,36000,1.00191509735
445435,445441,448334,6,2893,2,36000,1.00207397166
445495,445502,448418,7,2916,2,36000,1.0024005487
445531,445537,445544,6,7,1,900,1.3
445609,445615,445621,6,6,1,900,1.2
445643,445649,448633,6,2984,2,36000,1.00201072386
445647,445655,446255,8,600,1,3600,1.01333333333
445788,445794,446611,6,817,1,3600,1.00734394125
445818,445825,448663,7,2838,2,36000,1.00246652572
446084,446090,449672,6,3582,2,36000,1.00167504188
446141,446148,446387,7,239,2,1800,1.02928870293
446184,446190,449385,6,3195,2,36000,1.00187793427
446237,446244,446391,7,147,14,9960,1.04761904762
446277,446284,449631,7,3347,2,36000,1.00209142516
446324,446407,446497,83,90,14,9960,1.92222222222
446389,446395,446403,6,8,1,900,1.4
446392,446401,449410,9,3009,2,36000,1.00299102692
446474,446480,449247,6,2767,2,36000,1.00216841344
446493,446500,446507,7,7,1,900,1.4
446547,446553,449509,6,2956,2,36000,1.00202976996
446679,446685,449653,6,2968,2,36000,1.00202156334
446743,446749,449427,6,2678,2,36000,1.00224047797
446827,446833,449603,6,2770,2,36000,1.00216606498
446905,446911,449962,6,3051,2,36000,1.00196656834
447126,447132,449777,6,2645,2,36000,1.002268431
447219,447225,447394,6,169,14,9960,1.03550295858
447219,447230,450069,11,2839,2,36000,1.00387460373
447246,447252,449978,6,2726,2,36000,1.00220102715
447254,447405,447579,151,174,14,9960,1.86781609195
447261,447267,450689,6,3422,2,36000,1.00175336061
447303,447309,450490,6,3181,2,36000,1.00188619931
447318,447324,450257,6,2933,2,36000,1.00204568701
447333,447339,450511,6,3172,2,36000,1.00189155107
447391,447397,447406,6,9,1,900,1.5
447411,447417,450646,6,3229,2,36000,1.00185816042
447426,447432,450537,6,3105,2,36000,1.00193236715
447444,447450,450432,6,2982,2,36000,1.00201207243
447495,447501,450392,6,2891,2,36000,1.00207540643
447577,447584,447593,7,9,1,900,1.6
447613,447619,450588,6,2969,2,36000,1.00202088245
447649,447655,450438,6,2783,2,36000,1.00215594682
447667,447673,451248,6,3575,2,36000,1.00167832168
447739,447745,450564,6,2819,2,36000,1.00212841433
447769,447775,451018,6,3243,2,36000,1.00185013876
447780,447787,447901,7,114,1,3600,1.06140350877
447790,447796,450946,6,3150,2,36000,1.0019047619
447893,447899,453931,6,6032,2,36000,1.00099469496
447910,447917,450611,7,2694,2,36000,1.00259836674
447953,447959,451159,6,3200,2,36000,1.001875
448050,448057,448380,7,323,1,3600,1.02167182663
448101,448107,451070,6,2963,2,36000,1.00202497469
448155,448161,448310,6,149,14,9960,1.04026845638
448191,448197,451310,6,3113,2,36000,1.00192740122
448206,448213,451083,7,2870,2,36000,1.00243902439
448221,448227,450977,6,2750,2,36000,1.00218181818
448308,448322,448329,14,7,1,900,2.1
448336,448342,451343,6,3001,2,36000,1.00199933356
448421,448427,451009,6,2582,2,36000,1.00232378002
448438,448444,448568,6,124,1,1800,1.04838709677
448452,448511,448658,59,147,14,9960,1.40136054422
448499,448505,451546,6,3041,2,36000,1.00197303519
448632,448638,451423,6,2785,2,36000,1.00215439856
448656,448662,448671,6,9,1,900,1.5
448665,448671,451720,6,3049,2,36000,1.00196785831
448741,448747,451693,6,2946,2,36000,1.00203665988
448797,448803,449406,6,603,1,3600,1.00995024876
448839,448845,448961,6,116,1,1800,1.05172413793
449160,449260,449418,100,158,14,9960,1.63291139241
449248,449254,452093,6,2839,2,36000,1.00211342022
449387,449394,452253,7,2859,2,36000,1.00244840853
449411,449418,452437,7,3019,2,36000,1.00231864856
449416,449424,449432,8,8,1,900,1.6
449426,449432,452227,6,2795,2,36000,1.00214669052
449511,449517,452754,6,3237,2,36000,1.00185356812
449592,449598,450105,6,507,1,1800,1.01183431953
449604,449610,452565,6,2955,2,36000,1.00203045685
449631,449637,452555,6,2918,2,36000,1.00205620288
449652,449658,452796,6,3138,2,36000,1.00191204589
449654,449664,449796,10,132,14,9960,1.07575757576
449673,449679,452330,6,2651,2,36000,1.00226329687
449779,449785,453077,6,3292,2,36000,1.00182260024
449795,449801,449808,6,7,1,900,1.3
449963,449969,452610,6,2641,2,36000,1.00227186672
449978,449984,452735,6,2751,2,36000,1.00218102508
450068,450075,452945,7,2870,2,36000,1.00243902439
450259,450265,453629,6,3364,2,36000,1.00178359096
450369,450375,450519,6,144,14,9960,1.04166666667
450392,450398,453490,6,3092,2,36000,1.00194049159
450434,450441,453292,7,2851,2,36000,1.00245527885
450449,450455,453182,6,2727,2,36000,1.00220022002
450491,450497,453461,6,2964,2,36000,1.0020242915
450512,450518,453386,6,2868,2,36000,1.00209205021
450517,450524,450531,7,7,1,900,1.4
450539,450546,453292,7,2746,2,36000,1.00254916242
450563,450570,453348,7,2778,2,36000,1.00251979842
450587,450594,453648,7,3054,2,36000,1.00229207597
450608,450614,453607,6,2993,2,36000,1.00200467758
450647,450654,453661,7,3007,2,36000,1.00232790156
450690,450696,453573,6,2877,2,36000,1.00208550574
450840,450846,450995,6,149,14,9960,1.04026845638
450946,450953,453619,7,2666,2,36000,1.00262565641
450979,450986,453851,7,2865,2,36000,1.00244328098
450994,451000,451008,6,8,1,900,1.4
451010,451016,454439,6,3423,2,36000,1.00175284838
451024,451030,453995,6,2965,2,36000,1.00202360877
451070,451076,453846,6,2770,2,36000,1.00216606498
451084,451090,454010,6,2920,2,36000,1.00205479452
451160,451166,453853,6,2687,2,36000,1.00223297358
451247,451253,454078,6,2825,2,36000,1.00212389381
451310,451316,453921,6,2605,2,36000,1.00230326296
451340,451347,454546,7,3199,2,36000,1.00218818381
451390,451396,451608,6,212,14,9960,1.02830188679
451425,451431,454425,6,2994,2,36000,1.00200400802
451548,451555,454694,7,3139,2,36000,1.00223000956
451606,451612,451619,6,7,1,900,1.3
451670,451676,451825,6,149,14,9960,1.04026845638
451694,451700,454626,6,2926,2,36000,1.002050581
451721,451727,454383,6,2656,2,36000,1.00225903614
451799,451805,451857,6,52,1,1800,1.11538461538
451823,451829,451837,6,8,1,900,1.4
452078,452084,452204,6,120,1,1800,1.05
452093,452099,455400,6,3301,2,36000,1.00181763102
452133,452139,452220,6,81,1,1800,1.07407407407
452229,452235,454878,6,2643,2,36000,1.00227014756
452253,452259,455472,6,3213,2,36000,1.00186741363
452331,452338,455264,7,2926,2,36000,1.0023923445
452429,452436,452568,7,132,14,9960,1.05303030303
452437,452443,455971,6,3528,2,36000,1.00170068027
452487,452493,452605,6,112,1,1800,1.05357142857
452492,452530,452756,38,226,14,9960,1.16814159292
452554,452584,470983,30,18399,18,28800,1.0016305234
452555,452560,455553,5,2993,2,36000,1.00167056465
452566,452572,452580,6,8,1,900,1.4
452569,452578,455939,9,3361,2,36000,1.00267777447
452612,452618,455459,6,2841,2,36000,1.00211193242
452736,452742,456370,6,3628,2,36000,1.00165380375
452754,452764,452772,10,8,1,900,1.8
452754,452759,455451,5,2692,2,36000,1.00185735513
452796,452803,455834,7,3031,2,36000,1.00230946882
452945,452951,456116,6,3165,2,36000,1.0018957346
453034,453040,453328,6,288,1,1800,1.02083333333
453077,453083,455877,6,2794,2,36000,1.00214745884
453183,453189,456240,6,3051,2,36000,1.00196656834
453224,453230,453804,6,574,1,1800,1.01045296167
453295,453302,456633,7,3331,2,36000,1.00210147103
453297,453308,456318,11,3010,2,36000,1.00365448505
453348,453354,456750,6,3396,2,36000,1.00176678445
453387,453393,456328,6,2935,2,36000,1.00204429302
453408,453414,453547,6,133,14,9960,1.04511278195
453463,453469,456364,6,2895,2,36000,1.00207253886
453490,453496,456098,6,2602,2,36000,1.00230591852
453545,453551,453558,6,7,1,900,1.3
453574,453580,456528,6,2948,2,36000,1.00203527815
453607,453614,456559,7,2945,2,36000,1.00237691002
453622,453628,456938,6,3310,2,36000,1.00181268882
453637,453643,457028,6,3385,2,36000,1.00177252585
453639,453649,453771,10,122,14,9960,1.08196721311
453652,453658,456590,6,2932,2,36000,1.00204638472
453667,453673,456577,6,2904,2,36000,1.0020661157
453770,453776,453786,6,10,1,900,1.6
453849,453855,456844,6,2989,2,36000,1.00200736032
453863,453870,456832,7,2962,2,36000,1.00236326806
453865,453876,456760,11,2884,2,36000,1.00381414702
453922,453929,456727,7,2798,2,36000,1.00250178699
453937,453943,457130,6,3187,2,36000,1.00188264826
453994,454001,456907,7,2906,2,36000,1.00240880936
454012,454018,456970,6,2952,2,36000,1.00203252033
454079,454084,458993,5,4909,2,36000,1.00101853738
454365,454371,454516,6,145,14,9960,1.04137931034
454384,454390,457661,6,3271,2,36000,1.00183430144
454426,454432,457268,6,2836,2,36000,1.00211565585
454441,454447,457548,6,3101,2,36000,1.00193485972
454514,454520,454527,6,7,1,900,1.3
454546,454552,457436,6,2884,2,36000,1.00208044383
454628,454634,457821,6,3187,2,36000,1.00188264826
454666,454673,454759,7,86,14,9960,1.08139534884
454694,454700,457461,6,2761,2,36000,1.00217312568
454758,454764,454772,6,8,1,900,1.4
454878,454884,457543,6,2659,2,36000,1.0022564874
455265,455271,458333,6,3062,2,36000,1.00195950359
455310,455316,455485,6,169,14,9960,1.03550295858
455401,455408,458320,7,2912,2,36000,1.00240384615
455453,455459,458695,6,3236,2,36000,1.00185414091
455467,455474,458304,7,2830,2,36000,1.00247349823
455468,455500,455639,32,139,14,9960,1.23021582734
455482,455488,458365,6,2877,2,36000,1.00208550574
455483,455494,455504,11,10,1,900,2.1
455555,455561,458212,6,2651,2,36000,1.00226329687
455611,455617,455669,6,52,1,1800,1.11538461538
455637,455643,455651,6,8,1,900,1.4
455835,455842,458981,7,3139,2,36000,1.00223000956
455878,455884,459073,6,3189,2,36000,1.00188146754
455941,455947,458749,6,2802,2,36000,1.00214132762
455971,455977,458998,6,3021,2,36000,1.00198609732
455998,456004,456082,6,78,1,1800,1.07692307692
456098,456104,458830,6,2726,2,36000,1.00220102715
456119,456125,459400,6,3275,2,36000,1.00183206107
456240,456246,459217,6,2971,2,36000,1.00201952205
456318,456324,459196,6,2872,2,36000,1.00208913649
456333,456339,456508,6,169,14,9960,1.03550295858
456333,456344,459249,11,2905,2,36000,1.00378657487
456366,456372,459100,6,2728,2,36000,1.00219941349
456380,456387,459581,7,3194,2,36000,1.00219160927
456507,456514,456522,7,8,1,900,1.5
456528,456534,459684,6,3150,2,36000,1.0019047619
456559,456565,459276,6,2711,2,36000,1.00221320546
456580,456586,459736,6,3150,2,36000,1.0019047619
456595,456600,459228,5,2628,2,36000,1.00190258752
456634,456640,460031,6,3391,2,36000,1.00176938956
456647,456653,456888,6,235,14,9960,1.02553191489
456727,456733,459754,6,3021,2,36000,1.00198609732
456751,456757,459882,6,3125,2,36000,1.00192
456766,456772,460274,6,3502,2,36000,1.00171330668
456832,456838,459672,6,2834,2,36000,1.00211714891
456847,456853,460076,6,3223,2,36000,1.00186161961
456885,456892,456899,7,7,1,900,1.4
456907,456914,460118,7,3204,2,36000,1.00218476904
456941,456947,460167,6,3220,2,36000,1.00186335404
456971,456977,459934,6,2957,2,36000,1.00202908353
457031,457037,460414,6,3377,2,36000,1.0017767249
457055,457061,457345,6,284,1,1800,1.02112676056
457130,457136,461109,6,3973,2,36000,1.00151019381
457269,457275,459976,6,2701,2,36000,1.00222139948
457438,457444,461242,6,3798,2,36000,1.00157977883
457462,457468,460159,6,2691,2,36000,1.0022296544
457543,457549,460699,6,3150,2,36000,1.0019047619
457558,457564,460200,6,2636,2,36000,1.00227617602
457660,457666,460793,6,3127,2,36000,1.00191877199
457744,457750,457898,6,148,14,9960,1.04054054054
457823,457829,461117,6,3288,2,36000,1.00182481752
457895,457901,457908,6,7,1,900,1.3
457921,457927,458081,6,154,14,9960,1.03896103896
458077,458083,458090,6,7,1,900,1.3
458216,458222,461130,6,2908,2,36000,1.00206327373
458307,458313,461427,6,3114,2,36000,1.00192678227
458322,458328,461081,6,2753,2,36000,1.00217944061
458336,458343,461108,7,2765,2,36000,1.00253164557
458363,458369,461178,6,2809,2,36000,1.00213599146
458698,458704,461345,6,2641,2,36000,1.00227186672
458749,458756,461695,7,2939,2,36000,1.0023817625
458831,458837,461540,6,2703,2,36000,1.00221975583
458982,458988,462165,6,3177,2,36000,1.00188857413
458997,459003,462228,6,3225,2,36000,1.00186046512
458998,459009,462386,11,3377,2,36000,1.00325732899
459074,459080,462043,6,2963,2,36000,1.00202497469
459097,459104,459192,7,88,14,9960,1.07954545455
459098,459203,459343,105,140,14,9960,1.75
459101,459110,461955,9,2845,2,36000,1.00316344464
459190,459196,459202,6,6,1,900,1.2
459198,459209,461990,11,2781,2,36000,1.00395541172
459219,459225,462525,6,3300,2,36000,1.00181818182
459234,459240,462180,6,2940,2,36000,1.00204081633
459250,459256,462504,6,3248,2,36000,1.00184729064
459277,459283,463309,6,4026,2,36000,1.00149031297
459342,459348,459356,6,8,1,900,1.4
459402,459408,462226,6,2818,2,36000,1.00212916962
459583,459589,462518,6,2929,2,36000,1.00204848071
459674,459680,462327,6,2647,2,36000,1.00226671704
459689,459695,462514,6,2819,2,36000,1.00212841433
459737,459743,462852,6,3109,2,36000,1.00192988099
459755,459761,463109,6,3348,2,36000,1.0017921147
459882,459888,462740,6,2852,2,36000,1.00210378682
459934,459940,463293,6,3353,2,36000,1.00178944229
459976,459982,462923,6,2941,2,36000,1.00204012241
460032,460038,460124,6,86,14,9960,1.06976744186
460033,460044,462495,11,2451,2,36000,1.0044879641
460079,460085,463158,6,3073,2,36000,1.00195248942
460118,460124,463130,6,3006,2,36000,1.00199600798
460122,460130,460138,8,8,1,900,1.6
460160,460166,462950,6,2784,2,36000,1.00215517241
460175,460181,463533,6,3352,2,36000,1.00178997613
460199,460205,463060,6,2855,2,36000,1.00210157618
460275,460281,463494,6,3213,2,36000,1.00186741363
460376,460382,463401,6,3019,16,61200,1.00198741305
460415,460421,463443,6,3022,2,36000,1.00198544011
460429,461129,461273,700,144,14,9960,5.86111111111
460699,460705,463649,6,2944,2,36000,1.00203804348
460793,460799,463735,6,2936,2,36000,1.00204359673
461013,461284,461378,271,94,14,9960,3.8829787234
461088,461094,464175,6,3081,2,36000,1.00194741967
461110,461116,464120,6,3004,2,36000,1.00199733688
461111,461122,464081,11,2959,2,36000,1.00371747212
461126,461135,463973,9,2838,2,36000,1.00317124736
461141,461147,464063,6,2916,2,36000,1.00205761317
461180,461186,464554,6,3368,2,36000,1.00178147268
461243,461250,464471,7,3221,2,36000,1.00217323812
461271,461277,461287,6,10,1,900,1.6
461347,461353,464592,6,3239,2,36000,1.00185242359
461372,461378,461385,6,7,1,900,1.3
461429,461435,464405,6,2970,2,36000,1.00202020202
461540,461547,464822,7,3275,2,36000,1.00213740458
461698,461704,464797,6,3093,2,36000,1.00193986421
461954,461960,465065,6,3105,2,36000,1.00193236715
461991,461997,465206,6,3209,2,36000,1.00186974135
462045,462051,464967,6,2916,2,36000,1.00205761317
462166,462172,465449,6,3277,2,36000,1.00183094294
462181,462187,465344,6,3157,2,36000,1.00190053849
462226,462232,465572,6,3340,2,36000,1.00179640719
462234,462239,462314,5,75,14,9960,1.06666666667
462236,462325,462456,89,131,14,9960,1.67938931298
462241,462247,464981,6,2734,2,36000,1.00219458669
462312,462319,462325,7,6,1,900,1.3
462329,462335,465261,6,2926,2,36000,1.002050581
462387,462393,465299,6,2906,2,36000,1.00206469374
462454,462460,462469,6,9,1,900,1.5
462495,462502,465302,7,2800,2,36000,1.0025
462511,462516,465818,5,3302,2,36000,1.0015142338
462527,462533,465404,6,2871,2,36000,1.00208986416
462528,462539,465335,11,2796,2,36000,1.0039341917
462529,462544,465509,15,2965,2,36000,1.00505902192
462741,462747,465676,6,2929,2,36000,1.00204848071
462854,462860,466196,6,3336,2,36000,1.00179856115
462923,462929,466283,6,3354,2,36000,1.00178890877
462950,462957,466049,7,3092,2,36000,1.00226390686
463060,463066,465838,6,2772,2,36000,1.00216450216
463111,463117,466183,6,3066,2,36000,1.00195694716
463132,463138,466260,6,3122,2,36000,1.00192184497
463159,463165,466073,6,2908,2,36000,1.00206327373
463195,463201,463290,6,89,14,9960,1.06741573034
463262,463301,464403,39,1102,16,86400,1.03539019964
463288,463294,463306,6,12,1,900,1.5
463295,463306,466428,11,3122,2,36000,1.00352338245
463310,463316,466302,6,2986,2,36000,1.00200937709
463443,463449,466343,6,2894,2,36000,1.00207325501
463494,463500,466366,6,2866,2,36000,1.00209351012
463533,463540,466506,7,2966,2,36000,1.00236008092
463590,463596,463738,6,142,14,9960,1.04225352113
463652,463658,466960,6,3302,2,36000,1.00181708056
463736,463747,463755,11,8,1,900,1.9
463737,463742,466704,5,2962,2,36000,1.00168804862
463973,463979,466954,6,2975,2,36000,1.00201680672
464064,464070,466881,6,2811,2,36000,1.00213447172
464075,464081,464172,6,91,14,9960,1.06593406593
464082,464088,467110,6,3022,2,36000,1.00198544011
464121,464128,467020,7,2892,2,36000,1.00242047026
464170,464188,464195,18,7,1,900,2.5
464176,464182,466987,6,2805,2,36000,1.00213903743
464406,464412,466972,6,2560,2,36000,1.00234375
464472,464478,467320,6,2842,2,36000,1.0021111893
464557,464563,467823,6,3260,2,36000,1.0018404908
464593,464600,467454,7,2854,2,36000,1.00245269797
464799,464805,467567,6,2762,2,36000,1.00217233888
464823,464829,467844,6,3015,2,36000,1.00199004975
464894,464900,464988,6,88,14,9960,1.06818181818
464968,464975,468335,7,3360,2,36000,1.00208333333
464981,464987,464996,6,9,1,900,1.5
464983,464993,467920,10,2927,2,36000,1.00341646737
465065,465071,467852,6,2781,2,36000,1.0021574973
465207,465213,467854,6,2641,2,36000,1.00227186672
465262,465268,468068,6,2800,2,36000,1.00214285714
465287,465293,465437,6,144,14,9960,1.04166666667
465301,465307,468174,6,2867,2,36000,1.00209277991
465303,465313,468485,10,3172,2,36000,1.00315258512
465333,465339,468363,6,3024,2,36000,1.00198412698
465348,465354,468261,6,2907,2,36000,1.00206398349
465406,465412,468056,6,2644,2,36000,1.00226928896
465435,465441,465450,6,9,1,900,1.5
465451,465457,468453,6,2996,2,36000,1.00200267023
465512,465518,468879,6,3361,2,36000,1.00178518298
465572,465578,468323,6,2745,2,36000,1.00218579235
465678,465685,468752,7,3067,2,36000,1.00228236061
465818,465824,469128,6,3304,2,36000,1.00181598063
465839,465845,468939,6,3094,2,36000,1.00193923723
466052,466058,468682,6,2624,2,36000,1.00228658537
466073,466079,469174,6,3095,2,36000,1.00193861066
466127,466133,466278,6,145,14,9960,1.04137931034
466186,466192,469369,6,3177,2,36000,1.00188857413
466201,466206,468663,5,2457,2,36000,1.00203500204
466262,466268,469138,6,2870,2,36000,1.00209059233
466276,466283,466294,7,11,1,900,1.63636363636
466283,466289,469239,6,2950,2,36000,1.00203389831
466304,466310,469437,6,3127,2,36000,1.00191877199
466343,466350,469598,7,3248,2,36000,1.00215517241
466365,466371,469445,6,3074,2,36000,1.00195185426
466429,466435,469269,6,2834,2,36000,1.00211714891
466441,466447,653833,6,187386,1,360000,1.00003201947
466463,466469,664175,6,197706,1,360000,1.00003034809
466466,466475,647627,9,181152,1,360000,1.00004968203
466507,466513,469649,6,3136,2,36000,1.00191326531
466705,466711,469575,6,2864,2,36000,1.00209497207
466881,466887,469591,6,2704,2,36000,1.00221893491
466955,466961,470070,6,3109,2,36000,1.00192988099
466971,466977,469831,6,2854,2,36000,1.00210231254
466986,466992,469834,6,2842,2,36000,1.0021111893
466987,466998,470612,11,3614,2,36000,1.00304371887
467021,467028,470326,7,3298,2,36000,1.00212249848
467038,467865,491343,827,23478,64,36000,1.03522446546
467094,467100,467253,6,153,14,9960,1.03921568627
467096,467106,467320,10,214,14,9960,1.04672897196
467112,467118,469790,6,2672,2,36000,1.00224550898
467163,468952,475218,1789,6266,32,61200,1.28550909671
467252,467259,467268,7,9,1,900,1.6
467318,467324,467334,6,10,1,900,1.6
467323,467330,470095,7,2765,2,36000,1.00253164557
467457,467463,470508,6,3045,2,36000,1.00197044335
467569,467575,471124,6,3549,2,36000,1.00169061708
467683,471150,557574,3467,86424,16,86400,1.04011617143
467823,467829,470672,6,2843,2,36000,1.00211044671
467847,467853,470520,6,2667,2,36000,1.00224971879
467862,467871,470583,9,2712,2,36000,1.00331858407
467863,467876,470670,13,2794,2,36000,1.00465282749
467921,467927,471022,6,3095,2,36000,1.00193861066
468058,468064,471519,6,3455,2,36000,1.0017366136
468073,468079,470783,6,2704,2,36000,1.00221893491
468176,468182,471209,6,3027,2,36000,1.00198216056
468250,468351,468426,101,75,14,9960,2.34666666667
468264,468270,471206,6,2936,2,36000,1.00204359673
468311,496186,497013,27875,827,8,259200,34.7061668682
468312,497129,497899,28817,770,8,259200,38.4246753247
468312,502703,503507,34391,804,8,259200,43.7748756219
468312,497910,498683,29598,773,8,259200,39.2897800776
468324,468330,471333,6,3003,2,36000,1.001998002
468339,468345,471263,6,2918,2,36000,1.00205620288
468363,468369,471082,6,2713,2,36000,1.0022115739
468386,468438,468579,52,141,14,9960,1.36879432624
468424,468431,468441,7,10,1,900,1.7
468449,469609,496155,1160,26546,2,72000,1.04369773224
468454,468460,471112,6,2652,2,36000,1.00226244344
468484,468491,471656,7,3165,2,36000,1.00221169036
468577,468583,468591,6,8,1,900,1.4
468616,469546,497695,930,28149,12,57600,1.03303847384
468667,468673,471499,6,2826,2,36000,1.00212314225
468682,468688,471433,6,2745,2,36000,1.00218579235
468753,468759,471658,6,2899,2,36000,1.0020696792
468882,468888,472155,6,3267,2,36000,1.00183654729
468893,469854,510202,961,40348,2,43200,1.02381778527
468909,469661,485268,752,15607,2,72000,1.0481835074
468940,468946,471714,6,2768,2,36000,1.00216763006
468988,471107,551996,2119,80889,2,86400,1.02619639259
469050,494955,581370,25905,86415,2,86400,1.29977434473
469066,581744,668149,112678,86405,2,86400,2.30406805162
469068,668693,755132,199625,86439,2,86400,3.30943208505
469082,503518,521356,34436,17838,8,345600,2.93048548044
469093,471122,557564,2029,86442,2,86400,1.02347238611
469112,800784,887212,331672,86428,2,86400,4.83755264498
469115,892542,978949,423427,86407,2,86400,5.90037844156
469117,980914,1067345,511797,86431,2,86400,6.92145179392
469119,1068682,1155093,599563,86411,2,86400,7.93850319982
469122,1155100,1241518,685978,86418,2,86400,8.93790645467
469123,1241524,1327932,772401,86408,2,86400,9.93899870382
469131,469137,472041,6,2904,2,36000,1.0020661157
469145,469152,471836,7,2684,2,36000,1.00260804769
469160,520597,528458,51437,7861,8,345600,7.54331509986
469173,469179,472014,6,2835,2,36000,1.00211640212
469240,469245,472332,5,3087,2,36000,1.0016196955
469248,521367,546151,52119,24784,8,345600,3.10292930923
469270,469276,472248,6,2972,2,36000,1.00201884253
469350,469449,469535,99,86,14,9960,2.1511627907
469370,469376,472024,6,2648,2,36000,1.00226586103
469437,469442,472575,5,3133,2,36000,1.00159591446
469452,469458,472494,6,3036,2,36000,1.00197628458
469453,469843,493580,390,23737,2,72000,1.01643004592
469480,524308,544681,54828,20373,8,345600,3.69120895303
469502,528648,541128,59146,12480,8,345600,5.73926282051
469533,469539,469549,6,10,1,900,1.6
469576,469582,472591,6,3009,2,36000,1.00199401795
469591,469597,472591,6,2994,2,36000,1.00200400802
469606,469615,472542,9,2927,2,36000,1.00307482064
469649,469655,472586,6,2931,2,36000,1.00204708291
469698,470995,471139,1297,144,14,9960,10.0069444444
469792,469798,472591,6,2793,2,36000,1.00214822771
469831,469837,472542,6,2705,2,36000,1.0022181146
469832,469848,472383,16,2535,2,36000,1.00631163708
469892,470081,480724,189,10643,2,72000,1.0177581509
470066,470073,472591,7,2518,2,36000,1.00277998411
470094,470100,472591,6,2491,2,36000,1.00240867122
470295,471000,471085,705,85,14,9960,9.29411764706
470327,470333,472591,6,2258,2,36000,1.00265721878
470333,471005,477128,672,6123,2,72000,1.10975012249
470508,470514,472592,6,2078,2,36000,1.00288739172
470521,471096,476488,575,5392,2,72000,1.10663946588
470523,470529,472591,6,2062,2,36000,1.00290979631
470584,470590,472591,6,2001,2,36000,1.00299850075
470611,470617,472591,6,1974,2,36000,1.00303951368
470672,470681,472591,9,1910,2,36000,1.00471204188
470673,470687,472592,14,1905,2,36000,1.00734908136
470684,471101,473639,417,2538,2,72000,1.16430260047
470786,470794,472592,8,1798,2,36000,1.00444938821
471007,471112,500677,105,29565,2,72000,1.0035514967
471023,471033,472592,10,1559,2,36000,1.00641436818
471084,471090,471098,6,8,1,900,1.4
471085,471117,472592,32,1475,2,36000,1.02169491525
471114,471128,472592,14,1464,2,36000,1.00956284153
471129,471135,472592,6,1457,2,36000,1.00411805079
471137,471143,471151,6,8,1,900,1.4
471210,471216,472592,6,1376,2,36000,1.00436046512
471211,471222,472592,11,1370,2,36000,1.00802919708
471262,471269,472592,7,1323,2,36000,1.00529100529
471335,471341,472592,6,1251,2,36000,1.00479616307
471393,476499,493708,5106,17209,2,72000,1.29670521239
471432,471438,472592,6,1154,2,36000,1.00519930676
471501,471507,472592,6,1085,2,36000,1.00552995392
471519,471526,472592,7,1066,2,36000,1.00656660413
471625,475229,475326,3604,97,14,9960,38.1546391753
471656,471662,472592,6,930,2,36000,1.0064516129
471671,471677,472592,6,915,2,36000,1.00655737705
471716,471722,472592,6,870,2,36000,1.00689655172
471837,471843,472592,6,749,2,36000,1.00801068091
472001,491354,545378,19353,54024,64,54000,1.3582296757
472015,472021,472592,6,571,2,36000,1.01050788091
472030,472036,472592,6,556,2,36000,1.01079136691
472045,472051,472592,6,541,2,36000,1.01109057301
472136,475234,475382,3098,148,14,9960,21.9324324324
472158,472165,472592,7,427,2,36000,1.01639344262
472249,472255,472592,6,337,2,36000,1.0178041543
472331,472337,472592,6,255,2,36000,1.02352941176
472382,472389,472592,7,203,2,36000,1.03448275862
472464,520592,554961,48128,34369,64,54000,2.40033169426
472495,472502,472592,7,90,2,36000,1.07777777778
472545,472551,472592,6,41,2,36000,1.14634146341
472546,472557,472592,11,35,2,36000,1.31428571429
472576,472582,472592,6,10,2,36000,1.6
472648,472654,476043,6,3389,2,36000,1.00177043376
472650,472660,475986,10,3326,2,36000,1.00300661455
472651,472665,475868,14,3203,2,36000,1.00437090228
472652,472670,476666,18,3996,2,36000,1.0045045045
472654,472675,476634,21,3959,2,36000,1.00530436979
472656,472682,476041,26,3359,2,36000,1.00774039893
472657,472687,475565,30,2878,2,36000,1.01042390549
472659,472692,475690,33,2998,2,36000,1.01100733823
472661,472697,476124,36,3427,2,36000,1.01050481471
472662,472703,476034,41,3331,2,36000,1.01230861603
472664,472708,476073,44,3365,2,36000,1.01307578009
472665,472713,476036,48,3323,2,36000,1.01444477881
472667,472718,476408,51,3690,2,36000,1.01382113821
472668,472723,476460,55,3737,2,36000,1.01471768799
472670,472729,476077,59,3348,2,36000,1.01762246117
472672,472734,476666,62,3932,2,36000,1.01576805697
472673,472739,475804,66,3065,2,36000,1.02153344209
472675,472744,475983,69,3239,2,36000,1.02130287126
472676,472749,475939,73,3190,2,36000,1.02288401254
472678,472755,476432,77,3677,2,36000,1.0209409845
472679,472760,476450,81,3690,2,36000,1.02195121951
472681,472765,476353,84,3588,2,36000,1.02341137124
472682,472770,476074,88,3304,2,36000,1.02663438257
472684,472776,475815,92,3039,2,36000,1.03027311616
472685,472781,476320,96,3539,2,36000,1.02712630687
472687,472786,476273,99,3487,2,36000,1.02839116719
472688,472791,475884,103,3093,2,36000,1.03330100226
472690,472796,475773,106,2977,2,36000,1.03560631508
472691,472802,475996,111,3194,2,36000,1.03475266124
472692,472807,476151,115,3344,2,36000,1.03438995215
472694,472812,476501,118,3689,2,36000,1.03198698834
472695,472817,476099,122,3282,2,36000,1.03717245582
472696,472822,476145,126,3323,2,36000,1.03791754439
472697,472827,476048,130,3221,2,36000,1.0403601366
472699,472833,476384,134,3551,2,36000,1.03773584906
472700,472838,476330,138,3492,2,36000,1.03951890034
472701,472843,476112,142,3269,2,36000,1.04343836035
472703,472848,476593,145,3745,2,36000,1.03871829105
472704,472853,476265,149,3412,2,36000,1.04366940211
472705,472859,476079,154,3220,2,36000,1.04782608696
472729,472864,473577,135,713,2,28800,1.18934081346
473269,473588,474887,319,1299,2,28800,1.24557351809
474246,474252,475156,6,904,2,14400,1.00663716814
474786,474898,475972,112,1074,2,14400,1.104283054
475134,475167,476152,33,985,2,14400,1.03350253807
475244,475250,476278,6,1028,1,900,1.00583657588
475324,475330,475341,6,11,1,900,1.54545454545
475380,475386,475396,6,10,1,900,1.6
475447,475453,476403,6,950,2,14400,1.00631578947
475565,475572,476666,7,1094,2,36000,1.00639853748
475692,475698,476666,6,968,2,36000,1.00619834711
475773,475779,476671,6,892,2,36000,1.0067264574
475806,475812,476672,6,860,2,36000,1.00697674419
475821,475827,476672,6,845,2,36000,1.00710059172
475840,475846,476793,6,947,2,14400,1.00633579725
475869,475875,476672,6,797,2,36000,1.00752823087
475884,475890,476672,6,782,2,36000,1.00767263427
475941,475947,476672,6,725,2,36000,1.00827586207
475983,475989,476672,6,683,2,36000,1.00878477306
475998,476005,476672,7,667,2,36000,1.01049475262
476000,476010,476672,10,662,2,36000,1.01510574018
476033,476039,476672,6,633,2,36000,1.00947867299
476048,476054,476672,6,618,2,36000,1.00970873786
476049,476060,476672,11,612,2,36000,1.01797385621
476051,476065,476672,14,607,2,36000,1.02306425041
476052,476070,476672,18,602,2,36000,1.02990033223
476073,476079,476672,6,593,2,36000,1.01011804384
476074,476085,476672,11,587,2,36000,1.01873935264
476089,476095,476672,6,577,2,36000,1.01039861352
476091,476101,476672,10,571,2,36000,1.01751313485
476105,476111,476672,6,561,2,36000,1.01069518717
476120,476126,476672,6,546,2,36000,1.01098901099
476134,476141,476672,7,531,2,36000,1.0131826742
476149,476155,476672,6,517,2,36000,1.01160541586
476164,476170,476672,6,502,2,36000,1.01195219124
476234,476240,476389,6,149,14,9960,1.04026845638
476266,476273,476672,7,399,2,36000,1.01754385965
476281,476287,476672,6,385,2,36000,1.01558441558
476312,476318,476405,6,87,14,9960,1.06896551724
476321,476327,476672,6,345,2,36000,1.01739130435
476336,476342,476672,6,330,2,36000,1.01818181818
476354,476360,476672,6,312,2,36000,1.01923076923
476384,476390,476672,6,282,2,36000,1.02127659574
476387,476396,476405,9,9,1,900,1.8
476403,476410,476419,7,9,1,900,1.6
476408,476416,476672,8,256,2,36000,1.03125
476432,476438,476672,6,234,2,36000,1.02564102564
476453,476459,476672,6,213,2,36000,1.02816901408
476467,476473,476672,6,199,2,36000,1.03015075377
476500,476506,476672,6,166,2,36000,1.03614457831
476591,476597,476672,6,75,2,36000,1.08
476637,476643,476673,6,30,2,36000,1.2
476807,476813,476818,6,5,2,600,1.1
476814,476820,476857,6,37,2,36000,1.16216216216
476815,476826,476864,11,38,2,36000,1.28947368421
476816,476831,476871,15,40,2,36000,1.375
476818,476836,476874,18,38,2,36000,1.47368421053
476819,476842,476879,23,37,2,36000,1.62162162162
476820,476847,476884,27,37,2,36000,1.72972972973
476822,476853,476890,31,37,2,36000,1.83783783784
476823,476858,476896,35,38,2,36000,1.92105263158
476824,476863,476901,39,38,2,36000,2.02631578947
476826,476869,476906,43,37,2,36000,2.16216216216
476827,476874,476911,47,37,2,36000,2.27027027027
476828,476879,476917,51,38,2,36000,2.34210526316
476830,476884,476922,54,38,2,36000,2.42105263158
476831,476889,476927,58,38,2,36000,2.52631578947
476834,476894,476932,60,38,2,36000,2.57894736842
476836,476900,476937,64,37,2,36000,2.72972972973
476837,476905,476943,68,38,2,36000,2.78947368421
476838,476910,476949,72,39,2,36000,2.84615384615
476840,476915,476953,75,38,2,36000,2.97368421053
476841,476920,476959,79,39,2,36000,3.02564102564
476842,476926,476963,84,37,2,36000,3.27027027027
476844,476931,476970,87,39,2,36000,3.23076923077
476845,476936,476975,91,39,2,36000,3.33333333333
476846,476941,476977,95,36,2,36000,3.63888888889
476848,476946,476984,98,38,2,36000,3.57894736842
476849,476954,476991,105,37,2,36000,3.83783783784
476850,476959,476996,109,37,2,36000,3.94594594595
476852,476964,477000,112,36,2,36000,4.11111111111
476853,476969,477007,116,38,2,36000,4.05263157895
476854,476974,477012,120,38,2,36000,4.15789473684
476856,476980,477016,124,36,2,36000,4.44444444444
476857,476985,477022,128,37,2,36000,4.45945945946
476858,476990,477028,132,38,2,36000,4.47368421053
476860,476995,477032,135,37,2,36000,4.64864864865
476861,477000,477038,139,38,2,36000,4.65789473684
476862,477005,477043,143,38,2,36000,4.76315789474
476864,477012,477048,148,36,2,36000,5.11111111111
476865,477017,477054,152,37,2,36000,5.10810810811
476866,477022,477059,156,37,2,36000,5.21621621622
476868,477028,477064,160,36,2,36000,5.44444444444
476995,477035,477131,40,96,16,600,1.41666666667
477075,477081,477086,6,5,2,600,1.1
477220,477226,477295,6,69,14,9960,1.08695652174
477293,477300,477308,7,8,1,900,1.5
477315,477321,477323,6,2,1,600,1.0
477655,477661,480967,6,3306,2,36000,1.00181488203
477656,477667,480658,11,2991,2,36000,1.00367769977
477658,477672,481826,14,4154,2,36000,1.00337024555
477659,477677,481389,18,3712,2,36000,1.00484913793
477660,477683,481295,23,3612,2,36000,1.00636766334
477662,477688,481872,26,4184,2,36000,1.00621414914
477663,477694,481426,31,3732,2,36000,1.00830653805
477664,477699,480901,35,3202,2,36000,1.01093066833
477665,477704,480974,39,3270,2,36000,1.0119266055
477667,477709,480793,42,3084,2,36000,1.01361867704
477668,477715,480868,47,3153,2,36000,1.01490643831
477669,477720,481098,51,3378,2,36000,1.01509769094
477671,477725,480992,54,3267,2,36000,1.01652892562
477672,477730,480741,58,3011,2,36000,1.01926270342
477673,477735,480763,62,3028,2,36000,1.02047556143
477674,477741,481325,67,3584,2,36000,1.01869419643
477676,477746,480739,70,2993,2,36000,1.02338790511
477677,477751,481235,74,3484,2,36000,1.02123995408
477678,477756,481564,78,3808,2,36000,1.02048319328
477680,477761,481549,81,3788,2,36000,1.02138331573
477681,477766,480892,85,3126,2,36000,1.02719129878
477682,477772,481226,90,3454,2,36000,1.0260567458
477683,477777,481912,94,4135,2,36000,1.02273276904
477685,477782,481020,97,3238,2,36000,1.02995676343
477686,477787,480836,101,3049,2,36000,1.03312561496
477687,477792,482156,105,4364,2,36000,1.02406049496
477689,477798,481397,109,3599,2,36000,1.03028619061
477690,477809,481262,119,3453,2,36000,1.03446278598
477691,477814,481798,123,3984,2,36000,1.03087349398
477693,477819,480994,126,3175,2,36000,1.03968503937
477694,477825,480854,131,3029,2,36000,1.0432485969
477695,477830,480907,135,3077,2,36000,1.04387390315
477697,477835,481238,138,3403,2,36000,1.04055245372
477698,477840,481134,142,3294,2,36000,1.04310868245
477699,477845,481887,146,4042,2,36000,1.03612073231
477700,477850,480762,150,2912,2,36000,1.05151098901
477702,477856,481326,154,3470,2,36000,1.04438040346
477703,477861,481148,158,3287,2,36000,1.04806814725
477704,477866,481647,162,3781,2,36000,1.04284580799
477706,477871,481927,165,4056,2,36000,1.04068047337
477753,477804,477938,51,134,14,9960,1.38059701493
477936,477942,477951,6,9,1,900,1.5
478115,478122,479203,7,1081,32,25200,1.00647548566
478132,479214,479306,1082,92,14,9960,12.7608695652
478453,479225,479235,772,10,2,60,78.2
478793,479230,481345,437,2115,2,14400,1.20661938534
479179,479219,479376,40,157,14,9960,1.25477707006
479304,479311,479320,7,9,1,900,1.6
479364,479370,481634,6,2264,16,23400,1.00265017668
479371,479377,479387,6,10,1,900,1.6
480117,480123,482202,6,2079,2,14400,1.00288600289
480120,480672,480828,552,156,14,9960,4.53846153846
480241,480247,480558,6,311,12,1800,1.0192926045
480289,480839,480934,550,95,14,9960,6.78947368421
480660,480666,483955,6,3289,2,36000,1.00182426269
480741,480748,484519,7,3771,2,36000,1.00185627155
480743,480754,484485,11,3731,2,36000,1.00294827124
480763,480769,483820,6,3051,2,36000,1.00196656834
480765,480775,484128,10,3353,2,36000,1.00298240382
480795,480801,484386,6,3585,2,36000,1.00167364017
480825,480831,480839,6,8,1,900,1.4
480836,480845,484544,9,3699,2,36000,1.00243309002
480852,480858,480861,6,3,1,60,1.0
480854,480864,484206,10,3342,2,36000,1.00299222023
480869,480875,484135,6,3260,2,36000,1.0018404908
480893,480899,484487,6,3588,2,36000,1.0016722408
480908,480914,484529,6,3615,2,36000,1.00165975104
480909,480920,484208,11,3288,2,36000,1.00334549878
480932,480938,480947,6,9,1,900,1.5
480969,480975,484292,6,3317,2,36000,1.00180886343
480984,480990,480991,6,1,1,60,1.0
480984,480995,485633,11,4638,2,36000,1.00237171194
480999,481005,484407,6,3402,2,36000,1.00176366843
481000,481011,484605,11,3594,2,36000,1.00306065665
481021,481027,484355,6,3328,2,36000,1.00180288462
481099,481105,484847,6,3742,2,36000,1.00160342063
481135,481141,484305,6,3164,2,36000,1.00189633375
481150,481156,484044,6,2888,2,36000,1.00207756233
481229,481235,485097,6,3862,2,36000,1.00155359917
481243,481249,484881,6,3632,2,36000,1.00165198238
481245,481255,484189,10,2934,2,36000,1.00340831629
481263,481269,485591,6,4322,2,36000,1.00138824618
481296,481302,485279,6,3977,2,36000,1.00150867488
481326,481332,484871,6,3539,2,36000,1.00169539418
481327,481338,484819,11,3481,2,36000,1.00316001149
481390,481396,484913,6,3517,2,36000,1.00170599943
481391,481402,484504,11,3102,2,36000,1.00354609929
481428,481434,484557,6,3123,2,36000,1.00192122959
481551,481558,484782,7,3224,2,36000,1.00217121588
481567,481573,485595,6,4022,2,36000,1.00149179513
481605,481645,492880,40,11235,30,21600,1.00356030263
481648,481654,485525,6,3871,2,36000,1.00154998708
481766,490548,490781,8782,233,14,9960,38.6909871245
481799,481805,485077,6,3272,2,36000,1.00183374083
481826,481832,484635,6,2803,2,36000,1.00214056368
481871,481877,485605,6,3728,2,36000,1.00160944206
481889,481895,485864,6,3969,2,36000,1.0015117158
481903,490793,490875,8890,82,14,9960,109.414634146
481913,481919,485990,6,4071,2,36000,1.00147383935
481927,481933,486226,6,4293,2,36000,1.00139762404
482157,482163,485847,6,3684,2,36000,1.0016286645
483117,483123,483130,6,7,2,60,1.3
483819,483825,487947,6,4122,2,36000,1.00145560408
483957,483964,488239,7,4275,2,36000,1.0016374269
483993,484003,484958,10,955,2,14400,1.01047120419
484045,484051,486949,6,2898,2,36000,1.00207039337
484123,484129,487563,6,3434,2,36000,1.00174723355
484138,484144,487645,6,3501,2,36000,1.00171379606
484189,484195,487471,6,3276,2,36000,1.00183150183
484208,484214,487159,6,2945,2,36000,1.00203735144
484222,484228,487325,6,3097,2,36000,1.00193735873
484282,484288,484295,6,7,2,60,1.3
484295,484301,488428,6,4127,2,36000,1.00145384056
484309,484316,487907,7,3591,2,36000,1.00194931774
484358,484364,487817,6,3453,2,36000,1.00173761946
484388,484394,487797,6,3403,2,36000,1.00176315016
484408,484414,487480,6,3066,2,36000,1.00195694716
484455,484461,485481,6,1020,2,14400,1.00588235294
484486,484492,488483,6,3991,2,36000,1.00150338261
484501,484507,487560,6,3053,2,36000,1.00196528005
484516,484522,488137,6,3615,2,36000,1.00165975104
484531,484537,488436,6,3899,2,36000,1.00153885612
484532,484543,488360,11,3817,2,36000,1.00288184438
484547,484553,487976,6,3423,2,36000,1.00175284838
484562,484568,488273,6,3705,2,36000,1.0016194332
484592,484598,484675,6,77,2,60,1.07792207792
484607,484613,488255,6,3642,2,36000,1.00164744646
484637,484643,488177,6,3534,2,36000,1.00169779287
484787,484793,488516,6,3723,2,36000,1.00161160355
484802,484808,484909,6,101,2,180,1.05940594059
484820,484826,489018,6,4192,2,36000,1.00143129771
484847,484853,488574,6,3721,2,36000,1.00161246977
484871,484878,488213,7,3335,2,36000,1.00209895052
484887,484893,488310,6,3417,2,36000,1.00175592625
484890,484899,485970,9,1071,2,14400,1.00840336134
484914,484920,487881,6,2961,2,36000,1.00202634245
485027,485033,485258,6,225,2,180,1.02666666667
485077,485083,488597,6,3514,2,36000,1.00170745589
485097,485104,489070,7,3966,2,36000,1.00176500252
485279,485285,488769,6,3484,2,36000,1.00172215844
485526,485533,489252,7,3719,2,36000,1.0018822264
485590,485596,488811,6,3215,2,36000,1.00186625194
485605,485611,489109,6,3498,2,36000,1.00171526587
485606,485617,489762,11,4145,2,36000,1.00265379976
485633,485640,489132,7,3492,2,36000,1.0020045819
485653,485659,487761,6,2102,2,14400,1.00285442436
485848,485858,489571,10,3713,2,36000,1.00269323997
485853,491360,491367,5507,7,2,43200,551.4
485866,485876,489586,10,3710,2,36000,1.00269541779
485992,486001,489186,9,3185,2,36000,1.00282574568
486227,486237,489831,10,3594,2,36000,1.00278241514
486422,486428,487674,6,1246,2,14400,1.00481540931
486951,486960,490902,9,3942,2,36000,1.00228310502
487066,487072,488368,6,1296,2,14400,1.00462962963
487159,487170,490958,11,3788,2,36000,1.00290390707
487327,487336,490432,9,3096,2,36000,1.00290697674
487472,487482,491140,10,3658,2,36000,1.00273373428
487487,487493,491028,6,3535,2,36000,1.00169731259
487562,487571,490906,9,3335,2,36000,1.00269865067
487576,487583,490769,7,3186,2,36000,1.00219711237
487603,491365,491371,3762,6,2,43200,376.8
487646,487656,490380,10,2724,2,36000,1.00367107195
487799,487809,491230,10,3421,2,36000,1.00292312189
487820,487829,491164,9,3335,2,36000,1.00269865067
487882,487893,491237,11,3344,2,36000,1.00328947368
487903,487918,491094,15,3176,2,36000,1.00472292191
487948,487959,491630,11,3671,2,36000,1.00299645873
487977,487987,491494,10,3507,2,36000,1.00285143998
488137,488148,492004,11,3856,2,36000,1.0028526971
488179,488188,492036,9,3848,2,36000,1.00233887734
488215,488224,492073,9,3849,2,36000,1.00233826968
488239,488250,491555,11,3305,2,36000,1.00332829047
488254,488267,492134,13,3867,2,36000,1.00336177916
488275,488284,491585,9,3301,2,36000,1.00272644653
488311,488321,493116,10,4795,2,36000,1.00208550574
488362,488371,492498,9,4127,2,36000,1.00218076084
488428,488439,491867,11,3428,2,36000,1.00320886814
488443,488449,492302,6,3853,2,36000,1.00155722813
488485,488494,492170,9,3676,2,36000,1.00244831338
488518,488527,493299,9,4772,2,36000,1.00188600168
488575,488585,492144,10,3559,2,36000,1.00280977803
488599,488608,492158,9,3550,2,36000,1.00253521127
488771,488780,491775,9,2995,2,36000,1.00300500835
488814,488822,492683,8,3861,2,36000,1.00207200207
489019,489029,492269,10,3240,2,36000,1.00308641975
489073,489081,492944,8,3863,2,36000,1.00207092933
489109,489120,492866,11,3746,2,36000,1.00293646556
489133,489143,493120,10,3977,2,36000,1.00251445813
489187,489197,492466,10,3269,2,36000,1.00305903946
489253,489263,492685,10,3422,2,36000,1.00292226768
489573,489582,493252,9,3670,2,36000,1.00245231608
489587,489598,493048,11,3450,2,36000,1.0031884058
489762,489773,493829,11,4056,2,36000,1.00271203156
489835,489842,493072,7,3230,2,36000,1.00216718266
490380,490392,493717,12,3325,2,36000,1.00360902256
490434,490443,493942,9,3499,2,36000,1.00257216348
490625,490631,494447,6,3816,2,14400,1.00157232704
490769,490780,494561,11,3781,2,36000,1.00290928326
490779,490887,490895,108,8,1,900,11.6
490874,490892,490900,18,8,1,900,2.6
490905,490911,494413,6,3502,2,36000,1.00171330668
490919,490925,494350,6,3425,2,36000,1.00175182482
490958,490964,495009,6,4045,2,36000,1.00148331273
491031,491037,494270,6,3233,2,36000,1.00185586143
491097,491103,494712,6,3609,2,36000,1.00166251039
491142,491148,494421,6,3273,2,36000,1.00183318057
491166,491172,494207,6,3035,2,36000,1.00197693575
491232,491238,495742,6,4504,2,36000,1.0013321492
491246,491253,494971,7,3718,2,36000,1.00188273265
491496,491503,495299,7,3796,2,36000,1.00184404636
491557,491563,495784,6,4221,2,36000,1.00142146411
491587,491593,494995,6,3402,2,36000,1.00176366843
491632,491638,495267,6,3629,2,36000,1.00165334803
491777,491783,495829,6,4046,2,36000,1.00148294612
491870,491876,496389,6,4513,2,36000,1.00132949258
491932,492891,493101,959,210,14,9960,5.56666666667
492006,492012,495282,6,3270,2,36000,1.00183486239
492038,492045,496219,7,4174,2,36000,1.00167704839
492075,492081,495470,6,3389,2,36000,1.00177043376
492111,492896,493114,785,218,14,9960,4.60091743119
492135,492141,495521,6,3380,2,36000,1.00177514793
492150,492155,495432,5,3277,2,36000,1.00152578578
492165,492170,495667,5,3497,2,36000,1.00142979697
492179,492185,495718,6,3533,2,36000,1.00169827342
492269,492276,496271,7,3995,2,36000,1.00175219024
492302,492308,495638,6,3330,2,36000,1.0018018018
492468,492474,495972,6,3498,2,36000,1.00171526587
492498,492504,496824,6,4320,2,36000,1.00138888889
492685,492691,496634,6,3943,2,36000,1.001521684
492686,492697,496043,11,3346,2,36000,1.00328750747
492868,492874,496835,6,3961,2,36000,1.001514769
492947,492953,496578,6,3625,2,36000,1.00165517241
493050,493056,496462,6,3406,2,36000,1.00176159718
493074,493080,496394,6,3314,2,36000,1.00181050091
493100,493106,493118,6,12,1,900,1.5
493108,493114,493203,6,89,14,9960,1.06741573034
493112,493120,493133,8,13,1,900,1.61538461538
493118,493126,497321,8,4195,2,36000,1.00190703218
493133,493139,496801,6,3662,2,36000,1.00163844894
493200,493206,493207,6,1,1,900,1.0
493254,493260,497056,6,3796,2,36000,1.00158061117
493299,493306,496232,7,2926,2,36000,1.0023923445
493448,496700,539935,3252,43235,2,43200,1.07521683821
493520,498695,541928,5175,43233,2,43200,1.11970022899
493719,493725,497599,6,3874,2,36000,1.00154878678
493831,493837,496753,6,2916,2,36000,1.00205761317
493943,493949,497422,6,3473,2,36000,1.00172761301
493959,493965,506831,6,12866,32,33000,1.00046634541
494208,494214,497741,6,3527,2,36000,1.00170116246
494271,494277,497837,6,3560,2,36000,1.00168539326
494352,494358,498197,6,3839,2,36000,1.00156290701
494355,495312,495374,957,62,14,9960,16.435483871
494412,494419,497901,7,3482,2,36000,1.00201033889
494427,494433,498203,6,3770,2,36000,1.00159151194
494560,494566,498820,6,4254,2,36000,1.00141043724
494713,494719,498085,6,3366,2,36000,1.00178253119
494736,494742,494949,6,207,2,180,1.02898550725
494972,494978,498663,6,3685,2,36000,1.00162822252
494996,495002,498043,6,3041,2,36000,1.00197303519
495011,495017,499158,6,4141,2,36000,1.00144892538
495271,495277,499334,6,4057,2,36000,1.00147892531
495285,495292,498598,7,3306,2,36000,1.00211736237
495300,495306,499546,6,4240,2,36000,1.00141509434
495372,495385,495391,13,6,1,900,1.9
495433,495439,499131,6,3692,2,36000,1.00162513543
495471,495478,499416,7,3938,2,36000,1.00177755206
495522,495528,498503,6,2975,2,36000,1.00201680672
495639,495646,499231,7,3585,2,36000,1.0019525802
495669,495675,498860,6,3185,2,36000,1.00188383046
495722,495728,499051,6,3323,2,36000,1.00180559735
495742,495749,499398,7,3649,2,36000,1.00191833379
495784,495791,499328,7,3537,2,36000,1.00197907831
495830,495840,499791,10,3951,2,36000,1.00253100481
495974,495983,499657,9,3674,2,36000,1.00244964616
496032,496038,496175,6,137,14,9960,1.04379562044
496045,496054,499464,9,3410,2,36000,1.00263929619
496172,496179,496185,7,6,1,900,1.3
496220,496230,499536,10,3306,2,36000,1.00302480339
496235,496243,499634,8,3391,2,36000,1.00235918608
496271,496282,499989,11,3707,2,36000,1.00296735905
496389,496401,499622,12,3221,2,36000,1.00372555107
496404,496410,500347,6,3937,2,36000,1.00152400305
496461,496474,500017,13,3543,2,36000,1.00366920689
496579,496589,500159,10,3570,2,36000,1.00280112045
496636,496646,500361,10,3715,2,36000,1.00269179004
496753,496764,500315,11,3551,2,36000,1.00309771895
496801,496812,499943,11,3131,2,36000,1.00351325455
496825,496836,500278,11,3442,2,36000,1.00319581639
496841,496847,500027,6,3180,2,36000,1.00188679245
496850,497024,497107,174,83,14,9960,3.09638554217
497059,497067,500862,8,3795,2,36000,1.00210803689
497105,497112,497117,7,5,1,900,1.2
497322,497332,501130,10,3798,2,36000,1.00263296472
497424,497433,500984,9,3551,2,36000,1.00253449732
497600,497611,501016,11,3405,2,36000,1.00323054332
497742,497752,501546,10,3794,2,36000,1.00263574064
497838,497849,501274,11,3425,2,36000,1.00321167883
497903,497916,501500,13,3584,2,36000,1.00362723214
498045,498054,501651,9,3597,2,36000,1.00250208507
498087,498096,501400,9,3304,2,36000,1.00272397094
498138,498144,498290,6,146,14,9960,1.04109589041
498200,498208,501416,8,3208,2,36000,1.00249376559
498214,498220,501477,6,3257,2,36000,1.00184218606
498289,498295,498302,6,7,1,900,1.3
498505,498514,502488,9,3974,2,36000,1.00226472068
498598,498609,502066,11,3457,2,36000,1.00318194967
498664,498674,502480,10,3806,2,36000,1.00262743037
498821,498827,502691,6,3864,2,36000,1.00155279503
498863,498869,502499,6,3630,2,36000,1.00165289256
498993,498999,499922,6,923,1,900,1.00650054171
499052,499059,502211,7,3152,2,36000,1.00222081218
499130,499137,502631,7,3494,2,36000,1.00200343446
499157,499163,502589,6,3426,2,36000,1.00175131349
499232,499238,502691,6,3453,2,36000,1.00173761946
499330,499336,502279,6,2943,2,36000,1.00203873598
499346,499352,502691,6,3339,2,36000,1.00179694519
499401,499407,502691,6,3284,2,36000,1.00182704019
499418,499425,502691,7,3266,2,36000,1.00214329455
499466,499473,502691,7,3218,2,36000,1.00217526414
499539,499545,502691,6,3146,2,36000,1.00190718373
499553,499559,502692,6,3133,2,36000,1.00191509735
499622,499628,502692,6,3064,2,36000,1.00195822454
499637,499643,502692,6,3049,2,36000,1.00196785831
499658,499664,502692,6,3028,2,36000,1.00198150594
499671,499677,499827,6,150,14,9960,1.04
499794,499800,502692,6,2892,2,36000,1.0020746888
499827,499833,499841,6,8,1,900,1.4
499944,499951,502692,7,2741,2,36000,1.00255381248
499989,499995,502692,6,2697,2,36000,1.0022246941
500019,500025,502692,6,2667,2,36000,1.00224971879
500034,500040,502692,6,2652,2,36000,1.00226244344
500160,500166,502692,6,2526,2,36000,1.00237529691
500281,500287,502692,6,2405,2,36000,1.00249480249
500317,500323,502692,6,2369,2,36000,1.00253271423
500347,500353,502692,6,2339,2,36000,1.0025651988
500361,500367,502692,6,2325,2,36000,1.00258064516
500654,500660,500895,6,235,14,9960,1.02553191489
500862,500869,502692,7,1823,2,36000,1.00383982447
500888,500895,500904,7,9,1,900,1.6
500985,500991,502692,6,1701,2,36000,1.00352733686
501018,501024,502692,6,1668,2,36000,1.0035971223
501132,501138,502692,6,1554,2,36000,1.00386100386
501274,501281,502692,7,1411,2,36000,1.00496102055
501401,501407,502692,6,1285,2,36000,1.0046692607
501419,501425,502692,6,1267,2,36000,1.0047355959
501479,501485,502692,6,1207,2,36000,1.00497100249
501502,501509,502692,7,1183,2,36000,1.00591715976
501547,501554,502692,7,1138,2,36000,1.00615114236
501653,501659,502692,6,1033,2,36000,1.00580832527
501931,501937,502179,6,242,14,9960,1.02479338843
502066,502072,502692,6,620,2,36000,1.00967741935
502176,502183,502189,7,6,1,900,1.3
502214,502220,502692,6,472,2,36000,1.01271186441
502280,502286,502692,6,406,2,36000,1.01477832512
502481,502487,502692,6,205,2,36000,1.02926829268
502496,502502,502692,6,190,2,36000,1.03157894737
502510,502517,502692,7,175,2,36000,1.04
502589,502595,502692,6,97,2,36000,1.0618556701
502633,502640,502692,7,52,2,36000,1.13461538462
502720,502727,506376,7,3649,2,36000,1.00191833379
502722,502733,506359,11,3626,2,36000,1.00303364589
502723,502738,506552,15,3814,2,36000,1.00393287887
502724,502743,506534,19,3791,2,36000,1.00501187022
502726,502748,506519,22,3771,2,36000,1.00583399629
502727,502754,506733,27,3979,2,36000,1.00678562453
502728,502760,506455,32,3695,2,36000,1.00866035183
502730,502765,505835,35,3070,2,36000,1.01140065147
502731,502770,506763,39,3993,2,36000,1.00976709241
502732,502775,505862,43,3087,2,36000,1.01392938128
502733,502781,506525,48,3744,2,36000,1.01282051282
502735,502786,506475,51,3689,2,36000,1.01382488479
502736,502791,506208,55,3417,2,36000,1.01609599064
502737,502796,506054,59,3258,2,36000,1.01810926949
502739,502801,506447,62,3646,2,36000,1.01700493692
502740,502807,506822,67,4015,2,36000,1.01668742217
502741,502812,506539,71,3727,2,36000,1.0190501744
502743,502817,506600,74,3783,2,36000,1.01956119482
502744,502822,506829,78,4007,2,36000,1.01946593461
502745,502827,507291,82,4464,2,36000,1.01836917563
502747,502833,507254,86,4421,2,36000,1.01945261253
502748,502838,506616,90,3778,2,36000,1.02382212811
502749,502843,506480,94,3637,2,36000,1.02584547704
502750,502848,506748,98,3900,2,36000,1.02512820513
502752,502853,506172,101,3319,2,36000,1.03043085267
502753,502858,506500,105,3642,2,36000,1.02883031301
502754,502864,505946,110,3082,2,36000,1.03569110967
502756,502875,506262,119,3387,2,36000,1.03513433717
502757,502880,506323,123,3443,2,36000,1.03572465873
502758,502886,506700,128,3814,2,36000,1.03356056633
502760,502891,506041,131,3150,2,36000,1.04158730159
502761,502896,506156,135,3260,2,36000,1.04141104294
502762,502901,506560,139,3659,2,36000,1.03798852145
502764,502906,506237,142,3331,2,36000,1.04262984089
502765,502911,506138,146,3227,2,36000,1.04524325999
502766,502917,506683,151,3766,2,36000,1.04009559214
502768,502922,506604,154,3682,2,36000,1.04182509506
502769,502927,505861,158,2934,2,36000,1.05385139741
502770,502932,506011,162,3079,2,36000,1.05261448522
502771,502937,506575,166,3638,2,36000,1.04562946674
502834,502870,503084,36,214,14,9960,1.16822429907
503084,503090,503097,6,7,1,900,1.3
503735,503741,503959,6,218,14,9960,1.02752293578
503959,503968,503974,9,6,1,900,1.5
505769,505776,506004,7,228,14,9960,1.03070175439
505836,505846,509065,10,3219,2,36000,1.00310655483
505863,505872,509458,9,3586,2,36000,1.00250976018
505864,505878,509405,14,3527,2,36000,1.00396937908
505948,505957,509152,9,3195,2,36000,1.00281690141
506002,506008,506015,6,7,1,900,1.3
506011,506024,509490,13,3466,2,36000,1.00375072129
506011,506018,506107,7,89,14,9960,1.07865168539
506044,506053,510026,9,3973,2,36000,1.00226529071
506059,506065,509342,6,3277,2,36000,1.00183094294
506105,506111,506112,6,1,1,900,1.0
506140,506149,509331,9,3182,2,36000,1.00282840981
506158,506167,509555,9,3388,2,36000,1.00265643447
506172,506183,509775,11,3592,2,36000,1.0030623608
506208,506219,509977,11,3758,2,36000,1.00292708888
506238,506248,509797,10,3549,2,36000,1.00281769513
506262,506273,509358,11,3085,2,36000,1.00356564019
506325,506334,510291,9,3957,2,36000,1.00227445034
506361,506370,509296,9,2926,2,36000,1.0030758715
506379,506387,510414,8,4027,2,36000,1.00198659051
506448,506458,509989,10,3531,2,36000,1.00283205891
506462,506468,509904,6,3436,2,36000,1.00174621653
506477,506487,510212,10,3725,2,36000,1.00268456376
506492,506498,510092,6,3594,2,36000,1.00166944908
506506,506512,509648,6,3136,2,36000,1.00191326531
506521,506530,509302,9,2772,2,36000,1.00324675325
506536,506542,510073,6,3531,2,36000,1.00169923534
506537,506548,510220,11,3672,2,36000,1.0029956427
506552,506558,510285,6,3727,2,36000,1.00160987389
506566,506573,509885,7,3312,2,36000,1.00211352657
506568,506578,509774,10,3196,2,36000,1.00312891114
506582,506589,510047,7,3458,2,36000,1.0020242915
506600,506611,510091,11,3480,2,36000,1.00316091954
506615,506621,510655,6,4034,2,36000,1.00148735746
506616,506627,510568,11,3941,2,36000,1.00279116975
506683,506695,510437,12,3742,2,36000,1.00320684126
506700,506711,510292,11,3581,2,36000,1.00307176766
506733,506744,510457,11,3713,2,36000,1.00296256396
506748,506759,510883,11,4124,2,36000,1.00266731329
506762,506774,510180,12,3406,2,36000,1.00352319436
506823,506834,510319,11,3485,2,36000,1.00315638451
506837,506843,510170,6,3327,2,36000,1.00180342651
507256,507265,511038,9,3773,2,36000,1.00238536973
507292,507302,511202,10,3900,2,36000,1.00256410256
509067,509076,512251,9,3175,2,36000,1.00283464567
509154,509164,512740,10,3576,2,36000,1.00279642058
509298,509308,512254,10,2946,2,36000,1.00339443313
509314,509321,512973,7,3652,2,36000,1.00191675794
509332,509342,513134,10,3792,2,36000,1.0026371308
509347,509353,512445,6,3092,2,36000,1.00194049159
509362,509370,512563,8,3193,2,36000,1.00250548074
509407,509416,513167,9,3751,2,36000,1.00239936017
509461,509469,513155,8,3686,2,36000,1.00217037439
509490,509501,512598,11,3097,2,36000,1.00355182435
509556,509566,512760,10,3194,2,36000,1.00313087038
509649,509659,512781,10,3122,2,36000,1.00320307495
509776,509785,513674,9,3889,2,36000,1.00231421959
509777,509791,513696,14,3905,2,36000,1.00358514725
509798,509808,512979,10,3171,2,36000,1.00315357931
509885,509896,513202,11,3306,2,36000,1.00332728373
509906,509915,513463,9,3548,2,36000,1.00253664036
509978,509988,513693,10,3705,2,36000,1.00269905533
509993,510000,514294,7,4294,2,36000,1.00163018165
510029,510038,513392,9,3354,2,36000,1.00268336315
510049,510058,513557,9,3499,2,36000,1.00257216348
510076,510085,513682,9,3597,2,36000,1.00250208507
510091,510103,514117,12,4014,2,36000,1.00298953662
510106,510112,513475,6,3363,2,36000,1.00178412132
510172,510181,513413,9,3232,2,36000,1.00278465347
510187,510193,513290,6,3097,2,36000,1.00193735873
510214,510223,513651,9,3428,2,36000,1.00262543757
510228,510235,513458,7,3223,2,36000,1.00217188954
510286,510296,513609,10,3313,2,36000,1.00301841232
510301,510307,513966,6,3659,2,36000,1.00163979229
510302,510313,513805,11,3492,2,36000,1.00315005727
510320,510330,514330,10,4000,2,36000,1.0025
510413,510425,513658,12,3233,2,36000,1.00371172286
510437,510448,514255,11,3807,2,36000,1.00288941424
510457,510463,510673,6,210,2,180,1.02857142857
510458,510469,514074,11,3605,2,36000,1.00305131761
510569,510580,514011,11,3431,2,36000,1.00320606237
510656,510666,513879,10,3213,2,36000,1.00311235605
510884,510894,514108,10,3214,2,36000,1.00311138768
511039,511049,514275,10,3226,2,36000,1.00309981401
511204,511213,514829,9,3616,2,36000,1.00248893805
512254,512262,515942,8,3680,2,36000,1.00217391304
512269,512275,515750,6,3475,2,36000,1.00172661871
512447,512456,515993,9,3537,2,36000,1.00254452926
512565,512574,515748,9,3174,2,36000,1.00283553875
512600,512609,516087,9,3478,2,36000,1.00258769408
512742,512751,515741,9,2990,2,36000,1.00301003344
512760,512771,516287,11,3516,2,36000,1.00312855518
512781,512792,515795,11,3003,2,36000,1.00366300366
512974,512985,516816,11,3831,2,36000,1.00287131297
512989,512995,516024,6,3029,2,36000,1.00198085177
513133,513145,516140,12,2995,2,36000,1.0040066778
513157,513166,516525,9,3359,2,36000,1.00267936886
513172,513177,516826,5,3649,2,36000,1.00137023842
513205,513213,516537,8,3324,2,36000,1.00240673887
513292,513301,516905,9,3604,2,36000,1.00249722531
513394,513403,516369,9,2966,2,36000,1.00303438975
513415,513424,517100,9,3676,2,36000,1.00244831338
513460,513469,517063,9,3594,2,36000,1.00250417362
513461,513475,517026,14,3551,2,36000,1.00394255139
513476,513486,516987,10,3501,2,36000,1.00285632676
513557,513568,517052,11,3484,2,36000,1.00315729047
513612,513620,517159,8,3539,2,36000,1.00226052557
513654,513662,516962,8,3300,2,36000,1.00242424242
513668,513675,517284,7,3609,2,36000,1.00193959546
513684,513690,516707,6,3017,2,36000,1.00198873053
513685,513696,516698,11,3002,2,36000,1.00366422385
513700,513706,517104,6,3398,2,36000,1.00176574456
513702,513712,516810,10,3098,2,36000,1.00322788896
513809,513816,517566,7,3750,2,36000,1.00186666667
513882,513890,517238,8,3348,2,36000,1.00238948626
513963,513977,517415,14,3438,2,36000,1.00407213496
514014,514022,517566,8,3544,2,36000,1.00225733634
514074,514085,517345,11,3260,2,36000,1.00337423313
514110,514120,517273,10,3153,2,36000,1.00317158262
514125,514131,517427,6,3296,2,36000,1.00182038835
514184,545390,731401,31206,186011,18,216000,1.16776427201
514255,514266,517522,11,3256,2,36000,1.00337837838
514275,514286,517566,11,3280,2,36000,1.00335365854
514296,514306,517463,10,3157,2,36000,1.00316756414
514332,514342,517268,10,2926,2,36000,1.003417635
514829,514840,517566,11,2726,2,36000,1.00403521643
515743,515752,517566,9,1814,2,36000,1.00496141125
515758,515764,517566,6,1802,2,36000,1.00332963374
515759,515770,517566,11,1796,2,36000,1.0061247216
515795,515806,517566,11,1760,2,36000,1.00625
515943,515954,517566,11,1612,2,36000,1.00682382134
515994,516004,517566,10,1562,2,36000,1.00640204866
516027,516035,517567,8,1532,2,36000,1.00522193211
516087,516098,517566,11,1468,2,36000,1.00749318801
516141,516151,517566,10,1415,2,36000,1.00706713781
516288,516303,517566,15,1263,2,36000,1.01187648456
516291,516298,516523,7,225,2,180,1.03111111111
516372,516381,517566,9,1185,2,36000,1.00759493671
516525,516537,517566,12,1029,2,36000,1.01166180758
516540,516549,517566,9,1017,2,36000,1.00884955752
516607,516613,516834,6,221,2,180,1.02714932127
516700,516709,517566,9,857,2,36000,1.01050175029
516714,516720,517566,6,846,2,36000,1.00709219858
516810,516821,517566,11,745,2,36000,1.01476510067
516825,516831,517566,6,735,2,36000,1.00816326531
516840,516846,517566,6,720,2,36000,1.00833333333
516906,516917,517566,11,649,2,36000,1.01694915254
516963,516973,517566,10,593,2,36000,1.01686340641
516990,516999,517566,9,567,2,36000,1.01587301587
517029,517037,517566,8,529,2,36000,1.01512287335
517052,517063,517566,11,503,2,36000,1.02186878728
517067,517074,517566,7,492,2,36000,1.01422764228
517100,517111,517566,11,455,2,36000,1.02417582418
517115,517121,517566,6,445,2,36000,1.01348314607
517160,517170,517566,10,396,2,36000,1.02525252525
517241,517249,517566,8,317,2,36000,1.02523659306
517268,517279,517566,11,287,2,36000,1.03832752613
517283,517289,517566,6,277,2,36000,1.02166064982
517284,517295,517566,11,271,2,36000,1.0405904059
517348,517356,517566,8,210,2,36000,1.0380952381
517418,517427,517566,9,139,2,36000,1.06474820144
517433,517439,517566,6,127,2,36000,1.04724409449
517467,517474,517566,7,92,2,36000,1.07608695652
517525,517533,517566,8,33,2,36000,1.24242424242
517621,517627,521221,6,3594,2,36000,1.00166944908
517623,517633,521149,10,3516,2,36000,1.00284414107
517624,517638,521122,14,3484,2,36000,1.00401836969
517625,517643,520788,18,3145,2,36000,1.00572337043
517626,517649,520971,23,3322,2,36000,1.00692354004
517628,517655,520850,27,3195,2,36000,1.00845070423
517629,517660,520991,31,3331,2,36000,1.00930651456
517630,517665,521064,35,3399,2,36000,1.01029714622
517632,517670,521022,38,3352,2,36000,1.01133651551
517633,517675,521180,42,3505,2,36000,1.0119828816
517634,517681,520880,47,3199,2,36000,1.01469209128
517636,517686,521080,50,3394,2,36000,1.01473187979
517637,517691,521182,54,3491,2,36000,1.01546834718
517638,517696,521184,58,3488,2,36000,1.01662844037
517640,517701,520753,61,3052,2,36000,1.01998689384
517641,517707,520915,66,3208,2,36000,1.02057356608
517642,517712,521692,70,3980,2,36000,1.0175879397
517644,517717,521120,73,3403,2,36000,1.0214516603
517645,517722,521343,77,3621,2,36000,1.02126484397
517646,517727,521145,81,3418,2,36000,1.02369806905
517648,517732,520905,84,3173,2,36000,1.02647336905
517649,517738,520907,89,3169,2,36000,1.02808456926
517650,517744,520826,94,3082,2,36000,1.03049967554
517652,517749,520850,97,3101,2,36000,1.03128023218
517653,517754,520745,101,2991,2,36000,1.03376797058
517654,517759,521157,105,3398,2,36000,1.03090052972
517656,517765,521073,109,3308,2,36000,1.03295042322
517657,517770,521799,113,4029,2,36000,1.0280466617
517658,517775,520898,117,3123,2,36000,1.03746397695
517660,517780,521678,120,3898,2,36000,1.03078501796
517661,517785,521705,124,3920,2,36000,1.03163265306
517662,517790,520976,128,3186,2,36000,1.04017576899
517663,517796,521071,133,3275,2,36000,1.04061068702
517665,517801,521069,136,3268,2,36000,1.04161566707
517666,517806,521696,140,3890,2,36000,1.03598971722
517667,517811,521916,144,4105,2,36000,1.03507917174
517669,517816,521199,147,3383,2,36000,1.0434525569
517670,517822,521342,152,3520,2,36000,1.04318181818
517671,517827,521048,156,3221,2,36000,1.04843216392
517673,517832,521682,159,3850,2,36000,1.0412987013
519754,545400,553035,25646,7635,16,356400,4.35900458415
520747,520756,524103,9,3347,2,36000,1.0026889752
520762,520768,524013,6,3245,2,36000,1.00184899846
520788,520800,524237,12,3437,2,36000,1.00349141693
520827,520837,524204,10,3367,2,36000,1.00297000297
520854,520861,524287,7,3426,2,36000,1.00204319907
520855,520866,523830,11,2964,2,36000,1.00371120108
520882,520891,523892,9,3001,2,36000,1.00299900033
520900,520909,524105,9,3196,2,36000,1.00281602003
520914,520921,524238,7,3317,2,36000,1.00211034067
520916,520927,524031,11,3104,2,36000,1.00354381443
520917,520932,524359,15,3427,2,36000,1.00437700613
520972,520982,524226,10,3244,2,36000,1.00308261406
520986,520992,524756,6,3764,2,36000,1.00159404888
520988,521002,523952,14,2950,2,36000,1.00474576271
521023,521033,524557,10,3524,2,36000,1.00283768445
521050,521060,524198,10,3138,2,36000,1.00318674315
521064,521075,524224,11,3149,2,36000,1.00349317244
521080,521086,524754,6,3668,2,36000,1.00163576881
521081,521092,524747,11,3655,2,36000,1.00300957592
521082,521097,524281,15,3184,2,36000,1.00471105528
521084,521102,524260,18,3158,2,36000,1.00569981001
521120,521131,524873,11,3742,2,36000,1.00293960449
521134,521140,524783,6,3643,2,36000,1.00164699424
521149,521156,524877,7,3721,2,36000,1.00188121473
521151,521162,525099,11,3937,2,36000,1.00279400559
521165,521171,524099,6,2928,2,36000,1.00204918033
521180,521192,524772,12,3580,2,36000,1.00335195531
521195,521201,524120,6,2919,2,36000,1.00205549846
521196,521207,524215,11,3008,2,36000,1.00365691489
521211,521217,524548,6,3331,2,36000,1.00180126088
521226,521232,524847,6,3615,2,36000,1.00165975104
521345,521353,525495,8,4142,2,36000,1.00193143409
521346,521359,524675,13,3316,2,36000,1.00392038601
521680,521690,525148,10,3458,2,36000,1.002891845
521695,521701,524864,6,3163,2,36000,1.00189693329
521696,521707,525007,11,3300,2,36000,1.00333333333
521711,521717,524898,6,3181,2,36000,1.00188619931
521712,521723,525337,11,3614,2,36000,1.00304371887
521803,521811,525422,8,3611,2,36000,1.00221545278
521917,521927,524894,10,2967,2,36000,1.00337040782
523405,544697,544788,21292,91,14,9960,234.978021978
523834,523841,527337,7,3496,2,36000,1.00200228833
523894,523904,527981,10,4077,2,36000,1.00245278391
523953,523963,527759,10,3796,2,36000,1.00263435195
524013,524025,527727,12,3702,2,36000,1.00324149109
524031,524042,527306,11,3264,2,36000,1.00337009804
524100,524110,527732,10,3622,2,36000,1.00276090558
524115,524121,527339,6,3218,2,36000,1.00186451212
524116,524127,527268,11,3141,2,36000,1.0035020694
524131,524137,527352,6,3215,2,36000,1.00186625194
524200,524210,527616,10,3406,2,36000,1.0029359953
524215,524221,527296,6,3075,2,36000,1.00195121951
524216,524227,527700,11,3473,2,36000,1.00316729053
524231,524237,527517,6,3280,2,36000,1.00182926829
524232,524243,527631,11,3388,2,36000,1.00324675325
524247,524253,527689,6,3436,2,36000,1.00174621653
524249,524259,528023,10,3764,2,36000,1.00265674814
524263,524271,527155,8,2884,2,36000,1.0027739251
524281,524292,527675,11,3383,2,36000,1.00325155188
524296,524302,528025,6,3723,2,36000,1.00161160355
524359,524371,527617,12,3246,2,36000,1.00369685767
524549,524559,527930,10,3371,2,36000,1.00296647879
524563,524569,527354,6,2785,2,36000,1.00215439856
524675,524686,528760,11,4074,2,36000,1.00270004909
524750,524759,528817,9,4058,2,36000,1.0022178413
524765,524771,528370,6,3599,2,36000,1.00166712976
524766,524777,528080,11,3303,2,36000,1.00333030578
524780,524787,528559,7,3772,2,36000,1.00185577943
524795,524801,528503,6,3702,2,36000,1.00162074554
524849,524858,528054,9,3196,2,36000,1.00281602003
524867,524875,528751,8,3876,2,36000,1.00206398349
524882,524888,528165,6,3277,2,36000,1.00183094294
524883,524894,529117,11,4223,2,36000,1.00260478333
524898,524905,528506,7,3601,2,36000,1.00194390447
524900,524911,527949,11,3038,2,36000,1.00362080316
525008,525019,528462,11,3443,2,36000,1.00319488818
525101,525110,528818,9,3708,2,36000,1.00242718447
525149,525160,528243,11,3083,2,36000,1.00356795329
525339,525348,528479,9,3131,2,36000,1.002874481
525343,545395,545466,20052,71,14,9960,283.422535211
525423,525434,529116,11,3682,2,36000,1.00298750679
525495,525506,529207,11,3701,2,36000,1.00297216968
527158,527166,530792,8,3626,2,36000,1.00220628792
527269,527280,530558,11,3278,2,36000,1.0033557047
527297,527307,530830,10,3523,2,36000,1.00283848992
527311,527317,530902,6,3585,2,36000,1.00167364017
527339,527349,530735,10,3386,2,36000,1.00295333727
527341,527355,530698,14,3343,2,36000,1.00418785522
527356,527365,530509,9,3144,2,36000,1.00286259542
527357,527370,530951,13,3581,2,36000,1.00363027087
527519,527528,530334,9,2806,2,36000,1.00320741269
527619,527627,531647,8,4020,2,36000,1.00199004975
527620,527633,531480,13,3847,2,36000,1.00337925656
527635,527643,531255,8,3612,2,36000,1.00221483942
527666,528469,528638,803,169,1,3600,5.75147928994
527677,527686,531029,9,3343,2,36000,1.00269219264
527692,527700,531223,8,3523,2,36000,1.00227079194
527706,527713,530573,7,2860,2,36000,1.00244755245
527727,527738,531000,11,3262,2,36000,1.00337216432
527742,527748,530653,6,2905,2,36000,1.00206540448
527760,527771,531247,11,3476,2,36000,1.00316455696
527931,527941,531244,10,3303,2,36000,1.00302755071
527949,527960,531476,11,3516,2,36000,1.00312855518
527982,527992,531257,10,3265,2,36000,1.00306278714
528024,528035,531312,11,3277,2,36000,1.00335672872
528038,528044,530884,6,2840,2,36000,1.00211267606
528056,528065,531380,9,3315,2,36000,1.00271493213
528080,528091,531366,11,3275,2,36000,1.00335877863
528167,528176,531105,9,2929,2,36000,1.00307272107
528245,528255,531135,10,2880,2,36000,1.00347222222
528372,528381,531900,9,3519,2,36000,1.00255754476
528462,528475,531791,13,3316,2,36000,1.00392038601
528480,528490,531430,10,2940,2,36000,1.00340136054
528504,528515,531606,11,3091,2,36000,1.00355871886
528518,528524,531547,6,3023,2,36000,1.00198478333
528560,528570,531949,10,3379,2,36000,1.00295945546
528754,528763,532616,9,3853,2,36000,1.0023358422
528768,528774,531866,6,3092,2,36000,1.00194049159
528818,540074,540419,11256,345,1,3600,33.6260869565
528820,528829,532398,9,3569,2,36000,1.00252171477
528821,528834,531938,13,3104,2,36000,1.00418814433
529116,529127,532544,11,3417,2,36000,1.00321919813
529117,529133,532426,16,3293,2,36000,1.00485879138
529208,529218,532863,10,3645,2,36000,1.00274348422
530335,530345,533951,10,3606,2,36000,1.00277315585
530510,530520,533607,10,3087,2,36000,1.00323939099
530558,530569,534387,11,3818,2,36000,1.00288108958
530575,530585,534157,10,3572,2,36000,1.00279955207
530653,530664,534664,11,4000,2,36000,1.00275
530698,530709,534037,11,3328,2,36000,1.00330528846
530737,530746,534088,9,3342,2,36000,1.0026929982
530794,530804,534005,10,3201,2,36000,1.00312402374
530831,530841,534246,10,3405,2,36000,1.00293685756
530885,530895,534740,10,3845,2,36000,1.00260078023
530903,530913,534740,10,3827,2,36000,1.0026130128
530951,530962,534437,11,3475,2,36000,1.00316546763
531002,531011,534867,9,3856,2,36000,1.0023340249
531029,531040,534441,11,3401,2,36000,1.00323434284
531107,531117,534736,10,3619,2,36000,1.00276319425
531137,531146,535689,9,4543,2,36000,1.00198106978
531224,531235,534415,11,3180,2,36000,1.0034591195
531245,531255,534821,10,3566,2,36000,1.00280426248
531260,531266,535209,6,3943,2,36000,1.001521684
531261,531272,534539,11,3267,2,36000,1.00336700337
531263,531277,534168,14,2891,2,36000,1.00484261501
531298,540429,540593,9131,164,1,3600,56.6768292683
531314,531324,534343,10,3019,2,36000,1.00331235508
531368,531378,534385,10,3007,2,36000,1.00332557366
531383,531391,534570,8,3179,2,36000,1.00251651463
531431,531441,535069,10,3628,2,36000,1.00275633958
531479,531488,535049,9,3561,2,36000,1.00252737995
531493,531499,534855,6,3356,2,36000,1.00178784267
531547,531558,536735,11,5177,2,36000,1.00212478269
531607,531617,535145,10,3528,2,36000,1.00283446712
531649,531658,535082,9,3424,2,36000,1.00262850467
531790,531802,535276,12,3474,2,36000,1.00345423143
531865,531877,535202,12,3325,2,36000,1.00360902256
531901,531911,534978,10,3067,2,36000,1.00326051516
531940,531949,535174,9,3225,2,36000,1.00279069767
531955,531961,535352,6,3391,2,36000,1.00176938956
532398,532410,535604,12,3194,2,36000,1.00375704446
532428,532437,536356,9,3919,2,36000,1.00229650421
532539,532555,536235,16,3680,2,36000,1.00434782609
532618,532627,535832,9,3205,2,36000,1.00280811232
532865,532874,536924,9,4050,2,36000,1.00222222222
533607,533618,536916,11,3298,2,36000,1.00333535476
533953,533962,537881,9,3919,2,36000,1.00229650421
534005,534017,537692,12,3675,2,36000,1.00326530612
534037,534048,537808,11,3760,2,36000,1.00292553191
534089,534099,537492,10,3393,2,36000,1.00294724433
534158,534168,537770,10,3602,2,36000,1.00277623542
534172,534179,538282,7,4103,2,36000,1.00170606873
534248,534257,537577,9,3320,2,36000,1.00271084337
534344,534354,538326,10,3972,2,36000,1.00251762336
534386,534396,538050,10,3654,2,36000,1.00273672687
534401,534407,537728,6,3321,2,36000,1.00180668473
534415,534427,538057,12,3630,2,36000,1.00330578512
534439,534448,537677,9,3229,2,36000,1.00278724063
534454,534460,537654,6,3194,2,36000,1.00187852223
534541,534551,537931,10,3380,2,36000,1.00295857988
534571,534581,538281,10,3700,2,36000,1.0027027027
534665,534675,538076,10,3401,2,36000,1.00294031167
534738,534747,538026,9,3279,2,36000,1.00274473925
534753,534759,538740,6,3981,2,36000,1.00150715901
534754,534765,538601,11,3836,2,36000,1.00286757039
534823,534832,538410,9,3578,2,36000,1.00251537172
534856,534866,539264,10,4398,2,36000,1.0022737608
534871,534878,538714,7,3836,2,36000,1.00182481752
534977,539946,540060,4969,114,1,1800,44.5877192982
534979,534989,538864,10,3875,2,36000,1.00258064516
535048,535060,538313,12,3253,2,36000,1.00368890255
535069,535080,538633,11,3553,2,36000,1.00309597523
535084,535093,538234,9,3141,2,36000,1.00286532951
535147,535156,537994,9,2838,2,36000,1.00317124736
535174,535185,538202,11,3017,2,36000,1.00364600597
535204,535213,538108,9,2895,2,36000,1.00310880829
535219,535225,538999,6,3774,2,36000,1.00158982512
535276,535287,538429,11,3142,2,36000,1.00350095481
535354,535364,538736,10,3372,2,36000,1.00296559905
535605,535615,539081,10,3466,2,36000,1.00288517023
535692,535700,539052,8,3352,2,36000,1.00238663484
535834,535843,539358,9,3515,2,36000,1.00256045519
536235,536246,539603,11,3357,2,36000,1.00327673518
536358,536368,540278,10,3910,2,36000,1.00255754476
536734,536746,540373,12,3627,2,36000,1.00330851944
536918,536927,539845,9,2918,2,36000,1.00308430432
536933,536939,540386,6,3447,2,36000,1.00174064404
537493,537503,541264,10,3761,2,36000,1.00265886732
537578,537589,541158,11,3569,2,36000,1.00308209583
537656,537665,540772,9,3107,2,36000,1.00289668491
537680,537688,540868,8,3180,2,36000,1.00251572327
537695,537703,541209,8,3506,2,36000,1.00228180262
537731,537739,541130,8,3391,2,36000,1.00235918608
537773,537781,541715,8,3934,2,36000,1.00203355363
537809,537819,541159,10,3340,2,36000,1.00299401198
537882,537892,541650,10,3758,2,36000,1.00266098989
537932,537942,541942,10,4000,2,36000,1.0025
537996,538005,541272,9,3267,2,36000,1.00275482094
538026,538037,541373,11,3336,2,36000,1.00329736211
538052,538061,541305,9,3244,2,36000,1.00277435265
538067,538073,541189,6,3116,2,36000,1.00192554557
538082,538088,541126,6,3038,2,36000,1.00197498354
538109,538119,541230,10,3111,2,36000,1.00321440051
538202,538213,541346,11,3133,2,36000,1.00351101181
538235,538246,542314,11,4068,2,36000,1.00270403147
538281,538292,542134,11,3842,2,36000,1.00286309214
538296,538302,542157,6,3855,2,36000,1.00155642023
538313,538324,542432,11,4108,2,36000,1.00267770204
538328,538337,542168,9,3831,2,36000,1.00234925607
538412,538421,541983,9,3562,2,36000,1.00252667041
538430,538441,541815,11,3374,2,36000,1.00326022525
538602,538612,542289,10,3677,2,36000,1.00271960838
538635,538644,542282,9,3638,2,36000,1.00247388675
538656,539951,540064,1295,113,1,1800,12.4601769912
538716,538726,542136,10,3410,2,36000,1.00293255132
538737,538747,541854,10,3107,2,36000,1.00321853878
538752,538758,542105,6,3347,2,36000,1.00179265013
538866,538876,541957,10,3081,2,36000,1.00324569945
539001,539011,542481,10,3470,2,36000,1.00288184438
539052,539064,542173,12,3109,2,36000,1.00385976198
539082,539092,543289,10,4197,2,36000,1.00238265428
539266,539275,542294,9,3019,2,36000,1.00298111958
539360,539369,543292,9,3923,2,36000,1.00229416263
539604,539615,542827,11,3212,2,36000,1.00342465753
539845,539856,543369,11,3513,2,36000,1.00313122687
540280,540290,543285,10,2995,2,36000,1.00333889816
540356,540603,540710,247,107,1,1800,3.30841121495
540374,540385,543727,11,3342,2,36000,1.00329144225
540385,540720,540818,335,98,1,1800,4.41836734694
540388,540397,543722,9,3325,2,36000,1.00270676692
540759,540828,541634,69,806,1,3600,1.08560794045
540762,541143,541494,381,351,1,3600,2.08547008547
540775,540783,544136,8,3353,2,36000,1.00238592305
540869,540879,544337,10,3458,2,36000,1.002891845
541128,541137,544047,9,2910,2,36000,1.00309278351
541143,541149,544797,6,3648,2,36000,1.00164473684
541161,541169,544568,8,3399,2,36000,1.00235363342
541163,541175,544848,12,3673,2,36000,1.00326708413
541189,541200,544975,11,3775,2,36000,1.00291390728
541211,541220,544573,9,3353,2,36000,1.00268416344
541231,541241,544368,10,3127,2,36000,1.00319795331
541264,541275,544679,11,3404,2,36000,1.00323149236
541279,541285,544884,6,3599,2,36000,1.00166712976
541306,541316,544600,10,3284,2,36000,1.00304506699
541336,541342,541916,6,574,1,1800,1.01045296167
541348,541357,544375,9,3018,2,36000,1.00298210736
541369,541384,545309,15,3925,2,36000,1.00382165605
541491,541497,542059,6,562,1,1800,1.01067615658
541652,541662,545125,10,3463,2,36000,1.00288766965
541716,541727,545600,11,3873,2,36000,1.00284017557
541815,541826,544971,11,3145,2,36000,1.00349761526
541825,544702,545531,2877,829,1,3600,4.47044632087
541854,541865,546286,11,4421,2,36000,1.00248812486
541945,541953,544927,8,2974,2,36000,1.00268997983
541960,541968,545082,8,3114,2,36000,1.00256904303
541984,541995,545677,11,3682,2,36000,1.00298750679
542109,542117,545889,8,3772,2,36000,1.00212089077
542136,542145,545263,9,3118,2,36000,1.00288646568
542137,542151,545658,14,3507,2,36000,1.00399201597
542159,542168,545259,9,3091,2,36000,1.00291167907
542174,542179,545350,5,3171,2,36000,1.00157678966
542175,542186,545612,11,3426,2,36000,1.00321074139
542283,542293,545775,10,3482,2,36000,1.00287191269
542298,542305,545417,7,3112,2,36000,1.00224935733
542300,542311,545267,11,2956,2,36000,1.00372124493
542315,542326,545593,11,3267,2,36000,1.00336700337
542432,542443,545698,11,3255,2,36000,1.00337941628
542483,542492,545919,9,3427,2,36000,1.00262620368
542829,542838,545725,9,2887,2,36000,1.00311742293
542841,544707,544817,1866,110,1,3600,17.9636363636
543289,543296,546716,7,3420,2,36000,1.00204678363
543303,543310,546880,7,3570,2,36000,1.00196078431
543305,543316,547011,11,3695,2,36000,1.00297699594
543371,543380,547047,9,3667,2,36000,1.00245432233
543503,543509,543560,6,51,1,1800,1.11764705882
543725,543733,547236,8,3503,2,36000,1.00228375678
543739,543746,548010,7,4264,2,36000,1.00164165103
543749,544804,544856,1055,52,1,1800,21.2884615385
543869,544810,544891,941,81,1,1800,12.6172839506
544049,544058,547205,9,3147,2,36000,1.00285986654
544136,544148,547199,12,3051,2,36000,1.00393313668
544338,544348,548172,10,3824,2,36000,1.00261506276
544368,544379,547414,11,3035,2,36000,1.00362438221
544383,544389,548205,6,3816,2,36000,1.00157232704
544570,544579,547710,9,3131,2,36000,1.002874481
544585,544591,548391,6,3800,2,36000,1.00157894737
544600,544611,547580,11,2969,2,36000,1.00370495116
544681,544691,548338,10,3647,2,36000,1.00274197971
544786,544799,544803,13,4,1,900,1.7
544797,545406,545535,609,129,14,9960,5.72093023256
544799,544816,548086,17,3270,2,36000,1.00519877676
544851,544857,548085,6,3228,2,36000,1.00185873606
544884,544890,548275,6,3385,2,36000,1.00177252585
544930,544936,548267,6,3331,2,36000,1.00180126088
544972,544978,548356,6,3378,2,36000,1.00177619893
544987,544993,548552,6,3559,2,36000,1.00168586682
544989,544999,545303,10,304,1,3600,1.03289473684
545083,545089,548780,6,3691,2,36000,1.00162557572
545128,545134,549006,6,3872,2,36000,1.00154958678
545187,545313,545390,126,77,1,1800,2.63636363636
545261,545267,548565,6,3298,2,36000,1.00181928441
545276,545282,548466,6,3184,2,36000,1.00188442211
545277,545288,549332,11,4044,2,36000,1.00272007913
545310,545319,548472,9,3153,2,36000,1.00285442436
545352,545359,548265,7,2906,2,36000,1.00240880936
545420,545426,548997,6,3571,2,36000,1.00168020162
545464,545471,545477,7,6,1,900,1.3
545471,545477,545535,6,58,14,9960,1.10344827586
545533,545539,545545,6,6,1,900,1.2
545535,545545,545550,10,5,1,900,1.5
545539,545551,545685,12,134,14,9960,1.08955223881
545547,545557,545686,10,129,14,9960,1.07751937984
545596,545602,549091,6,3489,2,36000,1.00171969046
545611,545617,549197,6,3580,2,36000,1.00167597765
545626,545632,549209,6,3577,2,36000,1.00167738328
545659,545665,549404,6,3739,2,36000,1.00160470714
545680,545686,549629,6,3943,2,36000,1.001521684
545683,545692,545699,9,7,1,900,1.6
545684,545697,545702,13,5,1,900,1.8
545688,545703,545878,15,175,14,9960,1.08571428571
545693,545708,545871,15,163,14,9960,1.09202453988
545697,545713,549361,16,3648,2,36000,1.00438596491
545708,545720,546314,12,594,1,3600,1.0202020202
545727,545733,549374,6,3641,2,36000,1.00164789893
545750,545757,546045,7,288,1,1800,1.02430555556
545776,545782,549200,6,3418,2,36000,1.00175541252
545869,545882,545886,13,4,1,900,1.7
545876,545887,545892,11,5,1,900,1.6
545877,545893,546106,16,213,14,9960,1.07511737089
545881,545905,546127,24,222,14,9960,1.10810810811
545890,545899,549141,9,3242,2,36000,1.00277606416
545920,545926,549221,6,3295,2,36000,1.00182094082
546067,546127,562106,60,15979,15,21600,1.00375492834
546104,546110,546115,6,5,1,900,1.1
546113,546138,546355,25,217,14,9960,1.11520737327
546125,546162,546166,37,4,1,900,4.1
546130,546367,546529,237,162,14,9960,2.46296296296
546250,546256,546545,6,289,1,1800,1.02076124567
546289,546296,549871,7,3575,2,36000,1.00195804196
546353,546359,546364,6,5,1,900,1.1
546363,546540,546674,177,134,14,9960,2.32089552239
546527,546533,546538,6,5,1,900,1.1
546533,546685,546835,152,150,14,9960,2.01333333333
546672,546678,546684,6,6,1,900,1.2
546681,546846,546982,165,136,14,9960,2.21323529412
546719,546725,550481,6,3756,2,36000,1.00159744409
546781,546787,546898,6,111,1,3600,1.05405405405
546834,546840,546845,6,5,1,900,1.1
546839,546993,547124,154,131,14,9960,2.17557251908
546881,546887,549954,6,3067,2,36000,1.0019563091
546980,546986,546991,6,5,1,900,1.1
546988,547136,547245,148,109,14,9960,2.35779816514
547012,547018,550434,6,3416,2,36000,1.00175644028
547048,547054,550337,6,3283,2,36000,1.00182759671
547088,547094,547402,6,308,1,3600,1.01948051948
547122,547413,547418,291,5,1,900,29.6
547127,547256,547390,129,134,14,9960,1.96268656716
547201,547207,550897,6,3690,2,36000,1.00162601626
547216,547222,550571,6,3349,2,36000,1.00179157958
547236,547243,550461,7,3218,2,36000,1.00217526414
547243,547429,547434,186,5,1,900,19.1
547249,547401,547535,152,134,14,9960,2.13432835821
547388,547445,547449,57,4,1,900,6.1
547393,547546,547677,153,131,14,9960,2.1679389313
547415,547421,550970,6,3549,2,36000,1.00169061708
547533,547539,547544,6,5,1,900,1.1
547540,547689,547831,149,142,14,9960,2.04929577465
547581,547588,551418,7,3830,2,36000,1.00182767624
547676,547683,547688,7,5,1,900,1.2
547682,547842,547992,160,150,14,9960,2.06666666667
547711,547717,550949,6,3232,2,36000,1.00185643564
547828,548286,548292,458,6,1,900,46.4
547834,548003,548147,169,144,14,9960,2.17361111111
547894,548375,548971,481,596,1,3600,1.80704697987
547990,548304,548309,314,5,1,900,31.9
547995,548158,548304,163,146,14,9960,2.11643835616
548013,548019,551704,6,3685,2,36000,1.00162822252
548086,548092,551692,6,3600,2,36000,1.00166666667
548087,548098,551144,11,3046,2,36000,1.0036112935
548145,548321,548326,176,5,1,900,18.1
548152,548315,548450,163,135,14,9960,2.20740740741
548174,548180,551770,6,3590,2,36000,1.00167130919
548207,548214,551707,7,3493,2,36000,1.00200400802
548268,548274,551666,6,3392,2,36000,1.00176886792
548269,548280,551884,11,3604,2,36000,1.00305216426
548284,548292,551586,8,3294,2,36000,1.00242865817
548301,548338,548361,37,23,1,900,2.60869565217
548307,548479,548612,172,133,14,9960,2.29323308271
548356,548363,551700,7,3337,2,36000,1.00209769254
548358,548369,551540,11,3171,2,36000,1.00346893724
548391,548398,551695,7,3297,2,36000,1.00212314225
548448,548461,548466,13,5,1,900,1.8
548454,548624,548776,170,152,14,9960,2.11842105263
548467,548473,551912,6,3439,2,36000,1.00174469322
548482,548488,551866,6,3378,2,36000,1.00177619893
548554,548560,552568,6,4008,2,36000,1.00149700599
548569,548575,552058,6,3483,2,36000,1.00172265289
548610,548981,548987,371,6,1,900,37.7
548615,548792,548935,177,143,14,9960,2.23776223776
548775,548999,549003,224,4,1,900,22.8
548780,548786,552162,6,3376,2,36000,1.00177725118
548781,548946,549081,165,135,14,9960,2.22222222222
548933,549011,549015,78,4,1,900,8.2
548940,549092,549244,152,152,14,9960,2.0
548998,549005,552208,7,3203,2,36000,1.00218545114
549013,549019,552313,6,3294,2,36000,1.00182149362
549078,549085,549091,7,6,1,900,1.3
549087,549257,549403,170,146,14,9960,2.16438356164
549091,549098,551964,7,2866,2,36000,1.00244242847
549143,549149,551994,6,2845,2,36000,1.00210896309
549200,549207,552977,7,3770,2,36000,1.00185676393
549202,549213,552752,11,3539,2,36000,1.00310822266
549239,549245,552396,6,3151,2,36000,1.00190415741
549240,549251,553088,11,3837,2,36000,1.00286682304
549242,549423,549428,181,5,1,900,18.6
549247,549417,549573,170,156,14,9960,2.08974358974
549334,549340,552279,6,2939,2,36000,1.00204151072
549361,549368,552373,7,3005,2,36000,1.00232945092
549376,549382,552456,6,3074,2,36000,1.00195185426
549400,549428,549433,28,5,1,900,3.3
549406,549411,553039,5,3628,2,36000,1.00137816979
549406,549584,549727,178,143,14,9960,2.24475524476
549572,549578,549584,6,6,1,900,1.2
549578,549738,549867,160,129,14,9960,2.24031007752
549629,549635,553006,6,3371,2,36000,1.00177988727
549724,549730,549737,6,7,1,900,1.3
549730,549879,550013,149,134,14,9960,2.11194029851
549867,549873,549879,6,6,1,900,1.2
549871,549884,553257,13,3373,2,36000,1.00385413578
549872,550024,550175,152,151,14,9960,2.00662251656
549955,549961,553580,6,3619,2,36000,1.00165791655
550011,550017,550022,6,5,1,900,1.1
550017,551087,551248,1070,161,14,9960,7.64596273292
550172,550178,550183,6,5,1,900,1.1
550178,551260,551408,1082,148,14,9960,8.31081081081
550338,550345,553675,7,3330,2,36000,1.0021021021
550435,550441,553778,6,3337,2,36000,1.00179802218
550462,550468,554334,6,3866,2,36000,1.00155199172
550483,550489,554011,6,3522,2,36000,1.00170357751
550573,550579,554314,6,3735,2,36000,1.0016064257
550898,550905,553892,7,2987,2,36000,1.00234348845
550967,550973,554254,6,3281,2,36000,1.00182871076
550982,550988,554118,6,3130,2,36000,1.00191693291
551144,551150,554334,6,3184,2,36000,1.00188442211
551246,551252,551258,6,6,1,900,1.2
551252,551419,551580,167,161,14,9960,2.03726708075
551406,551412,551441,6,29,1,900,1.20689655172
551417,551591,551735,174,144,14,9960,2.20833333333
551441,551447,554334,6,2887,2,36000,1.00207828195
551540,551546,554334,6,2788,2,36000,1.00215208034
551578,551898,551905,320,7,1,900,32.7
551584,551746,551907,162,161,14,9960,2.00621118012
551588,551597,554334,9,2737,2,36000,1.00328827183
551667,551673,554334,6,2661,2,36000,1.00225479143
551694,551700,554334,6,2634,2,36000,1.00227790433
551710,551716,554334,6,2618,2,36000,1.00229182582
551711,551722,554335,11,2613,2,36000,1.00420972063
551713,551727,554335,14,2608,2,36000,1.00536809816
551714,551732,554335,18,2603,2,36000,1.00691509796
551733,551917,551922,184,5,1,900,18.9
551739,551923,552071,184,148,14,9960,2.24324324324
551771,551777,554335,6,2558,2,36000,1.00234558249
551850,552005,552630,155,625,2,600,1.248
551868,551874,554335,6,2461,2,36000,1.00243803332
551885,551892,554335,7,2443,2,36000,1.00286532951
551905,551934,551941,29,7,1,900,3.6
551911,552099,552240,188,141,14,9960,2.33333333333
551913,551928,554335,15,2407,2,36000,1.00623182385
551986,551992,554335,6,2343,2,36000,1.00256081946
552000,552011,554335,11,2324,2,36000,1.00473321859
552060,552066,554335,6,2269,2,36000,1.00264433671
552069,552082,552088,13,6,1,900,1.9
552075,552251,552390,176,139,14,9960,2.26618705036
552163,552169,554335,6,2166,2,36000,1.0027700831
552208,552214,554335,6,2121,2,36000,1.00282885431
552238,552556,552562,318,6,1,900,32.4
552244,552401,552542,157,141,14,9960,2.1134751773
552275,552326,552546,51,220,2,180,1.23181818182
552280,552287,554335,7,2048,2,36000,1.00341796875
552313,552320,554335,7,2015,2,36000,1.00347394541
552374,552380,554335,6,1955,2,36000,1.00306905371
552388,552561,552567,173,6,1,900,17.9
552395,552567,552702,172,135,14,9960,2.27407407407
552398,552407,554335,9,1928,2,36000,1.00466804979
552458,552464,554335,6,1871,2,36000,1.00320684126
552541,552573,552577,32,4,1,900,3.6
552547,552713,552857,166,144,14,9960,2.15277777778
552571,552579,554339,8,1760,2,36000,1.00454545455
552700,552706,552710,6,4,1,900,1.0
552705,552868,553022,163,154,14,9960,2.05844155844
552755,552761,554339,6,1578,2,36000,1.00380228137
552854,552861,552866,7,5,1,900,1.2
552860,553033,553180,173,147,14,9960,2.1768707483
552978,552984,554339,6,1355,2,36000,1.00442804428
553008,553014,554339,6,1325,2,36000,1.00452830189
553020,553026,553031,6,5,1,900,1.1
553025,553191,553324,166,133,14,9960,2.24812030075
553041,553047,554339,6,1292,2,36000,1.00464396285
553093,553099,554339,6,1240,2,36000,1.00483870968
553179,553271,553278,92,7,1,900,9.9
553185,553335,553482,150,147,14,9960,2.02040816327
553259,553265,554339,6,1074,2,36000,1.00558659218
553323,553329,553335,6,6,1,900,1.2
553328,553493,553634,165,141,14,9960,2.17021276596
553480,553486,553490,6,4,1,900,1.0
553486,553646,553783,160,137,14,9960,2.16788321168
553582,553588,554339,6,751,2,36000,1.00798934754
553632,553638,553643,6,5,1,900,1.1
553638,553796,553933,158,137,14,9960,2.15328467153
553675,553681,554339,6,658,2,36000,1.00911854103
553778,553784,554339,6,555,2,36000,1.01081081081
553782,553790,553796,8,6,1,900,1.4
553787,553944,554095,157,151,14,9960,2.03973509934
553893,553899,554339,6,440,2,36000,1.01363636364
553931,553955,553960,24,5,1,900,2.9
553936,553950,554095,14,145,14,9960,1.09655172414
554013,554019,554339,6,320,2,36000,1.01875
554092,554328,554333,236,5,1,900,24.1
554093,554334,554339,241,5,1,900,24.6
554099,554111,554263,12,152,14,9960,1.07894736842
554099,554106,554248,7,142,14,9960,1.04929577465
554119,554125,554339,6,214,2,36000,1.02803738318
554246,554345,554349,99,4,1,900,10.3
554252,554259,554405,7,146,14,9960,1.04794520548
554254,554265,554339,11,74,2,36000,1.14864864865
554257,554356,554360,99,4,1,900,10.3
554262,554275,554422,13,147,14,9960,1.08843537415
554315,554322,554339,7,17,2,36000,1.41176470588
554404,554410,554415,6,5,1,900,1.1
554412,554418,554564,6,146,14,9960,1.04109589041
554420,554426,554431,6,5,1,900,1.1
554425,554432,554570,7,138,14,9960,1.05072463768
554436,554442,558287,6,3845,2,36000,1.00156046814
554437,554448,558085,11,3637,2,36000,1.00302447072
554439,554453,558168,14,3715,2,36000,1.00376850606
554440,554458,557531,18,3073,2,36000,1.00585746827
554441,554463,557856,22,3393,2,36000,1.00648393752
554442,554469,558204,27,3735,2,36000,1.00722891566
554444,554474,558132,30,3658,2,36000,1.00820120284
554445,554479,557958,34,3479,2,36000,1.00977292325
554446,554485,557858,39,3373,2,36000,1.01156240735
554448,554490,557804,42,3314,2,36000,1.01267350634
554449,554495,557878,46,3383,2,36000,1.01359739876
554450,554500,558399,50,3899,2,36000,1.01282380097
554452,554506,557696,54,3190,2,36000,1.01692789969
554453,554511,558174,58,3663,2,36000,1.01583401583
554454,554516,558044,62,3528,2,36000,1.01757369615
554456,554521,557824,65,3303,2,36000,1.01967907962
554457,554526,557802,69,3276,2,36000,1.02106227106
554458,554531,557903,73,3372,2,36000,1.02164887307
554460,554537,557984,77,3447,2,36000,1.02233826516
554461,554542,558255,81,3713,2,36000,1.02181524374
554462,554547,557995,85,3448,2,36000,1.02465197216
554463,554552,557833,89,3281,2,36000,1.02712587626
554465,554557,558310,92,3753,2,36000,1.02451372236
554466,554563,557551,97,2988,2,36000,1.03246318608
554467,554568,557708,101,3140,2,36000,1.0321656051
554469,554573,557821,104,3248,2,36000,1.03201970443
554470,554584,558001,114,3417,2,36000,1.03336259877
554471,554589,557745,118,3156,2,36000,1.03738910013
554473,554594,557744,121,3150,2,36000,1.03841269841
554474,554599,558322,125,3723,2,36000,1.03357507387
554475,554605,557691,130,3086,2,36000,1.0421257291
554477,554610,558791,133,4181,2,36000,1.03181057163
554478,554615,558976,137,4361,2,36000,1.03141481312
554479,554620,557926,141,3306,2,36000,1.04264972777
554481,554625,558224,144,3599,2,36000,1.0400111142
554482,554631,557978,149,3347,2,36000,1.04451747834
554483,554636,557927,153,3291,2,36000,1.04649042844
554485,554641,557901,156,3260,2,36000,1.04785276074
554486,554646,558039,160,3393,2,36000,1.04715590922
554487,554651,558297,164,3646,2,36000,1.04498080088
554562,554974,554981,412,7,1,900,41.9
554567,554979,554984,412,5,1,900,41.7
554570,554579,554723,9,144,14,9960,1.0625
554573,554657,554798,84,141,14,9960,1.59574468085
554722,554985,554989,263,4,1,900,26.7
554728,554734,554866,6,132,14,9960,1.04545454545
554796,554990,554994,194,4,1,900,19.8
554801,554809,554956,8,147,14,9960,1.05442176871
554865,554995,554999,130,4,1,900,13.4
554872,554877,555010,5,133,14,9960,1.03759398496
554954,555001,555004,47,3,1,900,5.0
554960,554968,555099,8,131,14,9960,1.06106870229
555007,555013,555018,6,5,1,900,1.1
555013,555019,555171,6,152,14,9960,1.03947368421
555096,555102,555106,6,4,1,900,1.0
555102,555108,555251,6,143,14,9960,1.04195804196
555169,555175,555179,6,4,1,900,1.0
555175,555181,555337,6,156,14,9960,1.03846153846
555250,555256,555260,6,4,1,900,1.0
555255,555261,555427,6,166,14,9960,1.03614457831
555336,555342,555346,6,4,1,900,1.0
555343,555350,555498,7,148,14,9960,1.0472972973
555424,555431,555437,7,6,1,900,1.3
555430,555437,555596,7,159,14,9960,1.04402515723
555497,555503,555508,6,5,1,900,1.1
555504,555510,555648,6,138,14,9960,1.04347826087
555594,555600,555604,6,4,1,900,1.0
555599,555606,555745,7,139,14,9960,1.05035971223
555646,555652,555657,6,5,1,900,1.1
555652,555658,555790,6,132,14,9960,1.04545454545
555738,555744,555749,6,5,1,900,1.1
555744,555750,555885,6,135,14,9960,1.04444444444
555787,555794,555798,7,4,1,900,1.1
555794,555800,555938,6,138,14,9960,1.04347826087
555882,555888,555892,6,4,1,900,1.0
555887,555894,556040,7,146,14,9960,1.04794520548
555936,555942,555946,6,4,1,900,1.0
555942,555948,556085,6,137,14,9960,1.04379562044
556038,556044,556048,6,4,1,900,1.0
556044,556050,556197,6,147,14,9960,1.04081632653
556085,556091,556095,6,4,1,900,1.0
556090,556097,556229,7,132,14,9960,1.05303030303
556196,556203,556208,7,5,1,900,1.2
556202,556209,556345,7,136,14,9960,1.05147058824
556227,556233,556237,6,4,1,900,1.0
556234,556240,556374,6,134,14,9960,1.0447761194
556343,556349,556354,6,5,1,900,1.1
556348,556355,556494,7,139,14,9960,1.05035971223
556367,556373,556416,6,43,16,356400,1.13953488372
556373,556379,556383,6,4,1,900,1.0
556380,556387,556523,7,136,14,9960,1.05147058824
556493,556499,556503,6,4,1,900,1.0
556498,556505,556639,7,134,14,9960,1.05223880597
556520,556528,556532,8,4,1,900,1.2
556526,556539,561606,13,5067,16,356400,1.00256562068
556526,556533,556673,7,140,14,9960,1.05
556637,556643,556647,6,4,1,900,1.0
556643,556649,556798,6,149,14,9960,1.04026845638
556672,556678,556682,6,4,1,900,1.0
556678,556684,556834,6,150,14,9960,1.04
556795,556802,556808,7,6,1,900,1.3
556801,556808,556954,7,146,14,9960,1.04794520548
556832,556838,556841,6,3,1,900,1.0
556838,556844,557005,6,161,14,9960,1.03726708075
556952,556959,556963,7,4,1,900,1.1
556957,556965,557107,8,142,14,9960,1.05633802817
557004,557010,557015,6,5,1,900,1.1
557009,557016,557164,7,148,14,9960,1.0472972973
557104,557110,557114,6,4,1,900,1.0
557110,557116,557250,6,134,14,9960,1.0447761194
557161,557168,557172,7,4,1,900,1.1
557168,557174,557314,6,140,14,9960,1.04285714286
557248,557254,557260,6,6,1,900,1.2
557253,557260,557407,7,147,14,9960,1.04761904762
557311,557318,557322,7,4,1,900,1.1
557317,557324,557473,7,149,14,9960,1.04697986577
557406,557412,557416,6,4,1,900,1.0
557412,557418,557566,6,148,14,9960,1.04054054054
557471,557477,557482,6,5,1,900,1.1
557476,557483,557624,7,141,14,9960,1.04964539007
557532,557538,559743,6,2205,2,36000,1.00272108844
557553,557559,559743,6,2184,2,36000,1.00274725275
557564,557570,557575,6,5,1,900,1.1
557570,557576,557716,6,140,14,9960,1.04285714286
557622,557628,557633,6,5,1,900,1.1
557628,557634,557785,6,151,14,9960,1.03973509934
557694,557700,559743,6,2043,2,36000,1.00293685756
557709,557716,559743,7,2027,2,36000,1.00345337938
557711,557722,559743,11,2021,2,36000,1.00544285007
557714,557727,557734,13,7,1,900,2.0
557720,557733,557871,13,138,14,9960,1.09420289855
557744,557750,559743,6,1993,2,36000,1.00301053688
557758,557764,559743,6,1979,2,36000,1.00303183426
557783,557790,557795,7,5,1,900,1.2
557790,557796,557943,6,147,14,9960,1.04081632653
557803,557810,559744,7,1934,2,36000,1.00361944157
557805,557816,559744,11,1928,2,36000,1.00570539419
557823,557829,559744,6,1915,2,36000,1.00313315927
557838,557844,559744,6,1900,2,36000,1.00315789474
557839,557850,559744,11,1894,2,36000,1.00580781415
557854,557860,559744,6,1884,2,36000,1.00318471338
557869,557880,557884,11,4,1,900,1.5
557869,557874,559744,5,1870,2,36000,1.00267379679
557874,557886,558044,12,158,14,9960,1.07594936709
557884,557892,559744,8,1852,2,36000,1.00431965443
557901,557908,559744,7,1836,2,36000,1.00381263617
557916,557922,559744,6,1822,2,36000,1.00329308452
557931,557937,559744,6,1807,2,36000,1.00332042059
557933,557943,559744,10,1801,2,36000,1.00555247085
557941,557949,557954,8,5,1,900,1.3
557947,557955,558097,8,142,14,9960,1.05633802817
557960,557965,559744,5,1779,2,36000,1.00281056773
557980,557986,559744,6,1758,2,36000,1.00341296928
557996,558002,559744,6,1742,2,36000,1.00344431688
557997,558008,559744,11,1736,2,36000,1.00633640553
558012,558018,559744,6,1726,2,36000,1.00347624565
558039,558045,559744,6,1699,2,36000,1.00353148911
558042,558051,558055,9,4,1,900,1.3
558048,558057,558186,9,129,14,9960,1.06976744186
558053,558063,559744,10,1681,2,36000,1.00594883998
558086,558092,559744,6,1652,2,36000,1.00363196126
558095,558101,558105,6,4,1,900,1.0
558101,558107,558248,6,141,14,9960,1.04255319149
558159,558165,559744,6,1579,2,36000,1.00379987334
558174,558179,559744,5,1565,2,36000,1.00319488818
558175,558185,559744,10,1559,2,36000,1.00641436818
558186,558192,558197,6,5,1,900,1.1
558192,558198,558334,6,136,14,9960,1.04411764706
558205,558211,559744,6,1533,2,36000,1.00391389432
558226,558232,559744,6,1512,2,36000,1.00396825397
558245,558251,558254,6,3,1,900,1.0
558251,558257,558401,6,144,14,9960,1.04166666667
558256,558263,559744,7,1481,2,36000,1.00472653612
558289,558295,559744,6,1449,2,36000,1.00414078675
558303,558309,559744,6,1435,2,36000,1.00418118467
558318,558324,559744,6,1420,2,36000,1.00422535211
558332,558343,558347,11,4,1,900,1.5
558333,558338,559744,5,1406,2,36000,1.00355618777
558337,558349,558484,12,135,14,9960,1.08888888889
558399,558404,559744,5,1340,2,36000,1.00373134328
558399,558410,558415,11,5,1,900,1.6
558405,558416,558559,11,143,14,9960,1.07692307692
558483,558489,558493,6,4,1,900,1.0
558489,558495,558631,6,136,14,9960,1.04411764706
558558,558565,558570,7,5,1,900,1.2
558564,558571,558705,7,134,14,9960,1.05223880597
558630,558636,558640,6,4,1,900,1.0
558636,558642,558785,6,143,14,9960,1.04195804196
558702,558708,558713,6,5,1,900,1.1
558708,558716,558857,8,141,14,9960,1.05673758865
558783,558789,558793,6,4,1,900,1.0
558789,558796,558944,7,148,14,9960,1.0472972973
558791,558802,559744,11,942,2,36000,1.01167728238
558854,558860,558866,6,6,1,900,1.2
558860,558868,559008,8,140,14,9960,1.05714285714
558942,558948,558951,6,3,1,900,1.0
558948,558955,559094,7,139,14,9960,1.05035971223
558978,558984,559744,6,760,2,36000,1.00789473684
559006,559012,559017,6,5,1,900,1.1
559012,559019,559155,7,136,14,9960,1.05147058824
559093,559099,559103,6,4,1,900,1.0
559099,559105,559265,6,160,14,9960,1.0375
559155,559161,559166,6,5,1,900,1.1
559161,559167,559324,6,157,14,9960,1.03821656051
559263,559269,559273,6,4,1,900,1.0
559268,559275,559418,7,143,14,9960,1.04895104895
559323,559329,559335,6,6,1,900,1.2
559330,559336,559478,6,142,14,9960,1.04225352113
559413,559419,559423,6,4,1,900,1.0
559419,559425,559558,6,133,14,9960,1.04511278195
559476,559482,559488,6,6,1,900,1.2
559482,559489,559619,7,130,14,9960,1.05384615385
559556,559561,559567,5,6,1,900,1.1
559562,559568,559719,6,151,14,9960,1.03973509934
559616,559623,559628,7,5,1,900,1.2
559623,559629,559769,6,140,14,9960,1.04285714286
559717,559723,559728,6,5,1,900,1.1
559722,559729,559862,7,133,14,9960,1.05263157895
559767,559774,559778,7,4,1,900,1.1
559773,559780,559922,7,142,14,9960,1.04929577465
559782,559788,559825,6,37,2,36000,1.16216216216
559783,559794,559831,11,37,2,36000,1.2972972973
559785,559799,559837,14,38,2,36000,1.36842105263
559786,559804,559845,18,41,2,36000,1.43902439024
559787,559809,559848,22,39,2,36000,1.5641025641
559789,559815,559853,26,38,2,36000,1.68421052632
559790,559821,559858,31,37,2,36000,1.83783783784
559791,559826,559864,35,38,2,36000,1.92105263158
559793,559831,559870,38,39,2,36000,1.97435897436
559794,559836,559875,42,39,2,36000,2.07692307692
559795,559842,559880,47,38,2,36000,2.23684210526
559797,559847,559886,50,39,2,36000,2.28205128205
559861,559867,559872,6,5,1,900,1.1
559863,559873,564713,10,4840,32,144000,1.0020661157
559866,559878,560021,12,143,14,9960,1.08391608392
559909,559915,560137,6,222,2,36000,1.02702702703
559910,559921,560137,11,216,2,36000,1.05092592593
559912,559926,560137,14,211,2,36000,1.0663507109
559913,559931,560137,18,206,2,36000,1.08737864078
559914,559936,560137,22,201,2,36000,1.10945273632
559916,559942,560137,26,195,2,36000,1.13333333333
559917,559953,560137,36,184,2,36000,1.19565217391
559918,559958,560137,40,179,2,36000,1.22346368715
559920,559963,560137,43,174,2,36000,1.24712643678
559921,559968,560137,47,169,2,36000,1.27810650888
559921,560056,560061,135,5,1,900,14.0
559922,559973,560137,51,164,2,36000,1.31097560976
559923,559978,560137,55,159,2,36000,1.34591194969
559925,559984,560137,59,153,2,36000,1.38562091503
559926,559989,560137,63,148,2,36000,1.42567567568
559927,559994,560137,67,143,2,36000,1.46853146853
559928,559947,560094,19,147,14,9960,1.12925170068
559929,559999,560137,70,138,2,36000,1.50724637681
559930,560004,560137,74,133,2,36000,1.55639097744
559931,560010,560137,79,127,2,36000,1.62204724409
559933,560015,560137,82,122,2,36000,1.67213114754
559934,560020,560137,86,117,2,36000,1.73504273504
559935,560025,560137,90,112,2,36000,1.80357142857
559937,560030,560137,93,107,2,36000,1.8691588785
559938,560036,560137,98,101,2,36000,1.9702970297
559939,560041,560137,102,96,2,36000,2.0625
559941,560046,560137,105,91,2,36000,2.15384615385
559942,560051,560137,109,86,2,36000,2.26744186047
559943,560068,560137,125,69,2,36000,2.8115942029
559945,560073,560137,128,64,2,36000,3.0
559946,560079,560137,133,58,2,36000,3.29310344828
559947,560084,560137,137,53,2,36000,3.58490566038
559948,560089,560137,141,48,2,36000,3.9375
559950,560094,560137,144,43,2,36000,4.3488372093
559951,560099,560137,148,38,2,36000,4.89473684211
559952,560104,560138,152,34,2,36000,5.47058823529
559954,560110,560138,156,28,2,36000,6.57142857143
559955,560115,560138,160,23,2,36000,7.95652173913
559956,560120,560138,164,18,2,36000,10.1111111111
559958,560125,560138,167,13,2,36000,13.8461538462
559959,560130,560138,171,8,2,36000,17.9
559960,560136,560138,176,2,2,36000,17.8
560020,560141,560145,121,4,1,900,12.5
560027,560063,560210,36,147,14,9960,1.24489795918
560093,560152,560156,59,4,1,900,6.3
560099,560147,560297,48,150,14,9960,1.32
560157,560163,560521,6,358,2,36000,1.01675977654
560159,560169,560521,10,352,2,36000,1.02840909091
560160,560174,560521,14,347,2,36000,1.04034582133
560161,560179,560521,18,342,2,36000,1.05263157895
560162,560184,560521,22,337,2,36000,1.06528189911
560164,560190,560521,26,331,2,36000,1.07854984894
560165,560196,560521,31,325,2,36000,1.09538461538
560166,560201,560521,35,320,2,36000,1.109375
560168,560206,560521,38,315,2,36000,1.12063492063
560169,560211,560521,42,310,2,36000,1.13548387097
560170,560216,560521,46,305,2,36000,1.15081967213
560172,560221,560521,49,300,2,36000,1.16333333333
560173,560227,560521,54,294,2,36000,1.18367346939
560174,560232,560521,58,289,2,36000,1.20069204152
560176,560237,560521,61,284,2,36000,1.21478873239
560177,560242,560521,65,279,2,36000,1.23297491039
560178,560248,560521,70,273,2,36000,1.25641025641
560180,560253,560521,73,268,2,36000,1.2723880597
560181,560258,560521,77,263,2,36000,1.2927756654
560182,560263,560521,81,258,2,36000,1.31395348837
560184,560269,560521,85,252,2,36000,1.3373015873
560185,560274,560522,89,248,2,36000,1.35887096774
560186,560285,560522,99,237,2,36000,1.41772151899
560188,560290,560522,102,232,2,36000,1.43965517241
560189,560295,560522,106,227,2,36000,1.46696035242
560190,560301,560522,111,221,2,36000,1.50226244344
560191,560306,560522,115,216,2,36000,1.53240740741
560193,560311,560522,118,211,2,36000,1.55924170616
560194,560316,560522,122,206,2,36000,1.59223300971
560195,560321,560522,126,201,2,36000,1.62686567164
560197,560326,560522,129,196,2,36000,1.65816326531
560198,560332,560522,134,190,2,36000,1.70526315789
560199,560337,560522,138,185,2,36000,1.74594594595
560201,560342,560522,141,180,2,36000,1.78333333333
560202,560347,560522,145,175,2,36000,1.82857142857
560203,560352,560522,149,170,2,36000,1.87647058824
560205,560358,560522,153,164,2,36000,1.93292682927
560206,560363,560522,157,159,2,36000,1.98742138365
560207,560368,560522,161,154,2,36000,2.04545454545
560209,560373,560522,164,149,2,36000,2.10067114094
560209,560378,560384,169,6,1,900,17.5
560215,560280,560420,65,140,14,9960,1.46428571429
560295,560395,560399,100,4,1,900,10.4
560311,560432,560593,121,161,14,9960,1.75155279503
560419,560426,560430,7,4,1,900,1.1
560425,560533,560678,108,145,14,9960,1.74482758621
560547,560553,563932,6,3379,2,36000,1.00177567328
560548,560559,565840,11,5281,2,36000,1.00208293884
560550,560564,565830,14,5266,2,36000,1.00265856438
560551,560569,563945,18,3376,2,36000,1.00533175355
560552,560575,563757,23,3182,2,36000,1.00722815839
560554,560580,563742,26,3162,2,36000,1.0082226439
560555,560586,564215,31,3629,2,36000,1.00854229815
560556,560591,565185,35,4594,2,36000,1.007618633
560558,560596,565133,38,4537,2,36000,1.00837557858
560559,560601,565845,42,5244,2,36000,1.00800915332
560560,560606,564700,46,4094,2,36000,1.01123595506
560562,560611,563864,49,3253,2,36000,1.01506301875
560563,560617,566421,54,5804,2,36000,1.00930392833
560564,560622,564557,58,3935,2,36000,1.01473951715
560565,560627,565873,62,5246,2,36000,1.0118185284
560567,560632,566199,65,5567,2,36000,1.01167594755
560568,560637,565555,69,4918,2,36000,1.01403009353
560569,560643,565290,74,4647,2,36000,1.01592425221
560571,560648,564524,77,3876,2,36000,1.01986584107
560572,560653,566000,81,5347,2,36000,1.0151486815
560573,560658,565214,85,4556,2,36000,1.01865671642
560575,560663,563781,88,3118,2,36000,1.02822322001
560576,560668,564816,92,4148,2,36000,1.02217936355
560577,560674,565295,97,4621,2,36000,1.02099112746
560579,560679,566440,100,5761,2,36000,1.01735809755
560580,560684,565586,104,4902,2,36000,1.02121583027
560581,560700,566169,119,5469,2,36000,1.0217590053
560583,560705,565275,122,4570,2,36000,1.02669584245
560584,560711,565438,127,4727,2,36000,1.02686693463
560585,560716,566621,131,5905,2,36000,1.02218458933
560587,560721,565400,134,4679,2,36000,1.02863859799
560588,560726,565067,138,4341,2,36000,1.03178991016
560589,560731,563928,142,3197,2,36000,1.0444166406
560591,560774,560779,183,5,1,900,18.8
560591,560737,565777,146,5040,2,36000,1.02896825397
560592,560742,564185,150,3443,2,36000,1.04356665699
560593,560747,563973,154,3226,2,36000,1.04773713577
560595,560752,565527,157,4775,2,36000,1.03287958115
560596,560758,566283,162,5525,2,36000,1.02932126697
560597,560690,560832,93,142,14,9960,1.65492957746
560597,560763,566410,166,5647,2,36000,1.02939613954
560598,560769,566351,171,5582,2,36000,1.0306341813
560676,560790,560794,114,4,1,900,11.8
560681,560695,560838,14,143,14,9960,1.0979020979
560829,560835,560840,6,5,1,900,1.1
560836,560855,560859,19,4,1,900,2.3
560836,560843,560984,7,141,14,9960,1.04964539007
560841,560849,560982,8,133,14,9960,1.06015037594
560980,560986,560991,6,5,1,900,1.1
560982,561005,561010,23,5,1,900,2.8
560985,560993,561125,8,132,14,9960,1.06060606061
560988,560999,561143,11,144,14,9960,1.07638888889
561123,561129,561134,6,5,1,900,1.1
561129,561136,561283,7,147,14,9960,1.04761904762
561141,561147,561152,6,5,1,900,1.1
561147,561154,561295,7,141,14,9960,1.04964539007
561281,561287,561292,6,5,1,900,1.1
561286,561293,561428,7,135,14,9960,1.05185185185
561293,561299,561305,6,6,1,900,1.2
561299,561305,561438,6,133,14,9960,1.04511278195
561426,561432,561438,6,6,1,900,1.2
561433,561439,561585,6,146,14,9960,1.04109589041
561436,561445,561451,9,6,1,900,1.5
561442,561451,561596,9,145,14,9960,1.06206896552
561583,561589,561593,6,4,1,900,1.0
561589,561595,561733,6,138,14,9960,1.04347826087
561594,561601,561609,7,8,1,900,1.5
561600,561607,561748,7,141,14,9960,1.04964539007
561731,561737,561742,6,5,1,900,1.1
561737,561743,561873,6,130,14,9960,1.04615384615
561743,561749,561754,6,5,1,900,1.1
561749,561755,561885,6,130,14,9960,1.04615384615
561789,562117,565493,328,3376,16,356400,1.0971563981
561870,561877,561882,7,5,1,900,1.2
561876,561883,562015,7,132,14,9960,1.05303030303
561883,561889,561893,6,4,1,900,1.0
561889,561895,562039,6,144,14,9960,1.04166666667
562012,562019,562024,7,5,1,900,1.2
562019,562025,562174,6,149,14,9960,1.04026845638
562037,562043,562047,6,4,1,900,1.0
562043,562049,562207,6,158,14,9960,1.03797468354
562171,562177,562182,6,5,1,900,1.1
562177,562185,562324,8,139,14,9960,1.05755395683
562200,562206,562212,6,6,1,900,1.2
562207,562219,562435,12,216,14,9960,1.05555555556
562321,562328,562335,7,7,1,900,1.4
562327,562335,562477,8,142,14,9960,1.05633802817
562430,562436,562440,6,4,1,900,1.0
562436,562447,562669,11,222,14,9960,1.04954954955
562474,562481,562486,7,5,1,900,1.2
562480,562488,562573,8,85,14,9960,1.09411764706
562571,562577,562578,6,1,1,900,1.0
562667,562673,562678,6,5,1,900,1.1
562672,562679,562771,7,92,14,9960,1.07608695652
563273,563279,592097,6,28818,6,28800,1.00020820321
563742,563749,568750,7,5001,2,36000,1.00139972006
563757,563763,569366,6,5603,2,36000,1.0010708549
563784,563790,567862,6,4072,2,36000,1.00147347741
563865,563871,568790,6,4919,2,36000,1.00121976011
563928,563935,567646,7,3711,2,36000,1.00188628402
563943,563949,566992,6,3043,2,36000,1.00197173842
563958,563964,568233,6,4269,2,36000,1.00140548138
563973,563979,568573,6,4594,2,36000,1.00130605137
564186,564192,569981,6,5789,2,36000,1.00103644844
564216,564222,569438,6,5216,2,36000,1.00115030675
564526,564532,569049,6,4517,2,36000,1.00132831525
564559,564565,569784,6,5219,2,36000,1.00114964553
564700,564706,568203,6,3497,2,36000,1.00171575636
564817,564823,570189,6,5366,2,36000,1.00111815132
565005,565011,565100,6,89,16,356400,1.06741573034
565067,565073,570622,6,5549,2,36000,1.00108127591
565133,565139,570090,6,4951,2,36000,1.00121187639
565183,565190,568774,7,3584,2,36000,1.001953125
565213,565220,570970,7,5750,2,36000,1.0012173913
565276,565283,570655,7,5372,2,36000,1.00130305287
565291,565297,570857,6,5560,2,36000,1.00107913669
565306,565312,571531,6,6219,2,36000,1.00096478534
565402,565408,568901,6,3493,2,36000,1.00171772116
565440,565447,569582,7,4135,2,36000,1.00169286578
565443,565453,575757,10,10304,32,144000,1.00097049689
565528,565534,571030,6,5496,2,36000,1.00109170306
565557,565563,571107,6,5544,2,36000,1.00108225108
565587,565593,570007,6,4414,2,36000,1.00135931128
565779,565785,569895,6,4110,2,36000,1.00145985401
565830,565836,570305,6,4469,2,36000,1.00134258223
565845,565851,570762,6,4911,2,36000,1.0012217471
565846,565857,569525,11,3668,2,36000,1.00299890949
565873,565879,570921,6,5042,2,36000,1.00119000397
566002,566008,570720,6,4712,2,36000,1.00127334465
566037,566044,567910,7,1866,16,356400,1.00375133976
566171,566177,571056,6,4879,2,36000,1.0012297602
566201,566207,570816,6,4609,2,36000,1.00130180082
566285,566291,570965,6,4674,2,36000,1.00128369705
566354,566360,572057,6,5697,2,36000,1.00105318589
566411,566417,570401,6,3984,2,36000,1.0015060241
566426,566431,570076,5,3645,2,36000,1.00137174211
566440,566446,572569,6,6123,2,36000,1.00097991181
566621,566627,572290,6,5663,2,36000,1.00105950909
566994,567003,573205,9,6202,2,36000,1.00145114479
567110,567116,567120,6,4,3,7200,1.0
567221,567227,574474,6,7247,3,7200,1.0008279288
567316,567323,567384,7,61,3,7200,1.11475409836
567388,567394,574609,6,7215,2,7200,1.00083160083
567443,567449,574697,6,7248,3,7200,1.00082781457
567647,567653,572304,6,4651,2,36000,1.00129004515
567757,567763,574994,6,7231,4,7200,1.00082976075
567864,567870,572440,6,4570,2,36000,1.00131291028
568039,568764,571134,725,2370,16,356400,1.305907173
568204,568211,571785,7,3574,2,36000,1.00195858982
568234,568240,573711,6,5471,2,36000,1.00109669165
568574,568580,571736,6,3156,2,36000,1.00190114068
568751,568758,573534,7,4776,2,36000,1.00146566164
568775,568781,573721,6,4940,2,36000,1.0012145749
568790,568796,572410,6,3614,2,36000,1.00166021029
568901,568907,574295,6,5388,2,36000,1.00111358575
569051,569057,574865,6,5808,2,36000,1.00103305785
569367,569373,573006,6,3633,2,36000,1.00165152766
569440,569447,573905,7,4458,2,36000,1.00157021086
569524,569531,575157,7,5626,2,36000,1.00124422325
569584,569591,573810,7,4219,2,36000,1.00165916094
569786,569792,575287,6,5495,2,36000,1.00109190173
569792,569798,569803,6,5,8,356400,1.1
569862,569869,569873,7,4,8,356400,1.1
569897,569903,575853,6,5950,2,36000,1.00100840336
569981,569988,573522,7,3534,2,36000,1.00198075835
570008,570014,573356,6,3342,2,36000,1.00179533214
570026,570032,570037,6,5,8,356400,1.1
570077,570083,574247,6,4164,2,36000,1.00144092219
570092,570098,574953,6,4855,2,36000,1.00123583934
570108,570114,570119,6,5,8,356400,1.1
570188,570194,575438,6,5244,2,36000,1.00114416476
570306,570312,574457,6,4145,2,36000,1.00144752714
570401,570408,576385,7,5977,2,36000,1.0011711561
570621,570627,575324,6,4697,2,36000,1.00127741111
570639,570645,570656,6,11,8,356400,1.54545454545
570657,570663,573950,6,3287,2,36000,1.00182537268
570720,570727,574956,7,4229,2,36000,1.00165523764
570762,570769,575481,7,4712,2,36000,1.00148556876
570816,570823,574627,7,3804,2,36000,1.00184016824
570858,570865,574293,7,3428,2,36000,1.002042007
570922,570928,576166,6,5238,2,36000,1.00114547537
570967,570973,574428,6,3455,2,36000,1.0017366136
570981,570988,576698,7,5710,2,36000,1.00122591944
571032,571038,574187,6,3149,2,36000,1.00190536678
571056,571062,576136,6,5074,2,36000,1.00118249901
571107,571113,575166,6,4053,2,36000,1.0014803849
571532,571538,575574,6,4036,2,36000,1.00148662042
571736,571742,575964,6,4222,2,36000,1.00142112743
571787,571793,576964,6,5171,2,36000,1.00116031715
572058,572064,576135,6,4071,2,36000,1.00147383935
572245,572251,572378,6,127,16,356400,1.04724409449
572290,572296,578100,6,5804,2,36000,1.00103376981
572304,572310,578002,6,5692,2,36000,1.00105411103
572410,572416,578099,6,5683,2,36000,1.0010557804
572443,572449,577147,6,4698,2,36000,1.00127713921
572467,572581,580987,114,8406,16,356400,1.01356174161
572569,572575,575504,6,2929,2,36000,1.00204848071
573006,573012,578154,6,5142,2,36000,1.00116686114
573204,573210,578829,6,5619,2,36000,1.00106780566
573358,573364,578830,6,5466,2,36000,1.00109769484
573523,573529,578868,6,5339,2,36000,1.00112380596
573538,573544,577044,6,3500,2,36000,1.00171428571
573620,573626,573630,6,4,4,356400,1.0
573712,573719,579266,7,5547,2,36000,1.00126194339
573727,573733,579122,6,5389,2,36000,1.00111337911
573803,573809,573813,6,4,4,356400,1.0
573811,573817,579191,6,5374,2,36000,1.00111648679
573907,573914,577155,7,3241,2,36000,1.00215982721
573952,573959,577735,7,3776,2,36000,1.00185381356
574021,574027,574031,6,4,4,356400,1.0
574070,574076,574079,6,3,4,356400,1.0
574118,574124,574127,6,3,4,356400,1.0
574187,574193,577372,6,3179,2,36000,1.00188738597
574187,574198,574203,11,5,4,356400,1.6
574198,574308,574400,110,92,14,9960,2.19565217391
574248,574254,577925,6,3671,2,36000,1.00163443203
574296,574302,578102,6,3800,2,36000,1.00157894737
574297,574313,579687,16,5374,2,36000,1.0029772981
574331,574486,574492,155,6,4,356400,16.1
574398,574442,574449,44,7,1,900,5.1
574405,574411,574622,6,211,14,9960,1.02843601896
574430,574436,578062,6,3626,2,36000,1.00165471594
574460,574466,579650,6,5184,2,36000,1.00115740741
574609,574616,574620,7,4,4,356400,1.1
574620,574628,574635,8,7,1,900,1.5
574625,574634,574760,9,126,14,9960,1.07142857143
574628,574639,579358,11,4719,2,36000,1.00233100233
574758,574764,574770,6,6,1,900,1.2
574762,574777,574782,15,5,4,356400,2.0
574763,574772,574840,9,68,14,9960,1.13235294118
574826,574832,576253,6,1421,2,7200,1.00422237861
574838,574844,574847,6,3,1,900,1.0
574843,574851,574929,8,78,14,9960,1.10256410256
574867,574873,580127,6,5254,2,36000,1.00114198706
574877,574884,582116,7,7232,4,7200,1.00096792035
574899,574905,574909,6,4,4,356400,1.0
574927,574933,574936,6,3,1,900,1.0
574927,574947,574950,20,3,4,356400,2.3
574932,574940,575079,8,139,14,9960,1.05755395683
574954,574960,578719,6,3759,2,36000,1.00159616919
574968,574975,579104,7,4129,2,36000,1.00169532574
575077,575083,575089,6,6,1,900,1.2
575082,575090,575220,8,130,14,9960,1.06153846154
575158,575164,579065,6,3901,2,36000,1.00153806716
575173,575179,580759,6,5580,2,36000,1.00107526882
575196,575231,575313,35,82,14,9960,1.42682926829
575218,575224,575229,6,5,1,900,1.1
575223,575324,575539,101,215,14,9960,1.46976744186
575288,575294,578842,6,3548,2,36000,1.00169109357
575312,575318,575323,6,5,1,900,1.1
575318,575336,575472,18,136,14,9960,1.13235294118
575324,575330,578983,6,3653,2,36000,1.00164248563
575438,575444,580619,6,5175,2,36000,1.00115942029
575469,575476,575480,7,4,1,900,1.1
575475,575483,575629,8,146,14,9960,1.05479452055
575480,575489,578988,9,3499,2,36000,1.00257216348
575504,575510,580907,6,5397,2,36000,1.00111172874
575537,575543,575550,6,7,1,900,1.3
575542,575550,575767,8,217,14,9960,1.03686635945
575576,575582,580698,6,5116,2,36000,1.00117279124
575626,575632,575637,6,5,1,900,1.1
575633,575639,575780,6,141,14,9960,1.04255319149
575668,575768,575773,100,5,4,356400,10.5
575764,575774,575778,10,4,1,900,1.4
575771,575780,576006,9,226,14,9960,1.03982300885
575778,575786,575791,8,5,1,900,1.3
575784,575792,575955,8,163,14,9960,1.0490797546
575853,575859,581731,6,5872,2,36000,1.00102179837
575952,575959,575964,7,5,1,900,1.2
575958,575965,576110,7,145,14,9960,1.04827586207
575960,575976,575981,16,5,4,356400,2.1
575965,575971,581264,6,5293,2,36000,1.00113357264
576004,576010,576014,6,4,1,900,1.0
576010,576016,576240,6,224,14,9960,1.02678571429
576025,576031,576035,6,4,4,356400,1.0
576108,576114,576119,6,5,1,900,1.1
576114,576120,576177,6,57,14,9960,1.10526315789
576136,576142,581478,6,5336,2,36000,1.00112443778
576138,576148,581249,10,5101,2,36000,1.00196039992
576157,576164,576169,7,5,4,356400,1.2
576167,576174,580324,7,4150,2,36000,1.00168674699
576237,576243,576248,6,5,1,900,1.1
576242,576249,576388,7,139,14,9960,1.05035971223
576345,576351,576355,6,4,2,356400,1.0
576379,576385,576389,6,4,1,900,1.0
576384,576391,576459,7,68,14,9960,1.10294117647
576387,576397,581950,10,5553,2,36000,1.00180082838
576456,576462,576465,6,3,1,900,1.0
576477,576483,576545,6,62,14,9960,1.09677419355
576543,576549,576552,6,3,1,900,1.0
576548,576555,576769,7,214,14,9960,1.03271028037
576700,576707,580379,7,3672,2,36000,1.00190631808
576718,576724,576728,6,4,4,356400,1.0
576767,576777,576783,10,6,1,900,1.6
576773,576782,577011,9,229,14,9960,1.03930131004
576863,576869,576960,6,91,14,9960,1.06593406593
576953,576959,576962,6,3,1,900,1.0
576960,576966,577051,6,85,14,9960,1.07058823529
576966,576972,582763,6,5791,2,36000,1.00103609049
577008,577014,577020,6,6,1,900,1.2
577013,577020,577148,7,128,14,9960,1.0546875
577020,577026,579164,6,2138,4,356400,1.00280636109
577044,577050,580084,6,3034,2,36000,1.00197758734
577049,577056,577061,7,5,1,900,1.2
577058,577064,577148,6,84,14,9960,1.07142857143
577146,577157,577165,11,8,1,900,1.9
577146,577152,577156,6,4,1,900,1.0
577147,577173,580446,26,3273,2,36000,1.00794378246
577151,577163,577256,12,93,14,9960,1.12903225806
577152,577168,577314,16,146,14,9960,1.1095890411
577161,577180,581749,19,4569,2,36000,1.00415845918
577254,577260,577263,6,3,1,900,1.0
577259,577266,577423,7,157,14,9960,1.04458598726
577312,577318,577327,6,9,1,900,1.5
577317,577324,577512,7,188,16,600,1.03723404255
577319,577330,577479,11,149,14,9960,1.07382550336
577372,577378,582798,6,5420,2,36000,1.00110701107
577418,577424,577429,6,5,1,900,1.1
577423,577430,577642,7,212,14,9960,1.03301886792
577479,577485,577494,6,9,1,900,1.5
577486,577491,577653,5,162,14,9960,1.03086419753
577641,577647,577654,6,7,1,900,1.3
577646,577653,577797,7,144,14,9960,1.04861111111
577651,577659,577667,8,8,1,900,1.6
577658,577665,577808,7,143,14,9960,1.04895104895
577737,577743,580609,6,2866,2,36000,1.00209351012
577795,577801,577807,6,6,1,900,1.2
577801,577807,577947,6,140,14,9960,1.04285714286
577807,577813,577822,6,9,1,900,1.5
577815,577821,577990,6,169,14,9960,1.03550295858
577925,577932,586917,7,8985,32,57600,1.00077907624
577927,577937,582962,10,5025,2,36000,1.00199004975
577945,577951,577955,6,4,1,900,1.0
577950,577958,578088,8,130,14,9960,1.06153846154
577988,577994,577999,6,5,1,900,1.1
577995,578001,578132,6,131,14,9960,1.04580152672
578002,578008,582010,6,4002,2,36000,1.00149925037
578062,578068,583636,6,5568,2,36000,1.00107758621
578086,578092,578097,6,5,1,900,1.1
578092,578100,578243,8,143,14,9960,1.05594405594
578101,578107,583200,6,5093,2,36000,1.00117808757
578102,578113,582653,11,4540,2,36000,1.00242290749
578104,578118,582457,14,4339,2,36000,1.0032265499
578130,578136,578143,6,7,1,900,1.3
578136,578143,578342,7,199,14,9960,1.0351758794
578155,578161,581194,6,3033,2,36000,1.00197823937
578241,578247,578251,6,4,1,900,1.0
578247,578255,578390,8,135,14,9960,1.05925925926
578340,578346,578354,6,8,1,900,1.4
578347,578353,578490,6,137,14,9960,1.04379562044
578387,578393,578398,6,5,1,900,1.1
578394,578401,578533,7,132,14,9960,1.05303030303
578488,578494,578501,6,7,1,900,1.3
578495,578501,578646,6,145,14,9960,1.04137931034
578531,578537,578541,6,4,1,900,1.0
578537,578545,578684,8,139,14,9960,1.05755395683
578644,578651,578660,7,9,1,900,1.6
578652,578657,578828,5,171,14,9960,1.02923976608
578682,578688,578693,6,5,1,900,1.1
578687,578695,578821,8,126,14,9960,1.06349206349
578723,578729,584398,6,5669,2,36000,1.00105838772
578818,578854,578858,36,4,1,900,4.0
578824,578831,578970,7,139,14,9960,1.05035971223
578826,578860,578866,34,6,1,900,4.0
578831,578838,583994,7,5156,2,36000,1.00135764158
578832,578843,584635,11,5792,2,36000,1.00189917127
578833,578849,578991,16,142,14,9960,1.11267605634
578847,578866,582424,19,3558,2,36000,1.0053400787
578868,578874,584448,6,5574,2,36000,1.00107642626
578967,578973,578977,6,4,1,900,1.0
578972,578981,579124,9,143,14,9960,1.06293706294
578985,578991,582880,6,3889,2,36000,1.00154281306
578989,578997,579002,8,5,1,900,1.3
578997,579003,579169,6,166,14,9960,1.03614457831
579000,579009,581964,9,2955,2,36000,1.00304568528
579066,579072,582586,6,3514,2,36000,1.00170745589
579105,579111,583353,6,4242,2,36000,1.00141442716
579121,579134,579138,13,4,1,900,1.7
579122,579128,582586,6,3458,2,36000,1.001735107
579127,579140,579271,13,131,14,9960,1.09923664122
579166,579172,579177,6,5,1,900,1.1
579174,579180,579349,6,169,14,9960,1.03550295858
579191,579198,583977,7,4779,2,36000,1.00146474158
579267,579273,584517,6,5244,2,36000,1.00114416476
579268,579279,579284,11,5,1,900,1.6
579274,579285,579427,11,142,14,9960,1.07746478873
579346,579352,579359,6,7,1,900,1.3
579353,579360,579498,7,138,14,9960,1.05072463768
579360,579366,583158,6,3792,2,36000,1.00158227848
579423,579429,579433,6,4,1,900,1.0
579429,579439,579579,10,140,14,9960,1.07142857143
579495,579502,579509,7,7,1,900,1.4
579503,579508,579682,5,174,14,9960,1.02873563218
579538,579544,583846,6,4302,2,36000,1.00139470014
579539,579550,584037,11,4487,2,36000,1.00245152663
579541,579555,582521,14,2966,2,36000,1.00472016183
579542,579560,583985,18,4425,2,36000,1.00406779661
579543,579566,582770,23,3204,2,36000,1.00717852684
579545,579571,583301,26,3730,2,36000,1.00697050938
579546,579577,585179,31,5602,2,36000,1.00553373795
579547,579582,584165,35,4583,2,36000,1.00763691905
579549,579587,583217,38,3630,2,36000,1.01046831956
579550,579593,585236,43,5643,2,36000,1.00762006025
579551,579598,585305,47,5707,2,36000,1.00823550026
579552,579603,582859,51,3256,2,36000,1.01566339066
579554,579608,582606,54,2998,2,36000,1.01801200801
579555,579613,585195,58,5582,2,36000,1.01039054102
579556,579619,583769,63,4150,2,36000,1.01518072289
579558,579624,584144,66,4520,2,36000,1.01460176991
579559,579629,583919,70,4290,2,36000,1.01631701632
579560,579634,585143,74,5509,2,36000,1.01343256489
579561,579639,583270,78,3631,2,36000,1.02148168549
579563,579645,585244,82,5599,2,36000,1.01464547241
579576,579663,579667,87,4,1,900,9.1
579582,579651,579811,69,160,14,9960,1.43125
579650,579657,583936,7,4279,2,36000,1.00163589624
579679,579686,579692,7,6,1,900,1.3
579686,579698,579837,12,139,14,9960,1.08633093525
579686,579692,585516,6,5824,2,36000,1.00103021978
579809,579815,579819,6,4,1,900,1.0
579814,579822,579963,8,141,14,9960,1.05673758865
579835,579842,579846,7,4,1,900,1.1
579842,579849,580064,7,215,14,9960,1.03255813953
579960,579967,579970,7,3,1,900,1.0
579966,579974,580137,8,163,14,9960,1.0490797546
580061,580068,580073,7,5,1,900,1.2
580069,580075,580287,6,212,14,9960,1.02830188679
580085,580091,584030,6,3939,2,36000,1.00152322925
580127,580133,586329,6,6196,2,36000,1.00096836669
580135,580141,580145,6,4,1,900,1.0
580140,580148,580314,8,166,14,9960,1.04819277108
580285,580291,580295,6,4,1,900,1.0
580291,580298,580473,7,175,14,9960,1.04
580311,580318,580321,7,3,1,900,1.0
580317,580325,580471,8,146,14,9960,1.05479452055
580325,580331,584295,6,3964,2,36000,1.0015136226
580380,580386,584712,6,4326,2,36000,1.00138696255
580449,580455,584162,6,3707,2,36000,1.00161855948
580469,580475,580478,6,3,1,900,1.0
580471,580481,580486,10,5,1,900,1.5
580474,580487,580631,13,144,14,9960,1.09027777778
580478,580492,580707,14,215,14,9960,1.06511627907
580609,580615,585640,6,5025,2,36000,1.00119402985
580623,580630,584881,7,4251,2,36000,1.00164667137
580627,580636,580640,9,4,1,900,1.3
580633,580642,580787,9,145,14,9960,1.06206896552
580699,580705,585607,6,4902,2,36000,1.00122399021
580704,580711,580718,7,7,1,900,1.4
580714,580720,580937,6,217,14,9960,1.02764976959
580762,580768,586213,6,5445,2,36000,1.00110192837
580784,580791,580795,7,4,1,900,1.1
580790,580798,580945,8,147,14,9960,1.05442176871
580909,581382,588830,473,7448,4,356400,1.06350698174
580909,580915,586505,6,5590,2,36000,1.00107334526
580935,580941,580948,6,7,1,900,1.3
580942,580957,581109,15,152,14,9960,1.09868421053
580943,580949,580953,6,4,1,900,1.0
580949,581120,581281,171,161,14,9960,2.06211180124
581107,581113,581118,6,5,1,900,1.1
581111,581904,724242,793,142338,16,356400,1.00557124591
581115,581293,581469,178,176,14,9960,2.01136363636
581195,581202,585746,7,4544,2,36000,1.00154049296
581249,581256,585936,7,4680,2,36000,1.0014957265
581264,581270,585805,6,4535,2,36000,1.001323043
581279,581285,581288,6,3,1,900,1.0
581285,581480,581616,195,136,14,9960,2.43382352941
581467,581473,581480,6,7,1,900,1.3
581474,581627,581773,153,146,14,9960,2.04794520548
581478,581486,585053,8,3567,2,36000,1.00224278105
581614,581620,581623,6,3,1,900,1.0
581619,581784,581932,165,148,14,9960,2.11486486486
581732,581738,585110,6,3372,2,36000,1.00177935943
581749,581756,585592,7,3836,2,36000,1.00182481752
581771,581777,581782,6,5,1,900,1.1
581779,581849,581987,70,138,14,9960,1.50724637681
581929,581936,581940,7,4,1,900,1.1
581935,581943,582092,8,149,14,9960,1.05369127517
581952,581958,586285,6,4327,2,36000,1.00138664202
581966,581972,588200,6,6228,2,36000,1.00096339114
581986,581992,581998,6,6,1,900,1.2
581993,581999,582213,6,214,14,9960,1.02803738318
582011,582017,585892,6,3875,2,36000,1.0015483871
582089,582096,582101,7,5,1,900,1.2
582095,582103,582243,8,140,14,9960,1.05714285714
582211,582218,582224,7,6,1,900,1.3
582218,582224,582445,6,221,14,9960,1.02714932127
582241,582247,582251,6,4,1,900,1.0
582246,582254,582396,8,142,14,9960,1.05633802817
582393,582399,582403,6,4,1,900,1.0
582398,582408,582550,10,142,14,9960,1.07042253521
582428,582434,587728,6,5294,2,36000,1.00113335852
582443,582449,582454,6,5,1,900,1.1
582449,582455,582619,6,164,14,9960,1.03658536585
582458,582464,588272,6,5808,2,36000,1.00103305785
582521,582527,587758,6,5231,2,36000,1.00114700822
582548,582555,582559,7,4,1,900,1.1
582554,582561,582702,7,141,14,9960,1.04964539007
582587,582593,587277,6,4684,2,36000,1.00128095645
582588,582599,585938,11,3339,2,36000,1.00329439952
582606,582612,585510,6,2898,2,36000,1.00207039337
582618,582624,582630,6,6,1,900,1.2
582626,582632,582780,6,148,14,9960,1.04054054054
582654,582661,587898,7,5237,2,36000,1.00133664312
582700,582706,582711,6,5,1,900,1.1
582705,582713,582850,8,137,14,9960,1.05839416058
582763,582769,587108,6,4339,2,36000,1.0013828071
582778,582788,582794,10,6,1,900,1.6
582778,582783,588717,5,5934,2,36000,1.00084260195
582785,582795,582964,10,169,14,9960,1.05917159763
582799,582805,587227,6,4422,2,36000,1.0013568521
582848,582854,582859,6,5,1,900,1.1
582854,582861,583005,7,144,14,9960,1.04861111111
582859,582867,588475,8,5608,2,36000,1.00142653352
582883,582889,588563,6,5674,2,36000,1.00105745506
582962,582968,582974,6,6,1,900,1.2
582964,582974,589312,10,6338,2,36000,1.00157778479
582969,582980,583147,11,167,14,9960,1.06586826347
583003,583009,583012,6,3,1,900,1.0
583009,583016,583155,7,139,14,9960,1.05035971223
583145,583151,583160,6,9,1,900,1.5
583152,583164,583169,12,5,1,900,1.7
583152,583158,583353,6,195,14,9960,1.03076923077
583158,583170,583313,12,143,14,9960,1.08391608392
583160,583175,587363,15,4188,2,36000,1.00358166189
583202,583209,589001,7,5792,2,36000,1.00120856354
583218,583224,588282,6,5058,2,36000,1.00118623962
583269,583275,587453,6,4178,2,36000,1.00143609382
583302,583308,588031,6,4723,2,36000,1.001270379
583311,583317,583322,6,5,1,900,1.1
583317,583324,583462,7,138,14,9960,1.05072463768
583350,583357,583363,7,6,1,900,1.3
583353,583363,586557,10,3194,2,36000,1.00313087038
583359,583369,583616,10,247,14,9960,1.04048582996
583459,583465,583470,6,5,1,900,1.1
583465,583473,583614,8,141,14,9960,1.05673758865
583611,583618,583622,7,4,1,900,1.1
583614,583624,583630,10,6,1,900,1.6
583617,583630,583772,13,142,14,9960,1.09154929577
583621,583635,583856,14,221,14,9960,1.06334841629
583637,583643,587147,6,3504,2,36000,1.00171232877
583770,583781,583784,11,3,1,900,1.4
583770,583775,587892,5,4117,2,36000,1.00121447656
583775,583787,583937,12,150,14,9960,1.08
583848,583854,588217,6,4363,2,36000,1.00137520055
583854,583860,583865,6,5,1,900,1.1
583862,583868,584081,6,213,14,9960,1.02816901408
583920,583926,589577,6,5651,2,36000,1.00106175898
583935,583941,583945,6,4,1,900,1.0
583938,583947,587899,9,3952,2,36000,1.00227732794
583941,583953,584089,12,136,14,9960,1.08823529412
583977,583983,588873,6,4890,2,36000,1.00122699387
583992,583998,588758,6,4760,2,36000,1.0012605042
584007,584013,587320,6,3307,2,36000,1.00181433323
584031,584037,588834,6,4797,2,36000,1.00125078174
584045,584051,589895,6,5844,2,36000,1.00102669405
584079,584085,584091,6,6,1,900,1.2
584086,584092,584307,6,215,14,9960,1.02790697674
584087,584098,584102,11,4,1,900,1.5
584093,584104,584252,11,148,14,9960,1.07432432432
584145,584151,587350,6,3199,2,36000,1.00187558612
584164,584170,588334,6,4164,2,36000,1.00144092219
584179,584185,588189,6,4004,2,36000,1.0014985015
584249,584256,584260,7,4,1,900,1.1
584255,584263,584408,8,145,14,9960,1.05517241379
584297,584303,589325,6,5022,2,36000,1.00119474313
584305,584311,584316,6,5,1,900,1.1
584313,584318,584540,5,222,14,9960,1.02252252252
584399,584405,587751,6,3346,2,36000,1.00179318589
584406,584412,584416,6,4,1,900,1.0
584412,584420,584552,8,132,14,9960,1.06060606061
584451,584457,589359,6,4902,2,36000,1.00122399021
584519,584524,588136,5,3612,2,36000,1.00138427464
584538,584544,584550,6,6,1,900,1.2
584546,584552,584725,6,173,14,9960,1.03468208092
584550,584558,584563,8,5,1,900,1.3
584555,584564,584702,9,138,14,9960,1.0652173913
584637,584643,590470,6,5827,2,36000,1.00102968938
584700,584706,584710,6,4,1,900,1.0
584705,584713,584860,8,147,14,9960,1.05442176871
584712,584719,589992,7,5273,2,36000,1.00132751754
584723,584729,584733,6,4,1,900,1.0
584731,584736,584905,5,169,14,9960,1.02958579882
584853,584859,584862,6,3,1,900,1.0
584859,584871,585029,12,158,14,9960,1.07594936709
584882,584888,587918,6,3030,2,36000,1.00198019802
584903,584909,584915,6,6,1,900,1.2
584910,584915,585056,5,141,14,9960,1.03546099291
585026,585033,585037,7,4,1,900,1.1
585032,585040,585176,8,136,14,9960,1.05882352941
585054,585060,585068,6,8,1,900,1.4
585055,585066,589684,11,4618,2,36000,1.00238198354
585061,585072,585233,11,161,14,9960,1.06832298137
585111,585117,590448,6,5331,2,36000,1.0011254924
585144,585150,590433,6,5283,2,36000,1.00113571834
585174,585180,585184,6,4,1,900,1.0
585179,585192,585331,13,139,14,9960,1.09352517986
585181,585186,588599,5,3413,2,36000,1.00146498682
585196,585202,591012,6,5810,2,36000,1.00103270224
585231,585237,585242,6,5,1,900,1.1
585238,585244,585388,6,144,14,9960,1.04166666667
585238,585249,590908,11,5659,2,36000,1.00194380633
585254,585260,590670,6,5410,2,36000,1.0011090573
585306,585312,588703,6,3391,2,36000,1.00176938956
585329,585335,585340,6,5,1,900,1.1
585334,585343,585484,9,141,14,9960,1.06382978723
585386,585392,585397,6,5,1,900,1.1
585394,585400,585548,6,148,14,9960,1.04054054054
585482,585488,585493,6,5,1,900,1.1
585487,585495,585635,8,140,14,9960,1.05714285714
585513,585519,590139,6,4620,2,36000,1.0012987013
585528,585534,588928,6,3394,2,36000,1.00176782557
585546,585552,585557,6,5,1,900,1.1
585554,585560,585710,6,150,14,9960,1.04
585591,585598,588709,7,3111,2,36000,1.00225008036
585610,585616,589905,6,4289,2,36000,1.00139892749
585633,585639,585643,6,4,1,900,1.0
585638,585652,585790,14,138,14,9960,1.10144927536
585640,585646,590915,6,5269,2,36000,1.001138736
585708,585714,585719,6,5,1,900,1.1
585716,585721,585862,5,141,14,9960,1.03546099291
585749,585755,590343,6,4588,2,36000,1.00130775937
585788,585795,585799,7,4,1,900,1.1
585794,585801,585938,7,137,14,9960,1.05109489051
585807,585813,590434,6,4621,2,36000,1.00129842026
585860,585866,585873,6,7,1,900,1.3
585867,585873,586017,6,144,14,9960,1.04166666667
585892,585898,590466,6,4568,2,36000,1.00131348511
585936,585942,585947,6,5,1,900,1.1
585938,585948,589721,10,3773,2,36000,1.00265041081
585939,585953,591302,14,5349,2,36000,1.00261731165
585941,585959,586109,18,150,14,9960,1.12
586015,586021,586028,6,7,1,900,1.3
586024,586030,586199,6,169,14,9960,1.03550295858
586107,586113,586118,6,5,1,900,1.1
586112,586120,586254,8,134,14,9960,1.05970149254
586197,586204,586210,7,6,1,900,1.3
586204,586210,586354,6,144,14,9960,1.04166666667
586215,586221,590474,6,4253,2,36000,1.00141076887
586252,586258,586264,6,6,1,900,1.2
586258,586265,586421,7,156,14,9960,1.04487179487
586285,586291,589636,6,3345,2,36000,1.00179372197
586331,586337,590856,6,4519,2,36000,1.00132772737
586352,586358,586363,6,5,1,900,1.1
586360,586366,586533,6,167,14,9960,1.03592814371
586419,586425,586430,6,5,1,900,1.1
586425,586432,586560,7,128,14,9960,1.0546875
586506,586512,591850,6,5338,2,36000,1.00112401649
586532,586538,586544,6,6,1,900,1.2
586539,586546,586680,7,134,14,9960,1.05223880597
586558,586564,586569,6,5,1,900,1.1
586560,586570,590837,10,4267,2,36000,1.00234356691
586564,586576,586719,12,143,14,9960,1.08391608392
586678,586684,586691,6,7,1,900,1.3
586685,586691,586844,6,153,14,9960,1.03921568627
586714,586720,586724,6,4,1,900,1.0
586719,586731,586869,12,138,14,9960,1.08695652174
586838,586844,586850,6,6,1,900,1.2
586846,586855,587024,9,169,14,9960,1.05325443787
586867,586873,586878,6,5,1,900,1.1
586873,586880,587027,7,147,14,9960,1.04761904762
587022,587028,587034,6,6,1,900,1.2
587024,587039,587043,15,4,1,900,1.9
587028,587034,587179,6,145,14,9960,1.04137931034
587030,587045,587188,15,143,14,9960,1.1048951049
587112,587118,592610,6,5492,2,36000,1.00109249818
587148,587154,592347,6,5193,2,36000,1.0011554015
587178,587184,587190,6,6,1,900,1.2
587185,587190,587195,5,5,1,900,1.0
587187,587196,587369,9,173,14,9960,1.05202312139
587190,587201,587337,11,136,14,9960,1.08088235294
587227,587233,593016,6,5783,2,36000,1.00103752378
587279,587285,592857,6,5572,2,36000,1.00107681263
587321,587327,592754,6,5427,2,36000,1.0011055832
587336,587342,587348,6,6,1,900,1.2
587342,587348,587485,6,137,14,9960,1.04379562044
587352,587358,590785,6,3427,2,36000,1.00175080245
587367,587372,591190,5,3818,2,36000,1.00130958617
587367,587377,587384,10,7,1,900,1.7
587375,587384,587530,9,146,14,9960,1.06164383562
587454,587460,592811,6,5351,2,36000,1.00112128574
587482,587489,587494,7,5,1,900,1.2
587488,587495,587639,7,144,14,9960,1.04861111111
587528,587534,587541,6,7,1,900,1.3
587534,587540,587699,6,159,14,9960,1.03773584906
587637,587643,587647,6,4,1,900,1.0
587642,587649,587706,7,57,14,9960,1.12280701754
587696,587703,587710,7,7,1,900,1.4
587704,587715,587884,11,169,14,9960,1.0650887574
587730,587736,593564,6,5828,2,36000,1.0010295127
587752,587758,593648,6,5890,2,36000,1.00101867572
587767,587773,592444,6,4671,2,36000,1.00128452152
587882,587888,587893,6,5,1,900,1.1
587890,587895,588049,5,154,14,9960,1.03246753247
587895,587901,593551,6,5650,2,36000,1.0010619469
587896,587907,593883,11,5976,2,36000,1.00184069612
587911,587917,592630,6,4713,2,36000,1.00127307447
587926,587932,593299,6,5367,2,36000,1.00111794298
588032,588038,592698,6,4660,2,36000,1.00128755365
588046,588053,588058,7,5,1,900,1.2
588055,588062,588208,7,146,14,9960,1.04794520548
588137,588144,593546,7,5402,2,36000,1.00129581636
588192,588198,592711,6,4513,2,36000,1.00132949258
588206,588218,588222,12,4,1,900,1.6
588207,588213,594116,6,5903,2,36000,1.00101643232
588213,588224,588389,11,165,14,9960,1.06666666667
588222,588230,593659,8,5429,2,36000,1.00147356788
588273,588280,594273,7,5993,2,36000,1.00116802937
588288,588294,594253,6,5959,2,36000,1.00100688035
588337,588343,594134,6,5791,2,36000,1.00103609049
588387,588393,588398,6,5,1,900,1.1
588397,588403,588542,6,139,14,9960,1.04316546763
588476,588482,594148,6,5666,2,36000,1.00105894811
588540,588546,588553,6,7,1,900,1.3
588547,588552,588692,5,140,14,9960,1.03571428571
588566,588572,594118,6,5546,2,36000,1.0010818608
588600,588606,594555,6,5949,2,36000,1.00100857287
588690,588696,588700,6,4,1,900,1.0
588698,588704,588878,6,174,14,9960,1.03448275862
588705,588712,594132,7,5420,2,36000,1.00129151292
588721,588727,594655,6,5928,2,36000,1.00101214575
588722,588733,594581,11,5848,2,36000,1.00188098495
588758,588764,592417,6,3653,2,36000,1.00164248563
588834,588840,594063,6,5223,2,36000,1.00114876508
588875,588881,588885,6,4,1,900,1.0
588876,588887,594710,11,5823,2,36000,1.00188906062
588882,588893,589063,11,170,14,9960,1.06470588235
588928,588934,594619,6,5685,2,36000,1.00105540897
589003,589009,593983,6,4974,2,36000,1.00120627262
589061,589067,589070,6,3,1,900,1.0
589071,589077,589225,6,148,14,9960,1.04054054054
589223,589229,589233,6,4,1,900,1.0
589231,589237,589384,6,147,14,9960,1.04081632653
589314,589320,593909,6,4589,2,36000,1.0013074744
589329,589336,593296,7,3960,2,36000,1.00176767677
589360,589366,592401,6,3035,2,36000,1.00197693575
589382,589388,589393,6,5,1,900,1.1
589390,589396,589565,6,169,14,9960,1.03550295858
589563,589569,589573,6,4,1,900,1.0
589570,589577,589736,7,159,14,9960,1.04402515723
589577,589583,595540,6,5957,2,36000,1.0010072184
589638,589645,594911,7,5266,2,36000,1.00132928219
589686,589692,594361,6,4669,2,36000,1.00128507175
589723,589729,595626,6,5897,2,36000,1.00101746651
589734,589740,589745,6,5,1,900,1.1
589742,589748,589879,6,131,14,9960,1.04580152672
589871,589877,593128,6,3251,2,36000,1.00184558597
589872,589883,593656,11,3773,2,36000,1.0029154519
589873,589909,589915,36,6,1,900,4.2
589873,589888,596224,15,6336,2,36000,1.00236742424
589874,589893,595353,19,5460,2,36000,1.00347985348
589876,589899,593352,23,3453,2,36000,1.0066608746
589877,589904,595155,27,5251,2,36000,1.00514187774
589878,589920,593217,42,3297,2,36000,1.0127388535
589880,589915,590048,35,133,14,9960,1.26315789474
589880,589926,593243,46,3317,2,36000,1.01386795297
589881,589931,594160,50,4229,2,36000,1.01182312603
589882,589936,593401,54,3465,2,36000,1.01558441558
589883,589941,594925,58,4984,2,36000,1.01163723917
589885,589946,595449,61,5503,2,36000,1.0110848628
589886,589952,593342,66,3390,2,36000,1.01946902655
589887,589957,593917,70,3960,2,36000,1.01767676768
589889,589962,594928,73,4966,2,36000,1.01469995973
589890,589968,595567,78,5599,2,36000,1.01393105912
589891,589973,593137,82,3164,2,36000,1.02591656131
589893,589979,595720,86,5741,2,36000,1.01497996865
589894,589984,595321,90,5337,2,36000,1.01686340641
589895,589989,595840,94,5851,2,36000,1.01606562981
589897,589994,593865,97,3871,2,36000,1.02505812452
589898,589999,595021,101,5022,2,36000,1.02011150936
589899,590004,594882,105,4878,2,36000,1.02152521525
589901,590010,593815,109,3805,2,36000,1.02864651774
589902,590015,595926,113,5911,2,36000,1.01911690069
589903,590020,594750,117,4730,2,36000,1.02473572939
589904,590025,595452,121,5427,2,36000,1.02229592777
589906,590030,593592,124,3562,2,36000,1.03481190343
589907,590035,593976,128,3941,2,36000,1.03247906623
589908,590041,593180,133,3139,2,36000,1.04237018159
589923,590047,596158,124,6111,2,36000,1.02029127802
589925,590052,593190,127,3138,2,36000,1.04047163799
589992,590057,594718,65,4661,2,36000,1.01394550526
590046,590069,590075,23,6,1,900,2.9
590056,590064,590216,8,152,14,9960,1.05263157895
590141,590146,595555,5,5409,2,36000,1.00092438528
590213,590220,590226,7,6,1,900,1.3
590220,590226,590349,6,123,14,9960,1.0487804878
590346,590352,595137,6,4785,2,36000,1.0012539185
590348,590358,590363,10,5,1,900,1.5
590357,590364,590505,7,141,14,9960,1.04964539007
590434,590440,594311,6,3871,2,36000,1.00154998708
590436,590446,594877,10,4431,2,36000,1.0022568269
590451,590457,595584,6,5127,2,36000,1.00117027501
590470,590476,595328,6,4852,2,36000,1.00123660346
590485,590491,596268,6,5777,2,36000,1.00103860135
590486,590497,593585,11,3088,2,36000,1.00356217617
590503,590510,590515,7,5,1,900,1.2
590513,590519,590689,6,170,14,9960,1.03529411765
590671,590677,596115,6,5438,2,36000,1.00110334682
590687,590694,590700,7,6,1,900,1.3
590694,590700,590865,6,165,14,9960,1.03636363636
590761,592107,603832,1346,11725,32,57600,1.11479744136
590787,590794,596187,7,5393,2,36000,1.00129797886
590839,590845,594294,6,3449,2,36000,1.00173963468
590857,590863,596801,6,5938,2,36000,1.00101044123
590863,590869,590875,6,6,1,900,1.2
590873,590879,591050,6,171,14,9960,1.0350877193
590909,590915,594162,6,3247,2,36000,1.00184785956
590924,590930,596347,6,5417,2,36000,1.00110762415
591012,591018,594645,6,3627,2,36000,1.00165425972
591048,591054,591061,6,7,1,900,1.3
591055,591061,591229,6,168,14,9960,1.03571428571
591192,591198,596609,6,5411,2,36000,1.00110885234
591227,591234,591240,7,6,1,900,1.3
591235,591241,591392,6,151,14,9960,1.03973509934
591301,591307,594646,6,3339,2,36000,1.00179694519
591390,591396,591400,6,4,1,900,1.0
591396,592641,592732,1245,91,14,9960,14.6813186813
591851,591857,596490,6,4633,2,36000,1.0012950572
592165,592742,592825,577,83,14,9960,7.95180722892
592347,592353,597938,6,5585,2,36000,1.00107430618
592402,592408,596463,6,4055,2,36000,1.00147965475
592420,592748,596931,328,4183,2,36000,1.07841262252
592444,592753,597809,309,5056,2,36000,1.06111550633
592611,592765,598575,154,5810,2,36000,1.0265060241
592632,592822,596938,190,4116,2,36000,1.04616132167
592700,592868,598071,168,5203,2,36000,1.032289064
592715,593027,596378,312,3351,2,36000,1.09310653536
592755,593139,597982,384,4843,2,36000,1.07928969647
592812,593148,599024,336,5876,2,36000,1.0571817563
592824,593479,593487,655,8,1,900,66.3
592831,592837,592923,6,86,14,9960,1.06976744186
592858,593195,597257,337,4062,2,36000,1.08296405711
592921,593484,593489,563,5,1,900,56.8
592927,592933,593178,6,245,14,9960,1.02448979592
593019,593201,598430,182,5229,2,36000,1.03480589023
593128,593229,597456,101,4227,2,36000,1.02389401467
593143,593254,598861,111,5607,2,36000,1.01979668272
593175,593489,593493,314,4,1,900,31.8
593179,593308,596794,129,3486,2,36000,1.03700516351
593182,593189,593447,7,258,14,9960,1.02713178295
593194,593314,597470,120,4156,2,36000,1.02887391723
593219,593353,596692,134,3339,2,36000,1.04013177598
593246,593364,596627,118,3263,2,36000,1.03616304015
593297,593412,596472,115,3060,2,36000,1.03758169935
593298,593458,598909,160,5451,2,36000,1.0293524124
593344,593463,598511,119,5048,2,36000,1.02357369255
593359,593468,598524,109,5056,2,36000,1.0215585443
593401,593474,599267,73,5793,2,36000,1.0126014155
593446,593494,593499,48,5,1,900,5.3
593453,593596,593828,143,232,14,9960,1.61637931034
593547,593603,597934,56,4331,2,36000,1.01293003925
593562,593659,598576,97,4917,2,36000,1.0197274761
593577,593667,596687,90,3020,2,36000,1.0298013245
593593,593673,597700,80,4027,2,36000,1.01986590514
593594,593826,597369,232,3543,2,36000,1.0654812306
593649,593877,599736,228,5859,2,36000,1.03891449053
593664,593894,599742,230,5848,2,36000,1.03932968536
593665,593920,597350,255,3430,2,36000,1.07434402332
593816,593929,597233,113,3304,2,36000,1.03420096852
593827,596027,596033,2200,6,1,900,220.6
593836,593842,594070,6,228,14,9960,1.02631578947
593869,593987,600443,118,6456,2,36000,1.01827757125
593884,593994,599490,110,5496,2,36000,1.02001455604
593911,594075,599039,164,4964,2,36000,1.03303787268
593926,594129,599217,203,5088,2,36000,1.03989779874
593977,594135,598213,158,4078,2,36000,1.03874448259
593992,594144,599881,152,5737,2,36000,1.02649468363
594065,594150,599950,85,5800,2,36000,1.01465517241
594067,596033,596037,1966,4,1,900,197.0
594074,594081,594304,7,223,14,9960,1.03139013453
594117,594159,598823,42,4664,2,36000,1.0090051458
594132,594171,599353,39,5182,2,36000,1.00752605172
594133,594177,600585,44,6408,2,36000,1.00686641698
594149,594264,600769,115,6505,2,36000,1.01767870869
594150,594284,599358,134,5074,2,36000,1.02640914466
594166,594305,599550,139,5245,2,36000,1.02650142993
594167,594323,598886,156,4563,2,36000,1.03418803419
594255,594373,599197,118,4824,2,36000,1.02446102819
594273,594566,600406,293,5840,2,36000,1.05017123288
594295,594593,598716,298,4123,2,36000,1.07227746786
594302,596038,596042,1736,4,1,900,174.0
594309,594315,594532,6,217,14,9960,1.02764976959
594313,594631,598015,318,3384,2,36000,1.09397163121
594362,594656,600477,294,5821,2,36000,1.05050678578
594530,596043,596047,1513,4,1,900,151.7
594537,594543,594764,6,221,14,9960,1.02714932127
594552,594662,600708,110,6046,2,36000,1.01819384717
594582,594668,600805,86,6137,2,36000,1.01401336158
594622,594721,598792,99,4071,2,36000,1.0243183493
594646,594729,600419,83,5690,2,36000,1.01458699473
594648,594761,600265,113,5504,2,36000,1.02053052326
594663,594889,600595,226,5706,2,36000,1.03960743077
594711,594895,598008,184,3113,2,36000,1.05910697077
594726,594922,600666,196,5744,2,36000,1.03412256267
594750,594937,600418,187,5481,2,36000,1.0341178617
594762,596048,596052,1286,4,1,900,129.0
594768,594775,595002,7,227,14,9960,1.03083700441
594878,594943,599999,65,5056,2,36000,1.01285601266
594893,595032,598889,139,3857,2,36000,1.03603837179
594911,595148,599420,237,4272,2,36000,1.05547752809
594927,595167,600147,240,4980,2,36000,1.04819277108
594928,595331,598590,403,3259,2,36000,1.12365756367
595001,596053,596057,1052,4,1,900,105.6
595008,595013,595231,5,218,14,9960,1.02293577982
595022,595345,600775,323,5430,2,36000,1.05948434622
595140,595364,601537,224,6173,2,36000,1.03628705654
595158,595460,600676,302,5216,2,36000,1.05789877301
595228,596059,596062,831,3,1,900,83.4
595235,595242,595328,7,86,14,9960,1.08139534884
595322,595466,600131,144,4665,2,36000,1.0308681672
595326,596064,596067,738,3,1,900,74.1
595333,595339,595549,6,210,14,9960,1.02857142857
595337,595551,601536,214,5985,2,36000,1.03575605681
595352,595566,600070,214,4504,2,36000,1.04751332149
595449,595578,601227,129,5649,2,36000,1.02283590016
595464,595595,600917,131,5322,2,36000,1.02461480646
595542,595637,602655,95,7018,2,36000,1.01353662012
595547,596069,596072,522,3,1,900,52.5
595554,595560,595781,6,221,14,9960,1.02714932127
595557,595731,601326,174,5595,2,36000,1.03109919571
595573,595851,601300,278,5449,2,36000,1.05101853551
595587,595938,600885,351,4947,2,36000,1.07095209218
595627,596126,599660,499,3534,2,36000,1.14119977363
595721,596170,601768,449,5598,2,36000,1.08020721686
595778,596074,596078,296,4,1,900,30.0
595785,595792,596011,7,219,14,9960,1.03196347032
595842,596198,601013,356,4815,2,36000,1.07393561786
595927,596022,601660,95,5638,2,36000,1.01684994679
596009,596079,596083,70,4,1,900,7.4
596015,596235,596473,220,238,14,9960,1.9243697479
596116,596280,601584,164,5304,2,36000,1.03092006033
596161,596358,601745,197,5387,2,36000,1.03656951921
596188,596390,601128,202,4738,2,36000,1.04263402279
596225,596475,602728,250,6253,2,36000,1.03998080921
596271,596483,601618,212,5135,2,36000,1.04128529698
596350,596501,602049,151,5548,2,36000,1.02721701514
596380,596620,602278,240,5658,2,36000,1.04241781548
596465,596639,602214,174,5575,2,36000,1.03121076233
596471,596949,596955,478,6,1,900,48.4
596478,596489,596710,11,221,14,9960,1.04977375566
596480,596699,602406,219,5707,2,36000,1.03837392676
596495,596705,602244,210,5539,2,36000,1.03791298068
596610,596805,600297,195,3492,2,36000,1.0558419244
596628,596812,602728,184,5916,2,36000,1.03110209601
596690,596942,600317,252,3375,2,36000,1.07466666667
596705,596970,600960,265,3990,2,36000,1.0664160401
596707,596954,596959,247,5,1,900,25.2
596714,596721,596939,7,218,14,9960,1.03211009174
596796,597244,601052,448,3808,2,36000,1.11764705882
596811,597268,603070,457,5802,2,36000,1.07876594278
596932,597361,603305,429,5944,2,36000,1.07217362046
596937,597719,597724,782,5,1,900,78.7
596943,596960,597179,17,219,14,9960,1.07762557078
596948,597380,600617,432,3237,2,36000,1.13345690454
597177,597724,597729,547,5,1,900,55.2
597184,597190,597426,6,236,14,9960,1.02542372881
597234,597467,601633,233,4166,2,36000,1.05592894863
597258,597482,602906,224,5424,2,36000,1.0412979351
597352,597698,601916,346,4218,2,36000,1.08202939782
597370,597703,601847,333,4144,2,36000,1.08035714286
597425,597729,597733,304,4,1,900,30.8
597431,597437,597687,6,250,14,9960,1.024
597458,597708,601161,250,3453,2,36000,1.07240081089
597473,597714,603034,241,5320,2,36000,1.04530075188
597686,597734,597738,48,4,1,900,5.2
597693,598026,598243,333,217,14,9960,2.53456221198
597700,597945,601059,245,3114,2,36000,1.07867694284
597810,597951,603769,141,5818,2,36000,1.02423513235
597935,598019,602989,84,4970,2,36000,1.01690140845
597950,598082,601986,132,3904,2,36000,1.03381147541
597983,598224,603060,241,4836,2,36000,1.04983457403
598009,598441,601588,432,3147,2,36000,1.1372735939
598025,598524,603513,499,4989,2,36000,1.1000200441
598073,598535,602437,462,3902,2,36000,1.11840082009
598215,598586,603061,371,4475,2,36000,1.08290502793
598240,599222,599228,982,6,1,900,98.8
598247,598254,598507,7,253,14,9960,1.02766798419
598505,599227,599232,722,5,1,900,72.7
598511,598518,598738,7,220,14,9960,1.03181818182
598579,598592,604206,13,5614,2,36000,1.00231563947
598595,598601,604874,6,6273,2,36000,1.00095648015
598716,598727,602135,11,3408,2,36000,1.00322769953
598736,599232,599236,496,4,1,900,50.0
598743,598749,598974,6,225,14,9960,1.02666666667
598792,598803,602016,11,3213,2,36000,1.00342359166
598822,598834,603783,12,4949,2,36000,1.00242473227
598862,598872,604399,10,5527,2,36000,1.0018092998
598890,598897,602124,7,3227,2,36000,1.0021691974
598891,598903,604638,12,5735,2,36000,1.002092415
598910,598920,602444,10,3524,2,36000,1.00283768445
598971,599238,599241,267,3,1,900,27.0
598978,598985,599211,7,226,14,9960,1.03097345133
599025,599036,602807,11,3771,2,36000,1.00291699814
599040,599050,604415,10,5365,2,36000,1.0018639329
599197,599208,604485,11,5277,2,36000,1.00208451772
599208,599243,599247,35,4,1,900,3.9
599219,599258,605085,39,5827,2,36000,1.00669298095
599223,599249,599468,26,219,14,9960,1.11872146119
599267,599278,602600,11,3322,2,36000,1.00331125828
599356,599364,603078,8,3714,2,36000,1.00215401185
599371,599377,605034,6,5657,2,36000,1.00106063284
599422,599431,603228,9,3797,2,36000,1.00237029234
599466,599722,599726,256,4,1,900,26.0
599473,599479,599711,6,232,14,9960,1.02586206897
599492,599502,604740,10,5238,2,36000,1.00190912562
599552,599561,605110,9,5549,2,36000,1.00162191386
599662,599671,603637,9,3966,2,36000,1.00226928896
599709,599727,599730,18,3,1,900,2.1
599716,599742,599993,26,251,14,9960,1.10358565737
599738,599748,603668,10,3920,2,36000,1.00255102041
599753,599759,606046,6,6287,2,36000,1.00095435025
599883,599892,606150,9,6258,2,36000,1.00143815916
599950,599961,605685,11,5724,2,36000,1.00192173305
599997,600004,600229,7,225,14,9960,1.03111111111
600001,600010,605187,9,5177,2,36000,1.00173845857
600072,600081,603804,9,3723,2,36000,1.00241740532
600132,600142,604611,10,4469,2,36000,1.00223763706
600147,600158,605839,11,5681,2,36000,1.00193627882
600227,600402,600406,175,4,1,900,17.9
600233,600240,600390,7,150,14,9960,1.04666666667
600265,600276,605617,11,5341,2,36000,1.00205953941
600298,600308,605934,10,5626,2,36000,1.00177746178
600317,600328,605708,11,5380,2,36000,1.00204460967
600407,600413,604747,6,4334,2,36000,1.0013844024
600422,600429,606273,7,5844,2,36000,1.00119780972
600424,600435,604564,11,4129,2,36000,1.00266408331
600442,600448,604958,6,4510,2,36000,1.00133037694
600479,600485,608026,6,7541,2,36000,1.00079565044
600552,600817,600893,265,76,14,9960,4.48684210526
600585,600591,606154,6,5563,2,36000,1.00107855474
600600,600605,604952,5,4347,2,36000,1.00115021854
600618,600624,605252,6,4628,2,36000,1.00129645635
600666,600672,604824,6,4152,2,36000,1.00144508671
600681,600687,605028,6,4341,2,36000,1.00138217001
600708,600715,604619,7,3904,2,36000,1.00179303279
600772,600778,607039,6,6261,2,36000,1.00095831337
600787,600793,604603,6,3810,2,36000,1.00157480315
600805,600811,606649,6,5838,2,36000,1.00102774923
600887,600896,606787,9,5891,2,36000,1.0015277542
600891,600999,601007,108,8,1,900,11.6
600899,600904,600988,5,84,14,9960,1.05952380952
600917,600928,606143,11,5215,2,36000,1.0021093001
600963,600972,605389,9,4417,2,36000,1.00203758207
600987,601004,601009,17,5,1,900,2.2
601003,601021,601105,18,84,14,9960,1.21428571429
601016,601027,605634,11,4607,2,36000,1.00238767094
601054,601063,606690,9,5627,2,36000,1.00159943131
601069,601075,605912,6,4837,2,36000,1.00124043829
601105,601116,601120,11,4,1,900,1.5
601116,601131,601357,15,226,14,9960,1.06637168142
601130,601139,606876,9,5737,2,36000,1.00156876416
601148,603843,660372,2695,56529,64,57600,1.04767464487
601161,601238,605479,77,4241,2,36000,1.01815609526
601227,601311,604447,84,3136,2,36000,1.02678571429
601303,601338,605114,35,3776,2,36000,1.0092690678
601327,601599,606904,272,5305,2,36000,1.05127238454
601355,601361,601367,6,6,1,900,1.2
601363,601369,601500,6,131,14,9960,1.04580152672
601498,601507,601510,9,3,1,900,1.2
601505,601513,601596,8,83,14,9960,1.09638554217
601536,601629,607051,93,5422,2,36000,1.01715234231
601537,601756,604924,219,3168,2,36000,1.06912878788
601588,601780,606500,192,4720,2,36000,1.0406779661
601594,601605,601607,11,2,1,900,1.3
601603,602060,605853,457,3793,2,36000,1.12048510414
601603,601611,601701,8,90,14,9960,1.08888888889
601618,602255,607011,637,4756,2,36000,1.13393608074
601633,602289,607111,656,4822,2,36000,1.13604313563
601661,602741,608460,1080,5719,2,36000,1.18884420353
601699,601705,601709,6,4,1,900,1.0
601706,601712,601802,6,90,14,9960,1.06666666667
601745,602746,608600,1001,5854,2,36000,1.17099419201
601770,602818,605919,1048,3101,2,36000,1.33795549823
601800,601806,601809,6,3,1,900,1.0
601807,601813,601941,6,128,14,9960,1.046875
601848,603001,609035,1153,6034,2,36000,1.19108385814
601918,603081,606872,1163,3791,2,36000,1.30677921393
601939,601945,601947,6,2,1,900,1.0
601948,601954,602043,6,89,14,9960,1.06741573034
601987,603090,608014,1103,4924,2,36000,1.22400487409
602018,603239,608279,1221,5040,2,36000,1.24226190476
602041,602047,602049,6,2,1,900,1.0
602048,602054,602134,6,80,14,9960,1.075
602051,603651,607399,1600,3748,2,36000,1.42689434365
602124,603679,608736,1555,5057,2,36000,1.30749456199
602132,602138,602141,6,3,1,900,1.0
602138,603780,608939,1642,5159,2,36000,1.31827873619
602140,602146,602203,6,57,14,9960,1.10526315789
602214,603815,609527,1601,5712,2,36000,1.28028711485
602244,604459,608976,2215,4517,2,36000,1.49036971441
602281,604615,610018,2334,5403,2,36000,1.43198223209
602408,604632,610923,2224,6291,2,36000,1.35352090288
602438,604638,609771,2200,5133,2,36000,1.42859925969
602453,604649,610267,2196,5618,2,36000,1.39088643645
602602,604835,610466,2233,5631,2,36000,1.39655478601
602656,604885,608313,2229,3428,2,36000,1.65023337223
602716,606152,641481,3436,35329,64,72000,1.09725721079
602729,602735,602820,6,85,14,9960,1.07058823529
602730,604936,610136,2206,5200,2,36000,1.42423076923
602731,604963,610565,2232,5602,2,36000,1.39842913245
602778,641492,672601,38714,31109,64,72000,2.24446301713
602810,605040,609569,2230,4529,2,36000,1.49238242438
602818,602824,602827,6,3,1,900,1.0
602824,602831,602919,7,88,14,9960,1.07954545455
602906,605121,610179,2215,5058,2,36000,1.43792012653
602918,602925,602929,7,4,1,900,1.1
602925,602931,603014,6,83,14,9960,1.07228915663
602991,605127,610133,2136,5006,2,36000,1.42668797443
603012,603018,603022,6,4,1,900,1.0
603018,603024,603175,6,151,14,9960,1.03973509934
603036,605198,610669,2162,5471,2,36000,1.39517455675
603060,605264,608853,2204,3589,2,36000,1.61409863472
603062,605490,611533,2428,6043,2,36000,1.40178719179
603077,605628,611372,2551,5744,2,36000,1.44411559889
603092,605650,611414,2558,5764,2,36000,1.44378903539
603173,603179,603184,6,5,1,900,1.1
603180,603186,603269,6,83,14,9960,1.07228915663
603228,605866,611274,2638,5408,2,36000,1.48779585799
603267,603273,603275,6,2,1,900,1.0
603273,603279,603377,6,98,14,9960,1.0612244898
603307,605923,611087,2616,5164,2,36000,1.50658404338
603375,603381,603383,6,2,1,900,1.0
603381,603387,603473,6,86,14,9960,1.06976744186
603471,603477,603479,6,2,1,900,1.0
603483,603489,603634,6,145,14,9960,1.04137931034
603512,605930,610130,2418,4200,2,36000,1.57571428571
603632,603638,603641,6,3,1,900,1.0
603637,606158,609675,2521,3517,2,36000,1.7168040944
603639,603645,603730,6,85,14,9960,1.07058823529
603658,603664,603751,6,87,14,9960,1.06896551724
603668,606164,611239,2496,5075,2,36000,1.4918226601
603726,603732,603736,6,4,1,900,1.0
603733,603739,603888,6,149,14,9960,1.04026845638
603749,603755,603759,6,4,1,900,1.0
603755,603762,603843,7,81,14,9960,1.08641975309
603771,606170,609582,2399,3412,2,36000,1.7031066823
603786,606284,610285,2498,4001,2,36000,1.62434391402
603804,606511,610293,2707,3782,2,36000,1.71575885775
603841,603849,603852,8,3,1,900,1.1
603848,603855,603897,7,42,14,9960,1.16666666667
603886,603892,603897,6,5,1,900,1.1
603892,603899,604031,7,132,14,9960,1.05303030303
604029,604035,604038,6,3,1,900,1.0
604035,604042,604122,7,80,14,9960,1.0875
604120,604126,604129,6,3,1,900,1.0
604126,604132,604222,6,90,14,9960,1.06666666667
604206,606660,613188,2454,6528,2,36000,1.37591911765
604220,604226,604230,6,4,1,900,1.0
604227,604233,604322,6,89,14,9960,1.06741573034
604319,604325,604329,6,4,1,900,1.0
604327,604333,604419,6,86,14,9960,1.06976744186
604402,606701,611422,2299,4721,2,36000,1.48697309892
604416,606798,612113,2382,5315,2,36000,1.44816556914
604418,604423,604426,5,3,1,900,1.0
604424,604430,604515,6,85,14,9960,1.07058823529
604449,606883,611982,2434,5099,2,36000,1.47734849971
604486,606889,611881,2403,4992,2,36000,1.48137019231
604512,604519,604522,7,3,1,900,1.0
604519,604525,604614,6,89,14,9960,1.06741573034
604567,606915,611378,2348,4463,2,36000,1.52610351781
604607,607022,610363,2415,3341,2,36000,1.72283747381
604612,604621,604624,9,3,1,900,1.2
604619,604627,604720,8,93,14,9960,1.08602150538
604621,607050,612649,2429,5599,2,36000,1.43382746919
604623,607062,612423,2439,5361,2,36000,1.45495243425
604638,607122,613065,2484,5943,2,36000,1.41797072186
604714,604720,604723,6,3,1,900,1.0
604720,604726,604865,6,139,14,9960,1.04316546763
604741,607410,610837,2669,3427,2,36000,1.77881529034
604756,608026,613075,3270,5049,2,36000,1.64765300059
