SubmitTime,StartTime,EndTime,QueuedTime,RunTime,NodesRequested,walltime,bslowdown
22,28,3148,6,3120,2,7200,1.00192307692
46,52,3350,6,3298,2,7200,1.00181928441
70,76,3316,6,3240,2,7200,1.00185185185
220,226,3299,6,3073,2,7200,1.00195248942
247,253,3304,6,3051,2,7200,1.00196656834
473,479,3707,6,3228,2,7200,1.00185873606
490,496,3450,6,2954,2,7200,1.00203114421
505,515,3332,10,2817,2,7200,1.00354987575
622,628,3643,6,3015,2,7200,1.00199004975
655,661,3745,6,3084,2,7200,1.00194552529
670,676,3852,6,3176,2,7200,1.00188916877
724,730,3958,6,3228,2,7200,1.00185873606
748,754,3706,6,2952,2,7200,1.00203252033
762,768,3440,6,2672,2,7200,1.00224550898
777,783,4019,6,3236,2,7200,1.00185414091
778,789,3736,11,2947,2,7200,1.00373260943
793,799,3617,6,2818,2,7200,1.00212916962
877,883,4165,6,3282,2,7200,1.00182815356
934,940,4181,6,3241,2,7200,1.00185128047
961,967,3930,6,2963,2,7200,1.00202497469
976,982,3754,6,2772,2,7200,1.00216450216
993,1000,4254,7,3254,2,7200,1.00215119852
1216,1222,3919,6,2697,2,7200,1.0022246941
1354,1360,4519,6,3159,2,7200,1.00189933523
1411,1417,4543,6,3126,2,7200,1.0019193858
1519,1525,4525,6,3000,2,7200,1.002
1534,1540,4832,6,3292,2,7200,1.00182260024
1549,1555,4604,6,3049,2,7200,1.00196785831
1563,1569,4435,6,2866,2,7200,1.00209351012
1578,1584,4739,6,3155,2,7200,1.00190174326
1579,1590,4313,11,2723,2,7200,1.00403966214
1606,1612,4885,6,3273,2,7200,1.00183318057
1768,1775,4932,7,3157,2,7200,1.0022172949
1847,1853,4914,6,3061,2,7200,1.00196014374
2124,2130,5336,6,3206,2,7200,1.00187149095
2683,2690,5894,7,3204,2,7200,1.00218476904
2725,2732,5702,7,2970,2,7200,1.00235690236
2803,2810,6002,7,3192,2,7200,1.00219298246
2909,2915,5858,6,2943,2,7200,1.00203873598
3140,3146,6299,6,3153,2,7200,1.00190294957
3155,3161,6031,6,2870,2,7200,1.00209059233
3266,3630,39636,364,36006,64,36000,1.01010942621
3302,3308,6121,6,2813,2,7200,1.00213295414
3317,3323,6590,6,3267,2,7200,1.00183654729
3318,3329,6298,11,2969,2,7200,1.00370495116
3333,3339,6497,6,3158,2,7200,1.00189993667
3351,3357,6365,6,3008,2,7200,1.00199468085
3441,3447,6594,6,3147,2,7200,1.00190657769
3456,3462,6600,6,3138,2,7200,1.00191204589
3618,3624,6310,6,2686,2,7200,1.00223380491
3645,3651,6592,6,2941,2,7200,1.00204012241
3708,3714,6766,6,3052,2,7200,1.00196592398
3709,3720,6921,11,3201,2,7200,1.00343642612
3736,3742,6695,6,2953,2,7200,1.00203183204
3751,3757,6665,6,2908,2,7200,1.00206327373
3766,3772,6840,6,3068,2,7200,1.00195567145
3853,3859,6760,6,2901,2,7200,1.00206825233
3919,3925,6927,6,3002,2,7200,1.00199866755
3933,3940,6879,7,2939,2,7200,1.0023817625
3960,3966,6979,6,3013,2,7200,1.00199137073
4020,4026,7229,6,3203,2,7200,1.00187324383
4168,4174,7105,6,2931,2,7200,1.00204708291
4183,4189,7142,6,2953,2,7200,1.00203183204
4255,4261,7335,6,3074,2,7200,1.00195185426
4315,4321,7049,6,2728,2,7200,1.00219941349
4435,4441,7233,6,2792,2,7200,1.00214899713
4519,4525,7611,6,3086,2,7200,1.00194426442
4534,4540,7171,6,2631,2,7200,1.00228050171
4549,4554,7439,5,2885,2,7200,1.00173310225
4606,4612,7932,6,3320,2,7200,1.00180722892
4741,4747,7883,6,3136,2,7200,1.00191326531
4834,4840,7671,6,2831,2,7200,1.00211939244
4888,4894,7772,6,2878,2,7200,1.0020847811
4915,4921,7607,6,2686,2,7200,1.00223380491
4932,4938,7974,6,3036,2,7200,1.00197628458
5338,5345,7942,7,2597,2,7200,1.00269541779
5702,5708,8555,6,2847,2,7200,1.00210748156
5859,5865,8807,6,2942,2,7200,1.00203942896
5894,5901,9046,7,3145,2,7200,1.00222575517
6002,6009,9029,7,3020,2,7200,1.00231788079
6032,6038,9125,6,3087,2,7200,1.0019436346
6122,6128,8900,6,2772,2,7200,1.00216450216
6300,6306,9299,6,2993,2,7200,1.00200467758
6301,6312,9225,11,2913,2,7200,1.00377617576
6316,6322,9285,6,2963,2,7200,1.00202497469
6367,6373,9470,6,3097,2,7200,1.00193735873
6499,6506,9489,7,2983,2,7200,1.00234663091
6593,6599,9504,6,2905,2,7200,1.00206540448
6594,6605,9564,11,2959,2,7200,1.00371747212
6609,6615,9490,6,2875,2,7200,1.00208695652
6610,6621,9649,11,3028,2,7200,1.0036327609
6667,6674,9770,7,3096,2,7200,1.00226098191
6697,6703,9846,6,3143,2,7200,1.00190900414
6760,6766,9760,6,2994,2,7200,1.00200400802
6775,6781,9956,6,3175,2,7200,1.00188976378
6841,6847,10114,6,3267,2,7200,1.00183654729
6880,6886,9839,6,2953,2,7200,1.00203183204
6922,6928,9875,6,2947,2,7200,1.00203596878
6936,6943,9976,7,3033,2,7200,1.00230794593
6981,6987,10137,6,3150,2,7200,1.0019047619
7050,7056,10350,6,3294,2,7200,1.00182149362
7107,7113,9989,6,2876,2,7200,1.00208623088
7143,7149,10290,6,3141,2,7200,1.00191021968
7172,7179,10297,7,3118,2,7200,1.00224502886
7229,7236,10210,7,2974,2,7200,1.00235373235
7244,7250,10368,6,3118,2,7200,1.00192431046
7334,7340,10216,6,2876,2,7200,1.00208623088
7439,7445,10609,6,3164,2,7200,1.00189633375
7607,7614,10486,7,2872,2,7200,1.00243732591
7622,7628,10467,6,2839,2,7200,1.00211342022
7636,7643,547664,7,540021,1,540000,1.00001296246
7673,7679,10758,6,3079,2,7200,1.00194868464
7684,7690,547734,6,540044,1,540000,1.00001111021
7772,7778,10877,6,3099,2,7200,1.00193610842
7883,7889,11034,6,3145,2,7200,1.00190779014
7931,7937,10874,6,2937,2,7200,1.00204290092
7945,7952,10955,7,3003,2,7200,1.00233100233
7975,7981,10879,6,2898,2,7200,1.00207039337
8556,8562,11407,6,2845,2,7200,1.00210896309
8808,8814,11867,6,3053,2,7200,1.00196528005
8901,8907,12314,6,3407,2,7200,1.00176108013
9030,9036,12126,6,3090,2,7200,1.00194174757
9048,9054,12433,6,3379,2,7200,1.00177567328
9126,9132,12457,6,3325,2,7200,1.00180451128
9225,9231,12014,6,2783,2,7200,1.00215594682
9288,9294,12092,6,2798,2,7200,1.00214438885
9302,9308,12058,6,2750,2,7200,1.00218181818
9471,9477,12285,6,2808,2,7200,1.00213675214
9492,9498,12616,6,3118,2,7200,1.00192431046
9493,9504,12453,11,2949,2,7200,1.00373007799
9508,9514,12662,6,3148,2,7200,1.00190597205
9564,9571,12749,7,3178,2,7200,1.00220264317
9651,9658,12675,7,3017,2,7200,1.00232018561
9762,9769,12770,7,3001,2,7200,1.00233255581
9777,9783,12930,6,3147,2,7200,1.00190657769
9840,9846,12763,6,2917,2,7200,1.00205690778
9855,9861,12783,6,2922,2,7200,1.00205338809
9875,9882,12847,7,2965,2,7200,1.0023608769
9957,9963,13060,6,3097,2,7200,1.00193735873
9977,9983,12706,6,2723,2,7200,1.00220345207
9992,9998,13280,6,3282,2,7200,1.00182815356
10115,10121,12953,6,2832,2,7200,1.00211864407
10139,10145,13200,6,3055,2,7200,1.00196399345
10211,10217,13458,6,3241,2,7200,1.00185128047
10226,10232,13309,6,3077,2,7200,1.00194995125
10292,10297,13478,5,3181,2,7200,1.00157183276
10306,10312,12990,6,2678,2,7200,1.00224047797
10351,10357,13161,6,2804,2,7200,1.00213980029
10369,10375,13145,6,2770,2,7200,1.00216606498
10468,10474,13097,6,2623,2,7200,1.00228745711
10486,10492,13391,6,2899,2,7200,1.0020696792
10612,10618,13731,6,3113,2,7200,1.00192740122
10759,10765,13776,6,3011,2,7200,1.00199269346
10877,10883,13683,6,2800,2,7200,1.00214285714
10878,10889,14210,11,3321,2,7200,1.00331225534
10893,10899,13598,6,2699,2,7200,1.00222304557
10956,10962,13948,6,2986,2,7200,1.00200937709
11034,11040,13888,6,2848,2,7200,1.00210674157
11410,11416,14704,6,3288,2,7200,1.00182481752
11867,11873,14862,6,2989,2,7200,1.00200736032
12014,12020,15016,6,2996,2,7200,1.00200267023
12059,12065,15441,6,3376,2,7200,1.00177725118
12092,12098,15050,6,2952,2,7200,1.00203252033
12127,12134,15135,7,3001,2,7200,1.00233255581
12287,12293,15479,6,3186,2,7200,1.00188323917
12316,12322,15461,6,3139,2,7200,1.00191143676
12433,12440,15801,7,3361,2,7200,1.00208271348
12454,12460,15644,6,3184,2,7200,1.00188442211
12455,12466,15315,11,2849,2,7200,1.00386100386
12618,12625,15845,7,3220,2,7200,1.00217391304
12663,12670,15760,7,3090,2,7200,1.00226537217
12678,12684,15735,6,3051,2,7200,1.00196656834
12708,12714,15465,6,2751,2,7200,1.00218102508
12750,12756,15515,6,2759,2,7200,1.00217470098
12765,12771,15824,6,3053,2,7200,1.00196528005
12779,12785,15896,6,3111,2,7200,1.00192864031
12794,12800,15849,6,3049,2,7200,1.00196785831
12848,12854,16204,6,3350,2,7200,1.00179104478
12932,12938,16154,6,3216,2,7200,1.00186567164
12956,12962,15631,6,2669,2,7200,1.00224803297
12991,12997,16257,6,3260,2,7200,1.0018404908
13060,13066,16151,6,3085,2,7200,1.00194489465
13099,13105,16471,6,3366,2,7200,1.00178253119
13147,13153,15971,6,2818,2,7200,1.00212916962
13162,13168,16448,6,3280,2,7200,1.00182926829
13200,13207,16042,7,2835,2,7200,1.0024691358
13281,13288,16096,7,2808,2,7200,1.00249287749
13311,13317,16254,6,2937,2,7200,1.00204290092
13392,13398,16518,6,3120,2,7200,1.00192307692
13458,13464,16448,6,2984,2,7200,1.00201072386
13479,13485,16724,6,3239,2,7200,1.00185242359
13599,13605,16783,6,3178,2,7200,1.00188797986
13683,13689,16782,6,3093,2,7200,1.00193986421
13731,13737,16884,6,3147,2,7200,1.00190657769
13776,13782,16795,6,3013,2,7200,1.00199137073
13890,13896,16379,6,2483,2,7200,1.00241643174
13947,13953,17010,6,3057,2,7200,1.00196270854
14211,14218,17272,7,3054,2,7200,1.00229207597
14705,14711,17797,6,3086,2,7200,1.00194426442
14864,14870,17596,6,2726,2,7200,1.00220102715
15017,15023,18013,6,2990,2,7200,1.00200668896
15050,15056,18098,6,3042,2,7200,1.00197238659
15137,15143,18483,6,3340,2,7200,1.00179640719
15317,15323,18465,6,3142,2,7200,1.00190961171
15437,15443,18298,6,2855,2,7200,1.00210157618
15464,15470,18353,6,2883,2,7200,1.00208116545
15479,15485,18454,6,2969,2,7200,1.00202088245
15493,15500,18713,7,3213,2,7200,1.00217864924
15517,15523,18661,6,3138,2,7200,1.00191204589
15631,15637,18901,6,3264,2,7200,1.00183823529
15646,15652,18843,6,3191,2,7200,1.00188028831
15736,15742,18789,6,3047,2,7200,1.00196914998
15760,15766,18899,6,3133,2,7200,1.00191509735
15801,15808,18858,7,3050,2,7200,1.00229508197
15825,15831,18813,6,2982,2,7200,1.00201207243
15846,15853,18945,7,3092,2,7200,1.00226390686
15861,15867,19027,6,3160,2,7200,1.00189873418
15897,15903,18803,6,2900,2,7200,1.00206896552
15972,15978,19003,6,3025,2,7200,1.00198347107
16044,16050,18936,6,2886,2,7200,1.00207900208
16098,16104,19273,6,3169,2,7200,1.00189334175
16152,16158,19084,6,2926,2,7200,1.002050581
16166,16172,18977,6,2805,2,7200,1.00213903743
16205,16211,19099,6,2888,2,7200,1.00207756233
16256,16262,19296,6,3034,2,7200,1.00197758734
16271,16277,19200,6,2923,2,7200,1.0020526856
16379,16385,19443,6,3058,2,7200,1.00196206671
16448,16455,19637,7,3182,2,7200,1.00219987429
16450,16460,19313,10,2853,2,7200,1.00350508237
16474,16480,19661,6,3181,2,7200,1.00188619931
16518,16525,19395,7,2870,2,7200,1.00243902439
16726,16732,19735,6,3003,2,7200,1.001998002
16783,16789,19797,6,3008,2,7200,1.00199468085
16798,16804,19857,6,3053,2,7200,1.00196528005
16799,16810,19726,11,2916,2,7200,1.00377229081
16886,16892,19799,6,2907,2,7200,1.00206398349
17012,17018,20317,6,3299,2,7200,1.00181873295
17274,17280,20244,6,2964,2,7200,1.0020242915
17595,17602,20578,7,2976,2,7200,1.00235215054
17797,17803,20440,6,2637,2,7200,1.00227531286
18014,18020,21099,6,3079,2,7200,1.00194868464
18098,18104,21168,6,3064,2,7200,1.00195822454
18299,18305,21407,6,3102,2,7200,1.00193423598
18353,18359,21870,6,3511,2,7200,1.00170891484
18455,18461,21178,6,2717,2,7200,1.002208318
18470,18476,21295,6,2819,2,7200,1.00212841433
18484,18491,21759,7,3268,2,7200,1.00214198286
18662,18668,21597,6,2929,2,7200,1.00204848071
18713,18719,21733,6,3014,2,7200,1.00199071002
18791,18797,21632,6,2835,2,7200,1.00211640212
18805,18812,21950,7,3138,2,7200,1.0022307202
18820,18826,21196,6,2370,2,7200,1.00253164557
18844,18850,21893,6,3043,2,7200,1.00197173842
18859,18865,22207,6,3342,2,7200,1.00179533214
18901,18907,21677,6,2770,2,7200,1.00216606498
18902,18913,22017,11,3104,2,7200,1.00354381443
18938,18944,22064,6,3120,2,7200,1.00192307692
18952,18959,21997,7,3038,2,7200,1.00230414747
18979,18985,22123,6,3138,2,7200,1.00191204589
19003,19009,21886,6,2877,2,7200,1.00208550574
19030,19036,22143,6,3107,2,7200,1.00193112327
19084,19090,21971,6,2881,2,7200,1.0020826102
19098,19104,21992,6,2888,2,7200,1.00207756233
19200,19207,21909,7,2702,2,7200,1.00259067358
19275,19282,22152,7,2870,2,7200,1.00243902439
19296,19302,22355,6,3053,2,7200,1.00196528005
19314,19320,22141,6,2821,2,7200,1.00212690535
19395,19401,22241,6,2840,2,7200,1.00211267606
19446,19452,22529,6,3077,2,7200,1.00194995125
19638,19644,22412,6,2768,2,7200,1.00216763006
19662,19668,22531,6,2863,2,7200,1.00209570381
19728,19734,22704,6,2970,2,7200,1.00202020202
19742,19749,22651,7,2902,2,7200,1.00241212957
19799,19805,22443,6,2638,2,7200,1.00227445034
19801,19811,22959,10,3148,2,7200,1.00317662008
19858,19864,22728,6,2864,2,7200,1.00209497207
19929,25866,216656,5937,190790,4,216000,1.03111798312
20245,20252,23496,7,3244,2,7200,1.00215782984
20317,20324,23244,7,2920,2,7200,1.00239726027
20440,20447,22790,7,2343,2,7200,1.00298762271
20579,20585,23105,6,2520,2,7200,1.00238095238
21102,21108,24200,6,3092,2,7200,1.00194049159
21171,21177,24172,6,2995,2,7200,1.0020033389
21186,21192,24248,6,3056,2,7200,1.00196335079
21200,21206,24225,6,3019,2,7200,1.00198741305
21296,21302,24630,6,3328,2,7200,1.00180288462
21407,21413,24459,6,3046,2,7200,1.00196979645
21596,21602,24741,6,3139,2,7200,1.00191143676
21633,21639,24778,6,3139,2,7200,1.00191143676
21677,21684,25051,7,3367,2,7200,1.00207900208
21734,21740,24787,6,3047,2,7200,1.00196914998
21761,21767,24926,6,3159,2,7200,1.00189933523
21869,21875,24902,6,3027,2,7200,1.00198216056
21887,21893,24908,6,3015,2,7200,1.00199004975
21901,21907,24892,6,2985,2,7200,1.00201005025
21916,21922,25166,6,3244,2,7200,1.00184956843
21952,21958,24916,6,2958,2,7200,1.00202839757
21973,21979,25251,6,3272,2,7200,1.00183374083
21993,22000,25513,7,3513,2,7200,1.00199259892
22008,22014,25108,6,3094,2,7200,1.00193923723
22023,22028,25268,5,3240,2,7200,1.00154320988
22064,22071,25402,7,3331,2,7200,1.00210147103
22124,22131,25134,7,3003,2,7200,1.00233100233
22142,22148,25419,6,3271,2,7200,1.00183430144
22157,22163,25204,6,3041,2,7200,1.00197303519
22158,22169,25238,11,3069,2,7200,1.00358422939
22209,22215,25241,6,3026,2,7200,1.0019828156
22242,22248,25360,6,3112,2,7200,1.00192802057
22356,22362,25559,6,3197,2,7200,1.00187675946
22413,22419,25485,6,3066,2,7200,1.00195694716
22443,22449,25286,6,2837,2,7200,1.00211491012
22530,22536,25816,6,3280,2,7200,1.00182926829
22544,22551,25590,7,3039,2,7200,1.00230338927
22653,22659,25656,6,2997,2,7200,1.002002002
22706,22713,25612,7,2899,2,7200,1.00241462573
22730,22736,25651,6,2915,2,7200,1.00205831904
22793,22799,25692,6,2893,2,7200,1.00207397166
22961,22967,25787,6,2820,2,7200,1.00212765957
23105,23112,26023,7,2911,2,7200,1.00240467193
23246,23253,26407,7,3154,2,7200,1.00221940393
23496,23502,26469,6,2967,2,7200,1.00202224469
24173,24179,27438,6,3259,2,7200,1.00184105554
24199,24206,27338,7,3132,2,7200,1.00223499361
24226,24232,27431,6,3199,2,7200,1.00187558612
24250,24256,27298,6,3042,2,7200,1.00197238659
24460,24467,27397,7,2930,2,7200,1.0023890785
24632,24638,27695,6,3057,2,7200,1.00196270854
24743,24749,28133,6,3384,2,7200,1.00177304965
24779,24785,27978,6,3193,2,7200,1.00187911055
24794,24800,27962,6,3162,2,7200,1.00189753321
24892,24899,28211,7,3312,2,7200,1.00211352657
24907,24913,28124,6,3211,2,7200,1.00186857677
24909,24919,27904,10,2985,2,7200,1.00335008375
24924,24930,28031,6,3101,2,7200,1.00193485972
24938,24945,27960,7,3015,2,7200,1.00232172471
25052,25059,28208,7,3149,2,7200,1.00222292791
25109,25115,28140,6,3025,2,7200,1.00198347107
25133,25139,28112,6,2973,2,7200,1.00201816347
25169,25175,27828,6,2653,2,7200,1.00226159065
25205,25211,28124,6,2913,2,7200,1.00205973223
25241,25247,28351,6,3104,2,7200,1.00193298969
25242,25253,28107,11,2854,2,7200,1.00385423966
25257,25263,28535,6,3272,2,7200,1.00183374083
25272,25278,28521,6,3243,2,7200,1.00185013876
25286,25292,28511,6,3219,2,7200,1.0018639329
25361,25368,28582,7,3214,2,7200,1.00217797138
25403,25409,28052,6,2643,2,7200,1.00227014756
25421,25427,28039,6,2612,2,7200,1.00229709035
25487,25493,28273,6,2780,2,7200,1.00215827338
25514,25520,28625,6,3105,2,7200,1.00193236715
25561,25568,28445,7,2877,2,7200,1.00243309002
25591,25597,28786,6,3189,2,7200,1.00188146754
25612,25618,28483,6,2865,2,7200,1.00209424084
25651,25657,28825,6,3168,2,7200,1.00189393939
25666,25672,28693,6,3021,2,7200,1.00198609732
25692,25699,28558,7,2859,2,7200,1.00244840853
25788,25795,28814,7,3019,2,7200,1.00231864856
25818,25825,28866,7,3041,2,7200,1.00230187438
25982,26035,62182,53,36147,6,165600,1.0014662351
25989,25995,77547,6,51552,1,259200,1.00011638734
26023,26029,29110,6,3081,2,7200,1.00194741967
26396,26482,62468,86,35986,3,320400,1.00238981826
26408,26414,29336,6,2922,2,7200,1.00205338809
26419,26489,39696,70,13207,3,306000,1.00530021958
26440,26495,39303,55,12808,3,313080,1.00429419113
26471,26477,29683,6,3206,2,7200,1.00187149095
27298,27304,30471,6,3167,2,7200,1.00189453742
27340,27346,29643,6,2297,2,7200,1.00261210274
27396,27403,30349,7,2946,2,7200,1.00237610319
27432,27439,30601,7,3162,2,7200,1.00221378874
27447,27453,30393,6,2940,2,7200,1.00204081633
27696,27702,30701,6,2999,2,7200,1.00200066689
27829,27835,30786,6,2951,2,7200,1.00203320908
27907,27913,30913,6,3000,2,7200,1.002
27961,27967,31015,6,3048,2,7200,1.00196850394
27975,27982,30862,7,2880,2,7200,1.00243055556
27990,27996,31070,6,3074,2,7200,1.00195185426
28032,28038,31086,6,3048,2,7200,1.00196850394
28047,28053,30991,6,2938,2,7200,1.00204220558
28061,28067,31333,6,3266,2,7200,1.00183710961
28109,28115,31318,6,3203,2,7200,1.00187324383
28124,28130,30965,6,2835,2,7200,1.00211640212
28125,28136,31278,11,3142,2,7200,1.00350095481
28127,28141,31295,14,3154,2,7200,1.00443880786
28142,28147,30958,5,2811,2,7200,1.00177872643
28143,28153,31127,10,2974,2,7200,1.00336247478
28209,28215,31239,6,3024,2,7200,1.00198412698
28210,28221,31459,11,3238,2,7200,1.00339715874
28273,28279,31261,6,2982,2,7200,1.00201207243
28351,28357,31578,6,3221,2,7200,1.00186277554
28447,28454,31410,7,2956,2,7200,1.00236806495
28483,28489,31369,6,2880,2,7200,1.00208333333
28513,28519,31623,6,3104,2,7200,1.00193298969
28528,28534,31673,6,3139,2,7200,1.00191143676
28543,28549,31508,6,2959,2,7200,1.00202771206
28558,28564,31346,6,2782,2,7200,1.00215672178
28582,28588,31249,6,2661,2,7200,1.00225479143
28627,28633,31439,6,2806,2,7200,1.00213827512
28693,28699,31602,6,2903,2,7200,1.00206682742
28786,28792,31914,6,3122,2,7200,1.00192184497
28816,28822,31940,6,3118,2,7200,1.00192431046
28830,28836,31999,6,3163,2,7200,1.00189693329
28866,28872,32022,6,3150,2,7200,1.0019047619
29110,29116,32216,6,3100,2,7200,1.00193548387
29339,29345,32600,6,3255,2,7200,1.00184331797
29645,29652,32683,7,3031,2,7200,1.00230946882
29684,29690,32931,6,3241,2,7200,1.00185128047
30349,30355,33728,6,3373,2,7200,1.0017788319
30394,30400,33652,6,3252,2,7200,1.00184501845
30472,30478,33580,6,3102,2,7200,1.00193423598
30601,30607,33568,6,2961,2,7200,1.00202634245
30703,30709,33496,6,2787,2,7200,1.00215285253
30787,30793,33776,6,2983,2,7200,1.00201139792
30862,30868,34070,6,3202,2,7200,1.00187382886
30913,30919,34079,6,3160,2,7200,1.00189873418
30961,30967,34026,6,3059,2,7200,1.0019614253
30975,30982,34104,7,3122,2,7200,1.00224215247
30993,30999,34140,6,3141,2,7200,1.00191021968
31017,31023,33992,6,2969,2,7200,1.00202088245
31071,31077,33733,6,2656,2,7200,1.00225903614
31085,31092,34221,7,3129,2,7200,1.00223713647
31127,31133,34292,6,3159,2,7200,1.00189933523
31238,31245,34386,7,3141,2,7200,1.00222858962
31253,31259,34461,6,3202,2,7200,1.00187382886
31268,31274,34071,6,2797,2,7200,1.00214515552
31282,31289,34215,7,2926,2,7200,1.0023923445
31297,31303,34402,6,3099,2,7200,1.00193610842
31321,31327,34168,6,2841,2,7200,1.00211193242
31336,31342,34326,6,2984,2,7200,1.00201072386
31350,31357,34354,7,2997,2,7200,1.002335669
31371,31378,34651,7,3273,2,7200,1.00213871066
31410,31416,34033,6,2617,2,7200,1.00229270157
31440,31446,34006,6,2560,2,7200,1.00234375
31461,31467,34184,6,2717,2,7200,1.002208318
31509,31515,34690,6,3175,2,7200,1.00188976378
31578,31584,34407,6,2823,2,7200,1.00212539851
31604,31611,34667,7,3056,2,7200,1.00229057592
31625,31632,34437,7,2805,2,7200,1.00249554367
31673,31679,34401,6,2722,2,7200,1.00220426157
31914,31920,35068,6,3148,2,7200,1.00190597205
31941,31947,34837,6,2890,2,7200,1.00207612457
32001,32007,35154,6,3147,2,7200,1.00190657769
32021,32028,34946,7,2918,2,7200,1.00239890336
32217,32223,35065,6,2842,2,7200,1.0021111893
32542,32548,32652,6,104,1,259200,1.05769230769
32602,32608,35685,6,3077,2,7200,1.00194995125
32686,32692,35694,6,3002,2,7200,1.00199866755
32932,32939,36151,7,3212,2,7200,1.00217932752
33498,33504,36495,6,2991,2,7200,1.00200601805
33502,33510,33613,8,103,1,259200,1.07766990291
33567,33573,36643,6,3070,2,7200,1.00195439739
33582,33588,36558,6,2970,2,7200,1.00202020202
33654,33660,36767,6,3107,2,7200,1.00193112327
33728,33735,36688,7,2953,2,7200,1.00237047071
33743,33749,36689,6,2940,2,7200,1.00204081633
33776,33782,36629,6,2847,2,7200,1.00210748156
33992,33998,36797,6,2799,2,7200,1.00214362272
34007,34013,37355,6,3342,2,7200,1.00179533214
34028,34034,36682,6,2648,2,7200,1.00226586103
34043,34049,37316,6,3267,2,7200,1.00183654729
34073,34079,37322,6,3243,2,7200,1.00185013876
34074,34085,37056,11,2971,2,7200,1.00370245709
34089,34095,37287,6,3192,2,7200,1.00187969925
34106,34112,37022,6,2910,2,7200,1.00206185567
34142,34148,37145,6,2997,2,7200,1.002002002
34169,34175,37133,6,2958,2,7200,1.00202839757
34187,34193,36736,6,2543,2,7200,1.00235941801
34217,34223,37413,6,3190,2,7200,1.00188087774
34231,34237,37212,6,2975,2,7200,1.00201680672
34294,34300,37513,6,3213,2,7200,1.00186741363
34327,34333,37362,6,3029,2,7200,1.00198085177
34357,34363,37426,6,3063,2,7200,1.00195886386
34387,34393,37295,6,2902,2,7200,1.00206753963
34405,34411,37319,6,2908,2,7200,1.00206327373
34406,34417,37204,11,2787,2,7200,1.0039468963
34421,34427,37736,6,3309,2,7200,1.00181323663
34439,34445,37674,6,3229,2,7200,1.00185816042
34462,34468,37645,6,3177,2,7200,1.00188857413
34652,34658,37684,6,3026,2,7200,1.0019828156
34667,34673,37734,6,3061,2,7200,1.00196014374
34690,34696,37611,6,2915,2,7200,1.00205831904
34838,34844,37841,6,2997,2,7200,1.002002002
34946,34952,38009,6,3057,2,7200,1.00196270854
35066,35072,38213,6,3141,2,7200,1.00191021968
35067,35078,37752,11,2674,2,7200,1.00411368736
35155,35161,38348,6,3187,2,7200,1.00188264826
35687,35693,39026,6,3333,2,7200,1.00180018002
35702,35708,38710,6,3002,2,7200,1.00199866755
36153,36159,39003,6,2844,2,7200,1.00210970464
36176,36182,37618,6,1436,1,3600,1.00417827298
36381,37330,37871,949,541,25,955,2.75415896488
36496,36502,39337,6,2835,2,7200,1.00211640212
36559,36565,39289,6,2724,2,7200,1.00220264317
36631,36637,39534,6,2897,2,7200,1.00207110804
36645,36652,39484,7,2832,2,7200,1.00247175141
36684,36691,39728,7,3037,2,7200,1.00230490616
36699,36705,39886,6,3181,2,7200,1.00188619931
36700,36711,39988,11,3277,2,7200,1.00335672872
36736,36742,39871,6,3129,2,7200,1.00191754554
36769,36775,39997,6,3222,2,7200,1.00186219739
36799,36805,39575,6,2770,2,7200,1.00216606498
37057,37063,39746,6,2683,2,7200,1.00223630265
37135,37141,40325,6,3184,2,7200,1.00188442211
37150,37156,40128,6,2972,2,7200,1.00201884253
37204,37210,40317,6,3107,2,7200,1.00193112327
37219,37224,40227,5,3003,2,7200,1.00166500167
37287,37294,39966,7,2672,2,7200,1.00261976048
37302,37308,40269,6,2961,2,7200,1.00202634245
37317,37323,40602,6,3279,2,7200,1.00182982617
37327,37882,48471,555,10589,25,10555,1.05241288129
37332,37338,40257,6,2919,2,7200,1.00205549846
37333,37344,40443,11,3099,2,7200,1.00354953211
37357,37366,40386,9,3020,2,7200,1.00298013245
37372,37378,40487,6,3109,2,7200,1.00192988099
37414,37420,40674,6,3254,2,7200,1.00184388445
37428,37434,40435,6,3001,2,7200,1.00199933356
37515,37521,40481,6,2960,2,7200,1.00202702703
37612,37618,40602,6,2984,2,7200,1.00201072386
37644,37651,40764,7,3113,2,7200,1.00224863476
37674,37680,40908,6,3228,2,7200,1.00185873606
37689,37695,40636,6,2941,2,7200,1.00204012241
37734,37740,40488,6,2748,2,7200,1.00218340611
37749,37755,40906,6,3151,2,7200,1.00190415741
37750,37761,40584,11,2823,2,7200,1.00389656394
37843,37850,41130,7,3280,2,7200,1.00213414634
38012,38018,40894,6,2876,2,7200,1.00208623088
38213,38219,41352,6,3133,2,7200,1.00191509735
38292,39647,39656,1355,9,25,955,136.4
38348,38354,41195,6,2841,2,7200,1.00211193242
38712,38718,41582,6,2864,2,7200,1.00209497207
39004,39010,42358,6,3348,2,7200,1.0017921147
39028,39034,42185,6,3151,2,7200,1.00190415741
39289,39295,42291,6,2996,2,7200,1.00200267023
39337,39343,42485,6,3142,2,7200,1.00190961171
39484,39490,42398,6,2908,2,7200,1.00206327373
39535,39541,42820,6,3279,2,7200,1.00182982617
39577,39583,42514,6,2931,2,7200,1.00204708291
39655,39661,40329,6,668,3,313080,1.00898203593
39707,39713,40329,6,616,3,306000,1.00974025974
39730,39736,42605,6,2869,2,7200,1.00209132102
39748,39754,42942,6,3188,2,7200,1.00188205772
39874,39880,42993,6,3113,2,7200,1.00192740122
39889,39895,43244,6,3349,2,7200,1.00179157958
39967,39973,42907,6,2934,2,7200,1.00204498978
39988,39994,43128,6,3134,2,7200,1.00191448628
40002,40008,42913,6,2905,2,7200,1.00206540448
40128,40134,43233,6,3099,2,7200,1.00193610842
40164,40170,40628,6,458,1,345600,1.01310043668
40227,40234,43051,7,2817,2,7200,1.00248491303
40257,40263,43102,6,2839,2,7200,1.00211342022
40272,40278,43415,6,3137,2,7200,1.0019126554
40317,40323,43372,6,3049,2,7200,1.00196785831
40331,40338,43401,7,3063,2,7200,1.00228534117
40385,40391,51821,6,11430,3,306000,1.00052493438
40388,40397,43675,9,3278,2,7200,1.00274557657
40436,40442,43658,6,3216,2,7200,1.00186567164
40451,40457,43503,6,3046,2,7200,1.00196979645
40453,40463,52301,10,11838,3,313080,1.00084473729
40484,40490,43654,6,3164,2,7200,1.00189633375
40499,40505,43648,6,3143,2,7200,1.00190900414
40500,40511,43537,11,3026,2,7200,1.00363516193
40502,40517,40628,15,111,1,345600,1.13513513514
40576,40584,40628,8,44,1,345600,1.18181818182
40584,40590,43600,6,3010,2,7200,1.00199335548
40602,40608,43649,6,3041,2,7200,1.00197303519
40603,40614,43586,11,2972,2,7200,1.00370121131
40636,40642,43646,6,3004,2,7200,1.00199733688
40675,40681,43675,6,2994,2,7200,1.00200400802
40713,40720,55361,7,14641,1,345600,1.00047810942
40763,40770,55810,7,15040,1,345600,1.00046542553
40765,40776,43759,11,2983,2,7200,1.00368756286
40799,43004,115013,2205,72009,64,72000,1.03062117235
40894,40901,43928,7,3027,2,7200,1.00231252065
40909,40915,44129,6,3214,2,7200,1.00186683261
40911,40921,43722,10,2801,2,7200,1.00357015352
40958,40964,40965,6,1,1,345600,1.0
41053,43066,52301,2013,9235,3,302280,1.21797509475
41130,41137,44262,7,3125,2,7200,1.00224
41164,43140,52301,1976,9161,3,295200,1.21569697631
41196,41203,43849,7,2646,2,7200,1.00264550265
41332,43248,78904,1916,35656,3,291600,1.05373569666
41353,41359,44382,6,3023,2,7200,1.00198478333
41584,41590,44704,6,3114,2,7200,1.00192678227
42186,42192,45383,6,3191,2,7200,1.00188028831
42291,42297,45364,6,3067,2,7200,1.0019563091
42360,42366,45749,6,3383,2,7200,1.00177357375
42399,42405,45644,6,3239,2,7200,1.00185242359
42486,42492,45664,6,3172,2,7200,1.00189155107
42513,42519,45165,6,2646,2,7200,1.0022675737
42606,42612,45341,6,2729,2,7200,1.00219860755
42823,42829,45909,6,3080,2,7200,1.00194805195
42907,42914,46085,7,3171,2,7200,1.00220750552
42921,42928,45955,7,3027,2,7200,1.00231252065
42942,42948,45784,6,2836,2,7200,1.00211565585
42987,42993,46248,6,3255,2,7200,1.00184331797
43053,43059,45493,6,2434,2,7200,1.00246507806
43101,43107,46015,6,2908,2,7200,1.00206327373
43128,43134,46170,6,3036,2,7200,1.00197628458
43236,43242,46155,6,2913,2,7200,1.00205973223
43251,43257,46431,6,3174,2,7200,1.00189035917
43374,43380,46409,6,3029,2,7200,1.00198085177
43401,43407,46377,6,2970,2,7200,1.00202020202
43415,43421,46271,6,2850,2,7200,1.00210526316
43502,43509,46341,7,2832,2,7200,1.00247175141
43538,43544,46645,6,3101,2,7200,1.00193485972
43586,43592,46711,6,3119,2,7200,1.00192369349
43601,43607,46742,6,3135,2,7200,1.0019138756
43646,43652,46018,6,2366,2,7200,1.00253592561
43661,43667,46553,6,2886,2,7200,1.00207900208
43662,43673,46715,11,3042,2,7200,1.00361604208
43664,43679,46630,15,2951,2,7200,1.0050830227
43665,43684,46639,19,2955,2,7200,1.00642978003
43680,43690,46747,10,3057,2,7200,1.0032711809
43681,43696,47031,15,3335,2,7200,1.00449775112
43723,43729,47060,6,3331,2,7200,1.00180126088
43759,43765,46527,6,2762,2,7200,1.00217233888
43849,43855,47009,6,3154,2,7200,1.00190234623
43930,43936,47109,6,3173,2,7200,1.00189095493
44129,44135,47238,6,3103,2,7200,1.00193361263
44264,44270,47434,6,3164,2,7200,1.00189633375
44381,44388,47139,7,2751,2,7200,1.00254452926
44706,44712,47822,6,3110,2,7200,1.00192926045
45166,45172,48289,6,3117,2,7200,1.00192492782
45341,45347,48412,6,3065,2,7200,1.00195758564
45364,45371,48314,7,2943,2,7200,1.00237852531
45376,48488,49542,3112,1054,8,172800,3.95256166983
45385,45391,48348,6,2957,2,7200,1.00202908353
45493,45499,48409,6,2910,2,7200,1.00206185567
45646,45652,48822,6,3170,2,7200,1.00189274448
45667,45673,48903,6,3230,2,7200,1.00185758514
45751,45757,48607,6,2850,2,7200,1.00210526316
45787,45793,48826,6,3033,2,7200,1.00197823937
45910,45917,49152,7,3235,2,7200,1.00216383308
45955,45962,48795,7,2833,2,7200,1.00247087893
46015,46022,48883,7,2861,2,7200,1.00244669696
46030,46036,49052,6,3016,2,7200,1.00198938992
46087,46093,49569,6,3476,2,7200,1.00172612198
46156,46162,49085,6,2923,2,7200,1.0020526856
46171,46177,49121,6,2944,2,7200,1.00203804348
46249,46255,49348,6,3093,2,7200,1.00193986421
46273,46279,49604,6,3325,2,7200,1.00180451128
46342,46348,49387,6,3039,2,7200,1.00197433366
46377,46384,49352,7,2968,2,7200,1.00235849057
46410,46416,49423,6,3007,2,7200,1.0019953442
46431,46437,49441,6,3004,2,7200,1.00199733688
46454,48483,49100,2029,617,16,600,4.28849270665
46527,46533,49709,6,3176,2,7200,1.00188916877
46554,46560,49701,6,3141,2,7200,1.00191021968
46632,46638,49755,6,3117,2,7200,1.00192492782
46647,46653,49656,6,3003,2,7200,1.001998002
46648,46659,49106,11,2447,2,7200,1.00449530037
46711,46717,49890,6,3173,2,7200,1.00189095493
46726,46732,49654,6,2922,2,7200,1.00205338809
46744,46750,50077,6,3327,2,7200,1.00180342651
46758,46764,50038,6,3274,2,7200,1.00183262065
47011,47017,49929,6,2912,2,7200,1.00206043956
47032,47038,50000,6,2962,2,7200,1.00202565834
47062,47068,50305,6,3237,2,7200,1.00185356812
47110,47116,49946,6,2830,2,7200,1.00212014134
47139,47146,50174,7,3028,2,7200,1.00231175694
47239,47245,50256,6,3011,2,7200,1.00199269346
47437,47443,50407,6,2964,2,7200,1.0020242915
47822,47828,50695,6,2867,2,7200,1.00209277991
48291,48298,50918,7,2620,2,7200,1.00267175573
48315,48321,51175,6,2854,2,7200,1.00210231254
48351,48357,51324,6,2967,2,7200,1.00202224469
48411,48417,51783,6,3366,2,7200,1.00178253119
48426,48432,51411,6,2979,2,7200,1.00201409869
48609,48615,51730,6,3115,2,7200,1.00192616372
48796,48802,52125,6,3323,2,7200,1.00180559735
48822,48829,51777,7,2948,2,7200,1.00237449118
48837,48843,51975,6,3132,2,7200,1.00191570881
48882,48888,51993,6,3105,2,7200,1.00193236715
48906,48912,52078,6,3166,2,7200,1.00189513582
49053,49059,51926,6,2867,2,7200,1.00209277991
49086,49092,52207,6,3115,2,7200,1.00192616372
49107,49113,52144,6,3031,2,7200,1.0019795447
49122,49128,52030,6,2902,2,7200,1.00206753963
49155,49161,52319,6,3158,2,7200,1.00189993667
49350,49357,52556,7,3199,2,7200,1.00218818381
49365,49371,52158,6,2787,2,7200,1.00215285253
49389,49395,52256,6,2861,2,7200,1.00209716882
49425,49431,52456,6,3025,2,7200,1.00198347107
49443,49449,52761,6,3312,2,7200,1.0018115942
49569,49575,52719,6,3144,2,7200,1.00190839695
49605,49611,51966,6,2355,2,7200,1.0025477707
49656,49662,52827,6,3165,2,7200,1.0018957346
49657,49668,52707,11,3039,2,7200,1.00361961171
49702,49708,52765,6,3057,2,7200,1.00196270854
49717,49723,52667,6,2944,2,7200,1.00203804348
49756,49762,52717,6,2955,2,7200,1.00203045685
49891,49897,53230,6,3333,2,7200,1.00180018002
49930,49936,53265,6,3329,2,7200,1.00180234305
49948,49954,53148,6,3194,2,7200,1.00187852223
50002,50008,53233,6,3225,2,7200,1.00186046512
50041,50047,53321,6,3274,2,7200,1.00183262065
50079,50085,53140,6,3055,2,7200,1.00196399345
50175,50182,53078,7,2896,2,7200,1.00241712707
50256,50263,53306,7,3043,2,7200,1.00230036149
50304,50311,53566,7,3255,2,7200,1.00215053763
50410,50416,53384,6,2968,2,7200,1.00202156334
50695,50702,53824,7,3122,2,7200,1.00224215247
50921,50927,53728,6,2801,2,7200,1.00214209211
51177,51184,54030,7,2846,2,7200,1.00245959241
51325,51331,54521,6,3190,2,7200,1.00188087774
51412,51418,54498,6,3080,2,7200,1.00194805195
51730,51736,54851,6,3115,2,7200,1.00192616372
51778,51784,54596,6,2812,2,7200,1.00213371266
51793,51799,54523,6,2724,2,7200,1.00220264317
51928,51935,55002,7,3067,2,7200,1.00228236061
51967,51973,55105,6,3132,2,7200,1.00191570881
51982,51988,55034,6,3046,2,7200,1.00196979645
51997,52003,55342,6,3339,2,7200,1.00179694519
52029,52036,55022,7,2986,2,7200,1.00234427328
52077,52084,55215,7,3131,2,7200,1.00223570744
52125,52131,55060,6,2929,2,7200,1.00204848071
52143,52149,55033,6,2884,2,7200,1.00208044383
52158,52164,55211,6,3047,2,7200,1.00196914998
52209,52215,55069,6,2854,2,7200,1.00210231254
52257,52263,55490,6,3227,2,7200,1.00185931205
52320,52326,55533,6,3207,2,7200,1.00187090739
52349,52741,123494,392,70753,3,306000,1.00554040111
52459,52465,55632,6,3167,2,7200,1.00189453742
52467,52777,59619,310,6842,3,295200,1.04530838936
52482,52488,52502,6,14,2,3540,1.42857142857
52492,53159,123497,667,70338,3,313080,1.00948278313
52558,52564,55573,6,3009,2,7200,1.00199401795
52582,53212,59777,630,6565,3,302280,1.0959634425
52669,52675,55684,6,3009,2,7200,1.00199401795
52708,52714,55518,6,2804,2,7200,1.00213980029
52723,52728,55638,5,2910,2,7200,1.00171821306
52724,52735,55820,11,3085,2,7200,1.00356564019
52738,53218,78949,480,25731,3,284400,1.01865454121
52763,52769,55786,6,3017,2,7200,1.00198873053
52778,52784,55578,6,2794,2,7200,1.00214745884
52829,52835,55957,6,3122,2,7200,1.00192184497
52937,52943,52948,6,5,2,3540,1.1
53026,53032,53070,6,38,2,3540,1.15789473684
53078,53084,55781,6,2697,2,7200,1.0022246941
53141,53148,56084,7,2936,2,7200,1.00238419619
53156,53165,56360,9,3195,2,7200,1.00281690141
53231,53237,56176,6,2939,2,7200,1.00204151072
53246,53252,56531,6,3279,2,7200,1.00182982617
53267,53273,56340,6,3067,2,7200,1.0019563091
53309,53315,56086,6,2771,2,7200,1.00216528329
53323,53330,56353,7,3023,2,7200,1.00231558055
53383,53390,56632,7,3242,2,7200,1.00215916101
53394,53400,106480,6,53080,1,72000,1.00011303693
53567,53573,56740,6,3167,2,7200,1.00189453742
53729,53735,56730,6,2995,2,7200,1.0020033389
53826,53832,56752,6,2920,2,7200,1.00205479452
54030,54036,57006,6,2970,2,7200,1.00202020202
54500,54506,57491,6,2985,2,7200,1.00201005025
54524,54530,57897,6,3367,2,7200,1.00178200178
54525,54536,57817,11,3281,2,7200,1.00335263639
54597,54603,57527,6,2924,2,7200,1.00205198358
54852,54859,57511,7,2652,2,7200,1.00263951735
55003,55009,57988,6,2979,2,7200,1.00201409869
55024,55030,57960,6,2930,2,7200,1.00204778157
55038,55044,58264,6,3220,2,7200,1.00186335404
55040,55050,58211,10,3161,2,7200,1.00316355584
55061,55067,58045,6,2978,2,7200,1.00201477502
55075,55082,58060,7,2978,2,7200,1.00235057085
55105,55111,58057,6,2946,2,7200,1.00203665988
55210,55216,58464,6,3248,2,7200,1.00184729064
55225,55231,57981,6,2750,2,7200,1.00218181818
55342,55348,58425,6,3077,2,7200,1.00194995125
55492,55499,58491,7,2992,2,7200,1.00233957219
55519,55525,58495,6,2970,2,7200,1.00202020202
55534,55540,58305,6,2765,2,7200,1.00216998192
55574,55581,58676,7,3095,2,7200,1.00226171244
55589,55595,58731,6,3136,2,7200,1.00191326531
55635,55641,58885,6,3244,2,7200,1.00184956843
55650,55656,58573,6,2917,2,7200,1.00205690778
55685,55692,58751,7,3059,2,7200,1.00228832952
55781,55788,58756,7,2968,2,7200,1.00235849057
55796,55802,58475,6,2673,2,7200,1.00224466891
55823,55829,58652,6,2823,2,7200,1.00212539851
55959,55965,59130,6,3165,2,7200,1.0018957346
56086,56092,59028,6,2936,2,7200,1.00204359673
56087,56098,59129,11,3031,2,7200,1.00362916529
56177,56183,58399,6,2216,2,7200,1.00270758123
56340,56346,59506,6,3160,2,7200,1.00189873418
56355,56361,59027,6,2666,2,7200,1.00225056264
56369,56375,59685,6,3310,2,7200,1.00181268882
56532,56538,59828,6,3290,2,7200,1.00182370821
56636,56642,59754,6,3112,2,7200,1.00192802057
56735,56741,59952,6,3211,2,7200,1.00186857677
56750,56756,59932,6,3176,2,7200,1.00188916877
56764,56770,59994,6,3224,2,7200,1.00186104218
57011,57017,60143,6,3126,2,7200,1.0019193858
57494,57500,60534,6,3034,2,7200,1.00197758734
57512,57518,60442,6,2924,2,7200,1.00205198358
57526,57533,60763,7,3230,2,7200,1.00216718266
57759,58299,218454,540,160155,18,198000,1.00337173363
57818,91055,91057,33237,2,4,604800,3323.9
57819,57825,61007,6,3182,2,7200,1.00188560654
57838,58768,238939,930,180171,18,216000,1.00516176299
57871,57877,61535,6,3658,4,3600,1.00164024057
57897,57903,60910,6,3007,2,7200,1.0019953442
57960,57966,60790,6,2824,2,7200,1.00212464589
57981,57987,61062,6,3075,2,7200,1.00195121951
57996,58002,61047,6,3045,2,7200,1.00197044335
58047,58053,61192,6,3139,2,7200,1.00191143676
58062,58068,61200,6,3132,2,7200,1.00191570881
58063,58074,60871,11,2797,2,7200,1.00393278513
58210,58217,61389,7,3172,2,7200,1.00220680958
58265,58271,60979,6,2708,2,7200,1.00221565731
58307,58313,61290,6,2977,2,7200,1.0020154518
58400,58406,61755,6,3349,2,7200,1.00179157958
58427,58433,61287,6,2854,2,7200,1.00210231254
58466,58472,61612,6,3140,2,7200,1.00191082803
58481,58486,61584,5,3098,2,7200,1.00161394448
58496,58502,61721,6,3219,2,7200,1.0018639329
58497,58508,61468,11,2960,2,7200,1.00371621622
58542,64007,126984,5465,62977,6,604800,1.0867777125
58575,58582,61638,7,3056,2,7200,1.00229057592
58593,77872,88506,19279,10634,6,604800,2.81295843521
58654,58659,61690,5,3031,2,7200,1.00164962059
58677,58684,61916,7,3232,2,7200,1.00216584158
58731,58738,61499,7,2761,2,7200,1.00253531329
58752,58758,61907,6,3149,2,7200,1.00190536678
58767,58775,61788,8,3013,2,7200,1.00265516097
58884,58890,61837,6,2947,2,7200,1.00203596878
59029,59035,62134,6,3099,2,7200,1.00193610842
59030,59041,62054,11,3013,2,7200,1.00365084633
59129,59136,62193,7,3057,2,7200,1.00228982663
59131,59141,61901,10,2760,2,7200,1.00362318841
59502,63950,63971,4448,21,25,955,212.80952381
59507,59513,62561,6,3048,2,7200,1.00196850394
59685,59691,62897,6,3206,2,7200,1.00187149095
59747,63992,78597,4245,14605,3,295200,1.29065388566
59753,59760,62923,7,3163,2,7200,1.00221308884
59828,59835,62870,7,3035,2,7200,1.00230642504
59834,63997,78790,4163,14793,3,302280,1.28141688637
59933,59940,62839,7,2899,2,7200,1.00241462573
59951,59958,63192,7,3234,2,7200,1.00216450216
59993,59999,62732,6,2733,2,7200,1.00219538968
60143,60150,63408,7,3258,2,7200,1.0021485574
60442,60448,63257,6,2809,2,7200,1.00213599146
60535,60541,63496,6,2955,2,7200,1.00203045685
60765,60771,63777,6,3006,2,7200,1.00199600798
60791,60798,64002,7,3204,2,7200,1.00218476904
60873,60879,63935,6,3056,2,7200,1.00196335079
60912,60918,63906,6,2988,2,7200,1.00200803213
60981,60987,63974,6,2987,2,7200,1.00200870439
61008,61014,63953,6,2939,2,7200,1.00204151072
61047,61053,63832,6,2779,2,7200,1.00215905002
61061,61067,64073,6,3006,2,7200,1.00199600798
61194,61200,64354,6,3154,2,7200,1.00190234623
61209,61215,64419,6,3204,2,7200,1.00187265918
61287,61293,64480,6,3187,2,7200,1.00188264826
61302,61308,64363,6,3055,2,7200,1.00196399345
61389,61395,64625,6,3230,2,7200,1.00185758514
61470,61476,64260,6,2784,2,7200,1.00215517241
61500,61506,64137,6,2631,2,7200,1.00228050171
61542,61549,65232,7,3683,4,3600,1.00190062449
61584,61590,64587,6,2997,2,7200,1.002002002
61611,61617,64584,6,2967,2,7200,1.00202224469
61638,61644,64865,6,3221,2,7200,1.00186277554
61692,61698,64784,6,3086,2,7200,1.00194426442
61722,61728,64720,6,2992,2,7200,1.00200534759
61755,61761,64721,6,2960,2,7200,1.00202702703
61767,63956,74429,2189,10473,1,345600,1.20901365416
61788,61794,64708,6,2914,2,7200,1.00205902539
61839,61845,65168,6,3323,2,7200,1.00180559735
61873,77478,77482,15605,4,1,345600,1560.9
61902,61908,65036,6,3128,2,7200,1.00191815857
61917,61923,65092,6,3169,2,7200,1.00189334175
61918,61929,64955,11,3026,2,7200,1.00363516193
61980,77494,77495,15514,1,1,345600,1551.5
61986,64002,78981,2016,14979,3,280800,1.13458842379
62057,62063,64743,6,2680,2,7200,1.00223880597
62126,77507,92106,15381,14599,1,345600,2.05356531269
62135,62141,65302,6,3161,2,7200,1.0018981335
62195,62201,65092,6,2891,2,7200,1.00207540643
62196,63986,121440,1790,57454,6,165600,1.03115535907
62259,77559,92161,15300,14602,1,345600,2.047801671
62563,62569,65626,6,3057,2,7200,1.00196270854
62735,62742,65616,7,2874,2,7200,1.00243562978
62840,62846,65898,6,3052,2,7200,1.00196592398
62873,62879,65934,6,3055,2,7200,1.00196399345
62891,62897,65770,6,2873,2,7200,1.00208840933
62923,62931,65733,8,2802,2,7200,1.0028551035
63194,63202,66101,8,2899,2,7200,1.00275957227
63257,63264,66131,7,2867,2,7200,1.00244157656
63411,63417,66137,6,2720,2,7200,1.00220588235
63498,63505,66599,7,3094,2,7200,1.00226244344
63778,63785,66991,7,3206,2,7200,1.00218340611
63832,63839,67101,7,3262,2,7200,1.00214592275
63908,63914,67028,6,3114,2,7200,1.00192678227
63938,63944,67219,6,3275,2,7200,1.00183206107
63956,63962,66801,6,2839,2,7200,1.00211342022
63974,63980,67172,6,3192,2,7200,1.00187969925
64004,64014,67221,10,3207,2,7200,1.00311817898
64073,64080,67390,7,3310,2,7200,1.00211480363
64139,64146,67174,7,3028,2,7200,1.00231175694
64263,64269,66821,6,2552,2,7200,1.00235109718
64356,64362,67481,6,3119,2,7200,1.00192369349
64371,64377,67384,6,3007,2,7200,1.0019953442
64419,64425,67663,6,3238,2,7200,1.00185299568
64482,64488,67637,6,3149,2,7200,1.00190536678
64506,90478,91022,25972,544,25,955,48.7426470588
64584,64590,67486,6,2896,2,7200,1.0020718232
64599,64605,67654,6,3049,2,7200,1.00196785831
64626,64632,67631,6,2999,2,7200,1.00200066689
64710,64716,67877,6,3161,2,7200,1.0018981335
64725,64731,68030,6,3299,2,7200,1.00181873295
64726,64737,67798,11,3061,2,7200,1.00359359686
64741,64747,67893,6,3146,2,7200,1.00190718373
64786,64793,67688,7,2895,2,7200,1.002417962
64867,64874,67730,7,2856,2,7200,1.00245098039
64954,64961,67839,7,2878,2,7200,1.00243224461
65036,65042,67868,6,2826,2,7200,1.00212314225
65093,65099,68113,6,3014,2,7200,1.00199071002
65094,65106,68286,12,3180,2,7200,1.00377358491
65124,74441,74674,9317,233,12,6900,40.9871244635
65170,65176,68447,6,3271,2,7200,1.00183430144
65205,74685,74934,9480,249,12,6900,39.0722891566
65236,65242,66396,6,1154,4,3600,1.00519930676
65261,74945,75189,9684,244,12,4200,40.6885245902
65296,75200,75436,9904,236,12,4200,42.9661016949
65302,65309,68485,7,3176,2,7200,1.00220403023
65307,75447,75693,10140,246,12,4200,42.2195121951
65317,75708,76543,10391,835,12,4200,13.4443113772
65334,76554,76806,11220,252,12,4200,45.5238095238
65344,76817,77052,11473,235,12,4200,49.8212765957
65352,77063,77320,11711,257,12,4200,46.5680933852
65361,77331,77587,11970,256,12,4200,47.7578125
65369,77599,77855,12230,256,12,4200,48.7734375
65618,65626,68247,8,2621,2,7200,1.00305227013
65633,65639,68863,6,3224,2,7200,1.00186104218
65735,65742,68976,7,3234,2,7200,1.00216450216
65768,65774,68640,6,2866,2,7200,1.00209351012
65900,65907,69116,7,3209,2,7200,1.00218136491
65936,65942,69124,6,3182,2,7200,1.00188560654
66102,66108,69162,6,3054,2,7200,1.00196463654
66132,66139,69448,7,3309,2,7200,1.00211544273
66147,66153,69278,6,3125,2,7200,1.00192
66588,66595,70232,7,3637,4,3600,1.00192466318
66598,66604,69365,6,2761,2,7200,1.00217312568
66803,66809,69793,6,2984,2,7200,1.00201072386
66821,66828,69711,7,2883,2,7200,1.00242802636
66989,66996,70180,7,3184,2,7200,1.00219849246
67028,67034,69967,6,2933,2,7200,1.00204568701
67100,67107,69961,7,2854,2,7200,1.00245269797
67173,67179,70526,6,3347,2,7200,1.00179265013
67187,67194,69626,7,2432,2,7200,1.00287828947
67221,67227,70318,6,3091,2,7200,1.00194111938
67222,67233,70129,11,2896,2,7200,1.00379834254
67385,67392,70541,7,3149,2,7200,1.00222292791
67399,67406,70313,7,2907,2,7200,1.00240798074
67484,67491,70839,7,3348,2,7200,1.00209080048
67499,67506,70451,7,2945,2,7200,1.00237691002
67631,67638,70637,7,2999,2,7200,1.00233411137
67646,67652,70966,6,3314,2,7200,1.00181050091
67661,67668,70724,7,3056,2,7200,1.00229057592
67675,67683,71100,8,3417,2,7200,1.002341235
67690,67696,70724,6,3028,2,7200,1.00198150594
67732,67738,70956,6,3218,2,7200,1.00186451212
67798,67805,70881,7,3076,2,7200,1.0022756827
67840,67848,71097,8,3249,2,7200,1.00246229609
67870,67876,70774,6,2898,2,7200,1.00207039337
67885,67891,71013,6,3122,2,7200,1.00192184497
67900,67907,71038,7,3131,2,7200,1.00223570744
68032,68038,70900,6,2862,2,7200,1.00209643606
68114,68121,71387,7,3266,2,7200,1.00214329455
68249,68256,71414,7,3158,2,7200,1.00221659278
68288,68295,71471,7,3176,2,7200,1.00220403023
68448,68454,71469,6,3015,2,7200,1.00199004975
68487,68493,71461,6,2968,2,7200,1.00202156334
68640,68648,71115,8,2467,2,7200,1.00324280503
68863,68871,71770,8,2899,2,7200,1.00275957227
68978,68984,71965,6,2981,2,7200,1.0020127474
69116,69123,72062,7,2939,2,7200,1.0023817625
69131,69139,71909,8,2770,2,7200,1.00288808664
69164,69171,72410,7,3239,2,7200,1.00216116085
69278,69286,72443,8,3157,2,7200,1.00253405131
69366,69372,72209,6,2837,2,7200,1.00211491012
69450,69456,72658,6,3202,2,7200,1.00187382886
69628,69635,72728,7,3093,2,7200,1.00226317491
69712,69719,72459,7,2740,2,7200,1.00255474453
69793,69802,73047,9,3245,2,7200,1.00277349769
69961,69969,72928,8,2959,2,7200,1.00270361609
69976,69983,72619,7,2636,2,7200,1.00265553869
70130,70137,73408,7,3271,2,7200,1.00214001834
70181,70188,73173,7,2985,2,7200,1.00234505863
70252,78915,83223,8663,4308,4,7200,3.010909935
70252,79862,86168,9610,6306,4,7200,2.52394544878
70252,79702,86506,9450,6804,4,7200,2.38888888889
70253,79896,82820,9643,2924,4,7200,4.29787961696
70253,80578,81234,10325,656,4,7200,16.7393292683
70253,81742,82214,11489,472,4,7200,25.3411016949
70253,81245,81731,10992,486,4,7200,23.6172839506
70254,82226,89444,11972,7218,4,7200,2.65863119978
70254,83234,90466,12980,7232,4,7200,2.79480088496
70254,86181,93407,15927,7226,4,7200,3.20412399668
70254,82832,90077,12578,7245,4,7200,2.73609385783
70314,70320,73328,6,3008,2,7200,1.00199468085
70329,70336,73465,7,3129,2,7200,1.00223713647
70452,70459,73407,7,2948,2,7200,1.00237449118
70527,70535,73732,8,3197,2,7200,1.00250234595
70542,70549,73395,7,2846,2,7200,1.00245959241
70638,70644,73761,6,3117,2,7200,1.00192492782
70719,70726,73939,7,3213,2,7200,1.00217864924
70734,70741,73945,7,3204,2,7200,1.00218476904
70776,70782,73710,6,2928,2,7200,1.00204918033
70839,70845,73963,6,3118,2,7200,1.00192431046
70881,70888,74011,7,3123,2,7200,1.00224143452
70902,70908,73968,6,3060,2,7200,1.00196078431
70956,70963,74209,7,3246,2,7200,1.00215650031
70971,70977,74416,6,3439,2,7200,1.00174469322
71013,71019,74077,6,3058,2,7200,1.00196206671
71040,71047,74090,7,3043,2,7200,1.00230036149
71097,71103,74393,6,3290,2,7200,1.00182370821
71112,71118,74098,6,2980,2,7200,1.00201342282
71127,71133,74339,6,3206,2,7200,1.00187149095
71389,71395,74498,6,3103,2,7200,1.00193361263
71416,71423,74472,7,3049,2,7200,1.0022958347
71461,71467,74346,6,2879,2,7200,1.00208405696
71476,71482,74519,6,3037,2,7200,1.00197563385
71477,71489,74773,12,3284,2,7200,1.00365408039
71773,71779,74943,6,3164,2,7200,1.00189633375
71908,71915,74878,7,2963,2,7200,1.00236247047
71966,71973,74908,7,2935,2,7200,1.00238500852
72062,72068,74815,6,2747,2,7200,1.00218420095
72209,72215,75159,6,2944,2,7200,1.00203804348
72411,72418,75109,7,2691,2,7200,1.00260126347
72444,72450,75649,6,3199,2,7200,1.00187558612
72459,72465,75328,6,2863,2,7200,1.00209570381
72622,72628,75410,6,2782,2,7200,1.00215672178
72661,72668,75382,7,2714,2,7200,1.00257921887
72730,72737,75686,7,2949,2,7200,1.002373686
72929,72935,75685,6,2750,2,7200,1.00218181818
73049,73056,76341,7,3285,2,7200,1.00213089802
73176,73182,76621,6,3439,2,7200,1.00174469322
73329,73340,76115,11,2775,2,7200,1.00396396396
73395,73406,76210,11,2804,2,7200,1.00392296719
73410,73418,76291,8,2873,2,7200,1.00278454577
73411,73426,76244,15,2818,2,7200,1.00532292406
73466,73478,76449,12,2971,2,7200,1.00403904409
73639,77866,80568,4227,2702,6,14400,2.56439674315
73710,73722,76595,12,2873,2,7200,1.00417681866
73734,73744,76721,10,2977,2,7200,1.00335908633
73761,73773,76906,12,3133,2,7200,1.0038301947
73941,73948,73983,7,35,2,7200,1.2
73957,73963,76920,6,2957,2,7200,1.00202908353
73972,73978,77074,6,3096,2,7200,1.0019379845
73973,73984,77124,11,3140,2,7200,1.00350318471
73988,73994,76624,6,2630,2,7200,1.00228136882
74012,74019,76961,7,2942,2,7200,1.00237933379
74078,74084,77177,6,3093,2,7200,1.00193986421
74093,74099,76782,6,2683,2,7200,1.00223630265
74108,74115,77248,7,3133,2,7200,1.00223428024
74210,74216,77189,6,2973,2,7200,1.00201816347
74339,74345,77289,6,2944,2,7200,1.00203804348
74354,74360,77410,6,3050,2,7200,1.00196721311
74393,74399,77381,6,2982,2,7200,1.00201207243
74417,74424,77303,7,2879,2,7200,1.00243139979
74474,74481,77412,7,2931,2,7200,1.00238826339
74498,74505,77653,7,3148,2,7200,1.00222363405
74522,74529,77215,7,2686,2,7200,1.00260610573
74775,74783,78038,8,3255,2,7200,1.0024577573
74817,74824,77980,7,3156,2,7200,1.00221799747
74881,74888,77954,7,3066,2,7200,1.00228310502
74910,74918,78193,8,3275,2,7200,1.00244274809
74943,74952,77652,9,2700,2,7200,1.00333333333
75109,75116,77953,7,2837,2,7200,1.00246739514
75160,75166,78307,6,3141,2,7200,1.00191021968
75329,75336,78055,7,2719,2,7200,1.00257447591
75383,75389,78288,6,2899,2,7200,1.0020696792
75410,75416,78565,6,3149,2,7200,1.00190536678
75651,75658,78663,7,3005,2,7200,1.00232945092
75687,75695,78664,8,2969,2,7200,1.00269450994
75689,75702,78837,13,3135,2,7200,1.00414673046
76117,76123,78893,6,2770,2,7200,1.00216606498
76210,76217,79316,7,3099,2,7200,1.00225879316
76246,76252,79271,6,3019,2,7200,1.00198741305
76294,76301,79371,7,3070,2,7200,1.00228013029
76342,76348,79455,6,3107,2,7200,1.00193112327
76450,76457,79533,7,3076,2,7200,1.0022756827
76595,76602,79750,7,3148,2,7200,1.00222363405
76622,76628,79411,6,2783,2,7200,1.00215594682
76637,76644,79882,7,3238,2,7200,1.00216182829
76721,76728,79657,7,2929,2,7200,1.00238989416
76784,76791,79582,7,2791,2,7200,1.00250806163
76908,76915,79908,7,2993,2,7200,1.00233879051
76922,76929,79696,7,2767,2,7200,1.00252981568
76961,76969,79999,8,3030,2,7200,1.00264026403
77076,77082,79857,6,2775,2,7200,1.00216216216
77124,77130,80318,6,3188,2,7200,1.00188205772
77178,77184,80069,6,2885,2,7200,1.0020797227
77193,77199,80191,6,2992,2,7200,1.00200534759
77217,77223,80223,6,3000,2,7200,1.002
77250,77256,80330,6,3074,2,7200,1.00195185426
77292,77298,80330,6,3032,2,7200,1.00197889182
77306,77313,80462,7,3149,2,7200,1.00222292791
77381,77388,80632,7,3244,2,7200,1.00215782984
77412,77418,80639,6,3221,2,7200,1.00186277554
77413,77425,80173,12,2748,2,7200,1.00436681223
77655,77663,80888,8,3225,2,7200,1.00248062016
77657,77669,80716,12,3047,2,7200,1.00393829997
77955,77962,80799,7,2837,2,7200,1.00246739514
77956,77969,80721,13,2752,2,7200,1.00472383721
77980,77986,80854,6,2868,2,7200,1.00209205021
78037,78044,81267,7,3223,2,7200,1.00217188954
78058,78064,81375,6,3311,2,7200,1.00181214135
78194,78201,81333,7,3132,2,7200,1.00223499361
78287,78293,81452,6,3159,2,7200,1.00189933523
78308,78314,81362,6,3048,2,7200,1.00196850394
78565,78571,81737,6,3166,2,7200,1.00189513582
78661,78668,81369,7,2701,2,7200,1.00259163273
78676,78682,81852,6,3170,2,7200,1.00189274448
78838,78845,82138,7,3293,2,7200,1.00212572123
78892,78898,81598,6,2700,2,7200,1.00222222222
78926,91033,91038,12107,5,16,45000,1211.2
78947,91050,91052,12103,2,16,45000,1210.5
78960,91064,91067,12104,3,16,45000,1210.7
79066,89441,90230,10375,789,8,3540,14.1495564005
79072,79511,79544,439,33,1,3540,14.303030303
79272,79278,82298,6,3020,2,7200,1.00198675497
79317,79324,82156,7,2832,2,7200,1.00247175141
79371,79377,82324,6,2947,2,7200,1.00203596878
79413,79419,82270,6,2851,2,7200,1.00210452473
79455,79461,82644,6,3183,2,7200,1.00188501414
79536,79542,82723,6,3181,2,7200,1.00188619931
79584,79591,82478,7,2887,2,7200,1.00242466228
79659,79665,82767,6,3102,2,7200,1.00193423598
79698,79710,82582,12,2872,2,7200,1.00417827298
79752,79758,82757,6,2999,2,7200,1.00200066689
79859,79868,83077,9,3209,2,7200,1.00280461203
79883,79889,83062,6,3173,2,7200,1.00189095493
79910,79916,83072,6,3156,2,7200,1.00190114068
80000,80007,83107,7,3100,2,7200,1.00225806452
80069,80076,83077,7,3001,2,7200,1.00233255581
80174,80181,83476,7,3295,2,7200,1.00212443096
80192,80199,83286,7,3087,2,7200,1.0022675737
80225,80232,83488,7,3256,2,7200,1.00214987715
80318,80324,82934,6,2610,2,7200,1.00229885057
80333,80339,83389,6,3050,2,7200,1.00196721311
80334,80346,83401,12,3055,2,7200,1.00392798691
80464,80471,83355,7,2884,2,7200,1.00242718447
80632,80639,83716,7,3077,2,7200,1.00227494313
80647,80653,83603,6,2950,2,7200,1.00203389831
80716,80722,83958,6,3236,2,7200,1.00185414091
80731,80738,83665,7,2927,2,7200,1.00239152716
80800,80807,83861,7,3054,2,7200,1.00229207597
80854,80860,83824,6,2964,2,7200,1.0020242915
80890,80896,84114,6,3218,2,7200,1.00186451212
81269,81276,84279,7,3003,2,7200,1.00233100233
81335,81342,84516,7,3174,2,7200,1.00220541903
81362,81368,84349,6,2981,2,7200,1.0020127474
81377,81384,84356,7,2972,2,7200,1.00235531629
81378,81390,84510,12,3120,2,7200,1.00384615385
81453,81460,84305,7,2845,2,7200,1.00246045694
81601,81607,84721,6,3114,2,7200,1.00192678227
81739,81749,84996,10,3247,2,7200,1.00307976594
81854,81860,84532,6,2672,2,7200,1.00224550898
82140,82147,85272,7,3125,2,7200,1.00224
82157,82164,85496,7,3332,2,7200,1.00210084034
82272,82279,85514,7,3235,2,7200,1.00216383308
82299,82306,85075,7,2769,2,7200,1.00252798844
82326,82333,85178,7,2845,2,7200,1.00246045694
82479,82486,85880,7,3394,2,7200,1.00206246317
82584,82590,85714,6,3124,2,7200,1.0019206146
82644,82650,85757,6,3107,2,7200,1.00193112327
82725,82732,86082,7,3350,2,7200,1.00208955224
82758,82764,85988,6,3224,2,7200,1.00186104218
82773,82779,86046,6,3267,2,7200,1.00183654729
82936,82943,86116,7,3173,2,7200,1.00220611409
83062,83069,86104,7,3035,2,7200,1.00230642504
83078,83085,86320,7,3235,2,7200,1.00216383308
83079,83092,86227,13,3135,2,7200,1.00414673046
83080,83097,86166,17,3069,2,7200,1.0055392636
83107,83114,86442,7,3328,2,7200,1.00210336538
83288,83294,86330,6,3036,2,7200,1.00197628458
83357,83364,86107,7,2743,2,7200,1.00255195042
83390,83396,86281,6,2885,2,7200,1.0020797227
83405,83412,86545,7,3133,2,7200,1.00223428024
83477,83484,86552,7,3068,2,7200,1.00228161669
83491,83498,86476,7,2978,2,7200,1.00235057085
83603,83610,86833,7,3223,2,7200,1.00217188954
83666,83673,86881,7,3208,2,7200,1.00218204489
83717,83723,86845,6,3122,2,7200,1.00192184497
83825,83831,86700,6,2869,2,7200,1.00209132102
83861,83867,86655,6,2788,2,7200,1.00215208034
83960,83966,87321,6,3355,2,7200,1.00178837556
84064,84070,84315,6,245,1,3540,1.02448979592
84116,84123,86958,7,2835,2,7200,1.0024691358
84279,84285,86736,6,2451,2,7200,1.00244798042
84306,84312,87552,6,3240,2,7200,1.00185185185
84351,84358,87302,7,2944,2,7200,1.00237771739
84365,84372,87289,7,2917,2,7200,1.00239972575
84513,84519,87499,6,2980,2,7200,1.00201342282
84527,84535,87600,8,3065,2,7200,1.00261011419
84542,84548,87230,6,2682,2,7200,1.00223713647
84720,84726,87704,6,2978,2,7200,1.00201477502
84997,85004,87803,7,2799,2,7200,1.00250089318
85075,85081,88057,6,2976,2,7200,1.00201612903
85180,85186,88046,6,2860,2,7200,1.0020979021
85273,85280,88014,7,2734,2,7200,1.00256035113
85453,91078,91312,5625,234,12,4200,25.0384615385
85496,85503,88650,7,3147,2,7200,1.00222434064
85517,91083,91311,5566,228,12,4200,25.4122807018
85517,85523,88600,6,3077,2,7200,1.00194995125
85558,91322,91547,5764,225,12,4200,26.6177777778
85680,91329,91764,5649,435,12,4200,13.9862068966
85715,85722,88631,7,2909,2,7200,1.0024063252
85748,91559,91788,5811,229,12,4200,26.3755458515
85760,85766,88238,6,2472,2,7200,1.00242718447
85820,91776,92027,5956,251,12,4200,24.7290836653
85845,86518,86523,673,5,4,600,67.8
85880,85887,89043,7,3156,2,7200,1.00221799747
85915,91800,92062,5885,262,12,4200,23.4618320611
85961,85968,86501,7,533,1,1800,1.01313320826
85977,92039,92281,6062,242,12,4200,26.0495867769
85989,85995,88786,6,2791,2,7200,1.00214976711
86046,86052,89096,6,3044,2,7200,1.00197109067
86085,86092,88826,7,2734,2,7200,1.00256035113
86106,86112,89325,6,3213,2,7200,1.00186741363
86120,86127,89303,7,3176,2,7200,1.00220403023
86122,86134,89271,12,3137,2,7200,1.00382531081
86158,92073,92310,5915,237,12,4200,25.9578059072
86167,86174,89579,7,3405,2,7200,1.00205580029
86227,86233,88960,6,2727,2,7200,1.00220022002
86281,86287,89268,6,2981,2,7200,1.0020127474
86320,86327,89230,7,2903,2,7200,1.00241129866
86334,86341,89191,7,2850,2,7200,1.00245614035
86443,86450,89643,7,3193,2,7200,1.00219229565
86479,86485,89645,6,3160,2,7200,1.00189873418
86545,86552,89427,7,2875,2,7200,1.00243478261
86560,86566,89834,6,3268,2,7200,1.00183598531
86656,86663,89590,7,2927,2,7200,1.00239152716
86701,86708,89492,7,2784,2,7200,1.00251436782
86737,86744,89672,7,2928,2,7200,1.00239071038
86833,86840,89566,7,2726,2,7200,1.002567865
86848,86854,89870,6,3016,2,7200,1.00198938992
86884,86890,89934,6,3044,2,7200,1.00197109067
86956,86963,89817,7,2854,2,7200,1.00245269797
87230,87237,90186,7,2949,2,7200,1.002373686
87290,87296,90465,6,3169,2,7200,1.00189334175
87304,87312,90434,8,3122,2,7200,1.00256245996
87322,87329,90483,7,3154,2,7200,1.00221940393
87500,87507,90243,7,2736,2,7200,1.00255847953
87554,87560,90753,6,3193,2,7200,1.00187911055
87602,87609,90726,7,3117,2,7200,1.00224574912
87707,87713,90793,6,3080,2,7200,1.00194805195
87780,92292,94573,4512,2281,6,14400,2.97807978957
87803,87809,90617,6,2808,2,7200,1.00213675214
88017,88023,90985,6,2962,2,7200,1.00202565834
88047,88053,91340,6,3287,2,7200,1.00182537268
88061,88067,91171,6,3104,2,7200,1.00193298969
88239,88246,91247,7,3001,2,7200,1.00233255581
88600,88606,91710,6,3104,2,7200,1.00193298969
88633,88639,91399,6,2760,2,7200,1.00217391304
88651,88658,91662,7,3004,2,7200,1.00233022636
88786,88793,92095,7,3302,2,7200,1.00211992732
88828,88835,91671,7,2836,2,7200,1.00246826516
88960,88966,91962,6,2996,2,7200,1.00200267023
89044,89051,92078,7,3027,2,7200,1.00231252065
89098,89104,92429,6,3325,2,7200,1.00180451128
89191,89197,92074,6,2877,2,7200,1.00208550574
89230,89236,91890,6,2654,2,7200,1.00226073851
89269,89275,92489,6,3214,2,7200,1.00186683261
89284,89291,92311,7,3020,2,7200,1.00231788079
89305,89311,92275,6,2964,2,7200,1.0020242915
89326,89333,92023,7,2690,2,7200,1.00260223048
89428,89434,92261,6,2827,2,7200,1.00212239123
89494,89500,92466,6,2966,2,7200,1.0020229265
89566,89572,92878,6,3306,2,7200,1.00181488203
89581,89588,92586,7,2998,2,7200,1.00233488993
89596,89602,92411,6,2809,2,7200,1.00213599146
89644,89651,92888,7,3237,2,7200,1.00216249614
89658,89666,92514,8,2848,2,7200,1.00280898876
89674,89681,92608,7,2927,2,7200,1.00239152716
89819,89825,93021,6,3196,2,7200,1.00187734668
89834,89840,92869,6,3029,2,7200,1.00198085177
89870,89876,92753,6,2877,2,7200,1.00208550574
89936,89942,93196,6,3254,2,7200,1.00184388445
90186,90193,93340,7,3147,2,7200,1.00222434064
90243,90250,93193,7,2943,2,7200,1.00237852531
90436,90442,93724,6,3282,2,7200,1.00182815356
90466,90472,93193,6,2721,2,7200,1.00220507166
90483,90491,93127,8,2636,2,7200,1.00303490137
90619,90625,93732,6,3107,2,7200,1.00193112327
90727,90733,93803,6,3070,2,7200,1.00195439739
90754,90761,93789,7,3028,2,7200,1.00231175694
90796,90802,93806,6,3004,2,7200,1.00199733688
90985,90991,94092,6,3101,2,7200,1.00193485972
91172,91179,93765,7,2586,2,7200,1.00270688322
91241,91247,94248,6,3001,2,7200,1.00199933356
91340,91347,93806,7,2459,2,7200,1.00284668564
91400,91406,94475,6,3069,2,7200,1.00195503421
91662,91668,94493,6,2825,2,7200,1.00212389381
91676,91683,94878,7,3195,2,7200,1.00219092332
91712,91719,94636,7,2917,2,7200,1.00239972575
91893,91899,94965,6,3066,2,7200,1.00195694716
91962,91968,95035,6,3067,2,7200,1.0019563091
92025,92031,94993,6,2962,2,7200,1.00202565834
92076,92083,95278,7,3195,2,7200,1.00219092332
92091,92097,95045,6,2948,2,7200,1.00203527815
92106,92112,95242,6,3130,2,7200,1.00191693291
92262,92268,95331,6,3063,2,7200,1.00195886386
92277,92283,95168,6,2885,2,7200,1.0020797227
92313,92319,95078,6,2759,2,7200,1.00217470098
92412,92418,95277,6,2859,2,7200,1.00209863589
92430,92436,95587,6,3151,2,7200,1.00190415741
92469,92475,95251,6,2776,2,7200,1.00216138329
92490,92496,95633,6,3137,2,7200,1.0019126554
92516,92522,95588,6,3066,2,7200,1.00195694716
92588,92595,95938,7,3343,2,7200,1.00209392761
92609,92615,95592,6,2977,2,7200,1.0020154518
92754,92760,95633,6,2873,2,7200,1.00208840933
92871,92877,96100,6,3223,2,7200,1.00186161961
92886,92892,96019,6,3127,2,7200,1.00191877199
92901,92907,95532,6,2625,2,7200,1.00228571429
93021,93027,96267,6,3240,2,7200,1.00185185185
93129,93135,96217,6,3082,2,7200,1.0019467878
93195,93202,95838,7,2636,2,7200,1.00265553869
93197,93207,96080,10,2873,2,7200,1.00348068221
93198,93213,95913,15,2700,2,7200,1.00555555556
93343,93349,96527,6,3178,2,7200,1.00188797986
93726,93732,97066,6,3334,2,7200,1.00179964007
93740,93746,96381,6,2635,2,7200,1.00227703985
93767,93773,96590,6,2817,2,7200,1.00212992545
93791,93797,96764,6,2967,2,7200,1.00202224469
93806,93812,96847,6,3035,2,7200,1.00197693575
93808,93818,96929,10,3111,2,7200,1.00321440051
93809,93824,96648,15,2824,2,7200,1.00531161473
94095,94101,97213,6,3112,2,7200,1.00192802057
94248,94254,97356,6,3102,2,7200,1.00193423598
94477,94483,97707,6,3224,2,7200,1.00186104218
94495,94501,97289,6,2788,2,7200,1.00215208034
94637,94643,97777,6,3134,2,7200,1.00191448628
94878,94884,98175,6,3291,2,7200,1.00182315406
94965,94971,98213,6,3242,2,7200,1.00185070944
94995,95001,97952,6,2951,2,7200,1.00203320908
95037,95043,97849,6,2806,2,7200,1.00213827512
95051,95058,98068,7,3010,2,7200,1.0023255814
95081,95087,97871,6,2784,2,7200,1.00215517241
95168,95175,98233,7,3058,2,7200,1.00228907783
95243,95250,98278,7,3028,2,7200,1.00231175694
95258,95264,98442,6,3178,2,7200,1.00188797986
95279,95286,97980,7,2694,2,7200,1.00259836674
95281,95292,98087,11,2795,2,7200,1.00393559928
95333,95339,98508,6,3169,2,7200,1.00189334175
95532,95538,98875,6,3337,2,7200,1.00179802218
95589,95596,98833,7,3237,2,7200,1.00216249614
95591,95602,98702,11,3100,2,7200,1.0035483871
95605,95612,98268,7,2656,2,7200,1.00263554217
95632,95639,98861,7,3222,2,7200,1.00217256363
95647,95653,98397,6,2744,2,7200,1.00218658892
95840,95846,99041,6,3195,2,7200,1.00187793427
95915,95921,99234,6,3313,2,7200,1.00181104739
95939,95945,98937,6,2992,2,7200,1.00200534759
96020,96026,99002,6,2976,2,7200,1.00201612903
96080,96086,98785,6,2699,2,7200,1.00222304557
96101,96107,99305,6,3198,2,7200,1.00187617261
96218,96224,99303,6,3079,2,7200,1.00194868464
96269,96275,99137,6,2862,2,7200,1.00209643606
96380,96386,99127,6,2741,2,7200,1.00218898212
96528,96534,99637,6,3103,2,7200,1.00193361263
96591,96597,99510,6,2913,2,7200,1.00205973223
96651,96657,99921,6,3264,2,7200,1.00183823529
96765,96771,99874,6,3103,2,7200,1.00193361263
96849,96855,99941,6,3086,2,7200,1.00194426442
96930,96936,100164,6,3228,2,7200,1.00185873606
97069,97075,100379,6,3304,2,7200,1.00181598063
97213,97220,100153,7,2933,2,7200,1.00238663484
97291,97298,100358,7,3060,2,7200,1.0022875817
97357,97364,100258,7,2894,2,7200,1.00241879751
97707,97713,100985,6,3272,2,7200,1.00183374083
97776,97782,100909,6,3127,2,7200,1.00191877199
97851,97857,101130,6,3273,2,7200,1.00183318057
97872,97878,100928,6,3050,2,7200,1.00196721311
97953,97959,101207,6,3248,2,7200,1.00184729064
97982,97989,101284,7,3295,2,7200,1.00212443096
98069,98076,101025,7,2949,2,7200,1.002373686
98090,98096,100783,6,2687,2,7200,1.00223297358
98175,98181,101063,6,2882,2,7200,1.00208188758
98213,98220,101206,7,2986,2,7200,1.00234427328
98234,98240,100944,6,2704,2,7200,1.00221893491
98270,98276,101466,6,3190,2,7200,1.00188087774
98285,98291,101413,6,3122,2,7200,1.00192184497
98396,98402,100966,6,2564,2,7200,1.0023400936
98444,98450,101774,6,3324,2,7200,1.00180505415
98510,98516,101649,6,3133,2,7200,1.00191509735
98703,98709,101579,6,2870,2,7200,1.00209059233
98787,98793,101928,6,3135,2,7200,1.0019138756
98835,98841,101853,6,3012,2,7200,1.00199203187
98862,98868,102064,6,3196,2,7200,1.00187734668
98877,98883,101511,6,2628,2,7200,1.00228310502
98937,98943,101918,6,2975,2,7200,1.00201680672
99003,99009,102065,6,3056,2,7200,1.00196335079
99042,99048,102130,6,3082,2,7200,1.0019467878
99126,99132,101869,6,2737,2,7200,1.00219218122
99141,99147,102235,6,3088,2,7200,1.00194300518
99234,99240,102037,6,2797,2,7200,1.00214515552
99304,99310,102242,6,2932,2,7200,1.00204638472
99318,99324,102582,6,3258,2,7200,1.00184162063
99511,99517,102464,6,2947,2,7200,1.00203596878
99640,99646,102175,6,2529,2,7200,1.00237247924
99875,99881,102861,6,2980,2,7200,1.00201342282
99923,99929,103157,6,3228,2,7200,1.00185873606
99941,99947,103046,6,3099,2,7200,1.00193610842
100155,100161,103494,6,3333,2,7200,1.00180018002
100170,100175,103370,5,3195,2,7200,1.00156494523
100260,100266,103157,6,2891,2,7200,1.00207540643
100359,100365,102900,6,2535,2,7200,1.00236686391
100380,100386,103578,6,3192,2,7200,1.00187969925
100784,100790,103816,6,3026,2,7200,1.0019828156
100910,100916,103985,6,3069,2,7200,1.00195503421
100931,100937,103867,6,2930,2,7200,1.00204778157
100945,100952,104228,7,3276,2,7200,1.00213675214
100966,100973,104119,7,3146,2,7200,1.00222504768
100987,100993,103980,6,2987,2,7200,1.00200870439
101026,101032,104218,6,3186,2,7200,1.00188323917
101065,101071,104204,6,3133,2,7200,1.00191509735
101131,101137,104189,6,3052,2,7200,1.00196592398
101206,101213,104044,7,2831,2,7200,1.00247262451
101221,101227,104359,6,3132,2,7200,1.00191570881
101284,101290,104257,6,2967,2,7200,1.00202224469
101414,101420,104534,6,3114,2,7200,1.00192678227
101465,101471,104639,6,3168,2,7200,1.00189393939
101513,101519,104749,6,3230,2,7200,1.00185758514
101579,101585,104548,6,2963,2,7200,1.00202497469
101651,101657,104797,6,3140,2,7200,1.00191082803
101774,101780,105131,6,3351,2,7200,1.0017905103
101855,101861,104912,6,3051,2,7200,1.00196656834
101870,101876,104722,6,2846,2,7200,1.00210822207
101918,101924,104899,6,2975,2,7200,1.00201680672
101933,101939,105128,6,3189,2,7200,1.00188146754
102038,102044,105028,6,2984,2,7200,1.00201072386
102065,102071,104833,6,2762,2,7200,1.00217233888
102066,102077,105137,11,3060,2,7200,1.00359477124
102132,102139,105276,7,3137,2,7200,1.0022314313
102177,102184,105090,7,2906,2,7200,1.00240880936
102238,102244,105095,6,2851,2,7200,1.00210452473
102252,102259,105017,7,2758,2,7200,1.00253807107
102466,102472,105202,6,2730,2,7200,1.0021978022
102584,102590,105496,6,2906,2,7200,1.00206469374
102861,102867,105943,6,3076,2,7200,1.00195058518
102903,102909,105709,6,2800,2,7200,1.00214285714
103047,103053,106174,6,3121,2,7200,1.00192246075
103158,103164,106270,6,3106,2,7200,1.00193174501
103160,103170,106350,10,3180,2,7200,1.00314465409
103370,103377,106635,7,3258,2,7200,1.0021485574
103497,103503,106709,6,3206,2,7200,1.00187149095
103578,103584,106476,6,2892,2,7200,1.0020746888
103815,103822,106579,7,2757,2,7200,1.00253899166
103869,103876,106985,7,3109,2,7200,1.00225152782
103981,103987,106888,6,2901,2,7200,1.00206825233
103995,104002,106973,7,2971,2,7200,1.00235610905
104046,104052,106843,6,2791,2,7200,1.00214976711
104121,104128,107298,7,3170,2,7200,1.00220820189
104190,104197,107053,7,2856,2,7200,1.00245098039
104205,104211,107183,6,2972,2,7200,1.00201884253
104220,104226,107523,6,3297,2,7200,1.00181983621
104235,104241,107473,6,3232,2,7200,1.00185643564
104259,104265,107542,6,3277,2,7200,1.00183094294
104361,104367,107463,6,3096,2,7200,1.0019379845
104536,104542,107901,6,3359,2,7200,1.00178624591
104551,104557,107891,6,3334,2,7200,1.00179964007
104641,104647,107527,6,2880,2,7200,1.00208333333
104722,104729,107936,7,3207,2,7200,1.00218272529
104749,104756,108084,7,3328,2,7200,1.00210336538
104797,104804,107663,7,2859,2,7200,1.00244840853
104833,104839,107971,6,3132,2,7200,1.00191570881
104899,104906,107856,7,2950,2,7200,1.00237288136
104914,104920,108141,6,3221,2,7200,1.00186277554
105019,105026,108078,7,3052,2,7200,1.00229357798
105034,105040,108203,6,3163,2,7200,1.00189693329
105091,105097,108104,6,3007,2,7200,1.0019953442
105106,105112,108084,6,2972,2,7200,1.00201884253
105130,105136,108492,6,3356,2,7200,1.00178784267
105145,105151,108208,6,3057,2,7200,1.00196270854
105146,105157,108125,11,2968,2,7200,1.00370619946
105203,105210,108004,7,2794,2,7200,1.00250536865
105279,105285,108355,6,3070,2,7200,1.00195439739
105499,105505,108482,6,2977,2,7200,1.0020154518
105710,105716,108959,6,3243,2,7200,1.00185013876
105945,105951,109012,6,3061,2,7200,1.00196014374
106176,106183,109193,7,3010,2,7200,1.0023255814
106270,106276,109497,6,3221,2,7200,1.00186277554
106351,106357,108845,6,2488,2,7200,1.00241157556
106477,106483,109655,6,3172,2,7200,1.00189155107
106582,106588,109726,6,3138,2,7200,1.00191204589
106636,106642,109892,6,3250,2,7200,1.00184615385
106711,106717,109531,6,2814,2,7200,1.00213219616
106843,106849,110129,6,3280,2,7200,1.00182926829
106888,106894,109757,6,2863,2,7200,1.00209570381
106975,106981,110126,6,3145,2,7200,1.00190779014
106990,106996,110162,6,3166,2,7200,1.00189513582
107053,107059,109970,6,2911,2,7200,1.00206114737
107183,107189,110382,6,3193,2,7200,1.00187911055
107300,107306,110198,6,2892,2,7200,1.0020746888
107466,107472,110074,6,2602,2,7200,1.00230591852
107480,107487,110396,7,2909,2,7200,1.0024063252
107526,107532,110873,6,3341,2,7200,1.0017958695
107541,107547,110772,6,3225,2,7200,1.00186046512
107542,107553,110691,11,3138,2,7200,1.00350541746
107665,107671,110615,6,2944,2,7200,1.00203804348
107858,107864,110228,6,2364,2,7200,1.00253807107
107891,107897,111007,6,3110,2,7200,1.00192926045
107906,107912,110969,6,3057,2,7200,1.00196270854
107939,107945,110850,6,2905,2,7200,1.00206540448
107972,107978,110428,6,2450,2,7200,1.00244897959
108005,108011,111079,6,3068,2,7200,1.00195567145
108080,108086,111369,6,3283,2,7200,1.00182759671
108095,108101,110955,6,2854,2,7200,1.00210231254
108096,108107,111020,11,2913,2,7200,1.00377617576
108111,108117,111191,6,3074,2,7200,1.00195185426
108126,108132,111114,6,2982,2,7200,1.00201207243
108144,108150,111085,6,2935,2,7200,1.00204429302
108204,108210,110723,6,2513,2,7200,1.00238758456
108219,108225,111236,6,3011,2,7200,1.00199269346
108357,108363,111514,6,3151,2,7200,1.00190415741
108484,108490,111229,6,2739,2,7200,1.0021905805
108498,108504,111578,6,3074,2,7200,1.00195185426
108848,108854,112110,6,3256,2,7200,1.00184275184
108962,108968,112196,6,3228,2,7200,1.00185873606
109013,109019,111974,6,2955,2,7200,1.00203045685
109194,109200,112366,6,3166,2,7200,1.00189513582
109501,109507,112601,6,3094,2,7200,1.00193923723
109531,109537,112717,6,3180,2,7200,1.00188679245
109657,109663,112814,6,3151,2,7200,1.00190415741
109726,109732,112699,6,2967,2,7200,1.00202224469
109759,109765,112958,6,3193,2,7200,1.00187911055
109891,109897,112898,6,3001,2,7200,1.00199933356
109972,109979,113146,7,3167,2,7200,1.00221029365
110075,110081,113239,6,3158,2,7200,1.00189993667
110126,110132,113230,6,3098,2,7200,1.00193673338
110140,110147,113235,7,3088,2,7200,1.00226683938
110164,110171,113425,7,3254,2,7200,1.00215119852
110200,110206,113205,6,2999,2,7200,1.00200066689
110230,110236,113335,6,3099,2,7200,1.00193610842
110384,110390,113586,6,3196,2,7200,1.00187734668
110399,110405,113413,6,3008,2,7200,1.00199468085
110428,110435,113311,7,2876,2,7200,1.00243393602
110615,110621,113850,6,3229,2,7200,1.00185816042
110693,110699,113393,6,2694,2,7200,1.00222717149
110723,110729,113447,6,2718,2,7200,1.00220750552
110774,110780,113463,6,2683,2,7200,1.00223630265
110852,110859,113941,7,3082,2,7200,1.00227125243
110873,110880,114012,7,3132,2,7200,1.00223499361
110954,110961,114057,7,3096,2,7200,1.00226098191
110969,110976,113910,7,2934,2,7200,1.0023858214
111008,111015,114197,7,3182,2,7200,1.00219987429
111023,111029,113944,6,2915,2,7200,1.00205831904
111080,111086,113999,6,2913,2,7200,1.00205973223
111095,111101,114102,6,3001,2,7200,1.00199933356
111113,111119,114253,6,3134,2,7200,1.00191448628
111191,111197,114289,6,3092,2,7200,1.00194049159
111230,111236,114179,6,2943,2,7200,1.00203873598
111245,111251,114215,6,2964,2,7200,1.0020242915
111371,111377,114515,6,3138,2,7200,1.00191204589
111515,111522,114534,7,3012,2,7200,1.00232403718
111573,111579,114646,6,3067,2,7200,1.0019563091
111976,111983,114877,7,2894,2,7200,1.00241879751
112112,112118,115078,6,2960,2,7200,1.00202702703
112199,112205,115196,6,2991,2,7200,1.00200601805
112367,112374,115258,7,2884,2,7200,1.00242718447
112602,112609,115951,7,3342,2,7200,1.00209455416
112702,112708,115706,6,2998,2,7200,1.00200133422
112716,112723,115649,7,2926,2,7200,1.0023923445
112816,112822,115678,6,2856,2,7200,1.00210084034
112900,112906,115735,6,2829,2,7200,1.00212089077
112960,112966,116138,6,3172,2,7200,1.00189155107
113146,113152,116091,6,2939,2,7200,1.00204151072
113206,113212,116157,6,2945,2,7200,1.00203735144
113230,113236,116152,6,2916,2,7200,1.00205761317
113245,113251,116175,6,2924,2,7200,1.00205198358
113246,113257,115994,11,2737,2,7200,1.0040189989
113312,113319,116353,7,3034,2,7200,1.00230718523
113333,113340,116224,7,2884,2,7200,1.00242718447
113393,113399,116304,6,2905,2,7200,1.00206540448
113414,113420,116591,6,3171,2,7200,1.00189214759
113429,113435,116224,6,2789,2,7200,1.00215130871
113447,113453,115855,6,2402,2,7200,1.0024979184
113465,113471,116385,6,2914,2,7200,1.00205902539
113588,113594,116739,6,3145,2,7200,1.00190779014
113851,113857,117277,6,3420,2,7200,1.00175438596
113911,113917,116898,6,2981,2,7200,1.0020127474
113944,113950,116503,6,2553,2,7200,1.00235017626
113958,113964,116987,6,3023,2,7200,1.00198478333
114000,114006,117007,6,3001,2,7200,1.00199933356
114015,114021,117000,6,2979,2,7200,1.00201409869
114057,114063,117359,6,3296,2,7200,1.00182038835
114102,114108,117235,6,3127,2,7200,1.00191877199
114180,114186,117079,6,2893,2,7200,1.00207397166
114195,114201,117443,6,3242,2,7200,1.00185070944
114216,114222,117057,6,2835,2,7200,1.00211640212
114255,114261,116963,6,2702,2,7200,1.00222057735
114291,114297,117163,6,2866,2,7200,1.00209351012
114517,114523,117403,6,2880,2,7200,1.00208333333
114535,114541,117246,6,2705,2,7200,1.0022181146
114646,114652,118050,6,3398,2,7200,1.00176574456
114878,114884,118192,6,3308,2,7200,1.00181378476
115080,115086,117908,6,2822,2,7200,1.00212615167
115197,115203,117972,6,2769,2,7200,1.00216684724
115260,115266,118592,6,3326,2,7200,1.00180396873
115646,115652,118804,6,3152,2,7200,1.0019035533
115679,115685,118557,6,2872,2,7200,1.00208913649
115708,115715,118990,7,3275,2,7200,1.00213740458
115735,115741,118686,6,2945,2,7200,1.00203735144
115859,115865,119208,6,3343,2,7200,1.00179479509
115952,115958,118374,6,2416,2,7200,1.00248344371
115997,116003,118983,6,2980,2,7200,1.00201342282
116093,116099,119120,6,3021,2,7200,1.00198609732
116138,116144,119320,6,3176,2,7200,1.00188916877
116153,116159,119224,6,3065,2,7200,1.00195758564
116167,116174,118943,7,2769,2,7200,1.00252798844
116182,116188,119149,6,2961,2,7200,1.00202634245
116227,116234,119220,7,2986,2,7200,1.00234427328
116229,116240,119479,11,3239,2,7200,1.00339610991
116304,116310,119311,6,3001,2,7200,1.00199933356
116355,116361,119143,6,2782,2,7200,1.00215672178
116385,116391,119052,6,2661,2,7200,1.00225479143
116471,116477,122118,6,5641,4,32400,1.0010636412
116505,116511,119543,6,3032,2,7200,1.00197889182
116592,116598,119808,6,3210,2,7200,1.00186915888
116740,116746,119925,6,3179,2,7200,1.00188738597
116899,116906,120064,7,3158,2,7200,1.00221659278
116965,116972,119886,7,2914,2,7200,1.00240219629
116989,116996,120023,7,3027,2,7200,1.00231252065
117004,117010,120045,6,3035,2,7200,1.00197693575
117019,117025,120277,6,3252,2,7200,1.00184501845
117058,117064,119738,6,2674,2,7200,1.00224382947
117079,117085,119926,6,2841,2,7200,1.00211193242
117163,117169,120286,6,3117,2,7200,1.00192492782
117235,117241,120548,6,3307,2,7200,1.00181433323
117250,117256,119908,6,2652,2,7200,1.00226244344
117277,117283,120280,6,2997,2,7200,1.002002002
117361,117367,120313,6,2946,2,7200,1.00203665988
117403,117409,120152,6,2743,2,7200,1.00218738607
117442,117448,120554,6,3106,2,7200,1.00193174501
117909,117915,120938,6,3023,2,7200,1.00198478333
117972,117978,121095,6,3117,2,7200,1.00192492782
118050,118056,121141,6,3085,2,7200,1.00194489465
118192,118198,121426,6,3228,2,7200,1.00185873606
118376,118382,121585,6,3203,2,7200,1.00187324383
118559,118566,121420,7,2854,2,7200,1.00245269797
118592,118598,121646,6,3048,2,7200,1.00196850394
118685,118692,121045,7,2353,2,7200,1.00297492563
118803,118809,121956,6,3147,2,7200,1.00190657769
118945,118951,122200,6,3249,2,7200,1.00184672207
118984,118990,122090,6,3100,2,7200,1.00193548387
118998,119005,122063,7,3058,2,7200,1.00228907783
119052,119059,122135,7,3076,2,7200,1.0022756827
119121,119128,122392,7,3264,2,7200,1.00214460784
119145,119152,122301,7,3149,2,7200,1.00222292791
119160,119166,122303,6,3137,2,7200,1.0019126554
119208,119214,121505,6,2291,2,7200,1.00261894369
119223,119229,122319,6,3090,2,7200,1.00194174757
119238,119244,122304,6,3060,2,7200,1.00196078431
119313,119319,122228,6,2909,2,7200,1.00206256446
119328,119334,122254,6,2920,2,7200,1.00205479452
119481,119488,122192,7,2704,2,7200,1.0025887574
119544,119551,122612,7,3061,2,7200,1.00228683437
119740,119747,122793,7,3046,2,7200,1.00229809586
119810,119816,122824,6,3008,2,7200,1.00199468085
119888,119894,122641,6,2747,2,7200,1.00218420095
119909,119915,122950,6,3035,2,7200,1.00197693575
119927,119933,122570,6,2637,2,7200,1.00227531286
119928,119939,123289,11,3350,2,7200,1.00328358209
120024,120031,123019,7,2988,2,7200,1.00234270415
120045,120052,123338,7,3286,2,7200,1.00213024954
120066,120072,123085,6,3013,2,7200,1.00199137073
120154,120160,123408,6,3248,2,7200,1.00184729064
120271,120277,123423,6,3146,2,7200,1.00190718373
120286,120292,123635,6,3343,2,7200,1.00179479509
120287,120298,122986,11,2688,2,7200,1.0040922619
120314,120320,122958,6,2638,2,7200,1.00227445034
120550,120556,123620,6,3064,2,7200,1.00195822454
120564,120571,123820,7,3249,2,7200,1.00215450908
120938,120944,124042,6,3098,2,7200,1.00193673338
121046,121052,124262,6,3210,2,7200,1.00186915888
121094,121100,124328,6,3228,2,7200,1.00185873606
121142,121148,124379,6,3231,2,7200,1.00185701021
121419,121426,124499,7,3073,2,7200,1.00227790433
121434,121440,124619,6,3179,2,7200,1.00188738597
121506,121512,124234,6,2722,2,7200,1.00220426157
121577,121583,122956,6,1373,1,3600,1.00436999272
121585,121591,124357,6,2766,2,7200,1.0021691974
121626,121632,126507,6,4875,1,14400,1.00123076923
121648,121654,124808,6,3154,2,7200,1.00190234623
121913,121920,121923,7,3,6,604800,1.0
121955,121961,124903,6,2942,2,7200,1.00203942896
122037,122043,123861,6,1818,1,345600,1.00330033003
122063,122069,125315,6,3246,2,7200,1.00184842884
122093,122099,124962,6,2863,2,7200,1.00209570381
122126,122132,154648,6,32516,8,32400,1.00018452454
122135,122141,125071,6,2930,2,7200,1.00204778157
122147,122153,122154,6,1,1,345600,1.0
122192,122198,125371,6,3173,2,7200,1.00189095493
122195,122209,124020,14,1811,1,345600,1.00773053562
122204,122215,145943,11,23728,3,39540,1.00046358732
122207,122220,125459,13,3239,2,7200,1.00401358444
122228,122234,125560,6,3326,2,7200,1.00180396873
122247,122253,124064,6,1811,1,345600,1.00331308669
122255,122261,124738,6,2477,2,7200,1.00242228502
122303,122309,125552,6,3243,2,7200,1.00185013876
122305,122315,125302,10,2987,2,7200,1.00334784064
122306,122321,125198,15,2877,2,7200,1.00521376434
122321,122327,124890,6,2563,2,7200,1.00234100663
122393,122399,125003,6,2604,2,7200,1.00230414747
122432,122438,232451,6,110013,6,604800,1.00005453901
122551,122557,122569,6,12,16,259200,1.5
122571,122577,125540,6,2963,2,7200,1.00202497469
122613,122619,125783,6,3164,2,7200,1.00189633375
122643,122649,125729,6,3080,2,7200,1.00194805195
122680,122686,122701,6,15,16,259200,1.4
122794,122800,125876,6,3076,2,7200,1.00195058518
122824,122830,125898,6,3068,2,7200,1.00195567145
122845,122851,122852,6,1,16,259200,1.0
122876,122882,122893,6,11,16,259200,1.54545454545
122951,122957,125845,6,2888,2,7200,1.00207756233
122955,122963,127432,8,4469,16,259200,1.00179010964
122966,122972,126050,6,3078,2,7200,1.00194931774
122987,122993,126092,6,3099,2,7200,1.00193610842
123003,123010,127435,7,4425,16,259200,1.0015819209
123020,123026,126168,6,3142,2,7200,1.00190961171
123086,123092,125755,6,2663,2,7200,1.00225309801
123291,123297,126300,6,3003,2,7200,1.001998002
123339,123345,126612,6,3267,2,7200,1.00183654729
123411,123417,126527,6,3110,2,7200,1.00192926045
123425,123432,126582,7,3150,2,7200,1.00222222222
123621,123628,126689,7,3061,2,7200,1.00228683437
123636,123642,126590,6,2948,2,7200,1.00203527815
123820,123826,126647,6,2821,2,7200,1.00212690535
124043,124049,127235,6,3186,2,7200,1.00188323917
124073,124079,177537,6,53458,1,72000,1.00011223764
124091,124097,124152,6,55,6,165600,1.10909090909
124231,124237,127422,6,3185,4,86400,1.00188383046
124236,124243,127358,7,3115,2,7200,1.00224719101
124263,124269,127228,6,2959,2,7200,1.00202771206
124329,124335,127247,6,2912,2,7200,1.00206043956
124344,124350,127049,6,2699,6,165600,1.00222304557
124360,124366,127466,6,3100,2,7200,1.00193548387
124380,124387,127400,7,3013,2,7200,1.00232326585
124490,124496,290279,6,165783,6,165600,1.00003619189
124492,124820,125106,328,286,2,86400,2.14685314685
124493,124633,140186,140,15553,6,165600,1.00900147881
124501,124507,127323,6,2816,2,7200,1.00213068182
124621,124627,127502,6,2875,2,7200,1.00208695652
124739,124745,127606,6,2861,2,7200,1.00209716882
124808,124814,127779,6,2965,2,7200,1.00202360877
124892,124898,127888,6,2990,2,7200,1.00200668896
124907,124913,127792,6,2879,2,7200,1.00208405696
124964,124970,127604,6,2634,2,7200,1.00227790433
125003,125009,128355,6,3346,2,7200,1.00179318589
125032,125039,125047,7,8,1,345600,1.5
125072,125079,128335,7,3256,2,7200,1.00214987715
125078,125117,125125,39,8,1,345600,4.7
125187,125193,125201,6,8,1,345600,1.4
125190,125211,127426,21,2215,2,86400,1.00948081264
125199,125205,128285,6,3080,2,7200,1.00194805195
125281,125288,125289,7,1,1,345600,1.0
125304,125310,128480,6,3170,2,7200,1.00189274448
125319,125325,128287,6,2962,2,7200,1.00202565834
125338,125344,125345,6,1,1,345600,1.0
125374,125380,128473,6,3093,2,7200,1.00193986421
125461,125467,128393,6,2926,2,7200,1.002050581
125530,125743,125744,213,1,1,345600,21.4
125542,125548,128561,6,3013,2,7200,1.00199137073
125557,125563,128603,6,3040,2,7200,1.00197368421
125572,125578,128560,6,2982,2,7200,1.00201207243
125670,125748,125749,78,1,1,345600,7.9
125731,125737,128703,6,2966,2,7200,1.0020229265
125755,125761,129024,6,3263,2,7200,1.00183879865
125785,125791,128527,6,2736,2,7200,1.00219298246
125845,125852,128427,7,2575,2,7200,1.0027184466
125869,125875,128442,6,2567,2,7200,1.00233735878
125899,125906,129054,7,3148,2,7200,1.00222363405
126050,126056,129165,6,3109,2,7200,1.00192988099
126092,126098,128971,6,2873,2,7200,1.00208840933
126167,126173,129194,6,3021,2,7200,1.00198609732
126197,126542,133527,345,6985,2,21600,1.04939155333
126300,126306,129206,6,2900,2,7200,1.00206896552
126513,126601,134069,88,7468,2,21600,1.01178361007
126529,126535,129570,6,3035,2,7200,1.00197693575
126583,126589,129639,6,3050,2,7200,1.00196721311
126597,126607,129620,10,3013,2,7200,1.00331895121
126612,126618,129877,6,3259,2,7200,1.00184105554
126648,126654,129689,6,3035,2,7200,1.00197693575
126652,126995,292778,343,165783,6,165600,1.00206896968
126690,126696,129967,6,3271,2,7200,1.00183430144
127230,127236,130449,6,3213,2,7200,1.00186741363
127245,127251,130181,6,2930,2,7200,1.00204778157
127259,127265,130218,6,2953,2,7200,1.00203183204
127326,127331,130351,5,3020,2,7200,1.00165562914
127358,127365,130137,7,2772,2,7200,1.00252525253
127400,127407,130691,7,3284,2,7200,1.00213154689
127467,127473,130043,6,2570,2,7200,1.00233463035
127503,127509,130141,6,2632,2,7200,1.00227963526
127607,127613,130687,6,3074,2,7200,1.00195185426
127609,127619,130612,10,2993,2,7200,1.0033411293
127781,127787,130635,6,2848,2,7200,1.00210674157
127795,127802,130948,7,3146,2,7200,1.00222504768
127893,127899,130174,6,2275,2,7200,1.00263736264
128066,128073,128190,7,117,4,28800,1.05982905983
128253,128259,311689,6,183430,6,604800,1.00003271003
128291,128297,131081,6,2784,2,7200,1.00215517241
128292,128303,131423,11,3120,2,7200,1.00352564103
128337,128344,131417,7,3073,2,7200,1.00227790433
128355,128361,131316,6,2955,2,7200,1.00203045685
128373,128379,128929,6,550,4,28800,1.01090909091
128395,128401,131277,6,2876,2,7200,1.00208623088
128428,128434,131248,6,2814,2,7200,1.00213219616
128443,128449,131367,6,2918,2,7200,1.00205620288
128470,128476,131419,6,2943,2,7200,1.00203873598
128485,128491,131659,6,3168,2,7200,1.00189393939
128507,128513,132762,6,4249,2,14400,1.00141209696
128530,128536,131708,6,3172,2,7200,1.00189155107
128560,128566,131441,6,2875,2,7200,1.00208695652
128561,128572,131698,11,3126,2,7200,1.00351887396
128604,128610,131579,6,2969,2,7200,1.00202088245
128705,128711,131747,6,3036,2,7200,1.00197628458
128973,128979,131745,6,2766,2,7200,1.0021691974
129024,129030,131790,6,2760,2,7200,1.00217391304
129055,129061,132226,6,3165,2,7200,1.0018957346
129168,129173,129348,5,175,4,259200,1.02857142857
129168,129179,132177,11,2998,2,7200,1.00366911274
129174,129185,136901,11,7716,2,21600,1.00142560912
129195,129201,132422,6,3221,2,7200,1.00186277554
129210,129216,132063,6,2847,2,7200,1.00210748156
129284,129290,129507,6,217,4,259200,1.02764976959
129299,129306,154438,7,25132,2,86400,1.00027852936
129325,129331,129729,6,398,4,86400,1.01507537688
129574,129580,132726,6,3146,2,7200,1.00190718373
129622,129629,132537,7,2908,2,7200,1.00240715268
129641,129647,132351,6,2704,2,7200,1.00221893491
129690,129696,132855,6,3159,2,7200,1.00189933523
129703,129709,137071,6,7362,2,21600,1.00081499593
129866,129872,129891,6,19,6,14400,1.31578947368
129878,129884,133091,6,3207,2,7200,1.00187090739
129970,129977,132950,7,2973,2,7200,1.00235452405
129974,129983,130001,9,18,4,43200,1.5
130019,130025,130028,6,3,1,1800,1.0
130049,130055,133165,6,3110,2,7200,1.00192926045
130051,130061,130072,10,11,4,43200,1.90909090909
130141,130147,133235,6,3088,2,7200,1.00194300518
130156,130162,133234,6,3072,2,7200,1.001953125
130177,130183,133447,6,3264,2,7200,1.00183823529
130192,130198,133110,6,2912,2,7200,1.00206043956
130219,130225,132997,6,2772,2,7200,1.00216450216
130353,130359,133408,6,3049,2,7200,1.00196785831
130419,130425,139989,6,9564,4,259200,1.00062735257
130445,130451,139991,6,9540,4,259200,1.00062893082
130452,130458,133535,6,3077,2,7200,1.00194995125
130533,140558,212576,10025,72018,64,72000,1.13920131078
130617,130623,133603,6,2980,2,7200,1.00201342282
130635,130641,133845,6,3204,2,7200,1.00187265918
130690,130701,133354,11,2653,2,7200,1.00414624953
130702,130708,133361,6,2653,6,7200,1.00226159065
130704,130715,133815,11,3100,2,7200,1.0035483871
130946,130952,145368,6,14416,2,14400,1.00041620422
130951,130958,134155,7,3197,2,7200,1.00218955271
131085,131091,133798,6,2707,2,7200,1.0022164758
131223,131230,131232,7,2,1,1800,1.0
131253,131259,133858,6,2599,2,7200,1.00230858022
131280,131286,134552,6,3266,2,7200,1.00183710961
131320,131326,134511,6,3185,2,7200,1.00188383046
131368,131375,134380,7,3005,2,7200,1.00232945092
131423,131429,134068,6,2639,2,7200,1.00227358848
131424,131435,134628,11,3193,2,7200,1.00344503602
131439,131445,134689,6,3244,2,7200,1.00184956843
131454,131460,134601,6,3141,2,7200,1.00191021968
131498,140001,144874,8503,4873,2,21600,2.74492099323
131582,131588,134250,6,2662,2,7200,1.0022539444
131662,131668,140091,6,8423,6,14400,1.00071233527
131662,131674,134549,12,2875,2,7200,1.00417391304
131698,131705,134821,7,3116,2,7200,1.00224646983
131713,131719,134345,6,2626,2,7200,1.00228484387
131746,131753,134653,7,2900,2,7200,1.0024137931
131761,131767,135129,6,3362,2,7200,1.00178465199
131779,131785,131949,6,164,1,3600,1.03658536585
131792,131798,134573,6,2775,2,7200,1.00216216216
131967,131973,131975,6,2,1,1800,1.0
132065,132072,135116,7,3044,2,7200,1.00229960578
132179,132185,135337,6,3152,2,7200,1.0019035533
132227,132233,135452,6,3219,2,7200,1.0018639329
132354,132361,135491,7,3130,2,7200,1.00223642173
132369,132376,132378,7,2,1,1800,1.0
132405,132412,132421,7,9,1,3600,1.6
132425,132431,135452,6,3021,2,7200,1.00198609732
132495,208190,208196,75695,6,16,45000,7570.1
132542,132548,135824,6,3276,2,7200,1.00183150183
132614,132620,132621,6,1,1,3600,1.0
132624,172171,175479,39547,3308,6,165600,12.9549576784
132728,132734,135754,6,3020,2,7200,1.00198675497
132859,132866,135752,7,2886,2,7200,1.00242550243
132868,132874,132876,6,2,1,1800,1.0
132905,132912,132927,7,15,1,3600,1.46666666667
132950,132956,135774,6,2818,2,7200,1.00212916962
132998,133004,135856,6,2852,2,7200,1.00210378682
133093,133099,136003,6,2904,2,7200,1.0020661157
133111,133117,136404,6,3287,2,7200,1.00182537268
133166,133172,136211,6,3039,2,7200,1.00197433366
133197,133203,133213,6,10,1,3600,1.6
133237,133243,136229,6,2986,2,7200,1.00200937709
133238,133250,136327,12,3077,2,7200,1.0038999025
133358,133364,135745,6,2381,2,7200,1.0025199496
133399,133406,133414,7,8,1,3600,1.5
133409,133416,136269,7,2853,2,7200,1.00245355766
133449,133456,136454,7,2998,2,7200,1.00233488993
133504,133510,133511,6,1,1,3600,1.0
133537,133543,136330,6,2787,2,7200,1.00215285253
133604,133610,136696,6,3086,2,7200,1.00194426442
133645,133651,133653,6,2,1,1800,1.0
133701,133707,133710,6,3,1,900,1.0
133805,133812,136451,7,2639,2,7200,1.00265251989
133808,133818,135161,10,1343,4,3600,1.00744601638
133820,133827,136946,7,3119,2,7200,1.00224430907
133847,133853,137095,6,3242,2,7200,1.00185070944
133862,133868,136312,6,2444,2,7200,1.00245499182
133944,135167,137224,1223,2057,25,7199,1.59455517744
134025,134032,134038,7,6,1,1800,1.3
134072,134079,137309,7,3230,2,7200,1.00216718266
134080,172176,180649,38096,8473,4,36000,5.49616428656
134158,134165,137346,7,3181,2,7200,1.00220056586
134213,134221,134225,8,4,1,1800,1.2
134254,134260,137062,6,2802,2,7200,1.00214132762
134347,134353,137417,6,3064,2,7200,1.00195822454
134380,134387,137289,7,2902,2,7200,1.00241212957
134416,134422,136364,6,1942,1,3600,1.00308959835
134515,134522,137693,7,3171,2,7200,1.00220750552
134551,134557,137401,6,2844,2,7200,1.00210970464
134566,134573,137632,7,3059,2,7200,1.00228832952
134581,134588,137468,7,2880,2,7200,1.00243055556
134602,134608,137494,6,2886,2,7200,1.00207900208
134629,134635,137743,6,3108,2,7200,1.00193050193
134656,134663,137739,7,3076,2,7200,1.0022756827
134689,134695,137711,6,3016,2,7200,1.00198938992
134804,134810,134823,6,13,1,1800,1.46153846154
134824,134831,137797,7,2966,2,7200,1.00236008092
135048,135054,135055,6,1,1,1800,1.0
135120,135127,138031,7,2904,2,7200,1.00241046832
135135,135141,137964,6,2823,2,7200,1.00212539851
135243,135249,135251,6,2,1,1800,1.0
135342,135349,138252,7,2903,2,7200,1.00241129866
135456,135462,138601,6,3139,2,7200,1.00191143676
135457,135469,138359,12,2890,2,7200,1.00415224913
135460,135474,135475,14,1,1,1800,1.5
135493,135500,138591,7,3091,2,7200,1.00226463928
135615,135621,135623,6,2,1,1800,1.0
135646,135654,135665,8,11,1,1800,1.72727272727
135748,135755,138666,7,2911,2,7200,1.00240467193
135763,135770,138506,7,2736,2,7200,1.00255847953
135765,135775,139157,10,3382,2,7200,1.00295683028
135779,135785,138640,6,2855,2,7200,1.00210157618
135811,135817,135818,6,1,1,1800,1.0
135825,135831,139005,6,3174,2,7200,1.00189035917
135858,135864,138947,6,3083,2,7200,1.00194615634
136004,136010,138966,6,2956,2,7200,1.00202976996
136116,136122,136146,6,24,1,1800,1.25
136214,136221,139529,7,3308,2,7200,1.00211608222
136229,136235,139229,6,2994,2,7200,1.00200400802
136271,136277,139430,6,3153,2,7200,1.00190294957
136311,136317,136318,6,1,1,1800,1.0
136314,136324,139067,10,2743,2,7200,1.00364564346
136329,136335,139429,6,3094,2,7200,1.00193923723
136344,136350,139360,6,3010,2,7200,1.00199335548
136364,136370,136372,6,2,1,1800,1.0
136407,136415,139180,8,2765,2,7200,1.00289330922
136420,136427,136428,7,1,1,1800,1.0
136453,136460,139598,7,3138,2,7200,1.0022307202
136465,136471,136472,6,1,1,1800,1.0
136468,136478,139465,10,2987,2,7200,1.00334784064
136593,136599,137179,6,580,1,3600,1.01034482759
136693,136699,136701,6,2,1,3600,1.0
136699,136711,139865,12,3154,2,7200,1.00380469245
136709,145061,300629,8352,155568,1,259200,1.0536871336
136809,136815,136945,6,130,1,3600,1.04615384615
136948,136955,139970,7,3015,2,7200,1.00232172471
137064,137071,139867,7,2796,2,7200,1.00250357654
137083,137090,137414,7,324,1,3600,1.02160493827
137097,137104,140119,7,3015,2,7200,1.00232172471
137293,137300,140363,7,3063,2,7200,1.00228534117
137311,137318,140460,7,3142,2,7200,1.00222788033
137348,137355,140391,7,3036,2,7200,1.00230566535
137403,137409,140544,6,3135,2,7200,1.0019138756
137418,137425,140517,7,3092,2,7200,1.00226390686
137469,137477,140444,8,2967,2,7200,1.00269632626
137496,137503,140452,7,2949,2,7200,1.002373686
137636,137642,140548,6,2906,2,7200,1.00206469374
137677,137684,138336,7,652,1,3600,1.01073619632
137694,137700,140697,6,2997,2,7200,1.002002002
137712,137718,141069,6,3351,2,7200,1.0017905103
137719,141725,142848,4006,1123,2,14400,4.56723063224
137739,137745,140645,6,2900,2,7200,1.00206896552
137754,137760,140599,6,2839,2,7200,1.00211342022
137799,137806,140859,7,3053,2,7200,1.00229282673
137910,137916,138452,6,536,1,1800,1.01119402985
137966,137972,141209,6,3237,2,7200,1.00185356812
138033,138039,141229,6,3190,2,7200,1.00188087774
138211,138217,138218,6,1,1,1800,1.0
138256,138262,141088,6,2826,2,7200,1.00212314225
138363,138369,141595,6,3226,2,7200,1.00185988841
138510,138517,141623,7,3106,2,7200,1.00225370251
138593,138600,141711,7,3111,2,7200,1.00225008036
138608,138614,141880,6,3266,2,7200,1.00183710961
138641,138648,141458,7,2810,2,7200,1.0024911032
138670,138676,141399,6,2723,2,7200,1.00220345207
138745,138751,139068,6,317,6,7200,1.01892744479
138915,138921,149056,6,10135,1,86400,1.00059200789
138949,138955,141633,6,2678,2,7200,1.00224047797
138967,138973,142077,6,3104,2,7200,1.00193298969
139008,139015,142000,7,2985,2,7200,1.00234505863
139069,139076,141947,7,2871,2,7200,1.00243817485
139161,139167,142103,6,2936,2,7200,1.00204359673
139182,139189,142338,7,3149,2,7200,1.00222292791
139228,139234,142008,6,2774,2,7200,1.0021629416
139362,139368,142568,6,3200,2,7200,1.001875
139433,139439,142765,6,3326,2,7200,1.00180396873
139434,139446,142300,12,2854,2,7200,1.00420462509
139469,139477,142544,8,3067,2,7200,1.00260841213
139529,141606,142466,2077,860,6,7200,3.41511627907
139531,139537,142804,6,3267,2,7200,1.00183654729
139598,139604,142722,6,3118,2,7200,1.00192431046
139615,139622,143249,7,3627,1,3600,1.00192996967
139781,175490,177363,35709,1873,4,36000,20.0651361452
139870,139876,142976,6,3100,2,7200,1.00193548387
139872,139884,142886,12,3002,2,7200,1.00399733511
139973,139980,142989,7,3009,2,7200,1.00232635427
140123,140129,143195,6,3066,2,7200,1.00195694716
140350,155551,159616,15201,4065,25,7199,4.73948339483
140364,140371,143473,7,3102,2,7200,1.00225660864
140394,140400,143496,6,3096,2,7200,1.0019379845
140447,140454,143346,7,2892,2,7200,1.00242047026
140462,140470,143303,8,2833,2,7200,1.00282386163
140464,140477,143611,13,3134,2,7200,1.00414805361
140518,140524,143308,6,2784,2,7200,1.00215517241
140545,140552,143586,7,3034,2,7200,1.00230718523
140560,140567,143426,7,2859,2,7200,1.00244840853
140599,140605,143681,6,3076,2,7200,1.00195058518
140648,140655,143678,7,3023,2,7200,1.00231558055
140699,140705,143919,6,3214,2,7200,1.00186683261
140866,140877,143869,11,2992,2,7200,1.00367647059
141071,141077,144209,6,3132,2,7200,1.00191570881
141089,141096,144061,7,2965,2,7200,1.0023608769
141212,141218,144239,6,3021,2,7200,1.00198609732
141230,141237,144221,7,2984,2,7200,1.0023458445
141405,141411,144367,6,2956,2,7200,1.00202976996
141461,141467,144387,6,2920,2,7200,1.00205479452
141599,141612,144484,13,2872,2,7200,1.0045264624
141623,141630,144645,7,3015,2,7200,1.00232172471
141638,141644,144998,6,3354,2,7200,1.00178890877
141711,141718,144734,7,3016,2,7200,1.00232095491
141855,142482,142506,627,24,1,1800,27.125
141886,141892,144666,6,2774,2,7200,1.0021629416
141951,141958,144797,7,2839,2,7200,1.00246565692
142002,142009,145213,7,3204,2,7200,1.00218476904
142017,142024,144880,7,2856,2,7200,1.00245098039
142081,142088,145331,7,3243,2,7200,1.00215849522
142105,142111,145173,6,3062,2,7200,1.00195950359
142304,142311,145270,7,2959,2,7200,1.00236566408
142340,142346,145233,6,2887,2,7200,1.00207828195
142353,142476,142521,123,45,1,3600,3.73333333333
142547,142554,145701,7,3147,2,7200,1.00222434064
142571,142577,145446,6,2869,2,7200,1.00209132102
142630,142636,142778,6,142,1,3600,1.04225352113
142699,144885,144886,2186,1,1,86400,218.7
142699,144921,144922,2222,1,1,86400,222.3
142699,144909,144910,2210,1,1,86400,221.1
142700,144980,144981,2280,1,1,86400,228.1
142701,145041,145042,2340,1,1,86400,234.1
142701,144992,144993,2291,1,1,86400,229.2
142701,145004,145005,2303,1,1,86400,230.4
142702,145053,145054,2351,1,1,86400,235.2
142702,145079,145080,2377,1,1,86400,237.8
142703,145115,145116,2412,1,1,86400,241.3
142703,145139,145140,2436,1,1,86400,243.7
142703,145127,145128,2424,1,1,86400,242.5
142704,145188,145189,2484,1,1,86400,248.5
142705,145221,145222,2516,1,1,86400,251.7
142705,145235,145236,2530,1,1,86400,253.1
142705,145249,145250,2544,1,1,86400,254.5
142706,145299,145300,2593,1,1,86400,259.4
142706,145287,145288,2581,1,1,86400,258.2
142706,145273,145274,2567,1,1,86400,256.8
142707,145377,145378,2670,1,1,86400,267.1
142707,145389,145390,2682,1,1,86400,268.3
142707,145339,145340,2632,1,1,86400,263.3
142708,145401,145402,2693,1,1,86400,269.4
142708,145424,145425,2716,1,1,86400,271.7
142708,145436,145437,2728,1,1,86400,272.9
142709,145484,145485,2775,1,1,86400,277.6
142709,145496,145497,2787,1,1,86400,278.8
142709,145472,145473,2763,1,1,86400,276.4
142710,145520,145521,2810,1,1,86400,281.1
142711,145629,145630,2918,1,1,86400,291.9
142711,145641,145642,2930,1,1,86400,293.1
142711,145606,145607,2895,1,1,86400,289.6
142712,145704,145705,2992,1,1,86400,299.3
142712,145669,145670,2957,1,1,86400,295.8
142712,145692,145693,2980,1,1,86400,298.1
142713,145756,145757,3043,1,1,86400,304.4
142713,145768,145769,3055,1,1,86400,305.6
142714,145833,145834,3119,1,1,86400,312.0
142714,145845,145846,3131,1,1,86400,313.2
142714,145809,145810,3095,1,1,86400,309.6
142714,145821,145822,3107,1,1,86400,310.8
142715,145893,145894,3178,1,1,86400,317.9
142715,145905,145906,3190,1,1,86400,319.1
142715,145881,145882,3166,1,1,86400,316.7
142715,145917,145918,3202,1,1,86400,320.3
142715,145869,145870,3154,1,1,86400,315.5
142716,145929,145930,3213,1,1,86400,321.4
142716,145941,145942,3225,1,1,86400,322.6
142716,145953,145954,3237,1,1,86400,323.8
142716,145976,145977,3260,1,1,86400,326.1
142716,145988,145989,3272,1,1,86400,327.3
142717,146050,146051,3333,1,1,86400,333.4
142717,146038,146039,3321,1,1,86400,332.2
142717,146000,146001,3283,1,1,86400,328.4
142718,146075,146076,3357,1,1,86400,335.8
142718,146087,146088,3369,1,1,86400,337.0
142718,146099,146100,3381,1,1,86400,338.2
142718,146111,146112,3393,1,1,86400,339.4
142719,146123,146124,3404,1,1,86400,340.5
142719,146183,146184,3464,1,1,86400,346.5
142719,146159,146160,3440,1,1,86400,344.1
142719,146147,146148,3428,1,1,86400,342.9
142719,146135,146136,3416,1,1,86400,341.7
142720,146195,146196,3475,1,1,86400,347.6
142720,146207,146208,3487,1,1,86400,348.8
142720,146231,146232,3511,1,1,86400,351.2
142720,146219,146220,3499,1,1,86400,350.0
142721,146308,146309,3587,1,1,86400,358.8
142721,146292,146294,3571,2,1,86400,357.3
142721,146280,146281,3559,1,1,86400,356.0
142721,146267,146268,3546,1,1,86400,354.7
142721,146255,146256,3534,1,1,86400,353.5
142722,146344,146345,3622,1,1,86400,362.3
142722,146320,146321,3598,1,1,86400,359.9
142722,146332,146333,3610,1,1,86400,361.1
142722,146356,146357,3634,1,1,86400,363.5
142723,146419,146420,3696,1,1,86400,369.7
142724,142730,145739,6,3009,2,7200,1.00199401795
142724,146479,146480,3755,1,1,86400,375.6
142724,146455,146456,3731,1,1,86400,373.2
142724,146443,146444,3719,1,1,86400,372.0
142767,142776,146022,9,3246,2,7200,1.00277264325
142807,142813,145765,6,2952,2,7200,1.00203252033
142885,142891,145797,6,2906,2,7200,1.00206469374
142978,142985,146295,7,3310,2,7200,1.00211480363
142993,142999,146046,6,3047,2,7200,1.00196914998
143195,143202,146236,7,3034,2,7200,1.00230718523
143211,159686,170244,16475,10558,25,10555,2.56042811138
143252,143269,146915,17,3646,1,3600,1.00466264399
143306,143312,146634,6,3322,2,7200,1.00180614088
143321,143328,146387,7,3059,2,7200,1.00228832952
143349,143355,146402,6,3047,2,7200,1.00196914998
143375,144891,146711,1516,1820,3,1800,1.83296703297
143427,143434,146263,7,2829,2,7200,1.00247437257
143473,143479,146499,6,3020,2,7200,1.00198675497
143497,143503,146532,6,3029,2,7200,1.00198085177
143587,143594,146631,7,3037,2,7200,1.00230490616
143614,143621,146719,7,3098,2,7200,1.00225952227
143680,143686,146717,6,3031,2,7200,1.0019795447
143695,143701,146870,6,3169,2,7200,1.00189334175
143873,143879,147053,6,3174,2,7200,1.00189035917
143873,143884,143892,11,8,1,3600,1.9
143921,143927,147103,6,3176,2,7200,1.00188916877
143997,144004,144135,7,131,1,3600,1.0534351145
144065,144070,146764,5,2694,2,7200,1.00185597624
144210,144217,147336,7,3119,2,7200,1.00224430907
144225,144231,147297,6,3066,2,7200,1.00195694716
144239,144246,147233,7,2987,2,7200,1.00234348845
144325,144331,144637,6,306,1,3600,1.01960784314
144370,144376,147477,6,3101,2,7200,1.00193485972
144389,144396,146968,7,2572,2,7200,1.00272161742
144487,144493,147905,6,3412,2,7200,1.00175849941
144515,144521,146798,6,2277,1,3600,1.00263504611
144648,144654,147686,6,3032,2,7200,1.00197889182
144670,144677,147591,7,2914,2,7200,1.00240219629
144737,144744,147608,7,2864,2,7200,1.00244413408
144738,144828,144837,90,9,2,3600,9.9
144799,144809,147690,10,2881,2,7200,1.00347101701
144881,144903,148031,22,3128,2,7200,1.00703324808
145000,145012,147885,12,2873,2,7200,1.00417681866
145029,172165,208178,27136,36013,16,36000,1.7535056785
145176,145182,148013,6,2831,2,7200,1.00211939244
145217,145228,148402,11,3174,2,7200,1.00346565848
145236,145243,148529,7,3286,2,7200,1.00213024954
145273,145281,148517,8,3236,2,7200,1.00247218789
145334,145347,147936,13,2589,2,7200,1.00502124372
145447,145454,148545,7,3091,2,7200,1.00226463928
145574,181529,181532,35955,3,4,172800,3595.8
145575,145588,148597,13,3009,1,7200,1.00432037222
145645,145651,146304,6,653,1,3600,1.00918836141
145667,145724,151715,57,5991,4,14400,1.00951427141
145703,145711,149032,8,3321,2,7200,1.00240891298
145740,145750,148503,10,2753,2,7200,1.00363240102
145767,145775,149027,8,3252,2,7200,1.0024600246
145797,145803,149058,6,3255,2,7200,1.00184331797
145853,181543,181544,35690,1,4,172800,3569.1
146011,181555,184898,35544,3343,4,36000,11.6323661382
146023,146032,149162,9,3130,2,7200,1.00287539936
146047,146057,148746,10,2689,2,7200,1.00371885459
146237,146249,149212,12,2963,2,7200,1.00404994938
146264,146274,149346,10,3072,2,7200,1.00325520833
146295,146302,149367,7,3065,2,7200,1.00228384992
146388,146400,149114,12,2714,2,7200,1.00442151805
146403,146413,149503,10,3090,2,7200,1.00323624595
146500,146506,149728,6,3222,2,7200,1.00186219739
146533,146540,149748,7,3208,2,7200,1.00218204489
146633,146640,149436,7,2796,2,7200,1.00250357654
146648,146654,149647,6,2993,2,7200,1.00200467758
146709,180660,181523,33951,863,6,7200,40.3406720742
146720,146726,149749,6,3023,2,7200,1.00198478333
146721,146733,149578,12,2845,2,7200,1.00421792619
146767,146773,149927,6,3154,2,7200,1.00190234623
146785,146791,150359,6,3568,2,14400,1.00168161435
146813,149070,233433,2257,84363,1,86400,1.02675343456
146872,146879,149800,7,2921,2,7200,1.00239643958
146965,146973,150582,8,3609,3,3600,1.00221668052
146969,146979,150127,10,3148,2,7200,1.00317662008
147053,147060,149988,7,2928,2,7200,1.00239071038
147104,147110,150192,6,3082,2,7200,1.0019467878
147234,147240,150129,6,2889,2,7200,1.0020768432
147297,147304,150204,7,2900,2,7200,1.0024137931
147337,147344,150295,7,2951,2,7200,1.00237207726
147478,147485,150113,7,2628,2,7200,1.00266362253
147509,147516,148583,7,1067,1,7200,1.00656044986
147590,147598,150687,8,3089,2,7200,1.0025898349
147608,147615,150686,7,3071,2,7200,1.00227938782
147687,147694,150714,7,3020,2,7200,1.00231788079
147691,152790,152832,5099,42,8,3540,122.404761905
147702,147709,150941,7,3232,2,7200,1.00216584158
147886,147893,150907,7,3014,2,7200,1.00232249502
147907,147913,151105,6,3192,2,7200,1.00187969925
147937,147944,150961,7,3017,2,7200,1.00232018561
148015,148021,151206,6,3185,2,7200,1.00188383046
148020,152026,152170,4006,144,4,7200,28.8194444444
148020,152493,152778,4473,285,4,7200,16.6947368421
148020,152182,152482,4162,300,4,7200,14.8733333333
148033,148040,151171,7,3131,2,7200,1.00223570744
148375,148594,152024,219,3430,1,7200,1.0638483965
148405,148412,151720,7,3308,2,7200,1.00211608222
148504,148511,151759,7,3248,2,7200,1.00215517241
148519,148525,151228,6,2703,2,7200,1.00221975583
148534,148541,151575,7,3034,2,7200,1.00230718523
148549,148556,151725,7,3169,2,7200,1.00220889871
148599,148607,153379,8,4772,1,7200,1.00167644593
148716,184908,187472,36192,2564,4,36000,15.1154446178
148731,148759,152016,28,3257,1,7200,1.00859686828
148747,187483,190877,38736,3394,4,36000,12.4130819093
148748,148753,151892,5,3139,2,7200,1.00159286397
148757,190889,195127,42132,4238,4,36000,10.9414818311
148763,191371,194559,42608,3188,4,36000,14.365119197
148782,194578,200061,45796,5483,4,36000,9.3523618457
148861,158502,158504,9641,2,1,86400,964.3
149028,149035,152302,7,3267,2,7200,1.00214263851
149043,149050,151930,7,2880,2,7200,1.00243055556
149058,149064,152128,6,3064,2,7200,1.00195822454
149115,149121,152079,6,2958,2,7200,1.00202839757
149160,149167,152311,7,3144,2,7200,1.0022264631
149177,149183,152219,6,3036,1,7200,1.00197628458
149215,149221,152280,6,3059,2,7200,1.0019614253
149347,149354,152147,7,2793,2,7200,1.00250626566
149368,149374,152387,6,3013,2,7200,1.00199137073
149438,149444,152043,6,2599,2,7200,1.00230858022
149504,149510,152562,6,3052,2,7200,1.00196592398
149579,149587,152339,8,2752,2,7200,1.00290697674
149604,149815,151831,211,2016,1,3600,1.10466269841
149649,149655,152935,6,3280,2,7200,1.00182926829
149696,150372,164794,676,14422,2,14400,1.04687283317
149730,149736,152570,6,2834,2,7200,1.00211714891
149745,149751,152982,6,3231,2,7200,1.00185701021
149760,149766,152688,6,2922,2,7200,1.00205338809
149802,149808,152947,6,3139,2,7200,1.00191143676
149929,149936,152675,7,2739,2,7200,1.00255567725
149931,182861,309367,32930,126506,6,165600,1.26030385911
149989,149996,153260,7,3264,2,7200,1.00214460784
150113,150120,153324,7,3204,2,7200,1.00218476904
150128,150135,153081,7,2946,2,7200,1.00237610319
150137,176773,182850,26636,6077,4,14400,5.38308375843
150137,195158,195216,45021,58,4,14400,777.224137931
150138,195229,195273,45091,44,4,14400,1025.79545455
150139,195286,195330,45147,44,4,14400,1027.06818182
150142,150150,153450,8,3300,2,7200,1.00242424242
150194,150200,152886,6,2686,2,7200,1.00223380491
150208,150215,153084,7,2869,2,7200,1.00243987452
150296,150302,153136,6,2834,2,7200,1.00211714891
150689,150695,153624,6,2929,2,7200,1.00204848071
150690,150702,153985,12,3283,2,7200,1.00365519342
150691,155581,158480,4890,2899,2,14400,2.68678854778
150714,150721,153622,7,2901,2,7200,1.00241296105
150910,150916,153895,6,2979,2,7200,1.00201409869
150943,150949,154159,6,3210,2,7200,1.00186915888
150964,150971,154033,7,3062,2,7200,1.00228608752
151106,151113,153788,7,2675,2,7200,1.00261682243
151172,151179,153900,7,2721,2,7200,1.00257258361
151208,151216,153883,8,2667,2,7200,1.00299962505
151229,151236,154365,7,3129,2,7200,1.00223713647
151577,151583,154421,6,2838,2,7200,1.0021141649
151600,158497,444857,6897,286360,1,576000,1.02408506775
151723,151730,154973,7,3243,2,7200,1.00215849522
151738,151744,154925,6,3181,2,7200,1.00188619931
151759,151765,154659,6,2894,2,7200,1.00207325501
151827,195140,195145,43313,5,4,14400,4331.8
151894,151900,154875,6,2975,2,7200,1.00201680672
151933,151939,154898,6,2959,2,7200,1.00202771206
152044,152050,155099,6,3049,2,7200,1.00196785831
152082,152089,155295,7,3206,2,7200,1.00218340611
152130,152137,154835,7,2698,2,7200,1.00259451446
152148,152154,155231,6,3077,2,7200,1.00194995125
152247,152253,152296,6,43,1,3600,1.13953488372
152282,152288,155223,6,2935,2,7200,1.00204429302
152293,152628,213800,335,61172,1,86400,1.00547636173
152303,152309,155566,6,3257,2,7200,1.00184218606
152318,152324,155182,6,2858,2,7200,1.00209937019
152342,152348,155368,6,3020,2,7200,1.00198675497
152390,152396,155510,6,3114,2,7200,1.00192678227
152406,152413,152551,7,138,1,3600,1.05072463768
152563,152569,155552,6,2983,2,7200,1.00201139792
152578,152585,155769,7,3184,2,7200,1.00219849246
152671,152677,155590,6,2913,2,7200,1.00205973223
152689,152696,155283,7,2587,2,7200,1.00270583688
152698,152705,153036,7,331,1,3600,1.02114803625
152888,152894,155944,6,3050,2,7200,1.00196721311
152934,152941,156157,7,3216,2,7200,1.00217661692
152948,152955,156189,7,3234,2,7200,1.00216450216
152981,152988,156065,7,3077,2,7200,1.00227494313
153082,153089,155967,7,2878,2,7200,1.00243224461
153084,153095,155819,11,2724,2,7200,1.00403817915
153138,153144,156151,6,3007,2,7200,1.0019953442
153262,153268,156278,6,3010,2,7200,1.00199335548
153311,153317,154054,6,737,1,3600,1.00814111262
153325,153331,156017,6,2686,2,7200,1.00223380491
153452,153460,156487,8,3027,2,7200,1.00264288074
153625,153632,156739,7,3107,2,7200,1.00225297715
153626,153639,156064,13,2425,2,7200,1.00536082474
153789,153796,156867,7,3071,2,7200,1.00227938782
153886,153893,156929,7,3036,2,7200,1.00230566535
153901,153908,156948,7,3040,2,7200,1.00230263158
153902,153915,156599,13,2684,2,7200,1.00484351714
153986,153993,157104,7,3111,2,7200,1.00225008036
154034,154042,157337,8,3295,2,7200,1.00242792109
154163,154170,157031,7,2861,2,7200,1.00244669696
154366,154373,157195,7,2822,2,7200,1.00248051028
154423,154430,157670,7,3240,2,7200,1.00216049383
154586,154593,155541,7,948,1,3600,1.00738396624
154661,154667,157394,6,2727,2,7200,1.00220022002
154836,154842,158091,6,3249,2,7200,1.00184672207
154878,154884,157526,6,2642,2,7200,1.00227100681
154899,154905,157523,6,2618,2,7200,1.00229182582
154926,154932,157950,6,3018,2,7200,1.00198807157
154974,154981,158063,7,3082,2,7200,1.00227125243
155101,155107,158203,6,3096,2,7200,1.0019379845
155183,155189,158471,6,3282,2,7200,1.00182815356
155225,155231,157982,6,2751,2,7200,1.00218102508
155239,155245,158396,6,3151,2,7200,1.00190415741
155284,155292,158262,8,2970,2,7200,1.00269360269
155299,155306,158467,7,3161,2,7200,1.00221448909
155369,155375,158627,6,3252,2,7200,1.00184501845
155510,155518,158600,8,3082,2,7200,1.00259571707
155553,155559,158816,6,3257,2,7200,1.00184218606
155567,155574,158945,7,3371,2,7200,1.00207653515
155591,155598,158687,7,3089,2,7200,1.00226610554
155770,155776,158893,6,3117,2,7200,1.00192492782
155821,155828,158934,7,3106,2,7200,1.00225370251
155944,155951,159071,7,3120,2,7200,1.00224358974
155968,155975,158866,7,2891,2,7200,1.00242130751
156016,156023,158522,7,2499,2,7200,1.00280112045
156065,156072,158975,7,2903,2,7200,1.00241129866
156066,156079,159336,13,3257,2,7200,1.00399140313
156154,156161,159338,7,3177,2,7200,1.00220333648
156168,156176,158967,8,2791,2,7200,1.00286635614
156190,156196,159219,6,3023,2,7200,1.00198478333
156280,156287,159335,7,3048,2,7200,1.00229658793
156488,156494,159381,6,2887,2,7200,1.00207828195
156600,156607,159208,7,2601,2,7200,1.00269127259
156742,156748,159488,6,2740,2,7200,1.00218978102
156869,156876,159529,7,2653,2,7200,1.00263852243
156932,156939,160018,7,3079,2,7200,1.00227346541
156950,156956,159679,6,2723,2,7200,1.00220345207
157031,157037,159704,6,2667,2,7200,1.00224971879
157106,157114,159975,8,2861,2,7200,1.0027962251
157197,157204,160009,7,2805,2,7200,1.00249554367
157339,157346,160489,7,3143,2,7200,1.00222717149
157396,157402,160511,6,3109,2,7200,1.00192988099
157523,157529,160620,6,3091,2,7200,1.00194111938
157538,157545,160887,7,3342,2,7200,1.00209455416
157671,157677,160881,6,3204,2,7200,1.00187265918
157952,157959,161015,7,3056,2,7200,1.00229057592
157985,157991,160998,6,3007,2,7200,1.0019953442
158063,158070,160681,7,2611,2,7200,1.00268096515
158090,158097,161273,7,3176,2,7200,1.00220403023
158205,158211,161457,6,3246,2,7200,1.00184842884
158265,158272,161480,7,3208,2,7200,1.00218204489
158398,158405,161641,7,3236,2,7200,1.0021631644
158467,158473,161584,6,3111,2,7200,1.00192864031
158482,158489,161100,7,2611,2,7200,1.00268096515
158524,158556,161739,32,3183,2,7200,1.01005340873
158603,158610,161584,7,2974,2,7200,1.00235373235
158630,158636,161618,6,2982,2,7200,1.00201207243
158687,158693,161651,6,2958,2,7200,1.00202839757
158816,158822,161705,6,2883,2,7200,1.00208116545
158867,158873,161742,6,2869,2,7200,1.00209132102
158894,158900,161768,6,2868,2,7200,1.00209205021
158936,158943,162059,7,3116,2,7200,1.00224646983
158951,158957,162051,6,3094,2,7200,1.00193923723
158969,158976,162271,7,3295,2,7200,1.00212443096
158984,158990,162063,6,3073,2,7200,1.00195248942
159071,159078,161904,7,2826,2,7200,1.00247699929
159210,159216,162223,6,3007,2,7200,1.0019953442
159225,159232,161901,7,2669,2,7200,1.00262270513
159337,159344,162481,7,3137,2,7200,1.0022314313
159339,159351,162354,12,3003,2,7200,1.003996004
159353,159360,161882,7,2522,2,7200,1.00277557494
159384,159390,162074,6,2684,2,7200,1.00223546945
159489,159496,162561,7,3065,2,7200,1.00228384992
159529,159536,162628,7,3092,2,7200,1.00226390686
159680,159692,162465,12,2773,2,7200,1.0043274432
159707,159713,162846,6,3133,2,7200,1.00191509735
159978,159985,163144,7,3159,2,7200,1.0022158911
160011,160017,163043,6,3026,2,7200,1.0019828156
160026,160032,162614,6,2582,2,7200,1.00232378002
160491,160498,163384,7,2886,2,7200,1.00242550243
160512,160518,163744,6,3226,2,7200,1.00185988841
160620,160627,163666,7,3039,2,7200,1.00230338927
160684,160690,163841,6,3151,2,7200,1.00190415741
160883,160889,163599,6,2710,2,7200,1.00221402214
160898,160904,164063,6,3159,2,7200,1.00189933523
161000,161007,163839,7,2832,2,7200,1.00247175141
161015,161021,164081,6,3060,2,7200,1.00196078431
161100,161106,164069,6,2963,2,7200,1.00202497469
161275,161281,164473,6,3192,2,7200,1.00187969925
161459,161465,164716,6,3251,2,7200,1.00184558597
161483,161490,164541,7,3051,2,7200,1.00229432973
161586,161592,164838,6,3246,2,7200,1.00184842884
161587,161599,164259,12,2660,2,7200,1.0045112782
161620,161626,164861,6,3235,2,7200,1.00185471406
161641,161647,164933,6,3286,2,7200,1.00182592818
161656,161662,164828,6,3166,2,7200,1.00189513582
161707,161714,164688,7,2974,2,7200,1.00235373235
161740,161746,164988,6,3242,2,7200,1.00185070944
161755,161761,164901,6,3140,2,7200,1.00191082803
161770,161776,164857,6,3081,2,7200,1.00194741967
161884,161890,164917,6,3027,2,7200,1.00198216056
161900,161907,165141,7,3234,2,7200,1.00216450216
161914,161921,165101,7,3180,2,7200,1.00220125786
162053,162060,165473,7,3413,2,7200,1.00205098154
162069,162075,165180,6,3105,2,7200,1.00193236715
162070,162081,165020,11,2939,2,7200,1.00374276965
162085,162092,165323,7,3231,2,7200,1.00216651192
162224,162231,165353,7,3122,2,7200,1.00224215247
162272,162279,164670,7,2391,2,7200,1.00292764534
162356,162362,164958,6,2596,2,7200,1.00231124807
162465,162472,165458,7,2986,2,7200,1.00234427328
162483,162489,165526,6,3037,2,7200,1.00197563385
162561,162568,165370,7,2802,2,7200,1.00249821556
162615,162622,165025,7,2403,2,7200,1.00291302538
162630,162637,165443,7,2806,2,7200,1.00249465431
162848,162854,165514,6,2660,2,7200,1.0022556391
163044,163051,166057,7,3006,2,7200,1.00232867598
163144,163151,166179,7,3028,2,7200,1.00231175694
163183,164840,164842,1657,2,2,3540,165.9
163385,163392,166113,7,2721,2,7200,1.00257258361
163412,164807,164810,1395,3,1,900,139.8
163599,163606,166874,7,3268,2,7200,1.00214198286
163669,163676,166160,7,2484,2,7200,1.00281803543
163744,163751,166691,7,2940,2,7200,1.00238095238
163840,163848,166629,8,2781,2,7200,1.00287666307
163842,163855,166725,13,2870,2,7200,1.00452961672
164065,164071,167196,6,3125,2,7200,1.00192
164080,164086,167263,6,3177,2,7200,1.00188857413
164082,164093,166946,11,2853,2,7200,1.00385559061
164260,164267,167329,7,3062,2,7200,1.00228608752
164474,164484,167174,10,2690,2,7200,1.00371747212
164544,164551,167544,7,2993,2,7200,1.00233879051
164670,164678,167145,8,2467,2,7200,1.00324280503
164688,164695,167366,7,2671,2,7200,1.0026207413
164718,164725,167738,7,3013,2,7200,1.00232326585
164830,164845,167970,15,3125,2,7200,1.0048
164845,164851,167371,6,2520,2,7200,1.00238095238
164860,164866,168061,6,3195,2,7200,1.00187793427
164875,164881,168113,6,3232,2,7200,1.00185643564
164902,164908,167730,6,2822,2,7200,1.00212615167
164917,164924,168276,7,3352,2,7200,1.00208830549
164935,164941,168252,6,3311,2,7200,1.00181214135
164959,164965,167526,6,2561,2,7200,1.00234283483
164989,164995,168259,6,3264,2,7200,1.00183823529
165022,165028,167562,6,2534,2,7200,1.00236779795
165037,165043,168098,6,3055,2,7200,1.00196399345
165103,165109,168233,6,3124,2,7200,1.0019206146
165142,165148,167766,6,2618,2,7200,1.00229182582
165172,165179,167287,7,2108,3,3600,1.00332068311
165181,165187,168463,6,3276,2,7200,1.00183150183
165323,165330,168323,7,2993,2,7200,1.00233879051
165353,165360,168604,7,3244,2,7200,1.00215782984
165371,165377,168431,6,3054,2,7200,1.00196463654
165443,165450,168588,7,3138,2,7200,1.0022307202
165458,165464,168669,6,3205,2,7200,1.00187207488
165473,165479,168511,6,3032,2,7200,1.00197889182
165515,165522,168574,7,3052,2,7200,1.00229357798
165526,170255,172154,4729,1899,25,7199,3.49025803054
165530,165537,168688,7,3151,2,7200,1.00222151698
166059,166066,169085,7,3019,2,7200,1.00231864856
166113,166119,169202,6,3083,2,7200,1.00194615634
166162,166168,169253,6,3085,2,7200,1.00194489465
166180,166186,169112,6,2926,2,7200,1.002050581
166629,166636,169584,7,2948,2,7200,1.00237449118
166693,166699,169796,6,3097,2,7200,1.00193735873
166726,166733,169799,7,3066,2,7200,1.00228310502
166877,166884,170050,7,3166,2,7200,1.00221099179
166949,166955,170182,6,3227,2,7200,1.00185931205
167145,167152,170624,7,3472,2,7200,1.00201612903
167175,167182,170470,7,3288,2,7200,1.00212895377
167199,167206,170302,7,3096,2,7200,1.00226098191
167266,167272,170378,6,3106,2,7200,1.00193174501
167332,167339,169901,7,2562,2,7200,1.00273224044
167368,167375,170667,7,3292,2,7200,1.00212636695
167383,167390,170614,7,3224,2,7200,1.00217121588
167527,167533,170672,6,3139,2,7200,1.00191143676
167545,167551,170377,6,2826,2,7200,1.00212314225
167563,167570,170458,7,2888,2,7200,1.00242382271
167733,167739,170459,6,2720,2,7200,1.00220588235
167747,167754,170640,7,2886,2,7200,1.00242550243
167768,167775,170829,7,3054,2,7200,1.00229207597
167971,167977,170653,6,2676,2,7200,1.00224215247
168061,168068,170574,7,2506,2,7200,1.00279329609
168101,168107,171040,6,2933,2,7200,1.00204568701
168116,168123,171213,7,3090,2,7200,1.00226537217
168233,168240,171339,7,3099,2,7200,1.00225879316
168254,168260,171655,6,3395,2,7200,1.00176730486
168269,168275,170679,6,2404,2,7200,1.00249584027
168284,168291,171133,7,2842,2,7200,1.00246305419
168323,168330,171571,7,3241,2,7200,1.00215982721
168432,168440,171296,8,2856,2,7200,1.00280112045
168465,168472,171359,7,2887,2,7200,1.00242466228
168513,168519,170858,6,2339,2,7200,1.0025651988
168576,168582,171441,6,2859,2,7200,1.00209863589
168591,168597,171635,6,3038,2,7200,1.00197498354
168606,168612,171884,6,3272,2,7200,1.00183374083
168669,168675,171978,6,3303,2,7200,1.00181653043
168690,168696,171616,6,2920,2,7200,1.00205479452
168979,168985,170683,6,1698,1,3600,1.0035335689
169086,169092,171937,6,2845,2,7200,1.00210896309
169113,169119,172286,6,3167,2,7200,1.00189453742
169204,169211,172139,7,2928,2,7200,1.00239071038
169255,169261,172292,6,3031,2,7200,1.0019795447
169587,169594,172909,7,3315,2,7200,1.00211161388
169799,169806,173089,7,3283,2,7200,1.00213219616
169800,169813,172363,13,2550,2,7200,1.00509803922
169903,169910,173061,7,3151,2,7200,1.00222151698
170050,170058,173344,8,3286,2,7200,1.00243457091
170183,170191,173242,8,3051,2,7200,1.00262209112
170304,170311,173156,7,2845,2,7200,1.00246045694
170380,170386,173106,6,2720,2,7200,1.00220588235
170381,170392,173735,11,3343,2,7200,1.00329045767
170460,170467,173676,7,3209,2,7200,1.00218136491
170461,170474,173918,13,3444,2,7200,1.0037746806
170476,170483,173879,7,3396,2,7200,1.00206124853
170576,170583,173736,7,3153,2,7200,1.00222010783
170615,170621,173660,6,3039,2,7200,1.00197433366
170629,170635,173792,6,3157,2,7200,1.00190053849
170644,170651,173468,7,2817,2,7200,1.00248491303
170659,170665,173755,6,3090,2,7200,1.00194174757
170674,170681,173593,7,2912,2,7200,1.00240384615
170676,170687,173775,11,3088,2,7200,1.00356217617
170691,170697,173715,6,3018,2,7200,1.00198807157
170733,170740,171080,7,340,1,3600,1.02058823529
170832,170839,173610,7,2771,2,7200,1.00252616384
170859,170865,173455,6,2590,2,7200,1.00231660232
171040,171047,174193,7,3146,2,7200,1.00222504768
171134,171141,174090,7,2949,2,7200,1.002373686
171215,171222,174000,7,2778,2,7200,1.00251979842
171296,171302,174084,6,2782,2,7200,1.00215672178
171341,171347,174487,6,3140,2,7200,1.00191082803
171362,171368,174430,6,3062,2,7200,1.00195950359
171443,171449,174752,6,3303,2,7200,1.00181653043
171573,171579,174447,6,2868,2,7200,1.00209205021
171618,171624,174430,6,2806,2,7200,1.00213827512
171636,171642,174934,6,3292,2,7200,1.00182260024
171657,171664,174648,7,2984,2,7200,1.0023458445
171886,171894,174599,8,2705,2,7200,1.00295748614
171938,171944,175098,6,3154,2,7200,1.00190234623
171980,171986,175203,6,3217,2,7200,1.0018650917
172139,172146,175159,7,3013,2,7200,1.00232326585
172287,172294,175075,7,2781,2,7200,1.00251708019
172302,172308,175180,6,2872,2,7200,1.00208913649
172365,172371,175626,6,3255,2,7200,1.00184331797
172911,172917,175472,6,2555,2,7200,1.00234833659
173061,173068,176374,7,3306,2,7200,1.00211736237
173092,173099,176228,7,3129,2,7200,1.00223713647
173106,173114,176388,8,3274,2,7200,1.0024434942
173133,173139,176765,6,3626,1,3600,1.00165471594
173158,173165,175858,7,2693,2,7200,1.0025993316
173242,173248,176004,6,2756,2,7200,1.00217706821
173344,173350,175863,6,2513,2,7200,1.00238758456
173455,173462,176081,7,2619,2,7200,1.00267277587
173470,173477,176411,7,2934,2,7200,1.0023858214
173594,173601,176404,7,2803,2,7200,1.0024973243
173612,173619,176686,7,3067,2,7200,1.00228236061
173663,173669,176758,6,3089,2,7200,1.00194237617
173678,173685,176903,7,3218,2,7200,1.00217526414
173717,173724,176489,7,2765,2,7200,1.00253164557
173738,173745,176942,7,3197,2,7200,1.00218955271
173739,173752,176717,13,2965,2,7200,1.00438448567
173757,173763,176550,6,2787,2,7200,1.00215285253
173775,173782,176854,7,3072,2,7200,1.00227864583
173793,173800,176640,7,2840,2,7200,1.00246478873
173865,175496,175497,1631,1,2,3540,163.2
173880,173888,177212,8,3324,2,7200,1.00240673887
173920,173927,176949,7,3022,2,7200,1.00231634679
174001,174007,177156,6,3149,2,7200,1.00190536678
174085,174091,177340,6,3249,2,7200,1.00184672207
174100,174107,176720,7,2613,2,7200,1.00267891313
174193,174200,177165,7,2965,2,7200,1.0023608769
174432,174439,177459,7,3020,2,7200,1.00231788079
174433,174446,176974,13,2528,2,7200,1.00514240506
174448,174455,177429,7,2974,2,7200,1.00235373235
174487,174493,177611,6,3118,2,7200,1.00192431046
174599,174606,178014,7,3408,2,7200,1.00205399061
174650,174656,177714,6,3058,2,7200,1.00196206671
174752,174759,177667,7,2908,2,7200,1.00240715268
174936,174943,178107,7,3164,2,7200,1.00221238938
174979,203154,204141,28175,987,8,3540,29.5460992908
175075,175081,178174,6,3093,2,7200,1.00193986421
175099,175105,178502,6,3397,2,7200,1.00176626435
175162,175169,178455,7,3286,2,7200,1.00213024954
175183,175190,178390,7,3200,2,7200,1.0021875
175204,175210,178185,6,2975,2,7200,1.00201680672
175472,175478,178081,6,2603,2,7200,1.00230503265
175629,175635,178309,6,2674,2,7200,1.00224382947
175858,175865,178196,7,2331,2,7200,1.003003003
175873,175879,178795,6,2916,2,7200,1.00205761317
176006,176012,178954,6,2942,2,7200,1.00203942896
176084,176091,179136,7,3045,2,7200,1.00229885057
176229,176236,179034,7,2798,2,7200,1.00250178699
176377,176384,179223,7,2839,2,7200,1.00246565692
176392,176399,179566,7,3167,2,7200,1.00221029365
176407,176413,179454,6,3041,2,7200,1.00197303519
176422,176429,179308,7,2879,2,7200,1.00243139979
176491,176497,179913,6,3416,2,7200,1.00175644028
176551,176557,179403,6,2846,2,7200,1.00210822207
176642,176649,179733,7,3084,2,7200,1.00226977951
176687,176694,179459,7,2765,2,7200,1.00253164557
176717,176723,179608,6,2885,2,7200,1.0020797227
176732,176739,180030,7,3291,2,7200,1.00212701307
176759,176766,179868,7,3102,2,7200,1.00225660864
176855,176862,180082,7,3220,2,7200,1.00217391304
176903,176909,179973,6,3064,2,7200,1.00195822454
176942,176949,179843,7,2894,2,7200,1.00241879751
176957,176963,179549,6,2586,2,7200,1.00232018561
176975,176982,179807,7,2825,2,7200,1.00247787611
177157,177163,180271,6,3108,2,7200,1.00193050193
177171,177178,180067,7,2889,2,7200,1.00242298373
177214,177220,180009,6,2789,2,7200,1.00215130871
177341,177348,180033,7,2685,2,7200,1.00260707635
177432,177439,180596,7,3157,2,7200,1.0022172949
177462,177469,180234,7,2765,2,7200,1.00253164557
177613,177620,180879,7,3259,2,7200,1.00214789813
177667,177673,180864,6,3191,2,7200,1.00188028831
177715,177721,180658,6,2937,2,7200,1.00204290092
178017,178023,178329,6,306,1,86400,1.01960784314
178017,178029,181151,12,3122,2,7200,1.00384368994
178084,178090,184965,6,6875,1,86400,1.00087272727
178084,178095,181000,11,2905,2,7200,1.00378657487
178108,178115,181084,7,2969,2,7200,1.00235769619
178177,178184,181156,7,2972,2,7200,1.00235531629
178192,178198,190284,6,12086,1,86400,1.00049644216
178192,178204,181300,12,3096,2,7200,1.00387596899
178207,178213,181343,6,3130,2,7200,1.00191693291
178310,178316,181342,6,3026,2,7200,1.0019828156
178334,178340,181023,6,2683,1,86400,1.00223630265
178391,178398,181164,7,2766,2,7200,1.0025307303
178457,178464,181472,7,3008,2,7200,1.00232712766
178503,178509,181776,6,3267,2,7200,1.00183654729
178796,178802,181572,6,2770,2,7200,1.00216606498
178956,178963,181629,7,2666,2,7200,1.00262565641
179037,179043,181825,6,2782,2,7200,1.00215672178
179137,179144,182339,7,3195,2,7200,1.00219092332
179224,179230,182195,6,2965,2,7200,1.00202360877
179309,179316,182656,7,3340,2,7200,1.00209580838
179405,179413,182260,8,2847,2,7200,1.00280997541
179457,179464,181782,7,2318,2,7200,1.00301984469
179472,179478,182587,6,3109,2,7200,1.00192988099
179550,179556,182700,6,3144,2,7200,1.00190839695
179568,179575,182804,7,3229,2,7200,1.00216785382
179610,179617,182708,7,3091,2,7200,1.00226463928
179734,179740,182571,6,2831,2,7200,1.00211939244
179809,179816,182238,7,2422,2,7200,1.00289017341
179843,179849,182358,6,2509,2,7200,1.00239139099
179870,179876,182528,6,2652,2,7200,1.00226244344
179915,179922,183222,7,3300,2,7200,1.00212121212
179975,179981,182511,6,2530,2,7200,1.0023715415
180011,180017,182759,6,2742,2,7200,1.00218818381
180033,180040,183309,7,3269,2,7200,1.00214132762
180034,180047,183353,13,3306,2,7200,1.0039322444
180067,180074,183094,7,3020,2,7200,1.00231788079
180085,180092,183106,7,3014,2,7200,1.00232249502
180237,180244,183175,7,2931,2,7200,1.00238826339
180273,180280,182859,7,2579,2,7200,1.00271423032
180596,180603,183447,7,2844,2,7200,1.00246132208
180660,180666,183917,6,3251,2,7200,1.00184558597
180865,180872,183787,7,2915,2,7200,1.00240137221
180880,180886,184342,6,3456,2,7200,1.00173611111
181000,181008,183531,8,2523,2,7200,1.00317082838
181085,181091,184424,6,3333,2,7200,1.00180018002
181154,181161,184373,7,3212,2,7200,1.00217932752
181169,181176,184417,7,3241,2,7200,1.00215982721
181171,181183,184359,12,3176,2,7200,1.00377833753
181301,181307,184352,6,3045,2,7200,1.00197044335
181343,181350,184055,7,2705,2,7200,1.00258780037
181344,181357,184431,13,3074,2,7200,1.00422901757
181474,181481,184609,7,3128,2,7200,1.00223785166
181574,181581,184650,7,3069,2,7200,1.00228087325
181631,181637,184650,6,3013,2,7200,1.00199137073
181780,181786,184650,6,2864,2,7200,1.00209497207
181794,181802,184650,8,2848,2,7200,1.00280898876
181828,181834,184650,6,2816,2,7200,1.00213068182
182196,182202,184650,6,2448,2,7200,1.00245098039
182239,182245,184651,6,2406,2,7200,1.00249376559
182260,182266,184651,6,2385,2,7200,1.00251572327
182341,182347,184651,6,2304,2,7200,1.00260416667
182359,182366,184651,7,2285,2,7200,1.00306345733
182513,182519,184651,6,2132,2,7200,1.00281425891
182531,182538,184651,7,2113,2,7200,1.00331282537
182571,182577,184651,6,2074,2,7200,1.00289296046
182589,182595,184651,6,2056,2,7200,1.00291828794
182658,182664,184651,6,1987,2,7200,1.00301962758
182704,182711,184651,7,1940,2,7200,1.00360824742
182705,182718,184651,13,1933,2,7200,1.00672529747
182759,182766,184651,7,1885,2,7200,1.00371352785
182805,182811,184651,6,1840,2,7200,1.00326086957
182862,182868,184651,6,1783,2,7200,1.00336511497
183095,183102,184651,7,1549,2,7200,1.00451904454
183110,183117,184651,7,1534,2,7200,1.00456323338
183177,183183,184651,6,1468,2,7200,1.00408719346
183225,183232,184651,7,1419,2,7200,1.00493305144
183310,183317,184651,7,1334,2,7200,1.00524737631
183355,183361,184651,6,1290,2,7200,1.00465116279
183449,183455,184651,6,1196,2,7200,1.00501672241
183533,183540,184651,7,1111,2,7200,1.00630063006
183790,183797,184651,7,854,2,7200,1.00819672131
183917,183924,184651,7,727,2,7200,1.00962861073
184056,184062,184651,6,589,2,7200,1.01018675722
184196,208207,208213,24011,6,16,300,2401.7
184343,184349,184651,6,302,2,7200,1.01986754967
184358,184364,184651,6,287,2,7200,1.02090592334
184373,184379,184651,6,272,2,7200,1.02205882353
184375,184385,184651,10,266,2,7200,1.03759398496
184420,184426,184651,6,225,2,7200,1.02666666667
184435,184441,184651,6,210,2,7200,1.02857142857
184436,184447,184651,11,204,2,7200,1.05392156863
184610,184616,184651,6,35,2,7200,1.17142857143
185421,185428,185459,7,31,2,7200,1.22580645161
185422,185434,185465,12,31,2,7200,1.38709677419
185423,185439,185470,16,31,2,7200,1.51612903226
185425,185444,185475,19,31,2,7200,1.61290322581
185426,185450,185481,24,31,2,7200,1.77419354839
185428,185455,185486,27,31,2,7200,1.87096774194
185429,185462,185493,33,31,2,7200,2.06451612903
185430,185467,185499,37,32,2,7200,2.15625
185432,185472,185503,40,31,2,7200,2.29032258065
185433,185478,185509,45,31,2,7200,2.45161290323
185434,185483,185514,49,31,2,7200,2.58064516129
185436,185488,185520,52,32,2,7200,2.625
185437,185494,185526,57,32,2,7200,2.78125
185439,185499,185530,60,31,2,7200,2.93548387097
185440,185504,185535,64,31,2,7200,3.06451612903
185441,185510,185541,69,31,2,7200,3.22580645161
185443,185515,185546,72,31,2,7200,3.32258064516
185444,185520,185551,76,31,2,7200,3.45161290323
185445,185526,185557,81,31,2,7200,3.61290322581
185447,185531,185562,84,31,2,7200,3.70967741935
185732,185738,188755,6,3017,2,7200,1.00198873053
185734,185745,188945,11,3200,2,7200,1.0034375
185735,185751,188742,16,2991,2,7200,1.00534938148
185736,185756,188524,20,2768,2,7200,1.00722543353
185738,185761,188680,23,2919,2,7200,1.00787941076
185739,185767,188774,28,3007,2,7200,1.00931160625
185740,185773,188599,33,2826,2,7200,1.01167728238
185742,185778,188850,36,3072,2,7200,1.01171875
185743,185784,188809,41,3025,2,7200,1.01355371901
185745,185789,188778,44,2989,2,7200,1.01472064236
185746,185794,188386,48,2592,2,7200,1.01851851852
185747,185799,188619,52,2820,2,7200,1.01843971631
185749,185805,188524,56,2719,2,7200,1.02059580728
185750,185810,188533,60,2723,2,7200,1.02203452075
185751,185815,188703,64,2888,2,7200,1.02216066482
185753,185821,188919,68,3098,2,7200,1.02194964493
185754,185826,188834,72,3008,2,7200,1.02393617021
185755,185831,188717,76,2886,2,7200,1.02633402633
185757,185836,188918,79,3082,2,7200,1.02563270604
185758,185842,188390,84,2548,2,7200,1.03296703297
185980,185986,188651,6,2665,2,7200,1.00225140713
185981,185993,189199,12,3206,2,7200,1.00374298191
185983,185998,188814,15,2816,2,7200,1.00532670455
185984,186003,188847,19,2844,2,7200,1.00668073136
185985,186008,188850,23,2842,2,7200,1.00809289233
185987,186014,189171,27,3157,2,7200,1.00855242319
185988,186020,188928,32,2908,2,7200,1.01100412655
185989,186025,189061,36,3036,2,7200,1.01185770751
185991,186031,189264,40,3233,2,7200,1.01237240953
185992,186036,189230,44,3194,2,7200,1.01377582968
185993,186041,189085,48,3044,2,7200,1.01576872536
185995,186046,189108,51,3062,2,7200,1.01665578054
185996,186052,188811,56,2759,2,7200,1.02029720913
185997,186057,189450,60,3393,2,7200,1.01768346596
185999,186062,189096,63,3034,2,7200,1.02076466711
186000,186067,188776,67,2709,2,7200,1.02473237357
186001,186073,189057,72,2984,2,7200,1.02412868633
186003,186078,188867,75,2789,2,7200,1.02689135891
186004,186083,188702,79,2619,2,7200,1.0301641848
186005,186088,189072,83,2984,2,7200,1.0278150134
188389,188395,191359,6,2964,2,7200,1.0020242915
188403,188410,191515,7,3105,2,7200,1.00225442834
188526,188533,191242,7,2709,2,7200,1.00258397933
188527,188540,191396,13,2856,2,7200,1.00455182073
188542,188549,191461,7,2912,2,7200,1.00240384615
188601,188607,191185,6,2578,2,7200,1.00232738557
188619,188626,191166,7,2540,2,7200,1.00275590551
188651,188658,191516,7,2858,2,7200,1.00244926522
188681,188688,191790,7,3102,2,7200,1.00225660864
188702,188708,191574,6,2866,2,7200,1.00209351012
188716,188723,191710,7,2987,2,7200,1.00234348845
188718,188729,191816,11,3087,2,7200,1.00356333009
188744,188751,191651,7,2900,2,7200,1.0024137931
188759,188766,191773,7,3007,2,7200,1.00232790156
188774,188780,191776,6,2996,2,7200,1.00200267023
188788,188794,191632,6,2838,2,7200,1.0021141649
188789,188801,191836,12,3035,2,7200,1.0039538715
188810,188817,191715,7,2898,2,7200,1.00241545894
188812,188823,192103,11,3280,2,7200,1.00335365854
188826,188833,191503,7,2670,2,7200,1.00262172285
188841,188848,191746,7,2898,2,7200,1.00241545894
188856,188863,191625,7,2762,2,7200,1.00253439537
188857,188869,191852,12,2983,2,7200,1.00402279584
188859,188875,191849,16,2974,2,7200,1.00537995965
188873,188882,192150,9,3268,2,7200,1.00275397797
188918,188924,191721,6,2797,2,7200,1.00214515552
188932,188938,191970,6,3032,2,7200,1.00197889182
188934,188944,191564,10,2620,2,7200,1.00381679389
188948,188955,192000,7,3045,2,7200,1.00229885057
189015,189022,189187,7,165,1,3600,1.04242424242
189059,189065,192143,6,3078,2,7200,1.00194931774
189074,189080,191691,6,2611,2,7200,1.00229797013
189075,189086,191825,11,2739,2,7200,1.00401606426
189090,189097,191711,7,2614,2,7200,1.00267788829
189105,189111,192189,6,3078,2,7200,1.00194931774
189119,189126,191834,7,2708,2,7200,1.00258493353
189173,189180,192214,7,3034,2,7200,1.00230718523
189201,189207,192164,6,2957,2,7200,1.00202908353
189231,189238,192286,7,3048,2,7200,1.00229658793
189263,189269,192192,6,2923,2,7200,1.0020526856
189319,189325,189685,6,360,1,3600,1.01666666667
189449,189457,192335,8,2878,2,7200,1.00277970813
189901,189907,190522,6,615,1,3600,1.00975609756
191171,191177,194304,6,3127,2,7200,1.00191877199
191185,191191,194101,6,2910,2,7200,1.00206185567
191242,191248,193767,6,2519,2,7200,1.00238189758
191359,191365,194438,6,3073,2,7200,1.00195248942
191391,195343,195446,3952,103,1,3600,39.3689320388
191398,191407,194192,9,2785,2,7200,1.00323159785
191464,191473,194490,9,3017,2,7200,1.00298309579
191502,191515,194203,13,2688,2,7200,1.00483630952
191517,191527,194414,10,2887,2,7200,1.00346380326
191519,191534,194497,15,2963,2,7200,1.00506243672
191563,191575,194517,12,2942,2,7200,1.00407885792
191578,191586,194520,8,2934,2,7200,1.00272665303
191626,191637,194589,11,2952,2,7200,1.00372628726
191641,191647,194642,6,2995,2,7200,1.0020033389
191655,191663,194360,8,2697,2,7200,1.00296625881
191691,191702,194502,11,2800,2,7200,1.00392857143
191712,191722,194497,10,2775,2,7200,1.0036036036
191713,191729,194619,16,2890,2,7200,1.00553633218
191728,191735,194374,7,2639,2,7200,1.00265251989
191729,191741,194575,12,2834,2,7200,1.00423429781
191747,191757,194840,10,3083,2,7200,1.0032435939
191774,191784,194771,10,2987,2,7200,1.00334784064
191788,191795,194791,7,2996,2,7200,1.0023364486
191803,191809,194436,6,2627,2,7200,1.00228397411
191818,191828,194579,10,2751,2,7200,1.0036350418
191833,191839,194874,6,3035,2,7200,1.00197693575
191848,191854,194886,6,3032,2,7200,1.00197889182
191849,191861,194558,12,2697,2,7200,1.00444938821
191864,191871,194740,7,2869,2,7200,1.00243987452
191865,191877,194841,12,2964,2,7200,1.004048583
191973,191982,194831,9,2849,2,7200,1.00315900316
192000,192012,195126,12,3114,2,7200,1.00385356455
192105,192115,194971,10,2856,2,7200,1.00350140056
192144,192155,194899,11,2744,2,7200,1.00400874636
192159,192165,195285,6,3120,2,7200,1.00192307692
192173,192180,195018,7,2838,2,7200,1.00246652572
192192,192201,194861,9,2660,2,7200,1.00338345865
192206,192213,195071,7,2858,2,7200,1.00244926522
192221,192227,194896,6,2669,2,7200,1.00224803297
192287,192298,195190,11,2892,2,7200,1.00380359613
192334,192347,195287,13,2940,2,7200,1.00442176871
192422,195349,195439,2927,90,1,1800,33.5222222222
193770,193779,196798,9,3019,2,7200,1.00298111958
194103,194113,196843,10,2730,2,7200,1.00366300366
194193,194204,196930,11,2726,2,7200,1.00403521643
194208,194215,197173,7,2958,2,7200,1.00236646383
194306,194317,197132,11,2815,2,7200,1.00390763766
194360,194372,197529,12,3157,2,7200,1.00380107697
194375,194386,197505,11,3119,2,7200,1.0035267714
194417,194427,197455,10,3028,2,7200,1.00330250991
194437,194448,197370,11,2922,2,7200,1.00376454483
194452,194459,197496,7,3037,2,7200,1.00230490616
194491,194501,197219,10,2718,2,7200,1.00367917586
194506,194513,197448,7,2935,2,7200,1.00238500852
194507,194520,197357,13,2837,2,7200,1.00458230525
194509,194525,197188,16,2663,2,7200,1.00600826136
194523,194532,197429,9,2897,2,7200,1.00310666206
194525,194537,197263,12,2726,2,7200,1.00440205429
194560,194570,197689,10,3119,2,7200,1.00320615582
194578,194587,197422,9,2835,2,7200,1.00317460317
194593,194600,197748,7,3148,2,7200,1.00222363405
194594,194606,197512,12,2906,2,7200,1.00412938747
194621,194632,197373,11,2741,2,7200,1.00401313389
194642,194654,197296,12,2642,2,7200,1.00454201363
194740,194751,197395,11,2644,2,7200,1.00416036309
194773,194784,197773,11,2989,2,7200,1.00368016059
194791,194802,197661,11,2859,2,7200,1.00384749913
194833,194842,197572,9,2730,2,7200,1.0032967033
194847,194854,198074,7,3220,2,7200,1.00217391304
194849,194861,197843,12,2982,2,7200,1.00402414487
194864,194873,197684,9,2811,2,7200,1.00320170758
194878,194886,197700,8,2814,2,7200,1.00284292822
194893,194901,197570,8,2669,2,7200,1.00299737729
194908,194914,197999,6,3085,2,7200,1.00194489465
194909,194920,198088,11,3168,2,7200,1.00347222222
194972,194982,197688,10,2706,2,7200,1.0036954915
195020,195030,198111,10,3081,2,7200,1.00324569945
195073,195083,198293,10,3210,2,7200,1.0031152648
195127,195146,197935,19,2789,2,7200,1.00681247759
195190,195202,198275,12,3073,2,7200,1.00390497885
195286,195297,198147,11,2850,2,7200,1.00385964912
195300,195307,198296,7,2989,2,7200,1.00234192037
195573,195579,195871,6,292,1,3600,1.02054794521
195675,195681,195774,6,93,1,1800,1.06451612903
196123,196129,196658,6,529,1,3600,1.01134215501
196226,196232,196608,6,376,1,1800,1.01595744681
196314,196320,196406,6,86,1,1800,1.06976744186
196661,196668,196769,7,101,1,1800,1.06930693069
196800,196807,199809,7,3002,2,7200,1.00233177881
196845,196851,199927,6,3076,2,7200,1.00195058518
196932,196938,200061,6,3123,2,7200,1.00192122959
197134,197140,200258,6,3118,2,7200,1.00192431046
197173,197179,199653,6,2474,2,7200,1.00242522231
197191,197197,200490,6,3293,2,7200,1.00182204677
197220,197227,200237,7,3010,2,7200,1.0023255814
197240,197247,197617,7,370,1,1800,1.01891891892
197265,197271,199811,6,2540,2,7200,1.00236220472
197298,197304,200566,6,3262,2,7200,1.00183936235
197358,197364,200428,6,3064,2,7200,1.00195822454
197372,197379,200665,7,3286,2,7200,1.00213024954
197387,197393,199925,6,2532,2,7200,1.00236966825
197402,197408,200514,6,3106,2,7200,1.00193174501
197422,197429,200520,7,3091,2,7200,1.00226463928
197431,197436,197485,5,49,1,1800,1.10204081633
197437,197443,200373,6,2930,2,7200,1.00204778157
197452,197458,200303,6,2845,2,7200,1.00210896309
197466,197473,200584,7,3111,2,7200,1.00225008036
197497,197503,200536,6,3033,2,7200,1.00197823937
197511,197518,200117,7,2599,2,7200,1.00269334359
197513,197524,200257,11,2733,2,7200,1.00402488108
197530,197536,200243,6,2707,2,7200,1.0022164758
197572,197578,200590,6,3012,2,7200,1.00199203187
197573,197585,200844,12,3259,2,7200,1.00368211108
197663,197669,200691,6,3022,2,7200,1.00198544011
197684,197690,200941,6,3251,2,7200,1.00184558597
197699,197706,200431,7,2725,2,7200,1.00256880734
197701,197712,200720,11,3008,2,7200,1.00365691489
197715,197721,200910,6,3189,2,7200,1.00188146754
197732,197738,197832,6,94,1,1800,1.06382978723
197748,197754,200740,6,2986,2,7200,1.00200937709
197775,197781,200970,6,3189,2,7200,1.00188146754
197844,197851,200902,7,3051,2,7200,1.00229432973
197937,197944,200687,7,2743,2,7200,1.00255195042
198000,198006,201028,6,3022,2,7200,1.00198544011
198076,198082,201039,6,2957,2,7200,1.00202908353
198090,198097,201263,7,3166,2,7200,1.00221099179
198111,198117,201428,6,3311,2,7200,1.00181214135
198147,198153,201171,6,3018,2,7200,1.00198807157
198276,198283,201428,7,3145,2,7200,1.00222575517
198293,198299,201391,6,3092,2,7200,1.00194049159
198308,198314,201135,6,2821,2,7200,1.00212690535
198428,198434,198697,6,263,1,1800,1.02281368821
198846,198854,198904,8,50,1,1800,1.16
199172,199177,199258,5,81,1,1800,1.06172839506
199656,199662,202644,6,2982,2,7200,1.00201207243
199809,199815,202854,6,3039,2,7200,1.00197433366
199824,199830,202811,6,2981,2,7200,1.0020127474
199901,199907,200169,6,262,1,1800,1.02290076336
199923,199929,203143,6,3214,2,7200,1.00186683261
199924,199937,202885,13,2948,2,7200,1.00440976934
200063,200069,202995,6,2926,2,7200,1.002050581
200116,200123,203424,7,3301,2,7200,1.00212056952
200241,200247,202921,6,2674,2,7200,1.00224382947
200256,200262,202966,6,2704,2,7200,1.00221893491
200257,200268,203141,11,2873,2,7200,1.00382875044
200272,200278,203124,6,2846,2,7200,1.00210822207
200305,200311,203292,6,2981,2,7200,1.0020127474
200373,200380,203321,7,2941,2,7200,1.00238014281
200427,200434,203576,7,3142,2,7200,1.00222788033
200442,200448,203539,6,3091,2,7200,1.00194111938
200490,200496,203498,6,3002,2,7200,1.00199866755
200517,200523,203379,6,2856,2,7200,1.00210084034
200531,200538,203836,7,3298,2,7200,1.00212249848
200546,200552,203570,6,3018,2,7200,1.00198807157
200567,200573,203301,6,2728,2,7200,1.00219941349
200584,200591,203733,7,3142,2,7200,1.00222788033
200599,200605,203215,6,2610,2,7200,1.00229885057
200665,200671,203992,6,3321,2,7200,1.00180668473
200689,200695,203591,6,2896,2,7200,1.0020718232
200703,200709,203842,6,3133,2,7200,1.00191509735
200721,200727,203788,6,3061,2,7200,1.00196014374
200742,200748,203592,6,2844,2,7200,1.00210970464
200844,200850,203333,6,2483,2,7200,1.00241643174
200904,200910,203916,6,3006,2,7200,1.00199600798
200918,200924,203788,6,2864,2,7200,1.00209497207
200942,200948,204079,6,3131,2,7200,1.00191632066
200972,200978,204140,6,3162,2,7200,1.00189753321
201029,201035,203571,6,2536,2,7200,1.0023659306
201043,201050,203906,7,2856,2,7200,1.00245098039
201136,201143,204187,7,3044,2,7200,1.00229960578
201172,201178,204200,6,3022,2,7200,1.00198544011
201265,201271,204149,6,2878,2,7200,1.0020847811
201391,201398,204177,7,2779,2,7200,1.00251889169
201430,201436,204324,6,2888,2,7200,1.00207756233
201432,201442,204573,10,3131,2,7200,1.00319386777
202645,202651,205526,6,2875,2,7200,1.00208695652
202813,202819,206133,6,3314,2,7200,1.00181050091
202855,202861,205379,6,2518,2,7200,1.00238284353
202884,202891,205758,7,2867,2,7200,1.00244157656
202923,202929,206173,6,3244,2,7200,1.00184956843
202968,202974,206079,6,3105,2,7200,1.00193236715
202998,203004,205845,6,2841,2,7200,1.00211193242
203124,203130,206302,6,3172,2,7200,1.00189155107
203141,203148,205943,7,2795,2,7200,1.00250447227
203156,203162,206195,6,3033,2,7200,1.00197823937
203216,203227,205865,11,2638,2,7200,1.00416982563
203294,203303,206261,9,2958,2,7200,1.00304259635
203309,203315,206359,6,3044,2,7200,1.00197109067
203323,203333,205920,10,2587,2,7200,1.00386548125
203338,203344,206604,6,3260,2,7200,1.0018404908
203380,203391,206226,11,2835,2,7200,1.00388007055
203422,203435,206769,13,3334,2,7200,1.00389922016
203500,203509,206843,9,3334,2,7200,1.00269946011
203539,203550,206705,11,3155,2,7200,1.00348652932
203572,203581,206196,9,2615,2,7200,1.0034416826
203573,203587,206571,14,2984,2,7200,1.00469168901
203588,203594,206493,6,2899,2,7200,1.0020696792
203602,203608,206620,6,3012,2,7200,1.00199203187
203604,203614,206555,10,2941,2,7200,1.00340020401
203736,203745,206741,9,2996,2,7200,1.00300400534
203790,203799,206726,9,2927,2,7200,1.00307482064
203791,203805,206587,14,2782,2,7200,1.00503235083
203839,203847,207191,8,3344,2,7200,1.0023923445
203854,203860,206478,6,2618,2,7200,1.00229182582
203907,203917,206775,10,2858,2,7200,1.00349895031
203922,203928,206463,6,2535,2,7200,1.00236686391
203994,204003,206840,9,2837,2,7200,1.00317236517
204081,204090,206872,9,2782,2,7200,1.00323508267
204141,204151,207143,10,2992,2,7200,1.00334224599
204156,204162,207251,6,3089,2,7200,1.00194237617
204179,204186,207194,7,3008,2,7200,1.00232712766
204194,204200,207176,6,2976,2,7200,1.00201612903
204209,204215,207550,6,3335,2,7200,1.00179910045
204326,204332,207075,6,2743,2,7200,1.00218738607
204576,204582,207373,6,2791,2,7200,1.00214976711
205382,205388,208681,6,3293,2,7200,1.00182204677
205393,205400,206397,7,997,4,18000,1.00702106319
205526,205533,208563,7,3030,2,7200,1.00231023102
205761,205767,208558,6,2791,2,7200,1.00214976711
205848,205854,208924,6,3070,2,7200,1.00195439739
205865,205871,208877,6,3006,2,7200,1.00199600798
205922,205928,208609,6,2681,2,7200,1.00223797091
205943,205949,208977,6,3028,2,7200,1.00198150594
206081,206088,208934,7,2846,2,7200,1.00245959241
206135,206142,209098,7,2956,2,7200,1.00236806495
206174,206180,208940,6,2760,2,7200,1.00217391304
206198,206206,209101,8,2895,2,7200,1.00276338515
206199,206233,209244,34,3011,2,7200,1.01129192959
206229,206239,209020,10,2781,2,7200,1.00359582884
206262,206269,209266,7,2997,2,7200,1.002335669
206304,206310,209235,6,2925,2,7200,1.00205128205
206361,206367,209044,6,2677,2,7200,1.0022413149
206466,206472,209638,6,3166,2,7200,1.00189513582
206480,206487,209505,7,3018,2,7200,1.00231941683
206486,206494,238974,8,32480,6,32400,1.00024630542
206495,206501,209574,6,3073,2,7200,1.00195248942
206555,206561,209774,6,3213,2,7200,1.00186741363
206573,206579,209875,6,3296,2,7200,1.00182038835
206588,206594,209484,6,2890,2,7200,1.00207612457
206605,206611,209436,6,2825,2,7200,1.00212389381
206620,206626,209534,6,2908,2,7200,1.00206327373
206707,206713,209530,6,2817,2,7200,1.00212992545
206728,206734,209890,6,3156,2,7200,1.00190114068
206743,206749,209601,6,2852,2,7200,1.00210378682
206769,206776,209955,7,3179,2,7200,1.0022019503
206784,206790,209595,6,2805,2,7200,1.00213903743
206841,206847,209313,6,2466,2,7200,1.00243309002
206856,206862,209885,6,3023,2,7200,1.00198478333
206873,206880,210114,7,3234,2,7200,1.00216450216
207075,207081,210152,6,3071,2,7200,1.00195376099
207099,207205,207206,106,1,1,900,10.7
207144,207150,210057,6,2907,2,7200,1.00206398349
207177,207183,210194,6,3011,2,7200,1.00199269346
207192,207198,210261,6,3063,2,7200,1.00195886386
207206,207213,210158,7,2945,2,7200,1.00237691002
207251,207258,210370,7,3112,2,7200,1.00224935733
207375,207381,210581,6,3200,2,7200,1.001875
207440,208224,209632,784,1408,1,3600,1.55681818182
207552,207558,210427,6,2869,2,7200,1.00209132102
208435,208441,208442,6,1,1,900,1.0
208560,208567,211386,7,2819,2,7200,1.00248315005
208575,208581,211220,6,2639,2,7200,1.00227358848
208604,208610,219459,6,10849,8,10800,1.00055304636
208611,208617,211717,6,3100,2,7200,1.00193548387
208662,208668,208669,6,1,1,345600,1.0
208683,208689,211462,6,2773,2,7200,1.0021637216
208741,208747,208748,6,1,1,900,1.0
208881,208887,211932,6,3045,2,7200,1.00197044335
208925,208932,211916,7,2984,2,7200,1.0023458445
208941,208947,212085,6,3138,2,7200,1.00191204589
208942,208953,211929,11,2976,2,7200,1.00369623656
208978,208984,212004,6,3020,2,7200,1.00198675497
209023,209029,212312,6,3283,2,7200,1.00182759671
209047,209053,211806,6,2753,2,7200,1.00217944061
209098,209104,211786,6,2682,2,7200,1.00223713647
209112,209118,212061,6,2943,2,7200,1.00203873598
209228,209234,210531,6,1297,1,18000,1.00462606014
209236,209242,211733,6,2491,2,7200,1.00240867122
209251,209257,212162,6,2905,2,7200,1.00206540448
209266,209272,212025,6,2753,2,7200,1.00217944061
209270,209278,215146,8,5868,2,14400,1.00136332652
209314,209320,212526,6,3206,2,7200,1.00187149095
209437,209443,212522,6,3079,2,7200,1.00194868464
209472,209644,209649,172,5,1,18000,17.7
209485,209491,212250,6,2759,2,7200,1.00217470098
209506,209512,212421,6,2909,2,7200,1.00206256446
209533,209539,212783,6,3244,2,7200,1.00184956843
209547,209553,212512,6,2959,2,7200,1.00202771206
209577,209583,212347,6,2764,2,7200,1.002170767
209598,209604,212487,6,2883,2,7200,1.00208116545
209612,209620,212726,8,3106,2,7200,1.00257566001
209639,209650,212633,11,2983,2,7200,1.00368756286
209710,209717,210122,7,405,1,18000,1.01728395062
209774,209782,212971,8,3189,2,7200,1.00250862339
209877,209883,212595,6,2712,2,7200,1.00221238938
209891,209899,212739,8,2840,2,7200,1.00281690141
209893,209906,212831,13,2925,2,7200,1.00444444444
209903,210382,215047,479,4665,2,14400,1.1026795284
209956,209963,212474,7,2511,2,7200,1.00278773397
210058,210064,213160,6,3096,2,7200,1.0019379845
210063,212587,212601,2524,14,12,86400,181.285714286
210115,210122,213025,7,2903,2,7200,1.00241129866
210154,210163,212934,9,2771,2,7200,1.00324792494
210169,210175,213134,6,2959,2,7200,1.00202771206
210196,210203,213100,7,2897,2,7200,1.00241629272
210261,210268,213022,7,2754,2,7200,1.00254175744
210300,211235,211260,935,25,2,18000,38.4
210370,210376,213160,6,2784,2,7200,1.00215517241
210427,210433,213372,6,2939,2,7200,1.00204151072
210457,211271,213663,814,2392,2,14400,1.34030100334
210583,210589,213475,6,2886,2,7200,1.00207900208
211221,211228,214076,7,2848,2,7200,1.00245786517
211372,211399,218137,27,6738,2,14400,1.00400712378
211387,211393,214106,6,2713,2,7200,1.0022115739
211462,211473,214450,11,2977,2,7200,1.00369499496
211599,212592,214950,993,2358,2,14400,1.42111959288
211717,211729,214534,12,2805,2,7200,1.00427807487
211735,211744,215006,9,3262,2,7200,1.00275904353
211789,211798,214876,9,3078,2,7200,1.00292397661
211807,211817,214866,10,3049,2,7200,1.00327976386
211918,211927,214648,9,2721,2,7200,1.0033076075
211933,211944,214990,11,3046,2,7200,1.0036112935
211934,211950,215166,16,3216,2,7200,1.00497512438
212006,212015,215214,9,3199,2,7200,1.00281337918
212027,212036,214770,9,2734,2,7200,1.00329188003
212063,212072,214814,9,2742,2,7200,1.00328227571
212087,212096,214876,9,2780,2,7200,1.00323741007
212162,212173,214895,11,2722,2,7200,1.00404114622
212252,212261,214941,9,2680,2,7200,1.00335820896
212315,212324,215521,9,3197,2,7200,1.00281513919
212327,212598,215386,271,2788,2,14400,1.09720229555
212348,212358,214999,10,2641,2,7200,1.00378644453
212423,212433,215315,10,2882,2,7200,1.00346981263
212477,212485,215514,8,3029,2,7200,1.00264113569
212491,212498,215675,7,3177,2,7200,1.00220333648
212515,212528,215497,13,2969,2,7200,1.00437857865
212530,212536,215306,6,2770,2,7200,1.00216606498
212531,212542,215680,11,3138,2,7200,1.00350541746
212597,212604,215247,7,2643,2,7200,1.00264850549
212633,212639,215250,6,2611,2,7200,1.00229797013
212726,212732,216052,6,3320,2,7200,1.00180722892
212740,212747,215876,7,3129,2,7200,1.00223713647
212785,212793,215666,8,2873,2,7200,1.00278454577
212833,212840,215785,7,2945,2,7200,1.00237691002
212860,212866,214789,6,1923,25,7199,1.0031201248
212935,212941,216057,6,3116,2,7200,1.00192554557
212971,212977,216034,6,3057,2,7200,1.00196270854
213025,213031,215986,6,2955,2,7200,1.00203045685
213026,213037,216013,11,2976,2,7200,1.00369623656
213101,213107,216036,6,2929,2,7200,1.00204848071
213134,213140,216081,6,2941,2,7200,1.00204012241
213162,213168,215992,6,2824,2,7200,1.00212464589
213163,213174,216011,11,2837,2,7200,1.00387733521
213374,213380,216474,6,3094,2,7200,1.00193923723
213389,213395,237715,6,24320,12,86400,1.00024671053
213476,213482,216428,6,2946,2,7200,1.00203665988
213846,213852,235457,6,21605,1,21600,1.00027771349
213958,213964,224000,6,10036,1,86400,1.00059784775
214076,214082,221725,6,7643,2,21600,1.00078503206
214078,214088,216686,10,2598,2,7200,1.0038491147
214108,214114,216997,6,2883,2,7200,1.00208116545
214362,214368,215225,6,857,6,7200,1.00700116686
214451,214457,217592,6,3135,2,7200,1.0019138756
214535,214541,217575,6,3034,2,7200,1.00197758734
214625,214631,214642,6,11,2,18000,1.54545454545
214649,214654,217657,5,3003,2,7200,1.00166500167
214772,214778,217701,6,2923,2,7200,1.0020526856
214817,214823,217742,6,2919,2,7200,1.00205549846
214822,214829,222274,7,7445,1,86400,1.00094022834
214868,214874,217782,6,2908,2,7200,1.00206327373
214882,214889,217746,7,2857,2,7200,1.00245012251
214884,214895,217997,11,3102,2,7200,1.00354609929
214898,214905,217691,7,2786,2,7200,1.00251256281
214903,214911,214922,8,11,2,18000,1.72727272727
214937,214944,217811,7,2867,2,7200,1.00244157656
214991,214997,218245,6,3248,2,7200,1.00184729064
215006,215012,217924,6,2912,2,7200,1.00206043956
215007,215018,218111,11,3093,2,7200,1.00355641772
215167,215173,217952,6,2779,2,7200,1.00215905002
215215,215221,218323,6,3102,2,7200,1.00193423598
215248,215254,218521,6,3267,2,7200,1.00183654729
215262,215268,218149,6,2881,2,7200,1.0020826102
215307,215313,218451,6,3138,2,7200,1.00191204589
215322,215328,218291,6,2963,2,7200,1.00202497469
215499,215505,218305,6,2800,2,7200,1.00214285714
215514,215520,218439,6,2919,2,7200,1.00205549846
215529,215535,218456,6,2921,2,7200,1.00205409106
215667,215673,218592,6,2919,2,7200,1.00205549846
215682,215688,218682,6,2994,2,7200,1.00200400802
215683,215694,218680,11,2986,2,7200,1.003683858
215785,215791,218609,6,2818,2,7200,1.00212916962
215875,215881,219132,6,3251,2,7200,1.00184558597
215986,215998,219235,12,3237,2,7200,1.00370713624
215987,215993,218859,6,2866,1,86400,1.00209351012
216001,216007,218926,6,2919,2,7200,1.00205549846
216016,216022,218756,6,2734,2,7200,1.00219458669
216017,216028,218972,11,2944,2,7200,1.00373641304
216035,216041,219180,6,3139,2,7200,1.00191143676
216050,216056,218746,6,2690,2,7200,1.00223048327
216065,216071,218822,6,2751,2,7200,1.00218102508
216066,216083,218857,17,2774,2,7200,1.00612833453
216069,216077,216817,8,740,2,14400,1.01081081081
216081,216089,218866,8,2777,2,7200,1.00288080663
216430,216436,219489,6,3053,2,7200,1.00196528005
216475,216481,219120,6,2639,2,7200,1.00227358848
216476,216487,216505,11,18,2,18000,1.61111111111
216689,216695,219282,6,2587,2,7200,1.00231928875
216783,216789,217586,6,797,1,14400,1.00752823087
216998,217005,219974,7,2969,2,7200,1.00235769619
217190,217196,220008,6,2812,2,14400,1.00213371266
217191,218467,254036,1276,35569,64,57600,1.03587393517
217576,217582,220667,6,3085,2,7200,1.00194489465
217593,217600,220682,7,3082,2,7200,1.00227125243
217659,217666,220696,7,3030,2,7200,1.00231023102
217692,217699,220703,7,3004,2,7200,1.00233022636
217694,254058,339715,36364,85657,8,108000,1.42453039448
217707,217713,220460,6,2747,2,7200,1.00218420095
217742,217749,220289,7,2540,2,7200,1.00275590551
217757,217763,220717,6,2954,2,7200,1.00203114421
217784,217791,220787,7,2996,2,7200,1.0023364486
217811,217818,220805,7,2987,2,7200,1.00234348845
217925,217931,220726,6,2795,2,7200,1.00214669052
217952,217959,221065,7,3106,2,7200,1.00225370251
217978,218835,225437,857,6602,6,7200,1.12980914874
218000,218007,220932,7,2925,2,7200,1.00239316239
218111,218118,220869,7,2751,2,7200,1.00254452926
218150,218156,221159,6,3003,2,7200,1.001998002
218175,218181,218223,6,42,1,3600,1.14285714286
218246,218252,221347,6,3095,2,7200,1.00193861066
218291,218298,221142,7,2844,2,7200,1.00246132208
218305,218311,221537,6,3226,2,7200,1.00185988841
218326,218332,221193,6,2861,2,7200,1.00209716882
218329,218339,218475,10,136,1,3600,1.07352941176
218440,218446,221476,6,3030,2,7200,1.00198019802
218455,218461,221636,6,3175,2,7200,1.00188976378
218464,218498,220092,34,1594,2,14400,1.02132998745
218470,218503,221465,33,2962,2,7200,1.01114112086
218521,218527,221340,6,2813,2,7200,1.00213295414
218593,218599,221614,6,3015,2,7200,1.00199004975
218603,218908,219220,305,312,1,3600,1.97756410256
218611,218617,221180,6,2563,2,7200,1.00234100663
218680,218686,221653,6,2967,2,7200,1.00202224469
218694,218700,221143,6,2443,2,7200,1.00245599673
218748,218754,221989,6,3235,2,7200,1.00185471406
218763,218769,221931,6,3162,2,7200,1.00189753321
218823,218829,221696,6,2867,2,7200,1.00209277991
218859,218865,222040,6,3175,2,7200,1.00188976378
218874,218880,222013,6,3133,2,7200,1.00191509735
218928,218934,221860,6,2926,2,7200,1.002050581
218972,218979,221763,7,2784,2,7200,1.00251436782
219102,241096,386613,21994,145517,18,198000,1.15114385261
219120,219126,221809,6,2683,2,7200,1.00223630265
219134,219141,222240,7,3099,2,7200,1.00225879316
219136,225443,227734,6307,2291,25,7199,3.75294631165
219165,222216,227029,3051,4813,2,14400,1.63390816539
219182,219189,222195,7,3006,2,7200,1.00232867598
219219,227745,262034,8526,34289,24,36000,1.24865117093
219236,219243,221851,7,2608,2,7200,1.00268404908
219284,219291,222374,7,3083,2,7200,1.00227051573
219464,219470,223181,6,3711,8,3600,1.00161681487
219489,219496,222373,7,2877,2,7200,1.00243309002
219847,222291,224404,2444,2113,2,14400,2.15664931377
219977,219984,223020,7,3036,2,7200,1.00230566535
220061,220067,220112,6,45,1,3600,1.13333333333
220218,220225,220354,7,129,1,3600,1.05426356589
220290,220296,223120,6,2824,2,7200,1.00212464589
220462,220469,223236,7,2767,2,7200,1.00252981568
220483,220490,220680,7,190,1,3600,1.03684210526
220669,220676,223208,7,2532,2,7200,1.00276461295
220684,220690,223776,6,3086,2,7200,1.00194426442
220698,220705,223682,7,2977,2,7200,1.00235136043
220713,220720,223492,7,2772,2,7200,1.00252525253
220728,220735,224012,7,3277,2,7200,1.00213610009
220729,220742,223574,13,2832,2,7200,1.00459039548
220789,220795,223623,6,2828,2,7200,1.00212164074
220807,220814,223487,7,2673,2,7200,1.0026187804
220869,220877,223595,8,2718,2,7200,1.00294334069
220932,220939,223920,7,2981,2,7200,1.0023482053
221067,221075,224229,8,3154,2,7200,1.00253646164
221143,221150,224087,7,2937,2,7200,1.00238338441
221144,221156,224267,12,3111,2,7200,1.00385728062
221159,221165,224328,6,3163,2,7200,1.00189693329
221182,221188,223999,6,2811,2,7200,1.00213447172
221197,221204,224490,7,3286,2,7200,1.00213024954
221245,221251,221293,6,42,1,3600,1.14285714286
221341,221349,224082,8,2733,2,7200,1.00292718624
221356,221362,223786,6,2424,2,7200,1.00247524752
221399,221405,221457,6,52,1,3600,1.11538461538
221464,221470,224631,6,3161,2,7200,1.0018981335
221479,221486,224241,7,2755,2,7200,1.00254083485
221539,221545,224653,6,3108,2,7200,1.00193050193
221617,221624,224332,7,2708,2,7200,1.00258493353
221638,221645,224811,7,3166,2,7200,1.00221099179
221655,221662,224534,7,2872,2,7200,1.00243732591
221697,221703,224769,6,3066,2,7200,1.00195694716
221763,221770,224874,7,3104,2,7200,1.00225515464
221811,221818,224827,7,3009,2,7200,1.00232635427
221850,221857,224505,7,2648,2,7200,1.00264350453
221865,221872,224736,7,2864,2,7200,1.00244413408
221934,221941,224937,7,2996,2,7200,1.0023364486
221990,221997,224791,7,2794,2,7200,1.00250536865
222014,222021,224942,7,2921,2,7200,1.00239643958
222041,222047,225211,6,3164,2,7200,1.00189633375
222044,222054,222092,10,38,1,3600,1.26315789474
222197,222203,224893,6,2690,2,7200,1.00223048327
222199,222210,222339,11,129,1,3600,1.08527131783
222242,222249,225137,7,2888,2,7200,1.00242382271
222374,222381,225273,7,2892,2,7200,1.00242047026
222376,222388,225341,12,2953,2,7200,1.00406366407
222632,232465,235129,9833,2664,6,165600,4.69106606607
223003,223010,226621,7,3611,1,3600,1.00193852119
223020,223032,226190,12,3158,2,7200,1.00379987334
223122,223132,226121,10,2989,2,7200,1.00334560054
223209,223220,226276,11,3056,2,7200,1.00359947644
223236,223249,225904,13,2655,2,7200,1.00489642185
223489,223500,226236,11,2736,2,7200,1.00402046784
223503,223509,226083,6,2574,2,7200,1.00233100233
223575,223586,226651,11,3065,2,7200,1.00358890701
223596,223607,226624,11,3017,2,7200,1.00364600597
223623,223634,226516,11,2882,2,7200,1.00381679389
223683,223694,226379,11,2685,2,7200,1.00409683426
223724,224018,226117,294,2099,2,14400,1.14006669843
223779,223788,226746,9,2958,2,7200,1.00304259635
223793,223800,226774,7,2974,2,7200,1.00235373235
223922,223933,226724,11,2791,2,7200,1.0039412397
224000,224011,226896,11,2885,2,7200,1.00381282496
224015,224025,226859,10,2834,2,7200,1.00352858151
224084,224095,226932,11,2837,2,7200,1.00387733521
224099,224105,227077,6,2972,2,7200,1.00201884253
224231,224240,227097,9,2857,2,7200,1.00315015751
224246,224253,227223,7,2970,2,7200,1.00235690236
224267,224278,227001,11,2723,2,7200,1.00403966214
224330,224340,227227,10,2887,2,7200,1.00346380326
224344,224350,227207,6,2857,2,7200,1.00210010501
224492,224498,227644,6,3146,2,7200,1.00190718373
224506,224512,227400,6,2888,2,7200,1.00207756233
224536,224542,227564,6,3022,2,7200,1.00198544011
224632,224638,227553,6,2915,2,7200,1.00205831904
224653,224659,227124,6,2465,2,7200,1.00243407708
224737,224743,227568,6,2825,2,7200,1.00212389381
224770,224776,227878,6,3102,2,7200,1.00193423598
224791,224797,227502,6,2705,2,7200,1.0022181146
224811,224817,227947,6,3130,2,7200,1.00191693291
224829,224835,227584,6,2749,2,7200,1.00218261186
224836,224842,247801,6,22959,1,86400,1.00026133542
224842,226128,235172,1286,9044,1,86400,1.14219371959
224853,226134,229718,1281,3584,1,86400,1.357421875
224877,224883,227706,6,2823,2,7200,1.00212539851
224895,224901,228202,6,3301,2,7200,1.00181763102
224936,224943,227641,7,2698,2,7200,1.00259451446
224951,224958,228217,7,3259,2,7200,1.00214789813
225138,225144,228158,6,3014,2,7200,1.00199071002
225213,225220,228298,7,3078,2,7200,1.00227420403
225276,225283,227907,7,2624,2,7200,1.00266768293
225342,225349,228404,7,3055,2,7200,1.0022913257
225437,231547,248584,6110,17037,4,43200,1.35863121442
225680,226632,227156,952,524,1,3600,2.81679389313
225905,225911,229082,6,3171,2,7200,1.00189214759
226085,226092,229088,7,2996,2,7200,1.0023364486
226124,226141,228955,17,2814,2,7200,1.00604122246
226190,226200,229334,10,3134,2,7200,1.00319081047
226238,226244,228800,6,2556,2,7200,1.00234741784
226277,226284,229438,7,3154,2,7200,1.00221940393
226382,226389,229332,7,2943,2,7200,1.00237852531
226517,226524,229231,7,2707,2,7200,1.00258588844
226625,226639,229491,14,2852,2,7200,1.0049088359
226652,226659,229558,7,2899,2,7200,1.00241462573
226727,226733,229453,6,2720,2,7200,1.00220588235
226728,226788,226922,60,134,1,3600,1.44776119403
226747,226754,229462,7,2708,2,7200,1.00258493353
226774,226781,229684,7,2903,2,7200,1.00241129866
226861,226867,229760,6,2893,2,7200,1.00207397166
226897,226903,229860,6,2957,2,7200,1.00202908353
226933,226961,230162,28,3201,2,7200,1.00874726648
227002,227010,229925,8,2915,2,7200,1.00274442539
227060,227066,227378,6,312,1,3600,1.01923076923
227080,227086,230086,6,3000,2,7200,1.002
227095,233481,238876,6386,5395,2,14400,2.18368860056
227098,227104,230136,6,3032,2,7200,1.00197889182
227125,227131,229809,6,2678,2,7200,1.00224047797
227126,227137,227281,11,144,2,7200,1.07638888889
227202,227209,230197,7,2988,2,7200,1.00234270415
227223,227229,230353,6,3124,2,7200,1.0019206146
227238,227244,230315,6,3071,2,7200,1.00195376099
227294,242721,306340,15427,63619,6,540000,1.24249045097
227403,227411,230473,8,3062,2,7200,1.00261267146
227421,227428,227559,7,131,1,7200,1.0534351145
227502,227509,230332,7,2823,2,7200,1.0024796316
227553,227560,230290,7,2730,2,7200,1.00256410256
227568,227574,230626,6,3052,2,7200,1.00196592398
227569,227581,230566,12,2985,2,7200,1.0040201005
227584,227590,230509,6,2919,2,7200,1.00205549846
227611,227617,228269,6,652,1,3600,1.00920245399
227644,227651,230902,7,3251,2,7200,1.00215318364
227646,227657,230619,11,2962,2,7200,1.00371370695
227709,227718,230508,9,2790,2,7200,1.00322580645
227746,227752,231474,6,3722,3,3600,1.00161203654
227880,227889,230732,9,2843,2,7200,1.00316567007
227910,227920,230722,10,2802,2,7200,1.00356887937
227949,227960,230775,11,2815,2,7200,1.00390763766
228159,228171,230641,12,2470,2,7200,1.0048582996
228204,228213,230870,9,2657,2,7200,1.00338727889
228219,228228,230822,9,2594,2,7200,1.0034695451
228300,228309,231041,9,2732,2,7200,1.0032942899
228355,228361,244449,6,16088,1,345600,1.00037294878
228405,228415,231042,10,2627,2,7200,1.00380662352
228567,229191,245317,624,16126,1,345600,1.03869527471
228726,238950,241080,10224,2130,25,7199,5.8
228802,228812,231729,10,2917,2,7200,1.00342817964
228956,228966,231904,10,2938,2,7200,1.00340367597
229002,229009,229135,7,126,1,7200,1.05555555556
229005,229796,245964,791,16168,1,345600,1.0489238001
229085,229093,232156,8,3063,2,7200,1.00261181848
229100,229106,232036,6,2930,2,7200,1.00204778157
229229,229243,232407,14,3164,2,7200,1.00442477876
229249,229733,229783,484,50,4,7200,10.68
229334,229344,232475,10,3131,2,7200,1.00319386777
229336,229351,232362,15,3011,2,7200,1.00498173364
229441,229451,232229,10,2778,2,7200,1.00359971202
229456,229464,232030,8,2566,2,7200,1.00311769291
229470,229478,232469,8,2991,2,7200,1.00267469074
229491,229502,232517,11,3015,2,7200,1.00364842454
229560,229570,232491,10,2921,2,7200,1.00342348511
229683,229696,232505,13,2809,2,7200,1.00462798149
229762,229772,232894,10,3122,2,7200,1.00320307495
229809,229820,232651,11,2831,2,7200,1.00388555281
229860,229873,232861,13,2988,2,7200,1.00435073628
229926,229937,232858,11,2921,2,7200,1.00376583362
230086,230097,233093,11,2996,2,7200,1.00367156208
230137,230148,233177,11,3029,2,7200,1.00363156157
230164,230170,232921,6,2751,2,7200,1.00218102508
230200,230206,233302,6,3096,2,7200,1.0019379845
230290,230297,233463,7,3166,2,7200,1.00221099179
230316,230322,233019,6,2697,2,7200,1.0022246941
230334,230340,233269,6,2929,2,7200,1.00204848071
230355,230362,233332,7,2970,2,7200,1.00235690236
230475,230482,233407,7,2925,2,7200,1.00239316239
230508,230514,233150,6,2636,2,7200,1.00227617602
230509,230521,233658,12,3137,2,7200,1.00382531081
230522,235146,240582,4624,5436,2,14400,1.8506254599
230566,230574,233466,8,2892,2,7200,1.00276625173
230620,230627,233639,7,3012,2,7200,1.00232403718
230635,230641,233714,6,3073,2,7200,1.00195248942
230640,231484,231534,844,50,4,7200,17.88
230650,230656,233369,6,2713,2,7200,1.0022115739
230725,230731,233693,6,2962,2,7200,1.00202565834
230740,230747,233727,7,2980,2,7200,1.00234899329
230776,230783,233820,7,3037,2,7200,1.00230490616
230823,230830,233972,7,3142,2,7200,1.00222788033
230848,230938,247046,90,16108,1,345600,1.00558728582
230871,230877,234029,6,3152,2,7200,1.0019035533
230904,230910,234255,6,3345,2,7200,1.00179372197
231025,236035,240784,5010,4749,2,14400,2.05495893872
231043,231049,233692,6,2643,2,7200,1.00227014756
231044,231055,233910,11,2855,2,7200,1.00385288967
231176,232935,232942,1759,7,1,3600,176.6
231731,231737,234810,6,3073,2,7200,1.00195248942
231905,231911,235148,6,3237,2,7200,1.00185356812
231994,237727,239889,5733,2162,8,3540,3.65171137835
232031,232037,234995,6,2958,2,7200,1.00202839757
232046,232052,234864,6,2812,2,7200,1.00213371266
232157,232163,235044,6,2881,2,7200,1.0020826102
232232,232238,235304,6,3066,2,7200,1.00195694716
232364,232371,235130,7,2759,2,7200,1.00253715114
232406,232413,235299,7,2886,2,7200,1.00242550243
232462,232953,232954,491,1,1,1800,49.2
232469,232477,235427,8,2950,2,7200,1.00271186441
232477,232940,232941,463,1,1,3600,46.4
232484,232491,235377,7,2886,2,7200,1.00242550243
232499,232505,235337,6,2832,2,7200,1.00211864407
232513,232519,235497,6,2978,2,7200,1.00201477502
232528,232534,235487,6,2953,2,7200,1.00203183204
232631,241244,241255,8613,11,2,18000,784.0
232651,232658,235829,7,3171,2,7200,1.00220750552
232859,232866,236113,7,3247,2,7200,1.00215583616
232874,232880,235630,6,2750,2,7200,1.00218181818
232894,232901,235866,7,2965,2,7200,1.0023608769
232921,232927,236149,6,3222,2,7200,1.00186219739
233020,233031,235620,11,2589,2,7200,1.00424874469
233074,233080,233226,6,146,1,3600,1.04109589041
233095,233104,236196,9,3092,2,7200,1.00291073739
233102,233112,233214,10,102,1,1800,1.09803921569
233107,233227,233283,120,56,1,3600,3.14285714286
233152,233162,236145,10,2983,2,7200,1.00335232987
233179,233190,235555,11,2365,2,7200,1.00465116279
233269,233280,236419,11,3139,2,7200,1.00350430073
233302,233313,236120,11,2807,2,7200,1.00391877449
233332,233343,236427,11,3084,2,7200,1.00356679637
233371,233381,236122,10,2741,2,7200,1.00364830354
233392,233398,233745,6,347,1,3600,1.01729106628
233410,233418,236169,8,2751,2,7200,1.00290803344
233464,233474,236508,10,3034,2,7200,1.00329597891
233472,241091,265864,7619,24773,16,36000,1.3075525774
233479,233487,236686,8,3199,2,7200,1.00250078149
233641,233652,236404,11,2752,2,7200,1.00399709302
233659,233669,236755,10,3086,2,7200,1.0032404407
233695,233703,236950,8,3247,2,7200,1.00246381275
233696,233710,236464,14,2754,2,7200,1.00508351489
233714,233725,236541,11,2816,2,7200,1.00390625
233729,233739,236823,10,3084,2,7200,1.00324254215
233822,233831,237048,9,3217,2,7200,1.00279763755
233912,233921,236543,9,2622,2,7200,1.00343249428
233932,235141,235234,1209,93,4,7200,14.0
233952,845395,1055072,611443,209677,6,604800,3.91611860147
233972,233983,236976,11,2993,2,7200,1.00367524223
233987,233993,234729,6,736,1,3600,1.00815217391
234032,234042,237067,10,3025,2,7200,1.00330578512
234255,234266,236842,11,2576,2,7200,1.00427018634
234812,234822,237793,10,2971,2,7200,1.00336587008
234866,234875,237584,9,2709,2,7200,1.00332225914
234995,235006,237877,11,2871,2,7200,1.00383141762
235046,235057,237777,11,2720,2,7200,1.00404411765
235130,235152,238184,22,3032,2,7200,1.00725593668
235148,235159,238129,11,2970,2,7200,1.0037037037
235283,235290,235296,7,6,1,3600,1.3
235301,235307,238246,6,2939,2,7200,1.00204151072
235316,235322,238215,6,2893,2,7200,1.00207397166
235339,235346,238142,7,2796,2,7200,1.00250357654
235378,235385,238273,7,2888,2,7200,1.00242382271
235400,244247,249113,8847,4866,4,36000,2.81812577065
235400,235405,235594,5,189,1,3600,1.02645502646
235410,247035,250454,11625,3419,4,36000,4.40011699327
235417,248595,251947,13178,3352,4,36000,4.93138424821
235424,249125,254508,13701,5383,4,36000,3.54523499907
235429,235435,238554,6,3119,2,7200,1.00192369349
235489,235495,238230,6,2735,2,7200,1.00219378428
235504,235510,238660,6,3150,2,7200,1.0019047619
235555,235562,238595,7,3033,2,7200,1.00230794593
235621,235627,238763,6,3136,2,7200,1.00191326531
235635,235641,238318,6,2677,2,7200,1.0022413149
235722,235728,236025,6,297,1,3600,1.0202020202
235831,235838,238751,7,2913,2,7200,1.00240302094
235867,235873,238743,6,2870,2,7200,1.00209059233
235944,235950,367696,6,131746,1,172800,1.00004554218
236114,236120,239181,6,3061,2,7200,1.00196014374
236129,236134,239497,5,3363,2,7200,1.00148676777
236130,236142,238960,12,2818,2,7200,1.00425833925
236145,236152,238947,7,2795,2,7200,1.00250447227
236159,236166,238961,7,2795,2,7200,1.00250447227
236174,236180,239309,6,3129,2,7200,1.00191754554
236198,236204,239511,6,3307,2,7200,1.00181433323
236327,236333,236877,6,544,1,3600,1.01102941176
236406,236412,239498,6,3086,2,7200,1.00194426442
236421,236427,239482,6,3055,2,7200,1.00196399345
236435,236441,239720,6,3279,2,7200,1.00182982617
236452,236887,236888,435,1,1,3600,43.6
236465,236471,239423,6,2952,2,7200,1.00203252033
236510,236517,239134,7,2617,2,7200,1.00267481849
236543,236549,239087,6,2538,2,7200,1.00236406619
236544,236556,239114,12,2558,2,7200,1.00469116497
236686,236692,239703,6,3011,2,7200,1.00199269346
236758,236764,239592,6,2828,2,7200,1.00212164074
236824,236830,239539,6,2709,2,7200,1.00221483942
236845,236851,239930,6,3079,2,7200,1.00194868464
236910,250465,260568,13555,10103,4,36000,2.3416806889
236950,236957,240124,7,3167,2,7200,1.00221029365
236976,236983,239739,7,2756,2,7200,1.00253991292
237048,237056,239930,8,2874,2,7200,1.0027835769
237069,237075,240176,6,3101,2,7200,1.00193485972
237583,237590,240371,7,2781,2,7200,1.00251708019
237779,237785,240460,6,2675,2,7200,1.00224299065
237793,237799,240652,6,2853,2,7200,1.00210304942
237877,237884,240760,7,2876,2,7200,1.00243393602
238130,238136,241214,6,3078,2,7200,1.00194931774
238144,238151,240861,7,2710,2,7200,1.00258302583
238183,238189,241469,6,3280,2,7200,1.00182926829
238216,238222,241200,6,2978,2,7200,1.00201477502
238231,238237,241122,6,2885,2,7200,1.0020797227
238249,238255,241230,6,2975,2,7200,1.00201680672
238275,238282,241020,7,2738,2,7200,1.00255661066
238320,238326,241410,6,3084,2,7200,1.00194552529
238443,254053,290085,15610,36032,16,36000,1.43322602131
238555,238561,241317,6,2756,2,7200,1.00217706821
238597,238603,241578,6,2975,2,7200,1.00201680672
238660,238666,241395,6,2729,2,7200,1.00219860755
238744,238750,241517,6,2767,2,7200,1.00216841344
238759,238765,241876,6,3111,2,7200,1.00192864031
238773,238780,241641,7,2861,2,7200,1.00244669696
238948,238957,241377,9,2420,2,7200,1.00371900826
238963,238969,242032,6,3063,2,7200,1.00195886386
238964,238977,242171,13,3194,2,7200,1.0040701315
238980,238986,242711,6,3725,4,3600,1.00161073826
239087,239093,242273,6,3180,2,7200,1.00188679245
239114,239120,242082,6,2962,2,7200,1.00202565834
239135,239141,242218,6,3077,2,7200,1.00194995125
239183,239189,242103,6,2914,2,7200,1.00205902539
239288,240795,244236,1507,3441,2,14400,1.43795408312
239306,239312,242466,6,3154,2,7200,1.00190234623
239423,239429,242330,6,2901,2,7200,1.00206825233
239426,239436,239438,10,2,1,1800,1.2
239483,239489,242411,6,2922,2,7200,1.00205338809
239498,239505,242554,7,3049,2,7200,1.0022958347
239499,239512,242710,13,3198,2,7200,1.00406504065
239514,239521,242617,7,3096,2,7200,1.00226098191
239538,239545,242514,7,2969,2,7200,1.00235769619
239592,239598,242360,6,2762,2,7200,1.00217233888
239598,239604,239683,6,79,1,1800,1.07594936709
239703,239711,242464,8,2753,2,7200,1.00290592081
239721,239727,242653,6,2926,2,7200,1.002050581
239739,239745,243008,6,3263,2,7200,1.00183879865
239910,239917,240035,7,118,1,1800,1.0593220339
239931,239939,242847,8,2908,2,7200,1.00275103164
239933,239945,243087,12,3142,2,7200,1.00381922342
240125,240131,243298,6,3167,2,7200,1.00189453742
240130,250347,267712,10217,17365,2,28800,1.5883674057
240176,240182,243163,6,2981,2,7200,1.0020127474
240372,240379,243588,7,3209,2,7200,1.00218136491
240462,240468,243079,6,2611,2,7200,1.00229797013
240526,240532,240912,6,380,1,1800,1.01578947368
240654,240661,243800,7,3139,2,7200,1.00223000956
240763,240770,243543,7,2773,2,7200,1.00252434187
240862,240868,243675,6,2807,2,7200,1.00213751336
241021,241027,243828,6,2801,2,7200,1.00214209211
241123,241129,243866,6,2737,2,7200,1.00219218122
241201,241208,244279,7,3071,2,7200,1.00227938782
241216,241222,243909,6,2687,2,7200,1.00223297358
241231,241237,244380,6,3143,2,7200,1.00190900414
241318,241324,244589,6,3265,2,7200,1.00183767228
241378,241384,244580,6,3196,2,7200,1.00187734668
241396,241402,244654,6,3252,2,7200,1.00184501845
241410,241417,244555,7,3138,2,7200,1.0022307202
241470,241477,244413,7,2936,2,7200,1.00238419619
241518,241524,244536,6,3012,2,7200,1.00199203187
241536,241543,241545,7,2,1,1800,1.0
241578,241584,244501,6,2917,2,7200,1.00205690778
241641,241649,244643,8,2994,2,7200,1.00267201069
241707,241713,241766,6,53,1,1800,1.11320754717
241879,241885,245066,6,3181,2,7200,1.00188619931
242032,242039,244774,7,2735,2,7200,1.00255941499
242083,242090,245158,7,3068,2,7200,1.00228161669
242104,242110,244908,6,2798,2,7200,1.00214438885
242122,242128,242206,6,78,1,1800,1.07692307692
242173,242180,244911,7,2731,2,7200,1.00256316368
242218,242224,245132,6,2908,2,7200,1.00206327373
242275,242281,244943,6,2662,2,7200,1.0022539444
242332,242338,245418,6,3080,2,7200,1.00194805195
242362,242369,245562,7,3193,2,7200,1.00219229565
242413,242419,245571,6,3152,2,7200,1.0019035533
242458,242464,245587,6,3123,2,7200,1.00192122959
242473,242478,245565,5,3087,2,7200,1.0016196955
242514,242520,245201,6,2681,2,7200,1.00223797091
242556,242562,245478,6,2916,2,7200,1.00205761317
242619,242626,245850,7,3224,2,7200,1.00217121588
242655,242661,245825,6,3164,2,7200,1.00189633375
242712,242727,245524,15,2797,2,7200,1.00536288881
242821,242828,243083,7,255,1,1800,1.02745098039
242847,242853,245975,6,3122,2,7200,1.00192184497
243010,243017,245664,7,2647,2,7200,1.00264450321
243082,243088,246074,6,2986,2,7200,1.00200937709
243096,243103,246211,7,3108,2,7200,1.00225225225
243165,243173,246273,8,3100,2,7200,1.00258064516
243301,243308,246391,7,3083,2,7200,1.00227051573
243544,243551,246556,7,3005,2,7200,1.00232945092
243589,243595,246447,6,2852,2,7200,1.00210378682
243676,243682,246705,6,3023,2,7200,1.00198478333
243799,243806,246722,7,2916,2,7200,1.0024005487
243829,243835,246964,6,3129,2,7200,1.00191754554
243868,243874,246523,6,2649,2,7200,1.00226500566
243910,243916,247021,6,3105,2,7200,1.00193236715
244280,244286,247370,6,3084,2,7200,1.00194552529
244382,244388,247189,6,2801,2,7200,1.00214209211
244415,244421,247632,6,3211,2,7200,1.00186857677
244499,244505,247468,6,2963,2,7200,1.00202497469
244538,244544,247598,6,3054,2,7200,1.00196463654
244556,244562,247118,6,2556,2,7200,1.00234741784
244583,244589,247630,6,3041,2,7200,1.00197303519
244597,244604,247473,7,2869,2,7200,1.00243987452
244645,244652,247792,7,3140,2,7200,1.00222929936
244660,244666,247483,6,2817,2,7200,1.00212992545
244774,244780,247888,6,3108,2,7200,1.00193050193
244910,244917,248067,7,3150,2,7200,1.00222222222
244924,244930,247892,6,2962,2,7200,1.00202565834
244945,244951,248172,6,3221,2,7200,1.00186277554
245068,245076,247948,8,2872,2,7200,1.00278551532
245134,245141,248345,7,3204,2,7200,1.00218476904
245158,245164,248146,6,2982,2,7200,1.00201207243
245203,245209,247967,6,2758,2,7200,1.00217548949
245420,245426,248250,6,2824,2,7200,1.00212464589
245480,245486,248378,6,2892,2,7200,1.0020746888
245525,245531,248329,6,2798,2,7200,1.00214438885
245564,245570,248501,6,2931,2,7200,1.00204708291
245565,245577,248485,12,2908,2,7200,1.00412654746
245580,245586,248504,6,2918,2,7200,1.00205620288
245595,245602,248506,7,2904,2,7200,1.00241046832
245667,245673,248894,6,3221,2,7200,1.00186277554
245826,245832,248892,6,3060,2,7200,1.00196078431
245850,245856,248617,6,2761,2,7200,1.00217312568
245976,245982,249011,6,3029,2,7200,1.00198085177
246075,246081,249084,6,3003,2,7200,1.001998002
246210,246217,249230,7,3013,2,7200,1.00232326585
246273,246281,249353,8,3072,2,7200,1.00260416667
246394,246400,248986,6,2586,2,7200,1.00232018561
246448,246454,249466,6,3012,2,7200,1.00199203187
246526,246533,249403,7,2870,2,7200,1.00243902439
246558,246565,249175,7,2610,2,7200,1.00268199234
246706,246713,249623,7,2910,2,7200,1.00240549828
246724,246731,249933,7,3202,2,7200,1.00218613367
246964,246971,249808,7,2837,2,7200,1.00246739514
247021,247028,250098,7,3070,2,7200,1.00228013029
247120,247127,250335,7,3208,2,7200,1.00218204489
247189,247196,249841,7,2645,2,7200,1.00264650284
247370,247377,249997,7,2620,2,7200,1.00267175573
247469,247475,250326,6,2851,2,7200,1.00210452473
247484,247490,250733,6,3243,2,7200,1.00185013876
247485,247497,250437,12,2940,2,7200,1.00408163265
247599,247605,250730,6,3125,2,7200,1.00192
247632,247638,250668,6,3030,2,7200,1.00198019802
247634,247644,250804,10,3160,2,7200,1.00316455696
247793,247800,250977,7,3177,2,7200,1.00220333648
247889,247895,250923,6,3028,2,7200,1.00198150594
247904,247910,251058,6,3148,2,7200,1.00190597205
247949,247955,251059,6,3104,2,7200,1.00193298969
247967,247973,251153,6,3180,2,7200,1.00188679245
248069,248076,250762,7,2686,2,7200,1.00260610573
248147,248153,250988,6,2835,2,7200,1.00211640212
248174,248180,251182,6,3002,2,7200,1.00199866755
248252,248258,251139,6,2881,2,7200,1.0020826102
248310,254063,259805,5753,5742,8,57600,2.00191570881
248330,248337,250815,7,2478,2,7200,1.00282485876
248348,248354,251234,6,2880,2,7200,1.00208333333
248355,254068,258446,5713,4378,8,57600,2.30493375971
248381,248388,251308,7,2920,2,7200,1.00239726027
248387,260466,266328,12079,5862,8,57600,3.06055953599
248486,248492,251247,6,2755,2,7200,1.00217785844
248504,248510,251634,6,3124,2,7200,1.0019206146
248505,248517,251352,12,2835,2,7200,1.00423280423
248520,248526,251759,6,3233,2,7200,1.00185586143
248613,265877,283160,17264,17283,8,57600,1.99890065382
248619,248626,251386,7,2760,2,7200,1.00253623188
248644,265883,293033,17239,27150,8,57600,1.63495395948
248666,266339,276445,17673,10106,8,57600,2.74876311102
248893,248900,251875,7,2975,2,7200,1.00235294118
248895,248907,251556,12,2649,2,7200,1.00453001133
248988,248994,251990,6,2996,2,7200,1.00200267023
249012,249018,251807,6,2789,2,7200,1.00215130871
249084,249090,251971,6,2881,2,7200,1.0020826102
249177,249183,252185,6,3002,2,7200,1.00199866755
249231,249237,252583,6,3346,2,7200,1.00179318589
249354,249360,252367,6,3007,2,7200,1.0019953442
249363,251959,251961,2596,2,2,3540,259.8
249402,249408,252570,6,3162,2,7200,1.00189753321
249468,249474,252229,6,2755,2,7200,1.00217785844
249625,249632,252652,7,3020,2,7200,1.00231788079
249811,249817,252616,6,2799,2,7200,1.00214362272
249841,249847,252395,6,2548,2,7200,1.00235478807
249934,249941,253127,7,3186,2,7200,1.00219711237
249997,250003,252769,6,2766,2,7200,1.0021691974
250099,250106,252962,7,2856,2,7200,1.00245098039
250328,250334,253172,6,2838,2,7200,1.0021141649
250343,250353,252942,10,2589,2,7200,1.00386249517
250439,250449,253339,10,2890,2,7200,1.00346020761
250671,250680,253829,9,3149,2,7200,1.00285805017
250731,250742,253870,11,3128,2,7200,1.00351662404
250746,250752,253677,6,2925,2,7200,1.00205128205
250763,250773,253488,10,2715,2,7200,1.00368324125
250806,250816,253752,10,2936,2,7200,1.00340599455
250820,250826,253872,6,3046,2,7200,1.00196979645
250925,250935,254066,10,3131,2,7200,1.00319386777
250976,250988,253687,12,2699,2,7200,1.00444609114
250991,251000,253607,9,2607,2,7200,1.00345224396
251057,251070,254374,13,3304,2,7200,1.0039346247
251072,251078,254130,6,3052,2,7200,1.00196592398
251141,251150,254101,9,2951,2,7200,1.00304981362
251156,251165,254241,9,3076,2,7200,1.00292587776
251183,251193,254266,10,3073,2,7200,1.00325414904
251234,251245,254146,11,2901,2,7200,1.00379179593
251248,251258,254030,10,2772,2,7200,1.00360750361
251311,251321,254139,10,2818,2,7200,1.00354861604
251353,251365,254489,12,3124,2,7200,1.00384122919
251386,251397,254227,11,2830,2,7200,1.0038869258
251539,254047,256207,2508,2160,25,7199,2.16111111111
251558,251569,254746,11,3177,2,7200,1.0034623859
251636,251645,254863,9,3218,2,7200,1.00279676818
251759,251771,254348,12,2577,2,7200,1.00465657742
251807,251820,254509,13,2689,2,7200,1.00483451097
251876,251886,254903,10,3017,2,7200,1.00331455088
251972,251979,254919,7,2940,2,7200,1.00238095238
251990,251997,255044,7,3047,2,7200,1.00229734165
252186,252192,255313,6,3121,2,7200,1.00192246075
252231,252237,255257,6,3020,2,7200,1.00198675497
252369,252375,255337,6,2962,2,7200,1.00202565834
252396,252403,255318,7,2915,2,7200,1.00240137221
252570,252576,255537,6,2961,2,7200,1.00202634245
252585,252592,255590,7,2998,2,7200,1.00233488993
252618,252625,255470,7,2845,2,7200,1.00246045694
252654,252660,255531,6,2871,2,7200,1.00208986416
252771,252777,255649,6,2872,2,7200,1.00208913649
252942,252949,256056,7,3107,2,7200,1.00225297715
252963,252969,256081,6,3112,2,7200,1.00192802057
253128,253136,256221,8,3085,2,7200,1.00259319287
253173,253180,256218,7,3038,2,7200,1.00230414747
253339,253345,255857,6,2512,2,7200,1.00238853503
253489,253496,256549,7,3053,2,7200,1.00229282673
253609,253615,256383,6,2768,2,7200,1.00216763006
253678,253685,256722,7,3037,2,7200,1.00230490616
253693,253699,256720,6,3021,2,7200,1.00198609732
253753,253759,256616,6,2857,2,7200,1.00210010501
253831,253838,256842,7,3004,2,7200,1.00233022636
253870,253877,256461,7,2584,2,7200,1.00270897833
253885,253891,256846,6,2955,2,7200,1.00203045685
254033,254039,257047,6,3008,2,7200,1.00199468085
254068,254076,257088,8,3012,2,7200,1.0026560425
254101,254108,256918,7,2810,2,7200,1.0024911032
254131,254138,257088,7,2950,2,7200,1.00237288136
254146,254152,256686,6,2534,2,7200,1.00236779795
254148,254159,256929,11,2770,2,7200,1.00397111913
254229,254235,257088,6,2853,2,7200,1.00210304942
254243,254250,257088,7,2838,2,7200,1.00246652572
254267,254273,257088,6,2815,2,7200,1.00213143872
254348,254354,257088,6,2734,2,7200,1.00219458669
254375,254382,257088,7,2706,2,7200,1.00258684405
254489,254496,257088,7,2592,2,7200,1.00270061728
254510,254516,257088,6,2572,2,7200,1.00233281493
254748,254755,257088,7,2333,2,7200,1.00300042863
254863,254870,257088,7,2218,2,7200,1.00315599639
254905,254911,257088,6,2177,2,7200,1.00275608636
254919,254926,257088,7,2162,2,7200,1.00323774283
255046,255055,257088,9,2033,2,7200,1.00442695524
255260,255268,257088,8,1820,2,7200,1.0043956044
255312,255318,255494,6,176,2,3540,1.03409090909
255314,255325,257088,11,1763,2,7200,1.00623936472
255329,255335,257088,6,1753,2,7200,1.00342270394
255344,255350,257088,6,1738,2,7200,1.00345224396
255470,255481,257088,11,1607,2,7200,1.00684505289
255502,312611,330884,57109,18273,64,396000,4.12532151261
255533,255543,257088,10,1545,2,7200,1.00647249191
255548,255554,257088,6,1534,2,7200,1.00391134289
255593,255603,257088,10,1485,2,7200,1.00673400673
255650,255661,257088,11,1427,2,7200,1.00770847933
255857,255869,257088,12,1219,2,7200,1.00984413454
256056,256067,257088,11,1021,2,7200,1.01077375122
256083,256092,257088,9,996,2,7200,1.00903614458
256184,262046,308361,5862,46315,64,64800,1.1265680665
256219,256225,257088,6,863,2,7200,1.00695249131
256224,256232,256484,8,252,2,3540,1.03174603175
256234,256240,257088,6,848,2,7200,1.0070754717
256373,312565,312581,56192,16,128,72000,3513.0
256384,256390,257088,6,698,2,7200,1.00859598854
256462,256468,257088,6,620,2,7200,1.00967741935
256549,256555,257088,6,533,2,7200,1.01125703565
256618,256624,257088,6,464,2,7200,1.01293103448
256687,256693,257088,6,395,2,7200,1.01518987342
256721,256728,257088,7,360,2,7200,1.01944444444
256735,256741,257088,6,347,2,7200,1.01729106628
256844,256851,257088,7,237,2,7200,1.02953586498
256858,256864,257088,6,224,2,7200,1.02678571429
256918,256924,257088,6,164,2,7200,1.03658536585
256933,256940,257088,7,148,2,7200,1.0472972973
257047,257054,257088,7,34,2,7200,1.20588235294
257277,257284,260013,7,2729,2,7200,1.00256504214
257279,257290,260349,11,3059,2,7200,1.00359594639
257280,257296,260002,16,2706,2,7200,1.0059127864
257281,257302,259996,21,2694,2,7200,1.00779510022
257283,257307,260451,24,3144,2,7200,1.00763358779
257284,257312,260408,28,3096,2,7200,1.00904392765
257285,257317,259958,32,2641,2,7200,1.01211662249
257287,257323,260283,36,2960,2,7200,1.01216216216
257288,257328,260135,40,2807,2,7200,1.01425008906
257289,257333,260183,44,2850,2,7200,1.01543859649
257291,257338,260351,47,3013,2,7200,1.01559907069
257292,257345,260183,53,2838,2,7200,1.01867512333
257293,257351,260177,58,2826,2,7200,1.02052370842
257295,257356,260309,61,2953,2,7200,1.02065695902
257296,257361,260513,65,3152,2,7200,1.02062182741
257297,257366,260282,69,2916,2,7200,1.02366255144
257299,257372,260292,73,2920,2,7200,1.025
257300,257377,260228,77,2851,2,7200,1.02700806734
257301,257382,260489,81,3107,2,7200,1.02607016415
257303,257387,260349,84,2962,2,7200,1.02835921675
257304,257393,260259,89,2866,2,7200,1.03105373343
257305,257398,260412,93,3014,2,7200,1.03085600531
257306,257403,260315,97,2912,2,7200,1.03331043956
257308,257409,260215,101,2806,2,7200,1.03599429793
257309,257414,260194,105,2780,2,7200,1.03776978417
257310,257419,260252,109,2833,2,7200,1.03847511472
257312,257425,260264,113,2839,2,7200,1.03980274745
257313,257430,260691,117,3261,2,7200,1.03587856486
257314,257435,260433,121,2998,2,7200,1.04036024016
257316,257441,260613,125,3172,2,7200,1.039407314
257317,257446,259896,129,2450,2,7200,1.05265306122
257318,257451,260308,133,2857,2,7200,1.04655232762
257320,257457,260403,137,2946,2,7200,1.04650373388
257321,257462,260250,141,2788,2,7200,1.05057388809
257322,257467,260288,145,2821,2,7200,1.05140021269
257324,257473,260319,149,2846,2,7200,1.05235418131
257325,257478,260580,153,3102,2,7200,1.04932301741
257326,257483,260227,157,2744,2,7200,1.05721574344
257328,257489,260580,161,3091,2,7200,1.05208670333
257329,257494,260319,165,2825,2,7200,1.05840707965
259898,259904,263088,6,3184,2,7200,1.00188442211
259958,259964,262918,6,2954,2,7200,1.00203114421
259997,260003,262776,6,2773,2,7200,1.0021637216
260011,260018,262859,7,2841,2,7200,1.00246392115
260026,260033,262871,7,2838,2,7200,1.00246652572
260137,260143,263081,6,2938,2,7200,1.00204220558
260179,260185,263043,6,2858,2,7200,1.00209937019
260194,260200,263109,6,2909,2,7200,1.00206256446
260195,260212,262962,17,2750,2,7200,1.00618181818
260197,260217,262764,20,2547,2,7200,1.00785237534
260201,260207,260217,6,10,2,3540,1.6
260217,260223,262805,6,2582,2,7200,1.00232378002
260232,260238,262982,6,2744,2,7200,1.00218658892
260233,260245,262854,12,2609,2,7200,1.0045994634
260251,260257,262948,6,2691,2,7200,1.0022296544
260266,260272,263137,6,2865,2,7200,1.00209424084
260267,260278,263122,11,2844,2,7200,1.00386779184
260269,260284,263210,15,2926,2,7200,1.00512645249
260284,260290,262775,6,2485,2,7200,1.00241448692
260285,260297,263364,12,3067,2,7200,1.00391261819
260300,260306,263075,6,2769,2,7200,1.00216684724
260301,260312,263162,11,2850,2,7200,1.00385964912
260316,260322,263135,6,2813,2,7200,1.00213295414
260318,260330,263239,12,2909,2,7200,1.00412512891
260319,260335,262883,16,2548,2,7200,1.00627943485
260334,260341,262908,7,2567,2,7200,1.00272691858
260335,260347,263340,12,2993,2,7200,1.00400935516
260350,260356,263373,6,3017,2,7200,1.00198873053
260351,260363,263712,12,3349,2,7200,1.00358315915
260366,260372,262868,6,2496,2,7200,1.00240384615
260405,260412,263705,7,3293,2,7200,1.00212572123
260419,260425,263462,6,3037,2,7200,1.00197563385
260421,260433,263490,12,3057,2,7200,1.00392541708
260435,260442,263356,7,2914,2,7200,1.00240219629
260453,260460,263413,7,2953,2,7200,1.00237047071
260492,260501,263251,9,2750,2,7200,1.00327272727
260515,260525,263399,10,2874,2,7200,1.00347947112
260581,260588,262982,7,2394,2,7200,1.00292397661
260583,260595,263452,12,2857,2,7200,1.00420021001
260615,260623,263145,8,2522,2,7200,1.00317208565
260687,260694,263427,7,2733,2,7200,1.00256128796
262765,262771,265455,6,2684,2,7200,1.00223546945
262780,262786,265668,6,2882,2,7200,1.00208188758
262781,262793,265623,12,2830,2,7200,1.00424028269
262809,262815,265861,6,3046,2,7200,1.00196979645
262857,262863,265652,6,2789,2,7200,1.00215130871
262871,262878,265279,7,2401,2,7200,1.0029154519
262873,262884,265686,11,2802,2,7200,1.00392576731
262874,262891,265991,17,3100,2,7200,1.00548387097
262889,262898,265838,9,2940,2,7200,1.00306122449
262909,262916,265820,7,2904,2,7200,1.00241046832
262924,262930,265874,6,2944,2,7200,1.00203804348
262951,262957,265814,6,2857,2,7200,1.00210010501
262965,262973,265589,8,2616,2,7200,1.00305810398
262983,262989,265877,6,2888,2,7200,1.00207756233
262985,262996,265662,11,2666,2,7200,1.00412603151
263044,263051,265799,7,2748,2,7200,1.00254730713
263077,263083,266120,6,3037,2,7200,1.00197563385
263092,263099,266081,7,2982,2,7200,1.00234741784
263093,263106,265997,13,2891,2,7200,1.00449671394
263111,263117,265826,6,2709,2,7200,1.00221483942
263126,263132,266009,6,2877,2,7200,1.00208550574
263140,263146,266027,6,2881,2,7200,1.0020826102
263142,263153,266421,11,3268,2,7200,1.00336597307
263156,263162,266059,6,2897,2,7200,1.00207110804
263171,263177,266183,6,3006,2,7200,1.00199600798
263213,263219,266009,6,2790,2,7200,1.00215053763
263239,263245,265961,6,2716,2,7200,1.00220913108
263254,263260,266138,6,2878,2,7200,1.0020847811
263341,263348,266506,7,3158,2,7200,1.00221659278
263359,263366,266440,7,3074,2,7200,1.00227716331
263374,263380,266462,6,3082,2,7200,1.0019467878
263375,263387,266460,12,3073,2,7200,1.00390497885
263399,263406,266625,7,3219,2,7200,1.00217458838
263413,263420,266146,7,2726,2,7200,1.002567865
263428,263435,266404,7,2969,2,7200,1.00235769619
263452,263459,266031,7,2572,2,7200,1.00272161742
263467,263473,266271,6,2798,2,7200,1.00214438885
263490,263497,266482,7,2985,2,7200,1.00234505863
263707,263714,266968,7,3254,2,7200,1.00215119852
263721,263728,266568,7,2840,2,7200,1.00246478873
264686,264693,264860,7,167,2,3540,1.04191616766
265282,265289,267889,7,2600,2,7200,1.00269230769
265457,265463,268247,6,2784,2,7200,1.00215517241
265592,265599,268775,7,3176,2,7200,1.00220403023
265625,265631,268599,6,2968,2,7200,1.00202156334
265651,265658,268638,7,2980,2,7200,1.00234899329
265666,265672,268860,6,3188,2,7200,1.00188205772
265681,265687,268258,6,2571,2,7200,1.00233372229
265695,265702,268107,7,2405,2,7200,1.00291060291
265801,265807,269183,6,3376,2,7200,1.00177725118
265815,265821,268704,6,2883,2,7200,1.00208116545
265830,265836,268652,6,2816,2,7200,1.00213068182
265831,265843,268746,12,2903,2,7200,1.00413365484
265846,265852,268653,6,2801,2,7200,1.00214209211
265864,265870,268714,6,2844,2,7200,1.00210970464
265880,265889,268872,9,2983,2,7200,1.00301709688
265881,265895,268902,14,3007,2,7200,1.00465580313
265962,265968,268901,6,2933,2,7200,1.00204568701
265992,265998,268797,6,2799,2,7200,1.00214362272
266006,266013,268761,7,2748,2,7200,1.00254730713
266021,266027,268648,6,2621,2,7200,1.00228920259
266022,266034,268801,12,2767,2,7200,1.00433682689
266037,266044,269236,7,3192,2,7200,1.00219298246
266040,266050,268759,10,2709,2,7200,1.00369139904
266061,266067,268961,6,2894,2,7200,1.00207325501
266084,266090,269038,6,2948,2,7200,1.00203527815
266120,266126,269360,6,3234,2,7200,1.00185528757
266138,266144,269008,6,2864,2,7200,1.00209497207
266153,266158,269306,5,3148,2,7200,1.00158831004
266185,266192,268832,7,2640,2,7200,1.00265151515
266272,266279,269308,7,3029,2,7200,1.00231099373
266405,266411,269507,6,3096,2,7200,1.0019379845
266422,266429,269281,7,2852,2,7200,1.00245441795
266440,266446,268971,6,2525,2,7200,1.00237623762
266461,266467,269357,6,2890,2,7200,1.00207612457
266475,266482,269443,7,2961,2,7200,1.00236406619
266490,266496,269537,6,3041,2,7200,1.00197303519
266508,266514,269515,6,3001,2,7200,1.00199933356
266571,266577,269554,6,2977,2,7200,1.0020154518
266628,266634,269722,6,3088,2,7200,1.00194300518
266970,266977,270007,7,3030,2,7200,1.00231023102
267890,267896,270599,6,2703,2,7200,1.00221975583
268109,268116,271031,7,2915,2,7200,1.00240137221
268248,268254,271116,6,2862,2,7200,1.00209643606
268262,268268,271219,6,2951,2,7200,1.00203320908
268602,268608,271413,6,2805,2,7200,1.00213903743
268638,268644,271688,6,3044,2,7200,1.00197109067
268653,268659,271707,6,3048,2,7200,1.00196850394
268654,268666,271580,12,2914,2,7200,1.00411805079
268655,268672,271278,17,2606,2,7200,1.00652340752
268706,268712,271798,6,3086,2,7200,1.00194426442
268721,268727,271751,6,3024,2,7200,1.00198412698
268748,268754,271629,6,2875,2,7200,1.00208695652
268762,268769,271432,7,2663,2,7200,1.00262861434
268764,268775,271605,11,2830,2,7200,1.0038869258
268778,268785,271661,7,2876,2,7200,1.00243393602
268799,268805,271731,6,2926,2,7200,1.002050581
268814,268820,271986,6,3166,2,7200,1.00189513582
268834,268841,271655,7,2814,2,7200,1.00248756219
268861,268867,271635,6,2768,2,7200,1.00216763006
268876,268882,271704,6,2822,2,7200,1.00212615167
268903,268909,272275,6,3366,2,7200,1.00178253119
268904,268916,271976,12,3060,2,7200,1.00392156863
268961,268967,271781,6,2814,2,7200,1.00213219616
268976,268982,271853,6,2871,2,7200,1.00208986416
269008,269015,272119,7,3104,2,7200,1.00225515464
269035,269041,271899,6,2858,2,7200,1.00209937019
269186,269192,272164,6,2972,2,7200,1.00201884253
269237,269243,272336,6,3093,2,7200,1.00193986421
269281,269288,271980,7,2692,2,7200,1.00260029718
269308,269314,272552,6,3238,2,7200,1.00185299568
269309,269320,272044,11,2724,2,7200,1.00403817915
269358,269364,272379,6,3015,2,7200,1.00199004975
269372,269378,272043,6,2665,2,7200,1.00225140713
269444,269450,272227,6,2777,2,7200,1.00216060497
269507,269513,272140,6,2627,2,7200,1.00228397411
269522,269527,272361,5,2834,2,7200,1.00176429076
269539,269545,272585,6,3040,2,7200,1.00197368421
269554,269560,272358,6,2798,2,7200,1.00214438885
269722,269728,272595,6,2867,2,7200,1.00209277991
270009,270015,272709,6,2694,2,7200,1.00222717149
270601,270607,273650,6,3043,2,7200,1.00197173842
271034,271039,274108,5,3069,2,7200,1.00162919518
271119,271125,274273,6,3148,2,7200,1.00190597205
271221,271227,274190,6,2963,2,7200,1.00202497469
271277,271284,274311,7,3027,2,7200,1.00231252065
271413,271419,274357,6,2938,2,7200,1.00204220558
271433,271440,274189,7,2749,2,7200,1.0025463805
271581,271587,274540,6,2953,2,7200,1.00203183204
271607,271614,274723,7,3109,2,7200,1.00225152782
271631,271637,274769,6,3132,2,7200,1.00191570881
271646,271652,274446,6,2794,2,7200,1.00214745884
271661,271667,274632,6,2965,2,7200,1.00202360877
271662,271673,274920,11,3247,2,7200,1.00338774253
271689,271695,274618,6,2923,2,7200,1.0020526856
271704,271710,274707,6,2997,2,7200,1.002002002
271718,271725,274682,7,2957,2,7200,1.00236726412
271733,271740,274641,7,2901,2,7200,1.00241296105
271754,271760,274392,6,2632,2,7200,1.00227963526
271781,271787,274786,6,2999,2,7200,1.00200066689
271799,271805,274586,6,2781,2,7200,1.0021574973
271853,271859,274886,6,3027,2,7200,1.00198216056
271901,271907,274585,6,2678,2,7200,1.00224047797
271979,271985,274938,6,2953,2,7200,1.00203183204
271994,272000,274857,6,2857,2,7200,1.00210010501
271995,272006,275099,11,3093,2,7200,1.00355641772
272043,272049,275075,6,3026,2,7200,1.0019828156
272058,272064,274720,6,2656,2,7200,1.00225903614
272121,272127,275334,6,3207,2,7200,1.00187090739
272141,272148,274859,7,2711,2,7200,1.00258207304
272165,272171,275281,6,3110,2,7200,1.00192926045
272228,272234,275375,6,3141,2,7200,1.00191021968
272276,272282,275300,6,3018,2,7200,1.00198807157
272336,272342,275320,6,2978,2,7200,1.00201477502
272360,272366,275324,6,2958,2,7200,1.00202839757
272374,272381,274921,7,2540,2,7200,1.00275590551
272389,272395,275420,6,3025,2,7200,1.00198347107
272554,272561,275756,7,3195,2,7200,1.00219092332
272587,272593,275816,6,3223,2,7200,1.00186161961
272602,272608,275738,6,3130,2,7200,1.00191693291
272710,272716,275245,6,2529,2,7200,1.00237247924
273652,273659,276462,7,2803,2,7200,1.0024973243
274110,274116,276744,6,2628,2,7200,1.00228310502
274185,274191,276731,6,2540,2,7200,1.00236220472
274199,274205,277081,6,2876,2,7200,1.00208623088
274274,274280,276974,6,2694,2,7200,1.00222717149
274313,274319,277233,6,2914,2,7200,1.00205902539
274358,274364,277052,6,2688,2,7200,1.00223214286
274394,274400,277542,6,3142,2,7200,1.00190961171
274448,274454,277485,6,3031,2,7200,1.0019795447
274542,274548,277597,6,3049,2,7200,1.00196785831
274588,274594,277544,6,2950,2,7200,1.00203389831
274589,274601,277267,12,2666,2,7200,1.00450112528
274619,274626,277815,7,3189,2,7200,1.00219504547
274634,274640,277526,6,2886,2,7200,1.00207900208
274649,274655,277635,6,2980,2,7200,1.00201342282
274681,274688,277697,7,3009,2,7200,1.00232635427
274708,274714,277430,6,2716,2,7200,1.00220913108
274723,274729,277504,6,2775,2,7200,1.00216216216
274724,274735,277546,11,2811,2,7200,1.00391319815
274769,274776,277624,7,2848,2,7200,1.00245786517
274787,274793,277676,6,2883,2,7200,1.00208116545
274859,274865,277853,6,2988,2,7200,1.00200803213
274860,274871,277413,11,2542,2,7200,1.00432730134
274887,274893,277861,6,2968,2,7200,1.00202156334
274920,274926,277861,6,2935,2,7200,1.00204429302
274934,274941,278092,7,3151,2,7200,1.00222151698
274949,274955,277972,6,3017,2,7200,1.00198873053
275075,275081,278015,6,2934,2,7200,1.00204498978
275099,275105,278041,6,2936,2,7200,1.00204359673
275246,275252,278010,6,2758,2,7200,1.00217548949
275283,275289,277837,6,2548,2,7200,1.00235478807
275300,275306,278079,6,2773,2,7200,1.0021637216
275321,275327,277914,6,2587,2,7200,1.00231928875
275336,275342,278025,6,2683,2,7200,1.00223630265
275337,275348,277877,11,2529,2,7200,1.00434954527
275376,275382,278365,6,2983,2,7200,1.00201139792
275421,275427,278161,6,2734,2,7200,1.00219458669
275483,275489,275622,6,133,1,3600,1.04511278195
275741,275747,278773,6,3026,2,7200,1.0019828156
275744,275754,276054,10,300,1,3600,1.03333333333
275759,275765,278640,6,2875,2,7200,1.00208695652
275816,275822,278691,6,2869,2,7200,1.00209132102
276272,276278,276889,6,611,1,3600,1.00981996727
276464,276470,279518,6,3048,2,7200,1.00196850394
276732,276738,279431,6,2693,2,7200,1.00222799851
276746,276752,279718,6,2966,2,7200,1.0020229265
276977,276983,279980,6,2997,2,7200,1.002002002
277052,277058,279766,6,2708,2,7200,1.00221565731
277082,277088,280080,6,2992,2,7200,1.00200534759
277235,277241,280271,6,3030,2,7200,1.00198019802
277268,277274,280507,6,3233,2,7200,1.00185586143
277415,277421,280365,6,2944,2,7200,1.00203804348
277432,277439,280132,7,2693,2,7200,1.0025993316
277486,277492,280262,6,2770,2,7200,1.00216606498
277504,277511,280240,7,2729,2,7200,1.00256504214
277528,277534,280284,6,2750,2,7200,1.00218181818
277543,277549,280484,6,2935,2,7200,1.00204429302
277558,277564,280199,6,2635,2,7200,1.00227703985
277559,277570,280533,11,2963,2,7200,1.00371245359
277598,277604,280549,6,2945,2,7200,1.00203735144
277625,277631,280447,6,2816,2,7200,1.00213068182
277639,277646,280488,7,2842,2,7200,1.00246305419
277678,277684,280253,6,2569,2,7200,1.00233553912
277699,277705,280548,6,2843,2,7200,1.00211044671
277785,277791,277888,6,97,1,3600,1.0618556701
277816,277822,280747,6,2925,2,7200,1.00205128205
277836,277843,281046,7,3203,2,7200,1.00218545114
277851,277857,280948,6,3091,2,7200,1.00194111938
277866,277872,280858,6,2986,2,7200,1.00200937709
277867,277878,280830,11,2952,2,7200,1.00372628726
277882,277888,280757,6,2869,2,7200,1.00209132102
277915,277921,280712,6,2791,2,7200,1.00214976711
277972,277978,281019,6,3041,2,7200,1.00197303519
277997,278003,278298,6,295,1,18000,1.02033898305
278011,278017,281088,6,3071,2,7200,1.00195376099
278013,278023,278314,10,291,1,3600,1.03436426117
278026,278032,281063,6,3031,2,7200,1.0019795447
278027,278038,280620,11,2582,2,7200,1.00426026336
278042,278048,280730,6,2682,2,7200,1.00223713647
278080,278087,281081,7,2994,2,7200,1.00233800935
278095,278101,281346,6,3245,2,7200,1.00184899846
278161,278167,281318,6,3151,2,7200,1.00190415741
278367,278373,281552,6,3179,2,7200,1.00188738597
278575,278581,279162,6,581,1,3600,1.01032702238
278643,278649,281555,6,2906,2,7200,1.00206469374
278686,278693,278695,7,2,1,1800,1.0
278694,278700,281823,6,3123,2,7200,1.00192122959
278701,278707,278711,6,4,1,18000,1.0
278725,278731,279525,6,794,1,18000,1.00755667506
278774,278781,281622,7,2841,2,7200,1.00246392115
278853,278859,278940,6,81,1,1800,1.07407407407
279198,279204,279306,6,102,1,1800,1.05882352941
279426,279432,282035,6,2603,2,7200,1.00230503265
279519,279525,282425,6,2900,2,7200,1.00206896552
279721,279727,282889,6,3162,2,7200,1.00189753321
279766,279772,282958,6,3186,2,7200,1.00188323917
279771,279778,279858,7,80,1,18000,1.0875
279982,279988,282410,6,2422,2,7200,1.00247729149
279986,279995,280364,9,369,1,1800,1.0243902439
280081,280088,283112,7,3024,2,7200,1.00231481481
280132,280139,283064,7,2925,2,7200,1.00239316239
280201,280208,283274,7,3066,2,7200,1.00228310502
280240,280246,283130,6,2884,2,7200,1.00208044383
280255,280261,283037,6,2776,2,7200,1.00216138329
280270,280276,282899,6,2623,2,7200,1.00228745711
280285,280291,283244,6,2953,2,7200,1.00203183204
280286,280297,283423,11,3126,2,7200,1.00351887396
280367,280374,283179,7,2805,2,7200,1.00249554367
280449,280456,283241,7,2785,2,7200,1.00251346499
280485,280491,283336,6,2845,2,7200,1.00210896309
280500,280506,283156,6,2650,2,7200,1.00226415094
280514,280520,283515,6,2995,2,7200,1.0020033389
280535,280541,283428,6,2887,2,7200,1.00207828195
280550,280556,283439,6,2883,2,7200,1.00208116545
280551,280562,283174,11,2612,2,7200,1.00421133231
280623,280628,283816,5,3188,2,7200,1.00156838143
280713,280719,283553,6,2834,2,7200,1.00211714891
280730,280736,283734,6,2998,2,7200,1.00200133422
280748,280754,283582,6,2828,2,7200,1.00212164074
280762,280768,283600,6,2832,2,7200,1.00211864407
280831,280838,283732,7,2894,2,7200,1.00241879751
280858,280864,283621,6,2757,2,7200,1.00217627856
280948,280954,284094,6,3140,2,7200,1.00191082803
281021,281027,284120,6,3093,2,7200,1.00193986421
281047,281054,284256,7,3202,2,7200,1.00218613367
281057,281063,281064,6,1,1,1800,1.0
281065,281071,284438,6,3367,2,7200,1.00178200178
281083,281089,284118,6,3029,2,7200,1.00198085177
281097,281104,284101,7,2997,2,7200,1.002335669
281255,281262,281300,7,38,1,1800,1.18421052632
281321,281327,284151,6,2824,2,7200,1.00212464589
281347,281354,284235,7,2881,2,7200,1.00242971191
281541,281547,281618,6,71,1,1800,1.08450704225
281555,281561,284302,6,2741,2,7200,1.00218898212
281557,281567,284108,10,2541,2,7200,1.00393545848
281623,281629,284517,6,2888,2,7200,1.00207756233
281825,281831,284894,6,3063,2,7200,1.00195886386
282038,282044,284890,6,2846,2,7200,1.00210822207
282261,282267,282514,6,247,1,1800,1.02429149798
282412,282418,285461,6,3043,2,7200,1.00197173842
282426,282433,285823,7,3390,2,7200,1.00206489676
282682,282688,282770,6,82,1,1800,1.07317073171
282891,282897,285896,6,2999,2,7200,1.00200066689
282906,282912,285881,6,2969,2,7200,1.00202088245
282959,282966,285977,7,3011,2,7200,1.00232480903
283023,283029,283118,6,89,1,1800,1.06741573034
283037,283043,286432,6,3389,2,7200,1.00177043376
283064,283070,286034,6,2964,2,7200,1.0020242915
283073,283079,297606,6,14527,4,14400,1.00041302402
283115,283121,285960,6,2839,2,7200,1.00211342022
283133,283140,285862,7,2722,2,7200,1.0025716385
283157,283163,286015,6,2852,2,7200,1.00210378682
283175,283181,285958,6,2777,2,7200,1.00216060497
283189,283195,285751,6,2556,2,7200,1.00234741784
283243,283249,286110,6,2861,2,7200,1.00209716882
283258,283264,285811,6,2547,2,7200,1.0023557126
283275,283282,286474,7,3192,2,7200,1.00219298246
283338,283344,286111,6,2767,2,7200,1.00216841344
283425,283431,286517,6,3086,2,7200,1.00194426442
283440,283446,286488,6,3042,2,7200,1.00197238659
283441,283452,286023,11,2571,2,7200,1.00427849086
283516,283522,286391,6,2869,2,7200,1.00209132102
283555,283561,286552,6,2991,2,7200,1.00200601805
283584,283591,286525,7,2934,2,7200,1.0023858214
283602,283608,286346,6,2738,2,7200,1.00219138057
283623,283629,286808,6,3179,2,7200,1.00188738597
283650,283656,284030,6,374,1,1800,1.01604278075
283734,283740,286504,6,2764,2,7200,1.002170767
283736,283746,286406,10,2660,2,7200,1.0037593985
283817,283823,286473,6,2650,2,7200,1.00226415094
284095,284102,286777,7,2675,2,7200,1.00261682243
284110,284116,286830,6,2714,2,7200,1.00221075903
284111,284122,287065,11,2943,2,7200,1.00373768264
284126,284132,286934,6,2802,2,7200,1.00214132762
284128,284138,286888,10,2750,2,7200,1.00363636364
284151,284157,287250,6,3093,2,7200,1.00193986421
284235,284241,287194,6,2953,2,7200,1.00203183204
284259,284265,287230,6,2965,2,7200,1.00202360877
284304,284310,287356,6,3046,2,7200,1.00196979645
284439,284445,287005,6,2560,2,7200,1.00234375
284517,284523,287398,6,2875,2,7200,1.00208695652
284891,284897,287398,6,2501,2,7200,1.00239904038
284905,284912,287398,7,2486,2,7200,1.0028157683
285267,285274,285312,7,38,1,1800,1.18421052632
285464,285470,287399,6,1929,2,7200,1.00311041991
285559,285565,285637,6,72,1,1800,1.08333333333
285753,285759,287399,6,1640,2,7200,1.00365853659
285813,285819,287399,6,1580,2,7200,1.00379746835
285827,285833,287399,6,1566,2,7200,1.00383141762
285863,285869,287399,6,1530,2,7200,1.00392156863
285881,285887,287399,6,1512,2,7200,1.00396825397
285898,285905,287399,7,1494,2,7200,1.0046854083
285959,285965,287399,6,1434,2,7200,1.00418410042
285973,285980,287399,7,1419,2,7200,1.00493305144
285988,285994,287399,6,1405,2,7200,1.00427046263
286015,286021,287399,6,1378,2,7200,1.00435413643
286029,286035,287399,6,1364,2,7200,1.00439882698
286044,286050,287399,6,1349,2,7200,1.00444773907
286110,286116,287399,6,1283,2,7200,1.00467653936
286124,286131,287399,7,1268,2,7200,1.00552050473
286279,286286,286528,7,242,1,1800,1.02892561983
286347,286353,287399,6,1046,2,7200,1.00573613767
286392,286398,287399,6,1001,2,7200,1.00599400599
286407,286413,287399,6,986,2,7200,1.0060851927
286433,286440,287399,7,959,2,7200,1.00729927007
286475,286482,287399,7,917,2,7200,1.00763358779
286477,286488,287399,11,911,2,7200,1.01207464325
286491,286498,287399,7,901,2,7200,1.00776914539
286506,286512,287399,6,887,2,7200,1.0067643743
286521,286527,287399,6,872,2,7200,1.00688073394
286536,286542,287399,6,857,2,7200,1.00700116686
286554,286560,287399,6,839,2,7200,1.00715137068
286780,286786,287399,6,613,2,7200,1.00978792822
286809,286816,287399,7,583,2,7200,1.01200686106
286830,286836,287399,6,563,2,7200,1.01065719361
286890,286896,287399,6,503,2,7200,1.01192842942
286935,286941,287399,6,458,2,7200,1.01310043668
287007,287013,287399,6,386,2,7200,1.01554404145
287067,287073,287399,6,326,2,7200,1.01840490798
287196,287202,287399,6,197,2,7200,1.03045685279
287232,287238,287399,6,161,2,7200,1.03726708075
287250,287256,287399,6,143,2,7200,1.04195804196
287358,287364,287399,6,35,2,7200,1.17142857143
287670,287676,290590,6,2914,2,7200,1.00205902539
287671,287682,290835,11,3153,2,7200,1.00348874088
287672,287688,290742,16,3054,2,7200,1.00523903078
287673,287693,290638,20,2945,2,7200,1.00679117148
287675,287698,290655,23,2957,2,7200,1.00777815353
287676,287703,290706,27,3003,2,7200,1.00899100899
287677,287709,290631,32,2922,2,7200,1.01095140315
287679,287714,290782,35,3068,2,7200,1.01140808344
287680,287720,290913,40,3193,2,7200,1.0125274037
287681,287725,290641,44,2916,2,7200,1.01508916324
287683,287730,290648,47,2918,2,7200,1.01610692255
287684,287735,290870,51,3135,2,7200,1.01626794258
287686,287741,290613,55,2872,2,7200,1.01915041783
287687,287746,290501,59,2755,2,7200,1.02141560799
287688,287751,290525,63,2774,2,7200,1.02271088681
287690,287756,290842,66,3086,2,7200,1.02138690862
287691,287762,290647,71,2885,2,7200,1.02461005199
287692,287767,290402,75,2635,2,7200,1.0284629981
287694,287772,290209,78,2437,2,7200,1.03200656545
287695,287777,290973,82,3196,2,7200,1.02565707134
287696,287783,290770,87,2987,2,7200,1.02912621359
287698,287788,290493,90,2705,2,7200,1.03327171904
287699,287793,291042,94,3249,2,7200,1.02893197907
287700,287799,290600,99,2801,2,7200,1.03534451981
287702,287804,290706,102,2902,2,7200,1.03514817367
287703,287809,290879,106,3070,2,7200,1.0345276873
287704,287815,290718,111,2903,2,7200,1.03823630727
287706,287820,290691,114,2871,2,7200,1.03970741902
287707,287826,290561,119,2735,2,7200,1.04351005484
287708,287831,290859,123,3028,2,7200,1.04062087186
287710,287836,290775,126,2939,2,7200,1.04287172508
287711,287841,290992,130,3151,2,7200,1.04125674389
287712,287847,290559,135,2712,2,7200,1.04977876106
287713,287852,290905,139,3053,2,7200,1.04552898788
287715,287857,290789,142,2932,2,7200,1.04843110505
287716,287862,290748,146,2886,2,7200,1.05058905059
287717,287868,290735,151,2867,2,7200,1.05266829438
287719,287873,290720,154,2847,2,7200,1.05409202669
287720,287878,291049,158,3171,2,7200,1.04982655314
287721,287883,290743,162,2860,2,7200,1.05664335664
289399,289405,289409,6,4,1,600,1.0
289527,289533,289535,6,2,1,600,1.0
289710,289716,289725,6,9,1,600,1.5
290032,290038,318886,6,28848,8,28800,1.00020798669
290212,290218,293157,6,2939,2,7200,1.00204151072
290404,290410,293252,6,2842,2,7200,1.0021111893
290494,290500,293258,6,2758,2,7200,1.00217548949
290509,290515,293252,6,2737,2,7200,1.00219218122
290526,290533,293670,7,3137,2,7200,1.0022314313
290559,290565,293564,6,2999,2,7200,1.00200066689
290573,290580,293623,7,3043,2,7200,1.00230036149
290591,290597,293686,6,3089,2,7200,1.00194237617
290606,290612,293637,6,3025,2,7200,1.00198347107
290620,290627,293655,7,3028,2,7200,1.00231175694
290635,290642,293186,7,2544,2,7200,1.00275157233
290651,290657,293630,6,2973,2,7200,1.00201816347
290652,290663,293824,11,3161,2,7200,1.00347991142
290653,290669,293721,16,3052,2,7200,1.00524246396
290655,290674,293755,19,3081,2,7200,1.00616682895
290669,290680,293622,11,2942,2,7200,1.00373895309
290693,290699,293634,6,2935,2,7200,1.00204429302
290708,290714,293838,6,3124,2,7200,1.0019206146
290709,290720,293541,11,2821,2,7200,1.00389932648
290724,290730,293581,6,2851,2,7200,1.00210452473
290725,290736,293439,11,2703,2,7200,1.00406955235
290740,290746,293237,6,2491,2,7200,1.00240867122
290755,290761,293976,6,3215,2,7200,1.00186625194
290756,290767,293464,11,2697,2,7200,1.00407860586
290757,290772,293549,15,2777,2,7200,1.00540151242
290772,290779,293838,7,3059,2,7200,1.00228832952
290787,290793,293427,6,2634,2,7200,1.00227790433
290789,290799,293543,10,2744,2,7200,1.00364431487
290803,290809,293956,6,3147,2,7200,1.00190657769
290836,290842,293900,6,3058,2,7200,1.00196206671
290850,290857,293792,7,2935,2,7200,1.00238500852
290864,312627,393668,21763,81041,6,165600,1.26854308313
290865,290871,293657,6,2786,2,7200,1.00215362527
290880,290886,293943,6,3057,2,7200,1.00196270854
290882,290893,294063,11,3170,2,7200,1.00347003155
290905,290911,293964,6,3053,2,7200,1.00196528005
290920,290926,293647,6,2721,2,7200,1.00220507166
290929,292425,305192,1496,12767,8,21600,1.1171770972
290974,290980,294027,6,3047,2,7200,1.00196914998
290992,290998,294265,6,3267,2,7200,1.00183654729
291043,291049,293730,6,2681,2,7200,1.00223797091
291057,291063,293598,6,2535,2,7200,1.00236686391
291120,293044,302453,1924,9409,8,21600,1.20448506749
291130,293168,314791,2038,21623,8,21600,1.09425149147
291151,293274,305884,2123,12610,8,21600,1.16835844568
291161,293650,298958,2489,5308,8,21600,1.46891484552
293156,293162,296176,6,3014,2,7200,1.00199071002
293186,293192,295896,6,2704,2,7200,1.00221893491
293237,293243,296321,6,3078,2,7200,1.00194931774
293255,293261,296037,6,2776,2,7200,1.00216138329
293257,293268,296418,11,3150,2,7200,1.00349206349
293271,293282,296306,11,3024,2,7200,1.00363756614
293428,293434,296192,6,2758,2,7200,1.00217548949
293443,293449,296352,6,2903,2,7200,1.00206682742
293464,293470,296411,6,2941,2,7200,1.00204012241
293542,293548,296242,6,2694,2,7200,1.00222717149
293557,293563,296655,6,3092,2,7200,1.00194049159
293558,293570,296902,12,3332,2,7200,1.00360144058
293573,293579,296293,6,2714,2,7200,1.00221075903
293588,293594,296430,6,2836,2,7200,1.00211565585
293602,293608,296577,6,2969,2,7200,1.00202088245
293623,293629,296781,6,3152,2,7200,1.0019035533
293638,293644,296426,6,2782,2,7200,1.00215672178
293640,293656,296693,16,3037,2,7200,1.00526835693
293641,293661,296356,20,2695,2,7200,1.00742115028
293642,293666,296407,24,2741,2,7200,1.00875592849
293657,293674,296597,17,2923,2,7200,1.00581594252
293658,293679,296671,21,2992,2,7200,1.00701871658
293660,293684,296528,24,2844,2,7200,1.00843881857
293675,293691,296631,16,2940,2,7200,1.00544217687
293689,293697,296474,8,2777,2,7200,1.00288080663
293723,293729,296654,6,2925,2,7200,1.00205128205
293737,293743,296540,6,2797,2,7200,1.00214515552
293755,293761,296680,6,2919,2,7200,1.00205549846
293794,293800,296318,6,2518,2,7200,1.00238284353
293827,293833,296840,6,3007,2,7200,1.0019953442
293842,293849,296557,7,2708,2,7200,1.00258493353
293843,293855,296921,12,3066,2,7200,1.00391389432
293903,293909,296784,6,2875,2,7200,1.00208695652
293945,293951,296554,6,2603,2,7200,1.00230503265
293960,293966,297146,6,3180,2,7200,1.00188679245
293974,293981,296774,7,2793,2,7200,1.00250626566
293989,293995,296708,6,2713,2,7200,1.0022115739
294028,294034,296763,6,2729,2,7200,1.00219860755
294064,294070,297157,6,3087,2,7200,1.0019436346
294266,294272,296786,6,2514,2,7200,1.00238663484
295233,295239,295249,6,10,1,600,1.6
295270,296488,302351,1218,5863,2,14400,1.20774347604
295275,295281,295289,6,8,1,600,1.4
295567,295573,301959,6,6386,1,345600,1.00093955528
295872,296571,300450,699,3879,2,14400,1.18020108275
295898,295906,298481,8,2575,2,7200,1.00310679612
296040,296046,298843,6,2797,2,7200,1.00214515552
296178,296184,299324,6,3140,2,7200,1.00191082803
296193,296199,299106,6,2907,2,7200,1.00206398349
296244,296251,299019,7,2768,2,7200,1.00252890173
296295,296301,299284,6,2983,2,7200,1.00201139792
296309,296316,299376,7,3060,2,7200,1.0022875817
296324,296331,299564,7,3233,2,7200,1.00216517167
296326,296337,298912,11,2575,2,7200,1.00427184466
296353,296360,299571,7,3211,2,7200,1.00218000623
296367,296374,299177,7,2803,2,7200,1.0024973243
296410,296416,299444,6,3028,2,7200,1.00198150594
296425,296432,298982,7,2550,2,7200,1.00274509804
296426,296439,299578,13,3139,2,7200,1.00414144632
296441,296447,299312,6,2865,2,7200,1.00209424084
296442,296454,299435,12,2981,2,7200,1.0040254948
296475,296482,299320,7,2838,2,7200,1.00246652572
296529,296535,299274,6,2739,2,7200,1.0021905805
296544,296550,299563,6,3013,2,7200,1.00199137073
296559,296565,299145,6,2580,2,7200,1.0023255814
296560,296577,299198,17,2621,2,7200,1.00648607402
296578,296584,299579,6,2995,2,7200,1.0020033389
296599,296605,299279,6,2674,2,7200,1.00224382947
296632,296638,299394,6,2756,2,7200,1.00217706821
296656,296662,299573,6,2911,2,7200,1.00206114737
296657,296668,299602,11,2934,2,7200,1.00374914792
296672,296678,299942,6,3264,2,7200,1.00183823529
296687,296693,299918,6,3225,2,7200,1.00186046512
296701,296707,299546,6,2839,2,7200,1.00211342022
296716,296722,299704,6,2982,2,7200,1.00201207243
296764,296770,299819,6,3049,2,7200,1.00196785831
296779,296785,299754,6,2969,2,7200,1.00202088245
296794,296800,299887,6,3087,2,7200,1.0019436346
296795,296806,299996,11,3190,2,7200,1.00344827586
296797,296812,299576,15,2764,2,7200,1.00542691751
296842,296849,299519,7,2670,2,7200,1.00262172285
296902,296908,299765,6,2857,2,7200,1.00210010501
296923,296929,300155,6,3226,2,7200,1.00185988841
297146,297152,299993,6,2841,2,7200,1.00211193242
297161,297167,300113,6,2946,2,7200,1.00203665988
297208,312592,312600,15384,8,128,72000,1539.2
297800,312632,370256,14832,57624,8,57600,1.25739275302
297864,302908,310124,5044,7216,25,7199,1.69900221729
298481,298487,301051,6,2564,2,7200,1.0023400936
298846,298852,301893,6,3041,2,7200,1.00197303519
298912,298918,301758,6,2840,2,7200,1.00211267606
298985,298991,301844,6,2853,2,7200,1.00210304942
299022,299028,301912,6,2884,2,7200,1.00208044383
299106,299113,301598,7,2485,2,7200,1.00281690141
299145,299151,302388,6,3237,2,7200,1.00185356812
299178,299184,302232,6,3048,2,7200,1.00196850394
299199,299206,301656,7,2450,2,7200,1.00285714286
299277,299283,302246,6,2963,2,7200,1.00202497469
299292,299299,302142,7,2843,2,7200,1.00246218783
299293,299305,302522,12,3217,2,7200,1.0037301834
299314,299320,302009,6,2689,2,7200,1.00223131276
299329,299335,302332,6,2997,2,7200,1.002002002
299330,299341,302471,11,3130,2,7200,1.003514377
299368,302400,302557,3032,157,8,3540,20.3121019108
299378,299385,302514,7,3129,2,7200,1.00223713647
299396,299402,302317,6,2915,2,7200,1.00205831904
299438,299444,302664,6,3220,2,7200,1.00186335404
299452,299459,302126,7,2667,2,7200,1.00262467192
299522,299528,302373,6,2845,2,7200,1.00210896309
299545,299551,302434,6,2883,2,7200,1.00208116545
299563,299569,302389,6,2820,2,7200,1.00212765957
299564,299575,302266,11,2691,2,7200,1.00408769974
299581,299587,302588,6,3001,2,7200,1.00199933356
299582,299594,302475,12,2881,2,7200,1.00416522041
299583,299599,302364,16,2765,2,7200,1.00578661844
299585,299604,302547,19,2943,2,7200,1.00645599728
299586,299609,302669,23,3060,2,7200,1.00751633987
299604,299616,302679,12,3063,2,7200,1.00391772772
299706,299712,302878,6,3166,2,7200,1.00189513582
299754,299760,302791,6,3031,2,7200,1.0019795447
299769,299776,302640,7,2864,2,7200,1.00244413408
299820,299826,302893,6,3067,2,7200,1.0019563091
299889,299895,302844,6,2949,2,7200,1.002034588
299918,299925,302437,7,2512,2,7200,1.0027866242
299942,299948,302766,6,2818,2,7200,1.00212916962
299993,299999,302972,6,2973,2,7200,1.00201816347
300008,300014,302917,6,2903,2,7200,1.00206682742
300116,300122,303133,6,3011,2,7200,1.00199269346
300143,300149,300972,6,823,4,14400,1.00729040097
300155,300161,303120,6,2959,2,7200,1.00202771206
300709,312616,348652,11907,36036,16,36000,1.33041958042
300768,300774,300779,6,5,1,300,1.1
300922,300929,300937,7,8,1,300,1.5
301052,301060,304178,8,3118,2,7200,1.00256574727
301542,301973,304683,431,2710,1,36000,1.15904059041
301601,301607,304790,6,3183,2,7200,1.00188501414
301658,301665,304289,7,2624,2,7200,1.00266768293
301760,301766,304669,6,2903,2,7200,1.00206682742
301844,301850,305003,6,3153,2,7200,1.00190294957
301891,301898,301899,7,1,1,1800,1.0
301895,301905,304763,10,2858,2,7200,1.00349895031
301913,301919,304941,6,3022,2,7200,1.00198544011
301959,301965,303586,6,1621,1,1800,1.00370141888
302009,302016,304693,7,2677,2,7200,1.00261486739
302127,302133,304862,6,2729,2,7200,1.00219860755
302144,302150,305378,6,3228,2,7200,1.00185873606
302178,304695,320799,2517,16104,1,345600,1.15629657228
302187,305224,305327,3037,103,4,14400,30.4854368932
302235,302241,304875,6,2634,2,7200,1.00227790433
302249,302255,305239,6,2984,2,7200,1.00201072386
302267,302273,305072,6,2799,2,7200,1.00214362272
302318,302325,305428,7,3103,2,7200,1.00225588141
302333,302339,304921,6,2582,2,7200,1.00232378002
302351,305343,320370,2992,15027,1,345600,1.19910827178
302366,302372,305544,6,3172,2,7200,1.00189155107
302380,302386,304966,6,2580,2,7200,1.0023255814
302395,302407,305330,12,2923,2,7200,1.00410537119
302397,302412,305366,15,2954,2,7200,1.00507786053
302436,302442,305141,6,2699,2,7200,1.00222304557
302450,302457,305266,7,2809,2,7200,1.00249199003
302471,302477,305449,6,2972,2,7200,1.00201884253
302486,302492,305605,6,3113,2,7200,1.00192740122
302516,302522,305312,6,2790,2,7200,1.00215053763
302531,302538,305272,7,2734,2,7200,1.00256035113
302548,302555,305828,7,3273,2,7200,1.00213871066
302590,302597,305594,7,2997,2,7200,1.002335669
302641,302647,305815,6,3168,2,7200,1.00189393939
302659,302665,305991,6,3326,2,7200,1.00180396873
302674,302680,305230,6,2550,2,7200,1.00235294118
302686,305219,305220,2533,1,4,7200,253.4
302689,302695,305597,6,2902,2,7200,1.00206753963
302767,302773,306102,6,3329,2,7200,1.00180234305
302774,304193,306660,1419,2467,2,14400,1.57519254155
302793,302799,305924,6,3125,2,7200,1.00192
302829,311700,315236,8871,3536,4,36000,3.50876696833
302844,302851,305561,7,2710,2,7200,1.00258302583
302880,302886,306037,6,3151,2,7200,1.00190415741
302895,302901,305764,6,2863,2,7200,1.00209570381
302919,302925,306128,6,3203,2,7200,1.00187324383
302973,302979,305910,6,2931,2,7200,1.00204708291
303120,303126,306132,6,3006,2,7200,1.00199600798
303131,845400,921186,542269,75786,6,604800,8.15526614414
303135,303141,306052,6,2911,2,7200,1.00206114737
303702,303708,305521,6,1813,1,1800,1.00330943188
303898,305204,305206,1306,2,8,3600,130.8
304178,304185,307493,7,3308,2,7200,1.00211608222
304277,312638,316864,8361,4226,4,36000,2.97846663512
304283,312643,315752,8360,3109,4,36000,3.68896751367
304290,304297,306898,7,2601,2,7200,1.00269127259
304651,312622,318424,7971,5802,16,36000,2.37383660807
304669,304675,307679,6,3004,2,7200,1.00199733688
304693,304701,307614,8,2913,2,7200,1.00274630965
304765,304772,307873,7,3101,2,7200,1.00225733634
304792,304798,308061,6,3263,2,7200,1.00183879865
304864,304870,307517,6,2647,2,7200,1.00226671704
304879,304885,307985,6,3100,2,7200,1.00193548387
304921,304927,307804,6,2877,2,7200,1.00208550574
304942,304948,307807,6,2859,2,7200,1.00209863589
304969,304976,307680,7,2704,2,7200,1.0025887574
305004,305012,307976,8,2964,2,7200,1.00269905533
305074,305080,307923,6,2843,2,7200,1.00211044671
305143,305149,308121,6,2972,2,7200,1.00201884253
305230,305236,307905,6,2669,2,7200,1.00224803297
305245,305251,308313,6,3062,2,7200,1.00195950359
305266,305272,308013,6,2741,2,7200,1.00218898212
305280,305287,308331,7,3044,2,7200,1.00229960578
305313,305320,308192,7,2872,2,7200,1.00243732591
305331,305338,308187,7,2849,2,7200,1.00245700246
305367,305373,308326,6,2953,2,7200,1.00203183204
305382,305388,308071,6,2683,2,7200,1.00223630265
305430,305436,307990,6,2554,2,7200,1.00234925607
305451,305457,308580,6,3123,2,7200,1.00192122959
305510,305516,308856,6,3340,2,14400,1.00179640719
305544,305551,308539,7,2988,2,7200,1.00234270415
305562,305568,308464,6,2896,2,7200,1.0020718232
305595,305601,308028,6,2427,2,7200,1.00247218789
305610,305616,308799,6,3183,2,7200,1.00188501414
305611,305623,308512,12,2889,2,7200,1.0041536864
305731,305737,308556,6,2819,2,14400,1.00212841433
305765,305771,308577,6,2806,2,7200,1.00213827512
305769,305895,305998,126,103,8,3540,2.22330097087
305816,305822,309056,6,3234,2,7200,1.00185528757
305830,305837,308775,7,2938,2,7200,1.00238257318
305854,305860,308022,6,2162,1,3600,1.00277520814
305912,305918,308879,6,2961,2,7200,1.00202634245
305926,305933,308844,7,2911,2,7200,1.00240467193
305992,305999,308998,7,2999,2,7200,1.00233411137
306038,306045,308897,7,2852,2,7200,1.00245441795
306052,306059,309063,7,3004,2,7200,1.00233022636
306103,306110,308941,7,2831,2,7200,1.00247262451
306130,306137,309249,7,3112,2,7200,1.00224935733
306132,306350,306456,218,106,8,1800,3.05660377358
306145,306151,309326,6,3175,2,7200,1.00188976378
306531,306537,308260,6,1723,1,1800,1.00348229832
306540,306546,306569,6,23,2,18000,1.26086956522
306607,306614,312559,7,5945,6,9000,1.00117746005
306660,312648,317294,5988,4646,4,21600,2.28885062419
306660,314808,315422,8148,614,4,21600,14.2703583062
306660,312653,318429,5993,5776,4,21600,2.03756925208
306661,318898,321375,12237,2477,4,21600,5.94025030279
306661,318904,321405,12243,2501,4,21600,5.89524190324
306662,320101,330375,13439,10274,4,21600,2.30805917851
306664,321412,322019,14748,607,4,21600,25.2965403624
306664,320126,327193,13462,7067,4,21600,2.90491014575
306664,320121,324869,13457,4748,4,21600,3.83424599832
306665,322030,324502,15365,2472,4,21600,7.21561488673
306665,321419,323923,14754,2504,4,21600,6.89217252396
306666,323113,334050,16447,10937,4,21600,2.50379445918
306779,306785,306800,6,15,8,1800,1.4
306899,306905,309817,6,2912,2,7200,1.00206043956
307495,307502,310187,7,2685,2,7200,1.00260707635
307519,307525,310556,6,3031,2,7200,1.0019795447
307615,307621,310225,6,2604,2,7200,1.00230414747
307681,307687,310820,6,3133,2,7200,1.00191509735
307682,307693,310410,11,2717,2,7200,1.004048583
307751,307757,307803,6,46,8,1800,1.13043478261
307806,307813,310439,7,2626,2,7200,1.00266565118
307821,307827,310621,6,2794,2,7200,1.00214745884
307875,307881,311119,6,3238,2,7200,1.00185299568
307908,307914,310612,6,2698,2,7200,1.00222386953
307926,307932,310865,6,2933,2,7200,1.00204568701
307976,307983,311316,7,3333,2,7200,1.00210021002
307991,307997,310912,6,2915,2,7200,1.00205831904
307993,308004,310908,11,2904,2,7200,1.00378787879
308013,308020,311067,7,3047,2,7200,1.00229734165
308028,308034,310894,6,2860,2,7200,1.0020979021
308061,308067,310807,6,2740,2,7200,1.00218978102
308076,308082,310948,6,2866,2,7200,1.00209351012
308124,308130,311049,6,2919,2,7200,1.00205549846
308188,308194,310995,6,2801,2,7200,1.00214209211
308203,308209,310860,6,2651,2,7200,1.00226329687
308314,308320,311335,6,3015,2,7200,1.00199004975
308329,308335,311379,6,3044,2,7200,1.00197109067
308344,308350,311512,6,3162,2,7200,1.00189753321
308464,308470,311305,6,2835,2,7200,1.00211640212
308512,308518,311211,6,2693,2,7200,1.00222799851
308542,308548,311523,6,2975,2,7200,1.00201680672
308572,308578,311579,6,3001,2,7200,1.00199933356
308586,308592,311187,6,2595,2,7200,1.00231213873
308776,308782,311476,6,2694,2,7200,1.00222717149
308800,308806,311445,6,2639,2,7200,1.00227358848
308845,308851,311832,6,2981,2,7200,1.0020127474
308880,308887,311846,7,2959,2,7200,1.00236566408
308898,308904,311968,6,3064,2,7200,1.00195822454
308914,325004,380673,16090,55669,3,320400,1.28902980115
308943,308949,311634,6,2685,2,7200,1.00223463687
309000,309006,311858,6,2852,2,7200,1.00210378682
309003,336323,380895,27320,44572,3,306000,1.61294085973
309057,309064,312027,7,2963,2,7200,1.00236247047
309072,309078,311811,6,2733,2,7200,1.00219538968
309092,340238,380986,31146,40748,3,313080,1.76435653284
309252,309259,312140,7,2881,2,7200,1.00242971191
309327,309333,312063,6,2730,2,7200,1.0021978022
309819,309825,312977,6,3152,2,7200,1.0019035533
310189,310195,312649,6,2454,2,7200,1.00244498778
310228,310234,313182,6,2948,2,7200,1.00203527815
310412,310418,313194,6,2776,2,7200,1.00216138329
310439,310445,313285,6,2840,2,7200,1.00211267606
310541,329550,329643,19009,93,4,36000,205.397849462
310556,310562,313383,6,2821,2,7200,1.00212690535
310613,310619,313854,6,3235,2,7200,1.00185471406
310628,310634,313672,6,3038,2,7200,1.00197498354
310809,310815,313580,6,2765,2,7200,1.00216998192
310823,310830,313853,7,3023,2,7200,1.00231558055
310859,310866,313971,7,3105,2,7200,1.00225442834
310874,310880,313796,6,2916,2,7200,1.00205761317
310895,310901,313762,6,2861,2,7200,1.00209716882
310910,310916,313737,6,2821,2,7200,1.00212690535
310924,310931,313907,7,2976,2,7200,1.00235215054
310948,310954,314169,6,3215,2,7200,1.00186625194
310996,311002,314025,6,3023,2,7200,1.00198478333
311050,311056,313622,6,2566,2,7200,1.00233826968
311068,311074,311075,6,1,2,14400,1.0
311068,311079,313790,11,2711,2,7200,1.00405754334
311122,311128,313952,6,2824,2,7200,1.00212464589
311188,311194,314343,6,3149,2,7200,1.00190536678
311212,311218,313765,6,2547,2,7200,1.0023557126
311305,311311,314051,6,2740,2,7200,1.00218978102
311320,311326,314218,6,2892,2,7200,1.0020746888
311337,311343,314263,6,2920,2,7200,1.00205479452
311379,311385,314188,6,2803,2,7200,1.00214056368
311396,311404,311413,8,9,1,600,1.7
311404,311411,318029,7,6618,2,14400,1.00105772137
311445,311451,314111,6,2660,2,7200,1.0022556391
311478,311485,314149,7,2664,2,7200,1.00262762763
311514,311521,314358,7,2837,2,7200,1.00246739514
311529,311535,314288,6,2753,2,7200,1.00217944061
311580,311586,314416,6,2830,2,7200,1.00212014134
311598,311605,311613,7,8,1,600,1.5
311634,311640,314876,6,3236,2,7200,1.00185414091
311811,311818,314876,7,3058,2,7200,1.00228907783
311829,311835,311837,6,2,1,600,1.0
311832,311842,314637,10,2795,2,7200,1.00357781753
311847,311853,314849,6,2996,2,7200,1.00200267023
311862,311868,315050,6,3182,2,7200,1.00188560654
311897,311903,311912,6,9,1,600,1.5
311970,311976,314977,6,3001,2,7200,1.00199933356
312027,312033,314854,6,2821,2,7200,1.00212690535
312063,312073,314781,10,2708,2,7200,1.00369276219
312141,312147,315163,6,3016,2,7200,1.00198938992
312600,312659,313344,59,685,1,3600,1.08613138686
312651,312665,315233,14,2568,2,7200,1.0054517134
312709,314802,329543,2093,14741,6,468000,1.14198493996
312979,312985,315923,6,2938,2,7200,1.00204220558
313184,313190,316498,6,3308,2,7200,1.00181378476
313199,313205,315881,6,2676,2,7200,1.00224215247
313258,313264,313265,6,1,1,18000,1.0
313286,313293,316701,7,3408,2,7200,1.00205399061
313385,313392,316480,7,3088,2,7200,1.00226683938
313581,313588,316385,7,2797,2,7200,1.00250268144
313623,313629,316600,6,2971,2,7200,1.00201952205
313674,313680,316621,6,2941,2,7200,1.00204012241
313737,313743,316500,6,2757,2,7200,1.00217627856
313764,313770,316837,6,3067,2,7200,1.0019563091
313766,313777,316840,11,3063,2,7200,1.00359125041
313793,313799,316757,6,2958,2,7200,1.00202839757
313807,313813,316724,6,2911,2,7200,1.00206114737
313841,315252,318893,1411,3641,3,3600,1.3875308981
313855,313861,317004,6,3143,2,7200,1.00190900414
313857,313869,317005,12,3136,2,7200,1.00382653061
313908,313914,316570,6,2656,2,7200,1.00225903614
313953,313959,316907,6,2948,2,7200,1.00203527815
313970,313977,316915,7,2938,2,7200,1.00238257318
314027,314034,316776,7,2742,2,7200,1.00255288111
314051,314062,317281,11,3219,2,7200,1.00341721031
314111,314123,317205,12,3082,2,7200,1.0038935756
314150,314161,317221,11,3060,2,7200,1.00359477124
314171,314181,316843,10,2662,2,7200,1.003756574
314189,314199,316863,10,2664,2,7200,1.00375375375
314219,314230,317228,11,2998,2,7200,1.00366911274
314264,314274,317013,10,2739,2,7200,1.00365096751
314291,314299,316853,8,2554,2,7200,1.00313234143
314344,314355,317315,11,2960,2,7200,1.00371621622
314359,314369,317154,10,2785,2,7200,1.00359066427
314416,314427,317638,11,3211,2,7200,1.00342572407
314639,314653,317900,14,3247,2,7200,1.00431167231
314718,315257,315261,539,4,2,18000,54.3
314784,314793,317633,9,2840,2,7200,1.00316901408
314851,314861,317512,10,2651,2,7200,1.00377216145
314866,314872,317611,6,2739,2,7200,1.0021905805
314881,314887,318070,6,3183,2,7200,1.00188501414
314882,314893,317805,11,2912,2,7200,1.00377747253
314979,314988,318000,9,3012,2,7200,1.00298804781
315051,315061,317717,10,2656,2,7200,1.00376506024
315165,315175,317647,10,2472,2,7200,1.00404530744
315207,318892,325249,3685,6357,25,10799,1.57967594777
315235,315244,317867,9,2623,2,7200,1.00343118567
315625,331040,403086,15415,72046,24,72000,1.21396052522
315882,315888,318748,6,2860,2,7200,1.0020979021
315924,315930,319071,6,3141,2,7200,1.00191021968
316025,316031,398380,6,82349,1,345600,1.00007286063
316385,316391,318909,6,2518,2,7200,1.00238284353
316481,316487,319620,6,3133,2,7200,1.00191509735
316499,316505,319289,6,2784,2,7200,1.00215517241
316514,316520,319129,6,2609,2,7200,1.0022997317
316558,316565,317169,7,604,4,3600,1.01158940397
316571,316577,319486,6,2909,2,7200,1.00206256446
316601,316607,319175,6,2568,2,7200,1.0023364486
316621,316628,319669,7,3041,2,7200,1.00230187438
316703,316709,319467,6,2758,2,7200,1.00217548949
316727,316733,319848,6,3115,2,7200,1.00192616372
316759,316765,319220,6,2455,2,7200,1.00244399185
316777,316783,319392,6,2609,2,7200,1.0022997317
316837,316843,319791,6,2948,2,7200,1.00203527815
316852,316858,319592,6,2734,2,7200,1.00219458669
316854,316865,319783,11,2918,2,7200,1.00376970528
316855,316871,319774,16,2903,2,7200,1.00551153979
316870,316878,319925,8,3047,2,7200,1.00262553331
316896,331045,403066,14149,72021,24,72000,1.19645658905
316909,316915,319312,6,2397,2,7200,1.00250312891
316924,316931,319939,7,3008,2,7200,1.00232712766
317005,317011,319897,6,2886,2,7200,1.00207900208
317006,317017,319843,11,2826,2,7200,1.00389242746
317019,336318,343161,19299,6843,8,57600,3.82025427444
317021,317027,319982,6,2955,2,7200,1.00203045685
317156,317163,319965,7,2802,2,7200,1.00249821556
317194,336313,348595,19119,12282,12,86400,2.55666829507
317207,317213,320099,6,2886,2,7200,1.00207900208
317222,317228,320154,6,2926,2,7200,1.002050581
317236,317242,320317,6,3075,2,7200,1.00195121951
317281,317287,320315,6,3028,2,7200,1.00198150594
317317,317323,320384,6,3061,2,7200,1.00196014374
317443,329660,334780,12217,5120,4,36000,3.3861328125
317496,318822,318844,1326,22,2,86400,61.2727272727
317513,317520,320257,7,2737,2,7200,1.00255754476
317612,317619,320194,7,2575,2,7200,1.0027184466
317637,317643,320609,6,2966,2,7200,1.0020229265
317653,317659,320364,6,2705,2,7200,1.0022181146
317655,317665,320330,10,2665,2,7200,1.00375234522
317678,318440,318805,762,365,2,3600,3.08767123288
317719,317725,320507,6,2782,2,7200,1.00215672178
317806,317813,320934,7,3121,2,7200,1.00224287087
317866,317873,320978,7,3105,2,7200,1.00225442834
317902,317908,320943,6,3035,2,7200,1.00197693575
318002,318008,320752,6,2744,2,7200,1.00218658892
318072,318078,321108,6,3030,2,7200,1.00198019802
318104,331051,367093,12947,36042,16,36000,1.35921979912
318120,318126,318133,6,7,1,3600,1.3
318237,318243,318374,6,131,1,3600,1.04580152672
318496,318503,318810,7,307,1,3600,1.02280130293
318618,318816,318819,198,3,1,1800,20.1
318752,318758,321570,6,2812,2,7200,1.00213371266
318851,332687,368700,13836,36013,16,36000,1.3841945964
318913,318919,321761,6,2842,2,7200,1.0021111893
318915,319336,320109,421,773,8,3540,1.5446313066
318983,319347,319432,364,85,1,1800,5.28235294118
319011,319342,323083,331,3741,4,3600,1.08847901631
319045,319352,320040,307,688,1,3600,1.44622093023
319073,319080,322222,7,3142,2,7200,1.00222788033
319130,319136,322051,6,2915,2,7200,1.00205831904
319174,319182,322392,8,3210,2,7200,1.00249221184
319222,319229,322241,7,3012,2,7200,1.00232403718
319292,319298,322129,6,2831,2,7200,1.00211939244
319312,319319,322122,7,2803,2,7200,1.0024973243
319394,319401,322607,7,3206,2,7200,1.00218340611
319440,323935,327433,4495,3498,2,86400,2.28502001144
319469,319475,322554,6,3079,2,7200,1.00194868464
319487,319493,322552,6,3059,2,7200,1.0019614253
319593,319599,322496,6,2897,2,7200,1.00207110804
319622,319628,322552,6,2924,2,7200,1.00205198358
319662,319669,319766,7,97,1,1800,1.07216494845
319670,319678,322616,8,2938,2,7200,1.00272294078
319718,320046,320052,328,6,4,600,33.4
319776,319782,322516,6,2734,2,7200,1.00219458669
319791,319798,322691,7,2893,2,7200,1.0024196336
319805,319811,322848,6,3037,2,7200,1.00197563385
319844,319850,323293,6,3443,2,7200,1.00174266628
319859,319865,322567,6,2702,2,7200,1.00222057735
319898,319904,322601,6,2697,2,7200,1.0022246941
319925,319931,323143,6,3212,2,7200,1.00186799502
319939,319946,322585,7,2639,2,7200,1.00265251989
319966,319972,322790,6,2818,2,7200,1.00212916962
319984,319990,322897,6,2907,2,7200,1.00206398349
320095,330896,331029,10801,133,64,3600,82.2105263158
320103,320109,322782,6,2673,2,7200,1.00224466891
320154,320161,323076,7,2915,2,7200,1.00240137221
320196,320202,323677,6,3475,2,7200,1.00172661871
320257,320263,323108,6,2845,2,7200,1.00210896309
320280,320827,320829,547,2,1,1800,54.9
320317,320324,323146,7,2822,2,7200,1.00248051028
320318,320330,323252,12,2922,2,7200,1.00410677618
320333,320339,323361,6,3022,2,7200,1.00198544011
320341,320381,324021,40,3640,1,3600,1.01098901099
320365,320372,323370,7,2998,2,7200,1.00233488993
320386,320392,323595,6,3203,2,7200,1.00187324383
320511,320518,323669,7,3151,2,7200,1.00222151698
320534,320811,320816,277,5,1,72000,28.2
320599,320840,320845,241,5,1,3600,24.6
320612,320618,323421,6,2803,2,7200,1.00214056368
320673,320855,320857,182,2,1,18000,18.4
320754,320760,323771,6,3011,2,7200,1.00199269346
320918,321395,321401,477,6,4,600,48.3
320934,320942,323505,8,2563,2,7200,1.00312134218
320945,320952,321379,7,427,1,3600,1.01639344262
320949,320959,323948,10,2989,2,7200,1.00334560054
320979,320986,323779,7,2793,2,7200,1.00250626566
321109,321116,324186,7,3070,2,7200,1.00228013029
321216,321776,321779,560,3,1,1800,56.3
321238,321389,324062,151,2673,1,36000,1.05649083427
321506,321782,322369,276,587,1,3600,1.47018739353
321573,321579,324344,6,2765,2,7200,1.00216998192
321692,322379,324993,687,2614,1,36000,1.26281560826
321763,321769,324794,6,3025,2,7200,1.00198347107
321779,321789,321791,10,2,1,1800,1.2
321801,336307,369327,14506,33020,16,36000,1.43930950939
321983,321989,322072,6,83,1,1800,1.07228915663
322052,322063,324847,11,2784,2,7200,1.00395114943
322124,322133,324872,9,2739,2,7200,1.00328587076
322139,322145,325042,6,2897,2,7200,1.00207110804
322224,322234,325131,10,2897,2,7200,1.00345184674
322241,322252,325341,11,3089,2,7200,1.00356102298
322329,322336,322434,7,98,1,1800,1.07142857143
322393,322403,325235,10,2832,2,7200,1.00353107345
322499,322507,325504,8,2997,2,7200,1.002669336
322517,322528,325480,11,2952,2,7200,1.00372628726
322553,322564,325678,11,3114,2,7200,1.00353243417
322554,322569,325710,15,3141,2,7200,1.00477554919
322569,322575,325399,6,2824,2,7200,1.00212464589
322570,322582,325482,12,2900,2,7200,1.00413793103
322588,322597,325378,9,2781,2,7200,1.00323624595
322603,322612,325211,9,2599,2,7200,1.00346287033
322617,322624,325244,7,2620,2,7200,1.00267175573
322619,322630,325776,11,3146,2,7200,1.0034965035
322655,322661,323230,6,569,1,3600,1.01054481547
322691,322703,325718,12,3015,2,7200,1.0039800995
322778,322793,325767,15,2974,2,7200,1.00504371217
322793,322801,325468,8,2667,2,7200,1.00299962505
322850,322860,326063,10,3203,2,7200,1.00312207306
322898,322909,325699,11,2790,2,7200,1.00394265233
322922,323240,323632,318,392,1,1800,1.8112244898
323041,323096,323101,55,5,4,600,6.0
323079,323088,326324,9,3236,2,7200,1.00278121137
323108,323119,325781,11,2662,2,7200,1.0041322314
323144,323155,326101,11,2946,2,7200,1.00373387644
323159,323165,325657,6,2492,2,7200,1.00240770465
323254,323263,325998,9,2735,2,7200,1.00329067642
323296,323304,326068,8,2764,2,7200,1.00289435601
323362,323374,326349,12,2975,2,7200,1.00403361345
323377,323382,325864,5,2482,2,7200,1.00201450443
323421,323432,326282,11,2850,2,7200,1.00385964912
323506,323517,326175,11,2658,2,7200,1.00413844996
323596,323607,327059,11,3452,2,7200,1.00318655852
323673,323682,326670,9,2988,2,7200,1.00301204819
323688,323694,326654,6,2960,2,7200,1.00202702703
323743,334792,340227,11049,5435,4,36000,3.03293468261
323772,339726,342931,15954,3205,4,36000,5.97784711388
323772,323783,326783,11,3000,2,7200,1.00366666667
323782,339732,343209,15950,3477,4,36000,5.58728789186
323787,323793,326924,6,3131,2,7200,1.00191632066
323789,342942,346259,19153,3317,4,36000,6.77419354839
323821,323827,331134,6,7307,1,7200,1.00082113042
323859,343220,347812,19361,4592,4,36000,5.2162456446
323868,343414,351902,19546,8488,4,36000,3.30278039585
323951,323957,327130,6,3173,2,7200,1.00189095493
323953,346277,350190,22324,3913,4,36000,6.70508561206
323959,347824,354168,23865,6344,4,36000,4.7618221942
323968,348607,353489,24639,4882,4,36000,6.04690700533
323978,348612,352602,24634,3990,4,36000,7.17393483709
323994,348618,352317,24624,3699,4,36000,7.65693430657
324001,348663,352480,24662,3817,4,36000,7.46109510086
324007,348669,351566,24662,2897,4,36000,9.51294442527
324015,348674,352224,24659,3550,4,36000,7.9461971831
324187,324193,327133,6,2940,2,7200,1.00204081633
324344,324350,327357,6,3007,2,7200,1.0019953442
324345,324356,324358,11,2,1,1800,1.3
324358,324368,324370,10,2,1,1800,1.2
324529,324535,324617,6,82,1,1800,1.07317073171
324795,324801,327624,6,2823,2,7200,1.00212539851
324849,324855,327622,6,2767,2,7200,1.00216841344
324850,324861,324961,11,100,1,1800,1.11
324873,324879,327972,6,3093,2,7200,1.00193986421
324945,324952,324955,7,3,1,72000,1.0
325042,325049,328192,7,3143,2,7200,1.00222717149
325133,325139,327897,6,2758,2,7200,1.00217548949
325211,325217,328123,6,2906,2,7200,1.00206469374
325238,325244,328043,6,2799,2,7200,1.00214362272
325252,325258,328218,6,2960,2,7200,1.00202702703
325343,325349,328420,6,3071,2,7200,1.00195376099
325378,325384,328180,6,2796,2,7200,1.00214592275
325399,325405,328106,6,2701,2,7200,1.00222139948
325468,325473,325865,5,392,1,1800,1.01275510204
325468,325480,328405,12,2925,2,7200,1.0041025641
325480,325487,336296,7,10809,25,10799,1.00064760847
325483,325494,328227,11,2733,2,7200,1.00402488108
325485,325500,328245,15,2745,2,7200,1.00546448087
325505,325512,328512,7,3000,2,7200,1.00233333333
325659,325665,328832,6,3167,2,7200,1.00189453742
325680,325686,328430,6,2744,2,7200,1.00218658892
325701,325707,328655,6,2948,2,7200,1.00203527815
325716,325722,328661,6,2939,2,7200,1.00204151072
325730,325736,328633,6,2897,2,7200,1.00207110804
325769,325775,328746,6,2971,2,7200,1.00201952205
325784,325791,328188,7,2397,2,7200,1.00292031706
325785,325797,328946,12,3149,2,7200,1.00381073357
325864,325870,329147,6,3277,2,7200,1.00183094294
326001,326008,328859,7,2851,2,7200,1.00245527885
326064,326070,329146,6,3076,2,7200,1.00195058518
326078,326084,328811,6,2727,2,7200,1.00220022002
326102,326108,328802,6,2694,2,7200,1.00222717149
326175,326181,329045,6,2864,2,7200,1.00209497207
326283,326290,329499,7,3209,2,7200,1.00218136491
326325,326332,329358,7,3026,2,7200,1.00231328486
326349,326356,328914,7,2558,2,7200,1.0027365129
326455,326461,340997,6,14536,2,14400,1.0004127683
326656,326663,329492,7,2829,2,7200,1.00247437257
326671,326677,329571,6,2894,2,7200,1.00207325501
326785,326791,329781,6,2990,2,7200,1.00200668896
326927,326933,329907,6,2974,2,7200,1.00201748487
327059,327065,329866,6,2801,2,7200,1.00214209211
327131,327137,330044,6,2907,2,7200,1.00206398349
327146,327152,329986,6,2834,2,7200,1.00211714891
327359,327365,330430,6,3065,2,7200,1.00195758564
327624,327630,330716,6,3086,2,7200,1.00194426442
327626,327637,330339,11,2702,2,7200,1.00407105848
327897,327903,330580,6,2677,2,7200,1.0022413149
327972,327979,330622,7,2643,2,7200,1.00264850549
328044,328050,331043,6,2993,2,7200,1.00200467758
328107,328113,330909,6,2796,2,7200,1.00214592275
328124,328131,331078,7,2947,2,7200,1.00237529691
328181,328187,330848,6,2661,2,7200,1.00225479143
328196,328203,330893,7,2690,2,7200,1.00260223048
328198,328209,331236,11,3027,2,7200,1.00363396102
328218,328225,330904,7,2679,2,7200,1.00261291527
328233,328239,331080,6,2841,2,7200,1.00211193242
328248,328254,331020,6,2766,2,7200,1.0021691974
328407,328414,331085,7,2671,2,7200,1.0026207413
328422,328428,331300,6,2872,2,7200,1.00208913649
328437,328443,331481,6,3038,2,7200,1.00197498354
328512,328518,331668,6,3150,2,7200,1.0019047619
328635,328642,331962,7,3320,2,7200,1.00210843373
328656,328663,331082,7,2419,2,7200,1.00289375775
328671,328678,331343,7,2665,2,7200,1.00262664165
328746,328752,331563,6,2811,2,7200,1.00213447172
328803,328809,331747,6,2938,2,7200,1.00204220558
328818,328824,331895,6,3071,2,7200,1.00195376099
328832,328839,331725,7,2886,2,7200,1.00242550243
328859,328865,332027,6,3162,2,7200,1.00189753321
328916,328922,331870,6,2948,2,7200,1.00203527815
328946,328952,331669,6,2717,2,7200,1.002208318
329045,329051,332116,6,3065,2,7200,1.00195758564
329147,329153,331924,6,2771,2,7200,1.00216528329
329149,329161,331978,12,2817,2,7200,1.00425985091
329360,329366,332028,6,2662,2,7200,1.0022539444
329492,329499,332545,7,3046,2,7200,1.00229809586
329507,329513,332460,6,2947,2,7200,1.00203596878
329573,329580,332672,7,3092,2,7200,1.00226390686
329767,330575,330737,808,162,8,3600,5.98765432099
329783,329790,332951,7,3161,2,7200,1.00221448909
329867,329873,332934,6,3061,2,7200,1.00196014374
329909,329915,332697,6,2782,2,7200,1.00215672178
329987,329993,332947,6,2954,2,7200,1.00203114421
330044,330050,333037,6,2987,2,7200,1.00200870439
330291,330386,330563,95,177,9,3600,1.53672316384
330339,330345,333351,6,3006,2,7200,1.00199600798
330429,330435,333005,6,2570,2,7200,1.00233463035
330579,330586,333285,7,2699,2,7200,1.00259355317
330624,330631,333593,7,2962,2,7200,1.00236326806
330717,330724,333547,7,2823,2,7200,1.0024796316
330850,330856,333700,6,2844,2,7200,1.00210970464
330889,342893,342895,12004,2,4,7200,1200.6
330895,330903,333849,8,2946,2,7200,1.0027155465
330910,330916,333606,6,2690,2,7200,1.00223048327
330911,330923,333927,12,3004,2,7200,1.00399467377
330946,330953,332110,7,1157,8,3600,1.00605012965
331022,331028,333630,6,2602,2,7200,1.00230591852
331046,331057,334221,11,3164,2,7200,1.00347661188
331079,331085,334025,6,2940,2,7200,1.00204081633
331094,331100,333810,6,2710,2,7200,1.00221402214
331096,331107,334093,11,2986,2,7200,1.003683858
331097,331113,334232,16,3119,2,7200,1.00512984931
331239,331246,334539,7,3293,2,7200,1.00212572123
331285,403098,403112,71813,14,128,216000,5130.5
331302,331309,333939,7,2630,2,7200,1.00266159696
331345,331352,334231,7,2879,2,7200,1.00243139979
331350,352612,373938,21262,21326,6,360000,1.9969989684
331481,331487,334328,6,2841,2,7200,1.00211193242
331565,331572,334702,7,3130,2,7200,1.00223642173
331671,331678,334620,7,2942,2,7200,1.00237933379
331672,331685,334621,13,2936,2,7200,1.00442779292
331726,331732,334439,6,2707,2,7200,1.0022164758
331747,331753,334594,6,2841,2,7200,1.00211193242
331870,331876,334936,6,3060,2,7200,1.00196078431
331897,331903,335307,6,3404,2,7200,1.0017626322
331924,331930,334667,6,2737,2,7200,1.00219218122
331963,331969,334948,6,2979,2,7200,1.00201409869
331981,331987,335122,6,3135,2,7200,1.0019138756
332029,332036,334825,7,2789,2,7200,1.00250986016
332030,332043,335138,13,3095,2,7200,1.0042003231
332118,332124,335212,6,3088,2,7200,1.00194300518
332461,332467,334957,6,2490,2,7200,1.00240963855
332545,332552,335459,7,2907,2,7200,1.00240798074
332675,332681,335360,6,2679,2,7200,1.00223964166
332699,332705,335947,6,3242,2,7200,1.00185070944
332934,332940,336010,6,3070,2,7200,1.00195439739
332949,332955,335977,6,3022,2,7200,1.00198544011
332963,332970,335798,7,2828,2,7200,1.00247524752
333006,333012,335889,6,2877,2,7200,1.00208550574
333039,333046,335912,7,2866,2,7200,1.00244242847
333285,333292,336344,7,3052,2,7200,1.00229357798
333351,333358,336014,7,2656,2,7200,1.00263554217
333547,333555,336277,8,2722,2,7200,1.00293901543
333596,333602,336608,6,3006,2,7200,1.00199600798
333610,333618,336723,8,3105,2,7200,1.00257648953
333631,333637,336640,6,3003,2,7200,1.001998002
333700,333707,336421,7,2714,2,7200,1.00257921887
333812,333822,337120,10,3298,2,7200,1.00303214069
333851,333861,336930,10,3069,2,7200,1.00325839036
333929,333938,336890,9,2952,2,7200,1.00304878049
333944,333951,336877,7,2926,2,7200,1.0023923445
334025,334037,336724,12,2687,2,7200,1.00446594715
334094,334105,336882,11,2777,2,7200,1.00396110911
334223,334232,336882,9,2650,2,7200,1.00339622642
334238,334245,337514,7,3269,2,7200,1.00214132762
334239,334251,337008,12,2757,2,7200,1.00435255713
334329,334339,336873,10,2534,2,7200,1.00394632991
334441,334450,337608,9,3158,2,7200,1.002849905
334540,334551,337356,11,2805,2,7200,1.00392156863
334580,343173,415219,8593,72046,8,72000,1.11927102129
334597,334606,337451,9,2845,2,7200,1.00316344464
334618,334631,337859,13,3228,2,7200,1.00402726146
334620,334638,337438,18,2800,2,7200,1.00642857143
334668,334680,337215,12,2535,2,7200,1.00473372781
334704,334713,337448,9,2735,2,7200,1.00329067642
334827,334837,338003,10,3166,2,7200,1.0031585597
334939,334948,337877,9,2929,2,7200,1.00307272107
334954,334960,337621,6,2661,2,7200,1.00225479143
334968,334975,337927,7,2952,2,7200,1.00237127371
335122,335133,337934,11,2801,2,7200,1.00392716887
335140,335149,338226,9,3077,2,7200,1.00292492688
335215,335225,338246,10,3021,2,7200,1.0033101622
335308,335319,338173,11,2854,2,7200,1.00385423966
335362,335371,338399,9,3028,2,7200,1.00297225892
335463,335472,338389,9,2917,2,7200,1.00308536167
335800,335809,338858,9,3049,2,7200,1.00295178747
335885,340244,340246,4359,2,2,3540,436.1
335891,335901,338674,10,2773,2,7200,1.00360620267
335914,335924,338786,10,2862,2,7200,1.0034940601
335947,335959,338756,12,2797,2,7200,1.00429031105
335977,335988,339264,11,3276,2,7200,1.00335775336
336013,336022,339311,9,3289,2,7200,1.00273639404
336015,336029,339209,14,3180,2,7200,1.00440251572
336280,336289,339207,9,2918,2,7200,1.00308430432
336346,336355,339556,9,3201,2,7200,1.00281162137
336421,336432,339257,11,2825,2,7200,1.00389380531
336608,336620,339537,12,2917,2,7200,1.00411381556
336641,336652,339730,11,3078,2,7200,1.00357374919
336723,336735,339922,12,3187,2,7200,1.00376529652
336738,336744,339419,6,2675,2,7200,1.00224299065
336873,336884,339526,11,2642,2,7200,1.00416351249
336889,336895,340081,6,3186,2,7200,1.00188323917
336890,336901,339315,11,2414,2,7200,1.00455675228
336891,336907,339538,16,2631,2,7200,1.00608133789
336906,336913,339891,7,2978,2,7200,1.00235057085
336930,336941,340064,11,3123,2,7200,1.00352225424
337008,337020,340049,12,3029,2,7200,1.00396170353
337123,337132,339959,9,2827,2,7200,1.00318358684
337216,337226,340570,10,3344,2,7200,1.00299043062
337358,337367,340299,9,2932,2,7200,1.00306957708
337439,337449,340303,10,2854,2,7200,1.00350385424
337454,337461,340722,7,3261,2,7200,1.0021465808
337455,337467,340145,12,2678,2,7200,1.00448095594
337515,337525,340264,10,2739,2,7200,1.00365096751
337609,337619,340713,10,3094,2,7200,1.00323206206
337624,337633,340461,9,2828,2,7200,1.0031824611
337862,337870,340896,8,3026,2,7200,1.00264375413
337876,337888,341224,12,3336,2,7200,1.0035971223
337928,337940,340925,12,2985,2,7200,1.0040201005
337942,337949,341035,7,3086,2,7200,1.00226830849
338006,338014,340578,8,2564,2,7200,1.0031201248
338101,342906,343146,4805,240,4,21600,21.0208333333
338101,343158,343403,5057,245,4,21600,21.6408163265
338102,348679,348796,10577,117,4,21600,91.4017094017
338102,348807,349251,10705,444,4,21600,25.1103603604
338103,349262,349702,11159,440,4,21600,26.3613636364
338103,349695,350178,11592,483,4,21600,25.0
338108,349714,349971,11606,257,4,21600,46.1595330739
338108,349983,350229,11875,246,4,21600,49.2723577236
338109,350201,350639,12092,438,4,21600,28.6073059361
338109,350189,350302,12080,113,4,21600,107.902654867
338110,350315,350764,12205,449,4,21600,28.1826280624
338110,350240,350682,12130,442,4,21600,28.443438914
338174,338185,340861,11,2676,2,7200,1.00411061286
338225,338237,341343,12,3106,2,7200,1.00386349002
338246,338257,341126,11,2869,2,7200,1.00383408853
338391,338400,341214,9,2814,2,7200,1.00319829424
338406,338413,341356,7,2943,2,7200,1.00237852531
338671,338686,341457,15,2771,2,7200,1.00541320823
338758,338767,341751,9,2984,2,7200,1.00301608579
338788,338798,341880,10,3082,2,7200,1.00324464633
338860,338870,341692,10,2822,2,7200,1.00354358611
339207,339218,342016,11,2798,2,7200,1.00393137956
339221,339228,342255,7,3027,2,7200,1.00231252065
339257,339268,342044,11,2776,2,7200,1.00396253602
339272,339278,342220,6,2942,2,7200,1.00203942896
339311,339322,342379,11,3057,2,7200,1.00359829899
339326,339332,342258,6,2926,2,7200,1.002050581
339419,339430,342179,11,2749,2,7200,1.00400145507
339528,339537,342604,9,3067,2,7200,1.00293446365
339542,339549,342624,7,3075,2,7200,1.00227642276
339544,339555,342172,11,2617,2,7200,1.00420328621
339559,339569,342198,10,2629,2,7200,1.00380372765
339731,339741,342353,10,2612,2,7200,1.00382848392
339893,339903,343112,10,3209,2,7200,1.00311623559
339923,339934,343051,11,3117,2,7200,1.00352903433
339959,339970,342955,11,2985,2,7200,1.00368509213
340050,340060,343067,10,3007,2,7200,1.00332557366
340064,340075,343156,11,3081,2,7200,1.00357026939
340082,340093,343197,11,3104,2,7200,1.00354381443
340148,340156,343122,8,2966,2,7200,1.00269723533
340266,340273,342878,7,2605,2,7200,1.00268714012
340302,340308,342882,6,2574,2,7200,1.00233100233
340316,340322,343309,6,2987,2,7200,1.00200870439
340464,340470,343559,6,3089,2,7200,1.00194237617
340572,340579,343606,7,3027,2,7200,1.00231252065
340587,340593,343881,6,3288,2,7200,1.00182481752
340714,340720,343577,6,2857,2,7200,1.00210010501
340728,340735,343878,7,3143,2,7200,1.00222717149
340861,340867,343667,6,2800,2,7200,1.00214285714
340897,340903,343817,6,2914,2,7200,1.00205902539
340927,340933,343573,6,2640,2,7200,1.00227272727
341035,341041,344208,6,3167,2,7200,1.00189453742
341119,341126,344405,7,3279,2,7200,1.00213479719
341216,341222,343827,6,2605,2,7200,1.00230326296
341231,341237,344049,6,2812,2,7200,1.00213371266
341345,341351,344253,6,2902,2,7200,1.00206753963
341360,341366,344314,6,2948,2,7200,1.00203527815
341459,341465,344590,6,3125,2,7200,1.00192
341694,341701,344911,7,3210,2,7200,1.00218068536
341751,341757,345035,6,3278,2,7200,1.00183038438
341881,341887,344842,6,2955,2,7200,1.00203045685
342016,342022,345008,6,2986,2,7200,1.00200937709
342046,342052,344756,6,2704,2,7200,1.00221893491
342173,342180,345113,7,2933,2,7200,1.00238663484
342187,342193,345245,6,3052,2,7200,1.00196592398
342202,342209,345308,7,3099,2,7200,1.00225879316
342220,342226,345124,6,2898,2,7200,1.00207039337
342256,342262,345322,6,3060,2,7200,1.00196078431
342271,342277,345427,6,3150,2,7200,1.0019047619
342355,342361,345187,6,2826,2,7200,1.00212314225
342382,342388,345384,6,2996,2,7200,1.00200267023
342605,342611,345347,6,2736,2,7200,1.00219298246
342626,342632,345417,6,2785,2,7200,1.00215439856
342879,342885,345573,6,2688,2,7200,1.00223214286
342894,342900,345877,6,2977,2,7200,1.0020154518
342957,342966,345536,9,2570,2,7200,1.00350194553
343053,343062,346223,9,3161,2,7200,1.00284720025
343068,343078,345921,10,2843,2,7200,1.00351741119
343113,343124,346102,11,2978,2,7200,1.0036937542
343128,343133,346067,5,2934,2,7200,1.00170415815
343158,343167,346209,9,3042,2,7200,1.00295857988
343197,343209,346258,12,3049,2,7200,1.00393571663
343311,343321,346116,10,2795,2,7200,1.00357781753
343561,343570,346848,9,3278,2,7200,1.00274557657
343576,343584,346474,8,2890,2,7200,1.00276816609
343577,343592,346830,15,3238,2,7200,1.00463248919
343607,343617,346622,10,3005,2,7200,1.00332778702
343667,343679,346563,12,2884,2,7200,1.00416088766
343818,343828,346828,10,3000,2,7200,1.00333333333
343833,343839,346838,6,2999,2,7200,1.00200066689
343878,343891,346457,13,2566,2,7200,1.00506625097
343893,343900,346862,7,2962,2,7200,1.00236326806
344050,344061,346725,11,2664,2,7200,1.00412912913
344209,344221,347042,12,2821,2,7200,1.00425381071
344254,344266,347133,12,2867,2,7200,1.00418555982
344314,344326,347486,12,3160,2,7200,1.00379746835
344407,344417,347573,10,3156,2,7200,1.00316856781
344591,344601,347329,10,2728,2,7200,1.00366568915
344757,344767,347902,10,3135,2,7200,1.00318979266
344844,344853,347500,9,2647,2,7200,1.00340007556
344913,344923,347983,10,3060,2,7200,1.00326797386
345007,345019,347805,12,2786,2,7200,1.00430725054
345037,345047,348091,10,3044,2,7200,1.00328515112
345115,345124,347988,9,2864,2,7200,1.0031424581
345130,345135,348359,5,3224,2,7200,1.00155086849
345190,345199,348114,9,2915,2,7200,1.00308747856
345247,345256,348117,9,2861,2,7200,1.00314575323
345310,345320,347867,10,2547,2,7200,1.00392618767
345324,345333,348275,9,2942,2,7200,1.00305914344
345348,345358,347891,10,2533,2,7200,1.00394788788
345384,345395,348538,11,3143,2,7200,1.00349984092
345417,345428,348534,11,3106,2,7200,1.00354153252
345432,345438,348421,6,2983,2,7200,1.00201139792
345515,349719,352380,4204,2661,1,36000,2.57985719654
345537,345548,348312,11,2764,2,7200,1.00397973951
345573,345584,348627,11,3043,2,7200,1.00361485376
345665,349725,352380,4060,2655,1,36000,2.52919020716
345787,351919,354613,6132,2694,1,36000,3.27616926503
345878,345888,348825,10,2937,2,7200,1.00340483487
345923,345933,348917,10,2984,2,7200,1.00335120643
346067,346078,348864,11,2786,2,7200,1.00394831299
346103,346113,348924,10,2811,2,7200,1.00355745286
346118,346128,349521,10,3393,2,7200,1.00294724433
346211,346221,348969,10,2748,2,7200,1.00363901019
346226,346234,349218,8,2984,2,7200,1.00268096515
346259,346269,349541,10,3272,2,7200,1.00305623472
346354,350650,351591,4296,941,4,7200,5.56535600425
346354,350693,351344,4339,651,4,7200,7.66513056836
346355,352249,353234,5894,985,4,7200,6.98375634518
346355,351577,352235,5222,658,4,7200,8.93617021277
346355,351570,352231,5215,661,4,7200,8.8895612708
346355,351602,352228,5247,626,4,7200,9.38178913738
346355,351356,352012,5001,656,4,7200,8.62347560976
346355,350776,351559,4421,783,4,7200,6.64623243934
346356,353377,354370,7021,993,4,7200,8.07049345418
346356,353500,354349,7144,849,4,7200,9.41460541814
346356,354179,354998,7823,819,4,7200,10.5518925519
346458,346469,349255,11,2786,2,7200,1.00394831299
346476,346486,348903,10,2417,2,7200,1.00413736036
346526,349701,349703,3175,2,2,3540,317.7
346563,346575,349662,12,3087,2,7200,1.00388726919
346624,346634,349383,10,2749,2,7200,1.00363768643
346726,346736,349777,10,3041,2,7200,1.00328839198
346828,346840,349754,12,2914,2,7200,1.00411805079
346843,346850,349613,7,2763,2,7200,1.0025334781
346845,346857,349796,12,2939,2,7200,1.00408302144
346859,346866,349847,7,2981,2,7200,1.0023482053
346874,346881,349759,7,2878,2,7200,1.00243224461
347043,347053,350059,10,3006,2,7200,1.00332667997
347136,347145,350160,9,3015,2,7200,1.00298507463
347329,347340,350051,11,2711,2,7200,1.00405754334
347489,347498,350141,9,2643,2,7200,1.00340522134
347504,347512,350160,8,2648,2,7200,1.00302114804
347556,352392,354982,4836,2590,1,14400,2.86718146718
347573,347585,350160,12,2575,2,7200,1.00466019417
347722,352397,355055,4675,2658,1,14400,2.75884123401
347808,347818,350160,10,2342,2,7200,1.00426985482
347868,347878,350160,10,2282,2,7200,1.00438212095
347892,347904,350160,12,2256,2,7200,1.00531914894
347907,347913,350160,6,2247,2,7200,1.00267022697
347923,353692,356344,5769,2652,1,14400,3.17533936652
347985,347996,350160,11,2164,2,7200,1.0050831793
348000,348007,350160,7,2153,2,7200,1.00325127729
348048,354361,357012,6313,2651,1,14400,3.38136552244
348093,348103,350160,10,2057,2,7200,1.00486144871
348114,348125,350160,11,2035,2,7200,1.00540540541
348128,348136,350160,8,2024,2,7200,1.00395256917
348276,348287,350160,11,1873,2,7200,1.00587293113
348315,348324,350160,9,1836,2,7200,1.00490196078
348360,348370,350160,10,1790,2,7200,1.00558659218
348423,348432,350160,9,1728,2,7200,1.00520833333
348534,348545,350160,11,1615,2,7200,1.00681114551
348549,348555,350160,6,1605,2,7200,1.00373831776
348627,348639,350160,12,1521,2,7200,1.00788954635
348827,348837,350160,10,1323,2,7200,1.00755857899
348866,348875,350160,9,1285,2,7200,1.00700389105
348902,348914,350160,12,1246,2,7200,1.00963081862
348920,348928,350160,8,1232,2,7200,1.00649350649
348934,348940,350160,6,1220,2,7200,1.00491803279
348970,348981,350160,11,1179,2,7200,1.00932994063
349220,349230,350160,10,930,2,7200,1.01075268817
349256,349269,350160,13,891,2,7200,1.01459034792
349383,349394,350160,11,766,2,7200,1.01436031332
349521,349533,350160,12,627,2,7200,1.01913875598
349542,349552,350160,10,608,2,7200,1.01644736842
349614,349624,350160,10,536,2,7200,1.01865671642
349662,349674,350161,12,487,2,7200,1.02464065708
349756,349766,350161,10,395,2,7200,1.0253164557
349771,349777,350161,6,384,2,7200,1.015625
349785,349791,350161,6,370,2,7200,1.01621621622
349800,349809,350161,9,352,2,7200,1.02556818182
349848,349858,350161,10,303,2,7200,1.03300330033
350053,350063,350161,10,98,2,7200,1.10204081633
350068,350074,350161,6,87,2,7200,1.06896551724
350143,350153,350161,10,8,2,7200,1.8
350287,350293,351542,6,1249,5,14400,1.00480384307
350298,350304,351542,6,1238,5,14400,1.00484652666
350298,350309,351542,11,1233,5,14400,1.00892133009
350309,350325,351542,16,1217,5,14400,1.01314708299
350309,350320,351542,11,1222,5,14400,1.00900163666
350320,350332,351542,12,1210,5,14400,1.00991735537
350330,350339,351542,9,1203,5,14400,1.00748129676
350331,350345,351542,14,1197,5,14400,1.01169590643
350341,350351,351542,10,1191,5,14400,1.00839630563
350342,350357,351542,15,1185,5,14400,1.01265822785
350352,350363,351542,11,1179,5,14400,1.00932994063
350353,350369,351542,16,1173,5,14400,1.0136402387
350364,350375,351542,11,1167,5,14400,1.00942587832
350374,350381,351542,7,1161,5,14400,1.0060292851
350375,350387,351542,12,1155,5,14400,1.01038961039
350385,350393,351542,8,1149,5,14400,1.00696257615
351683,351689,353141,6,1452,8,6000,1.0041322314
351693,351699,353144,6,1445,8,6000,1.00415224913
351694,351705,353140,11,1435,8,6000,1.00766550523
351704,351712,353159,8,1447,8,6000,1.00552868003
351705,351718,353167,13,1449,8,6000,1.00897170462
351715,351913,353359,198,1446,8,6000,1.13692946058
351716,352236,353682,520,1446,8,6000,1.35961272476
351909,352242,353675,333,1433,8,6000,1.23237962317
352235,352454,353904,219,1450,8,6000,1.15103448276
352246,352460,353901,214,1441,8,6000,1.14850798057
352450,352466,353904,16,1438,8,6000,1.01112656467
352471,352477,353919,6,1442,8,6000,1.00416088766
352481,352618,354067,137,1449,8,6000,1.09454796411
352614,353151,354595,537,1444,8,6000,1.37188365651
352764,354626,354722,1862,96,8,288000,20.3958333333
353154,353160,354627,6,1467,8,6000,1.00408997955
353164,353170,354609,6,1439,8,6000,1.0041695622
353175,353181,354621,6,1440,8,6000,1.00416666667
353185,353192,354652,7,1460,8,6000,1.00479452055
353196,353371,354821,175,1450,8,6000,1.12068965517
353369,353686,355132,317,1446,8,6000,1.21922544952
353685,353698,355133,13,1435,8,6000,1.00905923345
353696,353912,355360,216,1448,8,6000,1.14917127072
353910,353919,355367,9,1448,8,6000,1.00621546961
353920,353927,355370,7,1443,8,6000,1.00485100485
353931,353937,355391,6,1454,8,6000,1.00412654746
353941,354078,355558,137,1480,8,6000,1.09256756757
354075,354606,356060,531,1454,8,6000,1.36519944979
354604,354620,356088,16,1468,8,6000,1.01089918256
354625,354633,356094,8,1461,8,6000,1.00547570157
354636,354642,356091,6,1449,8,6000,1.00414078675
354646,354663,356105,17,1442,8,6000,1.01178918169
354667,354734,356185,67,1451,8,6000,1.04617505169
354739,354833,356273,94,1440,8,6000,1.06527777778
354831,355144,356931,313,1787,8,6000,1.1751538892
355146,355153,356597,7,1444,8,6000,1.00484764543
355157,355371,356827,214,1456,8,6000,1.14697802198
355371,355379,356850,8,1471,8,6000,1.00543847723
355382,355388,356836,6,1448,8,6000,1.00414364641
355392,355402,356853,10,1451,8,6000,1.00689179876
355403,355569,357029,166,1460,8,6000,1.11369863014
355566,356071,357537,505,1466,8,6000,1.34447476126
356075,356099,357543,24,1444,8,6000,1.01662049861
356096,356105,357583,9,1478,8,6000,1.00608930988
356107,356113,357574,6,1461,8,6000,1.00410677618
356117,356123,357576,6,1453,8,6000,1.00412938747
356128,356196,357649,68,1453,8,6000,1.04679972471
356199,356285,357733,86,1448,8,6000,1.05939226519
356281,356608,358096,327,1488,8,6000,1.21975806452
356607,356838,358320,231,1482,8,6000,1.15587044534
356842,356847,358318,5,1471,8,6000,1.00339904827
356852,356861,358349,9,1488,8,6000,1.0060483871
356863,356869,358329,6,1460,8,6000,1.00410958904
356873,356942,358407,69,1465,8,6000,1.04709897611
356945,357023,358501,78,1478,8,6000,1.05277401894
357027,357040,358507,13,1467,8,6000,1.00886162236
357037,357548,359318,511,1770,8,6000,1.28870056497
357549,357555,359013,6,1458,8,6000,1.00411522634
357560,357585,359051,25,1466,8,6000,1.017053206
357581,357591,359316,10,1725,8,6000,1.00579710145
357591,357597,359044,6,1447,8,6000,1.00414651002
357602,357660,359113,58,1453,8,6000,1.03991741225
357663,357744,359206,81,1462,8,6000,1.05540355677
357744,358107,359581,363,1474,8,6000,1.24626865672
357823,362099,362106,4276,7,1,3600,428.3
358111,358329,359810,218,1481,8,6000,1.1471978393
358325,358335,359817,10,1482,8,6000,1.00674763833
358336,358342,359816,6,1474,8,6000,1.00407055631
358346,358361,359816,15,1455,8,6000,1.01030927835
358357,358418,359877,61,1459,8,6000,1.04180945853
358418,358512,359978,94,1466,8,6000,1.06412005457
358510,358518,359992,8,1474,8,6000,1.00542740841
358521,359024,360480,503,1456,8,6000,1.34546703297
359020,359056,360508,36,1452,8,6000,1.02479338843
359061,359067,360535,6,1468,8,6000,1.00408719346
359072,359124,360590,52,1466,8,6000,1.03547066849
359123,359218,360689,95,1471,8,6000,1.06458191706
359215,359328,360799,113,1471,8,6000,1.07681849082
359327,359335,360809,8,1474,8,6000,1.00542740841
359337,359592,361062,255,1470,8,6000,1.17346938776
359592,359822,361283,230,1461,8,6000,1.15742642026
359826,359832,361290,6,1458,8,6000,1.00411522634
359837,359843,361327,6,1484,8,6000,1.00404312668
359847,359853,361576,6,1723,8,6000,1.00348229832
359858,359889,361397,31,1508,8,6000,1.02055702918
359889,359991,361463,102,1472,8,6000,1.06929347826
359991,360003,361471,12,1468,8,6000,1.00817438692
360001,360491,361963,490,1472,8,6000,1.33288043478
360489,360519,362000,30,1481,8,6000,1.02025658339
360520,360546,362022,26,1476,8,6000,1.01761517615
360551,360601,362082,50,1481,8,6000,1.03376097232
360602,360700,362172,98,1472,8,6000,1.06657608696
360704,360810,362280,106,1470,8,6000,1.07210884354
360807,360820,362294,13,1474,8,6000,1.00881953867
360817,361073,362547,256,1474,8,6000,1.1736770692
361074,361294,362757,220,1463,8,6000,1.15037593985
361298,361304,362793,6,1489,8,6000,1.00402955003
361308,361338,362803,30,1465,8,6000,1.0204778157
361340,361408,362877,68,1469,8,6000,1.04628999319
361407,362104,362106,697,2,1,1800,69.9
361411,361475,362965,64,1490,8,6000,1.04295302013
361473,361482,362991,9,1509,8,6000,1.00596421471
361483,361587,363069,104,1482,8,6000,1.0701754386
361593,361974,366719,381,4745,5,14400,1.08029504742
361724,362109,362237,385,128,1,3600,4.0078125
361979,362011,366672,32,4661,5,14400,1.00686547951
362010,362017,366452,7,4435,5,14400,1.001578354
362020,362033,366333,13,4300,5,14400,1.00302325581
362031,362093,366745,62,4652,5,14400,1.01332760103
362092,362116,366156,24,4040,5,14400,1.00594059406
362106,362121,362123,15,2,1,1800,1.7
362113,362183,366322,70,4139,5,14400,1.01691229766
362184,362243,367082,59,4839,5,14400,1.01219260178
362208,362564,362696,356,132,1,3600,3.69696969697
362246,362292,366456,46,4164,5,14400,1.01104707012
362271,362569,362653,298,84,1,1800,4.54761904762
362297,362306,366354,9,4048,5,14400,1.00222332016
362307,362314,366409,7,4095,5,14400,1.00170940171
362318,362558,367131,240,4573,5,14400,1.05248195933
362350,362574,362938,224,364,1,3600,1.61538461538
362562,362768,367555,206,4787,5,14400,1.04303321496
362767,362774,366863,7,4089,5,14400,1.00171191
362777,362804,367206,27,4402,5,14400,1.00613357565
362808,362814,367021,6,4207,5,14400,1.00142619444
362814,362820,363193,6,373,1,3600,1.01608579088
362819,362826,367869,7,5043,5,14400,1.00138806266
362829,362888,367298,59,4410,5,14400,1.01337868481
362891,362944,367227,53,4283,5,14400,1.01237450385
362942,362976,367084,34,4108,5,14400,1.00827653359
362968,362982,363082,14,100,1,1800,1.14
362973,363003,367105,30,4102,5,14400,1.00731350561
363003,363009,367338,6,4329,5,14400,1.00138600139
363014,363080,367726,66,4646,5,14400,1.0142057684
363085,363199,367599,114,4400,5,14400,1.02590909091
363149,366168,366795,3019,627,1,3600,5.81499202552
363151,373948,375057,10797,1109,8,288000,10.7357980162
363198,366334,371099,3136,4765,5,14400,1.65813221406
363403,366173,366809,2770,636,1,3600,5.35534591195
363573,366179,366559,2606,380,1,1800,7.85789473684
366336,366344,370588,8,4244,5,14400,1.00188501414
366347,366365,371583,18,5218,5,14400,1.00344959755
366368,366420,370517,52,4097,5,14400,1.01269221381
366419,366463,370430,44,3967,5,14400,1.01109150492
366460,366469,371127,9,4658,5,14400,1.00193215973
366471,366683,370787,212,4104,5,14400,1.05165692008
366685,366730,370774,45,4044,5,14400,1.01112759644
366726,366756,372300,30,5544,5,14400,1.00541125541
366757,366815,371065,58,4250,5,14400,1.01364705882
366819,366874,371302,55,4428,5,14400,1.01242095754
366871,367032,371685,161,4653,5,14400,1.03460133247
367034,367094,371168,60,4074,5,14400,1.0147275405
367095,367102,371730,7,4628,5,14400,1.00151253241
367106,367112,371157,6,4045,5,14400,1.00148331273
367116,367122,371224,6,4102,5,14400,1.00146270112
367127,367133,371753,6,4620,5,14400,1.0012987013
367137,367144,371008,7,3864,5,14400,1.0018115942
367148,367154,371505,6,4351,5,14400,1.00137899333
367158,367218,372270,60,5052,5,14400,1.01187648456
367220,367238,371889,18,4651,5,14400,1.00387013545
367240,367309,372223,69,4914,5,14400,1.01404151404
367312,367350,372356,38,5006,5,14400,1.00759089093
367353,367566,371590,213,4024,5,14400,1.05293240557
367567,367610,372370,43,4760,5,14400,1.00903361345
367608,367737,372358,129,4621,5,14400,1.02791603549
367740,367880,372019,140,4139,5,14400,1.03382459531
367849,367856,367999,7,143,1,3600,1.04895104895
367883,368712,372760,829,4048,5,14400,1.20479249012
368094,368100,368208,6,108,1,3600,1.05555555556
368133,368139,368508,6,369,1,3600,1.0162601626
368339,368345,368789,6,444,1,3600,1.01351351351
368716,368722,372631,6,3909,5,14400,1.00153491942
368727,368733,373029,6,4296,5,14400,1.00139664804
368737,369338,373627,601,4289,5,14400,1.14012590347
368879,368885,369807,6,922,1,3600,1.00650759219
369315,369344,370021,29,677,1,3600,1.04283604136
369337,369350,374144,13,4794,5,14400,1.00271172299
369348,369356,373928,8,4572,5,14400,1.00174978128
369358,370031,374847,673,4816,5,14400,1.13974252492
369788,369795,369872,7,77,1,1800,1.09090909091
370031,370267,374909,236,4642,5,14400,1.05084015511
370155,370273,370371,118,98,1,1800,2.20408163265
370265,370441,374456,176,4015,5,14400,1.04383561644
370438,370529,374533,91,4004,5,14400,1.02272727273
370530,370600,375225,70,4625,5,14400,1.01513513514
370601,370785,374685,184,3900,5,14400,1.04717948718
370785,370798,374656,13,3858,5,14400,1.00336962157
370795,371020,376170,225,5150,5,14400,1.04368932039
371019,371076,375891,57,4815,5,14400,1.01183800623
371080,371110,375072,30,3962,5,14400,1.00757193337
371092,371098,371471,6,373,1,1800,1.01608579088
371111,371138,375234,27,4096,5,14400,1.00659179688
371142,371169,376207,27,5038,5,14400,1.00535926955
371173,371180,375779,7,4599,5,14400,1.00152207002
371184,371235,376461,51,5226,5,14400,1.00975889782
371235,371313,376001,78,4688,5,14400,1.01663822526
371317,371516,376076,199,4560,5,14400,1.04364035088
371522,371594,376281,72,4687,5,14400,1.01536163857
371593,371601,375975,8,4374,5,14400,1.00182898948
371604,371696,376228,92,4532,5,14400,1.02030008826
371695,371742,375995,47,4253,5,14400,1.01105102281
371746,371765,376013,19,4248,5,14400,1.00447269303
371767,371900,376416,133,4516,5,14400,1.02945084145
371899,372030,376079,131,4049,5,14400,1.03235366757
372032,372234,376348,202,4114,5,14400,1.04910063199
372235,372281,376176,46,3895,5,14400,1.01181001284
372286,372311,376350,25,4039,5,14400,1.0061896509
372316,372368,376465,52,4097,5,14400,1.01269221381
372367,372374,376987,7,4613,5,14400,1.00151745068
372378,372384,376915,6,4531,5,14400,1.00132421099
372389,372643,376743,254,4100,5,14400,1.06195121951
372626,372632,372676,6,44,1,1800,1.13636363636
372643,372771,376975,128,4204,5,14400,1.03044719315
372776,373040,377113,264,4073,5,14400,1.06481708814
372919,372925,372998,6,73,1,1800,1.08219178082
373040,373640,377638,600,3998,5,14400,1.15007503752
373627,373633,373871,6,238,1,1800,1.02521008403
373639,373939,378058,300,4119,5,14400,1.07283321194
373935,374155,378636,220,4481,5,14400,1.04909618389
374159,374467,378670,308,4203,5,14400,1.07328098977
374465,374544,378732,79,4188,5,14400,1.01886341929
374547,374667,378970,120,4303,5,14400,1.02788752033
374669,374696,378622,27,3926,5,14400,1.00687722873
374700,374859,379759,159,4900,5,14400,1.03244897959
374863,374921,378963,58,4042,5,14400,1.01434933201
374925,375068,379680,143,4612,5,14400,1.03100607112
375068,375083,379795,15,4712,5,14400,1.00318336163
375085,375236,376685,151,1449,8,6000,1.10420979986
375238,375790,377220,552,1430,8,6000,1.38601398601
375788,375902,377345,114,1443,8,6000,1.079002079
375900,376006,377435,106,1429,8,6000,1.07417774668
376002,376024,377461,22,1437,8,6000,1.01530967293
376023,376087,377539,64,1452,8,6000,1.04407713499
376084,376181,377612,97,1431,8,6000,1.0677847659
376186,376192,377648,6,1456,8,6000,1.00412087912
376197,376239,377676,42,1437,8,6000,1.02922755741
376238,376359,378133,121,1774,8,6000,1.06820744081
376360,376367,378068,7,1701,8,6000,1.00411522634
376371,376472,377916,101,1444,8,6000,1.06994459834
376473,376479,377913,6,1434,8,6000,1.00418410042
376484,376696,378139,212,1443,8,6000,1.14691614692
376697,376926,378355,229,1429,8,6000,1.16025192442
376841,388592,421103,11751,32511,4,32400,1.3614468949
376922,376999,378457,77,1458,8,6000,1.05281207133
376996,377356,377797,360,441,8,900,1.81632653061
377003,377125,378572,122,1447,8,6000,1.08431237042
377122,381590,400904,4468,19314,8,57600,1.23133478306
377126,377231,378668,105,1437,8,6000,1.07306889353
377228,377472,378960,244,1488,8,6000,1.16397849462
377294,378150,392614,856,14464,12,86400,1.05918141593
377356,381903,384096,4547,2193,8,21600,3.07341541268
377374,384107,386298,6733,2191,8,21600,4.07302601552
377436,386309,388486,8873,2177,8,21600,5.07579237483
377441,386624,388807,9183,2183,8,21600,5.20659642694
377472,377550,378983,78,1433,8,6000,1.05443126308
377480,388497,392116,11017,3619,8,21600,4.04421110804
377554,377623,379065,69,1442,8,6000,1.04785020804
377625,377649,379097,24,1448,8,6000,1.01657458564
377646,377660,379104,14,1444,8,6000,1.00969529086
377657,377687,379128,30,1441,8,6000,1.02081887578
377687,377924,379404,237,1480,8,6000,1.16013513514
377877,391450,465783,13573,74333,8,288000,1.18259723138
377921,377930,379389,9,1459,8,6000,1.00616860864
377932,378080,379713,148,1633,8,6000,1.09063074097
377961,377968,378378,7,410,4,7200,1.01707317073
377962,378390,378652,428,262,4,7200,2.63358778626
377962,378664,378858,702,194,4,7200,4.61855670103
377962,378071,378305,109,234,4,7200,1.46581196581
377962,378869,379211,907,342,4,7200,3.65204678363
377962,378920,379348,958,428,4,7200,3.23831775701
377962,378647,378908,685,261,4,7200,3.6245210728
377963,379227,379454,1264,227,4,7200,6.56828193833
377963,379219,379506,1256,287,4,7200,5.37630662021
377963,379359,379674,1396,315,4,7200,5.43174603175
377963,378978,379208,1015,230,4,7200,5.41304347826
378025,379466,379715,1441,249,4,7200,6.78714859438
378025,379517,379751,1492,234,4,7200,7.37606837607
378026,379685,380110,1659,425,4,7200,4.90352941176
378026,379776,380116,1750,340,4,7200,6.14705882353
378026,380128,380439,2102,311,4,7200,7.75884244373
378026,380452,380956,2426,504,4,7200,5.81349206349
378027,380968,381221,2941,253,4,7200,12.6245059289
378027,381715,381928,3688,213,4,7200,18.3145539906
378027,381240,381704,3213,464,4,7200,7.92456896552
378027,381939,382364,3912,425,4,7200,10.2047058824
378028,382376,382825,4348,449,4,7200,10.6837416481
378085,378144,379572,59,1428,8,6000,1.04131652661
378146,378316,379760,170,1444,8,6000,1.11772853186
378320,378366,379809,46,1443,8,6000,1.03187803188
378371,378469,380230,98,1761,8,6000,1.05565019875
378474,378583,380039,109,1456,8,6000,1.07486263736
378586,378633,380071,47,1438,8,6000,1.03268428373
378637,378679,380134,42,1455,8,6000,1.02886597938
378679,378743,380183,64,1440,8,6000,1.04444444444
378740,378971,380412,231,1441,8,6000,1.16030534351
378975,378985,380426,10,1441,8,6000,1.00693962526
378985,378994,380432,9,1438,8,6000,1.00625869263
378996,379076,380525,80,1449,8,6000,1.05521048999
379078,379109,380553,31,1444,8,6000,1.02146814404
379109,379116,380574,7,1458,8,6000,1.00480109739
379120,379139,380596,19,1457,8,6000,1.01304049417
379140,379400,380841,260,1441,8,6000,1.18043025677
379405,379415,380864,10,1449,8,6000,1.00690131125
379416,379583,381029,167,1446,8,6000,1.11549100968
379580,379725,381169,145,1444,8,6000,1.10041551247
379582,392133,392317,12551,184,4,216000,69.2119565217
379628,379637,379710,9,73,1,900,1.12328767123
379723,379732,381187,9,1455,8,6000,1.00618556701
379733,379771,381226,38,1455,8,6000,1.02611683849
379774,379806,381260,32,1454,8,6000,1.02200825309
379805,379821,381275,16,1454,8,6000,1.01100412655
379826,380051,381490,225,1439,8,6000,1.15635858235
379929,392631,392811,12702,180,4,216000,71.5666666667
380050,380082,381537,32,1455,8,6000,1.02199312715
380081,380121,381582,40,1461,8,6000,1.02737850787
380122,380145,381594,23,1449,8,6000,1.01587301587
380143,380194,381652,51,1458,8,6000,1.03497942387
380195,380242,381706,47,1464,8,6000,1.03210382514
380246,380423,381869,177,1446,8,6000,1.122406639
380419,380438,381883,19,1445,8,6000,1.01314878893
380440,380446,381891,6,1445,8,6000,1.00415224913
380451,380536,382004,85,1468,8,6000,1.05790190736
380533,380565,382033,32,1468,8,6000,1.02179836512
380563,380585,382037,22,1452,8,6000,1.01515151515
380584,380607,382060,23,1453,8,6000,1.01582931865
380605,380853,382309,248,1456,8,6000,1.17032967033
380844,381200,381211,356,11,2,18000,33.3636363636
380849,380875,382326,26,1451,8,6000,1.01791867677
380880,381041,382521,161,1480,8,6000,1.10878378378
381043,381181,382632,138,1451,8,6000,1.09510682288
381176,381232,382695,56,1463,8,6000,1.03827751196
381237,381273,382723,36,1450,8,6000,1.02482758621
381268,381288,382745,20,1457,8,6000,1.01372683596
381289,381502,383015,213,1513,8,6000,1.14077990747
381503,381548,383018,45,1470,8,6000,1.0306122449
381544,381597,383090,53,1493,8,6000,1.03549899531
381595,381606,383065,11,1459,8,6000,1.00753941056
381606,381664,383124,58,1460,8,6000,1.0397260274
381668,381722,383193,54,1471,8,6000,1.03670972128
381719,381882,383331,163,1449,8,6000,1.11249137336
381882,381894,383363,12,1469,8,6000,1.00816882233
381892,381908,383369,16,1461,8,6000,1.01095140315
381913,382016,383486,103,1470,8,6000,1.07006802721
382015,382044,383507,29,1463,8,6000,1.01982228298
382046,382052,383519,6,1467,8,6000,1.00408997955
382057,382072,383543,15,1471,8,6000,1.0101971448
382078,382322,383770,244,1448,8,6000,1.16850828729
382322,382337,383803,15,1466,8,6000,1.0102319236
382333,382532,384000,199,1468,8,6000,1.13555858311
382537,382644,384096,107,1452,8,6000,1.07369146006
382649,382707,384173,58,1466,8,6000,1.03956343793
382710,382735,384217,25,1482,8,6000,1.01686909582
382731,382758,384222,27,1464,8,6000,1.01844262295
382762,383031,384494,269,1463,8,6000,1.18386876282
382769,383814,383855,1045,41,64,900,26.487804878
382930,384778,385214,1848,436,4,7200,5.23853211009
382930,384190,384506,1260,316,4,7200,4.98734177215
382931,384794,385035,1863,241,4,7200,8.73029045643
382931,384799,385233,1868,434,4,7200,5.30414746544
382931,384804,385246,1873,442,4,7200,5.23755656109
382931,384783,385311,1852,528,4,7200,4.50757575758
382931,384789,385113,1858,324,4,7200,6.73456790123
382932,384810,385284,1878,474,4,7200,4.96202531646
382932,384820,385075,1888,255,4,7200,8.40392156863
382932,385049,385298,2117,249,4,7200,9.50200803213
382932,384815,385267,1883,452,4,7200,5.16592920354
382955,385087,385591,2132,504,4,7200,5.23015873016
382956,385244,385826,2288,582,4,7200,4.93127147766
382956,385279,385719,2323,440,4,7200,6.27954545455
382956,385227,385906,2271,679,4,7200,4.34462444772
382956,385126,385415,2170,289,4,7200,8.50865051903
382956,385257,385835,2301,578,4,7200,4.98096885813
382956,385297,385836,2341,539,4,7200,5.34322820037
382957,385323,385924,2366,601,4,7200,4.93677204659
382957,385427,386024,2470,597,4,7200,5.13735343384
382957,385613,386300,2656,687,4,7200,4.86608442504
382957,385310,385906,2353,596,4,7200,4.94798657718
382977,385853,390482,2876,4629,4,7200,1.62130049687
382977,385922,390482,2945,4560,4,7200,1.64583333333
382978,386317,390538,3339,4221,4,7200,1.79104477612
382978,389628,390538,6650,910,4,7200,8.30769230769
382978,388960,390538,5982,1578,4,7200,4.79087452471
382978,388623,390538,5645,1915,4,7200,3.94778067885
382978,386035,391856,3057,5821,4,7200,1.52516749699
382978,385936,390482,2958,4546,4,7200,1.65068191817
382978,388849,390538,5871,1689,4,7200,4.47602131439
382979,389940,390538,6961,598,4,7200,12.6404682274
382979,389949,390538,6970,589,4,7200,12.8336162988
382990,390139,390538,7149,399,4,7200,18.9172932331
382990,390162,390538,7172,376,4,7200,20.0744680851
382990,390167,390582,7177,415,4,7200,18.2939759036
383027,383078,384536,51,1458,8,6000,1.03497942387
383078,383136,384599,58,1463,8,6000,1.03964456596
383140,383375,384835,235,1460,8,6000,1.16095890411
383374,383382,384840,8,1458,8,6000,1.00548696845
383385,383519,384982,134,1463,8,6000,1.09159261791
383449,388819,395661,5370,6842,6,165600,1.78485822859
383517,383555,385020,38,1465,8,6000,1.02593856655
383558,384011,385472,453,1461,8,6000,1.31006160164
383949,384767,392001,818,7234,25,10799,1.11307713575
384016,384113,385589,97,1476,8,6000,1.06571815718
384118,384184,385640,66,1456,8,6000,1.04532967033
384186,384229,388606,43,4377,5,14400,1.00982408042
384227,384235,388475,8,4240,5,14400,1.00188679245
384238,384244,388598,6,4354,5,14400,1.00137804318
384249,384506,388528,257,4022,5,14400,1.06389855793
384503,384518,388837,15,4319,5,14400,1.00347302616
384514,384547,388637,33,4090,5,14400,1.00806845966
384545,384554,388581,9,4027,5,14400,1.00223491433
384555,384610,389581,55,4971,5,14400,1.0110641722
384606,384773,388949,167,4176,5,14400,1.03999042146
384727,391456,391459,6729,3,4,7200,673.2
384770,384846,388881,76,4035,5,14400,1.01883519207
384851,384857,388821,6,3964,5,14400,1.0015136226
384862,384868,388907,6,4039,5,14400,1.00148551622
384872,384993,389269,121,4276,5,14400,1.02829747428
384995,385001,388901,6,3900,5,14400,1.00153846154
385005,385032,389330,27,4298,5,14400,1.00628199162
385036,385043,389152,7,4109,5,14400,1.00170357751
385047,385484,389929,437,4445,5,14400,1.09831271091
385485,385601,389820,116,4219,5,14400,1.02749466698
385597,385607,389789,10,4182,5,14400,1.00239120038
385608,385651,389647,43,3996,5,14400,1.01076076076
385649,385730,389617,81,3887,5,14400,1.02083869308
385731,385837,390128,106,4291,5,14400,1.02470286646
385833,385847,390151,14,4304,5,14400,1.0032527881
385843,385917,389938,74,4021,5,14400,1.01840338224
385915,386630,390696,715,4066,5,14400,1.17584849975
386627,388487,392841,1860,4354,5,14400,1.42719338539
387380,391467,584647,4087,193180,3,313080,1.02115643441
387435,392636,465307,5201,72671,3,306000,1.07156912661
387509,392641,584649,5132,192008,3,320400,1.026728053
388488,388540,393096,52,4556,5,14400,1.01141352063
388539,388611,392409,72,3798,5,14400,1.01895734597
388550,391462,391924,2912,462,4,7200,7.30303030303
388610,388617,392595,7,3978,5,14400,1.00175967823
388621,388648,393149,27,4501,5,14400,1.00599866696
388652,388833,392789,181,3956,5,14400,1.04575328615
388838,388855,392718,17,3863,5,14400,1.00440072483
388858,388892,393233,34,4341,5,14400,1.00783229671
388889,388913,392976,24,4063,5,14400,1.0059069653
388910,388919,393137,9,4218,5,14400,1.00213371266
388921,389163,393386,242,4223,5,14400,1.05730523325
389165,389280,393216,115,3936,5,14400,1.02921747967
389277,389341,393434,64,4093,5,14400,1.01563645248
389339,389592,393529,253,3937,5,14400,1.06426212852
389445,845406,1450221,455961,604815,6,604800,1.75388507229
389594,389658,393654,64,3996,5,14400,1.01601601602
389655,389801,394056,146,4255,5,14400,1.03431257344
389701,845420,1450263,455719,604843,6,604800,1.75345006886
389720,389955,390702,235,747,1,3600,1.31459170013
389798,389831,393670,33,3839,5,14400,1.00859598854
389829,392127,396248,2298,4121,5,14400,1.55763164281
389997,845721,1450543,455724,604822,6,604800,1.75348449627
390269,392013,392039,1744,26,64,3600,68.0769230769
391556,391562,395170,6,3608,1,3600,1.00166297118
391791,391797,391799,6,2,1,1800,1.0
391962,391968,392048,6,80,1,1800,1.075
392131,392328,396823,197,4495,5,14400,1.04382647386
392278,392284,392388,6,104,1,1800,1.05769230769
392325,392421,396387,96,3966,5,14400,1.02420574887
392417,392625,397269,208,4644,5,14400,1.04478897502
392630,392729,397072,99,4343,5,14400,1.02279530279
392732,392800,396729,68,3929,5,14400,1.01730720285
392804,392822,397597,18,4775,5,14400,1.00376963351
392825,392987,397256,162,4269,5,14400,1.03794799719
392876,392883,393255,7,372,1,1800,1.0188172043
392968,397651,408480,4683,10829,25,10799,1.43244990304
392980,403135,443779,10155,40644,6,360000,1.24985237673
392988,393107,397143,119,4036,5,14400,1.02948463826
393110,393149,397208,39,4059,5,14400,1.0096082779
393151,393161,396886,10,3725,5,14400,1.00268456376
393162,393227,397343,65,4116,5,14400,1.0157920311
393187,393193,394203,6,1010,4,900,1.00594059406
393223,393245,397321,22,4076,5,14400,1.00539744848
393244,393402,398181,158,4779,5,14400,1.0330613099
393390,393396,398757,6,5361,18,7200,1.00111919418
393407,393445,398346,38,4901,5,14400,1.00775351969
393448,393541,397980,93,4439,5,14400,1.02095066456
393540,393665,397750,125,4085,5,14400,1.0305997552
393663,393681,397640,18,3959,5,14400,1.00454660268
393684,393690,397529,6,3839,5,14400,1.00156290701
393689,393696,395498,7,1802,4,7200,1.0038845727
393689,393702,395772,13,2070,4,7200,1.00628019324
393690,393707,394044,17,337,4,7200,1.05044510386
393690,393712,394954,22,1242,4,7200,1.01771336554
393691,393718,394969,27,1251,4,7200,1.02158273381
393691,393724,397339,33,3615,4,7200,1.00912863071
393693,393730,395581,37,1851,4,7200,1.01998919503
393693,393735,395684,42,1949,4,7200,1.02154951257
393693,393740,394071,47,331,4,7200,1.1419939577
393694,393745,394985,51,1240,4,7200,1.04112903226
393694,393751,394990,57,1239,4,7200,1.04600484262
393694,394067,397927,373,3860,5,14400,1.09663212435
393695,393756,397608,61,3852,4,7200,1.01583592939
394026,394032,394041,6,9,1,1800,1.5
394071,396398,400235,2327,3837,5,14400,1.60646338285
394203,394213,394296,10,83,1,1800,1.12048192771
394307,396259,396284,1952,25,64,3600,79.08
394528,394534,394633,6,99,1,1800,1.06060606061
394824,403140,408439,8316,5299,6,108000,2.56935270806
394830,403145,408272,8315,5127,6,115200,2.62180612444
394834,403150,408187,8316,5037,6,111600,2.65098272781
395040,395046,395139,6,93,4,900,1.06451612903
395125,395131,395527,6,396,1,1800,1.01515151515
395156,403248,455638,8092,52390,4,216000,1.15445695743
395167,395174,395681,7,507,4,900,1.01380670611
395279,395286,395417,7,131,1,3600,1.0534351145
395553,395559,395877,6,318,1,3600,1.01886792453
395617,395623,395626,6,3,4,7200,1.0
395674,403156,407997,7482,4841,6,165600,2.5455484404
395702,403253,455677,7551,52424,4,216000,1.14403708225
395901,395907,395910,6,3,4,7200,1.0
396108,396114,397120,6,1006,1,3600,1.00596421471
396336,396342,396350,6,8,1,1800,1.4
396400,396740,400529,340,3789,5,14400,1.0897334389
396457,396463,396485,6,22,64,3600,1.27272727273
396511,396517,396598,6,81,1,1800,1.07407407407
396745,396897,401200,152,4303,5,14400,1.03532419242
396899,397083,401546,184,4463,5,14400,1.04122787363
397082,397154,401163,72,4009,5,14400,1.01795959092
397153,397219,401088,66,3869,5,14400,1.01705867149
397224,397267,401584,43,4317,5,14400,1.0099606208
397227,397233,397336,6,103,1,1800,1.05825242718
397264,397273,397407,9,134,1,7200,1.0671641791
397265,397333,401685,68,4352,5,14400,1.015625
397337,397354,401765,17,4411,5,14400,1.00385400136
397357,397540,401800,183,4260,5,14400,1.04295774648
397540,397657,402073,117,4416,5,14400,1.02649456522
397642,397761,401917,119,4156,5,14400,1.02863330125
397672,397679,397685,7,6,1,3600,1.3
397712,400921,401055,3209,134,4,7200,24.947761194
397712,403172,403668,5460,496,4,7200,12.0080645161
397713,403194,403959,5481,765,4,7200,8.16470588235
397713,403189,403390,5476,201,4,7200,28.2437810945
397714,403199,403970,5485,771,4,7200,8.11413748379
397714,403204,404116,5490,912,4,7200,7.01973684211
397718,403210,403711,5492,501,4,7200,11.9620758483
397718,403221,403424,5503,203,4,7200,28.1083743842
397718,403215,403718,5497,503,4,7200,11.9284294235
397719,403231,403998,5512,767,4,7200,8.18644067797
397719,403226,404002,5507,776,4,7200,8.09664948454
397720,403237,404169,5517,932,4,7200,6.919527897
397755,397939,402047,184,4108,5,14400,1.04479065239
397793,397799,397895,6,96,1,3600,1.0625
397828,397834,398218,6,384,1,1800,1.015625
397928,397991,402195,63,4204,5,14400,1.01498572788
397989,398196,402053,207,3857,5,14400,1.05366865439
398023,398029,398348,6,319,1,3600,1.01880877743
398057,398063,400643,6,2580,1,345600,1.0023255814
398122,398128,400708,6,2580,1,345600,1.0023255814
398173,398179,398184,6,5,5,1800,1.1
398183,398360,402360,177,4000,5,14400,1.04425
398184,398190,400771,6,2581,1,345600,1.00232468036
398229,398235,398240,6,5,4,600,1.1
398245,398395,400981,150,2586,1,345600,1.05800464037
398356,400247,404603,1891,4356,5,14400,1.43411386593
398534,403123,403165,4589,42,64,3600,110.261904762
398632,398643,399267,11,624,1,3600,1.01762820513
398888,398894,398901,6,7,1,1800,1.3
399067,399073,399112,6,39,1,1800,1.15384615385
399351,399357,399442,6,85,1,1800,1.07058823529
400072,400078,400342,6,264,1,1800,1.02272727273
400237,400540,404704,303,4164,5,14400,1.07276657061
400532,400915,404878,383,3963,5,14400,1.0966439566
400633,400993,403578,360,2585,1,345600,1.13926499033
400689,403177,405755,2488,2578,1,345600,1.96508921645
400727,403258,405842,2531,2584,1,345600,1.97948916409
400746,403129,422726,2383,19597,16,36000,1.12160024494
400765,403264,405849,2499,2585,1,345600,1.9667311412
400919,401067,405040,148,3973,5,14400,1.03725144727
401062,401100,405009,38,3909,5,14400,1.00972115631
401103,401174,405227,71,4053,5,14400,1.01751788798
401175,401212,405260,37,4048,5,14400,1.00914031621
401216,401557,405734,341,4177,5,14400,1.0816375389
401562,401597,405573,35,3976,5,14400,1.0088028169
401593,401696,405497,103,3801,5,14400,1.02709813207
401696,401776,405809,80,4033,5,14400,1.01983635011
401778,401812,405496,34,3684,5,14400,1.00922909881
401808,401928,405989,120,4061,5,14400,1.02954937208
401830,403161,436552,1331,33391,8,57600,1.0398610404
401914,401920,401925,6,5,1,600,1.1
401931,402058,406486,127,4428,5,14400,1.02868112014
402064,402070,406039,6,3969,5,14400,1.0015117158
402074,402084,406018,10,3934,5,14400,1.00254194204
402085,402207,406171,122,3964,5,14400,1.03077699294
402207,402371,406197,164,3826,5,14400,1.04286461056
402371,403166,407633,795,4467,5,14400,1.17797179315
402657,403242,403979,585,737,8,3540,1.79375848033
403006,403012,403210,6,198,1,1800,1.0303030303
403166,403183,406867,17,3684,5,14400,1.0046145494
403187,403729,407703,542,3974,5,14400,1.13638651233
403259,403276,403783,17,507,1,1800,1.03353057199
403262,403271,403388,9,117,1,7200,1.07692307692
403281,403722,439739,441,36017,16,36000,1.01224421801
403728,404013,408373,285,4360,5,14400,1.06536697248
403756,403990,551072,234,147082,18,198000,1.00159094927
404011,404715,406152,704,1437,8,6000,1.48990953375
404053,407727,552755,3674,145028,18,198000,1.02533303914
404191,405057,431828,866,26771,3,35940,1.03234843674
404600,404889,440910,289,36021,16,36000,1.00802309764
404714,405051,406475,337,1424,8,6000,1.23665730337
405050,405272,406736,222,1464,8,6000,1.15163934426
405108,405116,405595,8,479,1,1800,1.01670146138
405275,405508,406946,233,1438,8,6000,1.16203059805
405366,405372,405485,6,113,1,7200,1.05309734513
405509,405585,407014,76,1429,8,6000,1.05318404479
405510,405606,408568,96,2962,2,7200,1.03241053342
405511,408009,411686,2498,3677,2,7200,1.67935817242
405511,408020,409545,2509,1525,2,7200,2.64524590164
405511,408015,408410,2504,395,2,7200,7.33924050633
405512,408199,409731,2687,1532,2,7200,2.75391644909
405512,408204,415436,2692,7232,2,7200,1.37223451327
405514,408210,410885,2696,2675,2,7200,2.00785046729
405515,408299,409835,2784,1536,2,7200,2.8125
405515,408294,408689,2779,395,2,7200,8.03544303797
405515,408289,412474,2774,4185,2,7200,1.66284348865
405516,408390,414642,2874,6252,2,7200,1.45969289827
405516,408384,409921,2868,1537,2,7200,2.86597267404
405581,405821,407263,240,1442,8,6000,1.16643550624
405707,405767,405872,60,105,1,7200,1.57142857143
405826,406000,407434,174,1434,8,6000,1.12133891213
405999,406051,407492,52,1441,8,6000,1.03608605135
406051,406163,407601,112,1438,8,6000,1.07788595271
406163,406209,407664,46,1455,8,6000,1.03161512027
406214,406487,407916,273,1429,8,6000,1.19104268719
406343,406504,406509,161,5,4,600,16.6
406374,406380,406487,6,107,1,7200,1.05607476636
406490,406498,407985,8,1487,8,6000,1.00537995965
406500,406749,408189,249,1440,8,6000,1.17291666667
406745,406959,408388,214,1429,8,6000,1.14975507348
406959,407025,408460,66,1435,8,6000,1.04599303136
407021,407274,408719,253,1445,8,6000,1.17508650519
407276,407445,408883,169,1438,8,6000,1.11752433936
407398,407405,407570,7,165,1,1800,1.04242424242
407450,407505,408942,55,1437,8,6000,1.03827418232
407501,407613,409131,112,1518,8,6000,1.07378129117
407592,407599,407705,7,106,1,7200,1.06603773585
407614,407676,409114,62,1438,8,6000,1.04311543811
407626,407632,407716,6,84,4,7200,1.07142857143
407675,407927,409358,252,1431,8,6000,1.17610062893
407736,407742,408232,6,490,1,1800,1.01224489796
407755,415283,418635,7528,3352,4,36000,3.24582338902
407762,415288,418881,7526,3593,4,36000,3.0946284442
407769,415293,417563,7524,2270,4,36000,4.31453744493
407879,415231,415260,7352,29,64,3600,254.517241379
407919,407996,409439,77,1443,8,6000,1.05336105336
407991,408216,409663,225,1447,8,6000,1.15549412578
408126,560110,646464,151984,86354,6,165600,2.76001111703
408195,408400,409842,205,1442,8,6000,1.14216366158
408242,560116,646208,151874,86092,6,111600,2.76408957859
408244,488069,560099,79825,72030,24,72000,2.10821879772
408389,408451,409894,62,1443,8,6000,1.04296604297
408409,511784,583813,103375,72029,24,72000,2.43518582793
408409,560121,646306,151712,86185,6,115200,2.7603063178
408450,408472,409914,22,1442,8,6000,1.01525658807
408458,560126,645769,151668,85643,6,108000,2.7709328258
408471,408491,409930,20,1439,8,6000,1.01389854065
408492,408498,409964,6,1466,8,6000,1.00409276944
408502,408509,409954,7,1445,8,6000,1.00484429066
408513,408731,410169,218,1438,8,6000,1.15159944367
408727,408894,410348,167,1454,8,6000,1.11485557084
408891,408953,410400,62,1447,8,6000,1.04284727021
408952,409125,410573,173,1448,8,6000,1.11947513812
409126,409143,410585,17,1442,8,6000,1.01178918169
409146,409375,410841,229,1466,8,6000,1.15620736698
409361,409369,410908,8,1539,1,1800,1.00519818064
409371,409452,410896,81,1444,8,6000,1.05609418283
409453,409556,410995,103,1439,8,6000,1.07157748436
409555,409676,411132,121,1456,8,6000,1.0831043956
409677,409854,411302,177,1448,8,6000,1.12223756906
409851,409925,411375,74,1450,8,6000,1.05103448276
409922,410360,412123,438,1763,8,6000,1.24844015882
410059,440921,656958,30862,216037,128,216000,1.14285515907
410313,415271,425254,4958,9983,25,10799,1.4966442953
410350,410412,411861,62,1449,8,6000,1.04278812974
410401,410584,412032,183,1448,8,6000,1.12638121547
410575,410597,412056,22,1459,8,6000,1.01507882111
410595,410852,412302,257,1450,8,6000,1.17724137931
410849,410908,412388,59,1480,8,6000,1.03986486486
410900,411007,412459,107,1452,8,6000,1.07369146006
411001,411144,412592,143,1448,8,6000,1.09875690608
411133,411313,412759,180,1446,8,6000,1.1244813278
411306,411387,412839,81,1452,8,6000,1.05578512397
411378,411873,413311,495,1438,8,6000,1.34422809458
411497,411504,413329,7,1825,1,1800,1.00383561644
411704,415299,420216,3595,4917,4,36000,1.73113687208
411711,415304,418638,3593,3334,4,36000,2.07768446311
411719,415309,419962,3590,4653,4,36000,1.77154523963
411726,415314,420856,3588,5542,4,36000,1.64741970408
411733,415447,418147,3714,2700,4,36000,2.37555555556
411867,412043,413515,176,1472,8,6000,1.11956521739
412041,412067,413515,26,1448,8,6000,1.0179558011
412062,412134,413579,72,1445,8,6000,1.04982698962
412133,412313,413766,180,1453,8,6000,1.12388162423
412167,417575,420398,5408,2823,4,36000,2.91569252568
412307,412401,413855,94,1454,8,6000,1.06464924347
412389,412471,413920,82,1449,8,6000,1.05659075224
412461,412603,414060,142,1457,8,6000,1.09746053535
412593,412770,414231,177,1461,8,6000,1.12114989733
412767,412850,414314,83,1464,8,6000,1.05669398907
412849,413322,414774,473,1452,8,6000,1.32575757576
413318,413526,414972,208,1446,8,6000,1.1438450899
413522,413590,415081,68,1491,8,6000,1.04560697518
413522,413532,415084,10,1552,8,6000,1.00644329897
413584,413779,415239,195,1460,8,6000,1.13356164384
413767,413867,415358,100,1491,8,6000,1.06706908115
413860,413932,415379,72,1447,8,6000,1.04975812025
413921,414072,415525,151,1453,8,6000,1.1039229181
414064,414243,415703,179,1460,8,6000,1.12260273973
414238,414325,415780,87,1455,8,6000,1.05979381443
414321,414792,416237,471,1445,8,6000,1.32595155709
414780,414984,416436,204,1452,8,6000,1.14049586777
414974,415092,416547,118,1455,8,6000,1.08109965636
415086,415098,416555,12,1457,8,6000,1.00823610158
415096,415250,416708,154,1458,8,6000,1.10562414266
415240,415277,416742,37,1465,8,6000,1.0252559727
415281,415369,416821,88,1452,8,6000,1.06060606061
415373,415390,416860,17,1470,8,6000,1.01156462585
415394,415537,416998,143,1461,8,6000,1.09787816564
415537,415714,417176,177,1462,8,6000,1.12106703146
415656,551084,587117,135428,36033,16,36000,4.75844364888
415697,552766,588801,137069,36035,16,36000,4.80377410851
415711,415796,417262,85,1466,8,6000,1.05798090041
415793,416248,417713,455,1465,8,6000,1.31058020478
416251,416448,417913,197,1465,8,6000,1.13447098976
416445,416558,418014,113,1456,8,6000,1.07760989011
416557,416566,418028,9,1462,8,6000,1.00615595075
416568,416719,418518,151,1799,8,6000,1.08393551973
416721,416753,418213,32,1460,8,6000,1.02191780822
416752,416832,418293,80,1461,8,6000,1.05475701574
416834,416872,418335,38,1463,8,6000,1.02597402597
416875,417010,418484,135,1474,8,6000,1.09158751696
417008,417189,418648,181,1459,8,6000,1.12405757368
417192,417274,418731,82,1457,8,6000,1.05628002745
417274,417724,419193,450,1469,8,6000,1.3063308373
417722,417925,419385,203,1460,8,6000,1.13904109589
417926,418025,419481,99,1456,8,6000,1.06799450549
418028,418039,419513,11,1474,8,6000,1.00746268657
418039,418224,419698,185,1474,8,6000,1.12550881954
418223,418304,419775,81,1471,8,6000,1.05506458192
418305,418347,419822,42,1475,8,6000,1.02847457627
418346,418495,419963,149,1468,8,6000,1.1014986376
418497,418504,423242,7,4738,5,14400,1.00147741663
418508,418531,423106,23,4575,5,14400,1.0050273224
418528,418647,423208,119,4561,5,14400,1.02609076957
418651,418657,422920,6,4263,5,14400,1.00140745954
418662,418668,423764,6,5096,5,14400,1.00117739403
418672,418743,422694,71,3951,5,14400,1.01797013414
418744,418750,422939,6,4189,5,14400,1.00143232275
418755,418893,424334,138,5441,5,14400,1.02536298475
418898,419204,423198,306,3994,5,14400,1.07661492238
419204,419397,423405,193,4008,5,14400,1.04815369261
419398,419404,423454,6,4050,5,14400,1.00148148148
419409,419492,424466,83,4974,5,14400,1.01668677121
419491,419500,424271,9,4771,5,14400,1.00188639698
419501,419525,423633,24,4108,5,14400,1.00584225901
419522,419711,424395,189,4684,5,14400,1.0403501281
419706,419717,423911,11,4194,5,14400,1.00262279447
419717,419790,424536,73,4746,5,14400,1.01538137379
419789,419834,424602,45,4768,5,14400,1.00943791946
419830,419840,424053,10,4213,5,14400,1.00237360551
419840,419975,424438,135,4463,5,14400,1.03024871163
419973,419981,424050,8,4069,5,14400,1.00196608503
419984,422705,427656,2721,4951,5,14400,1.54958594223
421956,423227,423570,1271,343,1,18000,4.7055393586
422235,422241,422243,6,2,2,3540,1.0
422704,422951,427891,247,4940,5,14400,1.05
422729,422735,424435,6,1700,2,7200,1.00352941176
422949,423118,427774,169,4656,5,14400,1.03629725086
423123,423209,427940,86,4731,5,14400,1.01817797506
423215,423221,427364,6,4143,5,14400,1.00144822592
423225,423416,428612,191,5196,5,14400,1.03675904542
423419,423465,427490,46,4025,5,14400,1.01142857143
423470,423582,427545,112,3963,5,14400,1.02826141812
423583,423645,428408,62,4763,5,14400,1.01301700609
423644,423776,427913,132,4137,5,14400,1.03190717912
423777,423922,427876,145,3954,5,14400,1.03667172484
423920,424061,428564,141,4503,5,14400,1.03131245836
424062,424069,428433,7,4364,5,14400,1.001604033
424073,424282,429171,209,4889,5,14400,1.04274902843
424287,424345,428790,58,4445,5,14400,1.01304836895
424349,424406,428590,57,4184,5,14400,1.01362332696
424410,424449,429008,39,4559,5,14400,1.00855450757
424451,424477,428847,26,4370,5,14400,1.00594965675
424482,424548,428808,66,4260,5,14400,1.01549295775
424554,424613,429084,59,4471,5,14400,1.01319615299
424615,425476,429304,861,3828,5,14400,1.22492163009
425078,425266,425464,188,198,64,3600,1.94949494949
425332,425338,425501,6,163,1,12610,1.03680981595
425481,425486,429691,5,4205,5,14400,1.00118906064
425491,425498,430228,7,4730,5,14400,1.00147991543
425502,425508,430067,6,4559,5,14400,1.00131607809
425513,425519,430413,6,4894,5,14400,1.00122599101
425520,425526,425535,6,9,1,12610,1.5
425524,425533,430024,9,4491,5,14400,1.00200400802
425534,425540,429600,6,4060,5,14400,1.00147783251
425545,425551,430262,6,4711,5,14400,1.00127361494
425555,425562,430002,7,4440,5,14400,1.00157657658
425566,425572,429675,6,4103,5,14400,1.00146234463
425577,425584,429792,7,4208,5,14400,1.0016634981
425587,425593,429596,6,4003,5,14400,1.00149887584
425598,425604,429834,6,4230,5,14400,1.00141843972
425608,427376,431556,1768,4180,5,14400,1.42296650718
425951,425958,425962,7,4,1,12610,1.1
426320,426327,426332,7,5,1,12610,1.2
427380,427501,432298,121,4797,5,14400,1.02522409839
427503,427557,432310,54,4753,5,14400,1.01136124553
427554,427668,432527,114,4859,5,14400,1.02346161762
427667,427787,432392,120,4605,5,14400,1.02605863192
427789,427888,431827,99,3939,5,14400,1.02513328256
427891,427902,431862,11,3960,5,14400,1.00277777778
427902,427926,432342,24,4416,5,14400,1.00543478261
427923,427953,431899,30,3946,5,14400,1.00760263558
427954,428419,432223,465,3804,5,14400,1.12223974763
428120,428126,428130,6,4,4,600,1.0
428164,439499,439520,11335,21,64,3600,540.761904762
428423,428445,433374,22,4929,5,14400,1.00446338
428443,428576,433354,133,4778,5,14400,1.02783591461
428576,428603,432647,27,4044,5,14400,1.00667655786
428607,428623,432569,16,3946,5,14400,1.00405473898
428628,428820,433981,192,5161,5,14400,1.03720209262
428822,428859,433512,37,4653,5,14400,1.00795185902
428863,429096,434072,233,4976,5,14400,1.04682475884
429097,429182,433790,85,4608,5,14400,1.01844618056
429179,430014,434319,835,4305,5,14400,1.19396051103
430014,430036,434381,22,4345,5,14400,1.00506329114
430035,430079,434798,44,4719,5,14400,1.00932400932
430076,430239,434694,163,4455,5,14400,1.03658810325
430239,430274,434349,35,4075,5,14400,1.00858895706
430270,430424,434733,154,4309,5,14400,1.03573915061
430423,431567,436082,1144,4515,5,14400,1.25337763012
431563,431839,435989,276,4150,5,14400,1.0665060241
431838,431874,435864,36,3990,5,14400,1.00902255639
431879,431910,436066,31,4156,5,14400,1.00745909528
431910,432234,436351,324,4117,5,14400,1.07869808113
432236,432309,436539,73,4230,5,14400,1.01725768322
432307,432321,436571,14,4250,5,14400,1.00329411765
432318,432354,437144,36,4790,5,14400,1.00751565762
432349,432404,436456,55,4052,5,14400,1.01357354393
432400,432540,436750,140,4210,5,14400,1.03325415677
432543,432580,436613,37,4033,5,14400,1.00917431193
432578,466431,488058,33853,21627,25,21599,2.56531187867
432584,432658,436592,74,3934,5,14400,1.01881037112
432656,433366,437593,710,4227,5,14400,1.16796782588
432929,432936,432945,7,9,2,3540,1.6
433368,433385,437601,17,4216,5,14400,1.00403225806
433389,433523,438012,134,4489,5,14400,1.02985074627
433521,433802,437804,281,4002,5,14400,1.07021489255
433806,433994,438334,188,4340,5,14400,1.04331797235
433990,434083,437939,93,3856,5,14400,1.02411825726
434082,434331,439152,249,4821,5,14400,1.05164903547
434337,434361,438478,24,4117,5,14400,1.00582948749
434357,434392,438984,35,4592,5,14400,1.00762195122
434388,434706,439488,318,4782,5,14400,1.06649937265
434711,434744,436172,33,1428,8,6000,1.0231092437
434742,435876,437310,1134,1434,8,6000,1.79079497908
435881,436001,437425,120,1424,8,6000,1.08426966292
436004,436093,437530,89,1437,8,6000,1.06193458594
436096,436183,437885,87,1702,8,6000,1.05111633373
436188,436467,437905,279,1438,8,6000,1.19401947149
436463,436550,437990,87,1440,8,6000,1.06041666667
436555,436582,438014,27,1432,8,6000,1.0188547486
436586,436604,438046,18,1442,8,6000,1.01248266297
436607,436762,438195,155,1433,8,6000,1.10816468946
436759,437322,438754,563,1432,8,6000,1.39315642458
437319,437437,438866,118,1429,8,6000,1.08257522743
437442,437541,438986,99,1445,8,6000,1.06851211073
437547,437605,439039,58,1434,8,6000,1.04044630404
437608,437614,439055,6,1441,8,6000,1.00416377516
437619,437896,439331,277,1435,8,6000,1.19303135889
437894,437916,439355,22,1439,8,6000,1.01528839472
437915,437950,439394,35,1444,8,6000,1.02423822715
437956,438001,439435,45,1434,8,6000,1.03138075314
437997,438024,439457,27,1433,8,6000,1.01884159107
438028,438034,439487,6,1453,8,6000,1.00412938747
438038,438058,439500,20,1442,8,6000,1.01386962552
438059,438206,439650,147,1444,8,6000,1.10180055402
438202,438489,439929,287,1440,8,6000,1.19930555556
438487,438766,440209,279,1443,8,6000,1.19334719335
438762,438877,440313,115,1436,8,6000,1.08008356546
438874,438997,440437,123,1440,8,6000,1.08541666667
438996,439050,440483,54,1433,8,6000,1.03768318214
439048,439067,440538,19,1471,8,6000,1.01291638341
439068,439163,440601,95,1438,8,6000,1.06606397775
439160,439342,440794,182,1452,8,6000,1.12534435262
439344,439367,440811,23,1444,8,6000,1.01592797784
439365,439405,440847,40,1442,8,6000,1.02773925104
439406,439446,440889,40,1443,8,6000,1.02772002772
439447,439468,440915,21,1447,8,6000,1.01451278507
439467,439661,441127,194,1466,8,6000,1.13233287858
439661,439940,441392,279,1452,8,6000,1.19214876033
439937,440220,441667,283,1447,8,6000,1.19557705598
440222,440448,441895,226,1447,8,6000,1.15618521078
440446,440494,441945,48,1451,8,6000,1.03308063405
440497,440612,442052,115,1440,8,6000,1.07986111111
440609,440822,442273,213,1451,8,6000,1.14679531358
440813,440858,442302,45,1444,8,6000,1.0311634349
440855,440901,442345,46,1444,8,6000,1.03185595568
440897,440928,442378,31,1450,8,6000,1.02137931034
440917,441138,442620,221,1482,8,6000,1.14912280702
441131,441403,442866,272,1463,8,6000,1.18591934381
441396,441678,443132,282,1454,8,6000,1.1939477304
441671,441906,443360,235,1454,8,6000,1.16162310867
441905,441956,443401,51,1445,8,6000,1.03529411765
441946,442064,443518,118,1454,8,6000,1.08115543329
442058,442284,443725,226,1441,8,6000,1.15683553088
442282,442313,443768,31,1455,8,6000,1.02130584192
442303,442357,443808,54,1451,8,6000,1.0372157133
442354,442389,443850,35,1461,8,6000,1.02395619439
442385,442631,444090,246,1459,8,6000,1.16860863605
442629,442877,444366,248,1489,8,6000,1.16655473472
442874,443144,444620,270,1476,8,6000,1.18292682927
443138,443372,444818,234,1446,8,6000,1.16182572614
443362,443412,444863,50,1451,8,6000,1.0344589938
443403,443529,444980,126,1451,8,6000,1.08683666437
443526,443736,445193,210,1457,8,6000,1.14413177763
443732,443780,445228,48,1448,8,6000,1.03314917127
443774,443789,445258,15,1469,8,6000,1.01021102791
443784,443819,445276,35,1457,8,6000,1.02402196294
443815,443862,445320,47,1458,8,6000,1.03223593964
443868,444101,445558,233,1457,8,6000,1.15991763898
444102,444378,445844,276,1466,8,6000,1.18826739427
444272,444278,444286,6,8,1,3600,1.4
444376,444632,446112,256,1480,8,6000,1.17297297297
444391,444397,444531,6,134,1,3600,1.0447761194
444631,444829,446301,198,1472,8,6000,1.13451086957
444656,444662,444971,6,309,1,3600,1.01941747573
444825,444875,446334,50,1459,8,6000,1.03427004798
444876,444992,446464,116,1472,8,6000,1.07880434783
444988,445204,446662,216,1458,8,6000,1.14814814815
445198,445209,445837,11,628,1,3600,1.01751592357
445202,445239,446698,37,1459,8,6000,1.0253598355
445243,445270,446734,27,1464,8,6000,1.01844262295
445274,445288,446774,14,1486,8,6000,1.00942126514
445285,445331,446788,46,1457,8,6000,1.03157172272
445336,445569,447031,233,1462,8,6000,1.15937072503
445570,445855,447302,285,1447,8,6000,1.19695922598
445857,446123,447570,266,1447,8,6000,1.18382861092
446121,446312,447776,191,1464,8,6000,1.13046448087
446315,446348,447814,33,1466,8,6000,1.02251023192
446335,446341,449947,6,3606,1,3600,1.00166389351
446346,446476,447975,130,1499,8,6000,1.08672448299
446478,446673,448134,195,1461,8,6000,1.13347022587
446672,446709,448168,37,1459,8,6000,1.0253598355
446713,446745,448220,32,1475,8,6000,1.02169491525
446744,446785,448241,41,1456,8,6000,1.02815934066
446785,446800,448585,15,1785,8,6000,1.00840336134
446796,447043,448507,247,1464,8,6000,1.16871584699
447041,447313,448781,272,1468,8,6000,1.18528610354
447318,447581,449409,263,1828,8,6000,1.14387308534
447585,447790,449275,205,1485,8,6000,1.13804713805
447778,447784,447792,6,8,1,1800,1.4
447789,447825,449285,36,1460,8,6000,1.02465753425
447830,447986,449454,156,1468,8,6000,1.10626702997
447939,447945,448023,6,78,1,1800,1.07692307692
447982,448145,449606,163,1461,8,6000,1.11156741958
448108,448114,448244,6,130,1,3600,1.04615384615
448146,448179,449645,33,1466,8,6000,1.02251023192
448176,448232,449703,56,1471,8,6000,1.03806934058
448237,448244,448342,7,98,1,1800,1.07142857143
448238,448254,449762,16,1508,8,6000,1.01061007958
448259,448519,449989,260,1470,8,6000,1.1768707483
448363,448369,448699,6,330,1,3600,1.01818181818
448523,448596,450067,73,1471,8,6000,1.04962610469
448593,448792,453433,199,4641,5,14400,1.04287868994
448797,448803,453331,6,4528,5,14400,1.00132508834
448808,449287,453770,479,4483,5,14400,1.1068480928
448873,449726,450109,853,383,1,1800,3.227154047
448907,449958,450756,1051,798,1,3600,2.31704260652
449286,449297,453754,11,4457,5,14400,1.00246802782
449286,449303,454232,17,4929,5,14400,1.00344897545
449307,449420,453475,113,4055,5,14400,1.02786683107
449419,449465,453570,46,4105,5,14400,1.01120584653
449460,449471,454301,11,4830,5,14400,1.00227743271
449471,449617,453657,146,4040,5,14400,1.03613861386
449614,449623,453616,9,3993,5,14400,1.0022539444
449625,449657,453835,32,4178,5,14400,1.00765916707
449655,449716,454400,61,4684,5,14400,1.01302305722
449707,449721,454531,14,4810,5,14400,1.00291060291
449717,449774,453872,57,4098,5,14400,1.01390922401
449779,450001,454515,222,4514,5,14400,1.04918032787
449993,450007,454460,14,4453,5,14400,1.0031439479
450003,450079,454731,76,4652,5,14400,1.01633705933
450054,450766,450862,712,96,1,3600,8.41666666667
450075,450117,454829,42,4712,5,14400,1.00891341256
450117,453342,457233,3225,3891,5,14400,1.82883577487
450800,450872,450879,72,7,1,1800,7.9
450971,450977,451351,6,374,1,3600,1.01604278075
451031,451361,451403,330,42,1,1800,8.85714285714
451561,451567,451692,6,125,1,3600,1.048
451606,451702,451783,96,81,1,1800,2.18518518519
451616,451793,452325,177,532,1,3600,1.33270676692
451810,452335,452622,525,287,1,3600,2.82926829268
452082,557673,730519,105591,172846,4,172800,1.61089640489
452404,452632,452889,228,257,1,1800,1.88715953307
452896,452902,453455,6,553,1,3600,1.01084990958
453340,453444,457667,104,4223,5,14400,1.02462704239
453442,453486,457478,44,3992,5,14400,1.01102204409
453484,453581,458107,97,4526,5,14400,1.02143172779
453587,453628,458496,41,4868,5,14400,1.00842235004
453628,453668,458676,40,5008,5,14400,1.00798722045
453669,453766,458496,97,4730,5,14400,1.02050739958
453761,453782,458799,21,5017,5,14400,1.00418576839
453782,453846,459264,64,5418,5,14400,1.01181247693
453843,453883,457880,40,3997,5,14400,1.01000750563
453884,454245,458198,361,3953,5,14400,1.09132304579
454241,454312,458666,71,4354,5,14400,1.01630684428
454313,454412,458534,99,4122,5,14400,1.02401746725
454415,454471,458393,56,3922,5,14400,1.01427842937
454476,454526,459272,50,4746,5,14400,1.01053518753
454528,454542,458608,14,4066,5,14400,1.00344318741
454539,454743,459557,204,4814,5,14400,1.04237640216
454742,454841,459345,99,4504,5,14400,1.02198046181
454844,455663,459601,819,3938,5,14400,1.20797359066
455151,587128,718235,131977,131107,12,180000,2.00663580129
455572,455579,455657,7,78,1,1800,1.08974358974
455668,457244,461802,1576,4558,5,14400,1.3457656867
455898,455904,456002,6,98,1,1800,1.0612244898
456511,456517,456876,6,359,1,1800,1.01671309192
456808,456815,456818,7,3,1,7200,1.0
457244,457489,461585,245,4096,5,14400,1.05981445312
457470,458182,458872,712,690,2,7200,2.03188405797
457470,457476,458171,6,695,2,7200,1.00863309353
457471,458884,459154,1413,270,2,7200,6.23333333333
457471,459644,460738,2173,1094,2,7200,2.98628884826
457471,459166,460288,1695,1122,2,7200,2.51069518717
457472,460103,461398,2631,1295,2,7200,3.03166023166
457475,460300,461010,2825,710,2,7200,4.97887323944
457475,460750,461457,3275,707,2,7200,5.63224893918
457476,461309,462401,3833,1092,2,7200,4.51007326007
457476,461021,461298,3545,277,2,7200,13.797833935
457476,461410,462499,3934,1089,2,7200,4.61248852158
457477,461468,462763,3991,1295,2,7200,4.08185328185
457488,457678,462145,190,4467,5,14400,1.04253413924
457681,457891,462841,210,4950,5,14400,1.04242424242
457762,488080,491681,30318,3601,8,21600,9.41932796445
457821,588812,609190,130991,20378,12,86400,7.4280596722
457895,458118,461861,223,3743,5,14400,1.05957787871
458089,459363,459404,1274,41,1,1800,32.0731707317
458118,458209,462613,91,4404,5,14400,1.02066303361
458210,458406,463446,196,5040,5,14400,1.03888888889
458404,458507,463154,103,4647,5,14400,1.02216483753
458507,458513,463260,6,4747,5,14400,1.00126395618
458517,458545,463132,28,4587,5,14400,1.00610420754
458548,458620,462635,72,4015,5,14400,1.01793275218
458620,458678,463284,58,4606,5,14400,1.01259227095
458681,458687,463276,6,4589,5,14400,1.0013074744
458692,458811,462911,119,4100,5,14400,1.02902439024
458814,459275,463420,461,4145,5,14400,1.11121833534
459271,459618,459633,347,15,2,3600,24.1333333333
459273,459284,463138,11,3854,5,14400,1.00285417748
459284,459357,463404,73,4047,5,14400,1.01803805288
459355,459568,463816,213,4248,5,14400,1.05014124294
459569,459612,464466,43,4854,5,14400,1.00885867326
459610,461598,466047,1988,4449,5,14400,1.44684198696
459677,460108,460188,431,80,1,1800,6.3875
460817,460823,461075,6,252,1,1800,1.02380952381
461595,461813,466368,218,4555,5,14400,1.04785949506
461809,461873,466350,64,4477,5,14400,1.01429528702
461871,462156,466282,285,4126,5,14400,1.06907416384
462156,462511,466420,355,3909,5,14400,1.09081606549
462512,462625,467006,113,4381,5,14400,1.0257931979
462624,462647,466530,23,3883,5,14400,1.00592325522
462645,462853,466700,208,3847,5,14400,1.05406810502
462859,462922,467766,63,4844,5,14400,1.01300578035
462920,463145,468131,225,4986,5,14400,1.04512635379
463143,463151,467100,8,3949,5,14400,1.00202582932
463153,463165,467014,12,3849,5,14400,1.00311769291
463164,463271,468409,107,5138,5,14400,1.02082522382
463275,463288,467820,13,4532,5,14400,1.00286849073
463286,463295,468240,9,4945,5,14400,1.00182002022
463297,463415,468183,118,4768,5,14400,1.02474832215
463419,463431,467764,12,4333,5,14400,1.0027694438
463429,463458,467760,29,4302,5,14400,1.00674105067
463460,463827,468356,367,4529,5,14400,1.08103334069
463643,463649,463667,6,18,2,1800,1.33333333333
463719,463725,463729,6,4,2,1800,1.0
463744,463750,466089,6,2339,2,3600,1.0025651988
463826,466058,470398,2232,4340,5,14400,1.51428571429
464935,464941,465972,6,1031,1,900,1.00581959263
466056,466294,470232,238,3938,5,14400,1.06043676993
466290,466362,470569,72,4207,5,14400,1.01711433325
466362,466542,471051,180,4509,5,14400,1.03992015968
466545,466712,471063,167,4351,5,14400,1.03838198115
466708,467017,470891,309,3874,5,14400,1.07976251936
467014,467026,470970,12,3944,5,14400,1.00304259635
467024,467111,471047,87,3936,5,14400,1.02210365854
467116,467772,471862,656,4090,5,14400,1.16039119804
467156,478092,481804,10936,3712,4,3600,3.94612068966
467215,551090,561171,83875,10081,2,21600,9.32010713223
467243,467249,467257,6,8,1,12610,1.4
467437,845988,861993,378551,16005,1,345600,24.6520462356
467518,845994,861793,378476,15799,1,345600,24.9556933983
467533,491708,492174,24175,466,2,18000,52.8776824034
467580,845999,861796,378419,15797,1,345600,24.9551180604
467635,846005,862918,378370,16913,1,345600,23.371548513
467766,467778,472384,12,4606,5,14400,1.00260529744
467777,467784,472607,7,4823,5,14400,1.00145137881
467788,467831,471881,43,4050,5,14400,1.01061728395
467829,468144,472332,315,4188,5,14400,1.07521489971
467957,467963,467971,6,8,1,12610,1.4
468145,468195,472229,50,4034,5,14400,1.01239464551
468196,468251,472170,55,3919,5,14400,1.0140341924
468248,468368,472476,120,4108,5,14400,1.02921129503
468362,468375,472062,13,3687,1,3600,1.00352590182
468370,468420,472806,50,4386,5,14400,1.0113999088
468422,470244,474539,1822,4295,5,14400,1.42421420256
470244,470410,474484,166,4074,5,14400,1.04074619539
470407,470580,475038,173,4458,5,14400,1.03880663975
470580,470903,474793,323,3890,5,14400,1.08303341902
470906,470981,475804,75,4823,5,14400,1.01555048725
470978,471059,475204,81,4145,5,14400,1.01954161641
471060,471066,475776,6,4710,5,14400,1.00127388535
471071,471077,475683,6,4606,5,14400,1.00130264872
471079,471892,473323,813,1431,8,6000,1.56813417191
471883,472181,473627,298,1446,8,6000,1.2060857538
472063,472072,475789,9,3717,1,3600,1.00242130751
472135,475799,477276,3664,1477,1,3600,3.48070412999
472179,472344,473784,165,1440,8,6000,1.11458333333
472342,472395,473830,53,1435,8,6000,1.03693379791
472389,606656,609217,134267,2561,6,86400,53.4275673565
472394,472618,474046,224,1428,8,6000,1.1568627451
472608,473334,474770,726,1436,8,6000,1.50557103064
473032,477286,478819,4254,1533,1,1800,3.77495107632
473331,473638,475353,307,1715,8,6000,1.17900874636
473637,473795,475606,158,1811,8,6000,1.08724461623
473790,473841,475288,51,1447,8,6000,1.03524533518
473831,474057,475491,226,1434,8,6000,1.15760111576
474055,474495,475940,440,1445,8,6000,1.3044982699
474252,594853,626554,120601,31701,16,36000,4.80432793918
474493,474550,476013,57,1463,8,6000,1.03896103896
474544,474782,476219,238,1437,8,6000,1.16562282533
474742,587134,589777,112392,2643,4,36000,43.5244040863
474767,588818,593298,114051,4480,4,36000,26.4578125
474774,589788,592674,115014,2886,4,36000,40.8523908524
474779,475050,476505,271,1455,8,6000,1.18625429553
474781,594870,597212,120089,2342,4,36000,52.2762596072
474790,596314,603584,121524,7270,4,36000,17.7158184319
475044,475216,476663,172,1447,8,6000,1.11886662059
475207,475300,476732,93,1432,8,6000,1.06494413408
475289,475364,476800,75,1436,8,6000,1.05222841226
475361,475503,476943,142,1440,8,6000,1.09861111111
475493,475617,477049,124,1432,8,6000,1.08659217877
475527,626566,662612,151039,36046,16,36000,5.19017366698
475616,475787,477242,171,1455,8,6000,1.1175257732
475779,475951,477413,172,1462,8,6000,1.11764705882
475794,475815,479529,21,3714,1,3600,1.0056542811
475944,476024,477469,80,1445,8,6000,1.0553633218
476016,476230,477715,214,1485,8,6000,1.14410774411
476220,476516,477961,296,1445,8,6000,1.20484429066
476515,476674,478116,159,1442,8,6000,1.11026352288
476668,476744,478181,76,1437,8,6000,1.05288796103
476740,476811,478251,71,1440,8,6000,1.04930555556
476802,476954,478399,152,1445,8,6000,1.10519031142
476945,477060,478503,115,1443,8,6000,1.0796950797
477057,477254,478692,197,1438,8,6000,1.13699582754
477251,477425,478891,174,1466,8,6000,1.11869031378
477414,477481,478925,67,1444,8,6000,1.04639889197
477476,477726,479175,250,1449,8,6000,1.17253278123
477677,657081,736885,179404,79804,4,86400,3.24805774147
477720,477972,479416,252,1444,8,6000,1.17451523546
477965,478086,479535,121,1449,8,6000,1.08350586611
478088,478128,479570,40,1442,8,6000,1.02773925104
478129,478192,479643,63,1451,8,6000,1.04341833218
478190,478263,479704,73,1441,8,6000,1.0506592644
478249,656969,673226,178720,16257,16,36000,11.9934182198
478262,478410,479853,148,1443,8,6000,1.10256410256
478415,478515,479966,100,1451,8,6000,1.06891798759
478517,478703,480168,186,1465,8,6000,1.12696245734
478614,478844,479878,230,1034,1,14400,1.22243713733
478701,478902,480357,201,1455,8,6000,1.1381443299
478820,478831,478833,11,2,1,4260,1.3
478905,478936,480395,31,1459,8,6000,1.02124742975
478936,479186,480641,250,1455,8,6000,1.17182130584
479191,479427,480890,236,1463,8,6000,1.16131237184
479425,479546,480982,121,1436,8,6000,1.08426183844
479531,479539,483240,8,3701,1,3600,1.00216157795
479548,479581,481041,33,1460,8,6000,1.02260273973
479579,479654,481109,75,1455,8,6000,1.05154639175
479650,479715,481166,65,1451,8,6000,1.04479669194
479712,479864,481312,152,1448,8,6000,1.10497237569
479865,479977,481469,112,1492,8,6000,1.07506702413
479977,480179,481632,202,1453,8,6000,1.13902271163
480038,609202,609261,129164,59,6,165600,2190.22033898
480181,480368,481811,187,1443,8,6000,1.12959112959
480365,480406,481856,41,1450,8,6000,1.02827586207
480406,480653,482109,247,1456,8,6000,1.16964285714
480611,626595,646394,145984,19799,4,172800,8.3733016819
480651,480901,482356,250,1455,8,6000,1.17182130584
480906,480993,482773,87,1780,8,6000,1.04887640449
480998,481053,482512,55,1459,8,6000,1.03769705278
481049,481121,482577,72,1456,8,6000,1.04945054945
481108,845983,1025535,364875,179552,6,540000,3.03214110675
481121,481178,482629,57,1451,8,6000,1.03928325293
481182,481323,482814,141,1491,8,6000,1.09456740443
481327,481482,482970,155,1488,8,6000,1.10416666667
481480,481643,483096,163,1453,8,6000,1.11218169305
481530,845649,1450473,364119,604824,12,604800,1.60202472124
481644,481814,483258,170,1444,8,6000,1.11772853186
481807,481822,483277,15,1455,8,6000,1.01030927835
481828,481867,483328,39,1461,8,6000,1.02669404517
481869,482121,483577,252,1456,8,6000,1.17307692308
482124,482367,483830,243,1463,8,6000,1.16609706083
482141,482148,482159,7,11,1,12610,1.63636363636
482352,482358,482383,6,25,1,12610,1.24
482368,482523,483978,155,1455,8,6000,1.10652920962
482521,482589,484051,68,1462,8,6000,1.04651162791
482548,482554,482581,6,27,1,12610,1.22222222222
482593,482640,484099,47,1459,8,6000,1.0322138451
482644,482825,484288,181,1463,8,6000,1.12371838688
482769,482775,482777,6,2,1,4260,1.0
482828,482981,484483,153,1502,8,6000,1.10186418109
482981,483107,484571,126,1464,8,6000,1.08606557377
483104,483288,484746,184,1458,8,6000,1.12620027435
483277,483339,484817,62,1478,8,6000,1.04194857916
483328,483588,485069,260,1481,8,6000,1.17555705604
483583,483841,485318,258,1477,8,6000,1.17467840217
483587,483594,487201,7,3607,8,3600,1.00194067092
483768,483774,485683,6,1909,4,3600,1.00314300681
483838,483989,485447,151,1458,8,6000,1.10356652949
483981,484062,485514,81,1452,8,6000,1.05578512397
484052,484110,485575,58,1465,8,6000,1.03959044369
484104,484300,485760,196,1460,8,6000,1.13424657534
484247,484253,486085,6,1832,1,1800,1.00327510917
484297,484495,485958,198,1463,8,6000,1.13533834586
484491,484582,486052,91,1470,8,6000,1.0619047619
484573,484757,486230,184,1473,8,6000,1.12491513917
484746,484828,486306,82,1478,8,6000,1.05548037889
484794,846798,849454,362004,2656,1,345600,137.296686747
484818,485080,486546,262,1466,8,6000,1.17871759891
485015,488085,488086,3070,1,4,18000,307.1
485073,485329,486973,256,1644,8,6000,1.15571776156
485328,485458,486930,130,1472,8,6000,1.08831521739
485450,485525,487078,75,1553,8,6000,1.04829362524
485522,485586,487057,64,1471,8,6000,1.04350781781
485583,485771,487240,188,1469,8,6000,1.12797821647
485767,485970,487439,203,1469,8,6000,1.13818924438
485961,486063,487545,102,1482,8,6000,1.06882591093
486053,486241,487710,188,1469,8,6000,1.12797821647
486237,486317,487773,80,1456,8,6000,1.05494505495
486308,486558,488020,250,1462,8,6000,1.17099863201
486553,486941,488415,388,1474,8,6000,1.26322930801
486579,486585,486592,6,7,1,3600,1.3
486698,486705,486835,7,130,1,3600,1.05384615385
486940,486985,488440,45,1455,8,6000,1.03092783505
486964,486970,487335,6,365,1,3600,1.01643835616
486981,487069,488523,88,1454,8,6000,1.06052269601
487061,487089,492238,28,5149,5,14400,1.00543794912
487081,487095,491496,14,4401,5,14400,1.00318109521
487092,487252,491944,160,4692,5,14400,1.03410059676
487246,487342,491410,96,4068,5,14400,1.02359882006
487257,487450,492000,193,4550,5,14400,1.04241758242
487441,487556,491572,115,4016,5,14400,1.02863545817
487553,487722,492583,169,4861,5,14400,1.03476650895
487553,487563,491864,10,4301,5,14400,1.00232504069
487566,491703,492350,4137,647,1,3600,7.39412673879
487716,487784,491819,68,4035,5,14400,1.01685254027
487740,491427,491979,3687,552,1,7200,7.67934782609
487778,487789,491790,11,4001,5,14400,1.00274931267
487781,488098,491741,317,3643,4,3600,1.08701619544
487788,488031,492134,243,4103,5,14400,1.05922495735
488022,597239,599859,109217,2620,4,36000,42.6858778626
488023,488037,492646,14,4609,5,14400,1.00303753526
488034,488075,493412,41,5337,5,14400,1.00768221847
488075,488426,492579,351,4153,5,14400,1.08451721647
488098,599870,599874,111772,4,4,36000,11177.6
488109,599886,603616,111777,3730,4,36000,30.9670241287
488431,488451,492940,20,4489,5,14400,1.00445533526
488442,488457,492628,15,4171,5,14400,1.00359625989
488453,488534,493178,81,4644,5,14400,1.01744186047
488535,491421,496027,2886,4606,5,14400,1.62657403387
488706,491698,491736,2992,38,1,610,79.7368421053
489030,561182,566364,72152,5182,2,21600,14.9235816287
489418,640508,640528,151090,20,4,144000,7555.5
489890,566375,566656,76485,281,2,21600,273.1886121
490186,603595,606169,113409,2574,4,36000,45.0594405594
490194,603627,611504,113433,7877,4,36000,15.4005331979
490446,566668,566879,76222,211,2,21600,362.241706161
490581,491714,491872,1133,158,1,1800,8.17088607595
491426,491507,495678,81,4171,5,14400,1.0194198034
491508,491583,495614,75,4031,5,14400,1.01860580501
491545,846466,1206548,354921,360082,1,518400,1.98566715359
491580,491692,495649,112,3957,5,14400,1.02830427091
491673,566890,567630,75217,740,2,21600,102.644594595
491692,491747,495972,55,4225,5,14400,1.01301775148
491741,492360,496047,619,3687,4,3600,1.16788717114
491743,491802,496529,59,4727,5,14400,1.01248148932
491805,491830,496278,25,4448,5,14400,1.0056205036
491836,491875,496592,39,4717,5,14400,1.00826796693
491877,491955,496016,78,4061,5,14400,1.01920709185
491932,491938,492417,6,479,1,3600,1.01252609603
491958,492012,496962,54,4950,5,14400,1.01090909091
491986,491992,499293,6,7301,1,7200,1.00082180523
492010,492146,496264,136,4118,5,14400,1.03302574065
492142,492250,496365,108,4115,5,14400,1.0262454435
492255,492591,497480,336,4889,5,14400,1.06872571078
492385,597223,597228,104838,5,4,18000,10484.3
492519,567641,570517,75122,2876,2,21600,27.1203059805
492591,492597,496651,6,4054,5,14400,1.00148001973
492602,492639,496615,37,3976,5,14400,1.00930583501
492643,492658,497190,15,4532,5,14400,1.003309797
492654,492951,497039,297,4088,5,14400,1.07265166341
492904,492912,492918,8,6,1,3600,1.4
492950,493189,497866,239,4677,5,14400,1.05110113321
493028,493035,493132,7,97,1,3600,1.07216494845
493194,493423,497952,229,4529,5,14400,1.0505630382
493215,846472,1244485,353257,398013,1,518400,1.88755141164
493259,493266,493554,7,288,1,3600,1.02430555556
493429,495626,499663,2197,4037,5,14400,1.54421600198
493457,570529,570762,77072,233,2,28800,331.78111588
493845,493851,494379,6,528,1,3600,1.01136363636
494148,570774,573766,76626,2992,2,21600,26.6102941176
494772,573777,574129,79005,352,2,21600,225.446022727
495036,846792,1207392,351756,360600,1,518400,1.97547420965
495199,495205,495365,6,160,1,1800,1.0375
495311,628037,631162,132726,3125,4,36000,43.47232
495325,630986,641541,135661,10555,4,36000,13.8527711985
495382,574140,577116,78758,2976,2,21600,27.4643817204
495383,638369,641200,142986,2831,4,36000,51.5072412575
495391,638574,640486,143183,1912,4,36000,75.8865062762
495391,495397,495892,6,495,1,3600,1.01212121212
495423,638768,644658,143345,5890,4,36000,25.3370118846
495432,639196,642547,143764,3351,4,36000,43.9018203521
495627,495660,499863,33,4203,5,14400,1.00785153462
495657,495689,499631,32,3942,5,14400,1.00811770675
495688,495983,500071,295,4088,5,14400,1.07216242661
495984,496027,500538,43,4511,5,14400,1.00953225449
496017,577127,582793,81110,5666,2,21600,15.3152135545
496025,496038,499808,13,3770,5,14400,1.00344827586
496036,496057,500419,21,4362,5,14400,1.00481430536
496047,497963,499737,1916,1774,4,3600,2.08004509583
496057,496275,501035,218,4760,5,14400,1.04579831933
496271,496290,500881,19,4591,5,14400,1.00413853191
496292,496376,501089,84,4713,5,14400,1.01782304265
496374,496540,501398,166,4858,5,14400,1.03417044051
496537,496603,500580,66,3977,5,14400,1.01659542369
496599,496627,501219,28,4592,5,14400,1.00609756098
496630,496662,501213,32,4551,5,14400,1.00703142167
496661,496973,501114,312,4141,5,14400,1.07534411978
496977,497051,501182,74,4131,5,14400,1.01791333817
497049,497201,501460,152,4259,5,14400,1.0356891289
497202,497491,501704,289,4213,5,14400,1.06859719915
497487,497878,502114,391,4236,5,14400,1.09230406043
497875,499642,504097,1767,4455,5,14400,1.39663299663
498427,582804,583064,84377,260,2,28800,325.526923077
498583,547677,664485,49094,116808,1,259200,1.42029655503
498819,583075,583333,84256,258,2,28800,327.573643411
499309,583345,583605,84036,260,2,28800,324.215384615
499647,499820,504313,173,4493,5,14400,1.03850434008
499735,583616,595098,83881,11482,2,28800,8.30543459328
499821,499874,504818,53,4944,5,14400,1.01072006472
499872,500549,505268,677,4719,5,14400,1.14346259801
500545,500591,504798,46,4207,5,14400,1.01093415736
500586,500892,504821,306,3929,5,14400,1.07788241283
500882,501047,505492,165,4445,5,14400,1.03712035996
501045,501100,504979,55,3879,5,14400,1.01417891209
501096,501126,504921,30,3795,5,14400,1.00790513834
501117,501194,506377,77,5183,5,14400,1.01485626085
501189,501224,506296,35,5072,5,14400,1.00690063091
501220,501409,505305,189,3896,5,14400,1.04851129363
501220,501232,505237,12,4005,5,14400,1.00299625468
501404,501472,506622,68,5150,5,14400,1.0132038835
501466,501716,506410,250,4694,5,14400,1.05325948019
501711,502125,507055,414,4930,5,14400,1.08397565923
502118,504108,508711,1990,4603,5,14400,1.43232674343
504106,504325,508688,219,4363,5,14400,1.05019482008
504320,504810,509142,490,4332,5,14400,1.11311172669
504799,504829,509212,30,4383,5,14400,1.00684462697
504819,504835,509280,16,4445,5,14400,1.00359955006
504830,504932,508967,102,4035,5,14400,1.02527881041
504922,504990,509386,68,4396,5,14400,1.01546860783
504984,505249,510126,265,4877,5,14400,1.05433668239
504988,640551,644683,135563,4132,4,36000,33.8080832527
505005,641571,645677,136566,4106,4,36000,34.2601071603
505047,641657,643814,136610,2157,4,36000,64.3333333333
505142,644695,647940,139553,3245,4,36000,44.0055469954
505153,645688,647721,140535,2033,4,36000,70.1269060502
505164,647952,652095,142788,4143,4,36000,35.4648805214
505239,505280,509300,41,4020,5,14400,1.01019900498
505270,505316,510148,46,4832,5,14400,1.00951986755
505311,505503,509440,192,3937,5,14400,1.04876809754
505494,506307,510418,813,4111,5,14400,1.19776210168
506299,506388,510519,89,4131,5,14400,1.02154442024
506380,506421,510872,41,4451,5,14400,1.00921141317
506411,506633,511392,222,4759,5,14400,1.04664845556
506625,507066,511013,441,3947,5,14400,1.11173042817
507064,508699,512819,1635,4120,5,14400,1.39684466019
508696,508723,512702,27,3979,5,14400,1.00678562453
508717,508978,513018,261,4040,5,14400,1.0646039604
508972,509153,513387,181,4234,5,14400,1.04274917336
509145,509223,513701,78,4478,5,14400,1.0174184904
509217,509291,513596,74,4305,5,14400,1.01718931475
509289,509312,513275,23,3963,5,14400,1.00580368408
509310,509398,513767,88,4369,5,14400,1.0201419089
509392,509451,513324,59,3873,5,14400,1.01523366899
509443,510137,515004,694,4867,5,14400,1.14259297308
510126,510160,514159,34,3999,5,14400,1.00850212553
510157,510429,515245,272,4816,5,14400,1.05647840532
510305,583824,594842,73519,11018,25,21599,7.672626611
510422,510530,515308,108,4778,5,14400,1.02260359983
510521,511025,512466,504,1441,8,6000,1.34975711312
510878,512478,513914,1600,1436,8,6000,2.11420612813
511021,512713,514439,1692,1726,8,6000,1.98030127462
512481,512831,514266,350,1435,8,6000,1.24390243902
512715,513118,514571,403,1453,8,6000,1.27735719202
512828,513336,514775,508,1439,8,6000,1.35302293259
513276,513398,514852,122,1454,8,6000,1.08390646492
513388,513712,515139,324,1427,8,6000,1.22704975473
513602,513925,515353,323,1428,8,6000,1.22619047619
513776,514171,515603,395,1432,8,6000,1.27583798883
513929,514278,515710,349,1432,8,6000,1.2437150838
514173,514450,515897,277,1447,8,6000,1.19143054596
514275,514582,516019,307,1437,8,6000,1.21363952679
514448,514786,516218,338,1432,8,6000,1.23603351955
514581,514863,516302,282,1439,8,6000,1.19596942321
514785,515015,516489,230,1474,8,6000,1.15603799186
514867,515150,516603,283,1453,8,6000,1.19476944253
515142,515320,516770,178,1450,8,6000,1.12275862069
515254,515365,516803,111,1438,8,6000,1.07719054242
515356,515614,517043,258,1429,8,6000,1.18054583625
515610,515722,517156,112,1434,8,6000,1.07810320781
515713,515908,517350,195,1442,8,6000,1.13522884882
515906,516030,517480,124,1450,8,6000,1.08551724138
516029,516229,517669,200,1440,8,6000,1.13888888889
516222,516313,517766,91,1453,8,6000,1.06262904336
516304,516500,517939,196,1439,8,6000,1.1362056984
516497,516615,518052,118,1437,8,6000,1.08211551844
516610,516782,518225,172,1443,8,6000,1.1191961192
516773,516814,518265,41,1451,8,6000,1.02825637491
516804,517054,518491,250,1437,8,6000,1.17397355602
517049,517167,518619,118,1452,8,6000,1.08126721763
517161,517361,518800,200,1439,8,6000,1.13898540653
517355,517491,518931,136,1440,8,6000,1.09444444444
517487,517680,519137,193,1457,8,6000,1.13246396706
517671,517778,519228,107,1450,8,6000,1.07379310345
517773,517950,519393,177,1443,8,6000,1.12266112266
517946,518063,519503,117,1440,8,6000,1.08125
518059,518236,519672,177,1436,8,6000,1.12325905292
518232,518277,519728,45,1451,8,6000,1.03101309442
518273,518502,519958,229,1456,8,6000,1.15728021978
518497,518630,520070,133,1440,8,6000,1.09236111111
518619,518812,520261,193,1449,8,6000,1.13319530711
518803,518942,520397,139,1455,8,6000,1.09553264605
518935,519148,520597,213,1449,8,6000,1.14699792961
519139,519239,520679,100,1440,8,6000,1.06944444444
519231,519405,520860,174,1455,8,6000,1.11958762887
519394,519515,521009,121,1494,8,6000,1.08099062918
519395,549973,549976,30578,3,2,3540,3058.1
519507,519683,521127,176,1444,8,6000,1.12188365651
519680,519739,521196,59,1457,8,6000,1.04049416609
519731,519969,521415,238,1446,8,6000,1.16459197787
519965,520081,521537,116,1456,8,6000,1.07967032967
520077,520273,521736,196,1463,8,6000,1.13397129187
520271,520408,521855,137,1447,8,6000,1.09467864547
520404,520609,522044,205,1435,8,6000,1.14285714286
520597,520691,522186,94,1495,8,6000,1.06287625418
520689,520871,522313,182,1442,8,6000,1.12621359223
520862,521020,522470,158,1450,8,6000,1.10896551724
521015,521138,522593,123,1455,8,6000,1.08453608247
521127,521209,522677,82,1468,8,6000,1.05585831063
521199,521426,522888,227,1462,8,6000,1.15526675787
521423,521548,523001,125,1453,8,6000,1.08602890571
521545,521747,523204,202,1457,8,6000,1.13864104324
521739,521867,523316,128,1449,8,6000,1.08833678399
521861,522055,523505,194,1450,8,6000,1.13379310345
522045,522197,523665,152,1468,8,6000,1.10354223433
522188,522324,523780,136,1456,8,6000,1.09340659341
522320,522481,523941,161,1460,8,6000,1.1102739726
522473,522605,524069,132,1464,8,6000,1.09016393443
522595,522688,524187,93,1499,8,6000,1.06204136091
522687,522899,524359,212,1460,8,6000,1.14520547945
522891,523012,524477,121,1465,8,6000,1.08259385666
523003,523215,524674,212,1459,8,6000,1.14530500343
523207,523327,524790,120,1463,8,6000,1.08202323992
523319,523516,525007,197,1491,8,6000,1.13212608987
523513,523677,525152,164,1475,8,6000,1.11118644068
523666,523792,525249,126,1457,8,6000,1.08647906658
523788,523952,525407,164,1455,8,6000,1.11271477663
523951,524080,525527,129,1447,8,6000,1.08914996545
524074,524199,525659,125,1460,8,6000,1.08561643836
524196,524370,525827,174,1457,8,6000,1.11942347289
524369,524488,525956,119,1468,8,6000,1.0810626703
524482,524686,526138,204,1452,8,6000,1.14049586777
524675,524801,526290,126,1489,8,6000,1.08462055071
524798,525018,526480,220,1462,8,6000,1.15047879617
525011,525163,526624,152,1461,8,6000,1.10403832991
525154,525261,526733,107,1472,8,6000,1.07269021739
525256,525418,526879,162,1461,8,6000,1.11088295688
525409,525538,527007,129,1469,8,6000,1.08781484003
525531,525670,527138,139,1468,8,6000,1.0946866485
525664,525839,527303,175,1464,8,6000,1.11953551913
525827,525968,527433,141,1465,8,6000,1.09624573379
525960,526149,527617,189,1468,8,6000,1.12874659401
526143,526301,527759,158,1458,8,6000,1.10836762689
526296,526491,528099,195,1608,8,6000,1.12126865672
526489,526636,528103,147,1467,8,6000,1.10020449898
526632,526745,528201,113,1456,8,6000,1.07760989011
526734,526891,528370,157,1479,8,6000,1.10615280595
526887,527019,528474,132,1455,8,6000,1.09072164948
527010,527149,528613,139,1464,8,6000,1.09494535519
527142,527314,528768,172,1454,8,6000,1.11829436039
527304,527446,532106,142,4660,5,14400,1.030472103
527436,527451,531836,15,4385,5,14400,1.00342075257
527447,527629,532333,182,4704,5,14400,1.03869047619
527620,527771,531905,151,4134,5,14400,1.03652636672
527631,527776,532333,145,4557,5,14400,1.03181917928
527773,528111,532115,338,4004,5,14400,1.08441558442
528110,528118,532334,8,4216,5,14400,1.00189753321
528110,528124,532975,14,4851,5,14400,1.00288600289
528121,528213,532256,92,4043,5,14400,1.02275537967
528202,528218,532249,16,4031,5,14400,1.0039692384
528213,528381,532506,168,4125,5,14400,1.04072727273
528376,528485,533074,109,4589,5,14400,1.02375245151
528387,528491,533906,104,5415,5,14400,1.01920590951
528489,528625,532696,136,4071,5,14400,1.0334070253
528621,528631,533136,10,4505,5,14400,1.00221975583
528622,528780,532951,158,4171,5,14400,1.03788060417
528775,531847,536561,3072,4714,5,14400,1.65167585914
530654,547746,547754,17092,8,1,3600,1710.0
531839,531916,536424,77,4508,5,14400,1.01708074534
531911,532118,536262,207,4144,5,14400,1.04995173745
532115,532126,536169,11,4043,5,14400,1.00272075192
532116,532260,536206,144,3946,5,14400,1.03649265079
532259,532267,536528,8,4261,5,14400,1.00187749355
532259,532344,537038,85,4694,5,14400,1.01810822326
532341,532356,537154,15,4798,5,14400,1.00312630263
532341,532350,536783,9,4433,5,14400,1.00203022784
532352,532518,536677,166,4159,5,14400,1.03991344073
532516,532707,537578,191,4871,5,14400,1.03921166085
532700,532962,537046,262,4084,5,14400,1.06415279138
532955,532987,537007,32,4020,5,14400,1.007960199
532976,533085,537827,109,4742,5,14400,1.02298608182
533079,533149,537262,70,4113,5,14400,1.01701920739
533140,533918,537897,778,3979,5,14400,1.1955265142
533907,536180,540750,2273,4570,5,14400,1.49737417943
534204,547764,547772,13560,8,1,1800,1356.8
534531,547782,547915,13251,133,1,3600,100.631578947
536177,536218,540319,41,4101,5,14400,1.00999756157
536208,536273,541027,65,4754,5,14400,1.01367269668
536269,536435,540998,166,4563,5,14400,1.03637957484
536433,536540,540576,107,4036,5,14400,1.02651139742
536535,536572,540738,37,4166,5,14400,1.00888142103
536566,536689,540613,123,3924,5,14400,1.03134556575
536678,536795,540930,117,4135,5,14400,1.02829504232
536791,537019,541650,228,4631,5,14400,1.04923342691
537015,537050,540907,35,3857,5,14400,1.00907441016
537046,537058,541433,12,4375,5,14400,1.00274285714
537057,537165,542011,108,4846,5,14400,1.02228642179
537159,537273,541946,114,4673,5,14400,1.0243954633
537272,537589,542266,317,4677,5,14400,1.06777849049
537588,537838,542575,250,4737,5,14400,1.05277601858
537833,537908,542558,75,4650,5,14400,1.01612903226
537904,540330,544940,2426,4610,5,14400,1.5262472885
540331,540589,545119,258,4530,5,14400,1.05695364238
540586,540624,544775,38,4151,5,14400,1.00915442062
540617,540749,544873,132,4124,5,14400,1.03200775946
540740,540763,544608,23,3845,5,14400,1.00598179454
540761,540919,545120,158,4201,5,14400,1.03761009284
540914,540941,545225,27,4284,5,14400,1.00630252101
540935,541009,545511,74,4502,5,14400,1.01643713905
541006,541039,545458,33,4419,5,14400,1.00746775289
541037,541446,546332,409,4886,5,14400,1.08370855506
541434,541661,546355,227,4694,5,14400,1.04835960801
541658,541957,546034,299,4077,5,14400,1.0733382389
541934,547925,548006,5991,81,1,1800,74.962962963
541953,542023,545921,70,3898,5,14400,1.01795792714
542015,542278,546729,263,4451,5,14400,1.05908784543
542270,542570,546412,300,3842,5,14400,1.07808433108
542565,542587,546375,22,3788,5,14400,1.00580781415
542576,544619,549730,2043,5111,5,14400,1.399726081
544618,544787,549865,169,5078,5,14400,1.03328081922
544781,544885,548818,104,3933,5,14400,1.02644291889
544882,544951,548866,69,3915,5,14400,1.01762452107
544944,545131,550208,187,5077,5,14400,1.03683277526
545127,545137,549838,10,4701,5,14400,1.00212720698
545127,545237,550154,110,4917,5,14400,1.02237136465
545229,545469,550189,240,4720,5,14400,1.05084745763
545464,545523,549961,59,4438,5,14400,1.0132942767
545515,545932,550264,417,4332,5,14400,1.09626038781
545923,546045,550466,122,4421,5,14400,1.02759556661
546035,546344,550804,309,4460,5,14400,1.06928251121
546341,546367,550341,26,3974,5,14400,1.00654252642
546362,546386,550650,24,4264,5,14400,1.00562851782
546382,546424,551448,42,5024,5,14400,1.00835987261
546413,546740,550782,327,4042,5,14400,1.08090054429
546729,548829,552954,2100,4125,5,14400,1.50909090909
547855,548016,548148,161,132,1,3600,2.2196969697
547928,548158,548240,230,82,1,1800,3.80487804878
548034,548250,548563,216,313,1,3600,1.69009584665
548248,548573,548676,325,103,1,1800,4.15533980583
548261,548686,548999,425,313,1,3600,2.35782747604
548472,549009,549110,537,101,1,1800,6.31683168317
548778,549121,549756,343,635,1,3600,1.54015748031
548826,548877,552869,51,3992,5,14400,1.0127755511
548867,549747,553762,880,4015,5,14400,1.21917808219
549170,549741,550116,571,375,1,1800,2.52266666667
549220,549766,550412,546,646,1,3600,1.84520123839
549596,549987,550373,391,386,1,1800,2.01295336788
549733,549849,553947,116,4098,5,14400,1.02830649097
549845,549876,554310,31,4434,5,14400,1.00699142986
549866,549979,554764,113,4785,5,14400,1.02361546499
549968,550165,554114,197,3949,5,14400,1.0498860471
550163,550200,554319,37,4119,5,14400,1.00898276281
550194,550219,554118,25,3899,5,14400,1.00641190049
550214,550275,554319,61,4044,5,14400,1.01508407517
550265,550352,554570,87,4218,5,14400,1.02062588905
550347,550477,554841,130,4364,5,14400,1.02978918423
550472,550661,554906,189,4245,5,14400,1.0445229682
550600,550606,550706,6,100,1,3600,1.06
550655,550793,554796,138,4003,5,14400,1.03447414439
550788,550820,555130,32,4310,5,14400,1.00742459397
550807,550813,551099,6,286,1,3600,1.02097902098
550809,551459,555398,650,3939,5,14400,1.16501650165
550978,609208,752889,58230,143681,6,144000,1.40527279181
550996,551002,551010,6,8,1,1800,1.4
551159,551165,551210,6,45,1,1800,1.13333333333
551201,551207,551305,6,98,1,3600,1.0612244898
551226,551232,551277,6,45,1,1800,1.13333333333
551353,551359,551893,6,534,1,3600,1.01123595506
551416,551423,551710,7,287,1,3600,1.0243902439
551420,551430,551514,10,84,1,1800,1.11904761905
551452,552772,557661,1320,4889,5,14400,1.26999386378
551508,551524,551608,16,84,1,1800,1.19047619048
551969,551976,552516,7,540,1,3600,1.01296296296
552111,552117,552379,6,262,1,1800,1.02290076336
552218,552224,552471,6,247,1,1800,1.02429149798
552777,552881,556819,104,3938,5,14400,1.02640934485
552877,553773,555214,896,1441,8,6000,1.62179042332
553763,553959,555392,196,1433,8,6000,1.13677599442
553783,553789,553814,6,25,1,610,1.24
553957,554129,555572,172,1443,8,6000,1.1191961192
554121,554330,555767,209,1437,8,6000,1.14544189283
554314,554336,555797,22,1461,8,6000,1.01505817933
554335,554777,556201,442,1424,8,6000,1.31039325843
554404,555409,555566,1005,157,1,610,7.40127388535
554773,554807,556239,34,1432,8,6000,1.02374301676
554804,554918,556345,114,1427,8,6000,1.07988787666
554906,555226,556667,320,1441,8,6000,1.22206800833
555141,555403,556835,262,1432,8,6000,1.18296089385
555223,555416,556836,193,1420,8,6000,1.13591549296
555406,555583,557013,177,1430,8,6000,1.12377622378
555580,555778,557222,198,1444,8,6000,1.13711911357
555773,555809,557267,36,1458,8,6000,1.02469135802
555804,556212,557639,408,1427,8,6000,1.28591450596
556202,556250,557691,48,1441,8,6000,1.03331020125
556243,556356,557788,113,1432,8,6000,1.07891061453
556355,556679,558118,324,1439,8,6000,1.22515635858
556671,556831,558277,160,1446,8,6000,1.11065006916
556824,556846,558293,22,1447,8,6000,1.01520387008
556845,557024,558454,179,1430,8,6000,1.12517482517
556845,556852,558284,7,1432,8,6000,1.00488826816
557019,557233,558668,214,1435,8,6000,1.14912891986
557222,557279,558726,57,1447,8,6000,1.0393918452
557274,557651,559093,377,1442,8,6000,1.26144244105
557641,557702,559143,61,1441,8,6000,1.04233171409
557692,557799,559238,107,1439,8,6000,1.07435719249
557794,558129,559572,335,1443,8,6000,1.23215523216
558120,558288,559733,168,1445,8,6000,1.11626297578
558283,558296,559779,13,1483,8,6000,1.00876601483
558294,558305,559735,11,1430,8,6000,1.00769230769
558294,558466,559914,172,1448,8,6000,1.11878453039
558458,558680,560124,222,1444,8,6000,1.15373961219
558672,558737,560186,65,1449,8,6000,1.04485852312
558733,559104,560575,371,1471,8,6000,1.25220938137
559100,559154,560595,54,1441,8,6000,1.03747397641
559151,559249,560694,98,1445,8,6000,1.0678200692
559243,559584,561027,341,1443,8,6000,1.23631323631
559580,559744,561190,164,1446,8,6000,1.11341632089
559743,559750,561190,7,1440,8,6000,1.00486111111
559743,559790,561236,47,1446,8,6000,1.03250345781
559784,559926,561364,142,1438,8,6000,1.09874826147
559917,560135,561584,218,1449,8,6000,1.15044858523
560132,560197,561645,65,1448,8,6000,1.04488950276
560194,560586,562041,392,1455,8,6000,1.26941580756
560581,560606,562088,25,1482,8,6000,1.01686909582
560602,560705,562175,103,1470,8,6000,1.07006802721
560704,561039,562497,335,1458,8,6000,1.22976680384
561030,561201,562644,171,1443,8,6000,1.1185031185
561193,561207,562653,14,1446,8,6000,1.00968188105
561204,561248,562700,44,1452,8,6000,1.0303030303
561245,561375,562824,130,1449,8,6000,1.08971704624
561367,561595,563065,228,1470,8,6000,1.15510204082
561592,561656,563108,64,1452,8,6000,1.04407713499
561653,562052,563505,399,1453,8,6000,1.27460426703
562051,562099,563554,48,1455,8,6000,1.03298969072
562092,562186,563645,94,1459,8,6000,1.0644276902
562184,562508,563965,324,1457,8,6000,1.22237474262
562501,562655,564111,154,1456,8,6000,1.10576923077
562654,562664,564114,10,1450,8,6000,1.00689655172
562654,562711,564164,57,1453,8,6000,1.039229181
562705,562835,564283,130,1448,8,6000,1.08977900552
562833,563076,564526,243,1450,8,6000,1.1675862069
563074,563119,564581,45,1462,8,6000,1.03077975376
563116,563516,564972,400,1456,8,6000,1.27472527473
563509,563565,565043,56,1478,8,6000,1.03788903924
563560,563656,565110,96,1454,8,6000,1.06602475928
563652,563976,565432,324,1456,8,6000,1.22252747253
563967,564122,565584,155,1462,8,6000,1.10601915185
564120,564128,565582,8,1454,8,6000,1.00550206327
564121,564175,565618,54,1443,8,6000,1.03742203742
564172,564294,565747,122,1453,8,6000,1.08396421198
564284,564537,565995,253,1458,8,6000,1.17352537723
564529,564592,566052,63,1460,8,6000,1.04315068493
564590,564984,566441,394,1457,8,6000,1.2704186685
564979,565054,566518,75,1464,8,6000,1.0512295082
565051,565121,566587,70,1466,8,6000,1.04774897681
565112,565443,566906,331,1463,8,6000,1.22624743677
565438,565593,567071,155,1478,8,6000,1.1048714479
565591,565600,567054,9,1454,8,6000,1.00618982118
565592,565630,567078,38,1448,8,6000,1.02624309392
565623,565758,567222,135,1464,8,6000,1.09221311475
565755,566006,567463,251,1457,8,6000,1.17227179135
566000,566064,567525,64,1461,8,6000,1.04380561259
566061,566452,567906,391,1454,8,6000,1.2689133425
566448,566530,567994,82,1464,8,6000,1.05601092896
566520,566598,568058,78,1460,8,6000,1.05342465753
566592,566918,568408,326,1490,8,6000,1.21879194631
566907,567066,568520,159,1454,8,6000,1.10935350757
567061,567084,568551,23,1467,8,6000,1.01567825494
567081,567091,568556,10,1465,8,6000,1.00682593857
567082,567233,568692,151,1459,8,6000,1.10349554489
567225,567475,568956,250,1481,8,6000,1.16880486158
567469,567536,568997,67,1461,8,6000,1.04585900068
567531,567917,569398,386,1481,8,6000,1.26063470628
567908,568005,569478,97,1473,8,6000,1.06585200272
568000,568069,569532,69,1463,8,6000,1.04716336295
568061,568419,569882,358,1463,8,6000,1.24470266576
568418,568531,569995,113,1464,8,6000,1.07718579235
568530,568562,570020,32,1458,8,6000,1.0219478738
568558,568569,573339,11,4770,5,14400,1.00230607966
568559,568574,572993,15,4419,5,14400,1.00339443313
568569,568704,573462,135,4758,5,14400,1.02837326608
568702,568968,573097,266,4129,5,14400,1.0644223783
568702,568973,573493,271,4520,5,14400,1.05995575221
568968,569008,573002,40,3994,5,14400,1.01001502253
568998,569410,573558,412,4148,5,14400,1.09932497589
569009,569416,574186,407,4770,5,14400,1.08532494759
569406,569489,573518,83,4029,5,14400,1.02060064532
569478,569495,573550,17,4055,5,14400,1.00419235512
569489,569545,573736,56,4191,5,14400,1.01336196612
569540,569893,574592,353,4699,5,14400,1.07512236646
569541,569899,575367,358,5468,5,14400,1.06547183614
569679,855220,1003617,285541,148397,18,198000,2.92416962607
569745,855225,1000624,285480,145399,18,198000,2.96342478284
569897,570006,574115,109,4109,5,14400,1.02652713556
569999,570031,574603,32,4572,5,14400,1.00699912511
570010,570037,574258,27,4221,5,14400,1.00639658849
570031,573004,577739,2973,4735,5,14400,1.62787750792
572993,573014,577637,21,4623,5,14400,1.00454250487
573004,573109,577132,105,4023,5,14400,1.02609992543
573106,573350,577448,244,4098,5,14400,1.05954123963
573342,573474,577473,132,3999,5,14400,1.03300825206
573464,573505,577575,41,4070,5,14400,1.01007371007
573495,573529,578230,34,4701,5,14400,1.00723250372
573526,573561,577990,35,4429,5,14400,1.00790246105
573557,573570,578256,13,4686,5,14400,1.00277422108
573568,573747,577880,179,4133,5,14400,1.04330994435
573741,574126,578996,385,4870,5,14400,1.07905544148
574118,574197,578292,79,4095,5,14400,1.01929181929
574189,574270,578305,81,4035,5,14400,1.02007434944
574261,574603,579312,342,4709,5,14400,1.07262688469
574597,574614,578703,17,4089,5,14400,1.00415749572
574608,575379,579387,771,4008,5,14400,1.19236526946
575371,577143,582045,1772,4902,5,14400,1.36148510812
577140,577459,581572,319,4113,5,14400,1.0775589594
577456,577484,582189,28,4705,5,14400,1.00595111583
577476,577586,582143,110,4557,5,14400,1.02413868773
577579,577648,582394,69,4746,5,14400,1.01453855879
577640,577750,581986,110,4236,5,14400,1.02596789424
577742,577891,581863,149,3972,5,14400,1.03751258812
577885,578001,582055,116,4054,5,14400,1.02861371485
577997,578241,582838,244,4597,5,14400,1.05307809441
578231,578267,582121,36,3854,5,14400,1.00934094447
578262,578304,582676,42,4372,5,14400,1.00960658737
578293,578316,583209,23,4893,5,14400,1.00470059268
578314,578715,583435,401,4720,5,14400,1.08495762712
578711,579007,583657,296,4650,5,14400,1.06365591398
579006,579324,584108,318,4784,5,14400,1.06647157191
579322,579398,584048,76,4650,5,14400,1.01634408602
579393,581583,586165,2190,4582,5,14400,1.47795722392
581580,581874,586433,294,4559,5,14400,1.06448782628
581865,581997,586103,132,4106,5,14400,1.03214807599
581987,582057,586201,70,4144,5,14400,1.01689189189
582049,582067,585945,18,3878,5,14400,1.00464156782
582059,582132,586412,73,4280,5,14400,1.01705607477
582131,582155,586451,24,4296,5,14400,1.00558659218
582152,582200,586864,48,4664,5,14400,1.0102915952
582193,582406,586928,213,4522,5,14400,1.04710305175
582396,582687,587698,291,5011,5,14400,1.05807224107
582682,582849,587523,167,4674,5,14400,1.03572956782
582846,583221,587356,375,4135,5,14400,1.09068923821
583212,583446,587372,234,3926,5,14400,1.05960264901
583436,583668,588286,232,4618,5,14400,1.05023819835
583660,584059,587910,399,3851,5,14400,1.10360945209
584057,584119,587964,62,3845,5,14400,1.01612483745
584119,585561,590684,1442,5123,5,14400,1.28147569783
585304,585310,607966,6,22656,2,51300,1.00026483051
585562,585956,591039,394,5083,5,14400,1.07751327956
585959,586114,590121,155,4007,5,14400,1.03868230596
586112,586176,590118,64,3942,5,14400,1.0162354135
586173,586212,591375,39,5163,5,14400,1.00755374782
586214,586424,591136,210,4712,5,14400,1.04456706282
586428,586444,591283,16,4839,5,14400,1.00330646828
586449,586462,591125,13,4663,5,14400,1.00278790478
586460,586875,591325,415,4450,5,14400,1.09325842697
586877,586939,591270,62,4331,5,14400,1.0143154006
586938,587367,592672,429,5305,5,14400,1.0808671065
587366,587384,592727,18,5343,5,14400,1.00336889388
587386,587536,591660,150,4124,5,14400,1.03637245393
587539,587709,592006,170,4297,5,14400,1.03956248545
587713,587921,592881,208,4960,5,14400,1.04193548387
587927,587976,592019,49,4043,5,14400,1.01211971308
587978,588298,592452,320,4154,5,14400,1.07703418392
588304,590130,594158,1826,4028,5,14400,1.45332671301
589545,594763,595685,5218,922,2,14400,6.65943600868
590123,590136,594198,13,4062,5,14400,1.00320039389
590134,590695,594858,561,4163,5,14400,1.13475858756
590227,594864,596074,4637,1210,2,14400,4.83223140496
590693,591050,595515,357,4465,5,14400,1.07995520717
591050,591137,595965,87,4828,5,14400,1.01801988401
591141,591147,595116,6,3969,5,14400,1.0015117158
591152,591281,595438,129,4157,5,14400,1.03103199423
591284,591294,595169,10,3875,5,14400,1.00258064516
591295,591336,595379,41,4043,5,14400,1.01014098442
591336,591386,595651,50,4265,5,14400,1.01172332943
591387,591672,596087,285,4415,5,14400,1.06455266138
591673,592017,596238,344,4221,5,14400,1.08149727553
592022,592463,593905,441,1442,8,6000,1.30582524272
592460,592685,594124,225,1439,8,6000,1.15635858235
592675,592738,594159,63,1421,8,6000,1.04433497537
592738,593309,594745,571,1436,8,6000,1.39763231198
593307,593916,595346,609,1430,8,6000,1.42587412587
593914,594135,595563,221,1428,8,6000,1.15476190476
594137,594172,595603,35,1431,8,6000,1.02445842068
594168,594209,595634,41,1425,8,6000,1.02877192982
594209,594757,596193,548,1436,8,6000,1.38161559889
594759,594859,596297,100,1438,8,6000,1.06954102921
594861,595127,596553,266,1426,8,6000,1.18653576438
594962,595109,595111,147,2,2,3540,14.9
595126,595357,596791,231,1434,8,6000,1.16108786611
595361,595391,596833,30,1442,8,6000,1.02080443828
595392,595526,596987,134,1461,8,6000,1.09171800137
595524,595575,597002,51,1427,8,6000,1.03573931324
595576,595614,597059,38,1445,8,6000,1.02629757785
595617,595646,597072,29,1426,8,6000,1.02033660589
595648,595662,597102,14,1440,8,6000,1.00972222222
595658,595978,597407,320,1429,8,6000,1.22393282015
595974,596204,597662,230,1458,8,6000,1.15775034294
596208,596250,597686,42,1436,8,6000,1.02924791086
596250,596308,597800,58,1492,8,6000,1.03887399464
596311,596565,598024,254,1459,8,6000,1.17409184373
596566,596802,598238,236,1436,8,6000,1.1643454039
596800,596845,598290,45,1445,8,6000,1.03114186851
596841,596999,598449,158,1450,8,6000,1.10896551724
597005,597013,598445,8,1432,8,6000,1.00558659218
597015,597071,598515,56,1444,8,6000,1.03878116343
597077,597083,598513,6,1430,8,6000,1.0041958042
597087,597114,598566,27,1452,8,6000,1.01859504132
597118,597418,598844,300,1426,8,6000,1.21037868163
597414,597674,599122,260,1448,8,6000,1.17955801105
597679,597698,599138,19,1440,8,6000,1.01319444444
597700,597812,599270,112,1458,8,6000,1.0768175583
597812,598035,599479,223,1444,8,6000,1.15443213296
598037,598250,599701,213,1451,8,6000,1.14679531358
598251,598302,599758,51,1456,8,6000,1.03502747253
598256,656980,657030,58724,50,32,10800,1175.48
598302,598457,599899,155,1442,8,6000,1.10748959778
598455,598463,599909,8,1446,8,6000,1.00553250346
598466,598524,599968,58,1444,8,6000,1.04016620499
598527,598533,599985,6,1452,8,6000,1.0041322314
598538,598577,600017,39,1440,8,6000,1.02708333333
598579,598855,600317,276,1462,8,6000,1.18878248974
598854,599133,600583,279,1450,8,6000,1.1924137931
599129,599149,600631,20,1482,8,6000,1.01349527665
599150,599282,600735,132,1453,8,6000,1.09084652443
599283,599490,600966,207,1476,8,6000,1.14024390244
599487,599712,601163,225,1451,8,6000,1.15506547209
599711,599769,601205,58,1436,8,6000,1.04038997214
599773,599910,601353,137,1443,8,6000,1.09494109494
599915,599922,601416,7,1494,8,6000,1.0046854083
599926,599980,601427,54,1447,8,6000,1.03731859019
599977,599996,601457,19,1461,8,6000,1.01300479124
599998,600028,601484,30,1456,8,6000,1.0206043956
600029,600328,601786,299,1458,8,6000,1.20507544582
600324,600594,602045,270,1451,8,6000,1.18607856651
600600,600642,602096,42,1454,8,6000,1.02888583219
600641,600746,602201,105,1455,8,6000,1.07216494845
600743,600977,602428,234,1451,8,6000,1.16126809097
600977,601175,602614,198,1439,8,6000,1.13759555247
601171,601217,602679,46,1462,8,6000,1.03146374829
601212,601364,602831,152,1467,8,6000,1.10361281527
601365,601427,602879,62,1452,8,6000,1.04269972452
601427,601439,602892,12,1453,8,6000,1.00825877495
601437,601468,602921,31,1453,8,6000,1.02133516862
601468,601495,602953,27,1458,8,6000,1.01851851852
601499,601797,603259,298,1462,8,6000,1.20383036936
601795,602057,603514,262,1457,8,6000,1.17982155113
602060,602107,603606,47,1499,8,6000,1.03135423616
602111,602212,603687,101,1475,8,6000,1.06847457627
602213,602440,603895,227,1455,8,6000,1.1560137457
602437,602625,604081,188,1456,8,6000,1.12912087912
602621,602691,604151,70,1460,8,6000,1.04794520548
602693,602842,604307,149,1465,8,6000,1.10170648464
602846,602890,604352,44,1462,8,6000,1.03009575923
602887,602904,604365,17,1461,8,6000,1.01163586585
602908,602932,604386,24,1454,8,6000,1.01650618982
602929,602964,604430,35,1466,8,6000,1.0238744884
602970,603270,604732,300,1462,8,6000,1.20519835841
603266,603526,604989,260,1463,8,6000,1.17771701982
603530,603617,605079,87,1462,8,6000,1.05950752394
603623,603698,605165,75,1467,8,6000,1.05112474438
603694,603906,605373,212,1467,8,6000,1.14451261077
603909,604092,605552,183,1460,8,6000,1.12534246575
604092,604162,605622,70,1460,8,6000,1.04794520548
604164,604318,605777,154,1459,8,6000,1.10555174777
604317,604364,605819,47,1455,8,6000,1.0323024055
604368,604376,605828,8,1452,8,6000,1.00550964187
604379,604398,605872,19,1474,8,6000,1.01289009498
604399,604441,605899,42,1458,8,6000,1.02880658436
604441,604744,606204,303,1460,8,6000,1.20753424658
604746,605002,606468,256,1466,8,6000,1.17462482947
605002,605090,606562,88,1472,8,6000,1.0597826087
605094,605176,606644,82,1468,8,6000,1.05585831063
605176,605384,606850,208,1466,8,6000,1.14188267394
605380,605563,607032,183,1469,8,6000,1.1245745405
605564,605634,607109,70,1475,8,6000,1.04745762712
605635,605788,607579,153,1791,8,6000,1.08542713568
605789,605830,607294,41,1464,8,6000,1.02800546448
605830,605839,607306,9,1467,8,6000,1.00613496933
605838,605884,610589,46,4705,5,14400,1.00977683316
605889,605910,610578,21,4668,5,14400,1.00449871465
605910,605916,610436,6,4520,5,14400,1.00132743363
605920,606180,610330,260,4150,5,14400,1.06265060241
606185,606216,610851,31,4635,5,14400,1.00668824164
606216,606479,610397,263,3918,5,14400,1.06712608474
606481,606487,610464,6,3977,5,14400,1.00150867488
606492,606573,611147,81,4574,5,14400,1.01770878881
606574,606661,610602,87,3941,5,14400,1.02207561533
606666,606861,610974,195,4113,5,14400,1.04741064916
606860,607044,611201,184,4157,5,14400,1.04426268944
607043,607050,611805,7,4755,5,14400,1.0014721346
607054,607121,611981,67,4860,5,14400,1.01378600823
607126,607132,611281,6,4149,5,14400,1.0014461316
607136,607305,612210,169,4905,5,14400,1.03445463812
607310,607317,611510,7,4193,5,14400,1.00166944908
607320,607326,611856,6,4530,5,14400,1.00132450331
607331,607590,612139,259,4549,5,14400,1.05693559024
607586,607978,612184,392,4206,5,14400,1.0932001902
607973,609227,613317,1254,4090,5,14400,1.30660146699
