SubmitTime,StartTime,EndTime,QueuedTime,RunTime,NodesRequested,walltime,bslowdown
2,9,1852,7,1843,2,7200,1.00379815518
23,29,1652,6,1623,2,7200,1.00369685767
40,46,1487,6,1441,2,7200,1.00416377516
118,124,1800,6,1676,2,7200,1.00357995227
141,147,2127,6,1980,2,7200,1.00303030303
261,267,1899,6,1632,2,7200,1.00367647059
305,311,1963,6,1652,2,7200,1.00363196126
322,328,1736,6,1408,2,7200,1.00426136364
471,478,2030,7,1552,2,7200,1.00451030928
519,525,2161,6,1636,2,7200,1.00366748166
558,564,2183,6,1619,2,7200,1.00370599135
637,643,2187,6,1544,2,7200,1.00388601036
739,745,2232,6,1487,2,7200,1.00403496974
759,766,2444,7,1678,2,7200,1.0041716329
832,838,2324,6,1486,2,7200,1.00403768506
909,916,2609,7,1693,2,7200,1.00413467218
911,923,2457,12,1534,2,7200,1.00782268579
929,935,2504,6,1569,2,7200,1.00382409178
930,941,2567,11,1626,2,7200,1.00676506765
932,947,2371,15,1424,2,7200,1.01053370787
949,955,2482,6,1527,2,7200,1.00392927308
950,961,2623,11,1662,2,7200,1.00661853189
998,1004,2573,6,1569,2,7200,1.00382409178
1015,1021,2686,6,1665,2,7200,1.0036036036
1016,1027,2540,11,1513,2,7200,1.00727032386
1046,1052,2518,6,1466,2,7200,1.00409276944
1063,1069,2505,6,1436,2,7200,1.00417827298
1064,1075,2533,11,1458,2,7200,1.00754458162
1144,1150,2620,6,1470,2,7200,1.00408163265
1161,1167,2617,6,1450,2,7200,1.00413793103
1177,1183,2745,6,1562,2,7200,1.00384122919
1237,1243,2894,6,1651,2,7200,1.00363416111
1312,1318,2816,6,1498,2,7200,1.00400534045
1356,1362,2938,6,1576,2,7200,1.0038071066
1373,1380,2894,7,1514,2,7200,1.00462351387
1375,1386,2903,11,1517,2,7200,1.00725115359
1470,1476,3026,6,1550,2,7200,1.00387096774
1487,1493,2916,6,1423,2,7200,1.00421644413
1489,1500,2964,11,1464,2,7200,1.0075136612
1656,1662,3051,6,1389,2,7200,1.00431965443
1698,1704,3143,6,1439,2,7200,1.0041695622
1738,1744,3247,6,1503,2,7200,1.00399201597
1801,1808,3396,7,1588,2,7200,1.00440806045
1855,1861,3316,6,1455,2,7200,1.00412371134
1903,1909,3499,6,1590,2,7200,1.00377358491
1966,1972,3399,6,1427,2,7200,1.00420462509
2032,2038,3706,6,1668,2,7200,1.0035971223
2129,2135,3703,6,1568,2,7200,1.00382653061
2163,2170,3765,7,1595,2,7200,1.00438871473
2187,2193,3826,6,1633,2,7200,1.00367421923
2188,2199,3894,11,1695,2,7200,1.00648967552
2236,2242,3842,6,1600,2,7200,1.00375
2326,2332,3982,6,1650,2,7200,1.00363636364
2374,2380,3877,6,1497,2,7200,1.00400801603
2449,2455,3998,6,1543,2,7200,1.00388852884
2465,2471,4019,6,1548,2,7200,1.00387596899
2485,2491,3995,6,1504,2,7200,1.0039893617
2508,2514,4008,6,1494,2,7200,1.00401606426
2509,2522,4014,13,1492,2,7200,1.00871313673
2526,2532,3966,6,1434,2,7200,1.00418410042
2543,2549,4073,6,1524,2,7200,1.00393700787
2544,2556,4100,12,1544,2,7200,1.00777202073
2570,2576,4297,6,1721,2,7200,1.00348634515
2586,2592,4138,6,1546,2,7200,1.00388098318
2613,2619,4093,6,1474,2,7200,1.00407055631
2630,2636,4137,6,1501,2,7200,1.00399733511
2631,2642,4131,11,1489,2,7200,1.00738750839
2633,2647,4201,14,1554,2,7200,1.00900900901
2690,2701,4174,11,1473,2,7200,1.00746775289
2746,2753,4346,7,1593,2,7200,1.00439422473
2819,2825,4290,6,1465,2,7200,1.00409556314
2898,2904,4500,6,1596,2,7200,1.0037593985
2900,2910,4390,10,1480,2,7200,1.00675675676
2916,2922,4429,6,1507,2,7200,1.00398142004
2918,2928,4492,10,1564,2,7200,1.00639386189
2941,2947,4438,6,1491,2,7200,1.00402414487
2968,2974,4891,6,1917,2,7200,1.00312989045
3028,3034,4602,6,1568,2,7200,1.00382653061
3054,3060,4758,6,1698,2,7200,1.0035335689
3145,3152,4756,7,1604,2,7200,1.00436408978
3252,3258,4656,6,1398,2,7200,1.00429184549
3319,3325,4922,6,1597,2,7200,1.00375704446
3398,3404,5280,6,1876,2,7200,1.00319829424
3414,3420,4894,6,1474,2,7200,1.00407055631
3502,3508,5211,6,1703,2,7200,1.00352319436
3705,3711,5316,6,1605,2,7200,1.00373831776
3722,3728,5264,6,1536,2,7200,1.00390625
3767,3773,5210,6,1437,2,7200,1.00417536534
3830,3836,5458,6,1622,2,7200,1.00369913687
3847,3853,5346,6,1493,2,7200,1.00401875419
3879,3885,5350,6,1465,2,7200,1.00409556314
3900,3905,5584,5,1679,2,7200,1.00297796307
3968,3974,5517,6,1543,2,7200,1.00388852884
3985,3991,5624,6,1633,2,7200,1.00367421923
4002,4008,5576,6,1568,2,7200,1.00382653061
4003,4015,5494,12,1479,2,7200,1.00811359026
4020,4027,5480,7,1453,2,7200,1.00481761872
4022,4033,5512,11,1479,2,7200,1.00743745774
4023,4039,5497,16,1458,2,7200,1.0109739369
4074,4081,6474,7,2393,2,7200,1.0029251985
4095,4101,5683,6,1582,2,7200,1.00379266751
4112,4118,5666,6,1548,2,7200,1.00387596899
4135,4141,5648,6,1507,2,7200,1.00398142004
4151,4157,5694,6,1537,2,7200,1.00390370852
4153,4163,5735,10,1572,2,7200,1.00636132316
4176,4182,5644,6,1462,2,7200,1.00410396717
4205,4211,5658,6,1447,2,7200,1.00414651002
4294,4300,5686,6,1386,2,7200,1.00432900433
4311,4317,5830,6,1513,2,7200,1.0039656312
4350,4356,6561,6,2205,2,7200,1.00272108844
4394,4401,5960,7,1559,2,7200,1.00449005773
4430,4436,5929,6,1493,2,7200,1.00401875419
4446,4452,5993,6,1541,2,7200,1.0038935756
4496,4502,6100,6,1598,2,7200,1.00375469337
4513,4519,6081,6,1562,2,7200,1.00384122919
4604,4610,6271,6,1661,2,7200,1.00361228176
4658,4664,6285,6,1621,2,7200,1.00370141888
4761,4767,6400,6,1633,2,7200,1.00367421923
4763,4774,6378,11,1604,2,7200,1.00685785536
4894,4900,6939,6,2039,2,7200,1.00294261893
4895,4908,6598,13,1690,2,7200,1.00769230769
4928,4934,6490,6,1556,2,7200,1.00385604113
5212,5218,6950,6,1732,2,7200,1.00346420323
5213,5226,6799,13,1573,2,7200,1.00826446281
5267,5273,6781,6,1508,2,7200,1.00397877984
5283,5289,6802,6,1513,2,7200,1.0039656312
5318,5324,6937,6,1613,2,7200,1.00371977681
5347,5353,6868,6,1515,2,7200,1.00396039604
5364,5370,6951,6,1581,2,7200,1.00379506641
5461,5467,6977,6,1510,2,7200,1.00397350993
5481,5487,7092,6,1605,2,7200,1.00373831776
5498,5504,7049,6,1545,2,7200,1.00388349515
5499,5512,7081,13,1569,2,7200,1.00828553219
5517,5523,7076,6,1553,2,7200,1.00386349002
5518,5529,7108,11,1579,2,7200,1.00696643445
5579,5585,7173,6,1588,2,7200,1.00377833753
5596,5602,7239,6,1637,2,7200,1.0036652413
5625,5631,7244,6,1613,2,7200,1.00371977681
5649,5655,7202,6,1547,2,7200,1.00387847447
5650,5662,7323,12,1661,2,7200,1.00722456352
5668,5674,7153,6,1479,2,7200,1.00405679513
5669,5680,7255,11,1575,2,7200,1.00698412698
5685,5692,7284,7,1592,2,7200,1.00439698492
5687,5699,7371,12,1672,2,7200,1.00717703349
5704,5711,7211,7,1500,2,7200,1.00466666667
5737,5743,7340,6,1597,2,7200,1.00375704446
5834,5840,7368,6,1528,2,7200,1.00392670157
5932,5938,7482,6,1544,2,7200,1.00388601036
5964,5970,7565,6,1595,2,7200,1.00376175549
5996,6002,7571,6,1569,2,7200,1.00382409178
6084,6090,7593,6,1503,2,7200,1.00399201597
6104,6110,7613,6,1503,2,7200,1.00399201597
6275,6282,7716,7,1434,2,7200,1.00488145049
6291,6297,7828,6,1531,2,7200,1.00391900718
6382,6388,7825,6,1437,2,7200,1.00417536534
6401,6408,7867,7,1459,2,7200,1.00479780672
6477,6483,7925,6,1442,2,7200,1.00416088766
6494,6500,8094,6,1594,2,7200,1.00376411543
6564,6570,8005,6,1435,2,7200,1.00418118467
6600,6606,8097,6,1491,2,7200,1.00402414487
6784,6790,8153,6,1363,2,7200,1.00440205429
6804,6811,8335,7,1524,2,7200,1.00459317585
6805,6817,8317,12,1500,2,7200,1.008
6872,6879,8482,7,1603,2,7200,1.00436681223
6941,6948,8472,7,1524,2,7200,1.00459317585
6943,6954,8402,11,1448,2,7200,1.00759668508
6960,6966,8600,6,1634,2,7200,1.00367197062
6962,6973,8458,11,1485,2,7200,1.00740740741
6978,6984,8382,6,1398,2,7200,1.00429184549
7051,7057,8602,6,1545,2,7200,1.00388349515
7077,7083,8640,6,1557,2,7200,1.00385356455
7094,7100,8645,6,1545,2,7200,1.00388349515
7095,7107,8688,12,1581,2,7200,1.00759013283
7111,7117,8644,6,1527,2,7200,1.00392927308
7156,7162,8740,6,1578,2,7200,1.00380228137
7176,7183,8692,7,1509,2,7200,1.00463883366
7206,7213,8715,7,1502,2,7200,1.00466045273
7223,7229,8778,6,1549,2,7200,1.00387346675
7243,7249,8818,6,1569,2,7200,1.00382409178
7261,7267,8741,6,1474,2,7200,1.00407055631
7262,7273,8776,11,1503,2,7200,1.00731869594
7288,7294,8867,6,1573,2,7200,1.00381436745
7327,7333,8916,6,1583,2,7200,1.00379027164
7343,7349,8823,6,1474,2,7200,1.00407055631
7372,7379,8858,7,1479,2,7200,1.00473292765
7374,7385,9012,11,1627,2,7200,1.00676090965
7486,7493,9234,7,1741,2,7200,1.00402067777
7568,7575,9186,7,1611,2,7200,1.00434512725
7585,7592,9198,7,1606,2,7200,1.00435865504
7602,7609,9078,7,1469,2,7200,1.00476514636
7619,7625,9132,6,1507,2,7200,1.00398142004
7720,7726,9310,6,1584,2,7200,1.00378787879
7829,7836,9331,7,1495,2,7200,1.00468227425
7831,7842,9462,11,1620,2,7200,1.00679012346
7870,7876,9295,6,1419,2,7200,1.00422832981
7928,7934,9575,6,1641,2,7200,1.00365630713
8009,8015,9624,6,1609,2,7200,1.00372902424
8097,8103,9638,6,1535,2,7200,1.00390879479
8098,8110,9608,12,1498,2,7200,1.00801068091
8156,8162,9910,6,1748,2,7200,1.00343249428
8228,8234,8236,6,2,2,3540,1.0
8318,8325,9917,7,1592,2,7200,1.00439698492
8339,8345,9936,6,1591,2,7200,1.00377121307
8383,8389,10162,6,1773,2,7200,1.00338409475
8403,8409,10017,6,1608,2,7200,1.00373134328
8460,8466,10077,6,1611,2,7200,1.00372439479
8477,8483,10121,6,1638,2,7200,1.00366300366
8493,8499,10252,6,1753,2,7200,1.00342270394
8602,8608,10223,6,1615,2,7200,1.00371517028
8603,8616,10069,13,1453,2,7200,1.00894700619
8642,8648,10260,6,1612,2,7200,1.00372208437
8659,8665,10272,6,1607,2,7200,1.00373366521
8661,8671,10281,10,1610,2,7200,1.00621118012
8690,8696,10274,6,1578,2,7200,1.00380228137
8692,8703,10382,11,1679,2,7200,1.00655151876
8718,8725,10269,7,1544,2,7200,1.00453367876
8745,8752,10189,7,1437,2,7200,1.00487125957
8747,8758,10308,11,1550,2,7200,1.00709677419
8780,8786,10401,6,1615,2,7200,1.00371517028
8781,8793,10478,12,1685,2,7200,1.00712166172
8821,8827,10484,6,1657,2,7200,1.00362100181
8837,8843,10360,6,1517,2,7200,1.00395517469
8860,8866,10366,6,1500,2,7200,1.004
8876,8882,10601,6,1719,2,7200,1.0034904014
8917,8924,10493,7,1569,2,7200,1.00446144041
9013,9019,10586,6,1567,2,7200,1.00382897256
9082,9088,10602,6,1514,2,7200,1.00396301189
9137,9143,10675,6,1532,2,7200,1.00391644909
9188,9194,10787,6,1593,2,7200,1.00376647834
9204,9210,10825,6,1615,2,7200,1.00371517028
9237,9243,10841,6,1598,2,7200,1.00375469337
9297,9303,10944,6,1641,2,7200,1.00365630713
9312,9318,9491,6,173,1,3600,1.03468208092
9314,9325,10922,11,1597,2,7200,1.00688791484
9333,9340,10871,7,1531,2,7200,1.00457217505
9465,9471,11000,6,1529,2,7200,1.00392413342
9579,9585,11112,6,1527,2,7200,1.00392927308
9612,9618,11191,6,1573,2,7200,1.00381436745
9629,9635,11166,6,1531,2,7200,1.00391900718
9646,9652,11331,6,1679,2,7200,1.00357355569
9667,9673,10011,6,338,1,3600,1.01775147929
9912,9918,11399,6,1481,2,7200,1.00405131668
9929,9936,11524,7,1588,2,7200,1.00440806045
9946,9952,11565,6,1613,2,7200,1.00371977681
10018,10024,11646,6,1622,2,7200,1.00369913687
10072,10079,11663,7,1584,2,7200,1.00441919192
10089,10095,11706,6,1611,2,7200,1.00372439479
10124,10130,11559,6,1429,2,7200,1.00419874038
10166,10172,11739,6,1567,2,7200,1.00382897256
10192,10198,11769,6,1571,2,7200,1.00381922342
10227,10233,11906,6,1673,2,7200,1.00358637179
10253,10259,11711,6,1452,2,7200,1.0041322314
10269,10275,11947,6,1672,2,7200,1.00358851675
10271,10282,11738,11,1456,2,7200,1.00755494505
10288,10294,11988,6,1694,2,7200,1.00354191263
10289,10300,11948,11,1648,2,7200,1.00667475728
10290,10305,11873,15,1568,2,7200,1.00956632653
10310,10317,11870,7,1553,2,7200,1.00450740502
10365,10372,11841,7,1469,2,7200,1.00476514636
10367,10378,11944,11,1566,2,7200,1.00702426564
10377,10385,11222,8,837,1,3600,1.00955794504
10384,10392,12098,8,1706,2,7200,1.00468933177
10404,10410,11869,6,1459,2,7200,1.00411240576
10483,10490,12032,7,1542,2,7200,1.00453955901
10500,10506,12055,6,1549,2,7200,1.00387346675
10502,10512,11995,10,1483,2,7200,1.00674308833
10590,10596,12126,6,1530,2,7200,1.00392156863
10607,10613,12149,6,1536,2,7200,1.00390625
10609,10620,12213,11,1593,2,7200,1.0069052103
10676,10683,12205,7,1522,2,7200,1.00459921156
10789,10796,12376,7,1580,2,7200,1.00443037975
10829,10835,12446,6,1611,2,7200,1.00372439479
10846,10852,12436,6,1584,2,7200,1.00378787879
10875,10881,12522,6,1641,2,7200,1.00365630713
10926,10932,12391,6,1459,2,7200,1.00411240576
10946,10952,12380,6,1428,2,7200,1.00420168067
11003,11009,12621,6,1612,2,7200,1.00372208437
11114,11120,12613,6,1493,2,7200,1.00401875419
11168,11174,12592,6,1418,2,7200,1.00423131171
11195,11201,12873,6,1672,2,7200,1.00358851675
11334,11341,12927,7,1586,2,7200,1.00441361917
11401,11408,12916,7,1508,2,7200,1.00464190981
11527,11533,13091,6,1558,2,7200,1.00385109114
11562,11568,13027,6,1459,2,7200,1.00411240576
11579,11585,13099,6,1514,2,7200,1.00396301189
11648,11654,13285,6,1631,2,7200,1.00367872471
11668,11674,13237,6,1563,2,7200,1.00383877159
11709,11716,13356,7,1640,2,7200,1.00426829268
11726,11732,13173,6,1441,2,7200,1.00416377516
11744,11750,13348,6,1598,2,7200,1.00375469337
11745,11757,13342,12,1585,2,7200,1.00757097792
11772,11778,13287,6,1509,2,7200,1.00397614314
11845,11851,13328,6,1477,2,7200,1.00406228842
11871,11877,13490,6,1613,2,7200,1.00371977681
11873,11883,13464,10,1581,2,7200,1.00632511069
11889,11895,13324,6,1429,2,7200,1.00419874038
11909,11915,13483,6,1568,2,7200,1.00382653061
11945,11951,13540,6,1589,2,7200,1.00377595972
11962,11968,13604,6,1636,2,7200,1.00366748166
11964,11975,13517,11,1542,2,7200,1.00713359274
11990,11996,13613,6,1617,2,7200,1.00371057514
12007,12013,13609,6,1596,2,7200,1.0037593985
12037,12043,13649,6,1606,2,7200,1.00373599004
12059,12065,13651,6,1586,2,7200,1.00378310214
12098,12104,13642,6,1538,2,7200,1.00390117035
12128,12134,13560,6,1426,2,7200,1.00420757363
12151,12157,13739,6,1582,2,7200,1.00379266751
12208,12214,13788,6,1574,2,7200,1.00381194409
12225,12232,13809,7,1577,2,7200,1.00443880786
12379,12385,13917,6,1532,2,7200,1.00391644909
12381,12391,13892,10,1501,2,7200,1.00666222518
12398,12404,13938,6,1534,2,7200,1.00391134289
12436,12442,13906,6,1464,2,7200,1.00409836066
12453,12459,14031,6,1572,2,7200,1.00381679389
12457,12466,12575,9,109,1,3600,1.08256880734
12526,12532,14037,6,1505,2,7200,1.00398671096
12594,12600,14244,6,1644,2,7200,1.00364963504
12615,12621,14040,6,1419,2,7200,1.00422832981
12632,12638,14166,6,1528,2,7200,1.00392670157
12748,12754,13075,6,321,1,3600,1.01869158879
12857,12864,13038,7,174,1,3600,1.04022988506
12874,12880,14381,6,1501,2,7200,1.00399733511
12919,12925,14505,6,1580,2,7200,1.00379746835
12935,12941,14451,6,1510,2,7200,1.00397350993
13028,13034,14481,6,1447,2,7200,1.00414651002
13092,13098,14680,6,1582,2,7200,1.00379266751
13109,13115,14621,6,1506,2,7200,1.00398406375
13173,13179,14845,6,1666,2,7200,1.00360144058
13209,13215,13562,6,347,1,3600,1.01729106628
13239,13245,14676,6,1431,2,7200,1.00419287212
13287,13293,14789,6,1496,2,7200,1.00401069519
13289,13300,14805,11,1505,2,7200,1.0073089701
13328,13334,14861,6,1527,2,7200,1.00392927308
13329,13341,14796,12,1455,2,7200,1.00824742268
13346,13352,14995,6,1643,2,7200,1.00365185636
13363,13369,14888,6,1519,2,7200,1.00394996708
13364,13376,14873,12,1497,2,7200,1.00801603206
13467,13473,15016,6,1543,2,7200,1.00388852884
13486,13493,14974,7,1481,2,7200,1.00472653612
13503,13509,15134,6,1625,2,7200,1.00369230769
13520,13526,14994,6,1468,2,7200,1.00408719346
13543,13549,15102,6,1553,2,7200,1.00386349002
13549,13556,14177,7,621,1,3600,1.01127214171
13563,13569,15214,6,1645,2,7200,1.00364741641
13608,13614,15155,6,1541,2,7200,1.0038935756
13610,13620,15153,10,1533,2,7200,1.00652315721
13626,13632,15132,6,1500,2,7200,1.004
13647,13653,15173,6,1520,2,7200,1.00394736842
13663,13669,15202,6,1533,2,7200,1.00391389432
13665,13675,15197,10,1522,2,7200,1.00657030223
13742,13748,15329,6,1581,2,7200,1.00379506641
13789,13795,15412,6,1617,2,7200,1.00371057514
13813,13819,15385,6,1566,2,7200,1.00383141762
13894,13900,15506,6,1606,2,7200,1.00373599004
13910,13916,15933,6,2017,2,7200,1.00297471492
13925,13931,14783,6,852,1,3600,1.00704225352
13927,13937,15436,10,1499,2,7200,1.00667111408
13943,13949,15445,6,1496,2,7200,1.00401069519
14034,14040,15504,6,1464,2,7200,1.00409836066
14051,14057,15580,6,1523,2,7200,1.00393959291
14052,14064,15512,12,1448,2,7200,1.00828729282
14169,14175,15942,6,1767,2,7200,1.00339558574
14249,14255,15847,6,1592,2,7200,1.00376884422
14383,14390,15996,7,1606,2,7200,1.00435865504
14454,14460,16023,6,1563,2,7200,1.00383877159
14483,14490,16029,7,1539,2,7200,1.00454840806
14510,14516,16158,6,1642,2,7200,1.00365408039
14624,14630,16217,6,1587,2,7200,1.00378071834
14678,14684,16439,6,1755,2,7200,1.00341880342
14695,14701,16209,6,1508,2,7200,1.00397877984
14793,14799,16258,6,1459,2,7200,1.00411240576
14810,14816,16267,6,1451,2,7200,1.00413507926
14812,14822,16430,10,1608,2,7200,1.00621890547
14848,14854,16254,6,1400,2,7200,1.00428571429
14865,14871,16324,6,1453,2,7200,1.00412938747
14883,14889,16387,6,1498,2,7200,1.00400534045
14900,14906,16354,6,1448,2,7200,1.00414364641
14977,14983,16418,6,1435,2,7200,1.00418118467
14997,15004,16578,7,1574,2,7200,1.00444726811
14999,15010,16724,11,1714,2,7200,1.00641773629
15019,15026,16612,7,1586,2,7200,1.00441361917
15104,15110,16529,6,1419,2,7200,1.00422832981
15134,15140,16698,6,1558,2,7200,1.00385109114
15135,15146,16708,11,1562,2,7200,1.00704225352
15156,15162,16599,6,1437,2,7200,1.00417536534
15157,15169,16653,12,1484,2,7200,1.00808625337
15177,15184,16619,7,1435,2,7200,1.00487804878
15201,15207,16795,6,1588,2,7200,1.00377833753
15218,15224,16837,6,1613,2,7200,1.00371977681
15220,15231,16679,11,1448,2,7200,1.00759668508
15331,15337,16776,6,1439,2,7200,1.0041695622
15388,15394,16993,6,1599,2,7200,1.00375234522
15411,15417,16961,6,1544,2,7200,1.00388601036
15438,15444,16968,6,1524,2,7200,1.00393700787
15455,15461,17048,6,1587,2,7200,1.00378071834
15506,15512,17083,6,1571,2,7200,1.00381922342
15507,15519,16943,12,1424,2,7200,1.00842696629
15524,15530,17121,6,1591,2,7200,1.00377121307
15584,15590,17116,6,1526,2,7200,1.00393184797
15850,15856,17432,6,1576,2,7200,1.0038071066
15936,15942,17479,6,1537,2,7200,1.00390370852
15953,15959,17588,6,1629,2,7200,1.00368324125
16001,16007,17605,6,1598,2,7200,1.00375469337
16024,16030,16145,6,115,1,3600,1.05217391304
16027,16037,17676,10,1639,2,7200,1.00610128127
16044,16050,17602,6,1552,2,7200,1.00386597938
16160,16166,17849,6,1683,2,7200,1.00356506239
16211,16218,17641,7,1423,2,7200,1.00491918482
16228,16234,17634,6,1400,2,7200,1.00428571429
16258,16264,17822,6,1558,2,7200,1.00385109114
16259,16270,17695,11,1425,2,7200,1.00771929825
16277,16283,17775,6,1492,2,7200,1.00402144772
16319,16325,16645,6,320,1,3600,1.01875
16328,16334,17797,6,1463,2,7200,1.004101162
16357,16363,17960,6,1597,2,7200,1.00375704446
16389,16395,18013,6,1618,2,7200,1.00370828183
16421,16427,17927,6,1500,2,7200,1.004
16438,16444,18062,6,1618,2,7200,1.00370828183
16440,16450,18059,10,1609,2,7200,1.0062150404
16517,16523,16641,6,118,1,1800,1.05084745763
16532,16538,18036,6,1498,2,7200,1.00400534045
16580,16587,18162,7,1575,2,7200,1.00444444444
16604,16611,18119,7,1508,2,7200,1.00464190981
16621,16627,18053,6,1426,2,7200,1.00420757363
16622,16633,18183,11,1550,2,7200,1.00709677419
16657,16663,18230,6,1567,2,7200,1.00382897256
16680,16687,18121,7,1434,2,7200,1.00488145049
16700,16706,18208,6,1502,2,7200,1.00399467377
16717,16723,18353,6,1630,2,7200,1.0036809816
16733,16740,18286,7,1546,2,7200,1.00452781371
16778,16784,18227,6,1443,2,7200,1.00415800416
16798,16804,18389,6,1585,2,7200,1.00378548896
16839,16846,18472,7,1626,2,7200,1.00430504305
16931,16937,17050,6,113,1,1800,1.05309734513
16945,16951,18492,6,1541,2,7200,1.0038935756
16965,16971,18501,6,1530,2,7200,1.00392156863
16981,16987,18563,6,1576,2,7200,1.0038071066
16998,17004,18660,6,1656,2,7200,1.00362318841
17049,17055,18743,6,1688,2,7200,1.00355450237
17085,17091,18569,6,1478,2,7200,1.00405953992
17088,17098,17716,10,618,1,3600,1.01618122977
17121,17127,18659,6,1532,2,7200,1.00391644909
17122,17133,18912,11,1779,2,7200,1.00618324902
17434,17440,19004,6,1564,2,7200,1.00383631714
17482,17488,18994,6,1506,2,7200,1.00398406375
17592,17598,19098,6,1500,2,7200,1.004
17610,17616,19443,6,1827,2,7200,1.00328407225
17611,17622,19240,11,1618,2,7200,1.00679851669
17638,17644,19055,6,1411,2,7200,1.00425230333
17655,17661,19194,6,1533,2,7200,1.00391389432
17677,17683,19271,6,1588,2,7200,1.00377833753
17698,17704,19119,6,1415,2,7200,1.00424028269
17712,17718,18304,6,586,1,1800,1.01023890785
17778,17784,19301,6,1517,2,7200,1.00395517469
17798,17805,19417,7,1612,2,7200,1.00434243176
17824,17830,19321,6,1491,2,7200,1.00402414487
17850,17856,19475,6,1619,2,7200,1.00370599135
17930,17936,19502,6,1566,2,7200,1.00383141762
17963,17969,19548,6,1579,2,7200,1.00379987334
18015,18021,19533,6,1512,2,7200,1.00396825397
18035,18041,19408,6,1367,2,7200,1.00438917337
18056,18062,19580,6,1518,2,7200,1.00395256917
18072,18079,19720,7,1641,2,7200,1.00426569165
18074,18085,19697,11,1612,2,7200,1.00682382134
18122,18128,19666,6,1538,2,7200,1.00390117035
18123,18134,19693,11,1559,2,7200,1.007055805
18165,18171,19734,6,1563,2,7200,1.00383877159
18186,18192,19601,6,1409,2,7200,1.00425833925
18212,18218,19779,6,1561,2,7200,1.00384368994
18228,18234,19660,6,1426,2,7200,1.00420757363
18245,18251,19898,6,1647,2,7200,1.00364298725
18289,18295,19920,6,1625,2,7200,1.00369230769
18355,18362,19864,7,1502,2,7200,1.00466045273
18392,18398,19973,6,1575,2,7200,1.00380952381
18477,18483,20166,6,1683,2,7200,1.00356506239
18494,18500,20086,6,1586,2,7200,1.00378310214
18511,18517,20094,6,1577,2,7200,1.00380469245
18568,18575,20128,7,1553,2,7200,1.00450740502
18570,18581,20124,11,1543,2,7200,1.00712896954
18663,18669,20358,6,1689,2,7200,1.00355239787
18664,18676,20125,12,1449,2,7200,1.0082815735
18744,18751,20298,7,1547,2,7200,1.00452488688
18913,18920,20497,7,1577,2,7200,1.00443880786
18998,19004,20565,6,1561,2,7200,1.00384368994
19015,19021,20692,6,1671,2,7200,1.00359066427
19057,19063,20751,6,1688,2,7200,1.00355450237
19102,19108,20609,6,1501,2,7200,1.00399733511
19122,19128,20700,6,1572,2,7200,1.00381679389
19196,19202,20793,6,1591,2,7200,1.00377121307
19241,19248,20698,7,1450,2,7200,1.00482758621
19274,19280,20884,6,1604,2,7200,1.00374064838
19303,19309,20881,6,1572,2,7200,1.00381679389
19323,19329,20984,6,1655,2,7200,1.00362537764
19412,19418,20897,6,1479,2,7200,1.00405679513
19429,19435,21212,6,1777,2,7200,1.00337647721
19445,19451,20954,6,1503,2,7200,1.00399201597
19481,19488,21112,7,1624,2,7200,1.00431034483
19505,19511,21115,6,1604,2,7200,1.00374064838
19538,19544,21091,6,1547,2,7200,1.00387847447
19555,19561,21268,6,1707,2,7200,1.00351493849
19581,19587,21075,6,1488,2,7200,1.00403225806
19604,19610,21194,6,1584,2,7200,1.00378787879
19661,19667,21215,6,1548,2,7200,1.00387596899
19677,19683,21242,6,1559,2,7200,1.00384862091
19694,19700,21290,6,1590,2,7200,1.00377358491
19711,19717,21264,6,1547,2,7200,1.00387847447
19728,19734,21285,6,1551,2,7200,1.00386847195
19745,19751,21269,6,1518,2,7200,1.00395256917
19782,19788,21305,6,1517,2,7200,1.00395517469
19865,19871,21374,6,1503,2,7200,1.00399201597
19901,19907,21457,6,1550,2,7200,1.00387096774
19924,19930,21406,6,1476,2,7200,1.00406504065
19975,19981,21510,6,1529,2,7200,1.00392413342
19981,19987,20036,6,49,1,1800,1.12244897959
20090,20096,21600,6,1504,2,7200,1.0039893617
20107,20113,21594,6,1481,2,7200,1.00405131668
20127,20134,21531,7,1397,2,7200,1.00501073729
20129,20142,21641,13,1499,2,7200,1.0086724483
20131,20147,21665,16,1518,2,7200,1.01054018445
20166,20172,21698,6,1526,2,7200,1.00393184797
20213,20219,20341,6,122,1,1800,1.04918032787
20301,20307,22035,6,1728,2,7200,1.00347222222
20345,20351,20433,6,82,1,1800,1.07317073171
20361,20368,21870,7,1502,2,7200,1.00466045273
20500,20506,22091,6,1585,2,7200,1.00378548896
20567,20573,22052,6,1479,2,7200,1.00405679513
20612,20618,22044,6,1426,2,7200,1.00420757363
20661,20667,20786,6,119,1,1800,1.05042016807
20695,20701,22186,6,1485,2,7200,1.00404040404
20712,20718,22267,6,1549,2,7200,1.00387346675
20713,20724,22200,11,1476,2,7200,1.00745257453
20751,20758,22329,7,1571,2,7200,1.00445576066
20796,20802,22468,6,1666,2,7200,1.00360144058
20885,20891,22361,6,1470,2,7200,1.00408163265
20887,20897,22404,10,1507,2,7200,1.00663570007
20903,20910,22435,7,1525,2,7200,1.00459016393
20958,20964,22516,6,1552,2,7200,1.00386597938
20987,20993,22404,6,1411,2,7200,1.00425230333
21075,21081,22615,6,1534,2,7200,1.00391134289
21096,21102,22539,6,1437,2,7200,1.00417536534
21116,21122,22700,6,1578,2,7200,1.00380228137
21117,21129,22697,12,1568,2,7200,1.00765306122
21198,21204,22815,6,1611,2,7200,1.00372439479
21215,21221,22720,6,1499,2,7200,1.00400266845
21231,21237,22612,6,1375,2,7200,1.00436363636
21248,21254,22800,6,1546,2,7200,1.00388098318
21265,21271,22850,6,1579,2,7200,1.00379987334
21282,21288,22940,6,1652,2,7200,1.00363196126
21283,21294,22895,11,1601,2,7200,1.00687070581
21300,21307,22949,7,1642,2,7200,1.00426309379
21302,21313,22902,11,1589,2,7200,1.00692259283
21304,21319,21613,15,294,1,1800,1.05102040816
21318,21325,22769,7,1444,2,7200,1.00484764543
21375,21381,22872,6,1491,2,7200,1.00402414487
21408,21414,22903,6,1489,2,7200,1.00402955003
21458,21465,23039,7,1574,2,7200,1.00444726811
21469,21476,22053,7,577,1,1800,1.01213171577
21512,21519,23024,7,1505,2,7200,1.00465116279
21533,21539,23114,6,1575,2,7200,1.00380952381
21597,21603,23094,6,1491,2,7200,1.00402414487
21614,21619,23164,5,1545,2,7200,1.00323624595
21644,21650,23141,6,1491,2,7200,1.00402414487
21667,21674,23303,7,1629,2,7200,1.00429711479
21703,21709,23162,6,1453,2,7200,1.00412938747
21873,21879,23416,6,1537,2,7200,1.00390370852
22037,22043,23554,6,1511,2,7200,1.00397088021
22054,22060,23491,6,1431,2,7200,1.00419287212
22056,22068,23654,12,1586,2,7200,1.00756620429
22094,22100,23411,6,1311,2,7200,1.00457665904
22189,22195,23739,6,1544,2,7200,1.00388601036
22206,22212,23843,6,1631,2,7200,1.00367872471
22269,22275,23604,6,1329,2,7200,1.00451467269
22331,22337,23798,6,1461,2,7200,1.00410677618
22363,22370,24001,7,1631,2,7200,1.00429184549
22406,22412,23998,6,1586,2,7200,1.00378310214
22407,22419,24110,12,1691,2,7200,1.00709639267
22437,22443,24056,6,1613,2,7200,1.00371977681
22469,22475,24025,6,1550,2,7200,1.00387096774
22520,22526,23988,6,1462,2,7200,1.00410396717
22542,22549,24223,7,1674,2,7200,1.00418160096
22616,22622,24330,6,1708,2,7200,1.00351288056
22617,22629,24020,12,1391,2,7200,1.00862688713
22700,22706,24295,6,1589,2,7200,1.00377595972
22701,22713,24306,12,1593,2,7200,1.00753295669
22722,22728,24173,6,1445,2,7200,1.00415224913
22773,22780,24357,7,1577,2,7200,1.00443880786
22802,22809,24504,7,1695,2,7200,1.00412979351
22819,22825,24387,6,1562,2,7200,1.00384122919
22852,22858,24339,6,1481,2,7200,1.00405131668
22875,22882,24406,7,1524,2,7200,1.00459317585
22898,22904,24321,6,1417,2,7200,1.00423429781
22916,22922,24449,6,1527,2,7200,1.00392927308
22917,22929,24470,12,1541,2,7200,1.0077871512
22943,22949,24499,6,1550,2,7200,1.00387096774
22960,22966,24632,6,1666,2,7200,1.00360144058
23027,23033,24530,6,1497,2,7200,1.00400801603
23044,23050,24635,6,1585,2,7200,1.00378548896
23099,23105,24539,6,1434,2,7200,1.00418410042
23119,23125,24570,6,1445,2,7200,1.00415224913
23144,23150,24805,6,1655,2,7200,1.00362537764
23164,23171,24623,7,1452,2,7200,1.00482093664
23166,23178,24757,12,1579,2,7200,1.00759974668
23305,23311,24938,6,1627,2,7200,1.0036877689
23412,23419,25023,7,1604,2,7200,1.00436408978
23429,23435,25115,6,1680,2,7200,1.00357142857
23492,23498,52174,6,28676,1,86400,1.0002092342
23493,23504,24934,11,1430,2,7200,1.00769230769
23557,23563,25090,6,1527,2,7200,1.00392927308
23587,23593,49884,6,26291,1,86400,1.00022821498
23609,23615,25239,6,1624,2,7200,1.00369458128
23657,23663,25161,6,1498,2,7200,1.00400534045
23743,23749,25203,6,1454,2,7200,1.00412654746
23800,23806,25429,6,1623,2,7200,1.00369685767
23844,23850,25660,6,1810,2,7200,1.00331491713
23964,23971,24023,7,52,1,1800,1.13461538462
23990,23997,25534,7,1537,2,7200,1.00455432661
24008,24014,25468,6,1454,2,7200,1.00412654746
24009,24020,25658,11,1638,2,7200,1.00671550672
24026,24033,25630,7,1597,2,7200,1.00438321853
24028,24039,25386,11,1347,2,7200,1.00816629547
24060,24066,25551,6,1485,2,7200,1.00404040404
24113,24120,25694,7,1574,2,7200,1.00444726811
24174,24180,25714,6,1534,2,7200,1.00391134289
24225,24232,25741,7,1509,2,7200,1.00463883366
24298,24304,25723,6,1419,2,7200,1.00422832981
24315,24321,25987,6,1666,2,7200,1.00360144058
24331,24338,25874,7,1536,2,7200,1.00455729167
24333,24345,25856,12,1511,2,7200,1.00794176042
24350,24356,25837,6,1481,2,7200,1.00405131668
24360,24366,24448,6,82,1,1800,1.07317073171
24366,24373,25831,7,1458,2,7200,1.00480109739
24389,24395,25940,6,1545,2,7200,1.00388349515
24409,24415,26018,6,1603,2,7200,1.00374298191
24451,24458,25993,7,1535,2,7200,1.00456026059
24471,24477,26076,6,1599,2,7200,1.00375234522
24501,24507,26054,6,1547,2,7200,1.00387847447
24518,24524,26065,6,1541,2,7200,1.0038935756
24535,24541,26108,6,1567,2,7200,1.00382897256
24551,24557,26115,6,1558,2,7200,1.00385109114
24571,24578,26057,7,1479,2,7200,1.00473292765
24627,24633,26088,6,1455,2,7200,1.00412371134
24643,24650,26150,7,1500,2,7200,1.00466666667
24645,24656,26243,11,1587,2,7200,1.00693131695
24760,24766,26350,6,1584,2,7200,1.00378787879
24808,24814,26567,6,1753,2,7200,1.00342270394
24938,24944,26407,6,1463,2,7200,1.004101162
24955,24961,26480,6,1519,2,7200,1.00394996708
25025,25032,26631,7,1599,2,7200,1.00437773609
25092,25098,26670,6,1572,2,7200,1.00381679389
25118,25125,26651,7,1526,2,7200,1.00458715596
25163,25169,26603,6,1434,2,7200,1.00418410042
25206,25212,26688,6,1476,2,7200,1.00406504065
25242,25248,26725,6,1477,2,7200,1.00406228842
25388,25394,26958,6,1564,2,7200,1.00383631714
25410,25416,46674,6,21258,1,86400,1.00028224668
25433,25439,26987,6,1548,2,7200,1.00387596899
25472,25478,27586,6,2108,2,7200,1.00284629981
25492,25499,25791,7,292,1,1800,1.02397260274
25534,25540,27139,6,1599,2,7200,1.00375234522
25554,25560,27494,6,1934,2,7200,1.00310237849
25633,25639,27146,6,1507,2,7200,1.00398142004
25660,25666,27308,6,1642,2,7200,1.00365408039
25662,25673,27247,11,1574,2,7200,1.00698856417
25697,25703,27285,6,1582,2,7200,1.00379266751
25717,25723,27234,6,1511,2,7200,1.00397088021
25734,25740,27187,6,1447,2,7200,1.00414651002
25751,25757,27348,6,1591,2,7200,1.00377121307
25834,25840,27306,6,1466,2,7200,1.00409276944
25851,25857,27404,6,1547,2,7200,1.00387847447
25868,25874,27446,6,1572,2,7200,1.00381679389
25885,25891,27422,6,1531,2,7200,1.00391900718
25942,25949,27423,7,1474,2,7200,1.00474898236
25991,25997,27685,6,1688,2,7200,1.00355450237
26007,26013,27599,6,1586,2,7200,1.00378310214
26024,26030,27615,6,1585,2,7200,1.00378548896
26056,26062,27599,6,1537,2,7200,1.00390370852
26073,26079,27572,6,1493,2,7200,1.00401875419
26075,26086,27605,11,1519,2,7200,1.00724160632
26092,26098,27631,6,1533,2,7200,1.00391389432
26093,26107,27593,14,1486,2,7200,1.00942126514
26110,26116,27597,6,1481,2,7200,1.00405131668
26127,26133,27670,6,1537,2,7200,1.00390370852
26153,26159,27568,6,1409,2,7200,1.00425833925
26248,26254,27975,6,1721,2,7200,1.00348634515
26356,26362,27817,6,1455,2,7200,1.00412371134
26410,26416,27958,6,1542,2,7200,1.00389105058
26484,26490,28159,6,1669,2,7200,1.00359496705
26571,26577,28204,6,1627,2,7200,1.0036877689
26607,26613,28108,6,1495,2,7200,1.00401337793
26634,26640,28236,6,1596,2,7200,1.0037593985
26654,26661,28637,7,1976,2,7200,1.00354251012
26675,26681,28219,6,1538,2,7200,1.00390117035
26692,26698,28252,6,1554,2,7200,1.00386100386
26727,26734,28329,7,1595,2,7200,1.00438871473
26960,26967,28383,7,1416,2,7200,1.00494350282
26990,26996,28499,6,1503,2,7200,1.00399201597
27137,27143,28616,6,1473,2,7200,1.00407331976
27154,27160,28816,6,1656,2,7200,1.00362318841
27189,27195,28684,6,1489,2,7200,1.00402955003
27237,27243,28904,6,1661,2,7200,1.00361228176
27254,27260,28817,6,1557,2,7200,1.00385356455
27287,27293,28950,6,1657,2,7200,1.00362100181
27311,27317,28877,6,1560,2,7200,1.00384615385
27312,27323,28859,11,1536,2,7200,1.00716145833
27351,27357,28922,6,1565,2,7200,1.00383386581
27408,27414,28948,6,1534,2,7200,1.00391134289
27425,27431,28943,6,1512,2,7200,1.00396825397
27427,27438,29078,11,1640,2,7200,1.00670731707
27450,27456,28994,6,1538,2,7200,1.00390117035
27497,27503,29206,6,1703,2,7200,1.00352319436
27570,27576,29107,6,1531,2,7200,1.00391900718
27588,27594,29150,6,1556,2,7200,1.00385604113
27589,27601,29076,12,1475,2,7200,1.00813559322
27608,27614,29056,6,1442,2,7200,1.00416088766
27609,27620,29201,11,1581,2,7200,1.00695762176
27611,27626,29171,15,1545,2,7200,1.00970873786
27617,27632,29271,15,1639,2,7200,1.0091519219
27624,27638,28999,14,1361,2,7200,1.010286554
27642,27648,29285,6,1637,2,7200,1.0036652413
27644,27654,29145,10,1491,2,7200,1.00670690812
27673,27679,29303,6,1624,2,7200,1.00369458128
27690,27696,29505,6,1809,2,7200,1.00331674959
27819,27826,29369,7,1543,2,7200,1.00453661698
27961,27968,29428,7,1460,2,7200,1.00479452055
27978,27984,29573,6,1589,2,7200,1.00377595972
28109,28115,29679,6,1564,2,7200,1.00383631714
28163,28169,29649,6,1480,2,7200,1.00405405405
28206,28212,29822,6,1610,2,7200,1.00372670807
28223,28229,29731,6,1502,2,7200,1.00399467377
28240,28246,29872,6,1626,2,7200,1.0036900369
28257,28263,29779,6,1516,2,7200,1.00395778364
28259,28269,49293,10,21024,1,86400,1.00047564688
28333,28339,29877,6,1538,2,7200,1.00390117035
28388,28394,29895,6,1501,2,7200,1.00399733511
28501,28507,29946,6,1439,2,7200,1.0041695622
28617,28623,30069,6,1446,2,7200,1.00414937759
28638,28644,30138,6,1494,2,7200,1.00401606426
28686,28692,30359,6,1667,2,7200,1.00359928014
28818,28825,30314,7,1489,2,7200,1.00470114171
28820,28832,30410,12,1578,2,7200,1.00760456274
28861,28868,30578,7,1710,2,7200,1.00409356725
28882,28888,30431,6,1543,2,7200,1.00388852884
28909,28916,30626,7,1710,2,7200,1.00409356725
28925,28931,30472,6,1541,2,7200,1.0038935756
28936,28942,51759,6,22817,1,86400,1.00026296183
28945,28951,30546,6,1595,2,7200,1.00376175549
28962,28968,30539,6,1571,2,7200,1.00381922342
28964,28975,30863,11,1888,2,7200,1.00582627119
28996,29002,30604,6,1602,2,7200,1.00374531835
29013,29019,30593,6,1574,2,7200,1.00381194409
29058,29065,30719,7,1654,2,7200,1.00423216445
29078,29084,30455,6,1371,2,7200,1.00437636761
29080,29091,30728,11,1637,2,7200,1.00671960904
29109,29115,30606,6,1491,2,7200,1.00402414487
29148,29154,30694,6,1540,2,7200,1.0038961039
29165,29171,30609,6,1438,2,7200,1.00417246175
29182,29188,30902,6,1714,2,7200,1.00350058343
29205,29211,30757,6,1546,2,7200,1.00388098318
29207,29217,30840,10,1623,2,7200,1.00616142945
29275,29281,30873,6,1592,2,7200,1.00376884422
29292,29298,30887,6,1589,2,7200,1.00377595972
29309,29315,30826,6,1511,2,7200,1.00397088021
29372,29378,30867,6,1489,2,7200,1.00402955003
29431,29437,30969,6,1532,2,7200,1.00391644909
29508,29514,31009,6,1495,2,7200,1.00401337793
29574,29580,31189,6,1609,2,7200,1.00372902424
29651,29657,31242,6,1585,2,7200,1.00378548896
29683,29689,31225,6,1536,2,7200,1.00390625
29734,29741,31326,7,1585,2,7200,1.00441640379
29784,29790,31330,6,1540,2,7200,1.0038961039
29835,29842,31342,7,1500,2,7200,1.00466666667
29874,29880,31447,6,1567,2,7200,1.00382897256
29892,29898,31389,6,1491,2,7200,1.00402414487
29909,29915,31325,6,1410,2,7200,1.00425531915
29947,29954,31525,7,1571,2,7200,1.00445576066
30070,30076,31601,6,1525,2,7200,1.00393442623
30142,30148,31659,6,1511,2,7200,1.00397088021
30316,30322,31814,6,1492,2,7200,1.00402144772
30361,30367,31875,6,1508,2,7200,1.00397877984
30415,30422,31909,7,1487,2,7200,1.00470746469
30436,30443,31796,7,1353,2,7200,1.0051736881
30459,30465,31995,6,1530,2,7200,1.00392156863
30476,30482,32130,6,1648,2,7200,1.0036407767
30541,30547,32214,6,1667,2,7200,1.00359928014
30559,30565,32037,6,1472,2,7200,1.00407608696
30582,30589,32045,7,1456,2,7200,1.00480769231
30599,30605,32189,6,1584,2,7200,1.00378787879
30616,30623,32198,7,1575,2,7200,1.00444444444
30618,30629,32074,11,1445,2,7200,1.00761245675
30619,30635,32190,16,1555,2,7200,1.01028938907
30636,30642,32180,6,1538,2,7200,1.00390117035
30696,30702,32244,6,1542,2,7200,1.00389105058
30722,30728,32416,6,1688,2,7200,1.00355450237
30738,30744,32447,6,1703,2,7200,1.00352319436
30758,30764,32347,6,1583,2,7200,1.00379027164
30828,30834,32258,6,1424,2,7200,1.00421348315
30845,30851,32436,6,1585,2,7200,1.00378548896
30866,30872,32366,6,1494,2,7200,1.00401606426
30884,30890,32321,6,1431,2,7200,1.00419287212
30885,30897,32401,12,1504,2,7200,1.0079787234
30902,30908,32549,6,1641,2,7200,1.00365630713
30904,30914,32456,10,1542,2,7200,1.00648508431
30971,30977,32424,6,1447,2,7200,1.00414651002
31012,31018,32493,6,1475,2,7200,1.00406779661
31192,31198,32715,6,1517,2,7200,1.00395517469
31227,31233,32737,6,1504,2,7200,1.0039893617
31244,31251,33041,7,1790,2,7200,1.00391061453
31326,31332,32915,6,1583,2,7200,1.00379027164
31327,31339,32951,12,1612,2,7200,1.00744416873
31345,31351,32814,6,1463,2,7200,1.004101162
31347,31357,32974,10,1617,2,7200,1.0061842919
31392,31398,32856,6,1458,2,7200,1.00411522634
31449,31455,32900,6,1445,2,7200,1.00415224913
31527,31533,33111,6,1578,2,7200,1.00380228137
31604,31610,32997,6,1387,2,7200,1.0043258832
31661,31668,33072,7,1404,2,7200,1.00498575499
31800,31806,33397,6,1591,2,7200,1.00377121307
31817,31823,33356,6,1533,2,7200,1.00391389432
31880,31886,33306,6,1420,2,7200,1.00422535211
31910,31916,33378,6,1462,2,7200,1.00410396717
31999,32005,33669,6,1664,2,7200,1.00360576923
32040,32046,33526,6,1480,2,7200,1.00405405405
32057,32063,33610,6,1547,2,7200,1.00387847447
32078,32084,33662,6,1578,2,7200,1.00380228137
32131,32137,33716,6,1579,2,7200,1.00379987334
32183,32189,33700,6,1511,2,7200,1.00397088021
32200,32207,33623,7,1416,2,7200,1.00494350282
32202,32213,33797,11,1584,2,7200,1.00694444444
32203,32218,33713,15,1495,2,7200,1.01003344482
32220,32227,34103,7,1876,2,7200,1.00373134328
32248,32255,33742,7,1487,2,7200,1.00470746469
32265,32271,33751,6,1480,2,7200,1.00405405405
32323,32330,33971,7,1641,2,7200,1.00426569165
32350,32356,33728,6,1372,2,7200,1.00437317784
32370,32376,33911,6,1535,2,7200,1.00390879479
32405,32412,34025,7,1613,2,7200,1.00433973962
32423,32429,33976,6,1547,2,7200,1.00387847447
32424,32435,33928,11,1493,2,7200,1.00736771601
32442,32448,33928,6,1480,2,7200,1.00405405405
32459,32465,33886,6,1421,2,7200,1.00422237861
32460,32471,33977,11,1506,2,7200,1.00730411687
32496,32502,33989,6,1487,2,7200,1.00403496974
32554,32560,34110,6,1550,2,7200,1.00387096774
32716,32722,34325,6,1603,2,7200,1.00374298191
32740,32746,34280,6,1534,2,7200,1.00391134289
32815,32821,34582,6,1761,2,7200,1.00340715503
32860,32866,34700,6,1834,2,7200,1.00327153762
32904,32910,34232,6,1322,2,7200,1.00453857791
32921,32927,34499,6,1572,2,7200,1.00381679389
32953,32959,34541,6,1582,2,7200,1.00379266751
32977,32983,34527,6,1544,2,7200,1.00388601036
33000,33006,34519,6,1513,2,7200,1.0039656312
33039,33045,34653,6,1608,2,7200,1.00373134328
33075,33081,34654,6,1573,2,7200,1.00381436745
33117,33123,34678,6,1555,2,7200,1.0038585209
33308,33314,34925,6,1611,2,7200,1.00372439479
33360,33366,35007,6,1641,2,7200,1.00365630713
33379,33385,34908,6,1523,2,7200,1.00393959291
33399,33405,34990,6,1585,2,7200,1.00378548896
33530,33536,35073,6,1537,2,7200,1.00390370852
33613,33619,35162,6,1543,2,7200,1.00388852884
33629,33635,35123,6,1488,2,7200,1.00403225806
33665,33671,35109,6,1438,2,7200,1.00417246175
33682,33688,35260,6,1572,2,7200,1.00381679389
33702,33709,35210,7,1501,2,7200,1.00466355763
33720,33728,35238,8,1510,2,7200,1.00529801325
33722,33734,35360,12,1626,2,7200,1.0073800738
33739,33745,35224,6,1479,2,7200,1.00405679513
33757,33762,35204,5,1442,2,7200,1.00346740638
33758,33769,35344,11,1575,2,7200,1.00698412698
33800,33806,35276,6,1470,2,7200,1.00408163265
33889,33895,35424,6,1529,2,7200,1.00392413342
33912,33918,35458,6,1540,2,7200,1.0038961039
33932,33938,35486,6,1548,2,7200,1.00387596899
33934,33944,35540,10,1596,2,7200,1.00626566416
33975,33981,35502,6,1521,2,7200,1.00394477318
33992,33998,35483,6,1485,2,7200,1.00404040404
33994,34005,35456,11,1451,2,7200,1.00758097864
33995,34011,35536,16,1525,2,7200,1.01049180328
34029,34035,35576,6,1541,2,7200,1.0038935756
34107,34113,35758,6,1645,2,7200,1.00364741641
34124,34130,35634,6,1504,2,7200,1.0039893617
34234,34240,36014,6,1774,2,7200,1.00338218715
34283,34289,35741,6,1452,2,7200,1.0041322314
34329,34335,35926,6,1591,2,7200,1.00377121307
34502,34509,35952,7,1443,2,7200,1.00485100485
34522,34528,36062,6,1534,2,7200,1.00391134289
34538,34545,36290,7,1745,2,7200,1.00401146132
34556,34562,36134,6,1572,2,7200,1.00381679389
34585,34591,36013,6,1422,2,7200,1.00421940928
34656,34662,36255,6,1593,2,7200,1.00376647834
34658,34669,36175,11,1506,2,7200,1.00730411687
34681,34687,36255,6,1568,2,7200,1.00382653061
34704,34711,36193,7,1482,2,7200,1.00472334683
34911,34917,36714,6,1797,2,7200,1.00333889816
34928,34934,36409,6,1475,2,7200,1.00406779661
34993,34999,36578,6,1579,2,7200,1.00379987334
35010,35016,36525,6,1509,2,7200,1.00397614314
35077,35083,36565,6,1482,2,7200,1.004048583
35112,35118,36542,6,1424,2,7200,1.00421348315
35129,35134,36592,5,1458,2,7200,1.00342935528
35161,35167,36609,6,1442,2,7200,1.00416088766
35206,35212,36866,6,1654,2,7200,1.00362756953
35223,35230,36767,7,1537,2,7200,1.00455432661
35225,35236,36600,11,1364,2,7200,1.00806451613
35242,35248,36839,6,1591,2,7200,1.00377121307
35263,35269,36867,6,1598,2,7200,1.00375469337
35280,35286,36814,6,1528,2,7200,1.00392670157
35348,35353,36999,5,1646,2,7200,1.00303766707
35364,35370,36904,6,1534,2,7200,1.00391134289
35426,35432,37010,6,1578,2,7200,1.00380228137
35458,35464,37018,6,1554,2,7200,1.00386100386
35460,35471,36940,11,1469,2,7200,1.00748808713
35486,35492,36946,6,1454,2,7200,1.00412654746
35488,35499,36891,11,1392,2,7200,1.00790229885
35505,35511,36956,6,1445,2,7200,1.00415224913
35538,35545,37164,7,1619,2,7200,1.00432365658
35540,35552,37135,12,1583,2,7200,1.00758054327
35578,35584,37107,6,1523,2,7200,1.00393959291
35638,35645,36980,7,1335,2,7200,1.00524344569
35744,35750,37290,6,1540,2,7200,1.0038961039
35762,35768,37239,6,1471,2,7200,1.00407885792
35928,35934,37567,6,1633,2,7200,1.00367421923
35954,35960,37477,6,1517,2,7200,1.00395517469
36014,36021,37673,7,1652,2,7200,1.00423728814
36016,36028,37554,12,1526,2,7200,1.00786369594
36067,36074,37650,7,1576,2,7200,1.00444162437
36137,36143,37739,6,1596,2,7200,1.0037593985
36179,36185,37671,6,1486,2,7200,1.00403768506
36196,36203,37677,7,1474,2,7200,1.00474898236
36258,36264,37713,6,1449,2,7200,1.00414078675
36259,36271,37770,12,1499,2,7200,1.00800533689
36292,36298,37957,6,1659,2,7200,1.00361663653
36411,36417,38047,6,1630,2,7200,1.0036809816
36528,36534,38082,6,1548,2,7200,1.00387596899
36544,36550,38083,6,1533,2,7200,1.00391389432
36568,36574,38014,6,1440,2,7200,1.00416666667
36585,36591,38078,6,1487,2,7200,1.00403496974
36601,36607,38169,6,1562,2,7200,1.00384122919
36603,36613,38195,10,1582,2,7200,1.00632111252
36620,36626,38249,6,1623,2,7200,1.00369685767
36717,36723,38197,6,1474,2,7200,1.00407055631
36771,36777,38339,6,1562,2,7200,1.00384122919
36815,36821,38392,6,1571,2,7200,1.00381922342
36841,36848,38430,7,1582,2,7200,1.00442477876
36868,36874,38351,6,1477,2,7200,1.00406228842
36870,36881,38466,11,1585,2,7200,1.00694006309
36893,36899,38437,6,1538,2,7200,1.00390117035
36911,36917,38398,6,1481,2,7200,1.00405131668
36943,36949,38467,6,1518,2,7200,1.00395256917
36960,36966,38456,6,1490,2,7200,1.00402684564
36962,36972,38587,10,1615,2,7200,1.00619195046
36981,36987,38566,6,1579,2,7200,1.00379987334
37001,37007,38527,6,1520,2,7200,1.00394736842
37019,37025,38640,6,1615,2,7200,1.00371517028
37020,37032,38635,12,1603,2,7200,1.00748596382
37112,37118,38469,6,1351,2,7200,1.0044411547
37138,37144,38677,6,1533,2,7200,1.00391389432
37168,37174,38741,6,1567,2,7200,1.00382897256
37241,37247,38827,6,1580,2,7200,1.00379746835
37293,37299,38872,6,1573,2,7200,1.00381436745
37478,37485,38942,7,1457,2,7200,1.00480439259
37558,37564,38916,6,1352,2,7200,1.00443786982
37575,37582,39199,7,1617,2,7200,1.00432900433
37601,38483,189707,882,151224,36,151200,1.00583240755
37652,37658,39150,6,1492,2,7200,1.00402144772
37675,37681,39197,6,1516,2,7200,1.00395778364
37676,37688,39381,12,1693,2,7200,1.00708800945
37693,37699,39243,6,1544,2,7200,1.00388601036
37716,37722,39185,6,1463,2,7200,1.004101162
37743,37749,39376,6,1627,2,7200,1.0036877689
37773,37779,39215,6,1436,2,7200,1.00417827298
37855,125415,125423,87560,8,64,180,8756.8
37960,37967,39506,7,1539,2,7200,1.00454840806
38018,38025,39604,7,1579,2,7200,1.00443318556
38051,38057,39430,6,1373,2,7200,1.00436999272
38081,38088,39571,7,1483,2,7200,1.00472016183
38083,38095,39831,12,1736,2,7200,1.0069124424
38084,38100,39521,16,1421,2,7200,1.01125967628
38171,38177,39661,6,1484,2,7200,1.00404312668
38198,38204,39716,6,1512,2,7200,1.00396825397
38199,38212,40070,13,1858,2,7200,1.00699677072
38253,38259,39764,6,1505,2,7200,1.00398671096
38341,38347,39870,6,1523,2,7200,1.00393959291
38358,38364,39883,6,1519,2,7200,1.00394996708
38397,38403,39950,6,1547,2,7200,1.00387847447
38414,38420,39985,6,1565,2,7200,1.00383386581
38435,38441,39860,6,1419,2,7200,1.00422832981
38451,38458,39999,7,1541,2,7200,1.00454250487
38469,38475,40041,6,1566,2,7200,1.00383141762
38470,38488,40110,18,1622,2,7200,1.0110974106
38472,38493,39786,21,1293,2,7200,1.0162412993
38483,38499,40092,16,1593,2,7200,1.01004394225
38529,38535,40267,6,1732,2,7200,1.00346420323
38568,38574,40139,6,1565,2,7200,1.00383386581
38588,38594,40160,6,1566,2,7200,1.00383141762
38637,38643,40181,6,1538,2,7200,1.00390117035
38654,38660,40211,6,1551,2,7200,1.00386847195
38680,38686,40172,6,1486,2,7200,1.00403768506
38745,38751,40402,6,1651,2,7200,1.00363416111
38832,38839,40357,7,1518,2,7200,1.0046113307
38874,38880,40550,6,1670,2,7200,1.00359281437
38919,38925,40372,6,1447,2,7200,1.00414651002
38946,38952,40627,6,1675,2,7200,1.00358208955
39153,39159,40716,6,1557,2,7200,1.00385356455
39190,39197,40622,7,1425,2,7200,1.0049122807
39206,39213,40689,7,1476,2,7200,1.00474254743
39208,39220,40794,12,1574,2,7200,1.00762388818
39225,39231,40679,6,1448,2,7200,1.00414364641
39245,39251,40883,6,1632,2,7200,1.00367647059
39381,39387,41005,6,1618,2,7200,1.00370828183
39382,39393,40876,11,1483,2,7200,1.00741739717
39434,39440,41025,6,1585,2,7200,1.00378548896
39507,39513,41096,6,1583,2,7200,1.00379027164
39524,39530,41024,6,1494,2,7200,1.00401606426
39575,39582,41091,7,1509,2,7200,1.00463883366
39606,39612,41028,6,1416,2,7200,1.00423728814
39665,39671,41214,6,1543,2,7200,1.00388852884
39719,39725,41133,6,1408,2,7200,1.00426136364
39767,39773,41351,6,1578,2,7200,1.00380228137
39789,39796,41314,7,1518,2,7200,1.0046113307
39835,39841,41322,6,1481,2,7200,1.00405131668
39865,39872,41530,7,1658,2,7200,1.00422195416
39882,39889,41367,7,1478,2,7200,1.00473612991
39884,39895,41488,11,1593,2,7200,1.0069052103
39955,39962,41544,7,1582,2,7200,1.00442477876
39988,39994,42063,6,2069,2,7200,1.00289995167
40006,40011,41599,5,1588,2,7200,1.00314861461
40045,40051,41624,6,1573,2,7200,1.00381436745
40074,40081,41761,7,1680,2,7200,1.00416666667
40095,40101,41646,6,1545,2,7200,1.00388349515
40112,40118,41623,6,1505,2,7200,1.00398671096
40142,40148,41657,6,1509,2,7200,1.00397614314
40162,40169,41636,7,1467,2,7200,1.00477164281
40180,40186,41722,6,1536,2,7200,1.00390625
40181,40192,41602,11,1410,2,7200,1.00780141844
40214,40220,41712,6,1492,2,7200,1.00402144772
40271,40278,41786,7,1508,2,7200,1.00464190981
40360,40366,41879,6,1513,2,7200,1.0039656312
40378,40384,41933,6,1549,2,7200,1.00387346675
40405,40411,41859,6,1448,2,7200,1.00414364641
40553,40559,41984,6,1425,2,7200,1.00421052632
40626,40632,42175,6,1543,2,7200,1.00388852884
40642,40648,42250,6,1602,2,7200,1.00374531835
40680,40686,42171,6,1485,2,7200,1.00404040404
40697,40704,42184,7,1480,2,7200,1.00472972973
40717,40724,42355,7,1631,2,7200,1.00429184549
40797,40803,42279,6,1476,2,7200,1.00406504065
40879,40885,42433,6,1548,2,7200,1.00387596899
40896,40902,42341,6,1439,2,7200,1.0041695622
41009,41015,42474,6,1459,2,7200,1.00411240576
41026,41032,42459,6,1427,2,7200,1.00420462509
41027,41039,42760,12,1721,2,7200,1.0069726903
41044,41050,42493,6,1443,2,7200,1.00415800416
41096,41102,42642,6,1540,2,7200,1.0038961039
41097,41109,42680,12,1571,2,7200,1.00763844685
41136,41143,42728,7,1585,2,7200,1.00441640379
41216,41222,42744,6,1522,2,7200,1.00394218134
41317,41323,42986,6,1663,2,7200,1.00360793746
41334,41341,42835,7,1494,2,7200,1.0046854083
41354,41360,42897,6,1537,2,7200,1.00390370852
41371,41377,42947,6,1570,2,7200,1.00382165605
41491,41497,43087,6,1590,2,7200,1.00377358491
41533,41539,43057,6,1518,2,7200,1.00395256917
41550,41556,43039,6,1483,2,7200,1.004045853
41602,41608,43238,6,1630,2,7200,1.0036809816
41603,41616,43301,13,1685,2,7200,1.00771513353
41627,41633,43214,6,1581,2,7200,1.00379506641
41629,41640,43286,11,1646,2,7200,1.00668286756
41646,41652,43239,6,1587,2,7200,1.00378071834
41647,41658,43182,11,1524,2,7200,1.00721784777
41664,41671,43222,7,1551,2,7200,1.00451321728
41715,41722,43405,7,1683,2,7200,1.00415923945
41733,41739,43332,6,1593,2,7200,1.00376647834
41766,41772,43224,6,1452,2,7200,1.0041322314
41789,41795,43370,6,1575,2,7200,1.00380952381
41860,41866,43381,6,1515,2,7200,1.00396039604
41882,41888,43433,6,1545,2,7200,1.00388349515
41936,41942,43527,6,1585,2,7200,1.00378548896
41986,41992,43451,6,1459,2,7200,1.00411240576
42068,42075,43545,7,1470,2,7200,1.00476190476
42175,42182,43698,7,1516,2,7200,1.00461741425
42177,42188,43644,11,1456,2,7200,1.00755494505
42193,42200,43666,7,1466,2,7200,1.00477489768
42252,42258,43642,6,1384,2,7200,1.00433526012
42281,42287,43901,6,1614,2,7200,1.00371747212
42343,42349,43881,6,1532,2,7200,1.00391644909
42360,42366,43963,6,1597,2,7200,1.00375704446
42434,42442,44109,8,1667,2,7200,1.00479904019
42460,42467,44072,7,1605,2,7200,1.00436137072
42477,42483,44035,6,1552,2,7200,1.00386597938
42498,42504,44022,6,1518,2,7200,1.00395256917
42645,42651,44108,6,1457,2,7200,1.00411805079
42684,42690,44263,6,1573,2,7200,1.00381436745
42739,42745,44248,6,1503,2,7200,1.00399201597
42756,42762,44377,6,1615,2,7200,1.00371517028
42773,42779,44387,6,1608,2,7200,1.00373134328
42838,42845,44323,7,1478,2,7200,1.00473612991
42898,42904,44437,6,1533,2,7200,1.00391389432
42949,42955,44558,6,1603,2,7200,1.00374298191
42988,42995,44512,7,1517,2,7200,1.00461437047
43044,43050,44612,6,1562,2,7200,1.00384122919
43061,43068,44652,7,1584,2,7200,1.00441919192
43088,43095,44663,7,1568,2,7200,1.00446428571
43184,43190,44969,6,1779,2,7200,1.00337268128
43217,43224,44746,7,1522,2,7200,1.00459921156
43235,43241,44841,6,1600,2,7200,1.00375
43236,43248,44762,12,1514,2,7200,1.00792602378
43253,43259,44910,6,1651,2,7200,1.00363416111
43254,43265,44866,11,1601,2,7200,1.00687070581
43288,43294,44919,6,1625,2,7200,1.00369230769
43305,43311,44843,6,1532,2,7200,1.00391644909
43336,43342,44846,6,1504,2,7200,1.0039893617
43374,43381,44902,7,1521,2,7200,1.00460223537
43392,43398,44795,6,1397,2,7200,1.00429491768
43410,43417,44996,7,1579,2,7200,1.00443318556
43437,43443,44915,6,1472,2,7200,1.00407608696
43453,43459,44919,6,1460,2,7200,1.00410958904
43528,43535,45270,7,1735,2,7200,1.00403458213
43549,43555,44929,6,1374,2,7200,1.00436681223
43644,43650,45080,6,1430,2,7200,1.0041958042
43645,43657,45206,12,1549,2,7200,1.00774693351
43669,43675,45162,6,1487,2,7200,1.00403496974
43701,43707,45252,6,1545,2,7200,1.00388349515
43884,43890,45504,6,1614,2,7200,1.00371747212
43904,43910,45401,6,1491,2,7200,1.00402414487
43964,43971,45613,7,1642,2,7200,1.00426309379
44029,44035,45579,6,1544,2,7200,1.00388601036
44029,242692,431960,198663,189268,18,288000,2.04963860769
44047,44053,45437,6,1384,2,7200,1.00433526012
44076,44082,45678,6,1596,2,7200,1.0037593985
44113,44119,45640,6,1521,2,7200,1.00394477318
44114,44125,45716,11,1591,2,7200,1.00691389063
44251,44257,45889,6,1632,2,7200,1.00367647059
44267,44273,45814,6,1541,2,7200,1.0038935756
44325,44331,45928,6,1597,2,7200,1.00375704446
44381,44387,45900,6,1513,2,7200,1.0039656312
44398,44404,45976,6,1572,2,7200,1.00381679389
44440,44446,45802,6,1356,2,7200,1.00442477876
44513,44519,46010,6,1491,2,7200,1.00402414487
44561,44567,46095,6,1528,2,7200,1.00392670157
44615,44621,46195,6,1574,2,7200,1.00381194409
44655,44661,46057,6,1396,2,7200,1.00429799427
44672,44678,46239,6,1561,2,7200,1.00384368994
44749,44755,46288,6,1533,2,7200,1.00391389432
44766,44772,46413,6,1641,2,7200,1.00365630713
44798,44804,46354,6,1550,2,7200,1.00387096774
44844,44850,46437,6,1587,2,7200,1.00378071834
44846,44856,46371,10,1515,2,7200,1.00660066007
44863,44870,46456,7,1586,2,7200,1.00441361917
44881,44887,46431,6,1544,2,7200,1.00388601036
44905,44911,46517,6,1606,2,7200,1.00373599004
44923,44929,46590,6,1661,2,7200,1.00361228176
44924,44935,46528,11,1593,2,7200,1.0069052103
44926,44941,46480,15,1539,2,7200,1.00974658869
44932,44947,46537,15,1590,2,7200,1.00943396226
44949,44955,46520,6,1565,2,7200,1.00383386581
44972,44978,46486,6,1508,2,7200,1.00397877984
45001,45007,46621,6,1614,2,7200,1.00371747212
45083,45089,46748,6,1659,2,7200,1.00361663653
45165,45171,46822,6,1651,2,7200,1.00363416111
45210,45216,46789,6,1573,2,7200,1.00381436745
45255,45261,46713,6,1452,2,7200,1.0041322314
45272,45278,46756,6,1478,2,7200,1.00405953992
45405,45411,46979,6,1568,2,7200,1.00382653061
45440,45447,46822,7,1375,2,7200,1.00509090909
45465,45471,69679,6,24208,1,86400,1.00024785195
45508,45514,47120,6,1606,2,7200,1.00373599004
45582,45588,47139,6,1551,2,7200,1.00386847195
45612,45618,47179,6,1561,2,7200,1.00384368994
45642,45648,47181,6,1533,2,7200,1.00391389432
45680,45686,47599,6,1913,2,7200,1.00313643492
45719,45725,47281,6,1556,2,7200,1.00385604113
45805,45812,47203,7,1391,2,7200,1.00503235083
45822,45829,47375,7,1546,2,7200,1.00452781371
45893,45899,47456,6,1557,2,7200,1.00385356455
45909,45916,47504,7,1588,2,7200,1.00440806045
45932,45938,47506,6,1568,2,7200,1.00382653061
45980,45986,47480,6,1494,2,7200,1.00401606426
46013,46019,47540,6,1521,2,7200,1.00394477318
46058,46064,47608,6,1544,2,7200,1.00388601036
46097,46103,47736,6,1633,2,7200,1.00367421923
46200,46206,47795,6,1589,2,7200,1.00377595972
46241,46247,47779,6,1532,2,7200,1.00391644909
46292,46298,47896,6,1598,2,7200,1.00375469337
46357,46363,47909,6,1546,2,7200,1.00388098318
46374,46380,47992,6,1612,2,7200,1.00372208437
46416,46422,47991,6,1569,2,7200,1.00382409178
46436,46442,47994,6,1552,2,7200,1.00386597938
46453,46459,48069,6,1610,2,7200,1.00372670807
46470,46476,48057,6,1581,2,7200,1.00379506641
46486,46493,48032,7,1539,2,7200,1.00454840806
46488,46500,47946,12,1446,2,7200,1.00829875519
46522,46528,48137,6,1609,2,7200,1.00372902424
46524,46534,48127,10,1593,2,7200,1.0062774639
46542,46548,47929,6,1381,2,7200,1.00434467777
46543,46554,48060,11,1506,2,7200,1.00730411687
46592,46599,48090,7,1491,2,7200,1.00469483568
46626,46632,48138,6,1506,2,7200,1.00398406375
46716,46722,48292,6,1570,2,7200,1.00382165605
46753,46760,48222,7,1462,2,7200,1.0047879617
46770,46776,48330,6,1554,2,7200,1.00386100386
46793,46799,48284,6,1485,2,7200,1.00404040404
46824,46830,48381,6,1551,2,7200,1.00386847195
46826,46837,48335,11,1498,2,7200,1.00734312417
46983,46989,48603,6,1614,2,7200,1.00371747212
47122,47129,48775,7,1646,2,7200,1.0042527339
47143,47149,48785,6,1636,2,7200,1.00366748166
47183,47189,48782,6,1593,2,7200,1.00376647834
47184,47196,48938,12,1742,2,7200,1.00688863375
47205,47211,48915,6,1704,2,7200,1.00352112676
47285,47291,49201,6,1910,2,7200,1.00314136126
47378,47384,48963,6,1579,2,7200,1.00379987334
47458,47465,48969,7,1504,2,7200,1.00465425532
47481,47487,49184,6,1697,2,7200,1.00353565115
47507,47514,49005,7,1491,2,7200,1.00469483568
47509,47521,49058,12,1537,2,7200,1.00780741705
47541,47548,48980,7,1432,2,7200,1.00488826816
47601,47607,49104,6,1497,2,7200,1.00400801603
47618,47624,49218,6,1594,2,7200,1.00376411543
47739,47745,49358,6,1613,2,7200,1.00371977681
47780,47787,49285,7,1498,2,7200,1.0046728972
47797,47803,49375,6,1572,2,7200,1.00381679389
47900,47906,49529,6,1623,2,7200,1.00369685767
47917,47923,49395,6,1472,2,7200,1.00407608696
47934,47940,49398,6,1458,2,7200,1.00411522634
47936,47947,47949,11,2,1,86400,1.3
47951,47957,49531,6,1574,2,7200,1.00381194409
47994,48000,49498,6,1498,2,7200,1.00400534045
47996,48007,49599,11,1592,2,7200,1.00690954774
47997,48012,49753,15,1741,2,7200,1.00861573808
48033,48039,49595,6,1556,2,7200,1.00385604113
48060,48066,49591,6,1525,2,7200,1.00393442623
48078,48084,49552,6,1468,2,7200,1.00408719346
48079,48090,49786,11,1696,2,7200,1.00648584906
48097,48104,49705,7,1601,2,7200,1.00437226733
48130,48136,49714,6,1578,2,7200,1.00380228137
48147,48154,49770,7,1616,2,7200,1.00433168317
48149,48160,49674,11,1514,2,7200,1.0072655218
48226,48232,49577,6,1345,2,7200,1.00446096654
48287,48293,49938,6,1645,2,7200,1.00364741641
48305,48311,49883,6,1572,2,7200,1.00381679389
48336,48341,49960,5,1619,2,7200,1.00308832613
48337,48347,49975,10,1628,2,7200,1.00614250614
48387,48393,49847,6,1454,2,7200,1.00412654746
48395,48401,74386,6,25985,1,86400,1.00023090244
48607,48614,50149,7,1535,2,7200,1.00456026059
48777,48784,50444,7,1660,2,7200,1.00421686747
48794,48800,50509,6,1709,2,7200,1.00351082504
48796,48806,50385,10,1579,2,7200,1.00633312223
48919,48925,50499,6,1574,2,7200,1.00381194409
48939,48945,50486,6,1541,2,7200,1.0038935756
48966,48972,50519,6,1547,2,7200,1.00387847447
48983,48989,50749,6,1760,2,7200,1.00340909091
48985,48995,50595,10,1600,2,7200,1.00625
49008,49014,50449,6,1435,2,7200,1.00418118467
49033,49039,49040,6,1,1,86400,1.0
49061,49068,50580,7,1512,2,7200,1.00462962963
49065,49075,65258,10,16183,1,86400,1.0006179324
49108,49114,50570,6,1456,2,7200,1.00412087912
49187,49193,50782,6,1589,2,7200,1.00377595972
49204,49210,50803,6,1593,2,7200,1.00376647834
49221,49227,50677,6,1450,2,7200,1.00413793103
49288,49294,50800,6,1506,2,7200,1.00398406375
49362,49368,50906,6,1538,2,7200,1.00390117035
49378,49385,50824,7,1439,2,7200,1.00486448923
49398,49405,50977,7,1572,2,7200,1.00445292621
49400,49412,50949,12,1537,2,7200,1.00780741705
49502,49508,51016,6,1508,2,7200,1.00397877984
49531,49538,51039,7,1501,2,7200,1.00466355763
49533,49545,51075,12,1530,2,7200,1.00784313725
49557,49563,51186,6,1623,2,7200,1.00369685767
49580,49586,51162,6,1576,2,7200,1.0038071066
49598,49604,51045,6,1441,2,7200,1.00416377516
49599,49611,51099,12,1488,2,7200,1.00806451613
49617,49623,51220,6,1597,2,7200,1.00375704446
49677,49683,51198,6,1515,2,7200,1.00396039604
49707,49713,51124,6,1411,2,7200,1.00425230333
49724,49730,51179,6,1449,2,7200,1.00414078675
49757,49763,51386,6,1623,2,7200,1.00369685767
49774,49780,51438,6,1658,2,7200,1.00361881785
49791,49797,51368,6,1571,2,7200,1.00381922342
49792,49803,50624,11,821,1,1200,1.01339829476
49849,49855,51385,6,1530,2,7200,1.00392156863
49888,49894,51498,6,1604,2,7200,1.00374064838
49942,49948,51662,6,1714,2,7200,1.00350058343
49962,49969,51580,7,1611,2,7200,1.00434512725
49980,49986,51539,6,1553,2,7200,1.00386349002
50153,50159,51729,6,1570,2,7200,1.00382165605
50385,50391,52004,6,1613,2,7200,1.00371977681
50447,50453,51876,6,1423,2,7200,1.00421644413
50464,50470,52246,6,1776,2,7200,1.00337837838
50490,50496,51961,6,1465,2,7200,1.00409556314
50507,50513,51952,6,1439,2,7200,1.0041695622
50523,50530,52101,7,1571,2,7200,1.00445576066
50525,50536,52006,11,1470,2,7200,1.0074829932
50574,50580,52116,6,1536,2,7200,1.00390625
50591,50598,52134,7,1536,2,7200,1.00455729167
50608,50614,52168,6,1554,2,7200,1.00386100386
50681,50687,52140,6,1453,2,7200,1.00412938747
50748,50753,52298,5,1545,2,7200,1.00323624595
50787,50793,52328,6,1535,2,7200,1.00390879479
50804,50810,52411,6,1601,2,7200,1.00374765771
50806,50816,52382,10,1566,2,7200,1.00638569604
50826,50832,52389,6,1557,2,7200,1.00385356455
50908,50914,52521,6,1607,2,7200,1.00373366521
50950,50956,52480,6,1524,2,7200,1.00393700787
50978,52793,73745,1815,20952,12,21600,1.08662657503
50980,50986,52498,6,1512,2,7200,1.00396825397
51019,51025,52776,6,1751,2,7200,1.00342661336
51042,51048,52732,6,1684,2,7200,1.00356294537
51059,51065,52633,6,1568,2,7200,1.00382653061
51080,51086,52536,6,1450,2,7200,1.00413793103
51102,51109,52773,7,1664,2,7200,1.00420673077
51125,51132,52576,7,1444,2,7200,1.00484764543
51164,51170,52667,6,1497,2,7200,1.00400801603
51181,51187,52842,6,1655,2,7200,1.00362537764
51197,51204,52771,7,1567,2,7200,1.00446713465
51199,51211,52837,12,1626,2,7200,1.0073800738
51223,51229,52781,6,1552,2,7200,1.00386597938
51370,51377,52967,7,1590,2,7200,1.00440251572
51388,51394,52941,6,1547,2,7200,1.00387847447
51389,51401,52926,12,1525,2,7200,1.00786885246
51442,51448,52993,6,1545,2,7200,1.00388349515
51503,51509,53036,6,1527,2,7200,1.00392927308
51542,51549,53202,7,1653,2,7200,1.00423472474
51583,51589,53111,6,1522,2,7200,1.00394218134
51663,51670,53231,7,1561,2,7200,1.00448430493
51732,51738,53270,6,1532,2,7200,1.00391644909
51877,51883,53490,6,1607,2,7200,1.00373366521
51957,51963,53405,6,1442,2,7200,1.00416088766
51974,51980,53614,6,1634,2,7200,1.00367197062
52007,52013,53569,6,1556,2,7200,1.00385604113
52009,52021,53404,12,1383,2,7200,1.00867678959
52104,52110,53511,6,1401,2,7200,1.00428265525
52121,52127,53697,6,1570,2,7200,1.00382165605
52137,52144,53617,7,1473,2,7200,1.00475220638
52154,52160,53846,6,1686,2,7200,1.00355871886
52171,52177,53975,6,1798,2,7200,1.00333704116
52250,52256,53810,6,1554,2,7200,1.00386100386
52299,52305,53758,6,1453,2,7200,1.00412938747
52333,52339,53819,6,1480,2,7200,1.00405405405
52384,52390,53945,6,1555,2,7200,1.0038585209
52400,52407,54051,7,1644,2,7200,1.00425790754
52417,52424,53839,7,1415,2,7200,1.00494699647
52484,52490,54074,6,1584,2,7200,1.00378787879
52502,52508,54087,6,1579,2,7200,1.00379987334
52525,52531,54059,6,1528,2,7200,1.00392670157
52542,52548,54197,6,1649,2,7200,1.00363856883
52579,52585,54064,6,1479,2,7200,1.00405679513
52636,52642,54178,6,1536,2,7200,1.00390625
52669,52675,54155,6,1480,2,7200,1.00405405405
52735,52741,54241,6,1500,2,7200,1.004
52774,52780,54289,6,1509,2,7200,1.00397614314
52776,52786,54408,10,1622,2,7200,1.00616522811
52794,52800,54371,6,1571,2,7200,1.00381922342
52795,52806,54390,11,1584,2,7200,1.00694444444
52840,52846,54400,6,1554,2,7200,1.00386100386
52856,52862,54423,6,1561,2,7200,1.00384368994
52929,52935,54464,6,1529,2,7200,1.00392413342
52945,52951,54616,6,1665,2,7200,1.0036036036
52968,52975,54449,7,1474,2,7200,1.00474898236
52994,53001,54594,7,1593,2,7200,1.00439422473
53043,53049,54700,6,1651,2,7200,1.00363416111
53113,53119,54692,6,1573,2,7200,1.00381436745
53205,53211,54782,6,1571,2,7200,1.00381922342
53235,53241,54747,6,1506,2,7200,1.00398406375
53273,53279,54863,6,1584,2,7200,1.00378787879
53405,53411,54996,6,1585,2,7200,1.00378548896
53407,53418,54923,11,1505,2,7200,1.0073089701
53492,53498,55036,6,1538,2,7200,1.00390117035
53512,53518,55103,6,1585,2,7200,1.00378548896
53571,53577,55128,6,1551,2,7200,1.00386847195
53617,53623,55159,6,1536,2,7200,1.00390625
53619,53629,55329,10,1700,2,7200,1.00588235294
53700,53706,55261,6,1555,2,7200,1.0038585209
53761,53767,55393,6,1626,2,7200,1.0036900369
53813,53819,55388,6,1569,2,7200,1.00382409178
53830,53836,55246,6,1410,2,7200,1.00425531915
53846,53853,55436,7,1583,2,7200,1.00442198358
53848,53859,55322,11,1463,2,7200,1.00751879699
53949,53955,55562,6,1607,2,7200,1.00373366521
53979,53985,55459,6,1474,2,7200,1.00407055631
54054,54061,55546,7,1485,2,7200,1.00471380471
54072,54078,55487,6,1409,2,7200,1.00425833925
54073,54084,55778,11,1694,2,7200,1.00649350649
54090,54098,55664,8,1566,2,7200,1.00510855683
54092,54104,55585,12,1481,2,7200,1.00810263336
54160,54166,55581,6,1415,2,7200,1.00424028269
54181,54187,55748,6,1561,2,7200,1.00384368994
54201,54207,55680,6,1473,2,7200,1.00407331976
54243,54249,55773,6,1524,2,7200,1.00393700787
54292,54298,55834,6,1536,2,7200,1.00390625
54375,54381,55975,6,1594,2,7200,1.00376411543
54392,54398,55912,6,1514,2,7200,1.00396301189
54409,54415,55945,6,1530,2,7200,1.00392156863
54410,54422,55892,12,1470,2,7200,1.00816326531
54428,54434,56006,6,1572,2,7200,1.00381679389
54451,54457,55961,6,1504,2,7200,1.0039893617
54468,54474,56382,6,1908,2,7200,1.00314465409
54597,54603,56160,6,1557,2,7200,1.00385356455
54617,54623,56082,6,1459,2,7200,1.00411240576
54694,54700,56283,6,1583,2,7200,1.00379027164
54710,54717,56336,7,1619,2,7200,1.00432365658
54750,54756,56319,6,1563,2,7200,1.00383877159
54786,54793,56253,7,1460,2,7200,1.00479452055
54866,54872,56359,6,1487,2,7200,1.00403496974
54925,54931,56514,6,1583,2,7200,1.00379027164
54998,55004,56483,6,1479,2,7200,1.00405679513
55038,55044,56675,6,1631,2,7200,1.00367872471
55106,55112,56643,6,1531,2,7200,1.00391900718
55133,55139,56746,6,1607,2,7200,1.00373366521
55163,55169,56687,6,1518,2,7200,1.00395256917
55249,55256,56811,7,1555,2,7200,1.00450160772
55267,55273,56860,6,1587,2,7200,1.00378071834
55325,55331,56885,6,1554,2,7200,1.00386100386
55342,55348,56956,6,1608,2,7200,1.00373134328
55393,55399,56844,6,1445,2,7200,1.00415224913
55395,55405,56953,10,1548,2,7200,1.00645994832
55441,55447,57083,6,1636,2,7200,1.00366748166
55461,55467,57013,6,1546,2,7200,1.00388098318
55490,55496,57119,6,1623,2,7200,1.00369685767
55549,55555,57001,6,1446,2,7200,1.00414937759
55566,55572,57121,6,1549,2,7200,1.00387346675
55583,55590,57048,7,1458,2,7200,1.00480109739
55601,55607,57218,6,1611,2,7200,1.00372439479
55668,55675,57285,7,1610,2,7200,1.00434782609
55685,55691,57137,6,1446,2,7200,1.00414937759
55753,55759,57375,6,1616,2,7200,1.00371287129
55776,55782,57380,6,1598,2,7200,1.00375469337
55793,55799,57168,6,1369,2,7200,1.00438276114
55837,55843,57432,6,1589,2,7200,1.00377595972
55867,56347,56350,480,3,4,600,48.3
55896,55902,57655,6,1753,2,7200,1.00342270394
55916,55922,57457,6,1535,2,7200,1.00390879479
55950,55956,57494,6,1538,2,7200,1.00390117035
55968,55973,57651,5,1678,2,7200,1.00297973778
55985,55991,57404,6,1413,2,7200,1.0042462845
56009,56015,57484,6,1469,2,7200,1.00408441116
56086,56092,57633,6,1541,2,7200,1.0038935756
56163,56170,57742,7,1572,2,7200,1.00445292621
56256,56262,57718,6,1456,2,7200,1.00412087912
56286,56292,57854,6,1562,2,7200,1.00384122919
56323,56329,57940,6,1611,2,7200,1.00372439479
56341,56352,57885,11,1533,2,7200,1.00717547293
56361,56368,57813,7,1445,2,7200,1.00484429066
56384,56391,58095,7,1704,2,7200,1.00410798122
56487,56493,57891,6,1398,2,7200,1.00429184549
56516,56522,58120,6,1598,2,7200,1.00375469337
56646,56652,58094,6,1442,2,7200,1.00416088766
56679,56685,58135,6,1450,2,7200,1.00413793103
56696,56702,58252,6,1550,2,7200,1.00387096774
56750,56756,58321,6,1565,2,7200,1.00383386581
56815,56822,58352,7,1530,2,7200,1.0045751634
56848,56856,58530,8,1674,2,7200,1.00477897252
56866,56872,58464,6,1592,2,7200,1.00376884422
56890,56896,58394,6,1498,2,7200,1.00400534045
56954,56960,58487,6,1527,2,7200,1.00392927308
56971,56977,58562,6,1585,2,7200,1.00378548896
57004,57010,58558,6,1548,2,7200,1.00387596899
57021,57027,58651,6,1624,2,7200,1.00369458128
57051,57057,58689,6,1632,2,7200,1.00367647059
57086,57092,58700,6,1608,2,7200,1.00373134328
57123,57129,58669,6,1540,2,7200,1.0038961039
57124,57136,58801,12,1665,2,7200,1.00720720721
57141,57147,58906,6,1759,2,7200,1.00341102899
57170,57177,58747,7,1570,2,7200,1.00445859873
57220,57226,58689,6,1463,2,7200,1.004101162
57244,57250,57268,6,18,4,600,1.33333333333
57287,57293,58872,6,1579,2,7200,1.00379987334
57379,57385,58888,6,1503,2,7200,1.00399201597
57381,57392,58988,11,1596,2,7200,1.00689223058
57409,57415,58989,6,1574,2,7200,1.00381194409
57436,57442,58945,6,1503,2,7200,1.00399201597
57460,57466,58938,6,1472,2,7200,1.00407608696
57487,57494,58989,7,1495,2,7200,1.00468227425
57505,57511,58986,6,1475,2,7200,1.00406779661
57636,57642,59106,6,1464,2,7200,1.00409836066
57653,57659,59316,6,1657,2,7200,1.00362100181
57671,57677,59281,6,1604,2,7200,1.00374064838
57721,57727,59189,6,1462,2,7200,1.00410396717
57744,57750,59370,6,1620,2,7200,1.0037037037
57816,57822,59389,6,1567,2,7200,1.00382897256
57858,57864,59327,6,1463,2,7200,1.004101162
57888,57894,59529,6,1635,2,7200,1.00366972477
57904,57910,59483,6,1573,2,7200,1.00381436745
57944,57950,59517,6,1567,2,7200,1.00382897256
58099,58105,59574,6,1469,2,7200,1.00408441116
58101,58112,59634,11,1522,2,7200,1.00722733246
58124,58131,59822,7,1691,2,7200,1.00413956239
58142,58148,59646,6,1498,2,7200,1.00400534045
58255,58261,59937,6,1676,2,7200,1.00357995227
58322,58328,59893,6,1565,2,7200,1.00383386581
58354,58360,59878,6,1518,2,7200,1.00395256917
58396,58402,60193,6,1791,2,7200,1.00335008375
58453,58459,58477,6,18,4,600,1.33333333333
58467,58473,60004,6,1531,2,7200,1.00391900718
58490,58497,60119,7,1622,2,7200,1.00431565968
58532,58538,60011,6,1473,2,7200,1.00407331976
58562,58568,60107,6,1539,2,7200,1.00389863548
58564,58575,60128,11,1553,2,7200,1.00708306504
58653,58659,60040,6,1381,2,7200,1.00434467777
58673,58679,60213,6,1534,2,7200,1.00391134289
58690,58696,60142,6,1446,2,7200,1.00414937759
58692,58702,60057,10,1355,2,7200,1.0073800738
58709,58715,60317,6,1602,2,7200,1.00374531835
58751,58758,60294,7,1536,2,7200,1.00455729167
58804,58810,60468,6,1658,2,7200,1.00361881785
58874,58881,60307,7,1426,2,7200,1.0049088359
58891,58897,60252,6,1355,2,7200,1.00442804428
58912,58918,60526,6,1608,2,7200,1.00373134328
58941,58947,60514,6,1567,2,7200,1.00382897256
58958,58964,60566,6,1602,2,7200,1.00374531835
58988,58994,60536,6,1542,2,7200,1.00389105058
58990,59001,60495,11,1494,2,7200,1.00736278447
58991,59006,60519,15,1513,2,7200,1.00991407799
59008,59015,60487,7,1472,2,7200,1.00475543478
59109,59115,60535,6,1420,2,7200,1.00422535211
59114,59121,59134,7,13,4,600,1.53846153846
59192,59198,60812,6,1614,2,7200,1.00371747212
59283,59290,60895,7,1605,2,7200,1.00436137072
59319,59325,60938,6,1613,2,7200,1.00371977681
59336,59342,60769,6,1427,2,7200,1.00420462509
59374,59380,60864,6,1484,2,7200,1.00404312668
59390,59397,60887,7,1490,2,7200,1.00469798658
59404,59659,59661,255,2,4,600,25.7
59486,59492,61062,6,1570,2,7200,1.00382165605
59496,59672,59691,176,19,4,600,10.2631578947
59519,59525,61073,6,1548,2,7200,1.00387596899
59536,59543,61120,7,1577,2,7200,1.00443880786
59575,59581,61110,6,1529,2,7200,1.00392413342
59635,59641,61105,6,1464,2,7200,1.00409836066
59653,59664,61205,11,1541,2,7200,1.00713822193
59826,59832,61417,6,1585,2,7200,1.00378548896
59881,59888,61388,7,1500,2,7200,1.00466666667
59899,59905,61455,6,1550,2,7200,1.00387096774
59940,59947,61484,7,1537,2,7200,1.00455432661
60006,60013,61575,7,1562,2,7200,1.00448143406
60024,60030,61577,6,1547,2,7200,1.00387847447
60044,60050,61555,6,1505,2,7200,1.00398671096
60060,60066,61537,6,1471,2,7200,1.00407885792
60111,60118,61678,7,1560,2,7200,1.00448717949
60129,60135,61782,6,1647,2,7200,1.00364298725
60130,60141,61600,11,1459,2,7200,1.00753941056
60148,60154,61902,6,1748,2,7200,1.00343249428
60193,60199,61807,6,1608,2,7200,1.00373134328
60216,60223,61785,7,1562,2,7200,1.00448143406
60256,60262,61900,6,1638,2,7200,1.00366300366
60298,60304,61760,6,1456,2,7200,1.00412087912
60315,60321,62001,6,1680,2,7200,1.00357142857
60331,60337,61960,6,1623,2,7200,1.00369685767
60468,60475,62032,7,1557,2,7200,1.00449582531
60489,60495,62166,6,1671,2,7200,1.00359066427
60505,60512,62090,7,1578,2,7200,1.00443599493
60523,60529,62084,6,1555,2,7200,1.0038585209
60524,60535,62133,11,1598,2,7200,1.00688360451
60543,60549,62215,6,1666,2,7200,1.00360144058
60544,60555,62236,11,1681,2,7200,1.00654372397
60545,60561,61979,16,1418,2,7200,1.01128349788
60569,60575,62173,6,1598,2,7200,1.00375469337
60772,60778,62345,6,1567,2,7200,1.00382897256
60814,60821,62288,7,1467,2,7200,1.00477164281
60870,60876,62462,6,1586,2,7200,1.00378310214
60891,60897,62408,6,1511,2,7200,1.00397088021
60908,60914,62374,6,1460,2,7200,1.00410958904
60941,60947,62461,6,1514,2,7200,1.00396301189
61064,61070,62579,6,1509,2,7200,1.00397614314
61081,61087,62619,6,1532,2,7200,1.00391644909
61108,61114,62670,6,1556,2,7200,1.00385604113
61125,61131,62606,6,1475,2,7200,1.00406779661
61126,61137,62699,11,1562,2,7200,1.00704225352
61206,61213,62716,7,1503,2,7200,1.00465735196
61394,61400,62986,6,1586,2,7200,1.00378310214
61421,61428,63212,7,1784,2,7200,1.00392376682
61459,61465,62922,6,1457,2,7200,1.00411805079
61489,61495,63109,6,1614,2,7200,1.00371747212
61539,61545,62915,6,1370,2,7200,1.00437956204
61559,61565,63115,6,1550,2,7200,1.00387096774
61576,61582,63228,6,1646,2,7200,1.00364520049
61582,61589,61595,7,6,4,600,1.3
61593,61599,63110,6,1511,2,7200,1.00397088021
61610,61616,63141,6,1525,2,7200,1.00393442623
61681,61687,63013,6,1326,2,7200,1.00452488688
61761,61767,63177,6,1410,2,7200,1.00425531915
61785,61791,63381,6,1590,2,7200,1.00377358491
61802,61808,63348,6,1540,2,7200,1.0038961039
61819,61825,63240,6,1415,2,7200,1.00424028269
61903,61909,63453,6,1544,2,7200,1.00388601036
61904,61915,63550,11,1635,2,7200,1.00672782875
61962,61968,63649,6,1681,2,7200,1.00356930399
61982,61988,63455,6,1467,2,7200,1.00408997955
62003,62009,63574,6,1565,2,7200,1.00383386581
62036,62043,63562,7,1519,2,7200,1.00460829493
62086,62092,63620,6,1528,2,7200,1.00392670157
62103,62109,63733,6,1624,2,7200,1.00369458128
62136,62142,63657,6,1515,2,7200,1.00396039604
62169,62175,63734,6,1559,2,7200,1.00384862091
62187,62193,63636,6,1443,2,7200,1.00415800416
62217,62223,63855,6,1632,2,7200,1.00367647059
62240,62246,63732,6,1486,2,7200,1.00403768506
62292,62298,63937,6,1639,2,7200,1.00366076876
62348,62354,63961,6,1607,2,7200,1.00373366521
62377,62383,63887,6,1504,2,7200,1.0039893617
62411,62417,64015,6,1598,2,7200,1.00375469337
62464,62470,63964,6,1494,2,7200,1.00401606426
62465,62476,64016,11,1540,2,7200,1.00714285714
62583,62589,64192,6,1603,2,7200,1.00374298191
62610,62616,64199,6,1583,2,7200,1.00379027164
62627,62633,64184,6,1551,2,7200,1.00386847195
62673,62679,64272,6,1593,2,7200,1.00376647834
62701,62707,64180,6,1473,2,7200,1.00407331976
62721,62727,64258,6,1531,2,7200,1.00391900718
62918,62924,64468,6,1544,2,7200,1.00388601036
62935,62942,64559,7,1617,2,7200,1.00432900433
62988,62995,64547,7,1552,2,7200,1.00451030928
63017,63023,64499,6,1476,2,7200,1.00406504065
63112,63118,64733,6,1615,2,7200,1.00371517028
63114,63124,64644,10,1520,2,7200,1.00657894737
63130,63136,64706,6,1570,2,7200,1.00382165605
63148,63153,64837,5,1684,2,7200,1.00296912114
63181,63187,64718,6,1531,2,7200,1.00391900718
63211,63217,64745,6,1528,2,7200,1.00392670157
63231,63237,64804,6,1567,2,7200,1.00382897256
63249,63255,64813,6,1558,2,7200,1.00385109114
63352,63358,65004,6,1646,2,7200,1.00364520049
63386,63392,65075,6,1683,2,7200,1.00356506239
63456,63462,65124,6,1662,2,7200,1.0036101083
63457,63469,65041,12,1572,2,7200,1.00763358779
63553,63559,65159,6,1600,2,7200,1.00375
63571,63577,65074,6,1497,2,7200,1.00400801603
63589,63595,65117,6,1522,2,7200,1.00394218134
63625,63631,65022,6,1391,2,7200,1.00431344357
63643,63649,65287,6,1638,2,7200,1.00366300366
63660,63666,65366,6,1700,2,7200,1.00352941176
63661,63672,65300,11,1628,2,7200,1.00675675676
63734,63740,65238,6,1498,2,7200,1.00400534045
63736,63748,65291,12,1543,2,7200,1.00777705768
63737,63753,65430,16,1677,2,7200,1.00954084675
63858,63864,65386,6,1522,2,7200,1.00394218134
63891,63897,65487,6,1590,2,7200,1.00377358491
63941,63947,65536,6,1589,2,7200,1.00377595972
63965,63971,65538,6,1567,2,7200,1.00382897256
63966,63979,65636,13,1657,2,7200,1.00784550392
64018,64025,65543,7,1518,2,7200,1.0046113307
64020,64032,65545,12,1513,2,7200,1.00793126239
64185,64191,65869,6,1678,2,7200,1.00357568534
64187,64197,65762,10,1565,2,7200,1.00638977636
64204,64210,65684,6,1474,2,7200,1.00407055631
64205,64216,65836,11,1620,2,7200,1.00679012346
64261,64267,65901,6,1634,2,7200,1.00367197062
64278,64284,65850,6,1566,2,7200,1.00383141762
64472,64478,65974,6,1496,2,7200,1.00401069519
64501,64507,66021,6,1514,2,7200,1.00396301189
64550,64556,66064,6,1508,2,7200,1.00397877984
64567,64573,66001,6,1428,2,7200,1.00420168067
64648,64654,66192,6,1538,2,7200,1.00390117035
64708,64714,66254,6,1540,2,7200,1.0038961039
64725,64731,66167,6,1436,2,7200,1.00417827298
64742,64748,66217,6,1469,2,7200,1.00408441116
64759,64765,66359,6,1594,2,7200,1.00376411543
64809,64815,66387,6,1572,2,7200,1.00381679389
64826,64832,66410,6,1578,2,7200,1.00380228137
64844,64849,66424,5,1575,2,7200,1.00317460317
65006,65012,66596,6,1584,2,7200,1.00378787879
65026,65033,66651,7,1618,2,7200,1.0043263288
65044,65050,66753,6,1703,2,7200,1.00352319436
65077,65084,66568,7,1484,2,7200,1.00471698113
65079,65090,66534,11,1444,2,7200,1.00761772853
65120,65127,66581,7,1454,2,7200,1.00481430536
65137,65143,66813,6,1670,2,7200,1.00359281437
65161,65167,66754,6,1587,2,7200,1.00378071834
65244,65250,66861,6,1611,2,7200,1.00372439479
65293,65299,66793,6,1494,2,7200,1.00401606426
65294,65305,66831,11,1526,2,7200,1.00720838794
65311,65317,66885,6,1568,2,7200,1.00382653061
65370,65376,66991,6,1615,2,7200,1.00371517028
65390,65396,66853,6,1457,2,7200,1.00411805079
65436,65442,66902,6,1460,2,7200,1.00410958904
65490,65496,67268,6,1772,2,7200,1.00338600451
65539,65546,67204,7,1658,2,7200,1.00422195416
65541,65553,67108,12,1555,2,7200,1.0077170418
65560,65566,67079,6,1513,2,7200,1.0039656312
65562,65572,67065,10,1493,2,7200,1.00669792364
65641,65648,67206,7,1558,2,7200,1.00449293967
65689,65696,67149,7,1453,2,7200,1.00481761872
65765,65772,67410,7,1638,2,7200,1.00427350427
65839,65845,67609,6,1764,2,7200,1.00340136054
65857,65863,67450,6,1587,2,7200,1.00378071834
65873,65880,67299,7,1419,2,7200,1.00493305144
65903,65909,67392,6,1483,2,7200,1.004045853
65978,65985,67471,7,1486,2,7200,1.00471063257
66004,66011,67511,7,1500,2,7200,1.00466666667
66025,66031,67627,6,1596,2,7200,1.0037593985
66066,66072,67675,6,1603,2,7200,1.00374298191
66172,66178,67652,6,1474,2,7200,1.00407055631
66195,66201,67702,6,1501,2,7200,1.00399733511
66221,66227,67729,6,1502,2,7200,1.00399467377
66257,66263,67750,6,1487,2,7200,1.00403496974
66319,66325,71715,6,5390,1,72000,1.00111317254
66362,66368,67964,6,1596,2,7200,1.0037593985
66391,66397,68056,6,1659,2,7200,1.00361663653
66414,66420,67904,6,1484,2,7200,1.00404312668
66430,66436,68049,6,1613,2,7200,1.00371977681
66537,66543,68076,6,1533,2,7200,1.00391389432
66570,66576,68093,6,1517,2,7200,1.00395517469
66587,66592,68006,5,1414,2,7200,1.00353606789
66604,66610,68077,6,1467,2,7200,1.00408997955
66656,66664,68331,8,1667,2,7200,1.00479904019
66757,66763,68370,6,1607,2,7200,1.00373366521
66758,66771,68352,13,1581,2,7200,1.0082226439
66795,66801,68337,6,1536,2,7200,1.00390625
66815,66822,68358,7,1536,2,7200,1.00455729167
66835,66841,68160,6,1319,2,7200,1.00454890068
66856,66862,68387,6,1525,2,7200,1.00393442623
66873,66880,68403,7,1523,2,7200,1.00459619173
66891,66897,68482,6,1585,2,7200,1.00378548896
66908,66915,68619,7,1704,2,7200,1.00410798122
66995,67001,68574,6,1573,2,7200,1.00381436745
67068,67074,68578,6,1504,2,7200,1.0039893617
67085,67091,68620,6,1529,2,7200,1.00392413342
67112,67118,68601,6,1483,2,7200,1.004045853
67154,67161,68642,7,1481,2,7200,1.00472653612
67205,67211,68737,6,1526,2,7200,1.00393184797
67222,67228,68824,6,1596,2,7200,1.0037593985
67272,67278,68825,6,1547,2,7200,1.00387847447
67303,67309,68864,6,1555,2,7200,1.0038585209
67396,67402,68990,6,1588,2,7200,1.00377833753
67414,67420,68927,6,1507,2,7200,1.00398142004
67454,67460,68974,6,1514,2,7200,1.00396301189
67474,67480,68998,6,1518,2,7200,1.00395256917
67513,67519,69041,6,1522,2,7200,1.00394218134
67613,67619,69143,6,1524,2,7200,1.00393700787
67629,67635,69162,6,1527,2,7200,1.00392927308
67656,67662,69269,6,1607,2,7200,1.00373366521
67680,67686,69205,6,1519,2,7200,1.00394996708
67703,67709,69211,6,1502,2,7200,1.00399467377
67733,67739,69202,6,1463,2,7200,1.004101162
67752,67758,69279,6,1521,2,7200,1.00394477318
67907,67913,69418,6,1505,2,7200,1.00398671096
67967,67973,69617,6,1644,2,7200,1.00364963504
68009,68015,69706,6,1691,2,7200,1.00354819633
68054,68060,69615,6,1555,2,7200,1.0038585209
68070,68076,69691,6,1615,2,7200,1.00371517028
68088,68094,69665,6,1571,2,7200,1.00381922342
68089,68100,69565,11,1465,2,7200,1.00750853242
68107,68113,69648,6,1535,2,7200,1.00390879479
68163,68169,69663,6,1494,2,7200,1.00401606426
68335,68341,69905,6,1564,2,7200,1.00383631714
68352,68359,69906,7,1547,2,7200,1.00452488688
68370,68376,69942,6,1566,2,7200,1.00383141762
68372,68383,69990,11,1607,2,7200,1.00684505289
68373,68388,69970,15,1582,2,7200,1.00948166877
68391,68397,69736,6,1339,2,7200,1.00448095594
68410,68416,70105,6,1689,2,7200,1.00355239787
68485,68491,70107,6,1616,2,7200,1.00371287129
68578,68584,70130,6,1546,2,7200,1.00388098318
68579,68591,70145,12,1554,2,7200,1.00772200772
68603,68609,70228,6,1619,2,7200,1.00370599135
68624,68630,70119,6,1489,2,7200,1.00402955003
68626,68637,70272,11,1635,2,7200,1.00672782875
68646,68652,70327,6,1675,2,7200,1.00358208955
68739,68745,70212,6,1467,2,7200,1.00408997955
68828,68834,70210,6,1376,2,7200,1.00436046512
68829,68842,70318,13,1476,2,7200,1.00880758808
68869,68875,70414,6,1539,2,7200,1.00389863548
68930,68936,70544,6,1608,2,7200,1.00373134328
68978,68984,70532,6,1548,2,7200,1.00387596899
68995,69001,70548,6,1547,2,7200,1.00387847447
69012,69018,70567,6,1549,2,7200,1.00387346675
69045,69051,70560,6,1509,2,7200,1.00397614314
69146,69152,70638,6,1486,2,7200,1.00403768506
69166,69172,70659,6,1487,2,7200,1.00403496974
69202,69208,70784,6,1576,2,7200,1.0038071066
69219,69225,70839,6,1614,2,7200,1.00371747212
69221,69231,70664,10,1433,2,7200,1.00697836706
69274,69280,70961,6,1681,2,7200,1.00356930399
69291,69298,70887,7,1589,2,7200,1.00440528634
69423,69430,70922,7,1492,2,7200,1.00469168901
69568,69574,71143,6,1569,2,7200,1.00382409178
69617,69623,71182,6,1559,2,7200,1.00384862091
69618,69629,71083,11,1454,2,7200,1.007565337
69652,69658,71168,6,1510,2,7200,1.00397350993
69669,69675,71168,6,1493,2,7200,1.00401875419
69671,69682,71137,11,1455,2,7200,1.00756013746
69695,69702,71280,7,1578,2,7200,1.00443599493
69712,69719,71499,7,1780,2,7200,1.00393258427
69739,69746,71356,7,1610,2,7200,1.00434782609
69907,69913,71436,6,1523,2,7200,1.00393959291
69908,69920,71511,12,1591,2,7200,1.00754242615
69945,69951,71479,6,1528,2,7200,1.00392670157
69975,69981,71609,6,1628,2,7200,1.00368550369
69992,69999,71541,7,1542,2,7200,1.00453955901
70051,70057,70306,6,249,1,86400,1.02409638554
70110,70117,71709,7,1592,2,7200,1.00439698492
70111,70124,71651,13,1527,2,7200,1.00851342502
70129,70135,71679,6,1544,2,7200,1.00388601036
70130,70141,71519,11,1378,2,7200,1.00798258345
70148,70156,71641,8,1485,2,7200,1.00538720539
70214,70221,71576,7,1355,2,7200,1.00516605166
70215,70228,71804,13,1576,2,7200,1.00824873096
70233,70239,71641,6,1402,2,7200,1.00427960057
70276,70283,71810,7,1527,2,7200,1.00458415193
70321,70327,71787,6,1460,2,7200,1.00410958904
70339,70345,71800,6,1455,2,7200,1.00412371134
70416,70422,71972,6,1550,2,7200,1.00387096774
70533,70539,92817,6,22278,1,86400,1.000269324
70537,70546,72048,9,1502,2,7200,1.00599201065
70555,70561,72191,6,1630,2,7200,1.0036809816
70557,70567,72163,10,1596,2,7200,1.00626566416
70574,70580,72150,6,1570,2,7200,1.00382165605
70575,70586,72203,11,1617,2,7200,1.00680272109
70642,70649,72285,7,1636,2,7200,1.00427872861
70664,70670,72184,6,1514,2,7200,1.00396301189
70665,70676,72283,11,1607,2,7200,1.00684505289
70788,70795,72381,7,1586,2,7200,1.00441361917
70843,70850,72457,7,1607,2,7200,1.00435594275
70890,70896,72382,6,1486,2,7200,1.00403768506
70927,70933,72324,6,1391,2,7200,1.00431344357
70963,70969,72503,6,1534,2,7200,1.00391134289
71086,71093,72685,7,1592,2,7200,1.00439698492
71141,71147,72785,6,1638,2,7200,1.00366300366
71159,71165,72645,6,1480,2,7200,1.00405405405
71178,71184,72640,6,1456,2,7200,1.00412087912
71179,71190,72737,11,1547,2,7200,1.00711053652
71197,71203,72758,6,1555,2,7200,1.0038585209
71283,71289,72813,6,1524,2,7200,1.00393700787
71358,71364,72855,6,1491,2,7200,1.00402414487
71441,71447,72846,6,1399,2,7200,1.0042887777
71482,71488,73101,6,1613,2,7200,1.00371977681
71503,71510,73093,7,1583,2,7200,1.00442198358
71521,71528,72943,7,1415,2,7200,1.00494699647
71522,71534,73027,12,1493,2,7200,1.00803750837
71544,71550,73110,6,1560,2,7200,1.00384615385
71578,71584,73075,6,1491,2,7200,1.00402414487
71611,71617,73191,6,1574,2,7200,1.00381194409
71646,71652,73183,6,1531,2,7200,1.00391900718
71647,71659,73123,12,1464,2,7200,1.00819672131
71664,71670,73127,6,1457,2,7200,1.00411805079
71682,71688,73468,6,1780,2,7200,1.00337078652
71712,71719,73280,7,1561,2,7200,1.00448430493
71792,71798,73363,6,1565,2,7200,1.00383386581
71810,71816,73163,6,1347,2,7200,1.00445434298
71812,71823,73388,11,1565,2,7200,1.00702875399
71813,71829,73372,16,1543,2,7200,1.01036941024
71977,71983,73617,6,1634,2,7200,1.00367197062
72052,72058,73588,6,1530,2,7200,1.00392156863
72151,72157,73797,6,1640,2,7200,1.00365853659
72169,72175,73741,6,1566,2,7200,1.00383141762
72186,72193,73727,7,1534,2,7200,1.00456323338
72204,72210,73769,6,1559,2,7200,1.00384862091
72205,72217,73791,12,1574,2,7200,1.00762388818
72285,72291,73744,6,1453,2,7200,1.00412938747
72287,72299,73852,12,1553,2,7200,1.00772698004
72326,72332,74243,6,1911,2,7200,1.00313971743
72385,72395,73994,10,1599,2,7200,1.00625390869
72387,72400,73898,13,1498,2,7200,1.00867823765
72461,72467,73947,6,1480,2,7200,1.00405405405
72506,72513,73948,7,1435,2,7200,1.00487804878
72643,72650,74090,7,1440,2,7200,1.00486111111
72661,72667,74385,6,1718,2,7200,1.00349243306
72688,72694,74306,6,1612,2,7200,1.00372208437
72742,72748,74292,6,1544,2,7200,1.00388601036
72762,72769,74432,7,1663,2,7200,1.00420926037
72789,72795,74270,6,1475,2,7200,1.00406779661
72805,72812,72813,7,1,2,3540,1.0
72815,72821,74282,6,1461,2,7200,1.00410677618
72851,72857,74445,6,1588,2,7200,1.00377833753
72868,72874,74458,6,1584,2,7200,1.00378787879
72947,72953,74812,6,1859,2,7200,1.00322754169
73030,73036,74520,6,1484,2,7200,1.00404312668
73077,73083,74531,6,1448,2,7200,1.00414364641
73098,73104,74555,6,1451,2,7200,1.00413507926
73116,73122,74568,6,1446,2,7200,1.00414937759
73118,73129,74831,11,1702,2,7200,1.00646298472
73135,73141,74620,6,1479,2,7200,1.00405679513
73137,73147,74626,10,1479,2,7200,1.00676132522
73167,73173,74794,6,1621,2,7200,1.00370141888
73187,73194,74631,7,1437,2,7200,1.00487125957
73205,73211,74790,6,1579,2,7200,1.00379987334
73284,73291,74865,7,1574,2,7200,1.00444726811
73366,73372,74928,6,1556,2,7200,1.00385604113
73383,73389,74874,6,1485,2,7200,1.00404040404
73400,73407,75013,7,1606,2,7200,1.00435865504
73470,73477,75029,7,1552,2,7200,1.00451030928
73592,73598,75118,6,1520,2,7200,1.00394736842
73618,73624,75104,6,1480,2,7200,1.00405405405
73729,73735,75326,6,1591,2,7200,1.00377121307
73746,73753,75333,7,1580,2,7200,1.00443037975
73748,73760,75295,12,1535,2,7200,1.00781758958
73772,73778,75300,6,1522,2,7200,1.00394218134
73796,73802,75335,6,1533,2,7200,1.00391389432
73813,73819,75315,6,1496,2,7200,1.00401069519
73852,73858,75391,6,1533,2,7200,1.00391389432
73900,73906,75495,6,1589,2,7200,1.00377595972
73949,73956,75410,7,1454,2,7200,1.00481430536
73951,73963,75497,12,1534,2,7200,1.00782268579
73998,74005,75634,7,1629,2,7200,1.00429711479
74092,74098,75723,6,1625,2,7200,1.00369230769
74244,74250,75732,6,1482,2,7200,1.004048583
74274,74280,75864,6,1584,2,7200,1.00378787879
74291,74297,75884,6,1587,2,7200,1.00378071834
74308,74314,75897,6,1583,2,7200,1.00379027164
74310,74321,76008,11,1687,2,7200,1.0065204505
74387,74393,75892,6,1499,2,7200,1.00400266845
74436,74442,75882,6,1440,2,7200,1.00416666667
74453,74459,76056,6,1597,2,7200,1.00375704446
74470,74476,76103,6,1627,2,7200,1.0036877689
74522,74529,76100,7,1571,2,7200,1.00445576066
74539,74545,76122,6,1577,2,7200,1.00380469245
74560,74566,76100,6,1534,2,7200,1.00391134289
74577,74583,76347,6,1764,2,7200,1.00340136054
74624,74631,76308,7,1677,2,7200,1.00417412045
74643,74649,76122,6,1473,2,7200,1.00407331976
74644,74656,76160,12,1504,2,7200,1.0079787234
74793,74799,76360,6,1561,2,7200,1.00384368994
74795,74807,76510,12,1703,2,7200,1.00704638873
74816,74822,76276,6,1454,2,7200,1.00412654746
74837,74843,76445,6,1602,2,7200,1.00374531835
74870,74876,76464,6,1588,2,7200,1.00377833753
74887,74893,76459,6,1566,2,7200,1.00383141762
74933,74939,76462,6,1523,2,7200,1.00393959291
75016,75022,76604,6,1582,2,7200,1.00379266751
75033,75039,76681,6,1642,2,7200,1.00365408039
75107,75113,76729,6,1616,2,7200,1.00371287129
75125,75130,76647,5,1517,2,7200,1.00329597891
75298,75304,76894,6,1590,2,7200,1.00377358491
75314,75320,76979,6,1659,2,7200,1.00361663653
75316,75326,76787,10,1461,2,7200,1.00684462697
75333,75339,76955,6,1616,2,7200,1.00371287129
75350,75356,76949,6,1593,2,7200,1.00376647834
75352,75363,76807,11,1444,2,7200,1.00761772853
75394,75400,76995,6,1595,2,7200,1.00376175549
75411,75418,77018,7,1600,2,7200,1.004375
75498,75504,76958,6,1454,2,7200,1.00412654746
75499,75511,77153,12,1642,2,7200,1.00730816078
75638,75644,77082,6,1438,2,7200,1.00417246175
75723,75729,77326,6,1597,2,7200,1.00375704446
75740,75746,77423,6,1677,2,7200,1.00357781753
75867,75873,77755,6,1882,2,7200,1.00318809777
75884,75890,77291,6,1401,2,7200,1.00428265525
75886,75897,77528,11,1631,2,7200,1.00674432863
75904,75910,77390,6,1480,2,7200,1.00405405405
75905,75917,77445,12,1528,2,7200,1.00785340314
76011,76017,77523,6,1506,2,7200,1.00398406375
76060,76066,77725,6,1659,2,7200,1.00361663653
76103,76109,77623,6,1514,2,7200,1.00396301189
76105,76117,77693,12,1576,2,7200,1.0076142132
76106,76122,77596,16,1474,2,7200,1.01085481682
76127,76133,77615,6,1482,2,7200,1.004048583
76128,76139,77801,11,1662,2,7200,1.00661853189
76164,76171,77734,7,1563,2,7200,1.00447856686
76281,76287,77766,6,1479,2,7200,1.00405679513
76315,76321,77844,6,1523,2,7200,1.00393959291
76351,76357,77854,6,1497,2,7200,1.00400801603
76369,76375,77914,6,1539,2,7200,1.00389863548
76449,76456,78113,7,1657,2,7200,1.00422450211
76468,76475,78102,7,1627,2,7200,1.00430239705
76469,76481,77967,12,1486,2,7200,1.00807537012
76471,76487,77910,16,1423,2,7200,1.01124385102
76514,76520,78091,6,1571,2,7200,1.00381922342
76608,76614,78265,6,1651,2,7200,1.00363416111
76650,76656,78103,6,1447,2,7200,1.00414651002
76683,76689,78226,6,1537,2,7200,1.00390370852
76731,76737,78206,6,1469,2,7200,1.00408441116
76789,76795,78291,6,1496,2,7200,1.00401069519
76809,76816,78425,7,1609,2,7200,1.00435052828
76878,92828,117339,15950,24511,1,86400,1.65072824446
76898,76905,78316,7,1411,2,7200,1.00496102055
76953,76960,78495,7,1535,2,7200,1.00456026059
76971,76977,78476,6,1499,2,7200,1.00400266845
76972,76984,78506,12,1522,2,7200,1.00788436268
76990,76996,78455,6,1459,2,7200,1.00411240576
77007,77014,78561,7,1547,2,7200,1.00452488688
77025,77031,78595,6,1564,2,7200,1.00383631714
77086,77093,78669,7,1576,2,7200,1.00444162437
77158,77164,78673,6,1509,2,7200,1.00397614314
77293,77299,78816,6,1517,2,7200,1.00395517469
77329,77336,79020,7,1684,2,7200,1.0041567696
77394,77401,78955,7,1554,2,7200,1.0045045045
77428,77435,78931,7,1496,2,7200,1.00467914439
77449,77455,79086,6,1631,2,7200,1.00367872471
77526,77532,79070,6,1538,2,7200,1.00390117035
77544,77550,78999,6,1449,2,7200,1.00414078675
77597,77603,79255,6,1652,2,7200,1.00363196126
77617,77623,79101,6,1478,2,7200,1.00405953992
77634,77641,79162,7,1521,2,7200,1.00460223537
77696,77703,79365,7,1662,2,7200,1.00421179302
77727,77733,79091,6,1358,2,7200,1.00441826215
77744,77750,79293,6,1543,2,7200,1.00388852884
77761,77766,79282,5,1516,2,7200,1.00329815303
77778,77784,79228,6,1444,2,7200,1.00415512465
77805,77811,79309,6,1498,2,7200,1.00400534045
77848,77854,79402,6,1548,2,7200,1.00387596899
77865,77872,79457,7,1585,2,7200,1.00441640379
77915,77921,79480,6,1559,2,7200,1.00384862091
77916,77927,79342,11,1415,2,7200,1.00777385159
77971,77978,79555,7,1577,2,7200,1.00443880786
78096,78102,79596,6,1494,2,7200,1.00401606426
78114,78120,79628,6,1508,2,7200,1.00397877984
78116,78128,79767,12,1639,2,7200,1.00732153752
78117,78133,79712,16,1579,2,7200,1.01013299557
78209,78215,79918,6,1703,2,7200,1.00352319436
78229,78236,79883,7,1647,2,7200,1.00425015179
78268,78274,79753,6,1479,2,7200,1.00405679513
78295,78301,79991,6,1690,2,7200,1.00355029586
78319,78325,80010,6,1685,2,7200,1.00356083086
78428,78434,79830,6,1396,2,7200,1.00429799427
78458,78464,80007,6,1543,2,7200,1.00388852884
78479,78485,79997,6,1512,2,7200,1.00396825397
78499,78505,79967,6,1462,2,7200,1.00410396717
78516,78522,79987,6,1465,2,7200,1.00409556314
78565,78571,80095,6,1524,2,7200,1.00393700787
78598,78604,80148,6,1544,2,7200,1.00388601036
78669,78675,81935,6,3260,1,14400,1.0018404908
78672,78681,80269,9,1588,2,7200,1.0056675063
78674,78687,80332,13,1645,2,7200,1.00790273556
78821,78827,80470,6,1643,2,7200,1.00365185636
78934,78940,80465,6,1525,2,7200,1.00393442623
78961,78967,80776,6,1809,2,7200,1.00331674959
79003,79009,80642,6,1633,2,7200,1.00367421923
79024,79031,80604,7,1573,2,7200,1.00445009536
79072,79078,80618,6,1540,2,7200,1.0038961039
79090,79096,80796,6,1700,2,7200,1.00352941176
79108,79114,80578,6,1464,2,7200,1.00409836066
79110,79121,80708,11,1587,2,7200,1.00693131695
79168,79174,80544,6,1370,2,7200,1.00437956204
79229,79236,80803,7,1567,2,7200,1.00446713465
79259,79265,80839,6,1574,2,7200,1.00381194409
79286,79292,80798,6,1506,2,7200,1.00398406375
79304,79310,80881,6,1571,2,7200,1.00381922342
79322,79329,80845,7,1516,2,7200,1.00461741425
79346,79352,80830,6,1478,2,7200,1.00405953992
79370,79376,80861,6,1485,2,7200,1.00404040404
79406,79412,80973,6,1561,2,7200,1.00384368994
79461,79468,80982,7,1514,2,7200,1.00462351387
79482,79488,80976,6,1488,2,7200,1.00403225806
79559,79565,81183,6,1618,2,7200,1.00370828183
79598,79604,81106,6,1502,2,7200,1.00399467377
79631,79637,81124,6,1487,2,7200,1.00403496974
79717,79723,81228,6,1505,2,7200,1.00398671096
79756,79762,81374,6,1612,2,7200,1.00372208437
79773,79780,81185,7,1405,2,7200,1.00498220641
79834,79840,81421,6,1581,2,7200,1.00379506641
79885,79891,81624,6,1733,2,7200,1.00346220427
79922,79928,81441,6,1513,2,7200,1.0039656312
79969,79975,81693,6,1718,2,7200,1.00349243306
79990,79996,81641,6,1645,2,7200,1.00364741641
79992,80004,81432,12,1428,2,7200,1.00840336134
80010,80016,81560,6,1544,2,7200,1.00388601036
80011,80023,81626,12,1603,2,7200,1.00748596382
80013,80029,81589,16,1560,2,7200,1.01025641026
80099,80106,81496,7,1390,2,7200,1.00503597122
80152,80158,81662,6,1504,2,7200,1.0039893617
80274,80280,81815,6,1535,2,7200,1.00390879479
80336,80343,81802,7,1459,2,7200,1.00479780672
80468,80474,81898,6,1424,2,7200,1.00421348315
80485,80491,81955,6,1464,2,7200,1.00409836066
80546,80552,82117,6,1565,2,7200,1.00383386581
80583,80589,82248,6,1659,2,7200,1.00361663653
80606,80612,82251,6,1639,2,7200,1.00366076876
80623,80629,82092,6,1463,2,7200,1.004101162
80643,80649,82230,6,1581,2,7200,1.00379506641
80712,80718,82231,6,1513,2,7200,1.0039656312
80779,80784,82330,5,1546,2,7200,1.00323415265
80800,80806,82249,6,1443,2,7200,1.00415800416
80801,80814,82375,13,1561,2,7200,1.00832799488
80819,80825,82474,6,1649,2,7200,1.00363856883
80837,80844,82431,7,1587,2,7200,1.00441083806
80855,80861,82397,6,1536,2,7200,1.00390625
80856,80867,82492,11,1625,2,7200,1.00676923077
80874,80880,82315,6,1435,2,7200,1.00418118467
80892,80898,82396,6,1498,2,7200,1.00400534045
80979,80985,82553,6,1568,2,7200,1.00382653061
80981,80991,82541,10,1550,2,7200,1.0064516129
80998,81005,82416,7,1411,2,7200,1.00496102055
81109,81116,82692,7,1576,2,7200,1.00444162437
81127,81133,82612,6,1479,2,7200,1.00405679513
81188,81195,82653,7,1458,2,7200,1.00480109739
81190,81201,83026,11,1825,2,7200,1.00602739726
81232,81238,82713,6,1475,2,7200,1.00406779661
81376,81382,82977,6,1595,2,7200,1.00376175549
81425,81432,82918,7,1486,2,7200,1.00471063257
81442,81448,83669,6,2221,2,7200,1.00270148582
81443,81454,82953,11,1499,2,7200,1.00733822548
81499,81505,82963,6,1458,2,7200,1.00411522634
81562,81568,82939,6,1371,2,7200,1.00437636761
81591,81597,83220,6,1623,2,7200,1.00369685767
81628,81634,83170,6,1536,2,7200,1.00390625
81630,81642,83248,12,1606,2,7200,1.00747198007
81647,81652,83194,5,1542,2,7200,1.00324254215
81664,81670,83323,6,1653,2,7200,1.00362976407
81697,81703,83148,6,1445,2,7200,1.00415224913
81804,81810,83444,6,1634,2,7200,1.00367197062
81821,81828,83280,7,1452,2,7200,1.00482093664
81900,81906,83450,6,1544,2,7200,1.00388601036
81958,81964,83458,6,1494,2,7200,1.00401606426
82095,82102,83700,7,1598,2,7200,1.00438047559
82119,82125,83728,6,1603,2,7200,1.00374298191
82232,82239,83971,7,1732,2,7200,1.00404157044
82234,82247,83814,13,1567,2,7200,1.00829610721
82253,82259,83882,6,1623,2,7200,1.00369685767
82254,82266,83797,12,1531,2,7200,1.00783801437
82256,82271,83801,15,1530,2,7200,1.00980392157
82316,82322,83795,6,1473,2,7200,1.00407331976
82333,82339,83938,6,1599,2,7200,1.00375234522
82378,82384,84023,6,1639,2,7200,1.00366076876
82398,82404,83986,6,1582,2,7200,1.00379266751
82399,82412,84214,13,1802,2,7200,1.00721420644
82419,82426,83897,7,1471,2,7200,1.00475866757
82436,82442,84029,6,1587,2,7200,1.00378071834
82478,82485,84178,7,1693,2,7200,1.00413467218
82495,82502,83964,7,1462,2,7200,1.0047879617
82544,82550,84187,6,1637,2,7200,1.0036652413
82562,82568,84005,6,1437,2,7200,1.00417536534
82616,82623,84406,7,1783,2,7200,1.00392596747
82656,82662,84220,6,1558,2,7200,1.00385109114
82694,82701,84386,7,1685,2,7200,1.00415430267
82714,82721,84133,7,1412,2,7200,1.00495750708
82922,82928,84533,6,1605,2,7200,1.00373831776
82942,82948,84578,6,1630,2,7200,1.0036809816
82959,82965,84549,6,1584,2,7200,1.00378787879
82977,82983,84505,6,1522,2,7200,1.00394218134
82979,82990,84557,11,1567,2,7200,1.00701978302
83031,83037,84579,6,1542,2,7200,1.00389105058
83151,83158,84780,7,1622,2,7200,1.00431565968
83172,83178,84629,6,1451,2,7200,1.00413507926
83197,83203,84621,6,1418,2,7200,1.00423131171
83224,83230,84769,6,1539,2,7200,1.00389863548
83251,83257,84871,6,1614,2,7200,1.00371747212
83284,83290,84744,6,1454,2,7200,1.00412654746
83326,83332,84808,6,1476,2,7200,1.00406504065
83447,83455,84985,8,1530,2,7200,1.00522875817
83465,83471,85106,6,1635,2,7200,1.00366972477
83466,83477,85147,11,1670,2,7200,1.00658682635
83672,83678,85231,6,1553,2,7200,1.00386349002
83702,83708,85294,6,1586,2,7200,1.00378310214
83732,83738,85344,6,1606,2,7200,1.00373599004
83799,83805,85377,6,1572,2,7200,1.00381679389
83800,83812,85440,12,1628,2,7200,1.00737100737
83818,83824,85447,6,1623,2,7200,1.00369685767
83820,83830,85397,10,1567,2,7200,1.00638162093
83888,83894,85387,6,1493,2,7200,1.00401875419
83905,83912,85358,7,1446,2,7200,1.00484094053
83942,83948,85364,6,1416,2,7200,1.00423728814
83965,83971,85572,6,1601,2,7200,1.00374765771
83982,83988,85531,6,1543,2,7200,1.00388852884
83999,84006,85643,7,1637,2,7200,1.00427611484
84017,84023,85597,6,1574,2,7200,1.00381194409
84034,84040,85725,6,1685,2,7200,1.00356083086
84036,84046,85513,10,1467,2,7200,1.00681663258
84092,84098,92311,6,8213,1,32400,1.00073054913
84138,84145,85725,7,1580,2,7200,1.00443037975
84147,84153,84155,6,2,2,3540,1.0
84181,84188,85645,7,1457,2,7200,1.00480439259
84198,84204,85708,6,1504,2,7200,1.0039893617
84218,84224,85858,6,1634,2,7200,1.00367197062
84235,84241,85762,6,1521,2,7200,1.00394477318
84390,84396,85983,6,1587,2,7200,1.00378071834
84407,84413,86007,6,1594,2,7200,1.00376411543
84513,84519,85919,6,1400,2,7200,1.00428571429
84544,84550,86035,6,1485,2,7200,1.00404040404
84575,84582,86116,7,1534,2,7200,1.00456323338
84577,84588,86096,11,1508,2,7200,1.00729442971
84597,84604,86406,7,1802,2,7200,1.0038845727
84599,84611,86171,12,1560,2,7200,1.00769230769
84626,84632,86231,6,1599,2,7200,1.00375234522
84646,84652,86305,6,1653,2,7200,1.00362976407
84747,84753,86310,6,1557,2,7200,1.00385356455
84774,84780,86290,6,1510,2,7200,1.00397350993
84791,84798,86461,7,1663,2,7200,1.00420926037
84812,84818,86357,6,1539,2,7200,1.00389863548
84874,84880,86344,6,1464,2,7200,1.00409836066
84988,84994,86589,6,1595,2,7200,1.00376175549
85111,85118,86788,7,1670,2,7200,1.00419161677
85150,85156,86606,6,1450,2,7200,1.00413793103
85234,85240,86785,6,1545,2,7200,1.00388349515
85298,85304,86910,6,1606,2,7200,1.00373599004
85346,85353,86800,7,1447,2,7200,1.00483759502
85363,85369,86846,6,1477,2,7200,1.00406228842
85381,85387,87439,6,2052,2,7200,1.00292397661
85382,85394,86811,12,1417,2,7200,1.00846859562
85400,85406,86913,6,1507,2,7200,1.00398142004
85402,85414,87087,12,1673,2,7200,1.00717274357
85440,85446,86927,6,1481,2,7200,1.00405131668
85458,85464,87045,6,1581,2,7200,1.00379506641
85513,85519,87075,6,1556,2,7200,1.00385604113
85533,85539,86938,6,1399,2,7200,1.0042887777
85577,85583,87027,6,1444,2,7200,1.00415512465
85600,85607,87002,7,1395,2,7200,1.00501792115
85646,85652,87134,6,1482,2,7200,1.004048583
85647,85658,87223,11,1565,2,7200,1.00702875399
85711,85717,87274,6,1557,2,7200,1.00385356455
85728,85734,87291,6,1557,2,7200,1.00385356455
85730,85741,87246,11,1505,2,7200,1.0073089701
85766,85772,87327,6,1555,2,7200,1.0038585209
85860,85868,87328,8,1460,2,7200,1.00547945205
85921,85927,87522,6,1595,2,7200,1.00376175549
85985,85991,87556,6,1565,2,7200,1.00383386581
86012,86018,87534,6,1516,2,7200,1.00395778364
86038,86044,87508,6,1464,2,7200,1.00409836066
86100,86106,87607,6,1501,2,7200,1.00399733511
86121,86127,87677,6,1550,2,7200,1.00387096774
86175,86183,87784,8,1601,2,7200,1.00499687695
86237,86243,87875,6,1632,2,7200,1.00367647059
86292,86298,87841,6,1543,2,7200,1.00388852884
86309,86315,87870,6,1555,2,7200,1.0038585209
86326,86332,87812,6,1480,2,7200,1.00405405405
86347,86353,87897,6,1544,2,7200,1.00388601036
86365,86371,87954,6,1583,2,7200,1.00379027164
86408,86415,87976,7,1561,2,7200,1.00448430493
86464,86470,87883,6,1413,2,7200,1.0042462845
86593,86599,88206,6,1607,2,7200,1.00373366521
86610,86616,88043,6,1427,2,7200,1.00420462509
86787,86793,88314,6,1521,2,7200,1.00394477318
86789,86800,88181,11,1381,2,7200,1.00796524258
86807,86813,88367,6,1554,2,7200,1.00386100386
86825,86831,88462,6,1631,2,7200,1.00367872471
86849,86855,88353,6,1498,2,7200,1.00400534045
86913,86919,88365,6,1446,2,7200,1.00414937759
86930,86936,88364,6,1428,2,7200,1.00420168067
86931,86943,88575,12,1632,2,7200,1.00735294118
86948,86954,88522,6,1568,2,7200,1.00382653061
87006,87012,88523,6,1511,2,7200,1.00397088021
87029,87035,88562,6,1527,2,7200,1.00392927308
87049,87056,89345,7,2289,2,7200,1.00305810398
87080,87086,88594,6,1508,2,7200,1.00397877984
87097,87103,88627,6,1524,2,7200,1.00393700787
87139,87145,88701,6,1556,2,7200,1.00385604113
87228,87234,88813,6,1579,2,7200,1.00379987334
87248,87254,88736,6,1482,2,7200,1.004048583
87278,87284,88731,6,1447,2,7200,1.00414651002
87296,87302,88827,6,1525,2,7200,1.00393442623
87329,87336,88881,7,1545,2,7200,1.00453074434
87331,87343,88874,12,1531,2,7200,1.00783801437
87442,87448,89099,6,1651,2,7200,1.00363416111
87511,87517,89120,6,1603,2,7200,1.00374298191
87529,87535,89136,6,1601,2,7200,1.00374765771
87546,87552,88983,6,1431,2,7200,1.00419287212
87564,87570,89258,6,1688,2,7200,1.00355450237
87609,87616,89109,7,1493,2,7200,1.00468854655
87680,87686,89304,6,1618,2,7200,1.00370828183
87788,87794,89338,6,1544,2,7200,1.00388601036
87815,87821,89307,6,1486,2,7200,1.00403768506
87842,87849,89418,7,1569,2,7200,1.00446144041
87873,87879,89290,6,1411,2,7200,1.00425230333
87891,87897,89423,6,1526,2,7200,1.00393184797
87892,87904,89704,12,1800,2,7200,1.00666666667
87910,87916,89458,6,1542,2,7200,1.00389105058
87958,87965,89417,7,1452,2,7200,1.00482093664
87979,87985,89498,6,1513,2,7200,1.0039656312
88047,88053,89607,6,1554,2,7200,1.00386100386
88185,88191,89710,6,1519,2,7200,1.00394996708
88211,88217,89806,6,1589,2,7200,1.00377595972
88318,88324,89892,6,1568,2,7200,1.00382653061
88360,88366,90056,6,1690,2,7200,1.00355029586
88378,88384,90026,6,1642,2,7200,1.00365408039
88379,88391,89950,12,1559,2,7200,1.00769724182
88381,88396,89777,15,1381,2,7200,1.01086169442
88466,88472,90032,6,1560,2,7200,1.00384615385
88525,88531,90050,6,1519,2,7200,1.00394996708
88526,88539,90147,13,1608,2,7200,1.00808457711
88565,88571,90085,6,1514,2,7200,1.00396301189
88582,88588,90125,6,1537,2,7200,1.00390370852
88599,88606,90170,7,1564,2,7200,1.00447570332
88631,88638,90528,7,1890,2,7200,1.0037037037
88706,88712,90202,6,1490,2,7200,1.00402684564
88735,88741,90264,6,1523,2,7200,1.00393959291
88752,88758,90274,6,1516,2,7200,1.00395778364
88817,88823,90364,6,1541,2,7200,1.0038935756
88834,88840,90389,6,1549,2,7200,1.00387346675
88877,88883,90287,6,1404,2,7200,1.00427350427
88893,88899,90482,6,1583,2,7200,1.00379027164
88986,88993,90619,7,1626,2,7200,1.00430504305
89104,89110,90779,6,1669,2,7200,1.00359496705
89121,89127,90638,6,1511,2,7200,1.00397088021
89123,89133,90613,10,1480,2,7200,1.00675675676
89140,89146,90799,6,1653,2,7200,1.00362976407
89261,89268,90847,7,1579,2,7200,1.00443318556
89292,89298,90957,6,1659,2,7200,1.00361663653
89309,89315,90932,6,1617,2,7200,1.00371057514
89311,89322,90796,11,1474,2,7200,1.00746268657
89342,89348,90833,6,1485,2,7200,1.00404040404
89359,89365,91699,6,2334,2,7200,1.00257069409
89420,89426,91039,6,1613,2,7200,1.00371977681
89422,89434,90922,12,1488,2,7200,1.00806451613
89439,89446,91108,7,1662,2,7200,1.00421179302
89462,89469,91582,7,2113,2,7200,1.00331282537
89501,89508,91076,7,1568,2,7200,1.00446428571
89610,89617,91119,7,1502,2,7200,1.00466045273
89708,89714,91171,6,1457,2,7200,1.00411805079
89725,89732,91217,7,1485,2,7200,1.00471380471
89780,89786,91384,6,1598,2,7200,1.00375469337
89810,89817,91369,7,1552,2,7200,1.00451030928
89896,89902,91370,6,1468,2,7200,1.00408719346
89954,89960,91452,6,1492,2,7200,1.00402144772
90028,90035,91581,7,1546,2,7200,1.00452781371
90046,90052,91573,6,1521,2,7200,1.00394477318
90063,90070,91581,7,1511,2,7200,1.00463269358
90065,90076,91533,11,1457,2,7200,1.00754975978
90088,90095,91760,7,1665,2,7200,1.0042042042
90128,90134,91717,6,1583,2,7200,1.00379027164
90151,90158,91755,7,1597,2,7200,1.00438321853
90176,90182,91682,6,1500,2,7200,1.004
90206,90212,91805,6,1593,2,7200,1.00376647834
90267,90274,91886,7,1612,2,7200,1.00434243176
90285,90291,91785,6,1494,2,7200,1.00401606426
90303,90309,91912,6,1603,2,7200,1.00374298191
90368,90374,91854,6,1480,2,7200,1.00405405405
90392,90398,92027,6,1629,2,7200,1.00368324125
90485,90492,92076,7,1584,2,7200,1.00441919192
90531,90537,92185,6,1648,2,7200,1.0036407767
90620,90626,92240,6,1614,2,7200,1.00371747212
90622,90633,92433,11,1800,2,7200,1.00611111111
90642,90648,92031,6,1383,2,7200,1.00433839479
90781,90787,92215,6,1428,2,7200,1.00420168067
90798,90805,92398,7,1593,2,7200,1.00439422473
90816,90822,92316,6,1494,2,7200,1.00401606426
90837,90843,92406,6,1563,2,7200,1.00383877159
90854,90861,92240,7,1379,2,7200,1.00507614213
90927,90933,92493,6,1560,2,7200,1.00384615385
90944,90951,92568,7,1617,2,7200,1.00432900433
90961,90967,92594,6,1627,2,7200,1.0036877689
91040,91047,92616,7,1569,2,7200,1.00446144041
91079,91085,92479,6,1394,2,7200,1.00430416069
91112,91118,92679,6,1561,2,7200,1.00384368994
91129,91135,92610,6,1475,2,7200,1.00406779661
91174,91180,92889,6,1709,2,7200,1.00351082504
91219,91225,92744,6,1519,2,7200,1.00394996708
91372,91378,93024,6,1646,2,7200,1.00364520049
91374,91385,92942,11,1557,2,7200,1.00706486834
91392,91398,92869,6,1471,2,7200,1.00407885792
91455,91461,92966,6,1505,2,7200,1.00398671096
91535,91541,92905,6,1364,2,7200,1.00439882698
91577,91583,93236,6,1653,2,7200,1.00362976407
91595,91601,93189,6,1588,2,7200,1.00377833753
91597,91608,93082,11,1474,2,7200,1.00746268657
91598,91614,93105,16,1491,2,7200,1.01073105298
91684,91690,93277,6,1587,2,7200,1.00378071834
91701,91707,93278,6,1571,2,7200,1.00381922342
91719,91725,93220,6,1495,2,7200,1.00401337793
91758,91764,93475,6,1711,2,7200,1.00350672122
91774,91781,93355,7,1574,2,7200,1.00444726811
91792,91799,93403,7,1604,2,7200,1.00436408978
91810,91817,93405,7,1588,2,7200,1.00440806045
91856,91862,93416,6,1554,2,7200,1.00386100386
91891,91897,93369,6,1472,2,7200,1.00407608696
91914,91920,93387,6,1467,2,7200,1.00408997955
92032,92038,93498,6,1460,2,7200,1.00410958904
92034,92045,93477,11,1432,2,7200,1.00768156425
92080,92086,93649,6,1563,2,7200,1.00383877159
92187,92193,93765,6,1572,2,7200,1.00381679389
92217,92223,93886,6,1663,2,7200,1.00360793746
92242,92248,93921,6,1673,2,7200,1.00358637179
92243,92255,93733,12,1478,2,7200,1.00811907984
92320,92326,93856,6,1530,2,7200,1.00392156863
92400,92406,93979,6,1573,2,7200,1.00381436745
92417,92423,93918,6,1495,2,7200,1.00401337793
92434,92441,93996,7,1555,2,7200,1.00450160772
92484,92490,94034,6,1544,2,7200,1.00388601036
92501,92507,94179,6,1672,2,7200,1.00358851675
92571,92577,94262,6,1685,2,7200,1.00356083086
92598,92604,94225,6,1621,2,7200,1.00370141888
92615,92621,94150,6,1529,2,7200,1.00392413342
92632,92638,94258,6,1620,2,7200,1.0037037037
92682,92688,94210,6,1522,2,7200,1.00394218134
92746,92753,94243,7,1490,2,7200,1.00469798658
92872,92878,94401,6,1523,2,7200,1.00393959291
92892,92898,94369,6,1471,2,7200,1.00407885792
92910,92916,94460,6,1544,2,7200,1.00388601036
92946,92952,94523,6,1571,2,7200,1.00381922342
92970,92976,94524,6,1548,2,7200,1.00387596899
93027,93033,94551,6,1518,2,7200,1.00395256917
93085,93092,94823,7,1731,2,7200,1.00404390526
93109,93115,94735,6,1620,2,7200,1.0037037037
93193,93200,94713,7,1513,2,7200,1.00462656973
93224,93230,94810,6,1580,2,7200,1.00379746835
93241,93249,94736,8,1487,2,7200,1.00537995965
93281,93287,94833,6,1546,2,7200,1.00388098318
93282,93295,94799,13,1504,2,7200,1.00864361702
93359,93365,94881,6,1516,2,7200,1.00395778364
93376,93382,94780,6,1398,2,7200,1.00429184549
93394,93400,94971,6,1571,2,7200,1.00381922342
93412,93418,95027,6,1609,2,7200,1.00372902424
93413,93424,94840,11,1416,2,7200,1.00776836158
93430,93436,95024,6,1588,2,7200,1.00377833753
93480,93486,94989,6,1503,2,7200,1.00399201597
93481,93494,95021,13,1527,2,7200,1.00851342502
93502,93508,94929,6,1421,2,7200,1.00422237861
93653,93660,95102,7,1442,2,7200,1.00485436893
93737,93744,95295,7,1551,2,7200,1.00451321728
93768,93774,95275,6,1501,2,7200,1.00399733511
93858,93864,95393,6,1529,2,7200,1.00392413342
93888,93894,95491,6,1597,2,7200,1.00375704446
93920,93927,95512,7,1585,2,7200,1.00441640379
93922,93934,95497,12,1563,2,7200,1.00767754319
93984,93990,95460,6,1470,2,7200,1.00408163265
94002,94008,95492,6,1484,2,7200,1.00404312668
94037,94043,95593,6,1550,2,7200,1.00387096774
94153,94159,95645,6,1486,2,7200,1.00403768506
94183,94189,95719,6,1530,2,7200,1.00392156863
94216,94223,95655,7,1432,2,7200,1.00488826816
94234,94240,95710,6,1470,2,7200,1.00408163265
94251,94258,95960,7,1702,2,7200,1.00411280846
94269,94276,95829,7,1553,2,7200,1.00450740502
94271,94282,95899,11,1617,2,7200,1.00680272109
94372,94378,95841,6,1463,2,7200,1.004101162
94404,94410,95945,6,1535,2,7200,1.00390879479
94463,94469,95938,6,1469,2,7200,1.00408441116
94524,94530,96043,6,1513,2,7200,1.0039656312
94526,94537,96071,11,1534,2,7200,1.00717079531
94553,94560,96206,7,1646,2,7200,1.0042527339
94643,94649,94651,6,2,2,3540,1.0
94716,94722,96319,6,1597,2,7200,1.00375704446
94740,94746,96285,6,1539,2,7200,1.00389863548
94742,94752,96238,10,1486,2,7200,1.0067294751
94784,94790,96334,6,1544,2,7200,1.00388601036
94801,94807,96371,6,1564,2,7200,1.00383631714
94819,94825,96470,6,1645,2,7200,1.00364741641
94837,94843,96290,6,1447,2,7200,1.00414651002
94838,94849,96497,11,1648,2,7200,1.00667475728
94855,94862,96272,7,1410,2,7200,1.00496453901
94884,94890,96416,6,1526,2,7200,1.00393184797
94929,94935,96589,6,1654,2,7200,1.00362756953
94975,94981,96580,6,1599,2,7200,1.00375234522
94991,94997,96591,6,1594,2,7200,1.00376411543
95025,95031,96572,6,1541,2,7200,1.0038935756
95027,95038,96633,11,1595,2,7200,1.00689655172
95045,95051,96622,6,1571,2,7200,1.00381922342
95105,95111,96548,6,1437,2,7200,1.00417536534
95278,95284,96858,6,1574,2,7200,1.00381194409
95299,95305,96866,6,1561,2,7200,1.00384368994
95397,95403,96880,6,1477,2,7200,1.00406228842
95463,95469,96955,6,1486,2,7200,1.00403768506
95492,95498,97068,6,1570,2,7200,1.00382165605
95493,95505,96968,12,1463,2,7200,1.00820232399
95511,95517,97035,6,1518,2,7200,1.00395256917
95529,95535,97231,6,1696,2,7200,1.00353773585
95595,95601,97302,6,1701,2,7200,1.00352733686
95648,95654,97053,6,1399,2,7200,1.0042887777
95666,95672,98421,6,2749,2,7200,1.00218261186
95713,95719,97232,6,1513,2,7200,1.0039656312
95715,95726,95901,11,175,1,3600,1.06285714286
95730,95736,97342,6,1606,2,7200,1.00373599004
95832,95838,97498,6,1660,2,7200,1.00361445783
95850,95856,97401,6,1545,2,7200,1.00388349515
95902,95911,97496,9,1585,2,7200,1.00567823344
95943,95949,97465,6,1516,2,7200,1.00395778364
95960,95966,97507,6,1541,2,7200,1.0038935756
95962,95973,97644,11,1671,2,7200,1.0065828845
96045,96051,97685,6,1634,2,7200,1.00367197062
96072,96078,97539,6,1461,2,7200,1.00410677618
96079,96085,96425,6,340,1,3600,1.01764705882
96211,96217,97733,6,1516,2,7200,1.00395778364
96240,96246,97748,6,1502,2,7200,1.00399467377
96280,96286,97960,6,1674,2,7200,1.00358422939
96298,96304,97744,6,1440,2,7200,1.00416666667
96300,96311,97892,11,1581,2,7200,1.00695762176
96324,96331,97790,7,1459,2,7200,1.00479780672
96341,96347,97897,6,1550,2,7200,1.00387096774
96374,96380,97823,6,1443,2,7200,1.00415800416
96420,96427,97997,7,1570,2,7200,1.00445859873
96475,96481,97982,6,1501,2,7200,1.00399733511
96501,96507,98004,6,1497,2,7200,1.00400801603
96548,96555,98099,7,1544,2,7200,1.00453367876
96577,96583,98145,6,1562,2,7200,1.00384122919
96595,96601,98079,6,1478,2,7200,1.00405953992
96596,96608,98151,12,1543,2,7200,1.00777705768
96598,96614,98277,16,1663,2,7200,1.00962116657
96626,96632,98144,6,1512,2,7200,1.00396825397
96643,96650,97986,7,1336,2,7200,1.00523952096
96788,96794,97587,6,793,1,3600,1.00756620429
96862,96868,98477,6,1609,2,7200,1.00372902424
96880,96886,98506,6,1620,2,7200,1.0037037037
96882,96893,98525,11,1632,2,7200,1.00674019608
96956,96963,98664,7,1701,2,7200,1.00411522634
96974,96980,98417,6,1437,2,7200,1.00417536534
97038,97044,98480,6,1436,2,7200,1.00417827298
97056,97062,98617,6,1555,2,7200,1.0038585209
97073,97079,98746,6,1667,2,7200,1.00359928014
97235,97243,98792,8,1549,2,7200,1.00516462234
97237,97250,98787,13,1537,2,7200,1.00845803513
97305,97313,98899,8,1586,2,7200,1.00504413619
97345,97351,98915,6,1564,2,7200,1.00383631714
97402,97409,98832,7,1423,2,7200,1.00491918482
97470,97477,99004,7,1527,2,7200,1.00458415193
97500,97506,99083,6,1577,2,7200,1.00380469245
97502,97513,99154,11,1641,2,7200,1.00670322974
97520,97526,98961,6,1435,2,7200,1.00418118467
97544,97550,99114,6,1564,2,7200,1.00383631714
97647,97653,99225,6,1572,2,7200,1.00381679389
97686,97693,99246,7,1553,2,7200,1.00450740502
97734,97740,99393,6,1653,2,7200,1.00362976407
97752,97758,99489,6,1731,2,7200,1.00346620451
97754,97764,99464,10,1700,2,7200,1.00588235294
97792,97798,99416,6,1618,2,7200,1.00370828183
97826,97832,99396,6,1564,2,7200,1.00383631714
97896,97902,99436,6,1534,2,7200,1.00391134289
97913,97919,99568,6,1649,2,7200,1.00363856883
97963,97969,99631,6,1662,2,7200,1.0036101083
97984,97990,99668,6,1678,2,7200,1.00357568534
98002,98008,99522,6,1514,2,7200,1.00396301189
98003,98014,99592,11,1578,2,7200,1.00697084918
98021,98027,99585,6,1558,2,7200,1.00385109114
98082,98088,99415,6,1327,2,7200,1.00452147702
98103,98109,99606,6,1497,2,7200,1.00400801603
98146,98152,99752,6,1600,2,7200,1.00375
98148,98158,99641,10,1483,2,7200,1.00674308833
98166,98173,99738,7,1565,2,7200,1.00447284345
98281,98287,99874,6,1587,2,7200,1.00378071834
98421,98427,100060,6,1633,2,7200,1.00367421923
98422,98434,100056,12,1622,2,7200,1.00739827374
98479,98485,99992,6,1507,2,7200,1.00398142004
98498,98504,99998,6,1494,2,7200,1.00401606426
98516,98523,100070,7,1547,2,7200,1.00452488688
98534,98541,100082,7,1541,2,7200,1.00454250487
98620,98626,100110,6,1484,2,7200,1.00404312668
98668,98674,100116,6,1442,2,7200,1.00416088766
98750,98757,100351,7,1594,2,7200,1.00439146801
98790,98796,100393,6,1597,2,7200,1.00375704446
98808,98814,100437,6,1623,2,7200,1.00369685767
98835,98841,100367,6,1526,2,7200,1.00393184797
98851,98857,98977,6,120,1,3600,1.05
98902,98908,100485,6,1577,2,7200,1.00380469245
98919,98926,100362,7,1436,2,7200,1.00487465181
98965,98971,100779,6,1808,2,7200,1.00331858407
99008,99014,100643,6,1629,2,7200,1.00368324125
99087,99095,100702,8,1607,2,7200,1.00497822029
99119,99125,100599,6,1474,2,7200,1.00407055631
99159,99165,100851,6,1686,2,7200,1.00355871886
99159,99170,99490,11,320,1,3600,1.034375
99227,99233,100830,6,1597,2,7200,1.00375704446
99250,99256,100784,6,1528,2,7200,1.00392670157
99288,99294,99470,6,176,1,3600,1.03409090909
99396,99403,100976,7,1573,2,7200,1.00445009536
99398,99410,100834,12,1424,2,7200,1.00842696629
99420,99426,100955,6,1529,2,7200,1.00392413342
99421,99434,100890,13,1456,2,7200,1.00892857143
99442,99449,100947,7,1498,2,7200,1.0046728972
99467,99473,101183,6,1710,2,7200,1.00350877193
99491,99497,101088,6,1591,2,7200,1.00377121307
99525,99531,101257,6,1726,2,7200,1.00347624565
99571,99578,101051,7,1473,2,7200,1.00475220638
99589,99595,101203,6,1608,2,7200,1.00373134328
99606,99612,101215,6,1603,2,7200,1.00374298191
99608,99619,101221,11,1602,2,7200,1.00686641698
99637,99643,101270,6,1627,2,7200,1.0036877689
99649,99655,100001,6,346,1,3600,1.01734104046
99655,99661,101279,6,1618,2,7200,1.00370828183
99673,99679,101444,6,1765,2,7200,1.00339943343
99741,99747,101251,6,1504,2,7200,1.0039893617
99760,99766,101300,6,1534,2,7200,1.00391134289
99878,99884,101425,6,1541,2,7200,1.0038935756
99993,100000,101629,7,1629,2,7200,1.00429711479
99994,100005,100625,11,620,1,3600,1.01774193548
100012,100019,101678,7,1659,2,7200,1.00421940928
100062,100068,101533,6,1465,2,7200,1.00409556314
100063,100074,101708,11,1634,2,7200,1.00673194614
100081,100087,101546,6,1459,2,7200,1.00411240576
100099,100105,101768,6,1663,2,7200,1.00360793746
100117,100123,101691,6,1568,2,7200,1.00382653061
100119,100130,101541,11,1411,2,7200,1.00779588944
100357,100363,101952,6,1589,2,7200,1.00377595972
100370,100377,101154,7,777,1,3600,1.00900900901
100376,100385,101943,9,1558,2,7200,1.00577663671
100377,100390,101933,13,1543,2,7200,1.00842514582
100396,100402,102004,6,1602,2,7200,1.00374531835
100439,100445,102044,6,1599,2,7200,1.00375234522
100486,100492,102052,6,1560,2,7200,1.00384615385
100602,100608,102187,6,1579,2,7200,1.00379987334
100646,100652,102207,6,1555,2,7200,1.0038585209
100705,100711,102149,6,1438,2,7200,1.00417246175
100784,100790,102365,6,1575,2,7200,1.00380952381
100786,100797,102216,11,1419,2,7200,1.00775193798
100835,100841,102390,6,1549,2,7200,1.00387346675
100837,100848,102355,11,1507,2,7200,1.00729927007
100855,100861,102514,6,1653,2,7200,1.00362976407
100894,100901,102445,7,1544,2,7200,1.00453367876
100949,100955,102490,6,1535,2,7200,1.00390879479
100966,100972,102503,6,1531,2,7200,1.00391900718
100983,100989,102580,6,1591,2,7200,1.00377121307
101054,101060,102587,6,1527,2,7200,1.00392927308
101091,101097,102486,6,1389,2,7200,1.00431965443
101185,101191,102751,6,1560,2,7200,1.00384615385
101205,101211,102765,6,1554,2,7200,1.00386100386
101223,101229,102846,6,1617,2,7200,1.00371057514
101225,101235,102690,10,1455,2,7200,1.00687285223
101252,101258,102946,6,1688,2,7200,1.00355450237
101269,101276,102878,7,1602,2,7200,1.00436953808
101271,101283,102936,12,1653,2,7200,1.00725952813
101289,101295,102885,6,1590,2,7200,1.00377358491
101307,101313,102948,6,1635,2,7200,1.00366972477
101430,101436,103040,6,1604,2,7200,1.00374064838
101447,101453,102745,6,1292,2,7200,1.00464396285
101536,101542,103167,6,1625,2,7200,1.00369230769
101555,101561,103066,6,1505,2,7200,1.00398671096
101556,101567,103119,11,1552,2,7200,1.00708762887
101633,101639,103179,6,1540,2,7200,1.0038961039
101681,101687,103246,6,1559,2,7200,1.00384862091
101698,101705,103247,7,1542,2,7200,1.00453955901
101716,101723,103357,7,1634,2,7200,1.00428396573
101772,101779,103277,7,1498,2,7200,1.0046728972
101938,101944,103470,6,1526,2,7200,1.00393184797
101956,101962,103571,6,1609,2,7200,1.00372902424
101958,101968,103482,10,1514,2,7200,1.00660501982
102008,102014,103705,6,1691,2,7200,1.00354819633
102047,102053,103547,6,1494,2,7200,1.00401606426
102065,102071,103598,6,1527,2,7200,1.00392927308
102152,102158,103700,6,1542,2,7200,1.00389105058
102192,102198,103771,6,1573,2,7200,1.00381436745
102209,102215,103808,6,1593,2,7200,1.00376647834
102226,102232,103761,6,1529,2,7200,1.00392413342
102360,102366,104050,6,1684,2,7200,1.00356294537
102378,102384,104188,6,1804,2,7200,1.00332594235
102396,102402,103946,6,1544,2,7200,1.00388601036
102401,102408,102523,7,115,1,3600,1.06086956522
102449,102455,104098,6,1643,2,7200,1.00365185636
102489,102496,104124,7,1628,2,7200,1.0042997543
102491,102503,104032,12,1529,2,7200,1.00784826684
102510,102516,104033,6,1517,2,7200,1.00395517469
102528,102534,104038,6,1504,2,7200,1.0039893617
102581,102587,104120,6,1533,2,7200,1.00391389432
102599,102605,104075,6,1470,2,7200,1.00408163265
102693,102699,104647,6,1948,2,7200,1.00308008214
102698,102706,103032,8,326,1,3600,1.0245398773
102750,102756,104270,6,1514,2,7200,1.00396301189
102752,102763,104279,11,1516,2,7200,1.00725593668
102770,102777,104299,7,1522,2,7200,1.00459921156
102849,102855,104354,6,1499,2,7200,1.00400266845
102883,102889,104560,6,1671,2,7200,1.00359066427
102901,102907,104308,6,1401,2,7200,1.00428265525
102938,102944,104519,6,1575,2,7200,1.00380952381
102956,102962,104540,6,1578,2,7200,1.00380228137
102957,102968,104462,11,1494,2,7200,1.00736278447
103003,103010,103132,7,122,1,1800,1.05737704918
103045,103051,104600,6,1549,2,7200,1.00387346675
103069,103075,104655,6,1580,2,7200,1.00379746835
103123,103129,104693,6,1564,2,7200,1.00383631714
103165,103171,104865,6,1694,2,7200,1.00354191263
103183,103189,104727,6,1538,2,7200,1.00390117035
103249,103255,104648,6,1393,2,7200,1.00430725054
103250,103261,104870,11,1609,2,7200,1.00683654444
103281,103288,105030,7,1742,2,7200,1.00401836969
103361,103367,104840,6,1473,2,7200,1.00407331976
103435,103441,103559,6,118,1,1800,1.05084745763
103476,103483,104876,7,1393,2,7200,1.00502512563
103479,103490,104095,11,605,1,3600,1.01818181818
103494,103500,105162,6,1662,2,7200,1.0036101083
103551,103557,105109,6,1552,2,7200,1.00386597938
103575,103581,105255,6,1674,2,7200,1.00358422939
103603,103609,105144,6,1535,2,7200,1.00390879479
103704,103711,105240,7,1529,2,7200,1.00457815566
103705,103718,105221,13,1503,2,7200,1.00864936793
103765,103771,105349,6,1578,2,7200,1.00380228137
103783,103789,105438,6,1649,2,7200,1.00363856883
103811,103817,105421,6,1604,2,7200,1.00374064838
103951,103958,105527,7,1569,2,7200,1.00446144041
104034,104040,105575,6,1535,2,7200,1.00390879479
104036,104048,105577,12,1529,2,7200,1.00784826684
104054,104060,105632,6,1572,2,7200,1.00381679389
104055,104068,105687,13,1619,2,7200,1.00802964793
104079,104085,105733,6,1648,2,7200,1.0036407767
104100,104106,105634,6,1528,2,7200,1.00392670157
104124,104130,105720,6,1590,2,7200,1.00377358491
104125,104137,105564,12,1427,2,7200,1.00840925018
104192,104198,105641,6,1443,2,7200,1.00415800416
104229,104235,104799,6,564,1,1800,1.01063829787
104272,104278,105800,6,1522,2,7200,1.00394218134
104289,104295,105811,6,1516,2,7200,1.00395778364
104305,104311,105770,6,1459,2,7200,1.00411240576
104324,104330,106001,6,1671,2,7200,1.00359066427
104357,104363,105997,6,1634,2,7200,1.00367197062
104464,104470,105913,6,1443,2,7200,1.00415800416
104523,104529,106031,6,1502,2,7200,1.00399467377
104544,104550,105911,6,1361,2,7200,1.00440852314
104565,104571,106185,6,1614,2,7200,1.00371747212
104604,104610,106177,6,1567,2,7200,1.00382897256
104650,104656,106220,6,1564,2,7200,1.00383631714
104651,104664,106258,13,1594,2,7200,1.00815558344
104669,104675,106133,6,1458,2,7200,1.00411522634
104697,104703,106221,6,1518,2,7200,1.00395256917
104729,104735,106083,6,1348,2,7200,1.00445103858
104844,104850,106385,6,1535,2,7200,1.00390879479
104868,104874,106073,6,1199,2,7200,1.00500417014
104886,104892,106580,6,1688,2,7200,1.00355450237
104888,104899,106317,11,1418,2,7200,1.0077574048
105031,105037,106674,6,1637,2,7200,1.0036652413
105113,105120,106676,7,1556,2,7200,1.00449871465
105146,105152,106739,6,1587,2,7200,1.00378071834
105164,105170,106679,6,1509,2,7200,1.00397614314
105223,105229,106978,6,1749,2,7200,1.00343053173
105244,105250,106914,6,1664,2,7200,1.00360576923
105262,105268,106741,6,1473,2,7200,1.00407331976
105352,105358,106963,6,1605,2,7200,1.00373831776
105425,105431,107123,6,1692,2,7200,1.00354609929
105442,105448,106959,6,1511,2,7200,1.00397088021
105532,105539,107087,7,1548,2,7200,1.00452196382
105566,105572,107088,6,1516,2,7200,1.00395778364
105583,105589,107175,6,1586,2,7200,1.00378310214
105584,105595,107199,11,1604,2,7200,1.00685785536
105635,105641,107262,6,1621,2,7200,1.00370141888
105636,105648,107271,12,1623,2,7200,1.00739371534
105654,105660,107146,6,1486,2,7200,1.00403768506
105691,105697,107255,6,1558,2,7200,1.00385109114
105722,105728,107186,6,1458,2,7200,1.00411522634
105740,105745,107337,5,1592,2,7200,1.00314070352
105773,105779,107436,6,1657,2,7200,1.00362100181
105803,105809,107234,6,1425,2,7200,1.00421052632
105820,105826,107698,6,1872,2,7200,1.00320512821
105913,105920,107606,7,1686,2,7200,1.00415183867
105915,105926,107441,11,1515,2,7200,1.00726072607
106001,106007,107690,6,1683,2,7200,1.00356506239
106003,106015,107549,12,1534,2,7200,1.00782268579
106032,106039,107703,7,1664,2,7200,1.00420673077
106075,106081,107584,6,1503,2,7200,1.00399201597
106092,106099,107559,7,1460,2,7200,1.00479452055
106136,106142,107614,6,1472,2,7200,1.00407608696
106182,106188,107715,6,1527,2,7200,1.00392927308
106199,106205,107797,6,1592,2,7200,1.00376884422
106224,106230,107710,6,1480,2,7200,1.00405405405
106225,106237,107704,12,1467,2,7200,1.0081799591
106262,106268,107746,6,1478,2,7200,1.00405953992
106319,106325,107874,6,1549,2,7200,1.00387346675
106389,106395,107884,6,1489,2,7200,1.00402955003
106509,106515,106567,6,52,1,1800,1.11538461538
106584,106590,108031,6,1441,2,7200,1.00416377516
106636,106642,106756,6,114,1,1800,1.05263157895
106675,106681,108296,6,1615,2,7200,1.00371517028
106677,106687,108261,10,1574,2,7200,1.00635324015
106693,106699,108340,6,1641,2,7200,1.00365630713
106743,106749,108165,6,1416,2,7200,1.00423728814
106744,106755,108237,11,1482,2,7200,1.00742240216
106887,106893,106978,6,85,1,1800,1.07058823529
106918,106924,108421,6,1497,2,7200,1.00400801603
106961,106967,108316,6,1349,2,7200,1.00444773907
106979,106988,108540,9,1552,2,7200,1.00579896907
106981,106994,108447,13,1453,2,7200,1.00894700619
107079,107085,107200,6,115,1,1800,1.05217391304
107090,107096,108709,6,1613,2,7200,1.00371977681
107091,107104,108704,13,1600,2,7200,1.008125
107128,107134,108609,6,1475,2,7200,1.00406779661
107149,107155,108742,6,1587,2,7200,1.00378071834
107179,107185,108793,6,1608,2,7200,1.00373134328
107197,107203,108695,6,1492,2,7200,1.00402144772
107215,107221,108836,6,1615,2,7200,1.00371517028
107238,107244,108750,6,1506,2,7200,1.00398406375
107259,107265,108880,6,1615,2,7200,1.00371517028
107277,107282,108781,5,1499,2,7200,1.00333555704
107278,107289,108913,11,1624,2,7200,1.00677339901
107341,107347,108930,6,1583,2,7200,1.00379027164
107438,107444,108913,6,1469,2,7200,1.00408441116
107456,107462,108949,6,1487,2,7200,1.00403496974
107553,107559,109011,6,1452,2,7200,1.0041322314
107571,107577,109230,6,1653,2,7200,1.00362976407
107588,107595,109300,7,1705,2,7200,1.00410557185
107610,107616,109252,6,1636,2,7200,1.00366748166
107628,107634,109270,6,1636,2,7200,1.00366748166
107693,107699,109310,6,1611,2,7200,1.00372439479
107711,107717,109293,6,1576,2,7200,1.0038071066
107712,107724,109248,12,1524,2,7200,1.00787401575
107714,107730,109324,16,1594,2,7200,1.01003764115
107721,107737,109268,16,1531,2,7200,1.01045068583
107741,107747,109126,6,1379,2,7200,1.00435097897
107759,107765,109417,6,1652,2,7200,1.00363196126
107799,107806,109270,7,1464,2,7200,1.00478142077
107827,107833,108129,6,296,1,1800,1.02027027027
107875,107881,109542,6,1661,2,7200,1.00361228176
107875,107887,108472,12,585,1,1800,1.02051282051
107893,107899,109593,6,1694,2,7200,1.00354191263
108033,108039,109549,6,1510,2,7200,1.00397350993
108169,108176,109712,7,1536,2,7200,1.00455729167
108240,108246,109854,6,1608,2,7200,1.00373134328
108264,108270,109865,6,1595,2,7200,1.00376175549
108297,108303,109890,6,1587,2,7200,1.00378071834
108321,108327,109851,6,1524,2,7200,1.00393700787
108344,108350,109885,6,1535,2,7200,1.00390879479
108424,108430,109976,6,1546,2,7200,1.00388098318
108450,108457,109975,7,1518,2,7200,1.0046113307
108543,108549,110152,6,1603,2,7200,1.00374298191
108612,108619,110073,7,1454,2,7200,1.00481430536
108698,108704,110193,6,1489,2,7200,1.00402955003
108716,108722,110120,6,1398,2,7200,1.00429184549
108718,108728,110361,10,1633,2,7200,1.00612369871
108745,108751,110229,6,1478,2,7200,1.00405953992
108764,108770,110373,6,1603,2,7200,1.00374298191
108784,108791,110446,7,1655,2,7200,1.00422960725
108802,108808,110268,6,1460,2,7200,1.00410958904
108838,108844,110339,6,1495,2,7200,1.00401337793
108885,108891,110496,6,1605,2,7200,1.00373831776
108914,108921,110341,7,1420,2,7200,1.00492957746
108916,108928,110482,12,1554,2,7200,1.00772200772
108933,108939,110433,6,1494,2,7200,1.00401606426
108954,108961,110524,7,1563,2,7200,1.00447856686
109016,109023,110619,7,1596,2,7200,1.00438596491
109129,109135,110726,6,1591,2,7200,1.00377121307
109234,109241,110685,7,1444,2,7200,1.00484764543
109252,109258,111093,6,1835,2,7200,1.00326975477
109253,109264,110897,11,1633,2,7200,1.00673606859
109272,109278,110765,6,1487,2,7200,1.00403496974
109273,109285,110802,12,1517,2,7200,1.00791034937
109275,109290,110968,15,1678,2,7200,1.00893921335
109296,109302,110830,6,1528,2,7200,1.00392670157
109314,109320,110923,6,1603,2,7200,1.00374298191
109316,109327,110874,11,1547,2,7200,1.00711053652
109333,109339,111033,6,1694,2,7200,1.00354191263
109420,109426,110934,6,1508,2,7200,1.00397877984
109545,109551,110974,6,1423,2,7200,1.00421644413
109563,109569,111009,6,1440,2,7200,1.00416666667
109597,109603,111208,6,1605,2,7200,1.00373831776
109717,109724,111296,7,1572,2,7200,1.00445292621
109856,109862,111666,6,1804,2,7200,1.00332594235
109857,109869,111284,12,1415,2,7200,1.00848056537
109874,109880,111438,6,1558,2,7200,1.00385109114
109892,109898,111611,6,1713,2,7200,1.00350262697
109894,109904,111494,10,1590,2,7200,1.00628930818
109978,109984,111449,6,1465,2,7200,1.00409556314
109979,109992,111597,13,1605,2,7200,1.00809968847
110077,110085,111736,8,1651,2,7200,1.00484554815
110124,110131,111508,7,1377,2,7200,1.00508351489
110154,110160,111585,6,1425,2,7200,1.00421052632
110197,110203,111663,6,1460,2,7200,1.00410958904
110234,110240,111837,6,1597,2,7200,1.00375704446
110270,110276,111668,6,1392,2,7200,1.00431034483
110343,110349,111790,6,1441,2,7200,1.00416377516
110344,110355,111940,11,1585,2,7200,1.00694006309
110365,110371,112009,6,1638,2,7200,1.00366300366
110382,110388,112017,6,1629,2,7200,1.00368324125
110434,110441,111986,7,1545,2,7200,1.00453074434
110452,110458,111929,6,1471,2,7200,1.00407885792
110474,110480,110530,6,50,1,1800,1.12
110486,110492,111982,6,1490,2,7200,1.00402684564
110503,110509,112040,6,1531,2,7200,1.00391900718
110526,110532,112204,6,1672,2,7200,1.00358851675
110622,110628,112220,6,1592,2,7200,1.00376884422
110689,110696,112225,7,1529,2,7200,1.00457815566
110729,110735,112289,6,1554,2,7200,1.00386100386
110769,110775,112454,6,1679,2,7200,1.00357355569
110806,110812,112322,6,1510,2,7200,1.00397350993
110833,110839,112319,6,1480,2,7200,1.00405405405
110867,110874,110947,7,73,1,1800,1.09589041096
110879,110885,112557,6,1672,2,7200,1.00358851675
110899,110905,112288,6,1383,2,7200,1.00433839479
110927,110934,112447,7,1513,2,7200,1.00462656973
110944,110950,112399,6,1449,2,7200,1.00414078675
110972,110978,112539,6,1561,2,7200,1.00384368994
110989,110996,112577,7,1581,2,7200,1.00442757748
111013,111019,112623,6,1604,2,7200,1.00374064838
111037,111043,112724,6,1681,2,7200,1.00356930399
111097,111103,112703,6,1600,2,7200,1.00375
111212,111218,112699,6,1481,2,7200,1.00405131668
111269,111275,129292,6,18017,1,18000,1.00033301882
111291,111297,112725,6,1428,2,7200,1.00420168067
111309,111315,112852,6,1537,2,7200,1.00390370852
111442,111449,112950,7,1501,2,7200,1.00466355763
111460,111466,113015,6,1549,2,7200,1.00387346675
111496,111502,113074,6,1572,2,7200,1.00381679389
111514,111519,113353,5,1834,2,7200,1.00272628135
111589,111595,113097,6,1502,2,7200,1.00399467377
111608,111615,113193,7,1578,2,7200,1.00443599493
111626,111633,113186,7,1553,2,7200,1.00450740502
111670,111676,113225,6,1549,2,7200,1.00387346675
111671,111683,113114,12,1431,2,7200,1.00838574423
111673,111688,113241,15,1553,2,7200,1.00965872505
111738,111745,113301,7,1556,2,7200,1.00449871465
111795,111801,113414,6,1613,2,7200,1.00371977681
111840,111846,113289,6,1443,2,7200,1.00415800416
111931,111937,113430,6,1493,2,7200,1.00401875419
111948,111954,113466,6,1512,2,7200,1.00396825397
111962,111968,112260,6,292,1,1800,1.02054794521
111985,111991,113536,6,1545,2,7200,1.00388349515
112003,112009,113648,6,1639,2,7200,1.00366076876
112021,112027,113588,6,1561,2,7200,1.00384368994
112023,112035,113537,12,1502,2,7200,1.00798934754
112043,112049,113670,6,1621,2,7200,1.00370141888
112209,112216,113674,7,1458,2,7200,1.00480109739
112227,112233,113948,6,1715,2,7200,1.00349854227
112228,112240,113778,12,1538,2,7200,1.0078023407
112291,112297,113826,6,1529,2,7200,1.00392413342
112292,112303,113767,11,1464,2,7200,1.0075136612
112324,112331,113907,7,1576,2,7200,1.00444162437
112326,112337,113838,11,1501,2,7200,1.0073284477
112404,112410,114002,6,1592,2,7200,1.00376884422
112452,112458,113887,6,1429,2,7200,1.00419874038
112469,112475,113975,6,1500,2,7200,1.004
112542,112549,114035,7,1486,2,7200,1.00471063257
112560,112566,114140,6,1574,2,7200,1.00381194409
112580,112586,114074,6,1488,2,7200,1.00403225806
112626,112632,114197,6,1565,2,7200,1.00383386581
112703,112709,114429,6,1720,2,7200,1.00348837209
112705,112716,114509,11,1793,2,7200,1.00613496933
112726,112733,114316,7,1583,2,7200,1.00442198358
112728,112741,114324,13,1583,2,7200,1.00821225521
112855,112861,114291,6,1430,2,7200,1.0041958042
112917,112924,127986,7,15062,1,25200,1.00046474572
112953,112959,114550,6,1591,2,7200,1.00377121307
113019,113025,114809,6,1784,2,7200,1.0033632287
113076,113082,114600,6,1518,2,7200,1.00395256917
113103,113109,114627,6,1518,2,7200,1.00395256917
113121,113127,114591,6,1464,2,7200,1.00409836066
113190,113196,114919,6,1723,2,7200,1.00348229832
113207,113214,114744,7,1530,2,7200,1.0045751634
113229,113235,114926,6,1691,2,7200,1.00354819633
113245,113252,115004,7,1752,2,7200,1.00399543379
113291,113297,114764,6,1467,2,7200,1.00408997955
113308,113315,114670,7,1355,2,7200,1.00516605166
113357,113363,114818,6,1455,2,7200,1.00412371134
113417,113424,115010,7,1586,2,7200,1.00441361917
113435,113441,114935,6,1494,2,7200,1.00401606426
113468,113474,115065,6,1591,2,7200,1.00377121307
113539,113545,115320,6,1775,2,7200,1.00338028169
113541,113553,115089,12,1536,2,7200,1.0078125
113592,113598,115233,6,1635,2,7200,1.00366972477
113651,113657,115210,6,1553,2,7200,1.00386349002
113674,113680,115172,6,1492,2,7200,1.00402144772
113692,113698,115098,6,1400,2,7200,1.00428571429
113769,113775,115121,6,1346,2,7200,1.0044576523
113786,113792,115172,6,1380,2,7200,1.00434782609
113828,113834,115434,6,1600,2,7200,1.00375
113846,113852,115514,6,1662,2,7200,1.0036101083
113889,113895,115478,6,1583,2,7200,1.00379027164
113910,113916,115470,6,1554,2,7200,1.00386100386
113953,113959,115485,6,1526,2,7200,1.00393184797
113976,113982,115404,6,1422,2,7200,1.00421940928
114006,114012,115289,6,1277,2,7200,1.00469851214
114037,114043,115574,6,1531,2,7200,1.00391900718
114077,114083,115566,6,1483,2,7200,1.004045853
114144,114151,115668,7,1517,2,7200,1.00461437047
114200,114206,115701,6,1495,2,7200,1.00401337793
114292,114298,115902,6,1604,2,7200,1.00374064838
114319,114325,115843,6,1518,2,7200,1.00395256917
114337,114343,115887,6,1544,2,7200,1.00388601036
114433,114439,116038,6,1599,2,7200,1.00375234522
114512,114518,116162,6,1644,2,7200,1.00364963504
114551,114557,116001,6,1444,2,7200,1.00415512465
114597,114603,116239,6,1636,2,7200,1.00366748166
114615,114621,116104,6,1483,2,7200,1.004045853
114632,114638,116263,6,1625,2,7200,1.00369230769
114674,114680,116101,6,1421,2,7200,1.00422237861
114748,114754,116357,6,1603,2,7200,1.00374298191
114769,114775,116306,6,1531,2,7200,1.00391900718
114809,114815,116331,6,1516,2,7200,1.00395778364
114827,114833,116271,6,1438,2,7200,1.00417246175
114924,114930,116464,6,1534,2,7200,1.00391134289
114942,114948,116418,6,1470,2,7200,1.00408163265
114943,114954,116537,11,1583,2,7200,1.00694883133
115008,115015,116506,7,1491,2,7200,1.00469483568
115026,115032,116490,6,1458,2,7200,1.00411522634
115069,115075,116598,6,1523,2,7200,1.00393959291
115092,115098,116594,6,1496,2,7200,1.00401069519
115109,115115,116644,6,1529,2,7200,1.00392413342
115127,115132,116644,5,1512,2,7200,1.00330687831
115175,115181,116644,6,1463,2,7200,1.004101162
115176,115188,116644,12,1456,2,7200,1.00824175824
115213,115219,116644,6,1425,2,7200,1.00421052632
115237,115243,116644,6,1401,2,7200,1.00428265525
115293,115299,116644,6,1345,2,7200,1.00446096654
115323,115329,116644,6,1315,2,7200,1.00456273764
115406,115413,116644,7,1231,2,7200,1.00568643379
115440,115446,116644,6,1198,2,7200,1.00500834725
115473,115480,116644,7,1164,2,7200,1.0060137457
115491,115497,116644,6,1147,2,7200,1.00523103749
115493,115503,116644,10,1141,2,7200,1.00876424189
115517,115523,116644,6,1121,2,7200,1.00535236396
115570,115576,116644,6,1068,2,7200,1.00561797753
115587,115594,116644,7,1050,2,7200,1.00666666667
115671,115677,116644,6,967,2,7200,1.00620475698
115705,115711,116644,6,933,2,7200,1.00643086817
115846,115853,116644,7,791,2,7200,1.00884955752
115891,115899,116645,8,746,2,7200,1.01072386059
115908,115915,116645,7,730,2,7200,1.0095890411
116005,116012,116645,7,633,2,7200,1.01105845182
116042,116049,116645,7,596,2,7200,1.01174496644
116104,116110,116645,6,535,2,7200,1.01121495327
116106,116118,116645,12,527,2,7200,1.02277039848
116166,116172,116645,6,473,2,7200,1.01268498943
116241,116247,116645,6,398,2,7200,1.01507537688
116265,116272,116645,7,373,2,7200,1.01876675603
116284,116290,116645,6,355,2,7200,1.01690140845
116311,116317,116645,6,328,2,7200,1.01829268293
116335,116341,116645,6,304,2,7200,1.01973684211
116359,116366,116645,7,279,2,7200,1.02508960573
116421,116428,116645,7,217,2,7200,1.03225806452
116467,116474,116645,7,171,2,7200,1.04093567251
116473,116480,118128,7,1648,8,6000,1.00424757282
116474,116485,118150,11,1665,8,6000,1.00660660661
116485,116491,118128,6,1637,8,6000,1.0036652413
116495,116502,118162,7,1660,8,6000,1.00421686747
116506,116512,118337,6,1825,8,6000,1.00328767123
116516,116522,118183,6,1661,8,6000,1.00361228176
116527,116533,118208,6,1675,8,6000,1.00358208955
116538,116544,118203,6,1659,8,6000,1.00361663653
116548,116554,116587,6,33,8,6000,1.18181818182
116559,116565,118281,6,1716,8,6000,1.0034965035
116569,116576,118218,7,1642,8,6000,1.00426309379
116580,116586,118368,6,1782,8,6000,1.00336700337
116590,116597,118259,7,1662,8,6000,1.00421179302
116601,116607,118288,6,1681,8,6000,1.00356930399
116611,116657,118352,46,1695,8,6000,1.02713864307
116663,116669,118353,6,1684,8,6000,1.00356294537
116673,116679,118393,6,1714,8,6000,1.00350058343
116684,116690,118359,6,1669,8,6000,1.00359496705
116695,116701,118381,6,1680,8,6000,1.00357142857
116705,116711,118392,6,1681,8,6000,1.00356930399
116715,116721,118319,6,1598,2,7200,1.00375469337
116721,116727,118297,6,1570,2,7200,1.00382165605
116723,116733,118325,10,1592,2,7200,1.00628140704
116730,116739,118141,9,1402,2,7200,1.00641940086
116736,116746,118527,10,1781,8,6000,1.00561482313
116747,116753,118433,6,1680,8,6000,1.00357142857
116747,117354,118962,607,1608,2,7200,1.37748756219
116865,126064,151309,9199,25245,1,25200,1.36438898792
116911,127055,152278,10144,25223,1,25200,1.40217262023
117355,118141,119709,786,1568,2,7200,1.5012755102
117862,120735,141285,2873,20550,1,25200,1.1398053528
118137,118148,119867,11,1719,8,6000,1.00639906923
118147,118154,119809,7,1655,8,6000,1.00422960725
118158,118164,119818,6,1654,8,6000,1.00362756953
118169,118175,119843,6,1668,8,6000,1.0035971223
118179,118195,119877,16,1682,8,6000,1.00951248514
118200,118215,119903,15,1688,8,6000,1.00888625592
118211,118221,119950,10,1729,8,6000,1.00578368999
118222,118231,119921,9,1690,8,6000,1.00532544379
118232,118271,119941,39,1670,8,6000,1.02335329341
118273,118294,119979,21,1685,8,6000,1.01246290801
118294,118300,119977,6,1677,8,6000,1.00357781753
118304,118348,120119,44,1771,8,6000,1.0248447205
118345,118364,120124,19,1760,8,6000,1.01079545455
118366,118373,118413,7,40,8,6000,1.175
118377,118383,120073,6,1690,8,6000,1.00355029586
118388,118394,120097,6,1703,8,6000,1.00352319436
118398,118404,120071,6,1667,8,6000,1.00359928014
118409,118415,118437,6,22,8,6000,1.27272727273
118420,118425,120338,5,1913,8,6000,1.00261369577
118430,118436,120112,6,1676,8,6000,1.00357995227
118441,118447,120157,6,1710,8,6000,1.00350877193
118451,118458,120129,7,1671,8,6000,1.00418910832
118462,118539,120233,77,1694,8,6000,1.04545454545
118544,118974,120718,430,1744,8,6000,1.24655963303
118588,126058,198271,7470,72213,4,72000,1.10344397823
118971,119821,121907,850,2086,8,6000,1.40747842761
118992,137021,137160,18029,139,2,33600,130.705035971
119823,119830,121507,7,1677,8,6000,1.00417412045
119834,119854,121529,20,1675,8,6000,1.01194029851
119855,119879,121566,24,1687,8,6000,1.01422643746
119875,119889,120264,14,375,8,6000,1.03733333333
119886,119915,121667,29,1752,8,6000,1.01655251142
119917,119933,121714,16,1781,8,6000,1.00898371701
119938,119953,121619,15,1666,8,6000,1.00900360144
119948,119961,121601,13,1640,8,6000,1.00792682927
119959,119988,122102,29,2114,8,6000,1.01371807001
119990,119996,121672,6,1676,8,6000,1.00357995227
120001,120083,121761,82,1678,8,6000,1.04886769964
120082,120089,121793,7,1704,8,6000,1.00410798122
120093,120108,121799,15,1691,8,6000,1.00887049083
120114,120125,121906,11,1781,8,6000,1.00617630545
120124,120132,122044,8,1912,8,6000,1.00418410042
120135,120141,120180,6,39,8,6000,1.15384615385
120146,120152,121839,6,1687,8,6000,1.00355660937
120156,120169,121910,13,1741,8,6000,1.007466973
120167,120192,121902,25,1710,8,6000,1.01461988304
120187,120244,121940,57,1696,8,6000,1.03360849057
120249,120275,121977,26,1702,8,6000,1.01527614571
120280,120349,122570,69,2221,8,6000,1.0310670869
120351,120729,122447,378,1718,8,6000,1.22002328289
120675,137033,137034,16358,1,24,43200,1635.9
120727,121518,123208,791,1690,8,6000,1.46804733728
121519,121540,123249,21,1709,8,6000,1.01228788765
121539,121578,123314,39,1736,8,6000,1.02246543779
121580,121613,123345,33,1732,8,6000,1.01905311778
121611,121631,123324,20,1693,8,6000,1.01181334908
121632,121679,123408,47,1729,8,6000,1.02718334297
121684,121690,123864,6,2174,8,6000,1.0027598896
121694,121725,123542,31,1817,8,6000,1.01706108971
121725,121773,123570,48,1797,8,6000,1.02671118531
121776,121805,121833,29,28,8,6000,2.03571428571
121807,121813,123539,6,1726,8,6000,1.00347624565
121818,121844,123532,26,1688,8,6000,1.0154028436
121849,121855,123559,6,1704,8,6000,1.00352112676
121850,256379,402784,134529,146405,4,345600,1.91888255183
121850,254852,340248,133002,85396,4,345600,2.55747341796
121859,121913,121970,54,57,8,6000,1.94736842105
121910,121919,124031,9,2112,8,6000,1.00426136364
121921,121927,123661,6,1734,8,6000,1.00346020761
121932,121938,121969,6,31,8,6000,1.1935483871
121943,121953,123674,10,1721,8,6000,1.00581057525
121953,121981,123736,28,1755,8,6000,1.01595441595
121984,121990,123712,6,1722,8,6000,1.00348432056
121995,122001,122071,6,70,8,6000,1.08571428571
122005,122055,123771,50,1716,8,6000,1.02913752914
122057,122082,123865,25,1783,8,6000,1.01402131239
122088,122113,123811,25,1698,8,6000,1.01472320377
122119,122459,124185,340,1726,8,6000,1.19698725377
122308,278848,405267,156540,126419,12,172800,2.23826323575
122464,122582,122625,118,43,8,6000,3.74418604651
122586,122636,124344,50,1708,8,6000,1.02927400468
122638,123220,124927,582,1707,8,6000,1.34094903339
123216,123261,124953,45,1692,8,6000,1.02659574468
123257,123326,125136,69,1810,8,6000,1.03812154696
123329,123335,125034,6,1699,8,6000,1.00353148911
123339,123357,125044,18,1687,8,6000,1.0106698281
123342,136989,137008,13647,19,32,28800,719.263157895
123360,123419,125124,59,1705,8,6000,1.03460410557
123421,123545,125252,124,1707,8,6000,1.0726420621
123540,242702,254780,119162,12078,4,108000,10.8660374234
123544,123552,125334,8,1782,8,6000,1.00448933782
123554,123560,125429,6,1869,8,6000,1.00321027287
123565,123570,125297,5,1727,8,6000,1.00289519398
123575,123582,125277,7,1695,8,6000,1.00412979351
123586,123673,125404,87,1731,8,6000,1.05025996534
123678,123685,125452,7,1767,8,6000,1.00396151669
123688,123723,125435,35,1712,8,6000,1.02044392523
123719,123747,125527,28,1780,8,6000,1.01573033708
123750,123783,125477,33,1694,8,6000,1.01948051948
123781,123823,123864,42,41,8,6000,2.0243902439
123822,123875,125600,53,1725,8,6000,1.03072463768
123873,123882,125593,9,1711,8,6000,1.00526008182
123884,123890,125620,6,1730,8,6000,1.00346820809
123895,124043,125753,148,1710,8,6000,1.0865497076
124503,136995,162951,12492,25956,16,36000,1.48127600555
124624,137000,162301,12376,25301,16,36000,1.48915062646
125195,242708,256368,117513,13660,4,108000,9.60270863836
125220,254792,254796,129572,4,4,108000,12957.6
125235,254807,254811,129572,4,4,108000,12957.6
125367,254822,254826,129455,4,4,108000,12945.9
125383,254837,254841,129454,4,4,108000,12945.8
125852,125858,125874,6,16,64,180,1.375
127641,127648,127875,7,227,2,3540,1.03083700441
128086,128092,128593,6,501,2,3540,1.0119760479
128401,136984,137902,8583,918,32,64800,10.3496732026
128591,128597,128605,6,8,1,900,1.4
128597,128604,128698,7,94,2,3540,1.07446808511
128697,128703,128704,6,1,1,900,1.0
128948,128954,130548,6,1594,2,7200,1.00376411543
129039,137010,191043,7971,54033,8,54000,1.14752095941
129177,129183,130016,6,833,8,6000,1.00720288115
129177,129188,130032,11,844,8,6000,1.01303317536
129188,129201,130109,13,908,8,6000,1.01431718062
129188,129195,130010,7,815,8,6000,1.00858895706
129199,129207,130151,8,944,8,6000,1.00847457627
129199,129213,130023,14,810,8,6000,1.01728395062
129210,129224,130329,14,1105,8,6000,1.01266968326
129210,129219,130099,9,880,8,6000,1.01022727273
129221,129231,129275,10,44,8,6000,1.22727272727
129221,129237,130280,16,1043,8,6000,1.01534036433
129232,129243,130055,11,812,8,6000,1.01354679803
129243,129249,130075,6,826,8,6000,1.00726392252
129253,129259,130087,6,828,8,6000,1.00724637681
129264,129270,130098,6,828,8,6000,1.00724637681
129274,129281,130353,7,1072,8,6000,1.00652985075
129285,129291,130145,6,854,8,6000,1.00702576112
129297,129303,130127,6,824,8,6000,1.0072815534
129303,242697,414391,113394,171694,18,198000,1.66044241499
129309,129315,130152,6,837,8,6000,1.00716845878
129320,129326,130157,6,831,8,6000,1.00722021661
129330,129336,130230,6,894,8,6000,1.0067114094
129341,129347,130162,6,815,8,6000,1.00736196319
129352,129358,130183,6,825,8,6000,1.00727272727
129363,129369,130199,6,830,8,6000,1.00722891566
129373,129380,130215,7,835,8,6000,1.00838323353
129384,130022,130407,638,385,8,6000,2.65714285714
129492,137005,137164,7513,159,8,10800,48.251572327
129787,130030,130954,243,924,4,900,1.26298701299
130026,130037,130408,11,371,8,6000,1.02964959569
130037,130043,130408,6,365,8,6000,1.01643835616
130048,130054,130408,6,354,8,6000,1.01694915254
130059,130066,130406,7,340,8,6000,1.02058823529
130069,130086,130407,17,321,8,6000,1.05295950156
130091,130098,130408,7,310,8,6000,1.02258064516
130101,130109,130408,8,299,8,6000,1.02675585284
130112,130118,130408,6,290,8,6000,1.02068965517
130123,130130,130407,7,277,8,6000,1.02527075812
130133,130139,130408,6,269,8,6000,1.02230483271
130144,130157,130204,13,47,8,6000,1.27659574468
130154,130163,130408,9,245,8,6000,1.03673469388
130165,130171,130408,6,237,8,6000,1.0253164557
130176,130182,130408,6,226,8,6000,1.02654867257
130187,130194,130220,7,26,8,6000,1.26923076923
130198,130204,130408,6,204,8,6000,1.02941176471
130209,130215,130407,6,192,8,6000,1.03125
130219,130225,130408,6,183,8,6000,1.03278688525
130230,130236,130408,6,172,8,6000,1.03488372093
130241,130247,130407,6,160,8,6000,1.0375
130251,130257,130407,6,150,8,6000,1.04
130262,130292,130407,30,115,8,6000,1.26086956522
130439,130445,131360,6,915,8,6000,1.00655737705
130439,130450,131281,11,831,8,6000,1.01323706378
130450,130461,131374,11,913,8,6000,1.01204819277
130450,130456,131262,6,806,8,6000,1.00744416873
130461,130468,131309,7,841,8,6000,1.00832342449
130462,130473,131291,11,818,8,6000,1.01344743276
130472,130479,131313,7,834,8,6000,1.00839328537
130473,130484,131314,11,830,8,6000,1.01325301205
130483,130491,130523,8,32,8,6000,1.25
130484,130497,131315,13,818,8,6000,1.01589242054
130494,130503,131315,9,812,8,6000,1.01108374384
130505,130512,131374,7,862,8,6000,1.00812064965
130516,130522,131358,6,836,8,6000,1.00717703349
130527,130533,131374,6,841,8,6000,1.00713436385
130537,130543,131366,6,823,8,6000,1.00729040097
130548,131320,131374,772,54,8,6000,15.2962962963
131622,131629,132461,7,832,8,6000,1.00841346154
131633,131640,132476,7,836,8,6000,1.00837320574
131634,131645,132462,11,817,8,6000,1.01346389229
131644,131651,132477,7,826,8,6000,1.00847457627
131645,131656,132521,11,865,8,6000,1.01271676301
131655,131663,132500,8,837,8,6000,1.00955794504
131656,131668,132492,12,824,8,6000,1.0145631068
131666,131675,132500,9,825,8,6000,1.01090909091
131667,131680,131713,13,33,8,6000,1.39393939394
131677,131687,132587,10,900,8,6000,1.01111111111
131678,131725,132552,47,827,8,6000,1.05683192261
131719,132474,132757,755,283,8,6000,3.66784452297
132471,132480,132757,9,277,8,6000,1.03249097473
132472,132487,132757,15,270,8,6000,1.05555555556
132483,132503,132757,20,254,8,6000,1.07874015748
132483,132494,132757,11,263,8,6000,1.04182509506
132800,132806,133628,6,822,8,6000,1.00729927007
132811,132817,133664,6,847,8,6000,1.00708382527
132811,132822,133655,11,833,8,6000,1.01320528211
132822,132835,133694,13,859,8,6000,1.0151338766
132822,132829,133943,7,1114,8,6000,1.00628366248
132833,132841,133684,8,843,8,6000,1.00948991696
132833,132846,133804,13,958,8,6000,1.01356993737
132844,132858,132889,14,31,8,6000,1.45161290323
132844,132852,133692,8,840,8,6000,1.00952380952
132855,132864,133700,9,836,8,6000,1.01076555024
132855,132901,133744,46,843,8,6000,1.05456702254
132876,132883,133089,7,206,64,180,1.03398058252
132897,133640,134914,743,1274,8,6000,1.58320251177
133629,133667,134505,38,838,8,6000,1.04534606205
133660,133677,134519,17,842,8,6000,1.02019002375
133670,133696,134537,26,841,8,6000,1.03091557669
133691,133703,134545,12,842,8,6000,1.01425178147
133702,133716,134567,14,851,8,6000,1.01645123384
133702,133710,134556,8,846,8,6000,1.00945626478
133713,133756,134603,43,847,8,6000,1.0507674144
133754,133816,134715,62,899,8,6000,1.06896551724
133805,133954,134796,149,842,8,6000,1.17695961995
133948,134517,135428,569,911,8,6000,1.62458836443
134507,134534,135364,27,830,8,6000,1.03253012048
134528,134548,135604,20,1056,8,6000,1.01893939394
134538,134556,135397,18,841,8,6000,1.02140309156
134549,134568,135486,19,918,8,6000,1.02069716776
134560,134579,135430,19,851,8,6000,1.0223266745
134571,134615,135477,44,862,8,6000,1.05104408353
134612,134726,135573,114,847,8,6000,1.13459268005
134724,134807,135650,83,843,8,6000,1.09845788849
134806,134925,135770,119,845,8,6000,1.14082840237
134919,135376,136448,457,1072,8,6000,1.42630597015
135367,135408,136244,41,836,8,6000,1.0490430622
135398,135440,136302,42,862,8,6000,1.04872389791
135429,135448,136294,19,846,8,6000,1.02245862884
135440,135488,135522,48,34,8,6000,2.41176470588
135481,135504,136450,23,946,8,6000,1.02431289641
135492,135533,136390,41,857,8,6000,1.04784130688
135523,135584,136462,61,878,8,6000,1.069476082
135574,135616,135637,42,21,8,6000,3.0
135605,135648,136485,43,837,8,6000,1.0513739546
135647,135662,136508,15,846,8,6000,1.01773049645
135657,135781,136724,124,943,8,6000,1.131495228
135780,136255,137171,475,916,8,6000,1.51855895197
136248,136305,137165,57,860,8,6000,1.06627906977
136299,136314,137179,15,865,8,6000,1.01734104046
136310,136401,137276,91,875,8,6000,1.104
136392,136459,137365,67,906,8,6000,1.07395143488
136454,136465,137441,11,976,8,6000,1.0112704918
136465,136496,136862,31,366,8,6000,1.08469945355
136465,136474,137326,9,852,8,6000,1.01056338028
136486,136519,137384,33,865,8,6000,1.03815028902
136517,136735,137562,218,827,8,6000,1.26360338573
136731,136873,137705,142,832,8,6000,1.17067307692
136863,137016,137815,153,799,8,6000,1.1914893617
137016,137027,137871,11,844,8,6000,1.01303317536
137026,137045,137905,19,860,8,6000,1.02209302326
137048,137054,137902,6,848,8,6000,1.0070754717
137058,137065,137919,7,854,8,6000,1.00819672131
137069,137170,138027,101,857,8,6000,1.1178529755
137172,137178,138028,6,850,8,6000,1.00705882353
137182,137189,138180,7,991,8,6000,1.00706357215
137193,137199,137237,6,38,8,6000,1.15789473684
137204,137210,138133,6,923,8,6000,1.00650054171
137214,137248,138102,34,854,8,6000,1.03981264637
137245,137287,138221,42,934,8,6000,1.04496788009
137287,137338,138182,51,844,8,6000,1.06042654028
137339,137376,138217,37,841,8,6000,1.04399524376
137380,137395,138265,15,870,8,6000,1.01724137931
137391,137453,138297,62,844,8,6000,1.07345971564
137452,137574,138483,122,909,8,6000,1.13421342134
137575,137716,138755,141,1039,8,6000,1.13570741097
137704,137925,165658,221,27733,24,43200,1.00796884578
137718,137827,138684,109,857,8,6000,1.12718786464
137831,137882,138772,51,890,8,6000,1.05730337079
137882,137913,138849,31,936,8,6000,1.03311965812
137913,137919,138773,6,854,8,6000,1.00702576112
137923,137931,139035,8,1104,8,6000,1.00724637681
137934,137940,138803,6,863,8,6000,1.00695249131
137945,138038,138902,93,864,8,6000,1.10763888889
138037,138044,138073,7,29,8,6000,1.24137931034
138047,138085,138946,38,861,8,6000,1.04413472706
138088,138114,138969,26,855,8,6000,1.03040935673
138109,138145,139005,36,860,8,6000,1.04186046512
138150,138193,138231,43,38,8,6000,2.13157894737
138191,138199,139200,8,1001,8,6000,1.00799200799
138202,138229,139094,27,865,8,6000,1.03121387283
138233,138239,138280,6,41,8,6000,1.14634146341
138243,138249,139093,6,844,8,6000,1.00710900474
138254,138276,139125,22,849,8,6000,1.02591283863
138274,138291,139157,17,866,8,6000,1.01963048499
138295,138308,138381,13,73,8,6000,1.17808219178
138306,138392,139267,86,875,8,6000,1.09828571429
138388,138494,139365,106,871,8,6000,1.12169919633
138490,138695,140163,205,1468,8,6000,1.13964577657
138694,138767,139638,73,871,8,6000,1.08381171068
138765,138783,138828,18,45,8,6000,1.4
138786,138792,139644,6,852,8,6000,1.00704225352
138797,138815,139662,18,847,8,6000,1.0212514758
138818,138839,139828,21,989,8,6000,1.02123356926
138838,138856,139714,18,858,8,6000,1.02097902098
138859,138865,139737,6,872,8,6000,1.00688073394
138870,138877,139728,7,851,8,6000,1.00822561692
138880,138914,139753,34,839,8,6000,1.04052443385
138911,138958,139856,47,898,8,6000,1.05233853007
138963,138985,139941,22,956,8,6000,1.0230125523
138983,139016,139965,33,949,8,6000,1.03477344573
139014,139046,139905,32,859,8,6000,1.03725261932
139045,139104,140108,59,1004,8,6000,1.05876494024
139107,139113,140246,6,1133,8,6000,1.0052956752
139117,139142,139996,25,854,8,6000,1.02927400468
139138,139168,140031,30,863,8,6000,1.03476245655
139169,139213,140072,44,859,8,6000,1.05122235157
139197,139656,145125,459,5469,8,10800,1.08392759188
139211,139278,140192,67,914,8,6000,1.07330415755
139262,139764,140524,502,760,16,54000,1.66052631579
139282,139377,139415,95,38,8,6000,3.5
139374,139426,140287,52,861,8,6000,1.06039488966
139403,139409,139411,6,2,1,1800,1.0
139425,139650,140494,225,844,8,6000,1.26658767773
139491,139497,139499,6,2,1,180,1.0
139645,139662,175691,17,36029,1,36000,1.00047184213
139649,139673,140534,24,861,8,6000,1.02787456446
139670,139725,140589,55,864,8,6000,1.06365740741
139731,139739,140237,8,498,2,3540,1.01606425703
139794,139800,139811,6,11,1,180,1.54545454545
140002,140008,140073,6,65,1,180,1.09230769231
140230,140238,140239,8,1,1,36000,1.0
140236,140245,140249,9,4,1,900,1.3
140244,140252,140842,8,590,2,3540,1.01355932203
140302,140308,140310,6,2,1,36000,1.0
140410,140416,140480,6,64,1,180,1.09375
140513,140519,140552,6,33,1,180,1.18181818182
140561,140567,140674,6,107,1,36000,1.05607476636
140619,140625,140636,6,11,1,180,1.54545454545
140841,140847,140854,6,7,1,900,1.3
140850,140856,141501,6,645,2,3540,1.00930232558
140895,140901,141220,6,319,1,36000,1.01880877743
140908,140914,140924,6,10,1,180,1.6
141114,141120,142643,6,1523,2,7200,1.00393959291
141122,141128,142398,6,1270,2,7200,1.00472440945
141123,141135,142499,12,1364,2,7200,1.00879765396
141125,141141,142483,16,1342,2,7200,1.01192250373
141133,141147,142684,14,1537,2,7200,1.00910865322
141141,141152,142564,11,1412,2,7200,1.00779036827
141142,141158,142617,16,1459,2,7200,1.01096641535
141149,141164,142524,15,1360,2,7200,1.01102941176
141156,141170,142585,14,1415,2,7200,1.00989399293
141162,141175,142596,13,1421,2,7200,1.00914848698
141169,141182,142857,13,1675,2,7200,1.00776119403
141175,141188,142490,13,1302,2,7200,1.00998463902
141182,141194,142787,12,1593,2,7200,1.00753295669
141183,141200,142790,17,1590,2,7200,1.0106918239
141190,141206,142561,16,1355,2,7200,1.01180811808
141197,141212,142710,15,1498,2,7200,1.01001335113
141203,141218,142767,15,1549,2,7200,1.00968366688
141210,141224,142746,14,1522,2,7200,1.00919842313
141216,141230,142630,14,1400,2,7200,1.01
141223,141235,142571,12,1336,2,7200,1.00898203593
141229,141243,142541,14,1298,2,7200,1.01078582435
141231,141248,142842,17,1594,2,7200,1.01066499373
141243,141254,142924,11,1670,2,7200,1.00658682635
141244,141259,142702,15,1443,2,7200,1.0103950104
141251,141266,142792,15,1526,2,7200,1.00982961992
141257,141271,142839,14,1568,2,7200,1.00892857143
141264,141278,142903,14,1625,2,7200,1.00861538462
141270,141283,142820,13,1537,2,7200,1.00845803513
141277,141290,142899,13,1609,2,7200,1.00807955252
141284,141295,142697,11,1402,2,7200,1.00784593438
141286,141318,177335,32,36017,1,36000,1.00088846933
141290,141308,143011,18,1703,2,7200,1.01056958309
141292,141313,143004,21,1691,2,7200,1.01241868717
141303,141325,142775,22,1450,2,7200,1.01517241379
141310,141330,142763,20,1433,2,7200,1.01395673412
141322,141337,143002,15,1665,2,7200,1.00900900901
141328,141342,142805,14,1463,2,7200,1.00956937799
141335,141348,142624,13,1276,2,7200,1.01018808777
141342,141353,142815,11,1462,2,7200,1.00752393981
141348,141359,142748,11,1389,2,7200,1.00791936645
141350,141364,142769,14,1405,2,7200,1.00996441281
141484,141490,141502,6,12,1,180,1.5
141499,141506,141514,7,8,1,900,1.5
141509,141515,142200,6,685,2,3540,1.00875912409
141839,141846,141856,7,10,1,180,1.7
141859,146978,150049,5119,3071,24,21600,2.66688375122
141931,141937,141969,6,32,1,180,1.1875
142016,142022,142054,6,32,1,180,1.1875
142065,142072,142103,7,31,1,180,1.22580645161
142069,142078,142730,9,652,8,6000,1.01380368098
142081,142087,142925,6,838,8,6000,1.00715990453
142092,142098,142981,6,883,8,6000,1.00679501699
142103,142109,142986,6,877,8,6000,1.00684150513
142114,142120,142805,6,685,8,6000,1.00875912409
142124,142130,142874,6,744,8,6000,1.00806451613
142135,142141,142946,6,805,8,6000,1.00745341615
142145,142152,142947,7,795,8,6000,1.00880503145
142156,142162,142804,6,642,8,6000,1.00934579439
142167,142501,143268,334,767,8,6000,1.43546284224
142198,142205,142213,7,8,1,900,1.5
142210,142217,142895,7,678,2,3540,1.01032448378
142504,142572,143452,68,880,8,6000,1.07727272727
142575,142608,143456,33,848,8,6000,1.03891509434
142606,142659,143338,53,679,8,6000,1.07805596465
142657,142721,143576,64,855,8,6000,1.07485380117
142719,142742,143584,23,842,8,6000,1.02731591449
142740,142779,143649,39,870,8,6000,1.04482758621
142781,142801,143874,20,1073,8,6000,1.01863932898
142802,142815,143665,13,850,8,6000,1.01529411765
142812,142823,143679,11,856,8,6000,1.01285046729
142823,142832,143666,9,834,8,6000,1.01079136691
142834,142885,143732,51,847,8,6000,1.06021251476
142885,142907,143590,22,683,8,6000,1.03221083455
142894,142920,142929,26,9,1,900,3.5
142902,142914,143561,12,647,2,3540,1.01854714065
142906,142936,143655,30,719,8,6000,1.04172461752
142937,142964,143656,27,692,8,6000,1.03901734104
142968,142974,143665,6,691,8,6000,1.00868306802
142978,142992,143654,14,662,8,6000,1.02114803625
142989,142999,143653,10,654,8,6000,1.01529051988
143000,143016,143695,16,679,8,6000,1.0235640648
143021,143279,144237,258,958,8,6000,1.26931106472
143285,143350,144230,65,880,8,6000,1.07386363636
143347,143463,144310,116,847,8,6000,1.13695395514
143459,143470,144358,11,888,8,6000,1.01238738739
143467,143476,149379,9,5903,1,57600,1.00152464848
143470,143587,144400,117,813,8,6000,1.14391143911
143560,143566,143572,6,6,1,900,1.2
143569,143575,144230,6,655,2,3540,1.00916030534
143593,143599,144277,6,678,8,6000,1.00884955752
143603,143609,144250,6,641,8,6000,1.00936037441
143614,143660,144473,46,813,8,6000,1.05658056581
143665,143671,144329,6,658,8,6000,1.00911854103
143676,143687,144369,11,682,8,6000,1.01612903226
143686,143693,144360,7,667,8,6000,1.01049475262
143697,143703,144349,6,646,8,6000,1.0092879257
143707,143714,144535,7,821,8,6000,1.00852618758
143718,143724,144398,6,674,8,6000,1.00890207715
143729,143735,144386,6,651,8,6000,1.00921658986
143739,143746,144413,7,667,8,6000,1.01049475262
143750,143757,144419,7,662,8,6000,1.01057401813
143760,143767,144444,7,677,8,6000,1.01033973412
143771,143887,144602,116,715,8,6000,1.16223776224
143883,144247,144938,364,691,8,6000,1.52677279305
144229,144239,144244,10,5,1,900,1.5
144237,144253,144663,16,410,2,3540,1.03902439024
144249,144260,144979,11,719,8,6000,1.01529902643
144259,144267,145105,8,838,8,6000,1.00954653938
144270,144289,144985,19,696,8,6000,1.02729885057
144273,144279,144291,6,12,1,180,1.5
144291,144323,145424,32,1101,8,6000,1.02906448683
144322,144342,145198,20,856,8,6000,1.02336448598
144343,144360,145070,17,710,8,6000,1.02394366197
144364,144370,145120,6,750,8,6000,1.008
144374,144383,145091,9,708,8,6000,1.01271186441
144385,144392,145096,7,704,8,6000,1.00994318182
144396,144402,145258,6,856,8,6000,1.00700934579
144407,144412,145099,5,687,8,6000,1.00727802038
144417,144424,145122,7,698,8,6000,1.0100286533
144428,144434,145120,6,686,8,6000,1.00874635569
144429,144441,144451,12,10,1,180,2.2
144439,144447,145142,8,695,8,6000,1.01151079137
144449,144456,145376,7,920,8,6000,1.00760869565
144460,144485,145254,25,769,8,6000,1.03250975293
144481,144547,145360,66,813,8,6000,1.08118081181
144552,144614,145277,62,663,8,6000,1.09351432881
144614,144950,145810,336,860,8,6000,1.39069767442
144718,144724,144758,6,34,1,180,1.17647058824
144949,144990,145674,41,684,8,6000,1.05994152047
144990,144997,145683,7,686,8,6000,1.01020408163
145001,145081,145899,80,818,8,6000,1.097799511
145083,145103,145755,20,652,8,6000,1.03067484663
145104,145110,146234,6,1124,8,6000,1.00533807829
145115,145121,145767,6,646,8,6000,1.0092879257
145126,145133,145788,7,655,8,6000,1.0106870229
145136,145143,145849,7,706,8,6000,1.00991501416
145147,145153,145812,6,659,8,6000,1.0091047041
145158,145164,145859,6,695,8,6000,1.00863309353
145168,145175,145834,7,659,8,6000,1.01062215478
145179,145185,146110,6,925,8,6000,1.00648648649
145189,145210,146025,21,815,8,6000,1.02576687117
145210,145266,145913,56,647,8,6000,1.08655332303
145271,145278,146088,7,810,8,6000,1.00864197531
145282,145288,145962,6,674,8,6000,1.00890207715
145293,145372,146235,79,863,8,6000,1.09154113557
145375,145387,146046,12,659,8,6000,1.01820940819
145385,145436,146267,51,831,8,6000,1.06137184116
145437,145686,146346,249,660,8,6000,1.37727272727
145682,145695,146323,13,628,8,6000,1.02070063694
145693,145767,146424,74,657,8,6000,1.11263318113
145764,145782,146450,18,668,8,6000,1.02694610778
145769,145776,145785,7,9,1,180,1.6
145785,145799,146633,14,834,8,6000,1.01678657074
145795,145823,146498,28,675,8,6000,1.04148148148
145826,145833,146690,7,857,8,6000,1.008168028
145837,145845,146691,8,846,8,6000,1.00945626478
145848,145861,146703,13,842,8,6000,1.01543942993
145858,145871,146573,13,702,8,6000,1.01851851852
145869,145912,146733,43,821,8,6000,1.05237515225
145910,145924,146767,14,843,8,6000,1.01660735469
145921,145973,146790,52,817,8,6000,1.06364749082
145972,146037,146717,65,680,8,6000,1.09558823529
146033,146057,146894,24,837,8,6000,1.02867383513
146054,146100,146932,46,832,8,6000,1.05528846154
146105,146122,146948,17,826,8,6000,1.0205811138
146126,146246,146931,120,685,8,6000,1.17518248175
146248,146254,147098,6,844,8,6000,1.00710900474
146259,146278,146966,19,688,8,6000,1.02761627907
146280,146334,147158,54,824,8,6000,1.06553398058
146331,146362,147020,31,658,8,6000,1.04711246201
146362,146435,147265,73,830,8,6000,1.08795180723
146434,146463,147130,29,667,8,6000,1.04347826087
146465,146509,147356,44,847,8,6000,1.05194805195
146507,146587,147248,80,661,8,6000,1.12102874433
146589,146645,147320,56,675,8,6000,1.08296296296
146640,146702,147391,62,689,8,6000,1.08998548621
146702,146708,147524,6,816,8,6000,1.00735294118
146712,146718,147410,6,692,8,6000,1.00867052023
146723,146729,147420,6,691,8,6000,1.00868306802
146734,146745,147440,11,695,8,6000,1.01582733813
147246,147252,147286,6,34,1,180,1.17647058824
148016,148022,148056,6,34,1,180,1.17647058824
148186,148192,148225,6,33,1,180,1.18181818182
149402,149409,196258,7,46849,1,46800,1.00014941621
149805,150961,151105,1156,144,64,180,9.02777777778
150059,242341,270734,92282,28393,24,43200,4.25016729476
151060,151066,151201,6,135,14,3540,1.04444444444
151199,151205,151212,6,7,1,900,1.3
151205,151212,151415,7,203,14,3540,1.03448275862
151413,151419,151431,6,12,1,900,1.5
151420,151426,151635,6,209,14,3540,1.02870813397
151633,151639,151649,6,10,1,900,1.6
151640,151646,151852,6,206,14,3540,1.02912621359
151850,151856,151868,6,12,1,900,1.5
151857,151863,152056,6,193,14,3540,1.0310880829
152055,152061,152070,6,9,1,900,1.5
152062,152069,152272,7,203,14,3540,1.03448275862
152271,152277,152291,6,14,1,900,1.42857142857
152278,152284,152476,6,192,14,3540,1.03125
152474,152482,152492,8,10,1,900,1.8
152482,152488,152682,6,194,14,3540,1.03092783505
152682,152688,152697,6,9,1,900,1.5
152691,152698,152898,7,200,14,3540,1.035
152896,152903,152913,7,10,1,900,1.7
152904,152910,153106,6,196,14,3540,1.0306122449
153104,153110,153117,6,7,1,900,1.3
153112,153118,153344,6,226,14,3540,1.02654867257
153342,153348,153357,6,9,1,900,1.5
153351,153357,153562,6,205,14,3540,1.02926829268
153560,153566,153574,6,8,1,900,1.4
153567,153573,153771,6,198,14,3540,1.0303030303
153769,153775,153784,6,9,1,900,1.5
153777,153783,154034,6,251,14,3540,1.02390438247
154032,154038,154050,6,12,1,900,1.5
154039,154045,154240,6,195,14,3540,1.03076923077
154238,154244,154254,6,10,1,900,1.6
154245,154251,154561,6,310,14,3540,1.01935483871
154559,154565,154576,6,11,1,900,1.54545454545
154567,154572,154855,5,283,14,3540,1.01766784452
154678,154684,155256,6,572,12,3600,1.01048951049
154834,154840,155821,6,981,12,3600,1.00611620795
154853,154860,154871,7,11,1,900,1.63636363636
154861,154867,155184,6,317,14,3540,1.01892744479
155182,155188,155198,6,10,1,900,1.6
155190,155196,155508,6,312,14,3540,1.01923076923
155506,155512,155522,6,10,1,900,1.6
155513,155519,155838,6,319,14,3540,1.01880877743
155631,155638,164774,7,9136,1,43200,1.00076619965
155801,155807,165479,6,9672,1,43200,1.00062034739
155836,155842,155852,6,10,1,900,1.6
155844,155849,156165,5,316,14,3540,1.01582278481
156163,156170,156182,7,12,1,900,1.58333333333
156170,156177,156336,7,159,14,3540,1.04402515723
156328,156334,156344,6,10,1,900,1.6
156335,156342,156482,7,140,14,3540,1.05
156451,156457,166029,6,9572,1,43200,1.00062682825
156480,156486,156493,6,7,1,900,1.3
156488,156494,156594,6,100,14,3540,1.06
156592,156598,156607,6,9,1,900,1.5
156599,156605,156733,6,128,14,3540,1.046875
159211,159217,159219,6,2,2,3540,1.0
164065,164072,164211,7,139,64,180,1.05035971223
170408,170414,170415,6,1,2,3540,1.0
173934,173940,173951,6,11,1,3600,1.54545454545
174043,174049,174326,6,277,1,3600,1.02166064982
174810,174817,203662,7,28845,1,28800,1.00024267637
176615,176621,200556,6,23935,1,25200,1.00025067892
181319,181325,181326,6,1,2,3540,1.0
182147,182153,182317,6,164,1,3600,1.03658536585
182495,182501,182856,6,355,1,3600,1.01690140845
183219,183226,184050,7,824,1,3600,1.00849514563
185304,185310,185422,6,112,1,3600,1.05357142857
185595,185601,185915,6,314,1,3600,1.01910828025
185687,185694,185866,7,172,1,3600,1.04069767442
186046,186052,186401,6,349,1,3600,1.01719197708
186407,186413,187005,6,592,1,3600,1.01013513514
186776,186782,187614,6,832,1,3600,1.00721153846
188855,188861,188974,6,113,1,3600,1.05309734513
189148,189154,189474,6,320,1,3600,1.01875
189346,189352,189473,6,121,1,1800,1.04958677686
189770,189776,189884,6,108,1,1800,1.05555555556
189912,189918,190534,6,616,1,3600,1.00974025974
190544,190551,191138,7,587,1,1800,1.01192504259
192870,192877,192919,7,42,1,1800,1.16666666667
193014,193020,193133,6,113,1,1800,1.05309734513
193232,193238,193323,6,85,1,1800,1.07058823529
193461,193467,193577,6,110,1,1800,1.05454545455
194194,194200,194503,6,303,1,1800,1.0198019802
194260,194266,194850,6,584,1,1800,1.0102739726
196781,196787,196837,6,50,1,1800,1.12
197172,197178,197255,6,77,1,1800,1.07792207792
198275,198281,198564,6,283,1,1800,1.02120141343
200170,200176,200212,6,36,1,3600,1.16666666667
202003,202009,202159,6,150,64,180,1.04
206688,242346,271313,35658,28967,24,43200,2.23098698519
206746,242351,270958,35605,28607,24,36000,2.24462544133
206790,242357,270312,35567,27955,24,36000,2.27229475943
207788,242383,328799,34595,86416,1,86400,1.40033095723
208420,265611,611239,57191,345628,8,345600,1.16546981147
208441,278858,624478,70417,345620,8,345600,1.20374110295
208523,242774,278820,34251,36046,8,36000,1.950202519
208536,242780,278825,34244,36045,8,36000,1.95003467887
213303,242393,558559,29090,316166,1,334800,1.09200862838
213524,242399,242914,28875,515,1,18000,57.067961165
213590,242404,260555,28814,18151,1,21600,2.58746074596
213724,242362,242408,28638,46,2,72000,623.565217391
215201,242458,267071,27257,24613,1,28800,2.10742290659
215616,242409,261286,26793,18877,1,381600,2.41934629443
220545,242785,245421,22240,2636,5,14400,9.43702579666
224289,242463,265686,18174,23223,1,28800,1.78258622917
225146,278853,380538,53707,101685,36,280800,1.52817032994
227209,242415,242418,15206,3,1,3600,1520.9
227322,278864,278870,51542,6,4,345600,5154.8
227384,278836,624443,51452,345607,4,345600,1.14887429942
227402,278842,624468,51440,345626,4,345600,1.14883139579
227788,242372,242523,14584,151,2,172800,97.582781457
227863,242378,242460,14515,82,2,172800,178.012195122
241801,241808,241812,7,4,4,3600,1.1
242077,242083,242086,6,3,4,3600,1.0
243763,243775,246043,12,2268,5,14400,1.00529100529
243763,243768,246271,5,2503,5,14400,1.00199760288
243774,243781,246310,7,2529,5,14400,1.00276789245
243774,243787,246564,13,2777,5,14400,1.00468131077
243785,243793,246212,8,2419,5,14400,1.00330715172
243785,243798,246344,13,2546,5,14400,1.0051060487
243796,243810,246103,14,2293,5,14400,1.0061055386
243796,243804,246298,8,2494,5,14400,1.00320769848
243807,243817,246540,10,2723,5,14400,1.00367242012
243808,243822,246198,14,2376,5,14400,1.00589225589
243818,243828,246856,10,3028,5,14400,1.00330250991
243819,243834,246109,15,2275,5,14400,1.00659340659
243829,243840,246347,11,2507,5,14400,1.0043877144
243830,243846,247048,16,3202,5,14400,1.00499687695
243841,243852,246454,11,2602,5,14400,1.00422751729
243851,243858,246485,7,2627,5,14400,1.00266463647
243862,243868,246698,6,2830,5,14400,1.00212014134
243873,243879,246639,6,2760,5,14400,1.00217391304
243883,245432,248083,1549,2651,5,14400,1.58430780837
245432,246054,248823,622,2769,5,14400,1.22462983026
246053,246114,248546,61,2432,5,14400,1.02508223684
246115,246121,248763,6,2642,5,14400,1.00227100681
246126,246210,248817,84,2607,5,14400,1.03222094361
246207,246224,248572,17,2348,5,14400,1.00724020443
246228,246282,249171,54,2889,5,14400,1.01869158879
246280,246309,248735,29,2426,5,14400,1.01195383347
246311,246321,248756,10,2435,5,14400,1.00410677618
246322,246355,248864,33,2509,5,14400,1.01315265046
246353,246363,249012,10,2649,5,14400,1.00377500944
246364,246465,249226,101,2761,5,14400,1.03658094893
246466,246496,249041,30,2545,5,14400,1.01178781925
246497,246551,249428,54,2877,5,14400,1.01876955162
246548,246576,249164,28,2588,5,14400,1.01081916538
246579,246651,249119,72,2468,5,14400,1.02917341977
246651,246709,249385,58,2676,5,14400,1.02167414051
246713,246868,249191,155,2323,5,14400,1.06672406371
246866,247059,249390,193,2331,5,14400,1.0827970828
247061,248094,250336,1033,2242,5,14400,1.46074933095
248090,248557,251008,467,2451,5,14400,1.19053447572
248559,248583,251293,24,2710,5,14400,1.00885608856
248580,248746,250998,166,2252,5,14400,1.07371225577
248744,248767,251019,23,2252,5,14400,1.01021314387
248765,248774,251222,9,2448,5,14400,1.00367647059
248775,248828,251738,53,2910,5,14400,1.01821305842
248827,248834,251397,7,2563,5,14400,1.0027311744
248837,248875,251544,38,2669,5,14400,1.01423754215
248878,249024,251570,146,2546,5,14400,1.05734485467
249021,249053,251506,32,2453,5,14400,1.01304525071
249052,249131,251415,79,2284,5,14400,1.03458844133
249134,249175,252316,41,3141,5,14400,1.01305316778
249176,249182,251434,6,2252,5,14400,1.0026642984
249186,249203,251351,17,2148,5,14400,1.00791433892
249207,249237,251508,30,2271,5,14400,1.01321003963
249238,249397,252180,159,2783,5,14400,1.05713259073
249385,253921,254038,4536,117,1,18000,39.7692307692
249401,249408,251873,7,2465,5,14400,1.00283975659
249412,249439,252395,27,2956,5,14400,1.00913396482
249443,250347,252730,904,2383,5,14400,1.37935375577
250349,251009,253658,660,2649,5,14400,1.24915062288
250837,253926,278837,3089,24911,1,43200,1.12400144514
250868,270323,270332,19455,9,32,3600,1946.4
251012,251019,253614,7,2595,5,14400,1.00269749518
251023,251031,253969,8,2938,5,14400,1.00272294078
251033,251233,253590,200,2357,5,14400,1.08485362749
251237,251305,253998,68,2693,5,14400,1.02525064983
251309,251362,253610,53,2248,5,14400,1.02357651246
251360,251408,254102,48,2694,5,14400,1.01781737194
251412,251426,253904,14,2478,5,14400,1.00564971751
251423,251445,253828,22,2383,5,14400,1.00923206043
251444,251517,254125,73,2608,5,14400,1.02799079755
251516,251523,255264,7,3741,5,14400,1.00187115744
251526,251555,254399,29,2844,5,14400,1.01019690577
251557,251582,253902,25,2320,5,14400,1.01077586207
251578,251750,254604,172,2854,5,14400,1.06026629292
251752,251884,254117,132,2233,5,14400,1.05911330049
251886,252192,254629,306,2437,5,14400,1.1255642183
252192,252327,254948,135,2621,5,14400,1.05150705837
252325,252407,254661,82,2254,5,14400,1.0363797693
252406,252741,255013,335,2272,5,14400,1.1474471831
252743,253601,256536,858,2935,5,14400,1.29233390119
253598,253621,256416,23,2795,5,14400,1.00822898032
253619,253628,255879,9,2251,5,14400,1.00399822301
253630,253669,256491,39,2822,5,14400,1.01381998583
253671,253839,256953,168,3114,5,14400,1.05394990366
253835,253913,256656,78,2743,5,14400,1.02843601896
253917,253981,256441,64,2460,5,14400,1.02601626016
253978,254010,256461,32,2451,5,14400,1.01305589555
254009,254114,257053,105,2939,5,14400,1.03572643756
254111,254128,256434,17,2306,5,14400,1.00737207285
254132,254138,256505,6,2367,5,14400,1.00253485425
254143,254410,256848,267,2438,5,14400,1.10951599672
254408,254615,256839,207,2224,5,14400,1.09307553957
254414,254420,255008,6,588,1,7200,1.01020408163
254479,255018,255026,539,8,1,120,54.7
254612,254640,257049,28,2409,5,14400,1.01162308012
254643,254672,257358,29,2686,5,14400,1.01079672375
254674,254959,259036,285,4077,5,14400,1.06990434143
254960,255024,257698,64,2674,5,14400,1.023934181
255021,255276,257722,255,2446,5,14400,1.10425183974
255062,255069,262374,7,7305,1,7200,1.00095824778
255276,255890,258275,614,2385,5,14400,1.25744234801
255887,256428,259611,541,3183,5,14400,1.16996544141
256223,257068,257076,845,8,1,120,85.3
256223,257073,257101,850,28,1,240,31.3571428571
256223,257078,257190,855,112,1,480,8.63392857143
256223,257091,257541,868,450,1,1200,2.92888888889
256224,257553,257863,1329,310,1,21600,5.28709677419
256224,257201,258439,977,1238,1,7200,1.78917609047
256224,257113,258433,889,1320,1,2400,1.67348484848
256427,256445,258872,18,2427,5,14400,1.00741656366
256448,256454,258784,6,2330,5,14400,1.0025751073
256458,256473,259098,15,2625,5,14400,1.00571428571
256469,256503,259494,34,2991,5,14400,1.01136743564
256500,256516,259160,16,2644,5,14400,1.00605143722
256521,256548,259336,27,2788,5,14400,1.00968436155
256552,256668,259112,116,2444,5,14400,1.04746317512
256664,256850,259674,186,2824,5,14400,1.06586402266
256848,256859,259561,11,2702,5,14400,1.00407105848
256859,256966,259501,107,2535,5,14400,1.04220907298
256971,257061,259432,90,2371,5,14400,1.03795866723
257063,257084,259414,21,2330,5,14400,1.00901287554
257084,257370,259948,286,2578,5,14400,1.11093871218
257369,257709,260466,340,2757,5,14400,1.12332245194
257706,257734,260099,28,2365,5,14400,1.01183932347
257737,258287,261042,550,2755,5,14400,1.19963702359
258287,258796,261770,509,2974,5,14400,1.17114996638
258532,258679,260482,147,1803,1,2400,1.08153078203
258532,258582,259032,50,450,1,1200,1.11111111111
258532,258543,258571,11,28,1,240,1.39285714286
258532,258537,258544,5,7,1,120,1.2
258532,258555,258667,23,112,1,480,1.20535714286
258533,259043,263971,510,4928,1,7200,1.10349025974
258797,258884,261589,87,2705,5,14400,1.03216266174
258879,259050,261336,171,2286,5,14400,1.07480314961
259053,259110,262142,57,3032,5,14400,1.0187994723
259114,259124,261798,10,2674,5,14400,1.00373971578
259124,259347,260173,223,826,8,6000,1.26997578692
259349,259425,260246,76,821,8,6000,1.09257003654
259431,259507,260443,76,936,8,6000,1.0811965812
259503,259572,260430,69,858,8,6000,1.08041958042
259564,259623,260452,59,829,8,6000,1.07117008444
259626,259959,260776,333,817,8,6000,1.40758873929
259962,260111,260931,149,820,8,6000,1.18170731707
260115,260184,261008,69,824,8,6000,1.08373786408
260186,260258,261412,72,1154,8,6000,1.06239168111
260258,260442,261285,184,843,8,6000,1.21826809015
260441,260455,261351,14,896,8,6000,1.015625
260452,260463,261279,11,816,8,6000,1.01348039216
260463,260789,261631,326,842,8,6000,1.38717339667
260778,260942,262033,164,1091,8,6000,1.1503208066
260932,261020,261844,88,824,8,6000,1.1067961165
261013,261054,261890,41,836,8,6000,1.0490430622
261055,261292,262128,237,836,8,6000,1.28349282297
261289,261298,262499,9,1201,8,6000,1.0074937552
261300,261347,262186,47,839,8,6000,1.05601907032
261352,261362,262706,10,1344,8,6000,1.00744047619
261362,261424,262248,62,824,8,6000,1.07524271845
261424,261643,262532,219,889,8,6000,1.24634420697
261638,261781,262705,143,924,8,6000,1.15476190476
261780,261809,262657,29,848,8,6000,1.03419811321
261811,261856,262678,45,822,8,6000,1.05474452555
261853,261901,262750,48,849,8,6000,1.05653710247
261904,262044,262888,140,844,8,6000,1.16587677725
262047,262139,262952,92,813,8,6000,1.11316113161
262139,262197,263049,58,852,8,6000,1.06807511737
262200,262227,263080,27,853,8,6000,1.03165298945
262231,262260,263124,29,864,8,6000,1.03356481481
262262,262511,263357,249,846,8,6000,1.29432624113
262507,262543,263390,36,847,8,6000,1.04250295159
262548,262669,263525,121,856,8,6000,1.14135514019
262671,262689,263788,18,1099,8,6000,1.01637852593
262692,262716,263560,24,844,8,6000,1.02843601896
262712,262723,263559,11,836,8,6000,1.01315789474
262723,262761,263652,38,891,8,6000,1.04264870932
262764,262900,263742,136,842,8,6000,1.16152019002
262897,262963,263788,66,825,8,6000,1.08
262959,263060,263933,101,873,8,6000,1.1156930126
263062,263091,263946,29,855,8,6000,1.03391812865
263093,263135,263964,42,829,8,6000,1.05066344994
263134,263369,264199,235,830,8,6000,1.28313253012
263368,263401,264279,33,878,8,6000,1.03758542141
263399,263536,264603,137,1067,8,6000,1.12839737582
263532,263571,264404,39,833,8,6000,1.04681872749
263573,263579,264421,6,842,8,6000,1.00712589074
263584,263664,264510,80,846,8,6000,1.09456264775
263666,263754,264692,88,938,8,6000,1.09381663113
263758,263799,264658,41,859,8,6000,1.04772991851
263799,263806,264667,7,861,8,6000,1.0081300813
263810,263944,264791,134,847,8,6000,1.15820543093
263943,263958,264903,15,945,8,6000,1.01587301587
263964,263975,264801,11,826,8,6000,1.01331719128
263974,264210,265051,236,841,8,6000,1.28061831153
264012,264019,264025,7,6,1,120,1.3
264013,264036,264149,23,113,1,480,1.20353982301
264013,264063,264513,50,450,1,1200,1.11111111111
264013,264024,264051,11,27,1,240,1.40740740741
264013,264160,265956,147,1796,1,2400,1.08184855234
264014,264528,271593,514,7065,1,7200,1.07275300778
264209,264291,265117,82,826,8,6000,1.09927360775
264291,264415,265240,124,825,8,6000,1.1503030303
264414,264432,265327,18,895,8,6000,1.02011173184
264435,264521,265600,86,1079,8,6000,1.0797034291
264527,264616,265458,89,842,8,6000,1.10570071259
264619,264670,265534,51,864,8,6000,1.05902777778
264671,264679,265527,8,848,8,6000,1.00943396226
264682,264704,265584,22,880,8,6000,1.025
264702,264802,265671,100,869,8,6000,1.11507479862
264805,264812,265663,7,851,8,6000,1.00822561692
264815,264915,265760,100,845,8,6000,1.11834319527
264918,265063,265909,145,846,8,6000,1.17139479905
265060,265251,266081,191,830,8,6000,1.23012048193
265254,265339,266292,85,953,8,6000,1.08919202518
265336,265470,266387,134,917,8,6000,1.14612868048
265469,265537,266381,68,844,8,6000,1.08056872038
265540,265546,266491,6,945,8,6000,1.00634920635
265551,265597,266432,46,835,8,6000,1.05508982036
265592,265617,266486,25,869,8,6000,1.02876869965
265613,265675,266542,62,867,8,6000,1.07151095732
265674,265683,266530,9,847,8,6000,1.0106257379
265685,265772,266617,87,845,8,6000,1.10295857988
265777,265920,266778,143,858,8,6000,1.16666666667
265920,265967,266816,47,849,8,6000,1.05535924617
265971,266092,266944,121,852,8,6000,1.14201877934
266094,266303,267234,209,931,8,6000,1.22448979592
266308,266393,267256,85,863,8,6000,1.09849362688
266390,266399,267245,9,846,8,6000,1.01063829787
266401,266445,267306,44,861,8,6000,1.05110336818
266442,266498,267354,56,856,8,6000,1.06542056075
266494,266504,267589,10,1085,8,6000,1.00921658986
266504,266542,267986,38,1444,8,6000,1.02631578947
266546,266553,267395,7,842,8,6000,1.00831353919
266556,266628,267469,72,841,8,6000,1.08561236623
266629,266790,267631,161,841,8,6000,1.19143876338
266792,266827,267704,35,877,8,6000,1.03990877993
266833,266956,267817,123,861,8,6000,1.14285714286
266955,267247,268105,292,858,8,6000,1.34032634033
267250,267256,268107,6,851,8,6000,1.00705052879
267261,267267,268131,6,864,8,6000,1.00694444444
267272,267318,268178,46,860,8,6000,1.05348837209
267313,267366,268212,53,846,8,6000,1.06264775414
267364,267406,268280,42,874,8,6000,1.04805491991
267405,267480,268344,75,864,8,6000,1.08680555556
267477,267600,268442,123,842,8,6000,1.1460807601
267599,267642,268601,43,959,8,6000,1.04483837331
267641,267716,268572,75,856,8,6000,1.08761682243
267712,267829,268753,117,924,8,6000,1.12662337662
267824,267997,268864,173,867,8,6000,1.19953863899
267998,268117,268982,119,865,8,6000,1.13757225434
268120,268126,268974,6,848,8,6000,1.0070754717
268131,268143,269001,12,858,8,6000,1.01398601399
268142,268190,269051,48,861,8,6000,1.05574912892
268193,268223,269101,30,878,8,6000,1.03416856492
268224,268291,269162,67,871,8,6000,1.07692307692
268296,268355,269263,59,908,8,6000,1.06497797357
268357,268454,269301,97,847,8,6000,1.11452184179
268449,268584,269448,135,864,8,6000,1.15625
268582,268612,269481,30,869,8,6000,1.03452243959
268613,268764,269750,151,986,8,6000,1.15314401623
268766,268876,269880,110,1004,8,6000,1.10956175299
268879,268987,269865,108,878,8,6000,1.12300683371
287146,287152,293961,6,6809,1,36000,1.00088118666
287190,287196,293997,6,6801,1,36000,1.0008822232
288094,288100,374505,6,86405,8,86400,1.00006944043
288095,441990,443139,153895,1149,8,86400,134.938207137
288260,288266,288356,6,90,2,14400,1.06666666667
288280,288286,294040,6,5754,1,36000,1.00104275287
288335,288341,294080,6,5739,1,36000,1.00104547831
288343,288350,288650,7,300,8,14400,1.02333333333
288446,288452,289861,6,1409,2,7200,1.00425833925
288448,288458,290059,10,1601,2,7200,1.00624609619
288449,288463,290230,14,1767,2,7200,1.00792303339
288456,288469,289946,13,1477,2,7200,1.00880162492
288463,288474,289953,11,1479,2,7200,1.00743745774
288464,288480,290004,16,1524,2,7200,1.01049868766
288471,288485,289886,14,1401,2,7200,1.00999286224
288478,288492,290031,14,1539,2,7200,1.00909681611
288485,288497,290016,12,1519,2,7200,1.00789993417
288491,288504,290053,13,1549,2,7200,1.0083925113
288493,288509,290091,16,1582,2,7200,1.01011378003
288500,288516,290029,16,1513,2,7200,1.01057501652
288506,288521,289768,15,1247,2,7200,1.01202886929
288513,288528,290007,15,1479,2,7200,1.01014198783
288520,288533,290053,13,1520,2,7200,1.00855263158
288527,288539,290221,12,1682,2,7200,1.00713436385
288533,288544,290062,11,1518,2,7200,1.00724637681
288535,288550,290304,15,1754,2,7200,1.00855188141
288541,288555,290030,14,1475,2,7200,1.00949152542
288548,288561,290069,13,1508,2,7200,1.00862068966
288555,288566,290145,11,1579,2,7200,1.00696643445
288557,288572,290182,15,1610,2,7200,1.00931677019
288563,288577,290251,14,1674,2,7200,1.00836320191
288570,288583,290144,13,1561,2,7200,1.00832799488
288573,288593,302792,20,14199,1,36000,1.0014085499
288577,288588,290034,11,1446,2,7200,1.00760719225
288583,288600,290170,17,1570,2,7200,1.01082802548
288585,288605,290090,20,1485,2,7200,1.01346801347
288597,288612,290212,15,1600,2,7200,1.009375
288604,288617,290215,13,1598,2,7200,1.00813516896
288611,288624,290060,13,1436,2,7200,1.00905292479
288617,288629,290133,12,1504,2,7200,1.0079787234
288624,288636,290093,12,1457,2,7200,1.00823610158
288626,288641,290271,15,1630,2,7200,1.00920245399
288632,288647,290235,15,1588,2,7200,1.00944584383
288639,288652,290158,13,1506,2,7200,1.00863213811
288646,288660,290170,14,1510,2,7200,1.00927152318
288653,288666,290223,13,1557,2,7200,1.00834938985
288655,288671,290558,16,1887,2,7200,1.0084790673
288667,288678,290301,11,1623,2,7200,1.0067775724
288668,288683,290227,15,1544,2,7200,1.00971502591
288728,289963,376396,1235,86433,8,86400,1.01428852406
288729,529617,616046,240888,86429,8,86400,3.78712006387
288729,443155,529606,154426,86451,8,86400,2.78628355947
288730,616053,702489,327323,86436,8,86400,4.78688278032
288731,702514,788929,413783,86415,8,86400,5.78832378638
288732,954510,1040920,665778,86410,8,86400,8.70487212128
288732,837106,923547,548374,86441,8,86400,7.34391087563
288733,1113315,1199733,824582,86418,8,86400,10.5417852762
288734,1199744,1286177,911010,86433,8,86400,11.5400715005
288735,1372627,1459069,1083892,86442,8,86400,13.5389509729
288735,1286188,1372621,997453,86433,8,86400,12.540187197
289111,289118,317568,7,28450,1,36000,1.00024604569
289304,290041,290072,737,31,8,86400,24.7741935484
289304,290091,290106,787,15,8,86400,53.4666666667
289305,290120,290127,815,7,8,86400,82.2
289306,290139,290148,833,9,8,86400,84.2
289307,290182,290192,875,10,8,86400,88.5
289307,290164,290171,857,7,8,86400,86.4
289308,290208,290215,900,7,8,86400,90.7
289309,290229,290238,920,9,8,86400,92.9
289310,290259,290275,949,16,8,86400,60.3125
289310,290289,290296,979,7,8,86400,98.6
289311,290308,290315,997,7,8,86400,100.4
289772,289778,291473,6,1695,2,7200,1.00353982301
289864,289870,291477,6,1607,2,7200,1.00373366521
289891,289897,291577,6,1680,2,7200,1.00357142857
289949,289956,291414,7,1458,2,7200,1.00480109739
289965,289971,291484,6,1513,2,7200,1.0039656312
290008,290014,291417,6,1403,2,7200,1.00427655025
290009,290020,291478,11,1458,2,7200,1.00754458162
290026,290032,291622,6,1590,2,7200,1.00377358491
290041,290047,291535,6,1488,2,7200,1.00403225806
290043,290054,291545,11,1491,2,7200,1.00737759893
290044,290059,291584,15,1525,2,7200,1.00983606557
290051,290066,291579,15,1513,2,7200,1.00991407799
290068,290074,291650,6,1576,2,7200,1.0038071066
290070,290080,291658,10,1578,2,7200,1.00633713561
290071,290085,291806,14,1721,2,7200,1.00813480535
290078,290096,291476,18,1380,2,7200,1.01304347826
290085,290102,291735,17,1633,2,7200,1.01041028781
290101,290108,291706,7,1598,2,7200,1.00438047559
290102,290114,291740,12,1626,2,7200,1.0073800738
290109,290126,291693,17,1567,2,7200,1.01084875558
290110,290131,291555,21,1424,2,7200,1.01474719101
290135,290145,291673,10,1528,2,7200,1.00654450262
290151,290157,291762,6,1605,2,7200,1.00373831776
290153,290169,291708,16,1539,2,7200,1.01039636127
290169,290175,291567,6,1392,2,7200,1.00431034483
290184,290190,291652,6,1462,2,7200,1.00410396717
290186,290196,291827,10,1631,2,7200,1.00613120785
290187,290201,291633,14,1432,2,7200,1.00977653631
290217,290223,291774,6,1551,2,7200,1.00386847195
290219,290235,292118,16,1883,2,7200,1.00849707913
290235,290241,291673,6,1432,2,7200,1.00418994413
290236,290247,291706,11,1459,2,7200,1.00753941056
290238,290253,291780,15,1527,2,7200,1.00982318271
290244,290264,292047,20,1783,2,7200,1.01121704992
290260,290271,291593,11,1322,2,7200,1.00832072617
290261,290277,291863,16,1586,2,7200,1.01008827238
290277,290283,291827,6,1544,2,7200,1.00388601036
290302,290313,291808,11,1495,2,7200,1.00735785953
290318,290324,291938,6,1614,2,7200,1.00371747212
290446,290452,302876,6,12424,1,36000,1.00048293625
290481,290487,319732,6,29245,1,36000,1.00020516328
290560,290566,292064,6,1498,2,7200,1.00400534045
290794,290801,305208,7,14407,1,14400,1.00048587492
290918,290924,305340,6,14416,1,14400,1.00041620422
291417,291423,292942,6,1519,2,7200,1.00394996708
291432,291439,293022,7,1583,2,7200,1.00442198358
291476,291483,293061,7,1578,2,7200,1.00443599493
291478,291489,292966,11,1477,2,7200,1.00744752877
291494,291500,293022,6,1522,2,7200,1.00394218134
291496,291506,293022,10,1516,2,7200,1.00659630607
291497,291511,293022,14,1511,2,7200,1.00926538716
291538,291544,293310,6,1766,2,7200,1.00339750849
291553,291560,292948,7,1388,2,7200,1.00504322767
291569,291575,293035,6,1460,2,7200,1.00410958904
291570,291581,293173,11,1592,2,7200,1.00690954774
291587,291593,293176,6,1583,2,7200,1.00379027164
291588,291599,293204,11,1605,2,7200,1.00685358255
291590,291605,293031,15,1426,2,7200,1.01051893408
291607,291613,293148,6,1535,2,7200,1.00390879479
291623,291629,293075,6,1446,2,7200,1.00414937759
291638,291644,293114,6,1470,2,7200,1.00408163265
291654,291661,293192,7,1531,2,7200,1.00457217505
291656,291667,293331,11,1664,2,7200,1.00661057692
291672,291678,293123,6,1445,2,7200,1.00415224913
291688,291694,293109,6,1415,2,7200,1.00424028269
291689,291700,293643,11,1943,2,7200,1.00566134843
291697,293188,365210,1491,72022,36,72000,1.02070200772
291705,291711,293208,6,1497,2,7200,1.00400801603
291721,291727,293345,6,1618,2,7200,1.00370828183
291722,291733,293345,11,1612,2,7200,1.00682382134
291724,291739,293384,15,1645,2,7200,1.00911854103
291739,291745,293231,6,1486,2,7200,1.00403768506
291755,291762,293394,7,1632,2,7200,1.00428921569
291771,291777,293151,6,1374,2,7200,1.00436681223
291786,291793,293289,7,1496,2,7200,1.00467914439
291788,291799,293368,11,1569,2,7200,1.00701083493
291810,291816,293408,6,1592,2,7200,1.00376884422
291812,291823,293452,11,1629,2,7200,1.00675260896
291829,291835,293398,6,1563,2,7200,1.00383877159
291831,291841,293392,10,1551,2,7200,1.00644745326
291865,291871,293382,6,1511,2,7200,1.00397088021
291940,291947,293677,7,1730,2,7200,1.00404624277
292050,292057,293580,7,1523,2,7200,1.00459619173
292066,292073,293607,7,1534,2,7200,1.00456323338
292120,292126,293597,6,1471,2,7200,1.00407885792
292543,293994,312341,1451,18347,1,36000,1.07908649916
292582,294008,312341,1426,18333,1,36000,1.07778323242
292721,293988,294498,1267,510,1,36000,3.48431372549
292945,292951,294535,6,1584,2,7200,1.00378787879
292960,292967,294493,7,1526,2,7200,1.00458715596
292976,292982,294493,6,1511,2,7200,1.00397088021
293026,293032,294619,6,1587,2,7200,1.00378071834
293027,293039,294506,12,1467,2,7200,1.0081799591
293029,293044,294688,15,1644,2,7200,1.00912408759
293035,293050,294685,15,1635,2,7200,1.00917431193
293052,293058,294644,6,1586,2,7200,1.00378310214
293053,293065,294418,12,1353,2,7200,1.0088691796
293069,293075,294503,6,1428,2,7200,1.00420168067
293084,293090,294424,6,1334,2,7200,1.00449775112
293112,293118,294787,6,1669,2,7200,1.00359496705
293128,293134,294573,6,1439,2,7200,1.0041695622
293130,293140,294645,10,1505,2,7200,1.00664451827
293152,293158,294602,6,1444,2,7200,1.00415512465
293153,293165,294562,12,1397,2,7200,1.00858983536
293159,376408,418040,83249,41632,8,172800,2.99963970023
293176,293182,294646,6,1464,2,7200,1.00409836066
293178,293194,294679,16,1485,2,7200,1.01077441077
293194,293200,294744,6,1544,2,7200,1.00388601036
293210,293217,294599,7,1382,2,7200,1.00506512301
293212,293223,294580,11,1357,2,7200,1.00810611643
293234,293240,294891,6,1651,2,7200,1.00363416111
293291,293297,294743,6,1446,2,7200,1.00414937759
293310,441985,483912,148675,41927,8,172800,4.54604431512
293313,293319,294880,6,1561,2,7200,1.00384368994
293332,293338,295111,6,1773,2,7200,1.00338409475
293348,293354,294956,6,1602,2,7200,1.00374531835
293349,293360,294962,11,1602,2,7200,1.00686641698
293371,293377,294958,6,1581,2,7200,1.00379506641
293387,293393,295080,6,1687,2,7200,1.00355660937
293389,293400,294973,11,1573,2,7200,1.00699300699
293406,293412,294857,6,1445,2,7200,1.00415224913
293407,293419,294985,12,1566,2,7200,1.00766283525
293409,293425,294905,16,1480,2,7200,1.01081081081
293424,293431,295135,7,1704,2,7200,1.00410798122
293456,293462,294989,6,1527,2,7200,1.00392927308
293583,293590,295132,7,1542,2,7200,1.00453955901
293600,293606,295212,6,1606,2,7200,1.00373599004
293615,293621,295037,6,1416,2,7200,1.00423728814
293644,293651,295454,7,1803,2,7200,1.00388241819
293679,293685,295150,6,1465,2,7200,1.00409556314
294386,335799,407820,41413,72021,2,72000,1.57501284348
294421,294428,296022,7,1594,2,7200,1.00439146801
294436,294442,296017,6,1575,2,7200,1.00380952381
294496,294502,296136,6,1634,2,7200,1.00367197062
294498,294509,295853,11,1344,2,7200,1.00818452381
294513,294521,296175,8,1654,2,7200,1.00483675937
294515,294527,296135,12,1608,2,7200,1.00746268657
294540,294546,296190,6,1644,2,7200,1.00364963504
294566,294572,296168,6,1596,2,7200,1.0037593985
294582,294588,296192,6,1604,2,7200,1.00374064838
294583,294594,296184,11,1590,2,7200,1.00691823899
294603,294610,296321,7,1711,2,7200,1.00409117475
294604,294617,296333,13,1716,2,7200,1.00757575758
294623,294629,296175,6,1546,2,7200,1.00388098318
294648,294654,296166,6,1512,2,7200,1.00396825397
294650,294661,296124,11,1463,2,7200,1.00751879699
294651,294666,296133,15,1467,2,7200,1.01022494888
294662,374520,412928,79858,38408,10,57600,3.07920224953
294683,294689,297233,6,2544,2,7200,1.00235849057
294697,382015,429115,87318,47100,10,57600,2.85388535032
294698,294705,296170,7,1465,2,7200,1.004778157
294700,294713,296104,13,1391,2,7200,1.00934579439
294710,382020,439626,87310,57606,10,57600,2.51564073187
294747,294754,296394,7,1640,2,7200,1.00426829268
294749,294760,296209,11,1449,2,7200,1.00759144237
294790,294796,296374,6,1578,2,7200,1.00380228137
294824,340259,397019,45435,56760,4,345600,1.8004756871
294859,294865,296319,6,1454,2,7200,1.00412654746
294881,294889,296421,8,1532,2,7200,1.00522193211
294898,294904,296427,6,1523,2,7200,1.00393959291
294912,296033,323691,1121,27658,1,36000,1.04053076867
294914,294920,296609,6,1689,2,7200,1.00355239787
294960,294966,296527,6,1561,2,7200,1.00384368994
294962,294973,296363,11,1390,2,7200,1.00791366906
294978,294984,296560,6,1576,2,7200,1.0038071066
294979,294991,296742,12,1751,2,7200,1.00685322673
295008,295014,296667,6,1653,2,7200,1.00362976407
295009,295020,296527,11,1507,2,7200,1.00729927007
295012,296039,309508,1027,13469,1,18000,1.07624916475
295038,295044,296514,6,1470,2,7200,1.00408163265
295083,295089,296512,6,1423,2,7200,1.00421644413
295094,296344,312492,1250,16148,1,36000,1.07740896705
295115,295122,296619,7,1497,2,7200,1.0046760187
295134,295140,296705,6,1565,2,7200,1.00383386581
295150,295156,296784,6,1628,2,7200,1.00368550369
295165,295171,296627,6,1456,2,7200,1.00412087912
295214,295221,296700,7,1479,2,7200,1.00473292765
295338,335371,335484,40033,113,2,172800,355.274336283
295464,295470,296965,6,1495,2,7200,1.00401337793
295564,335497,335544,39933,47,2,172800,850.638297872
295858,295864,297497,6,1633,2,7200,1.00367421923
296019,296025,297457,6,1432,2,7200,1.00418994413
296034,296046,297693,12,1647,2,7200,1.0072859745
296101,439594,439788,143493,194,2,604800,740.654639175
296107,296113,297663,6,1550,2,7200,1.00387096774
296126,296132,297849,6,1717,2,7200,1.00349446709
296143,296148,297534,5,1386,2,7200,1.00360750361
296144,296154,297701,10,1547,2,7200,1.00646412411
296146,296160,297703,14,1543,2,7200,1.00907323396
296168,296174,297722,6,1548,2,7200,1.00387596899
296186,296193,297698,7,1505,2,7200,1.00465116279
296188,296200,297700,12,1500,2,7200,1.008
296189,296205,297681,16,1476,2,7200,1.0108401084
296196,296212,297851,16,1639,2,7200,1.00976205003
296203,296217,297796,14,1579,2,7200,1.00886637112
296219,296226,297688,7,1462,2,7200,1.0047879617
296221,296234,297913,13,1679,2,7200,1.00774270399
296222,296239,297832,17,1593,2,7200,1.01067168864
296277,382025,437266,85748,55241,10,57600,2.55225285567
296322,296329,297776,7,1447,2,7200,1.00483759502
296323,296336,297779,13,1443,2,7200,1.00900900901
296339,296350,297828,11,1478,2,7200,1.00744248985
296362,443150,479184,146788,36034,12,36000,5.07359715824
296365,296371,297941,6,1570,2,7200,1.00382165605
296381,296387,297809,6,1422,2,7200,1.00421940928
296396,296403,297959,7,1556,2,7200,1.00449871465
296422,296428,297991,6,1563,2,7200,1.00383877159
296424,302808,374825,6384,72017,1,72000,1.08864573642
296437,296443,297951,6,1508,2,7200,1.00397877984
296514,296522,298077,8,1555,2,7200,1.00514469453
296516,296529,298045,13,1516,2,7200,1.00857519789
296532,296538,298126,6,1588,2,7200,1.00377833753
296534,296545,298082,11,1537,2,7200,1.00715679896
296563,296570,298014,7,1444,2,7200,1.00484764543
296596,338427,354810,41831,16383,4,108000,3.55331746322
296611,296617,298159,6,1542,2,7200,1.00389105058
296615,338883,344999,42268,6116,4,108000,7.9110529758
296627,296634,298118,7,1484,2,7200,1.00471698113
296629,296641,298334,12,1693,2,7200,1.00708800945
296671,296678,298312,7,1634,2,7200,1.00428396573
296702,296708,298325,6,1617,2,7200,1.00371057514
296704,384560,423444,87856,38884,10,43200,3.25943832939
296719,296725,298245,6,1520,2,7200,1.00394736842
296745,296751,298127,6,1376,2,7200,1.00436046512
296787,296794,298375,7,1581,2,7200,1.00442757748
296967,296973,298485,6,1512,2,7200,1.00396825397
297235,297242,298899,7,1657,2,7200,1.00422450211
297461,297468,299041,7,1573,2,7200,1.00445009536
297498,297505,298900,7,1395,2,7200,1.00501792115
297536,297542,299056,6,1514,2,7200,1.00396301189
297581,297824,299737,243,1913,2,1800,1.12702561422
297664,297670,299257,6,1587,2,7200,1.00378071834
297683,297689,299310,6,1621,2,7200,1.00370141888
297700,297706,299252,6,1546,2,7200,1.00388098318
297702,297713,299313,11,1600,2,7200,1.006875
297703,297718,299249,15,1531,2,7200,1.00979751796
297710,297725,299196,15,1471,2,7200,1.0101971448
297728,297733,299182,5,1449,2,7200,1.00345065562
297729,297741,299260,12,1519,2,7200,1.00789993417
297731,297746,299341,15,1595,2,7200,1.00940438871
297778,297784,299407,6,1623,2,7200,1.00369685767
297794,297800,299247,6,1447,2,7200,1.00414651002
297810,297817,299347,7,1530,2,7200,1.0045751634
297812,297829,299337,17,1508,2,7200,1.01127320955
297831,297838,299308,7,1470,2,7200,1.00476190476
297847,297854,299245,7,1391,2,7200,1.00503235083
297862,297868,299336,6,1468,2,7200,1.00408719346
297864,297874,299348,10,1474,2,7200,1.00678426052
297903,317584,317721,19681,137,1,381600,144.656934307
297914,297921,299365,7,1444,2,7200,1.00484764543
297942,297950,299481,8,1531,2,7200,1.00522534291
297958,297965,299469,7,1504,2,7200,1.00465425532
297974,297980,299605,6,1625,2,7200,1.00369230769
297993,297999,299633,6,1634,2,7200,1.00367197062
298017,298024,299628,7,1604,2,7200,1.00436408978
298048,298055,299674,7,1619,2,7200,1.00432365658
298080,298086,299644,6,1558,2,7200,1.00385109114
298095,298102,299786,7,1684,2,7200,1.0041567696
298121,298128,299588,7,1460,2,7200,1.00479452055
298137,298143,299811,6,1668,2,7200,1.0035971223
298138,298150,299604,12,1454,2,7200,1.00825309491
298151,300250,307216,2099,6966,1,36000,1.30132070055
298160,298166,299657,6,1491,2,7200,1.00402414487
298248,298254,299933,6,1679,2,7200,1.00357355569
298279,299747,300224,1468,477,2,35940,4.07756813417
298317,298323,299795,6,1472,2,7200,1.00407608696
298332,298338,299793,6,1455,2,7200,1.00412371134
298348,298354,299908,6,1554,2,7200,1.00386100386
298379,298386,299939,7,1553,2,7200,1.00450740502
298487,298493,300112,6,1619,2,7200,1.00370599135
298527,299072,299274,545,202,1,7200,3.69801980198
298898,340940,340942,42042,2,3,57600,4204.4
298902,298909,300400,7,1491,2,7200,1.00469483568
298904,298915,300425,11,1510,2,7200,1.00728476821
298909,345011,353953,46102,8942,4,108000,6.15566987251
299043,299049,300584,6,1535,2,7200,1.00390879479
299059,299065,300536,6,1471,2,7200,1.00407885792
299185,299193,300743,8,1550,2,7200,1.00516129032
299200,299208,300950,8,1742,2,7200,1.0045924225
299248,299258,300730,10,1472,2,7200,1.00679347826
299249,299265,300920,16,1655,2,7200,1.00966767372
299265,299272,300722,7,1450,2,7200,1.00482758621
299267,299279,300869,12,1590,2,7200,1.00754716981
299268,299284,300890,16,1606,2,7200,1.0099626401
299275,299291,300872,16,1581,2,7200,1.0101201771
299311,299318,300835,7,1517,2,7200,1.00461437047
299313,299324,300842,11,1518,2,7200,1.00724637681
299330,299337,300944,7,1607,2,7200,1.00435594275
299346,299353,300773,7,1420,2,7200,1.00492957746
299348,299359,301023,11,1664,2,7200,1.00661057692
299349,299364,300932,15,1568,2,7200,1.00956632653
299365,299371,301071,6,1700,2,7200,1.00352941176
299367,299378,300859,11,1481,2,7200,1.00742741391
299368,299384,301007,16,1623,2,7200,1.00985828712
299409,299415,300972,6,1557,2,7200,1.00385356455
299472,299478,300866,6,1388,2,7200,1.00432276657
299488,299494,300964,6,1470,2,7200,1.00408163265
299589,299595,301046,6,1451,2,7200,1.00413507926
299608,299614,301052,6,1438,2,7200,1.00417246175
299609,299621,301276,12,1655,2,7200,1.00725075529
299632,299638,301084,6,1446,2,7200,1.00414937759
299648,299654,301259,6,1605,2,7200,1.00373831776
299650,299661,301135,11,1474,2,7200,1.00746268657
299665,299671,301063,6,1392,2,7200,1.00431034483
299681,299687,301387,6,1700,2,7200,1.00352941176
299789,299795,301243,6,1448,2,7200,1.00414364641
299807,299814,301325,7,1511,2,7200,1.00463269358
299808,299820,301316,12,1496,2,7200,1.00802139037
299824,299830,301373,6,1543,2,7200,1.00388852884
299885,307228,375063,7343,67835,1,72000,1.1082479546
299902,300242,307474,340,7232,1,7200,1.04701327434
299912,299918,301490,6,1572,2,7200,1.00381679389
299934,299941,301644,7,1703,2,7200,1.00411039342
299949,299955,301515,6,1560,2,7200,1.00384615385
300113,300119,301610,6,1491,2,7200,1.00402414487
300223,300237,300239,14,2,1,900,1.6
300403,300409,301991,6,1582,2,7200,1.00379266751
300430,300436,301932,6,1496,2,7200,1.00401069519
300541,300547,302193,6,1646,2,7200,1.00364520049
300587,300594,302166,7,1572,2,7200,1.00445292621
300600,300754,301591,154,837,8,6000,1.18399044205
300723,300871,301691,148,820,8,6000,1.18048780488
300800,312356,354433,11556,42077,2,43200,1.27463935166
300837,300902,301768,65,866,8,6000,1.07505773672
300878,300962,301782,84,820,8,6000,1.10243902439
300940,301034,301896,94,862,8,6000,1.1090487239
300981,301083,301920,102,837,8,6000,1.12186379928
301053,301270,302144,217,874,8,6000,1.24828375286
301146,301385,302229,239,844,8,6000,1.28317535545
301163,355024,357557,53861,2533,4,108000,22.2637189104
301246,357335,359549,56089,2214,4,108000,26.3337850045
301257,357569,360018,56312,2449,4,108000,23.993875051
301269,358938,363562,57669,4624,4,108000,13.4716695502
301277,359562,362812,58285,3250,4,108000,18.9338461538
301284,360031,369723,58747,9692,4,108000,7.0613908378
301298,360762,365743,59464,4981,4,108000,12.9381650271
301320,301602,302563,282,961,8,6000,1.29344432882
301493,301622,302475,129,853,8,6000,1.15123094959
301606,301702,302840,96,1138,8,6000,1.08435852373
301699,301780,302628,81,848,8,6000,1.09551886792
301771,301793,302712,22,919,8,6000,1.0239390642
301792,301908,302736,116,828,8,6000,1.14009661836
301904,301933,302749,29,816,8,6000,1.03553921569
301925,302157,303029,232,872,8,6000,1.26605504587
301936,302178,303073,242,895,8,6000,1.27039106145
302114,309523,338330,7409,28807,2,28800,1.25719443191
302161,302242,303103,81,861,8,6000,1.09407665505
302233,302487,303332,254,845,8,6000,1.30059171598
302339,381452,381631,79113,179,32,3600,442.972067039
302478,302575,303402,97,827,8,6000,1.11729141475
302570,302641,303470,71,829,8,6000,1.08564535585
302618,309586,338415,6968,28829,2,28800,1.2417010649
302629,381643,381907,79014,264,32,3600,300.295454545
302632,302723,303571,91,848,8,6000,1.10731132075
302714,302747,303989,33,1242,8,6000,1.02657004831
302726,302892,328272,166,25380,1,36000,1.00654058314
302745,302761,303586,16,825,8,6000,1.01939393939
302756,302852,303684,96,832,8,6000,1.11538461538
302848,303040,303880,192,840,8,6000,1.22857142857
303032,303086,303905,54,819,8,6000,1.06593406593
303084,303115,303954,31,839,8,6000,1.03694874851
303105,303344,304807,239,1463,8,6000,1.16336295284
303340,303414,304252,74,838,8,6000,1.08830548926
303412,303483,304317,71,834,8,6000,1.08513189448
303474,303583,304425,109,842,8,6000,1.12945368171
303577,303598,304518,21,920,8,6000,1.02282608696
303588,303696,304531,108,835,8,6000,1.12934131737
303690,303893,304723,203,830,8,6000,1.24457831325
303884,303918,304760,34,842,8,6000,1.04038004751
303915,303967,304806,52,839,8,6000,1.06197854589
303957,304001,304827,44,826,8,6000,1.05326876513
303998,304264,305095,266,831,8,6000,1.32009626955
304253,304329,305142,76,813,8,6000,1.09348093481
304325,304437,305274,112,837,8,6000,1.13381123059
304427,304533,305395,106,862,8,6000,1.12296983759
304520,304543,305380,23,837,8,6000,1.027479092
304540,304735,305642,195,907,8,6000,1.21499448732
304724,304772,305609,48,837,8,6000,1.05734767025
304765,304818,305649,53,831,8,6000,1.06377858002
304807,304823,305674,16,851,8,6000,1.01880141011
304817,304839,305688,22,849,8,6000,1.02591283863
304828,305107,306023,279,916,8,6000,1.30458515284
305104,305153,305969,49,816,8,6000,1.06004901961
305145,305286,306123,141,837,8,6000,1.16845878136
305237,305243,306438,6,1195,1,1800,1.0050209205
305278,305392,306234,114,842,8,6000,1.13539192399
305380,305407,306464,27,1057,8,6000,1.02554399243
305401,305621,306473,220,852,8,6000,1.25821596244
305616,305653,306590,37,937,8,6000,1.03948772679
305647,305661,306503,14,842,8,6000,1.01662707838
305657,305687,306528,30,841,8,6000,1.03567181926
305678,305700,306530,22,830,8,6000,1.0265060241
305689,305981,306828,292,847,8,6000,1.34474616293
305975,306035,306926,60,891,8,6000,1.06734006734
306026,306134,307006,108,872,8,6000,1.12385321101
306128,306246,307104,118,858,8,6000,1.13752913753
306241,306477,307531,236,1054,8,6000,1.22390891841
306446,306452,308363,6,1911,1,1800,1.00313971743
306466,306486,307540,20,1054,8,6000,1.01897533207
306476,306515,307359,39,844,8,6000,1.04620853081
306507,306540,307367,33,827,8,6000,1.03990326481
306528,306546,307598,18,1052,8,6000,1.01711026616
306539,306602,307446,63,844,8,6000,1.07464454976
306600,306840,307686,240,846,8,6000,1.28368794326
306835,306937,307810,102,873,8,6000,1.11683848797
306927,307018,307847,91,829,8,6000,1.1097708082
307009,307116,307954,107,838,8,6000,1.1276849642
307111,307371,308223,260,852,8,6000,1.30516431925
307345,307486,325519,141,18033,1,18000,1.0078189985
307368,307379,308223,11,844,8,6000,1.01303317536
307369,307458,308344,89,886,8,6000,1.10045146727
307451,307543,309125,92,1582,8,6000,1.05815423515
307533,307552,308485,19,933,8,6000,1.02036441586
307543,307610,308455,67,845,8,6000,1.07928994083
307605,307698,308715,93,1017,8,6000,1.09144542773
307644,314838,317669,7194,2831,4,7200,3.54115153656
307687,307823,308686,136,863,8,6000,1.15758980301
307820,307860,308890,40,1030,8,6000,1.03883495146
307851,307966,308841,115,875,8,6000,1.13142857143
307964,308235,309201,271,966,8,6000,1.28053830228
308230,308356,309310,126,954,8,6000,1.1320754717
308230,308242,309101,12,859,8,6000,1.01396973225
308353,308467,309328,114,861,8,6000,1.13240418118
308456,308497,309348,41,851,8,6000,1.0481786134
308487,308698,309540,211,842,8,6000,1.25059382423
308692,308727,309574,35,847,8,6000,1.04132231405
308723,308853,309705,130,852,8,6000,1.15258215962
308845,308903,309780,58,877,8,6000,1.0661345496
308897,309113,310072,216,959,8,6000,1.2252346194
309111,309137,309994,26,857,8,6000,1.03033838973
309132,309213,310067,81,854,8,6000,1.09484777518
309204,309323,310175,119,852,8,6000,1.1396713615
309343,353965,354400,44622,435,4,144000,103.579310345
309586,354413,354756,44827,343,4,144000,131.690962099
309599,354769,355013,45170,244,4,144000,186.12295082
309705,309717,311651,12,1934,1,1800,1.00620475698
309794,316214,316255,6420,41,1,3600,157.585365854
309798,316219,316225,6421,6,1,3600,642.7
309803,316225,316670,6422,445,1,3600,15.4314606742
309807,316237,318661,6430,2424,1,3600,3.65264026403
309815,316284,316312,6469,28,1,240,232.035714286
309815,316267,316273,6452,6,1,120,645.8
309816,316447,316895,6631,448,1,1200,15.8013392857
309816,316907,322056,7091,5149,1,7200,2.37716061371
309816,316682,318470,6866,1788,1,2400,4.84004474273
309816,316324,316435,6508,111,1,480,59.6306306306
309822,317687,322551,7865,4864,1,36000,2.61698190789
310129,312507,330542,2378,18035,1,18000,1.13185472692
310139,311661,313586,1522,1925,1,1800,1.79064935065
310173,313596,331625,3423,18029,1,18000,1.18986077985
312040,312047,313536,7,1489,2,7200,1.00470114171
312047,312054,313576,7,1522,2,7200,1.00459921156
312049,312061,313683,12,1622,2,7200,1.00739827374
312050,312066,313571,16,1505,2,7200,1.01063122924
312057,312073,313540,16,1467,2,7200,1.01090661213
312064,312078,313634,14,1556,2,7200,1.00899742931
312070,312084,313694,14,1610,2,7200,1.00869565217
312077,312089,313767,12,1678,2,7200,1.00715137068
312084,312097,313609,13,1512,2,7200,1.0085978836
312085,312102,313769,17,1667,2,7200,1.01019796041
312097,312108,313575,11,1467,2,7200,1.00749829584
312099,312113,313462,14,1349,2,7200,1.01037805782
312105,312121,313741,16,1620,2,7200,1.00987654321
312112,312126,313943,14,1817,2,7200,1.00770500826
312119,312132,313706,13,1574,2,7200,1.0082592122
312125,312137,313592,12,1455,2,7200,1.00824742268
312132,312145,313573,13,1428,2,7200,1.00910364146
312134,312150,313819,16,1669,2,7200,1.00958657879
312140,312157,313663,17,1506,2,7200,1.01128818061
312147,312162,313761,15,1599,2,7200,1.00938086304
312154,312169,313911,15,1742,2,7200,1.00861079219
312160,312174,313741,14,1567,2,7200,1.0089342693
312167,312181,313801,14,1620,2,7200,1.00864197531
312174,312186,313843,12,1657,2,7200,1.00724200362
312181,312192,313704,11,1512,2,7200,1.00727513228
312182,312197,313752,15,1555,2,7200,1.00964630225
312189,312205,313657,16,1452,2,7200,1.01101928375
312196,312210,313911,14,1701,2,7200,1.00823045267
312202,312216,313871,14,1655,2,7200,1.0084592145
312209,312221,313790,12,1569,2,7200,1.00764818356
312216,312228,313760,12,1532,2,7200,1.00783289817
312217,312233,313738,16,1505,2,7200,1.01063122924
312224,312240,313776,16,1536,2,7200,1.01041666667
312231,312245,313778,14,1533,2,7200,1.00913242009
312238,312252,313951,14,1699,2,7200,1.00824014126
312244,312257,313666,13,1409,2,7200,1.0092264017
312251,312264,313886,13,1622,2,7200,1.00801479655
312258,312269,313779,11,1510,2,7200,1.00728476821
312259,312275,313775,16,1500,2,7200,1.01066666667
312266,312280,313877,14,1597,2,7200,1.00876643707
313153,441974,443139,128821,1165,64,7200,111.575965665
313465,313474,315003,9,1529,2,7200,1.00588620013
313538,313548,315147,10,1599,2,7200,1.00625390869
313553,313560,315103,7,1543,2,7200,1.00453661698
313572,313583,315104,11,1521,2,7200,1.00723208416
313588,313603,315161,15,1558,2,7200,1.00962772786
313590,313608,315249,18,1641,2,7200,1.01096892139
313602,313615,315195,13,1580,2,7200,1.0082278481
313618,313624,315327,6,1703,2,7200,1.00352319436
313619,313631,315135,12,1504,2,7200,1.0079787234
313638,313646,315260,8,1614,2,7200,1.00495662949
313657,313668,315073,11,1405,2,7200,1.00782918149
313673,313681,315346,8,1665,2,7200,1.0048048048
313675,313688,315234,13,1546,2,7200,1.0084087969
313691,313698,315242,7,1544,2,7200,1.00453367876
313707,313713,315173,6,1460,2,7200,1.00410958904
313708,313720,315249,12,1529,2,7200,1.00784826684
313710,313725,315196,15,1471,2,7200,1.0101971448
313742,313753,315238,11,1485,2,7200,1.00740740741
313743,313758,315240,15,1482,2,7200,1.01012145749
313750,313764,315276,14,1512,2,7200,1.00925925926
313769,313775,315193,6,1418,2,7200,1.00423131171
313770,313782,315209,12,1427,2,7200,1.00840925018
313772,313787,315401,15,1614,2,7200,1.0092936803
313778,313794,315240,16,1446,2,7200,1.01106500692
313796,313803,315366,7,1563,2,7200,1.00447856686
313798,313810,315272,12,1462,2,7200,1.00820793434
313799,313815,315322,16,1507,2,7200,1.01061712011
313806,313822,315401,16,1579,2,7200,1.01013299557
313813,313827,315371,14,1544,2,7200,1.00906735751
313820,313834,315382,14,1548,2,7200,1.00904392765
313836,313843,315403,7,1560,2,7200,1.00448717949
313838,313849,315581,11,1732,2,7200,1.00635103926
313853,313860,315394,7,1534,2,7200,1.00456323338
313874,313883,315535,9,1652,2,7200,1.00544794189
313890,313896,315487,6,1591,2,7200,1.00377121307
313891,313903,315249,12,1346,2,7200,1.00891530461
313914,313924,315471,10,1547,2,7200,1.00646412411
313915,313929,315446,14,1517,2,7200,1.00922874094
313947,313956,315571,9,1615,2,7200,1.00557275542
313963,313969,315534,6,1565,2,7200,1.00383386581
314632,316196,316197,1564,1,4,3600,156.5
314862,397035,419643,82173,22608,4,518400,4.63468683652
315467,315474,317036,7,1562,2,7200,1.00448143406
315469,315480,316850,11,1370,2,7200,1.00802919708
315471,315486,316995,15,1509,2,7200,1.00994035785
315477,315493,316922,16,1429,2,7200,1.01119664101
315482,431975,431978,116493,3,16,345600,11649.6
315484,315498,316926,14,1428,2,7200,1.00980392157
315491,315505,316962,14,1457,2,7200,1.00960878518
315497,315510,316958,13,1448,2,7200,1.00897790055
315504,315517,317004,13,1487,2,7200,1.00874243443
315506,315522,316855,16,1333,2,7200,1.01200300075
315513,315534,317095,21,1561,2,7200,1.0134529148
315519,316209,318138,690,1929,1,1800,1.35769828927
315519,315540,317072,21,1532,2,7200,1.0137075718
315532,315547,316924,15,1377,2,7200,1.01089324619
315538,315552,317161,14,1609,2,7200,1.00870105656
315545,315558,317188,13,1630,2,7200,1.00797546012
315552,315564,317096,12,1532,2,7200,1.00783289817
315559,315571,317480,12,1909,2,7200,1.00628601362
315560,315576,317185,16,1609,2,7200,1.00994406464
315567,315583,317168,16,1585,2,7200,1.01009463722
315574,315588,317075,14,1487,2,7200,1.00941492939
315581,315595,317200,14,1605,2,7200,1.00872274143
315588,315600,317257,12,1657,2,7200,1.00724200362
315594,315607,317273,13,1666,2,7200,1.00780312125
315596,315612,317157,16,1545,2,7200,1.01035598706
315603,315619,317239,16,1620,2,7200,1.00987654321
315610,315624,317377,14,1753,2,7200,1.00798630918
315616,315630,317309,14,1679,2,7200,1.00833829661
315623,315635,317063,12,1428,2,7200,1.00840336134
315630,315643,317148,13,1505,2,7200,1.00863787375
315632,315648,317101,16,1453,2,7200,1.01101169993
315638,315655,317269,17,1614,2,7200,1.01053283767
315645,315660,317218,15,1558,2,7200,1.00962772786
315652,315667,317553,15,1886,2,7200,1.0079533404
315659,315672,317301,13,1629,2,7200,1.00798035605
315666,315679,317215,13,1536,2,7200,1.00846354167
315684,315690,317187,6,1497,2,7200,1.00400801603
315686,315696,317261,10,1565,2,7200,1.00638977636
315687,315702,317138,15,1436,2,7200,1.01044568245
315694,315709,317324,15,1615,2,7200,1.0092879257
315701,315714,317123,13,1409,2,7200,1.0092264017
315708,315720,317229,12,1509,2,7200,1.00795228628
316377,317682,323047,1305,5365,2,14400,1.24324324324
316672,441980,453729,125308,11749,48,86400,11.6654183335
316851,316861,318506,10,1645,2,7200,1.00607902736
316867,316873,318426,6,1553,2,7200,1.00386349002
316924,316934,318555,10,1621,2,7200,1.00616903146
316926,316941,318639,15,1698,2,7200,1.00883392226
316942,316949,318366,7,1417,2,7200,1.00494001411
316961,316970,318454,9,1484,2,7200,1.00606469003
316977,316984,318479,7,1495,2,7200,1.00468227425
316998,317007,318381,9,1374,2,7200,1.00655021834
317014,317021,318504,7,1483,2,7200,1.00472016183
317039,317049,318642,10,1593,2,7200,1.0062774639
317064,317075,318722,11,1647,2,7200,1.00667880996
317080,317086,318577,6,1491,2,7200,1.00402414487
317082,317093,318742,11,1649,2,7200,1.00667070952
317097,317106,318686,9,1580,2,7200,1.00569620253
317099,317113,318738,14,1625,2,7200,1.00861538462
317115,317122,318809,7,1687,2,7200,1.00414937759
317131,317138,318592,7,1454,2,7200,1.00481430536
317146,317153,318666,7,1513,2,7200,1.00462656973
317163,317170,319896,7,2726,2,7200,1.002567865
317164,317177,318802,13,1625,2,7200,1.008
317166,317182,318806,16,1624,2,7200,1.00985221675
317182,317189,318594,7,1405,2,7200,1.00498220641
317198,317205,318679,7,1474,2,7200,1.00474898236
317200,317212,318707,12,1495,2,7200,1.00802675585
317201,317217,318900,16,1683,2,7200,1.00950683304
317217,317229,318916,12,1687,2,7200,1.00711321873
317219,317234,318808,15,1574,2,7200,1.00952986023
317235,317241,318789,6,1548,2,7200,1.00387596899
317237,317248,318872,11,1624,2,7200,1.00677339901
317253,317260,318888,7,1628,2,7200,1.0042997543
317270,317276,318845,6,1569,2,7200,1.00382409178
317272,317283,318789,11,1506,2,7200,1.00730411687
317273,317288,318873,15,1585,2,7200,1.0094637224
317289,317296,318983,7,1687,2,7200,1.00414937759
317306,317312,318854,6,1542,2,7200,1.00389105058
317321,317334,319134,13,1800,2,7200,1.00722222222
317337,317344,318873,7,1529,2,7200,1.00457815566
317379,317389,318933,10,1544,2,7200,1.00647668394
317481,317492,318951,11,1459,2,7200,1.00753941056
317554,317565,319180,11,1615,2,7200,1.00681114551
318368,318375,320008,7,1633,2,7200,1.0042865891
318384,318391,319952,7,1561,2,7200,1.00448430493
318428,318435,319955,7,1520,2,7200,1.00460526316
318457,318464,319882,7,1418,2,7200,1.00493653032
318480,318487,320257,7,1770,2,7200,1.00395480226
318508,318514,320008,6,1494,2,7200,1.00401606426
318510,318520,320013,10,1493,2,7200,1.00669792364
318557,318563,320123,6,1560,2,7200,1.00384615385
318579,318585,320093,6,1508,2,7200,1.00397877984
318595,318601,320259,6,1658,2,7200,1.00361881785
318597,318608,320209,11,1601,2,7200,1.00687070581
318642,318649,320179,7,1530,2,7200,1.0045751634
318643,318656,320175,13,1519,2,7200,1.00855826201
318669,318675,320114,6,1439,2,7200,1.0041695622
318685,318693,320265,8,1572,2,7200,1.00508905852
318702,318708,320240,6,1532,2,7200,1.00391644909
318718,318725,320260,7,1535,2,7200,1.00456026059
318733,318740,320365,7,1625,2,7200,1.00430769231
318749,318755,320273,6,1518,2,7200,1.00395256917
318751,318762,320404,11,1642,2,7200,1.00669914738
318792,318798,320336,6,1538,2,7200,1.00390117035
318793,318805,320217,12,1412,2,7200,1.00849858357
318810,318817,320293,7,1476,2,7200,1.00474254743
318811,318824,320427,13,1603,2,7200,1.00810979414
318813,318829,320459,16,1630,2,7200,1.00981595092
318820,318836,320431,16,1595,2,7200,1.01003134796
318848,318856,320435,8,1579,2,7200,1.00506649778
318864,318870,320397,6,1527,2,7200,1.00392927308
318881,318887,320574,6,1687,2,7200,1.00355660937
318883,318894,320407,11,1513,2,7200,1.00727032386
318884,318899,320527,15,1628,2,7200,1.00921375921
318900,318906,320526,6,1620,2,7200,1.0037037037
318916,318923,320479,7,1556,2,7200,1.00449871465
318931,318938,320506,7,1568,2,7200,1.00446428571
318947,318954,320668,7,1714,2,7200,1.004084014
318963,318970,320453,7,1483,2,7200,1.00472016183
318985,318992,320591,7,1599,2,7200,1.00437773609
319137,319144,320919,7,1775,2,7200,1.00394366197
319181,319187,320697,6,1510,2,7200,1.00397350993
319885,319892,321472,7,1580,2,7200,1.00443037975
319901,319907,321312,6,1405,2,7200,1.00427046263
319956,319963,321447,7,1484,2,7200,1.00471698113
319957,319969,321362,12,1393,2,7200,1.00861450108
320010,320016,321584,6,1568,2,7200,1.00382653061
320012,320023,321572,11,1549,2,7200,1.00710135571
320028,320035,321711,7,1676,2,7200,1.00417661098
320095,320101,321608,6,1507,2,7200,1.00398142004
320098,320129,322968,31,2839,2,7200,1.01091933779
320117,320123,321634,6,1511,2,7200,1.00397088021
320132,320140,321649,8,1509,2,7200,1.00530152419
320176,320183,321693,7,1510,2,7200,1.00463576159
320192,320199,321572,7,1373,2,7200,1.00509832484
320211,320218,321691,7,1473,2,7200,1.00475220638
320226,320232,321843,6,1611,2,7200,1.00372439479
320242,320248,321730,6,1482,2,7200,1.004048583
320258,320264,321907,6,1643,2,7200,1.00365185636
320275,320282,321628,7,1346,2,7200,1.00520059435
320276,320289,321889,13,1600,2,7200,1.008125
320278,320294,321933,16,1639,2,7200,1.00976205003
320285,320301,321896,16,1595,2,7200,1.01003134796
320300,320308,321833,8,1525,2,7200,1.00524590164
320338,320344,321983,6,1639,2,7200,1.00366076876
320366,320372,321891,6,1519,2,7200,1.00394996708
320401,320409,322067,8,1658,2,7200,1.00482509047
320418,320425,321998,7,1573,2,7200,1.00445009536
320419,320432,321961,13,1529,2,7200,1.00850228908
320436,320443,321921,7,1478,2,7200,1.00473612991
320437,320450,322158,13,1708,2,7200,1.00761124122
320439,320455,321962,16,1507,2,7200,1.01061712011
320455,320463,322035,8,1572,2,7200,1.00508905852
320471,320477,322106,6,1629,2,7200,1.00368324125
320487,320493,321965,6,1472,2,7200,1.00407608696
320509,320515,321965,6,1450,2,7200,1.00413793103
320528,320535,322021,7,1486,2,7200,1.00471063257
320530,320542,322143,12,1601,2,7200,1.00749531543
320578,320585,322015,7,1430,2,7200,1.0048951049
320593,320600,322115,7,1515,2,7200,1.00462046205
320670,320677,322293,7,1616,2,7200,1.00433168317
320698,320704,322255,6,1551,2,7200,1.00386847195
320922,320928,322421,6,1493,2,7200,1.00401875419
321314,321321,322894,7,1573,2,7200,1.00445009536
321364,321370,322687,6,1317,2,7200,1.00455580866
321449,321456,323259,7,1803,2,7200,1.00388241819
321475,321482,322988,7,1506,2,7200,1.00464807437
321575,321582,323027,7,1445,2,7200,1.00484429066
321576,321589,323309,13,1720,2,7200,1.00755813953
321592,321598,323187,6,1589,2,7200,1.00377595972
321611,321617,323139,6,1522,2,7200,1.00394218134
321630,321636,323051,6,1415,2,7200,1.00424028269
321646,321653,323188,7,1535,2,7200,1.00456026059
321662,321668,323082,6,1414,2,7200,1.00424328147
321693,321699,323221,6,1522,2,7200,1.00394218134
321708,321716,323211,8,1495,2,7200,1.00535117057
321724,321731,323191,7,1460,2,7200,1.00479452055
321740,321746,323205,6,1459,2,7200,1.00411240576
321836,321842,323362,6,1520,2,7200,1.00394736842
321852,321858,323322,6,1464,2,7200,1.00409836066
321893,321900,323447,7,1547,2,7200,1.00452488688
321894,321906,323465,12,1559,2,7200,1.00769724182
321900,322068,324502,168,2434,1,3600,1.0690221857
321911,321917,323474,6,1557,2,7200,1.00385356455
321913,321924,323451,11,1527,2,7200,1.00720366732
321929,321935,323568,6,1633,2,7200,1.00367421923
321944,321952,323426,8,1474,2,7200,1.00542740841
321964,321970,323438,6,1468,2,7200,1.00408719346
321965,321977,323568,12,1591,2,7200,1.00754242615
321981,321988,323670,7,1682,2,7200,1.00416171225
321983,321994,323502,11,1508,2,7200,1.00729442971
321999,322005,323548,6,1543,2,7200,1.00388852884
322000,322011,323605,11,1594,2,7200,1.00690087829
322016,322023,323621,7,1598,2,7200,1.00438047559
322032,322038,323617,6,1579,2,7200,1.00379987334
322047,322054,323660,7,1606,2,7200,1.00435865504
322070,322077,323638,7,1561,2,7200,1.00448430493
322108,322114,323673,6,1559,2,7200,1.00384862091
322123,322130,323593,7,1463,2,7200,1.004784689
322145,322152,323603,7,1451,2,7200,1.00482425913
322161,322167,323695,6,1528,2,7200,1.00392670157
322257,322264,323764,7,1500,2,7200,1.00466666667
322290,322563,322569,273,6,1,120,27.9
322290,322581,322607,291,26,1,240,12.1923076923
322290,322980,324707,690,1727,1,2400,1.39953676896
322290,322618,322726,328,108,1,480,4.03703703704
322290,322739,323171,449,432,1,1200,2.03935185185
322291,322985,329797,694,6812,1,7200,1.10187903699
322295,322302,323909,7,1607,2,7200,1.00435594275
322425,322431,323915,6,1484,2,7200,1.00404312668
322689,322696,324250,7,1554,2,7200,1.0045045045
322896,322902,324495,6,1593,2,7200,1.00376647834
322991,322998,324434,7,1436,2,7200,1.00487465181
323029,323035,324623,6,1588,2,7200,1.00377833753
323054,323060,324529,6,1469,2,7200,1.00408441116
323086,323093,324629,7,1536,2,7200,1.00455729167
323142,323148,324715,6,1567,2,7200,1.00382897256
323189,323196,324690,7,1494,2,7200,1.0046854083
323190,323202,324634,12,1432,2,7200,1.00837988827
323207,323213,324553,6,1340,2,7200,1.00447761194
323208,323220,324724,12,1504,2,7200,1.0079787234
323224,323230,324740,6,1510,2,7200,1.00397350993
323226,323237,324724,11,1487,2,7200,1.00739744452
323264,323271,324745,7,1474,2,7200,1.00474898236
323311,323318,324988,7,1670,2,7200,1.00419161677
323326,323334,325161,8,1827,2,7200,1.004378763
323365,323371,324997,6,1626,2,7200,1.0036900369
323428,323434,325122,6,1688,2,7200,1.00355450237
323444,323451,324938,7,1487,2,7200,1.00470746469
323460,323466,325099,6,1633,2,7200,1.00367421923
323461,323472,325080,11,1608,2,7200,1.00684079602
323477,323485,325068,8,1583,2,7200,1.00505369551
323479,323492,325050,13,1558,2,7200,1.00834403081
323505,323511,325177,6,1666,2,7200,1.00360144058
323552,323558,325135,6,1577,2,7200,1.00380469245
323571,323578,325037,7,1459,2,7200,1.00479780672
323572,323585,325042,13,1457,2,7200,1.00892244338
323595,323602,325119,7,1517,2,7200,1.00461437047
323611,323618,325051,7,1433,2,7200,1.00488485694
323612,323626,325078,14,1452,2,7200,1.00964187328
323629,323635,325177,6,1542,2,7200,1.00389105058
323630,323642,325268,12,1626,2,7200,1.0073800738
323646,323653,325134,7,1481,2,7200,1.00472653612
323662,323668,325105,6,1437,2,7200,1.00417536534
323678,323685,325212,7,1527,2,7200,1.00458415193
323680,323691,325345,11,1654,2,7200,1.00665054414
323699,323705,325233,6,1528,2,7200,1.00392670157
323766,323773,325500,7,1727,2,7200,1.00405327157
323912,323918,325525,6,1607,2,7200,1.00373366521
323929,323935,325493,6,1558,2,7200,1.00385109114
323981,324513,328595,532,4082,1,7200,1.13032827046
324254,324260,325942,6,1682,2,7200,1.00356718193
324436,324442,326078,6,1636,2,7200,1.00366748166
324497,324505,326200,8,1695,2,7200,1.00471976401
324532,324538,326100,6,1562,2,7200,1.00384122919
324554,324562,325988,8,1426,2,7200,1.00561009818
324625,324631,326351,6,1720,2,7200,1.00348837209
324641,324647,326257,6,1610,2,7200,1.00372670807
324642,324653,326272,11,1619,2,7200,1.00679431748
324692,324698,326163,6,1465,2,7200,1.00409556314
324718,324724,326318,6,1594,2,7200,1.00376411543
324734,324740,326334,6,1594,2,7200,1.00376411543
324735,324747,326403,12,1656,2,7200,1.00724637681
324752,324759,326306,7,1547,2,7200,1.00452488688
324753,324765,326319,12,1554,2,7200,1.00772200772
324941,324948,326639,7,1691,2,7200,1.00413956239
324991,324997,326584,6,1587,2,7200,1.00378071834
325006,325014,326441,8,1427,2,7200,1.00560616678
325039,325046,326740,7,1694,2,7200,1.0041322314
325056,325063,326575,7,1512,2,7200,1.00462962963
325058,325070,326676,12,1606,2,7200,1.00747198007
325059,325075,326652,16,1577,2,7200,1.01014584654
325075,325082,326693,7,1611,2,7200,1.00434512725
325092,325098,326783,6,1685,2,7200,1.00356083086
325093,325105,326584,12,1479,2,7200,1.00811359026
325109,325116,326648,7,1532,2,7200,1.0045691906
325111,325123,326609,12,1486,2,7200,1.00807537012
325128,325135,326707,7,1572,2,7200,1.00445292621
325130,325140,326729,10,1589,2,7200,1.00629326621
325146,325153,327846,7,2693,2,7200,1.0025993316
325147,325159,326718,12,1559,2,7200,1.00769724182
325163,325169,326757,6,1588,2,7200,1.00377833753
325180,325186,326650,6,1464,2,7200,1.00409836066
325181,325193,326797,12,1604,2,7200,1.00748129676
325216,325222,326834,6,1612,2,7200,1.00372208437
325236,325242,326735,6,1493,2,7200,1.00401875419
325271,325278,326807,7,1529,2,7200,1.00457815566
325348,325354,326926,6,1572,2,7200,1.00381679389
325494,325500,327110,6,1610,2,7200,1.00372670807
325506,326003,326030,497,27,2,3600,19.4074074074
325509,325516,327070,7,1554,2,7200,1.0045045045
325528,325534,327011,6,1477,2,7200,1.00406228842
325945,325951,327302,6,1351,2,7200,1.0044411547
325990,325996,327477,6,1481,2,7200,1.00405131668
326079,326086,327524,7,1438,2,7200,1.00486787204
326101,326108,327680,7,1572,2,7200,1.00445292621
326165,326172,327858,7,1686,2,7200,1.00415183867
326203,326209,327720,6,1511,2,7200,1.00397088021
326260,326267,327792,7,1525,2,7200,1.00459016393
326276,326283,327812,7,1529,2,7200,1.00457815566
326308,326314,327714,6,1400,2,7200,1.00428571429
326324,326330,327899,6,1569,2,7200,1.00382409178
326325,326337,327874,12,1537,2,7200,1.00780741705
326341,326347,327905,6,1558,2,7200,1.00385109114
326357,326365,327991,8,1626,2,7200,1.0049200492
326404,326410,327851,6,1441,2,7200,1.00416377516
326442,326448,328088,6,1640,2,7200,1.00365853659
326578,326584,328319,6,1735,2,7200,1.00345821326
326594,326600,328073,6,1473,2,7200,1.00407331976
326595,326606,328106,11,1500,2,7200,1.00733333333
326611,326618,328079,7,1461,2,7200,1.00479123888
326642,326648,328199,6,1551,2,7200,1.00386847195
326658,326664,328112,6,1448,2,7200,1.00414364641
326659,326670,328256,11,1586,2,7200,1.00693568726
326661,326675,328226,14,1551,2,7200,1.00902643456
326680,326687,328366,7,1679,2,7200,1.0041691483
326696,326702,328218,6,1516,2,7200,1.00395778364
326712,326718,328204,6,1486,2,7200,1.00403768506
326728,326735,328188,7,1453,2,7200,1.00481761872
326743,326751,328328,8,1577,2,7200,1.00507292327
326745,326757,328247,12,1490,2,7200,1.00805369128
326747,326762,328408,15,1646,2,7200,1.00911300122
326763,326769,328367,6,1598,2,7200,1.00375469337
326786,326793,328394,7,1601,2,7200,1.00437226733
326802,326808,328276,6,1468,2,7200,1.00408719346
326817,326823,328471,6,1648,2,7200,1.0036407767
326836,326843,328304,7,1461,2,7200,1.00479123888
326929,326936,328500,7,1564,2,7200,1.00447570332
326987,327027,330088,40,3061,1,14400,1.01306762496
327014,327020,328506,6,1486,2,7200,1.00403768506
327074,327081,328546,7,1465,2,7200,1.004778157
327112,327118,328662,6,1544,2,7200,1.00388601036
327304,327311,328942,7,1631,2,7200,1.00429184549
327479,327486,329053,7,1567,2,7200,1.00446713465
327526,327532,329048,6,1516,2,7200,1.00395778364
327682,327689,329302,7,1613,2,7200,1.00433973962
327716,327723,329345,7,1622,2,7200,1.00431565968
327732,327739,329262,7,1523,2,7200,1.00459619173
327795,327801,329425,6,1624,2,7200,1.00369458128
327814,327820,329359,6,1539,2,7200,1.00389863548
327849,327855,329441,6,1586,2,7200,1.00378310214
327864,327870,329396,6,1526,2,7200,1.00393184797
327866,327876,329420,10,1544,2,7200,1.00647668394
327881,327888,329564,7,1676,2,7200,1.00417661098
327901,327907,329433,6,1526,2,7200,1.00393184797
327902,329809,503394,1907,173585,1,342000,1.01098597229
327916,327923,329329,7,1406,2,7200,1.00497866287
327994,328001,329481,7,1480,2,7200,1.00472972973
328014,354824,357322,26810,2498,4,7200,11.7325860689
328076,328082,329611,6,1529,2,7200,1.00392413342
328092,328098,329591,6,1493,2,7200,1.00401875419
328093,328105,329644,12,1539,2,7200,1.00779727096
328109,328115,329762,6,1647,2,7200,1.00364298725
328124,328131,329602,7,1471,2,7200,1.00475866757
328190,328196,330185,6,1989,2,7200,1.00301659125
328206,328212,329744,6,1532,2,7200,1.00391644909
328208,328219,329813,11,1594,2,7200,1.00690087829
328224,328230,329901,6,1671,2,7200,1.00359066427
328240,328247,329716,7,1469,2,7200,1.00476514636
328255,328262,329862,7,1600,2,7200,1.004375
328271,328278,329872,7,1594,2,7200,1.00439146801
328287,328293,329930,6,1637,2,7200,1.0036652413
328306,328313,330321,7,2008,2,7200,1.00348605578
328322,328328,329825,6,1497,2,7200,1.00400801603
328338,328344,329814,6,1470,2,7200,1.00408163265
328370,328376,329900,6,1524,2,7200,1.00393700787
328371,328383,329988,12,1605,2,7200,1.00747663551
328397,328403,330008,6,1605,2,7200,1.00373831776
328413,328419,329938,6,1519,2,7200,1.00394996708
328473,328479,329966,6,1487,2,7200,1.00403496974
328501,328508,330031,7,1523,2,7200,1.00459619173
328517,328524,330221,7,1697,2,7200,1.00412492634
328549,328555,330040,6,1485,2,7200,1.00404040404
328666,328672,330230,6,1558,2,7200,1.00385109114
328944,328950,330540,6,1590,2,7200,1.00377358491
329050,329057,330620,7,1563,2,7200,1.00447856686
329065,329073,330573,8,1500,2,7200,1.00533333333
329265,329271,330779,6,1508,2,7200,1.00397877984
329306,329312,330862,6,1550,2,7200,1.00387096774
329331,329338,330987,7,1649,2,7200,1.00424499697
329347,329354,330868,7,1514,2,7200,1.00462351387
329362,329369,330918,7,1549,2,7200,1.00451904454
329400,329406,330851,6,1445,2,7200,1.00415224913
329423,329429,330931,6,1502,2,7200,1.00399467377
329439,329445,330996,6,1551,2,7200,1.00386847195
329440,329452,331168,12,1716,2,7200,1.00699300699
329456,329462,330893,6,1431,2,7200,1.00419287212
329485,329491,330944,6,1453,2,7200,1.00412938747
329565,329572,331114,7,1542,2,7200,1.00453955901
329593,329599,331133,6,1534,2,7200,1.00391134289
329609,329617,331045,8,1428,2,7200,1.0056022409
329625,329631,331114,6,1483,2,7200,1.004045853
329647,329653,331127,6,1474,2,7200,1.00407055631
329718,329725,331341,7,1616,2,7200,1.00433168317
329747,329754,331301,7,1547,2,7200,1.00452488688
329766,329773,331316,7,1543,2,7200,1.00453661698
329816,329824,331336,8,1512,2,7200,1.00529100529
329818,329829,331331,11,1502,2,7200,1.00732356858
329834,329840,331539,6,1699,2,7200,1.00353148911
329866,329873,331336,7,1463,2,7200,1.004784689
329873,335159,358309,5286,23150,1,151200,1.22833693305
329881,329888,331661,7,1773,2,7200,1.00394811055
329901,329908,331427,7,1519,2,7200,1.00460829493
329916,329924,331458,8,1534,2,7200,1.00521512386
329932,329939,331520,7,1581,2,7200,1.00442757748
329948,329954,331544,6,1590,2,7200,1.00377358491
329966,329974,331503,8,1529,2,7200,1.00523217789
329992,329999,331408,7,1409,2,7200,1.00496806246
330011,330017,331543,6,1526,2,7200,1.00393184797
330033,330039,331673,6,1634,2,7200,1.00367197062
330049,330055,331529,6,1474,2,7200,1.00407055631
330186,330192,331891,6,1699,2,7200,1.00353148911
330224,330231,331693,7,1462,2,7200,1.0047879617
330239,330246,331756,7,1510,2,7200,1.00463576159
330325,330331,331932,6,1601,2,7200,1.00374765771
330542,330549,331989,7,1440,2,7200,1.00486111111
330574,330580,332190,6,1610,2,7200,1.00372670807
330624,330630,332132,6,1502,2,7200,1.00399467377
330781,330787,332280,6,1493,2,7200,1.00401875419
330854,330861,332402,7,1541,2,7200,1.00454250487
330870,330876,332349,6,1473,2,7200,1.00407331976
330871,330883,332553,12,1670,2,7200,1.00718562874
330897,330904,332434,7,1530,2,7200,1.0045751634
330919,330925,332488,6,1563,2,7200,1.00383877159
330935,330942,332599,7,1657,2,7200,1.00422450211
330951,330958,332545,7,1587,2,7200,1.00441083806
330989,330996,332457,7,1461,2,7200,1.00479123888
331005,331012,332501,7,1489,2,7200,1.00470114171
331046,331052,332621,6,1569,2,7200,1.00382409178
331118,331124,332671,6,1547,2,7200,1.00387847447
331119,331131,332578,12,1447,2,7200,1.00829302004
331135,331141,332589,6,1448,2,7200,1.00414364641
331137,331148,332774,11,1626,2,7200,1.00676506765
331171,331178,332732,7,1554,2,7200,1.0045045045
331304,331311,332823,7,1512,2,7200,1.00462962963
331320,331327,332795,7,1468,2,7200,1.00476839237
331335,331343,332823,8,1480,2,7200,1.00540540541
331351,331357,332792,6,1435,2,7200,1.00418118467
331353,331363,333088,10,1725,2,7200,1.00579710145
331354,331368,332958,14,1590,2,7200,1.00880503145
331411,331417,333065,6,1648,2,7200,1.0036407767
331430,331437,332935,7,1498,2,7200,1.0046728972
331461,331467,333062,6,1595,2,7200,1.00376175549
331505,331511,333163,6,1652,2,7200,1.00363196126
331521,331527,333041,6,1514,2,7200,1.00396301189
331537,331543,333119,6,1576,2,7200,1.0038071066
331553,331559,333097,6,1538,2,7200,1.00390117035
331554,331566,333037,12,1471,2,7200,1.00815771584
331556,331571,333188,15,1617,2,7200,1.00927643785
331663,331669,333178,6,1509,2,7200,1.00397614314
331678,331685,333222,7,1537,2,7200,1.00455432661
331697,331705,333179,8,1474,2,7200,1.00542740841
331757,331764,333425,7,1661,2,7200,1.00421432872
331893,331900,333439,7,1539,2,7200,1.00454840806
331934,331940,333557,6,1617,2,7200,1.00371057514
331991,331998,333364,7,1366,2,7200,1.00512445095
332136,332142,333594,6,1452,2,7200,1.0041322314
332195,332202,333836,7,1634,2,7200,1.00428396573
332284,332290,333823,6,1533,2,7200,1.00391389432
332305,332506,332507,201,1,2,3540,20.2
332352,332360,333905,8,1545,2,7200,1.00517799353
332403,332410,334114,7,1704,2,7200,1.00410798122
332438,332444,334137,6,1693,2,7200,1.00354400473
332460,332466,334007,6,1541,2,7200,1.0038935756
332492,332499,334055,7,1556,2,7200,1.00449871465
332507,332515,334056,8,1541,2,7200,1.00519143413
332549,332555,334033,6,1478,2,7200,1.00405953992
332564,332572,333999,8,1427,2,7200,1.00560616678
332581,332587,334166,6,1579,2,7200,1.00379987334
332597,332604,334206,7,1602,2,7200,1.00436953808
332612,332618,334092,6,1474,2,7200,1.00407055631
332628,332635,333990,7,1355,2,7200,1.00516605166
332673,332679,334308,6,1629,2,7200,1.00368324125
332735,332741,334270,6,1529,2,7200,1.00392413342
332777,332783,334383,6,1600,2,7200,1.00375
332794,332800,334301,6,1501,2,7200,1.00399733511
332809,332816,334384,7,1568,2,7200,1.00446428571
332825,332831,334184,6,1353,2,7200,1.0044345898
332827,332838,334412,11,1574,2,7200,1.00698856417
332938,332944,334685,6,1741,2,7200,1.00344629523
332960,332967,334552,7,1585,2,7200,1.00441640379
333039,333046,334574,7,1528,2,7200,1.00458115183
333054,333060,334622,6,1562,2,7200,1.00384122919
333071,333078,334566,7,1488,2,7200,1.00470430108
333073,333084,334666,11,1582,2,7200,1.00695322377
333092,333099,334819,7,1720,2,7200,1.00406976744
333109,333116,334574,7,1458,2,7200,1.00480109739
333125,333131,334482,6,1351,2,7200,1.0044411547
333166,333173,334664,7,1491,2,7200,1.00469483568
333182,333188,334739,6,1551,2,7200,1.00386847195
333184,333195,334787,11,1592,2,7200,1.00690954774
333199,333205,334630,6,1425,2,7200,1.00421052632
333225,333231,334707,6,1476,2,7200,1.00406504065
333367,333374,334969,7,1595,2,7200,1.00438871473
333427,333434,334996,7,1562,2,7200,1.00448143406
333443,333450,334975,7,1525,2,7200,1.00459016393
333561,333568,334915,7,1347,2,7200,1.00519673348
333595,333601,335111,6,1510,2,7200,1.00397350993
333825,333832,335407,7,1575,2,7200,1.00444444444
333841,333847,335353,6,1506,2,7200,1.00398406375
333907,333913,335405,6,1492,2,7200,1.00402144772
333993,333999,335689,6,1690,2,7200,1.00355029586
334009,334015,335745,6,1730,2,7200,1.00346820809
334010,334022,335616,12,1594,2,7200,1.00752823087
334036,334043,335540,7,1497,2,7200,1.0046760187
334058,334065,335689,7,1624,2,7200,1.00431034483
334060,334072,335678,12,1606,2,7200,1.00747198007
334094,334101,335660,7,1559,2,7200,1.00449005773
334117,334124,335736,7,1612,2,7200,1.00434243176
334139,334146,335728,7,1582,2,7200,1.00442477876
334167,334175,335673,8,1498,2,7200,1.00534045394
334186,334194,335616,8,1422,2,7200,1.00562587904
334208,334215,335695,7,1480,2,7200,1.00472972973
334271,334278,335926,7,1648,2,7200,1.00424757282
334303,334310,335782,7,1472,2,7200,1.00475543478
334318,334325,335869,7,1544,2,7200,1.00453367876
334384,334390,335932,6,1542,2,7200,1.00389105058
334386,334397,335959,11,1562,2,7200,1.00704225352
334414,334421,335892,7,1471,2,7200,1.00475866757
334484,334490,336019,6,1529,2,7200,1.00392413342
334554,334561,336143,7,1582,2,7200,1.00442477876
334570,334577,336062,7,1485,2,7200,1.00471380471
334586,334592,336257,6,1665,2,7200,1.0036036036
334587,334598,336074,11,1476,2,7200,1.00745257453
334625,334633,336207,8,1574,2,7200,1.00508259212
334642,334648,336166,6,1518,2,7200,1.00395256917
334668,334674,337392,6,2718,2,7200,1.00220750552
334669,334681,336175,12,1494,2,7200,1.00803212851
334688,334694,336143,6,1449,2,7200,1.00414078675
334710,334717,336266,7,1549,2,7200,1.00451904454
334742,334749,336428,7,1679,2,7200,1.0041691483
334789,334796,336464,7,1668,2,7200,1.00419664269
334821,334828,336396,7,1568,2,7200,1.00446428571
334919,334926,336569,7,1643,2,7200,1.00426049909
334973,334980,336415,7,1435,2,7200,1.00487804878
334989,334995,336517,6,1522,2,7200,1.00394218134
335004,335010,336532,6,1522,2,7200,1.00394218134
335089,335557,336020,468,463,2,28800,2.01079913607
335101,381919,381957,46818,38,32,3600,1233.05263158
335114,335121,336645,7,1524,2,7200,1.00459317585
335132,335694,338031,562,2337,2,28800,1.2404792469
335145,381969,382003,46824,34,32,3600,1378.17647059
335357,335364,336864,7,1500,2,7200,1.00466666667
335407,335415,336921,8,1506,2,7200,1.00531208499
335409,335422,336793,13,1371,2,7200,1.00948212983
335543,335550,336966,7,1416,2,7200,1.00494350282
335618,335625,337133,7,1508,2,7200,1.00464190981
335620,335632,337262,12,1630,2,7200,1.00736196319
335664,335671,337227,7,1556,2,7200,1.00449871465
335681,335687,337235,6,1548,2,7200,1.00387596899
335682,335699,337239,17,1540,2,7200,1.01103896104
335698,335706,337352,8,1646,2,7200,1.00486026731
335700,335712,337127,12,1415,2,7200,1.00848056537
335702,335718,337308,16,1590,2,7200,1.01006289308
335730,335737,337283,7,1546,2,7200,1.00452781371
335746,335753,337317,7,1564,2,7200,1.00447570332
335747,335760,337291,13,1531,2,7200,1.00849118223
335786,335792,337370,6,1578,2,7200,1.00380228137
335870,335876,337437,6,1561,2,7200,1.00384368994
335895,335902,337931,7,2029,2,7200,1.00344997536
335930,335936,337421,6,1485,2,7200,1.00404040404
335945,335952,337581,7,1629,2,7200,1.00429711479
335961,335967,337512,6,1545,2,7200,1.00388349515
336021,336028,337576,7,1548,2,7200,1.00452196382
336065,336071,337644,6,1573,2,7200,1.00381436745
336081,336088,337602,7,1514,2,7200,1.00462351387
336145,336151,337558,6,1407,2,7200,1.00426439232
336146,336158,337779,12,1621,2,7200,1.00740283775
336169,336175,337827,6,1652,2,7200,1.00363196126
336184,336191,337778,7,1587,2,7200,1.00441083806
336210,336218,337764,8,1546,2,7200,1.00517464424
336260,336266,337835,6,1569,2,7200,1.00382409178
336275,336282,337820,7,1538,2,7200,1.00455136541
336398,336404,337916,6,1512,2,7200,1.00396825397
336417,336424,337930,7,1506,2,7200,1.00464807437
336433,336439,338152,6,1713,2,7200,1.00350262697
336468,336474,337944,6,1470,2,7200,1.00408163265
336521,336528,338196,7,1668,2,7200,1.00419664269
336537,336543,338116,6,1573,2,7200,1.00381436745
336571,336577,338088,6,1511,2,7200,1.00397088021
336647,336653,338323,6,1670,2,7200,1.00359281437
336794,336800,338248,6,1448,2,7200,1.00414364641
336867,336873,338484,6,1611,2,7200,1.00372439479
336924,336931,338552,7,1621,2,7200,1.00431832202
336967,336974,338620,7,1646,2,7200,1.0042527339
337129,337135,338764,6,1629,2,7200,1.00368324125
337145,337152,339156,7,2004,2,7200,1.00349301397
337229,337235,338889,6,1654,2,7200,1.00362756953
337245,337251,338914,6,1663,2,7200,1.00360793746
337246,337258,338767,12,1509,2,7200,1.00795228628
337265,337272,338739,7,1467,2,7200,1.00477164281
337284,337292,339031,8,1739,2,7200,1.00460034503
337300,337306,338859,6,1553,2,7200,1.00386349002
337315,337323,338896,8,1573,2,7200,1.00508582327
337331,337338,338763,7,1425,2,7200,1.0049122807
337353,337360,338712,7,1352,2,7200,1.00517751479
337372,337379,338870,7,1491,2,7200,1.00469483568
337395,337402,339041,7,1639,2,7200,1.00427089689
337423,337429,339463,6,2034,2,7200,1.00294985251
337439,337445,338898,6,1453,2,7200,1.00412938747
337514,337521,339085,7,1564,2,7200,1.00447570332
337562,337569,339109,7,1540,2,7200,1.00454545455
337577,337584,339066,7,1482,2,7200,1.00472334683
337593,337599,339215,6,1616,2,7200,1.00371287129
337609,337615,339193,6,1578,2,7200,1.00380228137
337646,337652,339227,6,1575,2,7200,1.00380952381
337768,337774,339316,6,1542,2,7200,1.00389105058
337784,337792,339394,8,1602,2,7200,1.0049937578
337785,337797,339285,12,1488,2,7200,1.00806451613
337823,337830,339253,7,1423,2,7200,1.00491918482
337840,337846,339429,6,1583,2,7200,1.00379027164
337841,337853,339427,12,1574,2,7200,1.00762388818
337920,337927,339416,7,1489,2,7200,1.00470114171
337936,337944,339595,8,1651,2,7200,1.00484554815
337937,337949,339450,12,1501,2,7200,1.00799467022
337953,337960,339407,7,1447,2,7200,1.00483759502
338090,338097,339707,7,1610,2,7200,1.00434782609
338119,338125,339711,6,1586,2,7200,1.00378310214
338153,338160,339656,7,1496,2,7200,1.00467914439
338199,338206,339821,7,1615,2,7200,1.00433436533
338250,338257,339897,7,1640,2,7200,1.00426829268
338327,338334,339812,7,1478,2,7200,1.00473612991
338488,338494,340179,6,1685,2,7200,1.00356083086
338553,338560,341221,7,2661,2,7200,1.00263059
338623,338629,340215,6,1586,2,7200,1.00378310214
338714,338721,340352,7,1631,2,7200,1.00429184549
338740,338747,340211,7,1464,2,7200,1.00478142077
338767,338773,340189,6,1416,2,7200,1.00423728814
338769,338780,340229,11,1449,2,7200,1.00759144237
338770,338785,340346,15,1561,2,7200,1.00960922486
338861,338868,340359,7,1491,2,7200,1.00469483568
338877,338888,340443,11,1555,2,7200,1.00707395498
338893,338900,340346,7,1446,2,7200,1.00484094053
338908,338915,340466,7,1551,2,7200,1.00451321728
338910,338921,340532,11,1611,2,7200,1.00682805711
338926,338932,340415,6,1483,2,7200,1.004045853
339035,339047,340620,12,1573,2,7200,1.0076287349
339050,339058,340576,8,1518,2,7200,1.00527009223
339070,339076,340599,6,1523,2,7200,1.00393959291
339088,339095,340646,7,1551,2,7200,1.00451321728
339111,339118,340645,7,1527,2,7200,1.00458415193
339158,339165,340793,7,1628,2,7200,1.0042997543
339196,339202,340818,6,1616,2,7200,1.00371287129
339218,339225,340828,7,1603,2,7200,1.00436681223
339234,339240,340681,6,1441,2,7200,1.00416377516
339256,339263,340805,7,1542,2,7200,1.00453955901
339287,339294,340833,7,1539,2,7200,1.00454840806
339319,339325,340937,6,1612,2,7200,1.00372208437
339396,339404,340913,8,1509,2,7200,1.00530152419
339412,339418,340980,6,1562,2,7200,1.00384122919
339428,339435,340920,7,1485,2,7200,1.00471380471
339429,339442,340927,13,1485,2,7200,1.00875420875
339445,339452,341057,7,1605,2,7200,1.00436137072
339461,339468,341077,7,1609,2,7200,1.00435052828
339477,339484,340978,7,1494,2,7200,1.0046854083
339599,339606,341127,7,1521,2,7200,1.00460223537
339658,339665,341272,7,1607,2,7200,1.00435594275
339708,339714,341304,6,1590,2,7200,1.00377358491
339723,339731,341292,8,1561,2,7200,1.00512491992
339816,339823,341439,7,1616,2,7200,1.00433168317
339831,339837,341491,6,1654,2,7200,1.00362756953
339899,339907,341385,8,1478,2,7200,1.00541271989
340182,340189,341709,7,1520,2,7200,1.00460526316
340197,340203,341787,6,1584,2,7200,1.00378787879
340213,340220,341689,7,1469,2,7200,1.00476514636
340229,340235,341660,6,1425,2,7200,1.00421052632
340231,340242,341897,11,1655,2,7200,1.00664652568
340350,340356,341762,6,1406,2,7200,1.00426742532
340352,340363,342056,11,1693,2,7200,1.006497342
340368,340374,341829,6,1455,2,7200,1.00412371134
340369,340381,342020,12,1639,2,7200,1.00732153752
340416,340423,341950,7,1527,2,7200,1.00458415193
340445,340452,342023,7,1571,2,7200,1.00445576066
340467,340475,341948,8,1473,2,7200,1.00543109301
340534,340540,342153,6,1613,2,7200,1.00371977681
340580,340588,342102,8,1514,2,7200,1.00528401585
340602,340609,342066,7,1457,2,7200,1.00480439259
340621,340629,342142,8,1513,2,7200,1.00528750826
340647,340654,342401,7,1747,2,7200,1.00400686892
340648,340661,342223,13,1562,2,7200,1.00832266325
340683,340691,342209,8,1518,2,7200,1.00527009223
340796,340802,342343,6,1541,2,7200,1.0038935756
340812,340818,342514,6,1696,2,7200,1.00353773585
340828,340835,342436,7,1601,2,7200,1.00437226733
340843,340850,342355,7,1505,2,7200,1.00465116279
340845,340857,342299,12,1442,2,7200,1.00832177531
340917,340923,342574,6,1651,2,7200,1.00363416111
340933,340945,342509,12,1564,2,7200,1.00767263427
340935,340952,342535,17,1583,2,7200,1.01073910297
340951,340959,342410,8,1451,2,7200,1.00551343901
340979,340985,342510,6,1525,2,7200,1.00393442623
340994,341002,342596,8,1594,2,7200,1.00501882058
341061,341068,342496,7,1428,2,7200,1.00490196078
341079,341086,342616,7,1530,2,7200,1.0045751634
341130,341136,342611,6,1475,2,7200,1.00406779661
341223,341229,342763,6,1534,2,7200,1.00391134289
341274,341281,342831,7,1550,2,7200,1.00451612903
341293,341299,342894,6,1595,2,7200,1.00376175549
341308,341315,342822,7,1507,2,7200,1.00464499005
341387,341393,342920,6,1527,2,7200,1.00392927308
341443,341449,343007,6,1558,2,7200,1.00385109114
341493,341500,342979,7,1479,2,7200,1.00473292765
341661,341668,343611,7,1943,2,7200,1.00360267627
341690,341696,343177,6,1481,2,7200,1.00405131668
341712,341718,343190,6,1472,2,7200,1.00407608696
341765,341771,343437,6,1666,2,7200,1.00360144058
341790,341797,343415,7,1618,2,7200,1.0043263288
341831,341838,343505,7,1667,2,7200,1.00419916017
341900,341905,343551,5,1646,2,7200,1.00303766707
341951,341958,343526,7,1568,2,7200,1.00446428571
341953,341965,343451,12,1486,2,7200,1.00807537012
342023,342029,343612,6,1583,2,7200,1.00379027164
342025,342036,343576,11,1540,2,7200,1.00714285714
342060,342066,343459,6,1393,2,7200,1.00430725054
342076,342082,343629,6,1547,2,7200,1.00387847447
342104,342111,343656,7,1545,2,7200,1.00453074434
342145,342152,343579,7,1427,2,7200,1.00490539594
342161,342167,343643,6,1476,2,7200,1.00406504065
342212,342219,343558,7,1339,2,7200,1.00522778193
342228,342234,343762,6,1528,2,7200,1.00392670157
342300,342306,344824,6,2518,2,7200,1.00238284353
342347,342354,343857,7,1503,2,7200,1.00465735196
342362,342369,343934,7,1565,2,7200,1.00447284345
342404,342411,343877,7,1466,2,7200,1.00477489768
342419,342426,344117,7,1691,2,7200,1.00413956239
342439,342446,343966,7,1520,2,7200,1.00460526316
342498,342504,344117,6,1613,2,7200,1.00371977681
342514,342520,344062,6,1542,2,7200,1.00389105058
342515,342527,344087,12,1560,2,7200,1.00769230769
342517,342532,344140,15,1608,2,7200,1.00932835821
342536,342543,344136,7,1593,2,7200,1.00439422473
342577,342584,344030,7,1446,2,7200,1.00484094053
342599,342605,344045,6,1440,2,7200,1.00416666667
342615,342621,344194,6,1573,2,7200,1.00381436745
342630,342638,344089,8,1451,2,7200,1.00551343901
342766,342772,344343,6,1571,2,7200,1.00381922342
342826,342833,344297,7,1464,2,7200,1.00478142077
342841,342847,344489,6,1642,2,7200,1.00365408039
342904,342910,344398,6,1488,2,7200,1.00403225806
342923,342929,344525,6,1596,2,7200,1.0037593985
342981,342987,344588,6,1601,2,7200,1.00374765771
343009,343015,344601,6,1586,2,7200,1.00378310214
343179,343187,344759,8,1572,2,7200,1.00508905852
343195,343201,344616,6,1415,2,7200,1.00424028269
343356,365222,437257,21866,72035,36,72000,1.30354688693
343418,343425,344978,7,1553,2,7200,1.00450740502
343440,343446,344917,6,1471,2,7200,1.00407885792
343456,343462,345027,6,1565,2,7200,1.00383386581
343472,343478,344981,6,1503,2,7200,1.00399201597
343507,343514,345049,7,1535,2,7200,1.00456026059
343529,343535,345038,6,1503,2,7200,1.00399201597
343554,343562,345082,8,1520,2,7200,1.00526315789
343570,343576,345242,6,1666,2,7200,1.00360144058
343586,343592,345001,6,1409,2,7200,1.00425833925
343587,343598,345171,11,1573,2,7200,1.00699300699
343613,343620,345099,7,1479,2,7200,1.00473292765
343615,343627,345190,12,1563,2,7200,1.00767754319
343631,343637,345288,6,1651,2,7200,1.00363416111
343649,343656,345279,7,1623,2,7200,1.00431300062
343665,343671,345148,6,1477,2,7200,1.00406228842
343764,343770,345358,6,1588,2,7200,1.00377833753
343859,343866,345310,7,1444,2,7200,1.00484764543
343878,343885,345467,7,1582,2,7200,1.00442477876
343937,343943,345558,6,1615,2,7200,1.00371517028
343968,343975,345486,7,1511,2,7200,1.00463269358
344032,344038,345615,6,1577,2,7200,1.00380469245
344047,344055,345385,8,1330,2,7200,1.00601503759
344063,344069,345541,6,1472,2,7200,1.00407608696
344089,344096,345657,7,1561,2,7200,1.00448430493
344104,344110,345736,6,1626,2,7200,1.0036900369
344120,344128,345747,8,1619,2,7200,1.0049413218
344122,344134,345663,12,1529,2,7200,1.00784826684
344138,344144,345820,6,1676,2,7200,1.00357995227
344154,344160,345718,6,1558,2,7200,1.00385109114
344197,344203,345822,6,1619,2,7200,1.00370599135
344300,344306,345818,6,1512,2,7200,1.00396825397
344345,344351,346015,6,1664,2,7200,1.00360576923
344401,344407,345896,6,1489,2,7200,1.00402955003
344493,344500,346143,7,1643,2,7200,1.00426049909
344527,344533,346090,6,1557,2,7200,1.00385356455
344592,344599,346272,7,1673,2,7200,1.00418410042
344608,344615,346156,7,1541,2,7200,1.00454250487
344623,344630,346254,7,1624,2,7200,1.00431034483
344762,344768,346165,6,1397,2,7200,1.00429491768
344825,344832,346315,7,1483,2,7200,1.00472016183
344920,344926,346440,6,1514,2,7200,1.00396301189
344980,344986,346577,6,1591,2,7200,1.00377121307
344996,345002,346377,6,1375,2,7200,1.00436363636
345011,345018,346519,7,1501,2,7200,1.00466355763
345031,345038,346656,7,1618,2,7200,1.0043263288
345046,345053,347427,7,2374,2,7200,1.00294860994
345062,345068,346645,6,1577,2,7200,1.00380469245
345084,345091,346577,7,1486,2,7200,1.00471063257
345103,345109,346725,6,1616,2,7200,1.00371287129
345153,345160,346699,7,1539,2,7200,1.00454840806
345175,345181,346773,6,1592,2,7200,1.00376884422
345194,345200,346637,6,1437,2,7200,1.00417536534
345245,345252,346873,7,1621,2,7200,1.00431832202
345282,345289,346904,7,1615,2,7200,1.00433436533
345298,345304,346828,6,1524,2,7200,1.00393700787
345313,345321,346746,8,1425,2,7200,1.00561403509
345360,345367,346853,7,1486,2,7200,1.00471063257
345386,345392,346938,6,1546,2,7200,1.00388098318
345471,345477,347022,6,1545,2,7200,1.00388349515
345490,345496,346992,6,1496,2,7200,1.00401069519
345544,345551,347233,7,1682,2,7200,1.00416171225
345559,345566,347063,7,1497,2,7200,1.0046760187
345619,345626,347167,7,1541,2,7200,1.00454250487
345661,345668,347194,7,1526,2,7200,1.00458715596
345677,345684,347221,7,1537,2,7200,1.00455432661
345721,345727,347292,6,1565,2,7200,1.00383386581
345740,345746,347275,6,1529,2,7200,1.00392413342
345755,345761,347492,6,1731,2,7200,1.00346620451
345822,345829,347405,7,1576,2,7200,1.00444162437
345824,345836,347343,12,1507,2,7200,1.00796284008
345825,345841,347489,16,1648,2,7200,1.00970873786
345898,345905,347527,7,1622,2,7200,1.00431565968
346017,346024,347674,7,1650,2,7200,1.00424242424
346092,346099,347611,7,1512,2,7200,1.00462962963
346146,346153,347745,7,1592,2,7200,1.00439698492
346161,346168,347705,7,1537,2,7200,1.00455432661
346177,346183,347798,6,1615,2,7200,1.00371517028
346256,346262,347639,6,1377,2,7200,1.00435729847
346274,346282,347863,8,1581,2,7200,1.00506008855
346318,346325,347995,7,1670,2,7200,1.00419161677
346380,346386,348110,6,1724,2,7200,1.00348027842
346442,346450,347905,8,1455,2,7200,1.00549828179
346522,346528,348169,6,1641,2,7200,1.00365630713
346580,346586,348077,6,1491,2,7200,1.00402414487
346581,346594,348235,13,1641,2,7200,1.00792199878
346639,346645,348246,6,1601,2,7200,1.00374765771
346655,346661,348183,6,1522,2,7200,1.00394218134
346670,346676,348408,6,1732,2,7200,1.00346420323
346702,346709,348339,7,1630,2,7200,1.00429447853
346727,346733,348404,6,1671,2,7200,1.00359066427
346749,346756,348637,7,1881,2,7200,1.00372142477
346774,346781,348318,7,1537,2,7200,1.00455432661
346830,346836,348135,6,1299,2,7200,1.00461893764
346855,346862,348379,7,1517,2,7200,1.00461437047
346877,346883,348535,6,1652,2,7200,1.00363196126
346908,346914,348557,6,1643,2,7200,1.00365185636
346940,346946,348609,6,1663,2,7200,1.00360793746
346994,347000,348567,6,1567,2,7200,1.00382897256
347025,347032,348630,7,1598,2,7200,1.00438047559
347066,347072,348646,6,1574,2,7200,1.00381194409
347169,347175,348725,6,1550,2,7200,1.00387096774
347197,347204,348667,7,1463,2,7200,1.004784689
347222,347229,348731,7,1502,2,7200,1.00466045273
347238,347245,348773,7,1528,2,7200,1.00458115183
347279,347285,348859,6,1574,2,7200,1.00381194409
347294,347300,348683,6,1383,2,7200,1.00433839479
347345,347351,348933,6,1582,2,7200,1.00379266751
347409,347415,349006,6,1591,2,7200,1.00377121307
347431,347438,348892,7,1454,2,7200,1.00481430536
347491,347497,349008,6,1511,2,7200,1.00397088021
347507,347513,349090,6,1577,2,7200,1.00380469245
347529,347536,349128,7,1592,2,7200,1.00439698492
347614,347620,349184,6,1564,2,7200,1.00383631714
347643,347649,349145,6,1496,2,7200,1.00401069519
347677,347683,349783,6,2100,2,7200,1.00285714286
347709,347715,349369,6,1654,2,7200,1.00362756953
347746,347752,349367,6,1615,2,7200,1.00371517028
347800,347808,349267,8,1459,2,7200,1.00548320768
347866,347872,349405,6,1533,2,7200,1.00391389432
347906,347912,349472,6,1560,2,7200,1.00384615385
347997,348004,349635,7,1631,2,7200,1.00429184549
348079,348086,349673,7,1587,2,7200,1.00441083806
348111,348117,349676,6,1559,2,7200,1.00384862091
348136,348143,349762,7,1619,2,7200,1.00432365658
348171,348177,349683,6,1506,2,7200,1.00398406375
348186,348194,349737,8,1543,2,7200,1.00518470512
348237,348243,349818,6,1575,2,7200,1.00380952381
348252,348259,349623,7,1364,2,7200,1.00513196481
348322,348328,349892,6,1564,2,7200,1.00383631714
348341,348347,349964,6,1617,2,7200,1.00371057514
348382,348389,349847,7,1458,2,7200,1.00480109739
348407,348414,350035,7,1621,2,7200,1.00431832202
348423,348430,350070,7,1640,2,7200,1.00426829268
348539,348546,350148,7,1602,2,7200,1.00436953808
348561,348568,350262,7,1694,2,7200,1.0041322314
348576,348583,350206,7,1623,2,7200,1.00431300062
348611,348618,350187,7,1569,2,7200,1.00446144041
348633,348639,350114,6,1475,2,7200,1.00406779661
348649,348655,350443,6,1788,2,7200,1.0033557047
348650,348662,350116,12,1454,2,7200,1.00825309491
348669,348676,350211,7,1535,2,7200,1.00456026059
348685,348692,350316,7,1624,2,7200,1.00431034483
348730,348737,350337,7,1600,2,7200,1.004375
348745,348751,350463,6,1712,2,7200,1.0035046729
348777,348784,350197,7,1413,2,7200,1.00495399858
348862,348869,350500,7,1631,2,7200,1.00429184549
348894,348900,350489,6,1589,2,7200,1.00377595972
348935,348941,350582,6,1641,2,7200,1.00365630713
349010,349016,350632,6,1616,2,7200,1.00371287129
349012,349023,350554,11,1531,2,7200,1.00718484651
349091,349098,350522,7,1424,2,7200,1.00491573034
349132,349138,350889,6,1751,2,7200,1.00342661336
349148,349154,350629,6,1475,2,7200,1.00406779661
349188,349196,350731,8,1535,2,7200,1.00521172638
349269,349276,350783,7,1507,2,7200,1.00464499005
349370,349376,350948,6,1572,2,7200,1.00381679389
349372,349383,350972,11,1589,2,7200,1.00692259283
349407,349414,350918,7,1504,2,7200,1.00465425532
349476,349482,351189,6,1707,2,7200,1.00351493849
349626,349632,351182,6,1550,2,7200,1.00387096774
349642,349648,351182,6,1534,2,7200,1.00391134289
349676,349684,351244,8,1560,2,7200,1.00512820513
349692,349699,351252,7,1553,2,7200,1.00450740502
349694,349706,351227,12,1521,2,7200,1.00788954635
349738,349744,351304,6,1560,2,7200,1.00384615385
349764,349771,351413,7,1642,2,7200,1.00426309379
349785,349792,351276,7,1484,2,7200,1.00471698113
349820,349827,351369,7,1542,2,7200,1.00453955901
349849,349855,351284,6,1429,2,7200,1.00419874038
349896,349903,351429,7,1526,2,7200,1.00458715596
349968,349975,351611,7,1636,2,7200,1.00427872861
350038,350045,351513,7,1468,2,7200,1.00476839237
350073,350079,351628,6,1549,2,7200,1.00387346675
350117,350124,351546,7,1422,2,7200,1.00492264416
350118,350130,351968,12,1838,2,7200,1.00652883569
350150,350157,351957,7,1800,2,7200,1.00388888889
350191,350197,351804,6,1607,2,7200,1.00373366521
350206,350213,351779,7,1566,2,7200,1.00446998723
350208,350220,351787,12,1567,2,7200,1.00765794512
350224,350230,351798,6,1568,2,7200,1.00382653061
350264,350271,351776,7,1505,2,7200,1.00465116279
350318,350324,351889,6,1565,2,7200,1.00383386581
350340,350347,351904,7,1557,2,7200,1.00449582531
350445,350452,351876,7,1424,2,7200,1.00491573034
350466,350474,351926,8,1452,2,7200,1.00550964187
350492,350499,352111,7,1612,2,7200,1.00434243176
350507,350515,352018,8,1503,2,7200,1.00532268796
350523,350530,352224,7,1694,2,7200,1.0041322314
350558,350565,352076,7,1511,2,7200,1.00463269358
350583,350590,352064,7,1474,2,7200,1.00474898236
350630,350636,352257,6,1621,2,7200,1.00370141888
350646,350653,352191,7,1538,2,7200,1.00455136541
350734,350741,352333,7,1592,2,7200,1.00439698492
350787,350794,352511,7,1717,2,7200,1.00407687828
350893,350900,352584,7,1684,2,7200,1.0041567696
350921,350928,352533,7,1605,2,7200,1.00436137072
350950,350956,352426,6,1470,2,7200,1.00408163265
350976,350982,352543,6,1561,2,7200,1.00384368994
351185,351191,352788,6,1597,2,7200,1.00375704446
351186,351197,352854,11,1657,2,7200,1.00663850332
351202,351209,352600,7,1391,2,7200,1.00503235083
351231,351238,352691,7,1453,2,7200,1.00481761872
351247,351254,352969,7,1715,2,7200,1.00408163265
351262,351268,352777,6,1509,2,7200,1.00397614314
351278,351285,352892,7,1607,2,7200,1.00435594275
351293,351300,352959,7,1659,2,7200,1.00421940928
351309,351315,352763,6,1448,2,7200,1.00414364641
351372,351379,352963,7,1584,2,7200,1.00441919192
351416,351422,352942,6,1520,2,7200,1.00394736842
351431,351438,352999,7,1561,2,7200,1.00448430493
351516,351523,352947,7,1424,2,7200,1.00491573034
351550,351557,353181,7,1624,2,7200,1.00431034483
351616,351622,353182,6,1560,2,7200,1.00384615385
351631,351638,353133,7,1495,2,7200,1.00468227425
351777,351784,353207,7,1423,2,7200,1.00491918482
351794,351801,353481,7,1680,2,7200,1.00416666667
351795,351808,353346,13,1538,2,7200,1.00845253576
351812,351818,353393,6,1575,2,7200,1.00380952381
351814,351825,353230,11,1405,2,7200,1.00782918149
351879,351886,353489,7,1603,2,7200,1.00436681223
351895,351902,353330,7,1428,2,7200,1.00490196078
351912,351919,353617,7,1698,2,7200,1.00412249706
351928,351935,353412,7,1477,2,7200,1.00473933649
351961,351967,353534,6,1567,2,7200,1.00382897256
351976,351984,353524,8,1540,2,7200,1.00519480519
352021,352027,353577,6,1550,2,7200,1.00387096774
352066,352072,353571,6,1499,2,7200,1.00400266845
352082,352088,353598,6,1510,2,7200,1.00397350993
352113,352120,353635,7,1515,2,7200,1.00462046205
352194,352201,354015,7,1814,2,7200,1.00385887541
352226,352232,353863,6,1631,2,7200,1.00367872471
352260,352266,353853,6,1587,2,7200,1.00378071834
352336,352342,353768,6,1426,2,7200,1.00420757363
352429,352436,353944,7,1508,2,7200,1.00464190981
352514,352521,354010,7,1489,2,7200,1.00470114171
352536,352542,354023,6,1481,2,7200,1.00405131668
352552,352559,354057,7,1498,2,7200,1.0046728972
352587,352595,354156,8,1561,2,7200,1.00512491992
352603,352610,354020,7,1410,2,7200,1.00496453901
352693,352700,354214,7,1514,2,7200,1.00462351387
352766,352772,354366,6,1594,2,7200,1.00376411543
352782,352788,354488,6,1700,2,7200,1.00352941176
352798,352804,354391,6,1587,2,7200,1.00378071834
352859,352866,354535,7,1669,2,7200,1.00419412822
352893,352901,354592,8,1691,2,7200,1.00473092844
352944,352951,354444,7,1493,2,7200,1.00468854655
352960,352966,354510,6,1544,2,7200,1.00388601036
352962,352973,354556,11,1583,2,7200,1.00694883133
352978,352985,354594,7,1609,2,7200,1.00435052828
352979,352992,354602,13,1610,2,7200,1.00807453416
353002,353008,354369,6,1361,2,7200,1.00440852314
353135,353141,354607,6,1466,2,7200,1.00409276944
353183,353189,354743,6,1554,2,7200,1.00386100386
353184,353196,354620,12,1424,2,7200,1.00842696629
353209,353216,354910,7,1694,2,7200,1.0041322314
353232,353238,354806,6,1568,2,7200,1.00382653061
353333,353340,354805,7,1465,2,7200,1.004778157
353348,353354,354913,6,1559,2,7200,1.00384862091
353396,353403,354856,7,1453,2,7200,1.00481761872
353415,353421,355005,6,1584,2,7200,1.00378787879
353484,353490,354930,6,1440,2,7200,1.00416666667
353500,353507,354914,7,1407,2,7200,1.00497512438
353526,353533,355032,7,1499,2,7200,1.00466977985
353541,353548,355135,7,1587,2,7200,1.00441083806
353572,353580,354961,8,1381,2,7200,1.00579290369
353588,353595,355421,7,1826,2,7200,1.00383351588
353604,353612,355287,8,1675,2,7200,1.0047761194
353620,353627,355366,7,1739,2,7200,1.0040253019
353638,353645,355262,7,1617,2,7200,1.00432900433
353771,353779,355362,8,1583,2,7200,1.00505369551
353854,353862,355491,8,1629,2,7200,1.00491098834
353870,353877,355330,7,1453,2,7200,1.00481761872
353893,354035,354037,142,2,2,3540,14.4
353946,353953,355547,7,1594,2,7200,1.00439146801
354012,354019,355641,7,1622,2,7200,1.00431565968
354031,354041,355446,10,1405,2,7200,1.00711743772
354032,354046,355468,14,1422,2,7200,1.00984528833
354039,354054,355542,15,1488,2,7200,1.01008064516
354061,354068,355577,7,1509,2,7200,1.00463883366
354159,354165,355744,6,1579,2,7200,1.00379987334
354218,354225,355661,7,1436,2,7200,1.00487465181
354368,354375,355815,7,1440,2,7200,1.00486111111
354383,354391,355808,8,1417,2,7200,1.00564573042
354399,354406,355950,7,1544,2,7200,1.00453367876
354447,354453,355973,6,1520,2,7200,1.00394736842
354489,354496,356178,7,1682,2,7200,1.00416171225
354512,354518,355945,6,1427,2,7200,1.00420462509
354537,354544,356022,7,1478,2,7200,1.00473612991
354559,354566,356131,7,1565,2,7200,1.00447284345
354594,354601,356025,7,1424,2,7200,1.00491573034
354610,354616,356267,6,1651,2,7200,1.00363416111
354612,354623,356129,11,1506,2,7200,1.00730411687
354613,354628,356259,15,1631,2,7200,1.00919681177
354629,354637,356170,8,1533,2,7200,1.00521852577
354745,354753,356208,8,1455,2,7200,1.00549828179
354810,354817,356424,7,1607,2,7200,1.00435594275
354812,354829,356461,17,1632,2,7200,1.01041666667
354858,354864,356361,6,1497,2,7200,1.00400801603
354911,354918,356546,7,1628,2,7200,1.0042997543
354927,354934,356394,7,1460,2,7200,1.00479452055
354929,354940,356330,11,1390,2,7200,1.00791366906
354945,354952,356544,7,1592,2,7200,1.00439698492
354964,354970,356540,6,1570,2,7200,1.00382165605
355007,355013,356602,6,1589,2,7200,1.00377595972
355035,355041,356683,6,1642,2,7200,1.00365408039
355138,355144,356809,6,1665,2,7200,1.0036036036
355264,355271,356672,7,1401,2,7200,1.00499643112
355289,355295,356913,6,1618,2,7200,1.00370828183
355333,355339,356898,6,1559,2,7200,1.00384862091
355365,355371,356897,6,1526,2,7200,1.00393184797
355380,355386,357032,6,1646,2,7200,1.00364520049
355424,355431,356932,7,1501,2,7200,1.00466355763
355450,355456,357213,6,1757,2,7200,1.00341491178
355472,355479,357073,7,1594,2,7200,1.00439146801
355494,355500,357171,6,1671,2,7200,1.00359066427
355545,355552,357014,7,1462,2,7200,1.0047879617
355560,355566,357139,6,1573,2,7200,1.00381436745
355579,355586,357118,7,1532,2,7200,1.0045691906
355642,355649,357150,7,1501,2,7200,1.00466355763
355664,355670,357234,6,1564,2,7200,1.00383631714
355746,355753,357177,7,1424,2,7200,1.00491573034
355810,355816,357328,6,1512,2,7200,1.00396825397
355825,355832,357718,7,1886,2,7200,1.00371155885
355947,355954,357453,7,1499,2,7200,1.00466977985
355963,355969,357509,6,1540,2,7200,1.0038961039
355978,355985,357551,7,1566,2,7200,1.00446998723
356026,356033,357704,7,1671,2,7200,1.00418910832
356028,356040,357724,12,1684,2,7200,1.00712589074
356132,356139,357694,7,1555,2,7200,1.00450160772
356133,356146,357769,13,1623,2,7200,1.00800985829
356172,356178,357745,6,1567,2,7200,1.00382897256
356187,356195,357733,8,1538,2,7200,1.00520156047
356211,356217,357843,6,1626,2,7200,1.0036900369
356262,356269,357807,7,1538,2,7200,1.00455136541
356277,356283,357806,6,1523,2,7200,1.00393959291
356331,356337,357932,6,1595,2,7200,1.00376175549
356363,356369,357893,6,1524,2,7200,1.00393700787
356398,356405,358005,7,1600,2,7200,1.004375
356427,356434,358013,7,1579,2,7200,1.00443318556
356462,356469,358019,7,1550,2,7200,1.00451612903
356542,356549,358052,7,1503,2,7200,1.00465735196
356557,356563,358170,6,1607,2,7200,1.00373366521
356559,356570,358034,11,1464,2,7200,1.0075136612
356604,356611,358028,7,1417,2,7200,1.00494001411
356675,356681,358286,6,1605,2,7200,1.00373831776
356691,356697,358231,6,1534,2,7200,1.00391134289
356812,356818,358480,6,1662,2,7200,1.0036101083
356901,356909,358476,8,1567,2,7200,1.00510529675
356903,356916,358568,13,1652,2,7200,1.00786924939
356919,356926,358441,7,1515,2,7200,1.00462046205
356935,356942,358625,7,1683,2,7200,1.00415923945
357016,357023,358501,7,1478,2,7200,1.00473612991
357035,357041,358543,6,1502,2,7200,1.00399467377
357076,357082,358649,6,1567,2,7200,1.00382897256
357120,357127,358695,7,1568,2,7200,1.00446428571
357142,357148,358611,6,1463,2,7200,1.004101162
357158,357165,358927,7,1762,2,7200,1.00397275823
357173,357180,358702,7,1522,2,7200,1.00459921156
357189,357196,359126,7,1930,2,7200,1.00362694301
357214,357222,358877,8,1655,2,7200,1.00483383686
357237,357244,358816,7,1572,2,7200,1.00445292621
357331,357342,358916,11,1574,2,7200,1.00698856417
357456,357463,358995,7,1532,2,7200,1.0045691906
357511,357517,359009,6,1492,2,7200,1.00402144772
357553,357560,359019,7,1459,2,7200,1.00479780672
357697,357704,359181,7,1477,2,7200,1.00473933649
357713,357719,359181,6,1462,2,7200,1.00410396717
357729,357735,359402,6,1667,2,7200,1.00359928014
357731,357743,359199,12,1456,2,7200,1.00824175824
357747,357753,359248,6,1495,2,7200,1.00401337793
357749,357760,359209,11,1449,2,7200,1.00759144237
357772,357779,359238,7,1459,2,7200,1.00479780672
357807,357813,359316,6,1503,2,7200,1.00399201597
357809,357820,359328,11,1508,2,7200,1.00729442971
357847,357853,359497,6,1644,2,7200,1.00364963504
357897,357903,359406,6,1503,2,7200,1.00399201597
357935,357941,359373,6,1432,2,7200,1.00418994413
358007,358014,359809,7,1795,2,7200,1.00389972145
358023,358029,359674,6,1645,2,7200,1.00364741641
358025,358036,359554,11,1518,2,7200,1.00724637681
358041,358047,359636,6,1589,2,7200,1.00377595972
358042,358053,359564,11,1511,2,7200,1.00727994705
358058,358066,359732,8,1666,2,7200,1.00480192077
358172,358179,359797,7,1618,2,7200,1.0043263288
358233,358239,359656,6,1417,2,7200,1.00423429781
358288,358294,359843,6,1549,2,7200,1.00387346675
358442,358448,359974,6,1526,2,7200,1.00393184797
358478,358485,359855,7,1370,2,7200,1.00510948905
358493,358500,360014,7,1514,2,7200,1.00462351387
358509,358516,360179,7,1663,2,7200,1.00420926037
358547,358554,360041,7,1487,2,7200,1.00470746469
358569,358575,360087,6,1512,2,7200,1.00396825397
358613,358620,360162,7,1542,2,7200,1.00453955901
358629,358636,360198,7,1562,2,7200,1.00448143406
358651,358657,360184,6,1527,2,7200,1.00392927308
358699,358706,360184,7,1478,2,7200,1.00473612991
358714,358720,360406,6,1686,2,7200,1.00355871886
358818,358824,360426,6,1602,2,7200,1.00374531835
358880,358886,360741,6,1855,2,7200,1.00323450135
358918,358924,360505,6,1581,2,7200,1.00379506641
358934,358945,360481,11,1536,2,7200,1.00716145833
358999,359006,360532,7,1526,2,7200,1.00458715596
359015,359021,361290,6,2269,2,7200,1.00264433671
359031,359038,360588,7,1550,2,7200,1.00451612903
359127,359134,360748,7,1614,2,7200,1.00433705081
359182,359189,360713,7,1524,2,7200,1.00459317585
359184,359196,360750,12,1554,2,7200,1.00772200772
359203,359209,360695,6,1486,2,7200,1.00403768506
359219,359226,360616,7,1390,2,7200,1.00503597122
359242,359248,360844,6,1596,2,7200,1.0037593985
359257,359265,360769,8,1504,2,7200,1.00531914894
359318,359326,360949,8,1623,2,7200,1.00492914356
359335,359341,360811,6,1470,2,7200,1.00408163265
359376,359383,360854,7,1471,2,7200,1.00475866757
359404,359410,360703,6,1293,2,7200,1.00464037123
359420,359426,360866,6,1440,2,7200,1.00416666667
359501,359508,361348,7,1840,2,7200,1.00380434783
359557,359568,361200,11,1632,2,7200,1.00674019608
359573,359579,361252,6,1673,2,7200,1.00358637179
359639,359645,361106,6,1461,2,7200,1.00410677618
359658,359665,361164,7,1499,2,7200,1.00466977985
359677,359683,361076,6,1393,2,7200,1.00430725054
359733,359739,361252,6,1513,2,7200,1.0039656312
359799,359805,361373,6,1568,2,7200,1.00382653061
359814,359821,361373,7,1552,2,7200,1.00451030928
359846,359852,361310,6,1458,2,7200,1.00411522634
359862,359870,361456,8,1586,2,7200,1.00504413619
359977,359983,361527,6,1544,2,7200,1.00388601036
360016,360022,361479,6,1457,2,7200,1.00411805079
360045,360052,361451,7,1399,2,7200,1.00500357398
360089,360095,361654,6,1559,2,7200,1.00384862091
360164,360170,361968,6,1798,2,7200,1.00333704116
360183,360189,361898,6,1709,2,7200,1.00351082504
360199,360206,361662,7,1456,2,7200,1.00480769231
360201,360213,361853,12,1640,2,7200,1.00731707317
360202,360218,361575,16,1357,2,7200,1.01179071481
360408,360415,361947,7,1532,2,7200,1.0045691906
360430,360436,361945,6,1509,2,7200,1.00397614314
360484,360491,362002,7,1511,2,7200,1.00463269358
360507,360514,361994,7,1480,2,7200,1.00472972973
360536,360542,362067,6,1525,2,7200,1.00393442623
360589,360596,362288,7,1692,2,7200,1.00413711584
360618,360625,362094,7,1469,2,7200,1.00476514636
360700,360707,362157,7,1450,2,7200,1.00482758621
360716,360722,362307,6,1585,2,7200,1.00378548896
360718,360729,362344,11,1615,2,7200,1.00681114551
360744,360751,362309,7,1558,2,7200,1.00449293967
360759,360770,362171,11,1401,2,7200,1.00785153462
360761,360775,362368,14,1593,2,7200,1.00878844947
360777,360783,362352,6,1569,2,7200,1.00382409178
360815,360822,362319,7,1497,2,7200,1.0046760187
360846,360853,362330,7,1477,2,7200,1.00473933649
360863,360870,362478,7,1608,2,7200,1.00435323383
360879,360885,362394,6,1509,2,7200,1.00397614314
360951,360957,362525,6,1568,2,7200,1.00382653061
361078,361085,362786,7,1701,2,7200,1.00411522634
361110,361116,362833,6,1717,2,7200,1.00349446709
361167,361174,362554,7,1380,2,7200,1.00507246377
361203,361210,362676,7,1466,2,7200,1.00477489768
361254,361261,362811,7,1550,2,7200,1.00451612903
361255,361268,362730,13,1462,2,7200,1.00889192886
361293,361300,362915,7,1615,2,7200,1.00433436533
361312,361318,362892,6,1574,2,7200,1.00381194409
361345,361352,362994,7,1642,2,7200,1.00426309379
361377,361384,362977,7,1593,2,7200,1.00439422473
361378,361391,362952,13,1561,2,7200,1.00832799488
361453,361459,362951,6,1492,2,7200,1.00402144772
361468,361474,363180,6,1706,2,7200,1.00351699883
361484,361491,363105,7,1614,2,7200,1.00433705081
361528,361535,363119,7,1584,2,7200,1.00441919192
361579,361586,363112,7,1526,2,7200,1.00458715596
361657,361663,363281,6,1618,2,7200,1.00370828183
361673,361679,363167,6,1488,2,7200,1.00403225806
361856,361862,363421,6,1559,2,7200,1.00384862091
361901,361907,363408,6,1501,2,7200,1.00399733511
361949,361956,363582,7,1626,2,7200,1.00430504305
361950,361963,363571,13,1608,2,7200,1.00808457711
361967,361973,363404,6,1431,2,7200,1.00419287212
361996,362003,363528,7,1525,2,7200,1.00459016393
362011,362017,363447,6,1430,2,7200,1.0041958042
362069,362076,363504,7,1428,2,7200,1.00490196078
362097,362104,363762,7,1658,2,7200,1.00422195416
362159,362165,363531,6,1366,2,7200,1.00439238653
362175,362181,363725,6,1544,2,7200,1.00388601036
362292,362299,363875,7,1576,2,7200,1.00444162437
362311,362318,363731,7,1413,2,7200,1.00495399858
362313,362326,363872,13,1546,2,7200,1.0084087969
362329,362335,363720,6,1385,2,7200,1.00433212996
362346,362353,363817,7,1464,2,7200,1.00478142077
362347,362360,363971,13,1611,2,7200,1.00806952204
362364,362370,363753,6,1383,2,7200,1.00433839479
362380,362387,363951,7,1564,2,7200,1.00447570332
362396,362403,363876,7,1473,2,7200,1.00475220638
362480,362486,363974,6,1488,2,7200,1.00403225806
362528,362534,364176,6,1642,2,7200,1.00365408039
362557,362563,364188,6,1625,2,7200,1.00369230769
362678,362685,364298,7,1613,2,7200,1.00433973962
362733,362739,364195,6,1456,2,7200,1.00412087912
362788,362794,364376,6,1582,2,7200,1.00379266751
362814,362821,364391,7,1570,2,7200,1.00445859873
362836,362842,364600,6,1758,2,7200,1.00341296928
362894,362900,364541,6,1641,2,7200,1.00365630713
362916,362923,364443,7,1520,2,7200,1.00460526316
362955,362962,364437,7,1475,2,7200,1.00474576271
362957,362969,364564,12,1595,2,7200,1.00752351097
362979,362985,364600,6,1615,2,7200,1.00371517028
362995,363001,364804,6,1803,2,7200,1.00332778702
363108,363114,364621,6,1507,2,7200,1.00398142004
363124,363131,364733,7,1602,2,7200,1.00436953808
363126,363137,364776,11,1639,2,7200,1.0067114094
363170,363176,364711,6,1535,2,7200,1.00390879479
363186,363192,364725,6,1533,2,7200,1.00391389432
363283,363290,364831,7,1541,2,7200,1.00454250487
363405,363412,365263,7,1851,2,7200,1.0037817396
363421,363427,364899,6,1472,2,7200,1.00407608696
363423,363433,364941,10,1508,2,7200,1.00663129973
363449,363456,365028,7,1572,2,7200,1.00445292621
363506,363513,365241,7,1728,2,7200,1.00405092593
363531,363538,365098,7,1560,2,7200,1.00448717949
363533,363545,365167,12,1622,2,7200,1.00739827374
363574,363581,365201,7,1620,2,7200,1.00432098765
363590,363596,365144,6,1548,2,7200,1.00387596899
363722,363729,365333,7,1604,2,7200,1.00436408978
363738,363745,366431,7,2686,2,7200,1.00260610573
363739,363752,365334,13,1582,2,7200,1.00821744627
363756,363762,365313,6,1551,2,7200,1.00386847195
363771,363777,365446,6,1669,2,7200,1.00359496705
363820,363827,365474,7,1647,2,7200,1.00425015179
363875,363881,365545,6,1664,2,7200,1.00360576923
363891,363897,365698,6,1801,2,7200,1.00333148251
363892,363903,365568,11,1665,2,7200,1.00660660661
363953,363960,365635,7,1675,2,7200,1.00417910448
363973,363980,365460,7,1480,2,7200,1.00472972973
363988,363995,365646,7,1651,2,7200,1.00423985463
364178,364185,365713,7,1528,2,7200,1.00458115183
364194,364200,365746,6,1546,2,7200,1.00388098318
364210,364216,365908,6,1692,2,7200,1.00354609929
364299,364305,365813,6,1508,2,7200,1.00397877984
364378,364385,365860,7,1475,2,7200,1.00474576271
364395,364401,365849,6,1448,2,7200,1.00414364641
364439,364446,365866,7,1420,2,7200,1.00492957746
364454,364460,365945,6,1485,2,7200,1.00404040404
364544,364551,366050,7,1499,2,7200,1.00466977985
364566,364572,366173,6,1601,2,7200,1.00374765771
364604,364610,366170,6,1560,2,7200,1.00384615385
364606,364617,366224,11,1607,2,7200,1.00684505289
364625,364631,366130,6,1499,2,7200,1.00400266845
364713,364721,366189,8,1468,2,7200,1.00544959128
364730,364737,366258,7,1521,2,7200,1.00460223537
364745,364752,366399,7,1647,2,7200,1.00425015179
364777,364783,366411,6,1628,2,7200,1.00368550369
364805,364812,366437,7,1625,2,7200,1.00430769231
364834,364841,366407,7,1566,2,7200,1.00446998723
364903,364909,366351,6,1442,2,7200,1.00416088766
364944,364950,366449,6,1499,2,7200,1.00400266845
365032,365039,366444,7,1405,2,7200,1.00498220641
365101,365108,366669,7,1561,2,7200,1.00448430493
365145,365153,366695,8,1542,2,7200,1.00518806744
365171,365178,366675,7,1497,2,7200,1.0046760187
365202,365209,366724,7,1515,2,7200,1.00462046205
365244,365250,366755,6,1505,2,7200,1.00398671096
365266,365272,366899,6,1627,2,7200,1.0036877689
365316,365322,367612,6,2290,2,7200,1.00262008734
365335,365342,366892,7,1550,2,7200,1.00451612903
365337,365349,366789,12,1440,2,7200,1.00833333333
365448,365456,367189,8,1733,2,7200,1.00461627236
365464,365471,367069,7,1598,2,7200,1.00438047559
365481,365487,366967,6,1480,2,7200,1.00405405405
365546,365553,367276,7,1723,2,7200,1.00406268137
365572,365578,367093,6,1515,2,7200,1.00396039604
365636,365643,367314,7,1671,2,7200,1.00418910832
365652,365659,367202,7,1543,2,7200,1.00453661698
365700,365707,367219,7,1512,2,7200,1.00462962963
365716,365722,367094,6,1372,2,7200,1.00437317784
365747,365754,367241,7,1487,2,7200,1.00470746469
365814,365822,367476,8,1654,2,7200,1.00483675937
365852,365859,367275,7,1416,2,7200,1.00494350282
365868,365874,367441,6,1567,2,7200,1.00382897256
365869,365881,367301,12,1420,2,7200,1.00845070423
365910,365918,367435,8,1517,2,7200,1.00527356625
365949,365955,367569,6,1614,2,7200,1.00371747212
366052,366058,367719,6,1661,2,7200,1.00361228176
366132,366138,367599,6,1461,2,7200,1.00410677618
366173,366179,367860,6,1681,2,7200,1.00356930399
366175,366186,367603,11,1417,2,7200,1.00776287932
366191,366198,367765,7,1567,2,7200,1.00446713465
366225,366231,368061,6,1830,2,7200,1.00327868852
366260,366267,367876,7,1609,2,7200,1.00435052828
366352,366360,367858,8,1498,2,7200,1.00534045394
366402,366409,367776,7,1367,2,7200,1.00512070227
366418,366424,367857,6,1433,2,7200,1.00418702024
366419,366431,367793,12,1362,2,7200,1.00881057269
366435,366442,368092,7,1650,2,7200,1.00424242424
366451,366458,367867,7,1409,2,7200,1.00496806246
366453,366465,367971,12,1506,2,7200,1.00796812749
366454,366470,367905,16,1435,2,7200,1.01114982578
366673,366679,368153,6,1474,2,7200,1.00407055631
366689,366696,368309,7,1613,2,7200,1.00433973962
366704,366710,368334,6,1624,2,7200,1.00369458128
366727,366733,368380,6,1647,2,7200,1.00364298725
366756,366763,368411,7,1648,2,7200,1.00424757282
366791,366797,368213,6,1416,2,7200,1.00423728814
366894,366902,368291,8,1389,2,7200,1.00575953924
366910,366916,368816,6,1900,2,7200,1.00315789474
366970,366976,368575,6,1599,2,7200,1.00375234522
367071,367078,369454,7,2376,2,7200,1.00294612795
367097,367103,368752,6,1649,2,7200,1.00363856883
367098,367110,368508,12,1398,2,7200,1.00858369099
367191,367197,368827,6,1630,2,7200,1.0036809816
367208,367215,368714,7,1499,2,7200,1.00466977985
367224,367231,369203,7,1972,2,7200,1.00354969574
367243,367250,368804,7,1554,2,7200,1.0045045045
367278,367284,368915,6,1631,2,7200,1.00367872471
367279,367291,368724,12,1433,2,7200,1.00837404047
367302,367309,368859,7,1550,2,7200,1.00451612903
367318,367325,368865,7,1540,2,7200,1.00454545455
367437,367443,368901,6,1458,2,7200,1.00411522634
367453,367460,368984,7,1524,2,7200,1.00459317585
367478,367484,369019,6,1535,2,7200,1.00390879479
367570,367577,369042,7,1465,2,7200,1.004778157
367601,367609,369103,8,1494,2,7200,1.00535475234
367617,367623,369078,6,1455,2,7200,1.00412371134
367619,367630,369274,11,1644,2,7200,1.00669099757
367722,367729,369282,7,1553,2,7200,1.00450740502
367768,367774,369387,6,1613,2,7200,1.00371977681
367784,367790,369160,6,1370,2,7200,1.00437956204
367800,367806,369469,6,1663,2,7200,1.00360793746
367860,367866,369422,6,1556,2,7200,1.00385604113
367861,367873,369336,12,1463,2,7200,1.00820232399
367863,367878,369441,15,1563,2,7200,1.00959692898
367880,367887,369461,7,1574,2,7200,1.00444726811
367881,367894,369340,13,1446,2,7200,1.00899031812
367906,367914,369399,8,1485,2,7200,1.00538720539
367973,367979,369636,6,1657,2,7200,1.00362100181
368064,368070,369640,6,1570,2,7200,1.00382165605
368096,368102,369741,6,1639,2,7200,1.00366076876
368156,368163,369798,7,1635,2,7200,1.00428134557
368215,368222,369709,7,1487,2,7200,1.00470746469
368294,368300,370002,6,1702,2,7200,1.00352526439
368312,368320,369859,8,1539,2,7200,1.00519818064
368338,368344,369858,6,1514,2,7200,1.00396301189
368381,368388,369896,7,1508,2,7200,1.00464190981
368413,368420,370086,7,1666,2,7200,1.00420168067
368511,368517,370083,6,1566,2,7200,1.00383141762
368578,368584,370094,6,1510,2,7200,1.00397350993
368717,368724,370333,7,1609,2,7200,1.00435052828
368733,368739,370401,6,1662,2,7200,1.0036101083
368755,368761,370139,6,1378,2,7200,1.00435413643
368806,368813,370366,7,1553,2,7200,1.00450740502
368822,368830,370393,8,1563,2,7200,1.00511836212
368838,368844,370286,6,1442,2,7200,1.00416088766
368860,368866,370355,6,1489,2,7200,1.00402955003
368875,368883,370407,8,1524,2,7200,1.00524934383
368904,368911,370436,7,1525,2,7200,1.00459016393
368920,368927,371242,7,2315,2,7200,1.0030237581
368987,368994,370495,7,1501,2,7200,1.00466355763
369023,369029,370683,6,1654,2,7200,1.00362756953
369045,369052,370591,7,1539,2,7200,1.00454840806
369080,369086,370603,6,1517,2,7200,1.00395517469
369105,369112,370762,7,1650,2,7200,1.00424242424
369162,369168,370699,6,1531,2,7200,1.00391900718
369206,369213,370812,7,1599,2,7200,1.00437773609
369277,369284,370724,7,1440,2,7200,1.00486111111
369293,369299,370806,6,1507,2,7200,1.00398142004
369338,369345,370961,7,1616,2,7200,1.00433168317
369353,369360,370872,7,1512,2,7200,1.00462962963
369388,369395,370938,7,1543,2,7200,1.00453661698
369404,369411,370816,7,1405,2,7200,1.00498220641
369427,369433,371017,6,1584,2,7200,1.00378787879
369443,369450,371116,7,1666,2,7200,1.00420168067
369459,369465,370930,6,1465,2,7200,1.00409556314
369475,369482,371042,7,1560,2,7200,1.00448717949
369477,369489,371170,12,1681,2,7200,1.00713860797
369639,369646,371248,7,1602,2,7200,1.00436953808
369654,369660,371226,6,1566,2,7200,1.00383141762
369708,369714,371260,6,1546,2,7200,1.00388098318
369742,369749,371225,7,1476,2,7200,1.00474254743
369799,369805,371327,6,1522,2,7200,1.00394218134
369861,369868,371645,7,1777,2,7200,1.00393922341
369862,369875,371476,13,1601,2,7200,1.00811992505
369897,369903,371459,6,1556,2,7200,1.00385604113
370004,370010,371802,6,1792,2,7200,1.00334821429
370087,370094,371589,7,1495,2,7200,1.00468227425
370088,370101,371668,13,1567,2,7200,1.00829610721
370105,370111,371516,6,1405,2,7200,1.00427046263
370140,370147,371533,7,1386,2,7200,1.00505050505
370288,370294,371860,6,1566,2,7200,1.00383141762
370336,370343,371861,7,1518,2,7200,1.0046113307
370358,370365,371794,7,1429,2,7200,1.00489853044
370374,370381,371887,7,1506,2,7200,1.00464807437
370397,370403,371939,6,1536,2,7200,1.00390625
370413,370419,372031,6,1612,2,7200,1.00372208437
370414,370425,371985,11,1560,2,7200,1.00705128205
370440,370446,372001,6,1555,2,7200,1.0038585209
370496,370503,372089,7,1586,2,7200,1.00441361917
370595,370601,372288,6,1687,2,7200,1.00355660937
370611,370617,372125,6,1508,2,7200,1.00397877984
370686,370693,372150,7,1457,2,7200,1.00480439259
370701,370708,372304,7,1596,2,7200,1.00438596491
370727,370734,372272,7,1538,2,7200,1.00455136541
370765,370772,372303,7,1531,2,7200,1.00457217505
370810,370816,372405,6,1589,2,7200,1.00377595972
370827,370834,372443,7,1609,2,7200,1.00435052828
370828,370840,372473,12,1633,2,7200,1.00734843846
370875,370881,372350,6,1469,2,7200,1.00408441116
370932,370938,372918,6,1980,2,7200,1.00303030303
370947,370954,372511,7,1557,2,7200,1.00449582531
370963,370969,372477,6,1508,2,7200,1.00397877984
371020,371028,372562,8,1534,2,7200,1.00521512386
371043,371049,372569,6,1520,2,7200,1.00394736842
371119,371126,372604,7,1478,2,7200,1.00473612991
371172,371179,372728,7,1549,2,7200,1.00451904454
371227,371235,372834,8,1599,2,7200,1.00500312695
371229,371242,372783,13,1541,2,7200,1.00843608047
371245,371252,372657,7,1405,2,7200,1.00498220641
371262,371268,372919,6,1651,2,7200,1.00363416111
371263,371275,372753,12,1478,2,7200,1.00811907984
371329,371336,372815,7,1479,2,7200,1.00473292765
371462,371468,372985,6,1517,2,7200,1.00395517469
371478,371484,372973,6,1489,2,7200,1.00402955003
371484,371491,387520,7,16029,1,18000,1.00043670847
371519,371525,373113,6,1588,2,7200,1.00377833753
371535,371541,373126,6,1585,2,7200,1.00378548896
371592,371599,373174,7,1575,2,7200,1.00444444444
371647,371654,373271,7,1617,2,7200,1.00432900433
371672,371678,373185,6,1507,2,7200,1.00398142004
371743,371751,378855,8,7104,1,18000,1.00112612613
371755,372047,378861,292,6814,1,18000,1.04285294981
371799,371806,373305,7,1499,2,7200,1.00466977985
371814,371821,373474,7,1653,2,7200,1.00423472474
371862,371869,373446,7,1577,2,7200,1.00443880786
371863,371876,373405,13,1529,2,7200,1.00850228908
371889,371896,373418,7,1522,2,7200,1.00459921156
371943,371950,373478,7,1528,2,7200,1.00458115183
371987,371993,373612,6,1619,2,7200,1.00370599135
372003,372009,373552,6,1543,2,7200,1.00388852884
372034,372040,373661,6,1621,2,7200,1.00370141888
372091,372097,373716,6,1619,2,7200,1.00370599135
372127,372133,373596,6,1463,2,7200,1.004101162
372153,372159,373800,6,1641,2,7200,1.00365630713
372275,372281,373787,6,1506,2,7200,1.00398406375
372292,372299,373788,7,1489,2,7200,1.00470114171
372308,372315,373889,7,1574,2,7200,1.00444726811
372309,372322,373773,13,1451,2,7200,1.00895933839
372354,372361,373762,7,1401,2,7200,1.00499643112
372408,372414,373834,6,1420,2,7200,1.00422535211
372445,372453,373907,8,1454,2,7200,1.00550206327
372475,372481,374189,6,1708,2,7200,1.00351288056
372490,372498,374117,8,1619,2,7200,1.0049413218
372513,372519,373962,6,1443,2,7200,1.00415800416
372564,372571,374126,7,1555,2,7200,1.00450160772
372580,372586,374082,6,1496,2,7200,1.00401069519
372609,372616,374038,7,1422,2,7200,1.00492264416
372659,372666,374193,7,1527,2,7200,1.00458415193
372730,372736,374367,6,1631,2,7200,1.00367872471
372755,372762,374644,7,1882,2,7200,1.0037194474
372787,372794,374400,7,1606,2,7200,1.00435865504
372818,372825,374318,7,1493,2,7200,1.00468854655
372837,372843,374326,6,1483,2,7200,1.004045853
372922,372929,374375,7,1446,2,7200,1.00484094053
372923,372936,374504,13,1568,2,7200,1.00829081633
372975,372981,374516,6,1535,2,7200,1.00390879479
372990,372998,374455,8,1457,2,7200,1.00549073439
373116,373123,374529,7,1406,2,7200,1.00497866287
373132,373138,374812,6,1674,2,7200,1.00358422939
373177,373183,374684,6,1501,2,7200,1.00399733511
373193,373199,374559,6,1360,2,7200,1.00441176471
373273,373280,374648,7,1368,2,7200,1.00511695906
373308,373314,374984,6,1670,2,7200,1.00359281437
373407,373413,374986,6,1573,2,7200,1.00381436745
373422,373429,375032,7,1603,2,7200,1.00436681223
373448,373454,375113,6,1659,2,7200,1.00361663653
373477,373483,375062,6,1579,2,7200,1.00379987334
373493,373499,375123,6,1624,2,7200,1.00369458128
373557,373564,375206,7,1642,2,7200,1.00426309379
373598,373604,375155,6,1551,2,7200,1.00386847195
373614,373621,375112,7,1491,2,7200,1.00469483568
373663,373670,375190,7,1520,2,7200,1.00460526316
373717,373723,375266,6,1543,2,7200,1.00388852884
373764,373770,375246,6,1476,2,7200,1.00406504065
373780,373786,375388,6,1602,2,7200,1.00374531835
373797,373803,375290,6,1487,2,7200,1.00403496974
373798,373809,375226,11,1417,2,7200,1.00776287932
373814,373820,375199,6,1379,2,7200,1.00435097897
373836,373842,375363,6,1521,2,7200,1.00394477318
373875,373922,387671,47,13749,1,18000,1.00341843043
373893,373900,375405,7,1505,2,7200,1.00465116279
373909,373915,375431,6,1516,2,7200,1.00395778364
373962,373969,392002,7,18033,1,18000,1.00038817723
373965,373976,375534,11,1558,2,7200,1.00706033376
374041,374048,375651,7,1603,2,7200,1.00436681223
374085,374091,375677,6,1586,2,7200,1.00378310214
374120,374127,375590,7,1463,2,7200,1.004784689
374135,374142,375543,7,1401,2,7200,1.00499643112
374192,374199,375743,7,1544,2,7200,1.00453367876
374207,374215,375686,8,1471,2,7200,1.00543847723
374320,374326,375842,6,1516,2,7200,1.00395778364
374336,374343,376048,7,1705,2,7200,1.00410557185
374370,374377,375997,7,1620,2,7200,1.00432098765
374386,374393,375782,7,1389,2,7200,1.00503959683
374402,374408,376013,6,1605,2,7200,1.00373831776
374459,374465,376056,6,1591,2,7200,1.00377121307
374506,374513,376070,7,1557,2,7200,1.00449582531
374522,374528,375860,6,1332,2,7200,1.0045045045
374538,374545,376285,7,1740,2,7200,1.00402298851
374560,374567,376144,7,1577,2,7200,1.00443880786
374646,374653,376305,7,1652,2,7200,1.00423728814
374662,374669,376330,7,1661,2,7200,1.00421432872
374688,374695,376270,7,1575,2,7200,1.00444444444
374815,374822,376310,7,1488,2,7200,1.00470430108
374987,374993,376683,6,1690,2,7200,1.00355029586
374989,375000,376473,11,1473,2,7200,1.00746775289
375036,375042,376523,6,1481,2,7200,1.00405131668
375065,375071,376512,6,1441,2,7200,1.00416377516
375117,375123,376799,6,1676,2,7200,1.00357995227
375118,375130,376642,12,1512,2,7200,1.00793650794
375134,375140,376649,6,1509,2,7200,1.00397614314
375157,375164,376738,7,1574,2,7200,1.00444726811
375191,375199,376838,8,1639,2,7200,1.00488102502
375208,375215,376656,7,1441,2,7200,1.00485773768
375209,375222,377010,13,1788,2,7200,1.00727069351
375228,375234,376631,6,1397,2,7200,1.00429491768
375248,375254,376809,6,1555,2,7200,1.0038585209
375270,375276,376768,6,1492,2,7200,1.00402144772
375292,375298,376895,6,1597,2,7200,1.00375704446
375363,375370,393409,7,18039,1,18000,1.00038804812
375367,375377,376888,10,1511,2,7200,1.00661813369
375390,375397,377129,7,1732,2,7200,1.00404157044
375409,375415,377032,6,1617,2,7200,1.00371057514
375434,375441,376939,7,1498,2,7200,1.0046728972
375537,375544,377219,7,1675,2,7200,1.00417910448
375553,375559,377209,6,1650,2,7200,1.00363636364
375594,375601,377271,7,1670,2,7200,1.00419161677
375654,375660,377163,6,1503,2,7200,1.00399201597
375680,375686,377216,6,1530,2,7200,1.00392156863
375695,375702,377375,7,1673,2,7200,1.00418410042
375746,375752,377431,6,1679,2,7200,1.00357355569
375784,375790,377296,6,1506,2,7200,1.00398406375
375843,375850,377456,7,1606,2,7200,1.00435865504
375863,375869,377376,6,1507,2,7200,1.00398142004
376000,376006,377488,6,1482,2,7200,1.004048583
376016,376023,377681,7,1658,2,7200,1.00422195416
376051,376057,377592,6,1535,2,7200,1.00390879479
376067,376073,377805,6,1732,2,7200,1.00346420323
376083,376089,377571,6,1482,2,7200,1.004048583
376147,376153,377697,6,1544,2,7200,1.00388601036
376273,376280,377785,7,1505,2,7200,1.00465116279
376289,376296,377948,7,1652,2,7200,1.00423728814
376308,376314,377812,6,1498,2,7200,1.00400534045
376324,376331,377808,7,1477,2,7200,1.00473933649
376339,376346,377954,7,1608,2,7200,1.00435323383
376475,376481,377927,6,1446,2,7200,1.00414937759
376516,376523,378058,7,1535,2,7200,1.00456026059
376532,376538,378062,6,1524,2,7200,1.00393700787
376586,376673,377684,87,1011,2,28800,1.08605341246
376621,377586,380272,965,2686,2,28800,1.35927029039
376636,376643,378320,7,1677,2,7200,1.00417412045
376652,376658,378214,6,1556,2,7200,1.00385604113
376653,376666,378226,13,1560,2,7200,1.00833333333
376669,376679,378210,10,1531,2,7200,1.00653167864
376685,376691,378378,6,1687,2,7200,1.00355660937
376745,376753,378251,8,1498,2,7200,1.00534045394
376769,376776,378316,7,1540,2,7200,1.00454545455
376785,402796,546818,26011,144022,4,144000,1.18060435211
376789,419670,420139,42881,469,4,144000,92.4307036247
376794,420152,564187,43358,144035,4,144000,1.30102405665
376801,376808,378389,7,1581,2,7200,1.00442757748
376816,376823,378315,7,1492,2,7200,1.00469168901
376842,376849,378397,7,1548,2,7200,1.00452196382
376892,376899,378476,7,1577,2,7200,1.00443880786
376907,376914,378479,7,1565,2,7200,1.00447284345
376942,376948,378495,6,1547,2,7200,1.00387847447
377012,377018,378436,6,1418,2,7200,1.00423131171
377034,377041,378818,7,1777,2,7200,1.00393922341
377132,377139,378681,7,1542,2,7200,1.00453955901
377167,377174,378645,7,1471,2,7200,1.00475866757
377211,377218,378757,7,1539,2,7200,1.00454840806
377227,377234,378826,7,1592,2,7200,1.00439698492
377229,377241,378813,12,1572,2,7200,1.00763358779
377273,377280,378980,7,1700,2,7200,1.00411764706
377299,377305,378903,6,1598,2,7200,1.00375469337
377377,377384,378960,7,1576,2,7200,1.00444162437
377379,377391,378815,12,1424,2,7200,1.00842696629
377433,377439,379009,6,1570,2,7200,1.00382165605
377459,377465,378925,6,1460,2,7200,1.00410958904
377490,377497,378905,7,1408,2,7200,1.00497159091
377573,377579,379144,6,1565,2,7200,1.00383386581
377595,377602,379097,7,1495,2,7200,1.00468227425
377654,377698,387835,44,10137,1,18000,1.00434053467
377683,377691,379218,8,1527,2,7200,1.00523903078
377700,377707,379421,7,1714,2,7200,1.004084014
377718,377819,379407,101,1588,2,28800,1.06360201511
377786,377793,379414,7,1621,2,7200,1.00431832202
377806,377812,379404,6,1592,2,7200,1.00376884422
377823,377829,379478,6,1649,2,7200,1.00363856883
377824,377836,379418,12,1582,2,7200,1.00758533502
377929,377936,379579,7,1643,2,7200,1.00426049909
377952,377958,379488,6,1530,2,7200,1.00392156863
377968,377975,379614,7,1639,2,7200,1.00427089689
378060,378066,379523,6,1457,2,7200,1.00411805079
378076,378082,379749,6,1667,2,7200,1.00359928014
378214,378222,379822,8,1600,2,7200,1.005
378216,378228,379659,12,1431,2,7200,1.00838574423
378233,378240,379797,7,1557,2,7200,1.00449582531
378255,378262,379913,7,1651,2,7200,1.00423985463
378316,378322,379748,6,1426,2,7200,1.00420757363
378318,378329,379724,11,1395,2,7200,1.00788530466
378334,378340,379933,6,1593,2,7200,1.00376647834
378381,414402,425206,36021,10804,8,10800,4.33404294706
378381,406990,417795,28609,10805,8,10800,3.64775566867
378381,414408,425215,36027,10807,8,10800,4.3336726196
378381,412940,423742,34559,10802,8,10800,4.19931494168
378382,378388,379911,6,1523,2,7200,1.00393959291
378382,423754,434589,45372,10835,8,10800,5.1875403784
378382,423455,434262,45073,10807,8,10800,5.17072267974
378382,417807,428645,39425,10838,8,10800,4.6376637756
378382,418052,428864,39670,10812,8,10800,4.66907140215
378398,378404,380048,6,1644,2,7200,1.00364963504
378399,378411,379995,12,1584,2,7200,1.00757575758
378440,378446,379913,6,1467,2,7200,1.00408997955
378478,378484,379952,6,1468,2,7200,1.00408719346
378494,378501,380039,7,1538,2,7200,1.00455136541
378509,378516,380025,7,1509,2,7200,1.00463883366
378535,378697,396714,162,18017,1,18000,1.00899150802
378648,378654,380214,6,1560,2,7200,1.00384615385
378683,378690,380464,7,1774,2,7200,1.00394588501
378759,378766,380470,7,1704,2,7200,1.00410798122
378770,378837,379096,67,259,1,1800,1.25868725869
378816,378823,380249,7,1426,2,7200,1.0049088359
378818,378830,380384,12,1554,2,7200,1.00772200772
378835,378843,380231,8,1388,2,7200,1.00576368876
378836,378848,380489,12,1641,2,7200,1.00731261426
378907,378914,380412,7,1498,2,7200,1.0046728972
378908,378921,380428,13,1507,2,7200,1.00862641009
378927,378934,380488,7,1554,2,7200,1.0045045045
378963,378969,380414,6,1445,2,7200,1.00415224913
378982,378990,380527,8,1537,2,7200,1.0052049447
379008,379015,380532,7,1517,2,7200,1.00461437047
379099,379106,380675,7,1569,2,7200,1.00446144041
379147,379154,380784,7,1630,2,7200,1.00429447853
379222,379229,380823,7,1594,2,7200,1.00439146801
379270,379421,379507,151,86,1,600,2.75581395349
379406,379414,381099,8,1685,2,7200,1.00474777448
379423,379429,380954,6,1525,2,7200,1.00393442623
379425,379436,380850,11,1414,2,7200,1.00777934936
379426,379441,381082,15,1641,2,7200,1.00914076782
379480,379486,381023,6,1537,2,7200,1.00390370852
379495,379502,381085,7,1583,2,7200,1.00442198358
379524,379530,381039,6,1509,2,7200,1.00397614314
379582,379588,381079,6,1491,2,7200,1.00402414487
379616,379622,381193,6,1571,2,7200,1.00381922342
379662,379669,381233,7,1564,2,7200,1.00447570332
379725,379733,381289,8,1556,2,7200,1.00514138817
379751,379758,381263,7,1505,2,7200,1.00465116279
379753,379765,381257,12,1492,2,7200,1.00804289544
379800,379807,381290,7,1483,2,7200,1.00472016183
379823,379829,381369,6,1540,2,7200,1.0038961039
379914,379921,381422,7,1501,2,7200,1.00466355763
379915,379928,381473,13,1545,2,7200,1.00841423948
379917,379933,381492,16,1559,2,7200,1.0102629891
379937,379943,381465,6,1522,2,7200,1.00394218134
379953,379959,381373,6,1414,2,7200,1.00424328147
379998,380005,381662,7,1657,2,7200,1.00422450211
380015,380060,380066,45,6,1,7200,5.1
380027,380033,381492,6,1459,2,7200,1.00411240576
380042,380049,381726,7,1677,2,7200,1.00417412045
380058,380067,381516,9,1449,2,7200,1.00621118012
380100,380428,380860,328,432,2,28800,1.75925925926
380120,380871,381099,751,228,2,28800,4.29385964912
380218,380224,381829,6,1605,2,7200,1.00373831776
380234,380240,381713,6,1473,2,7200,1.00407331976
380250,380257,381928,7,1671,2,7200,1.00418910832
380354,380692,380710,338,18,1,7200,19.7777777778
380386,380393,381867,7,1474,2,7200,1.00474898236
380415,380421,382022,6,1601,2,7200,1.00374765771
380416,380433,381967,17,1534,2,7200,1.0110821382
380433,380440,381998,7,1558,2,7200,1.00449293967
380467,380475,382100,8,1625,2,7200,1.00492307692
380484,380491,382044,7,1553,2,7200,1.00450740502
380500,380506,382029,6,1523,2,7200,1.00393959291
380501,380513,382056,12,1543,2,7200,1.00777705768
380530,380537,382156,7,1619,2,7200,1.00432365658
380544,381113,382820,569,1707,2,28800,1.33333333333
380546,380553,382161,7,1608,2,7200,1.00435323383
380621,381184,382806,563,1622,2,172800,1.34710234279
380678,380685,382238,7,1553,2,7200,1.00450740502
380788,380794,382260,6,1466,2,7200,1.00409276944
380826,380833,382435,7,1602,2,7200,1.00436953808
380852,380859,382373,7,1514,2,7200,1.00462351387
380957,380963,382450,6,1487,2,7200,1.00403496974
381027,381033,382662,6,1629,2,7200,1.00368324125
381043,381049,382622,6,1573,2,7200,1.00381436745
381082,381088,382613,6,1525,2,7200,1.00393442623
381083,381095,382565,12,1470,2,7200,1.00816326531
381100,381106,382787,6,1681,2,7200,1.00356930399
381102,381118,382760,16,1642,2,7200,1.00974421437
381197,381203,382792,6,1589,2,7200,1.00377595972
381236,381243,382937,7,1694,2,7200,1.0041322314
381259,381266,382821,7,1555,2,7200,1.00450160772
381275,381282,382658,7,1376,2,7200,1.0050872093
381291,381298,382834,7,1536,2,7200,1.00455729167
381293,381305,382871,12,1566,2,7200,1.00766283525
381371,381377,382795,6,1418,2,7200,1.00423131171
381386,381394,382853,8,1459,2,7200,1.00548320768
381424,381432,382904,8,1472,2,7200,1.00543478261
381438,381457,381754,19,297,2,28800,1.06397306397
381467,381474,382820,7,1346,2,7200,1.00520059435
381483,381489,382937,6,1448,2,7200,1.00414364641
381499,381505,383013,6,1508,2,7200,1.00397877984
381500,381511,382983,11,1472,2,7200,1.00747282609
381515,382837,382838,1322,1,4,3600,132.3
381519,381526,383129,7,1603,2,7200,1.00436681223
381625,393425,400033,11800,6608,1,72000,2.78571428571
381665,381671,383098,6,1427,2,7200,1.00420462509
381716,381722,383165,6,1443,2,7200,1.00415800416
381732,381740,383334,8,1594,2,7200,1.00501882058
381831,381838,383271,7,1433,2,7200,1.00488485694
381868,381875,383532,7,1657,2,7200,1.00422450211
381930,381936,383362,6,1426,2,7200,1.00420757363
381971,381977,383583,6,1606,2,7200,1.00373599004
382000,382006,383620,6,1614,2,7200,1.00371747212
382025,382031,383625,6,1594,2,7200,1.00376411543
382041,382048,383579,7,1531,2,7200,1.00457217505
382057,382063,383579,6,1516,2,7200,1.00395778364
382059,382070,383609,11,1539,2,7200,1.00714749838
382103,382110,383681,7,1571,2,7200,1.00445576066
382161,382168,383721,7,1553,2,7200,1.00450740502
382177,382184,383828,7,1644,2,7200,1.00425790754
382184,431989,474897,49805,42908,14,57600,2.16073925608
382241,382247,383811,6,1564,2,7200,1.00383631714
382263,382270,383875,7,1605,2,7200,1.00436137072
382376,382383,383908,7,1525,2,7200,1.00459016393
382437,382443,384130,6,1687,2,7200,1.00355660937
382453,382460,384138,7,1678,2,7200,1.0041716329
382489,382669,384082,180,1413,2,7200,1.12738853503
382567,382573,384258,6,1685,2,7200,1.00356083086
382616,382623,384080,7,1457,2,7200,1.00480439259
382632,382640,384225,8,1585,2,7200,1.00504731861
382663,382675,384284,12,1609,2,7200,1.00745804848
382664,382682,384327,18,1645,2,7200,1.01094224924
382684,425233,427673,42549,2440,2,172800,18.4381147541
382763,382769,384668,6,1899,2,7200,1.00315955766
382789,382796,384303,7,1507,2,7200,1.00464499005
382806,382812,384390,6,1578,2,7200,1.00380228137
382807,382819,384336,12,1517,2,7200,1.00791034937
382824,382830,384240,6,1410,2,7200,1.00425531915
382825,382842,384543,17,1701,2,7200,1.00999412111
382841,382849,384342,8,1493,2,7200,1.00535833891
382857,382864,384347,7,1483,2,7200,1.00472016183
382873,382880,384424,7,1544,2,7200,1.00453367876
382906,382912,384366,6,1454,2,7200,1.00412654746
382941,382948,384547,7,1599,2,7200,1.00437773609
382943,382955,384657,12,1702,2,7200,1.00705052879
382944,383637,425212,693,41575,2,43200,1.01666867108
382984,382996,384568,12,1572,2,7200,1.00763358779
382987,384347,384360,1360,13,4,60,105.615384615
383016,383024,384662,8,1638,2,7200,1.00488400488
383100,383107,384800,7,1693,2,7200,1.00413467218
383132,383139,384784,7,1645,2,7200,1.00425531915
383167,383174,384826,7,1652,2,7200,1.00423728814
383217,383287,383585,70,298,2,28800,1.23489932886
383272,383549,405260,277,21711,1,21600,1.01275850951
383274,383280,384676,6,1396,2,7200,1.00429799427
383299,383603,384057,304,454,2,43200,1.66960352423
383336,383342,384936,6,1594,2,7200,1.00376411543
383364,383372,385029,8,1657,2,7200,1.00482800241
383534,383542,384935,8,1393,2,7200,1.00574300072
383582,383589,385183,7,1594,2,7200,1.00439146801
383584,383596,385136,12,1540,2,7200,1.00779220779
383600,383610,385041,10,1431,2,7200,1.0069881202
383617,383624,385150,7,1526,2,7200,1.00458715596
383633,383643,385290,10,1647,2,7200,1.00607164542
383634,383648,385340,14,1692,2,7200,1.00827423168
383685,383692,385315,7,1623,2,7200,1.00431300062
383722,383729,385307,7,1578,2,7200,1.00443599493
383814,383821,385374,7,1553,2,7200,1.00450740502
383830,383837,385449,7,1612,2,7200,1.00434243176
383878,383884,385472,6,1588,2,7200,1.00377833753
383911,383918,385505,7,1587,2,7200,1.00441083806
384082,384088,385601,6,1513,2,7200,1.0039656312
384133,384139,385640,6,1501,2,7200,1.00399733511
384149,384155,385730,6,1575,2,7200,1.00380952381
384227,384233,385822,6,1589,2,7200,1.00377595972
384243,384249,385732,6,1483,2,7200,1.004045853
384263,384269,385674,6,1405,2,7200,1.00427046263
384286,384292,385782,6,1490,2,7200,1.00402684564
384305,384311,385893,6,1582,2,7200,1.00379266751
384331,384337,386058,6,1721,2,7200,1.00348634515
384347,384354,385877,7,1523,2,7200,1.00459619173
384349,384361,385912,12,1551,2,7200,1.00773694391
384350,384366,385897,16,1531,2,7200,1.01045068583
384370,384376,385781,6,1405,2,7200,1.00427046263
384393,384399,385941,6,1542,2,7200,1.00389105058
384427,384434,385952,7,1518,2,7200,1.0046113307
384545,384551,386019,6,1468,2,7200,1.00408719346
384562,384568,386233,6,1665,2,7200,1.0036036036
384578,384585,386309,7,1724,2,7200,1.00406032483
384663,384671,386250,8,1579,2,7200,1.00506649778
384664,384676,386234,12,1558,2,7200,1.00770218228
384682,384689,386199,7,1510,2,7200,1.00463576159
384684,384695,386272,11,1577,2,7200,1.0069752695
384741,387848,405854,3107,18006,1,18000,1.17255359325
384797,384803,386199,6,1396,2,7200,1.00429799427
384815,384822,386473,7,1651,2,7200,1.00423985463
384836,384843,386504,7,1661,2,7200,1.00421432872
384911,389323,405100,4412,15777,1,18000,1.27964758826
384947,384954,386447,7,1493,2,7200,1.00468854655
384949,384960,386443,11,1483,2,7200,1.00741739717
385034,385041,386590,7,1549,2,7200,1.00451904454
385053,385060,386593,7,1533,2,7200,1.00456621005
385148,385154,386686,6,1532,2,7200,1.00391644909
385166,385172,386779,6,1607,2,7200,1.00373366521
385192,385198,386706,6,1508,2,7200,1.00397877984
385234,389593,394458,4359,4865,1,28800,1.89599177801
385234,385616,386493,382,877,2,28800,1.43557582668
385234,387517,389290,2283,1773,1,28800,2.28764805415
385235,439638,439740,54403,102,128,3600,534.362745098
385235,405329,405652,20094,323,8,7200,63.2105263158
385235,433572,433712,48337,140,32,3600,346.264285714
385235,387522,388610,2287,1088,1,28800,3.10202205882
385235,390238,392332,5003,2094,1,28800,3.38920725883
385236,439752,439793,54516,41,128,3600,1330.65853659
385236,385656,386202,420,546,2,28800,1.76923076923
385236,433724,433813,48488,89,32,3600,545.808988764
385236,405665,405832,20429,167,8,7200,123.329341317
385288,390243,404092,4955,13849,1,28800,1.35778756589
385288,387536,390925,2248,3389,1,28800,1.66332251402
385289,433824,434060,48535,236,32,3600,206.656779661
385289,439806,439914,54517,108,128,3600,505.787037037
385289,405843,406372,20554,529,8,7200,39.854442344
385289,385746,387429,457,1683,2,28800,1.2715389186
385290,406384,406979,21094,595,8,7200,36.4521008403
385290,390372,403149,5082,12777,1,28800,1.39774594975
385290,387683,390706,2393,3023,1,28800,1.79159775058
385290,386215,387761,925,1546,2,28800,1.59831824062
385291,434072,434248,48781,176,32,3600,278.164772727
385291,439925,439998,54634,73,128,3600,749.410958904
385293,385300,386699,7,1399,2,7200,1.00500357398
385309,385316,386972,7,1656,2,7200,1.00422705314
385326,385333,386844,7,1511,2,7200,1.00463269358
385342,385348,386939,6,1591,2,7200,1.00377121307
385377,385384,388188,7,2804,2,7200,1.00249643367
385453,385460,386995,7,1535,2,7200,1.00456026059
385476,385482,387154,6,1672,2,7200,1.00358851675
385508,385516,387079,8,1563,2,7200,1.00511836212
385543,405335,408111,19792,2776,4,14400,8.12968299712
385603,385609,387125,6,1516,2,7200,1.00395778364
385642,385649,387234,7,1585,2,7200,1.00441640379
385677,385683,387223,6,1540,2,7200,1.0038961039
385732,385739,387390,7,1651,2,7200,1.00423985463
385734,385751,387422,17,1671,2,7200,1.01017354877
385787,385794,387448,7,1654,2,7200,1.00423216445
385788,385800,387204,12,1404,2,7200,1.00854700855
385824,385834,387445,10,1611,2,7200,1.00620732464
385880,385889,387493,9,1604,2,7200,1.00561097257
385896,385904,387405,8,1501,2,7200,1.00532978015
385912,385919,387421,7,1502,2,7200,1.00466045273
385928,385934,387449,6,1515,2,7200,1.00396039604
385944,385953,387535,9,1582,2,7200,1.00568900126
385960,385966,387432,6,1466,2,7200,1.00409276944
385997,405284,405289,19287,5,12,3600,1929.2
386000,405302,405303,19302,1,12,3600,1930.3
386022,386032,387513,10,1481,2,7200,1.00675219446
386061,386071,387490,10,1419,2,7200,1.00704721635
386204,386220,387776,16,1556,2,7200,1.01028277635
386205,386225,387797,20,1572,2,7200,1.01272264631
386236,386244,387903,8,1659,2,7200,1.00482218204
386237,386250,387779,13,1529,2,7200,1.00850228908
386255,386261,387758,6,1497,2,7200,1.00400801603
386274,386284,387988,10,1704,2,7200,1.0058685446
386313,386321,387744,8,1423,2,7200,1.00562192551
386430,386505,387505,75,1000,2,43200,1.075
386447,386455,387946,8,1491,2,7200,1.00536552649
386448,386463,388096,15,1633,2,7200,1.00918554807
386474,386485,388453,11,1968,2,7200,1.00558943089
386508,386516,387964,8,1448,2,7200,1.00552486188
386594,386602,388198,8,1596,2,7200,1.00501253133
386595,386608,388234,13,1626,2,7200,1.00799507995
386690,386699,388190,9,1491,2,7200,1.0060362173
386706,386713,388203,7,1490,2,7200,1.00469798658
386708,386720,388277,12,1557,2,7200,1.00770712909
386783,386792,388254,9,1462,2,7200,1.00615595075
386848,386856,388391,8,1535,2,7200,1.00521172638
386888,387447,389039,559,1592,2,43200,1.35113065327
386943,386951,388632,8,1681,2,7200,1.00475907198
386974,386984,388552,10,1568,2,7200,1.00637755102
386997,387007,388609,10,1602,2,7200,1.00624219725
387084,387090,388653,6,1563,2,7200,1.00383877159
387128,387137,388595,9,1458,2,7200,1.00617283951
387159,387165,388733,6,1568,2,7200,1.00382653061
387207,387216,388898,9,1682,2,7200,1.00535077289
387224,387235,388879,11,1644,2,7200,1.00669099757
387240,387246,388742,6,1496,2,7200,1.00401069519
387393,387403,389040,10,1637,2,7200,1.00610873549
387409,387417,389000,8,1583,2,7200,1.00505369551
387426,387433,388954,7,1521,2,7200,1.00460223537
387427,387440,389109,13,1669,2,7200,1.00778909527
387445,387453,389072,8,1619,2,7200,1.0049413218
387461,387469,389259,8,1790,2,7200,1.00446927374
387463,387476,389059,13,1583,2,7200,1.00821225521
387464,387481,388962,17,1481,2,7200,1.01147873059
387497,387505,389034,8,1529,2,7200,1.00523217789
387498,387510,389150,12,1640,2,7200,1.00731707317
387516,387529,389166,13,1637,2,7200,1.00794135614
387539,387547,389078,8,1531,2,7200,1.00522534291
387562,387778,388249,216,471,2,3540,1.45859872611
387748,387755,389300,7,1545,2,7200,1.00453074434
387765,387772,389210,7,1438,2,7200,1.00486787204
387782,387789,389420,7,1631,2,7200,1.00429184549
387784,387796,389363,12,1567,2,7200,1.00765794512
387800,387809,389312,9,1503,2,7200,1.00598802395
387888,427265,428306,39377,1041,2,86400,38.8261287224
387896,388260,389294,364,1034,2,43200,1.35203094778
387907,387916,389591,9,1675,2,7200,1.00537313433
387949,387957,389452,8,1495,2,7200,1.00535117057
387969,387976,389407,7,1431,2,7200,1.00489168414
387991,388000,389449,9,1449,2,7200,1.00621118012
388099,388109,389487,10,1378,2,7200,1.00725689405
388192,388200,389696,8,1496,2,7200,1.00534759358
388194,388207,389792,13,1585,2,7200,1.00820189274
388212,388219,389745,7,1526,2,7200,1.00458715596
388214,388226,389748,12,1522,2,7200,1.00788436268
388238,388247,389737,9,1490,2,7200,1.00604026846
388247,389302,389306,1055,4,1,900,105.9
388256,389054,389370,798,316,2,3540,3.5253164557
388258,388268,389875,10,1607,2,7200,1.00622277536
388281,388289,389785,8,1496,2,7200,1.00534759358
388394,388404,389924,10,1520,2,7200,1.00657894737
388456,388465,389968,9,1503,2,7200,1.00598802395
388460,389308,389576,848,268,2,14400,4.16417910448
388554,388565,390157,11,1592,2,7200,1.00690954774
388600,388607,390205,7,1598,2,7200,1.00438047559
388615,388622,390356,7,1734,2,7200,1.00403690888
388635,388644,390198,9,1554,2,7200,1.00579150579
388655,388665,390213,10,1548,2,7200,1.00645994832
388736,388745,390284,9,1539,2,7200,1.00584795322
388752,388758,390157,6,1399,2,7200,1.0042887777
388882,388894,390400,12,1506,2,7200,1.00796812749
388902,388910,390364,8,1454,2,7200,1.00550206327
388957,388966,390458,9,1492,2,7200,1.00603217158
388973,388979,390494,6,1515,2,7200,1.00396039604
389002,389012,390610,10,1598,2,7200,1.00625782228
389038,389046,390687,8,1641,2,7200,1.00487507617
389056,389063,390645,7,1582,2,7200,1.00442477876
389072,389082,390739,10,1657,2,7200,1.00603500302
389088,389094,390667,6,1573,2,7200,1.00381436745
389090,389101,390707,11,1606,2,7200,1.00684931507
389113,389122,390774,9,1652,2,7200,1.00544794189
389153,389162,390738,9,1576,2,7200,1.0057106599
389169,389178,390646,9,1468,2,7200,1.00613079019
389212,389222,390726,10,1504,2,7200,1.00664893617
389258,389270,390894,12,1624,2,7200,1.00738916256
389304,389316,390948,12,1632,2,7200,1.00735294118
389320,389330,390833,10,1503,2,7200,1.00665335995
389366,389375,390831,9,1456,2,7200,1.00618131868
389368,389588,389591,220,3,1,900,22.3
389375,389381,389766,6,385,2,3540,1.01558441558
389412,389419,391039,7,1620,2,7200,1.00432098765
389428,389434,391086,6,1652,2,7200,1.00363196126
389451,389461,390977,10,1516,2,7200,1.00659630607
389466,389474,390923,8,1449,2,7200,1.005521049
389489,389499,391029,10,1530,2,7200,1.00653594771
389596,389602,391221,6,1619,2,7200,1.00370599135
389656,427260,437094,37604,9834,4,108000,4.82387634737
389700,389707,391474,7,1767,2,7200,1.00396151669
389739,389746,391188,7,1442,2,7200,1.00485436893
389755,389761,391271,6,1510,2,7200,1.00397350993
389757,389768,391384,11,1616,2,7200,1.00680693069
389764,390214,390216,450,2,1,900,45.2
389771,389777,390196,6,419,2,3540,1.01431980907
389787,389794,391299,7,1505,2,7200,1.00465116279
389803,389810,391371,7,1561,2,7200,1.00448430493
389877,389885,391269,8,1384,2,7200,1.00578034682
389926,389933,391557,7,1624,2,7200,1.00431034483
389971,389978,391537,7,1559,2,7200,1.00449005773
390160,390166,391661,6,1495,2,7200,1.00401337793
390162,390172,391649,10,1477,2,7200,1.0067704807
390189,390219,390221,30,2,1,900,3.2
390200,390207,391759,7,1552,2,7200,1.00451030928
390216,390226,391798,10,1572,2,7200,1.00636132316
390218,390231,391624,13,1393,2,7200,1.00933237617
390287,390293,391870,6,1577,2,7200,1.00380469245
390357,390365,391860,8,1495,2,7200,1.00535117057
390373,390380,391932,7,1552,2,7200,1.00451030928
390402,390412,391904,10,1492,2,7200,1.00670241287
390460,390471,391985,11,1514,2,7200,1.0072655218
390498,390506,392010,8,1504,2,7200,1.00531914894
390613,390622,392227,9,1605,2,7200,1.00560747664
390648,390657,392112,9,1455,2,7200,1.00618556701
390649,390662,392216,13,1554,2,7200,1.00836550837
390666,390679,392138,13,1459,2,7200,1.00891021247
390688,390699,392205,11,1506,2,7200,1.00730411687
390711,390717,392403,6,1686,2,7200,1.00355871886
390730,390736,392276,6,1540,2,7200,1.0038961039
390746,390753,392260,7,1507,2,7200,1.00464499005
390748,390759,392355,11,1596,2,7200,1.00689223058
390777,390784,392382,7,1598,2,7200,1.00438047559
390833,390840,392434,7,1594,2,7200,1.00439146801
390848,390855,392384,7,1529,2,7200,1.00457815566
390897,390904,392642,7,1738,2,7200,1.00402761795
390927,390934,392405,7,1471,2,7200,1.00475866757
390950,390956,392363,6,1407,2,7200,1.00426439232
390979,390986,392574,7,1588,2,7200,1.00440806045
391034,391041,392598,7,1557,2,7200,1.00449582531
391049,391056,392622,7,1566,2,7200,1.00446998723
391088,391095,392628,7,1533,2,7200,1.00456621005
391191,391198,392765,7,1567,2,7200,1.00446713465
391223,391229,392799,6,1570,2,7200,1.00382165605
391271,391278,392822,7,1544,2,7200,1.00453367876
391272,391285,392853,13,1568,2,7200,1.00829081633
391302,391309,392716,7,1407,2,7200,1.00497512438
391373,391380,392872,7,1492,2,7200,1.00469168901
391389,391396,393069,7,1673,2,7200,1.00418410042
391477,391483,393004,6,1521,2,7200,1.00394477318
391541,391548,393058,7,1510,2,7200,1.00463576159
391560,391566,393197,6,1631,2,7200,1.00367872471
391627,391633,393074,6,1441,2,7200,1.00416377516
391653,391660,393136,7,1476,2,7200,1.00474254743
391670,391677,393169,7,1492,2,7200,1.00469168901
391761,391769,393283,8,1514,2,7200,1.00528401585
391800,391806,393345,6,1539,2,7200,1.00389863548
391864,391870,393494,6,1624,2,7200,1.00369458128
391880,391887,393458,7,1571,2,7200,1.00445576066
391906,391913,393353,7,1440,2,7200,1.00486111111
391934,391940,393339,6,1399,2,7200,1.0042887777
391988,391996,393458,8,1462,2,7200,1.00547195622
392014,392021,393521,7,1500,2,7200,1.00466666667
392114,392120,393641,6,1521,2,7200,1.00394477318
392140,392147,393635,7,1488,2,7200,1.00470430108
392209,392216,393697,7,1481,2,7200,1.00472653612
392225,392231,393724,6,1493,2,7200,1.00401875419
392241,392248,393752,7,1504,2,7200,1.00465425532
392263,392270,393951,7,1681,2,7200,1.00416418798
392279,392285,393877,6,1592,2,7200,1.00376884422
392358,392365,393923,7,1558,2,7200,1.00449293967
392374,392380,393736,6,1356,2,7200,1.00442477876
392390,392396,394125,6,1729,2,7200,1.003470214
392391,392403,393931,12,1528,2,7200,1.00785340314
392408,392415,394002,7,1587,2,7200,1.00441083806
392409,392422,393946,13,1524,2,7200,1.00853018373
392439,392445,393997,6,1552,2,7200,1.00386597938
392575,392581,394081,6,1500,2,7200,1.004
392602,392609,394331,7,1722,2,7200,1.00406504065
392624,392631,394129,7,1498,2,7200,1.0046728972
392641,392647,394226,6,1579,2,7200,1.00379987334
392657,392664,394191,7,1527,2,7200,1.00458415193
392717,392725,394215,8,1490,2,7200,1.00536912752
392767,392774,394171,7,1397,2,7200,1.00501073729
392802,392808,394384,6,1576,2,7200,1.0038071066
392825,392832,394357,7,1525,2,7200,1.00459016393
392857,392864,394370,7,1506,2,7200,1.00464807437
392876,392884,394390,8,1506,2,7200,1.00531208499
393006,393014,394608,8,1594,2,7200,1.00501882058
393060,393067,394797,7,1730,2,7200,1.00404624277
393077,393084,394643,7,1559,2,7200,1.00449005773
393078,393091,394634,13,1543,2,7200,1.00842514582
393139,393145,394704,6,1559,2,7200,1.00384862091
393171,393178,394617,7,1439,2,7200,1.00486448923
393200,393207,394731,7,1524,2,7200,1.00459317585
393286,393293,394812,7,1519,2,7200,1.00460829493
393341,393349,394865,8,1516,2,7200,1.00527704485
393358,393365,395003,7,1638,2,7200,1.00427350427
393359,393372,394925,13,1553,2,7200,1.00837089504
393406,393537,393692,131,155,1,18000,1.84516129032
393462,393469,395031,7,1562,2,7200,1.00448143406
393463,393476,394921,13,1445,2,7200,1.00899653979
393496,393502,395025,6,1523,2,7200,1.00393959291
393525,393531,394922,6,1391,2,7200,1.00431344357
393636,393643,395145,7,1502,2,7200,1.00466045273
393652,393658,395293,6,1635,2,7200,1.00366972477
393700,393706,395270,6,1564,2,7200,1.00383631714
393726,393732,395348,6,1616,2,7200,1.00371287129
393743,393749,395215,6,1466,2,7200,1.00409276944
393758,393768,395236,10,1468,2,7200,1.0068119891
393880,393886,395291,6,1405,2,7200,1.00427046263
393925,393933,395507,8,1574,2,7200,1.00508259212
393942,393949,395415,7,1466,2,7200,1.00477489768
393958,393964,395531,6,1567,2,7200,1.00382897256
393959,393970,395422,11,1452,2,7200,1.00757575758
393971,394382,411142,411,16760,1,18000,1.02452267303
394000,394008,395514,8,1506,2,7200,1.00531208499
394016,394024,395538,8,1514,2,7200,1.00528401585
394083,394090,395749,7,1659,2,7200,1.00421940928
394128,394134,395665,6,1531,2,7200,1.00391900718
394144,394151,395690,7,1539,2,7200,1.00454840806
394174,394181,395705,7,1524,2,7200,1.00459317585
394193,394199,395683,6,1484,2,7200,1.00404312668
394217,394223,395803,6,1580,2,7200,1.00379746835
394233,394239,395674,6,1435,2,7200,1.00418118467
394334,394340,395784,6,1444,2,7200,1.00415512465
394360,394366,396188,6,1822,2,7200,1.00329308452
394376,394389,395853,13,1464,2,7200,1.00887978142
394392,394400,395887,8,1487,2,7200,1.00537995965
394394,394407,395853,13,1446,2,7200,1.00899031812
394611,394618,396307,7,1689,2,7200,1.00414446418
394626,394633,396126,7,1493,2,7200,1.00468854655
394642,394648,396102,6,1454,2,7200,1.00412654746
394656,395232,401597,576,6365,1,28800,1.09049489395
394658,394665,396243,7,1578,2,7200,1.00443599493
394707,394713,396292,6,1579,2,7200,1.00379987334
394732,394738,396258,6,1520,2,7200,1.00394736842
394800,394806,396381,6,1575,2,7200,1.00380952381
394816,394823,396437,7,1614,2,7200,1.00433705081
394829,395286,424521,457,29235,1,43200,1.01563194801
394867,394874,396482,7,1608,2,7200,1.00435323383
394924,394931,396540,7,1609,2,7200,1.00435052828
394926,394938,396527,12,1589,2,7200,1.00755191945
394942,394948,396592,6,1644,2,7200,1.00364963504
395007,395014,396617,7,1603,2,7200,1.00436681223
395029,395035,396549,6,1514,2,7200,1.00396301189
395044,395051,396546,7,1495,2,7200,1.00468227425
395148,395154,396608,6,1454,2,7200,1.00412654746
395218,395225,396760,7,1535,2,7200,1.00456026059
395240,395246,396830,6,1584,2,7200,1.00378787879
395272,395279,396885,7,1606,2,7200,1.00435865504
395295,395302,396845,7,1543,2,7200,1.00453661698
395296,395309,396975,13,1666,2,7200,1.00780312125
395350,395358,397159,8,1801,2,7200,1.00444197668
395417,395423,396976,6,1553,2,7200,1.00386349002
395433,395440,397025,7,1585,2,7200,1.00441640379
395509,395515,397019,6,1504,2,7200,1.0039893617
395525,395532,397100,7,1568,2,7200,1.00446428571
395542,395548,397239,6,1691,2,7200,1.00354819633
395543,395555,397086,12,1531,2,7200,1.00783801437
395603,437105,447062,41502,9957,4,108000,5.16812292859
395666,395672,397133,6,1461,2,7200,1.00410677618
395684,395690,397167,6,1477,2,7200,1.00406228842
395685,395697,397270,12,1573,2,7200,1.0076287349
395701,395707,397176,6,1469,2,7200,1.00408441116
395717,395723,397266,6,1543,2,7200,1.00388852884
395752,395759,397360,7,1601,2,7200,1.00437226733
395787,395793,397274,6,1481,2,7200,1.00405131668
395807,395813,397510,6,1697,2,7200,1.00353565115
395831,405131,405739,9300,608,2,14400,16.2960526316
395856,395862,397475,6,1613,2,7200,1.00371977681
395857,395869,397385,12,1516,2,7200,1.00791556728
395889,395896,397388,7,1492,2,7200,1.00469168901
396105,396112,397675,7,1563,2,7200,1.00447856686
396121,396324,414121,203,17797,1,18000,1.01140641681
396130,396138,397665,8,1527,2,7200,1.00523903078
396169,405751,409453,9582,3702,2,14400,3.58833063209
396192,396199,397772,7,1573,2,7200,1.00445009536
396246,396252,397841,6,1589,2,7200,1.00377595972
396262,396268,397852,6,1584,2,7200,1.00378787879
396295,396301,397877,6,1576,2,7200,1.0038071066
396311,396317,398104,6,1787,2,7200,1.00335758254
396384,396390,397899,6,1509,2,7200,1.00397614314
396440,396447,397931,7,1484,2,7200,1.00471698113
396485,396491,398115,6,1624,2,7200,1.00369458128
396531,396538,398178,7,1640,2,7200,1.00426829268
396547,396553,398067,6,1514,2,7200,1.00396301189
396548,396560,398171,12,1611,2,7200,1.00744878957
396564,396570,398217,6,1647,2,7200,1.00364298725
396596,396602,398215,6,1613,2,7200,1.00371977681
396612,396618,398188,6,1570,2,7200,1.00382165605
396628,396634,398283,6,1649,2,7200,1.00363856883
396763,396771,398308,8,1537,2,7200,1.0052049447
396833,396839,398418,6,1579,2,7200,1.00379987334
396849,396856,398532,7,1676,2,7200,1.00417661098
396887,396894,398458,7,1564,2,7200,1.00447570332
396978,396984,398506,6,1522,2,7200,1.00394218134
396979,396991,398523,12,1532,2,7200,1.00783289817
397021,397028,398504,7,1476,2,7200,1.00474254743
397037,397043,398628,6,1585,2,7200,1.00378548896
397089,397096,398615,7,1519,2,7200,1.00460829493
397106,397114,398509,8,1395,2,7200,1.00573476703
397136,397143,398735,7,1592,2,7200,1.00439698492
397167,397174,398703,7,1529,2,7200,1.00457815566
397203,397210,398797,7,1587,2,7200,1.00441083806
397204,397217,398714,13,1497,2,7200,1.00868403474
397241,397247,398790,6,1543,2,7200,1.00388852884
397268,397274,398832,6,1558,2,7200,1.00385109114
397284,397291,398785,7,1494,2,7200,1.0046854083
397286,397298,398945,12,1647,2,7200,1.0072859745
397361,397367,399030,6,1663,2,7200,1.00360793746
397387,397394,398936,7,1542,2,7200,1.00453955901
397403,397409,398830,6,1421,2,7200,1.00422237861
397478,397484,399097,6,1613,2,7200,1.00371977681
397513,397519,399108,6,1589,2,7200,1.00377595972
397624,443161,454698,45537,11537,4,108000,4.94703995839
397667,397673,399205,6,1532,2,7200,1.00391644909
397682,397689,399184,7,1495,2,7200,1.00468227425
397684,427686,427688,30002,2,2,86400,3000.4
397739,443166,453027,45427,9861,4,108000,5.606733597
397775,397781,399353,6,1572,2,7200,1.00381679389
397843,397851,399412,8,1561,2,7200,1.00512491992
397859,397867,399327,8,1460,2,7200,1.00547945205
397882,397889,399503,7,1614,2,7200,1.00433705081
397901,397908,399460,7,1552,2,7200,1.00451030928
397933,397939,399439,6,1500,2,7200,1.004
398068,398075,399677,7,1602,2,7200,1.00436953808
398106,398113,399696,7,1583,2,7200,1.00442198358
398122,398129,399724,7,1595,2,7200,1.00438871473
398174,398181,399709,7,1528,2,7200,1.00458115183
398190,398196,399621,6,1425,2,7200,1.00421052632
398191,398203,399720,12,1517,2,7200,1.00791034937
398218,398225,399863,7,1638,2,7200,1.00427350427
398219,398232,399798,13,1566,2,7200,1.00830140485
398286,398294,399930,8,1636,2,7200,1.00488997555
398312,398318,399884,6,1566,2,7200,1.00383141762
398420,398427,400092,7,1665,2,7200,1.0042042042
398461,398467,400083,6,1616,2,7200,1.00371287129
398506,398512,400085,6,1573,2,7200,1.00381436745
398508,398519,399976,11,1457,2,7200,1.00754975978
398524,398530,400085,6,1555,2,7200,1.0038585209
398526,398537,400018,11,1481,2,7200,1.00742741391
398542,398548,400108,6,1560,2,7200,1.00384615385
398618,398626,400335,8,1709,2,7200,1.00468110006
398634,398642,400298,8,1656,2,7200,1.00483091787
398707,398714,400264,7,1550,2,7200,1.00451612903
398723,398729,400404,6,1675,2,7200,1.00358208955
398739,398745,400738,6,1993,2,7200,1.00301053688
398788,398794,400436,6,1642,2,7200,1.00365408039
398804,398811,400335,7,1524,2,7200,1.00459317585
398805,398817,400290,12,1473,2,7200,1.00814663951
398834,398840,400321,6,1481,2,7200,1.00405131668
398836,398847,400428,11,1581,2,7200,1.00695762176
398938,398944,400338,6,1394,2,7200,1.00430416069
398954,398960,400403,6,1443,2,7200,1.00415800416
399033,399039,400635,6,1596,2,7200,1.0037593985
399098,399105,400574,7,1469,2,7200,1.00476514636
399114,399122,400672,8,1550,2,7200,1.00516129032
399129,406434,406586,7305,152,2,18000,49.0592105263
399188,399195,400794,7,1599,2,7200,1.00437773609
399208,399214,400730,6,1516,2,7200,1.00395778364
399318,400046,418069,728,18023,1,18000,1.04039283138
399329,399336,400776,7,1440,2,7200,1.00486111111
399356,399362,400927,6,1565,2,7200,1.00383386581
399417,399424,401051,7,1627,2,7200,1.00430239705
399430,443172,458552,43742,15380,4,36000,3.84408322497
399442,399449,401095,7,1646,2,7200,1.0042527339
399465,399472,401078,7,1606,2,7200,1.00435865504
399506,399512,400948,6,1436,2,7200,1.00417827298
399625,399631,401168,6,1537,2,7200,1.00390370852
399682,399688,401201,6,1513,2,7200,1.0039656312
399698,399705,401073,7,1368,2,7200,1.00511695906
399714,399720,401294,6,1574,2,7200,1.00381194409
399730,399737,401148,7,1411,2,7200,1.00496102055
399732,399743,401402,11,1659,2,7200,1.0066305003
399800,399806,401326,6,1520,2,7200,1.00394736842
399867,399874,401450,7,1576,2,7200,1.00444162437
399886,399893,401340,7,1447,2,7200,1.00483759502
399933,399939,401589,6,1650,2,7200,1.00363636364
399974,406597,406884,6623,287,2,18000,24.0766550523
399978,399985,401479,7,1494,2,7200,1.0046854083
400022,400029,401576,7,1547,2,7200,1.00452488688
400086,400093,401555,7,1462,2,7200,1.0047879617
400087,400100,401659,13,1559,2,7200,1.00833867864
400089,400105,401723,16,1618,2,7200,1.00988875155
400105,400111,401618,6,1507,2,7200,1.00398142004
400121,400127,401628,6,1501,2,7200,1.00399733511
400219,443177,492907,42958,49730,4,72000,1.86382465313
400257,443182,495751,42925,52569,4,72000,1.81654587304
400266,400273,402010,7,1737,2,7200,1.00402993667
400292,400307,401970,15,1663,2,7200,1.00901984366
400308,400316,401820,8,1504,2,7200,1.00531914894
400324,400331,401758,7,1427,2,7200,1.00490539594
400341,400348,401881,7,1533,2,7200,1.00456621005
400343,400355,401929,12,1574,2,7200,1.00762388818
400344,400360,401999,16,1639,2,7200,1.00976205003
400406,400413,401949,7,1536,2,7200,1.00455729167
400408,400420,401920,12,1500,2,7200,1.008
400430,400436,402060,6,1624,2,7200,1.00369458128
400446,400452,402083,6,1631,2,7200,1.00367872471
400576,400582,402194,6,1612,2,7200,1.00372208437
400639,400646,402155,7,1509,2,7200,1.00463883366
400674,400680,402133,6,1453,2,7200,1.00412938747
400734,400740,402384,6,1644,2,7200,1.00364963504
400750,400756,402309,6,1553,2,7200,1.00386349002
400767,406896,407184,6129,288,2,18000,22.28125
400778,400786,402229,8,1443,2,7200,1.00554400554
400798,400805,402278,7,1473,2,7200,1.00475220638
400929,400937,402395,8,1458,2,7200,1.00548696845
400952,400959,402581,7,1622,2,7200,1.00431565968
401054,401060,402747,6,1687,2,7200,1.00355660937
401076,401083,402760,7,1677,2,7200,1.00417412045
401092,401099,402660,7,1561,2,7200,1.00448430493
401108,401115,402542,7,1427,2,7200,1.00490539594
401150,401157,402693,7,1536,2,7200,1.00455729167
401166,401173,402825,7,1652,2,7200,1.00423728814
401204,401211,402690,7,1479,2,7200,1.00473292765
401297,401303,402876,6,1573,2,7200,1.00381436745
401328,401335,402850,7,1515,2,7200,1.00462046205
401344,401350,402815,6,1465,2,7200,1.00409556314
401405,401413,403075,8,1662,2,7200,1.00481347774
401430,408123,408395,6693,272,2,18000,25.6066176471
401453,401460,403013,7,1553,2,7200,1.00450740502
401482,401488,402951,6,1463,2,7200,1.004101162
401557,401563,403229,6,1666,2,7200,1.00360144058
401583,401589,403094,6,1505,2,7200,1.00398671096
401602,401608,403236,6,1628,2,7200,1.00368550369
401621,401627,403130,6,1503,2,7200,1.00399201597
401639,401645,403233,6,1588,2,7200,1.00377833753
401667,401674,403219,7,1545,2,7200,1.00453074434
401728,401735,403158,7,1423,2,7200,1.00491918482
401763,401769,403527,6,1758,2,7200,1.00341296928
401825,401832,403391,7,1559,2,7200,1.00449005773
401885,401891,403512,6,1621,2,7200,1.00370141888
401924,401930,403518,6,1588,2,7200,1.00377833753
401940,401948,403457,8,1509,2,7200,1.00530152419
401958,401964,403677,6,1713,2,7200,1.00350262697
401976,401982,403613,6,1631,2,7200,1.00367872471
402004,402011,403474,7,1463,2,7200,1.004784689
402022,402029,403576,7,1547,2,7200,1.00452488688
402064,402070,403510,6,1440,2,7200,1.00416666667
402088,402094,403744,6,1650,2,7200,1.00363636364
402138,402144,403651,6,1507,2,7200,1.00398142004
402157,402163,403682,6,1519,2,7200,1.00394996708
402197,402203,403624,6,1421,2,7200,1.00422237861
402232,402239,403823,7,1584,2,7200,1.00441919192
402282,402289,403798,7,1509,2,7200,1.00463883366
402311,402318,403836,7,1518,2,7200,1.0046113307
402387,402395,403927,8,1532,2,7200,1.00522193211
402404,402411,404029,7,1618,2,7200,1.0043263288
402420,408128,408639,5708,511,2,3540,12.1702544031
402546,402553,404107,7,1554,2,7200,1.0045045045
402584,402590,404184,6,1594,2,7200,1.00376411543
402663,402670,404233,7,1563,2,7200,1.00447856686
402692,402699,404237,7,1538,2,7200,1.00455136541
402708,402715,404290,7,1575,2,7200,1.00444444444
402750,402756,404394,6,1638,2,7200,1.00366300366
402766,402772,404387,6,1615,2,7200,1.00371517028
402817,402824,404171,7,1347,2,7200,1.00519673348
402833,402840,404415,7,1575,2,7200,1.00444444444
402853,402859,404419,6,1560,2,7200,1.00384615385
402880,402886,404388,6,1502,2,7200,1.00399467377
402953,402960,404405,7,1445,2,7200,1.00484429066
403016,403022,404598,6,1576,2,7200,1.0038071066
403078,403084,404562,6,1478,2,7200,1.00405953992
403097,403104,404538,7,1434,2,7200,1.00488145049
403132,403139,404827,7,1688,2,7200,1.00414691943
403159,403165,404651,6,1486,2,7200,1.00403768506
403223,403230,404656,7,1426,2,7200,1.0049088359
403239,403246,404825,7,1579,2,7200,1.00443318556
403241,403253,404750,12,1497,2,7200,1.00801603206
403243,403258,404838,15,1580,2,7200,1.00949367089
403394,403400,404901,6,1501,2,7200,1.00399733511
403460,403466,405119,6,1653,2,7200,1.00362976407
403476,403482,405144,6,1662,2,7200,1.0036101083
403515,403522,405070,7,1548,2,7200,1.00452196382
403516,403529,405260,13,1731,2,7200,1.00751010976
403533,403540,405106,7,1566,2,7200,1.00446998723
403535,403547,405112,12,1565,2,7200,1.00766773163
403580,403587,405082,7,1495,2,7200,1.00468227425
403615,403622,405223,7,1601,2,7200,1.00437226733
403631,403637,405299,6,1662,2,7200,1.0036101083
403631,426530,478271,22899,51741,2,180000,1.44256972227
403653,403660,405269,7,1609,2,7200,1.00435052828
403679,403686,405234,7,1548,2,7200,1.00452196382
403695,403702,405224,7,1522,2,7200,1.00459921156
403748,403755,405342,7,1587,2,7200,1.00441083806
403801,403808,405273,7,1465,2,7200,1.004778157
403827,403833,405259,6,1426,2,7200,1.00420757363
403845,403854,405337,9,1483,2,7200,1.0060687795
403916,408929,409391,5013,462,2,18000,11.8506493506
403930,403936,405463,6,1527,2,7200,1.00392927308
404032,404038,405575,6,1537,2,7200,1.00390370852
404112,404119,405612,7,1493,2,7200,1.00468854655
404176,404182,405747,6,1565,2,7200,1.00383386581
404193,404201,405693,8,1492,2,7200,1.00536193029
404236,404242,405905,6,1663,2,7200,1.00360793746
404253,404259,405717,6,1458,2,7200,1.00411522634
404293,404300,405644,7,1344,2,7200,1.00520833333
404389,404395,406123,6,1728,2,7200,1.00347222222
404390,404402,406085,12,1683,2,7200,1.00713012478
404403,404667,430784,264,26117,1,36000,1.01010835854
404407,404413,405801,6,1388,2,7200,1.00432276657
404408,404420,406038,12,1618,2,7200,1.00741656366
404425,404431,405920,6,1489,2,7200,1.00402955003
404426,404438,405985,12,1547,2,7200,1.00775694893
404542,404548,406095,6,1547,2,7200,1.00387847447
404564,404571,406046,7,1475,2,7200,1.00474576271
404602,404609,406109,7,1500,2,7200,1.00466666667
404654,404660,406169,6,1509,2,7200,1.00397614314
404670,404677,406295,7,1618,2,7200,1.0043263288
404753,404761,406388,8,1627,2,7200,1.0049170252
404763,409195,411673,4432,2478,2,7200,2.78853914447
404828,404835,406406,7,1571,2,7200,1.00445576066
404830,404842,406421,12,1579,2,7200,1.00759974668
404846,404853,406475,7,1622,2,7200,1.00431565968
404903,404910,406367,7,1457,2,7200,1.00480439259
405000,409403,410715,4403,1312,2,7200,4.35594512195
405051,443187,450932,38136,7745,4,108000,5.92395093609
405075,405082,406692,7,1610,2,7200,1.00434782609
405091,405097,406524,6,1427,2,7200,1.00420462509
405108,405114,406590,6,1476,2,7200,1.00406504065
405124,405136,406641,12,1505,2,7200,1.00797342193
405125,405143,406570,18,1427,2,7200,1.01261387526
405148,405155,406662,7,1507,2,7200,1.00464499005
405169,414413,489998,9244,75585,1,144000,1.12229939803
405228,405234,406927,6,1693,2,7200,1.00354400473
405229,405241,406793,12,1552,2,7200,1.00773195876
405245,405252,406702,7,1450,2,7200,1.00482758621
405254,418083,418139,12829,56,1,72000,230.089285714
405262,405270,406742,8,1472,2,7200,1.00543478261
405264,405277,406800,13,1523,2,7200,1.00853578464
405281,405291,406855,10,1564,2,7200,1.00639386189
405282,405296,406787,14,1491,2,7200,1.00938967136
405302,405310,406815,8,1505,2,7200,1.00531561462
405340,405348,407095,8,1747,2,7200,1.00457927876
405356,405364,407316,8,1952,2,7200,1.00409836066
405382,409451,410207,4069,756,2,7200,6.38227513228
405467,405474,406916,7,1442,2,7200,1.00485436893
405580,405587,407111,7,1524,2,7200,1.00459317585
405616,405623,407130,7,1507,2,7200,1.00464499005
405648,405656,407114,8,1458,2,7200,1.00548696845
405696,405703,407224,7,1521,2,7200,1.00460223537
405719,405725,407277,6,1552,2,7200,1.00386597938
405750,405758,407325,8,1567,2,7200,1.00510529675
405805,405811,407476,6,1665,2,7200,1.0036036036
405907,405913,407432,6,1519,2,7200,1.00394996708
405926,405934,407518,8,1584,2,7200,1.00505050505
405987,405995,407447,8,1452,2,7200,1.00550964187
406042,406052,407647,10,1595,2,7200,1.00626959248
406058,406064,407694,6,1630,2,7200,1.0036809816
406092,406099,407692,7,1593,2,7200,1.00439422473
406110,406116,407811,6,1695,2,7200,1.00353982301
406112,406123,407599,11,1476,2,7200,1.00745257453
406133,406140,407635,7,1495,2,7200,1.00468227425
406174,406181,407674,7,1493,2,7200,1.00468854655
406301,406309,407883,8,1574,2,7200,1.00508259212
406370,406377,407834,7,1457,2,7200,1.00480439259
406391,406399,408003,8,1604,2,7200,1.00498753117
406409,406416,408009,7,1593,2,7200,1.00439422473
406428,406440,407990,12,1550,2,7200,1.00774193548
406480,406487,407966,7,1479,2,7200,1.00473292765
406529,406536,408003,7,1467,2,7200,1.00477164281
406573,406580,408201,7,1621,2,7200,1.00431832202
406592,406605,408244,13,1639,2,7200,1.00793166565
406644,406650,408001,6,1351,2,7200,1.0044411547
406666,406673,408186,7,1513,2,7200,1.00462656973
406696,406702,408439,6,1737,2,7200,1.00345423143
406698,427700,439582,21002,11882,2,36000,2.76754755092
406712,406719,408232,7,1513,2,7200,1.00462656973
406743,406750,408229,7,1479,2,7200,1.00473292765
406792,406798,408449,6,1651,2,7200,1.00363416111
406809,406816,408315,7,1499,2,7200,1.00466977985
406811,406823,408388,12,1565,2,7200,1.00766773163
406827,406836,408382,9,1546,2,7200,1.00582147477
406853,409464,413707,2611,4243,2,14400,1.61536648598
406859,406865,408339,6,1474,2,7200,1.00407055631
406919,406926,408356,7,1430,2,7200,1.0048951049
406936,406942,408333,6,1391,2,7200,1.00431344357
406979,410728,415452,3749,4724,1,28800,1.79360711262
406980,434260,434552,27280,292,32,3600,94.4246575342
406980,425219,425461,18239,242,8,7200,76.367768595
406980,407128,408020,148,892,1,28800,1.16591928251
406980,407196,408016,216,820,2,28800,1.26341463415
406981,407830,408024,849,194,2,28800,5.37628865979
406981,425227,425454,18246,227,8,7200,81.3788546256
406981,407448,408020,467,572,1,28800,1.81643356643
406981,410733,412883,3752,2150,1,28800,2.74511627907
406981,440009,440352,33028,343,128,3600,97.2915451895
406982,440364,440482,33382,118,128,3600,283.898305085
406982,434273,434390,27291,117,32,3600,234.256410256
406988,408368,415719,1380,7351,1,28800,1.1877295606
406988,411009,438872,4021,27863,1,28800,1.14431324696
406988,434402,435219,27414,817,32,3600,34.5544675643
406988,425467,427237,18479,1770,8,7200,11.4401129944
406988,408037,411826,1049,3789,2,28800,1.2768540512
406989,440493,441659,33504,1166,128,3600,29.7341337907
406989,425473,426518,18484,1045,8,7200,18.6880382775
406989,408462,415382,1473,6920,1,28800,1.21286127168
406989,408042,410559,1053,2517,2,28800,1.41835518474
406989,411154,428486,4165,17332,1,28800,1.24030694669
406990,434568,434963,27578,395,32,3600,70.817721519
406990,441670,441962,34680,292,128,3600,119.767123288
407097,407105,408794,8,1689,2,7200,1.00473653049
407114,407121,408854,7,1733,2,7200,1.00403923832
407125,428319,439190,21194,10871,2,36000,2.94959065403
407131,407138,408763,7,1625,2,7200,1.00430769231
407132,407145,408597,13,1452,2,7200,1.00895316804
407228,407235,408709,7,1474,2,7200,1.00474898236
407280,407286,408809,6,1523,2,7200,1.00393959291
407319,407326,408910,7,1584,2,7200,1.00441919192
407335,407341,408876,6,1535,2,7200,1.00390879479
407434,407441,408920,7,1479,2,7200,1.00473292765
407443,439202,468009,31759,28807,2,43200,2.10247509286
407450,407457,409107,7,1650,2,7200,1.00424242424
407469,429763,443250,22294,13487,2,36000,2.6529991844
407479,407485,409132,6,1647,2,7200,1.00364298725
407521,407528,409087,7,1559,2,7200,1.00449005773
407602,407609,409112,7,1503,2,7200,1.00465735196
407636,407643,409286,7,1643,2,7200,1.00426049909
407652,407660,409275,8,1615,2,7200,1.00495356037
407678,407685,409174,7,1489,2,7200,1.00470114171
407694,407702,409328,8,1626,2,7200,1.0049200492
407696,407709,409264,13,1555,2,7200,1.00836012862
407814,407820,409301,6,1481,2,7200,1.00405131668
407836,407843,409364,7,1521,2,7200,1.00460223537
407849,410571,417044,2722,6473,1,7200,1.42051598949
407884,407892,409409,8,1517,2,7200,1.00527356625
407968,407976,409503,8,1527,2,7200,1.00523903078
407995,408001,409508,6,1507,2,7200,1.00398142004
408011,408018,409615,7,1597,2,7200,1.00438321853
408013,408024,409512,11,1488,2,7200,1.00739247312
408014,408030,409644,16,1614,2,7200,1.00991325898
408021,408047,409546,26,1499,2,7200,1.0173448966
408096,431294,445879,23198,14585,2,36000,2.5905382242
408103,410220,411622,2117,1402,1,28800,2.50998573466
408127,408412,409184,285,772,2,28800,1.36917098446
408144,410225,410996,2081,771,1,28800,3.6990920882
408155,408650,409440,495,790,2,28800,1.62658227848
408189,408195,409740,6,1545,2,7200,1.00388349515
408205,408211,409766,6,1555,2,7200,1.0038585209
408231,408237,410091,6,1854,2,7200,1.00323624595
408248,408254,409738,6,1484,2,7200,1.00404312668
408249,408261,409723,12,1462,2,7200,1.00820793434
408319,408326,409969,7,1643,2,7200,1.00426049909
408335,408341,410055,6,1714,2,7200,1.00350058343
408351,408357,409921,6,1564,2,7200,1.00383631714
408367,408375,410019,8,1644,2,7200,1.00486618005
408383,408394,410026,11,1632,2,7200,1.00674019608
408399,408406,409963,7,1557,2,7200,1.00449582531
408441,408451,410108,10,1657,2,7200,1.00603500302
408457,408468,410094,11,1626,2,7200,1.00676506765
408517,431995,468000,23478,36005,2,36000,1.65207610054
408599,408610,410080,11,1470,2,7200,1.0074829932
408638,410576,410581,1938,5,1,900,194.3
408713,408721,410363,8,1642,2,7200,1.00487210719
408767,408776,410581,9,1805,2,7200,1.00498614958
408798,408806,410345,8,1539,2,7200,1.00519818064
408814,408820,410365,6,1545,2,7200,1.00388349515
408855,408866,410475,11,1609,2,7200,1.00683654444
408878,408888,410409,10,1521,2,7200,1.00657462196
408892,432808,447223,23916,14415,2,36000,2.65910509886
408914,408923,410404,9,1481,2,7200,1.00607697502
408930,408936,410296,6,1360,2,7200,1.00441176471
409090,409099,410608,9,1509,2,7200,1.00596421471
409110,409120,410723,10,1603,2,7200,1.00623830318
409126,409133,411015,7,1882,2,7200,1.0037194474
409142,409148,410749,6,1601,2,7200,1.00374765771
409178,409186,410680,8,1494,2,7200,1.00535475234
409267,409277,410782,10,1505,2,7200,1.00664451827
409283,409290,410872,7,1582,2,7200,1.00442477876
409299,409305,410996,6,1691,2,7200,1.00354819633
409314,409321,410860,7,1539,2,7200,1.00454840806
409330,409341,410694,11,1353,2,7200,1.0081300813
409365,409376,410998,11,1622,2,7200,1.00678175092
409413,409421,411024,8,1603,2,7200,1.00499064255
409506,409515,410970,9,1455,2,7200,1.00618556701
409522,409529,410991,7,1462,2,7200,1.0047879617
409524,409536,411030,12,1494,2,7200,1.00803212851
409550,409557,411059,7,1502,2,7200,1.00466045273
409617,409627,411168,10,1541,2,7200,1.00648929267
409646,409656,411288,10,1632,2,7200,1.00612745098
409726,409735,411187,9,1452,2,7200,1.00619834711
409742,409750,411312,8,1562,2,7200,1.00512163892
409744,409757,411332,13,1575,2,7200,1.00825396825
409769,409779,411296,10,1517,2,7200,1.00659195781
409924,409933,411462,9,1529,2,7200,1.00588620013
409967,409975,411642,8,1667,2,7200,1.00479904019
409983,409990,411677,7,1687,2,7200,1.00414937759
410022,410031,411605,9,1574,2,7200,1.00571791614
410039,410045,411646,6,1601,2,7200,1.00374765771
410060,410066,411581,6,1515,2,7200,1.00396039604
410083,410092,411680,9,1588,2,7200,1.0056675063
410099,410106,411617,7,1511,2,7200,1.00463269358
410100,410113,411496,13,1383,2,7200,1.00939985539
410117,410124,411749,7,1625,2,7200,1.00430769231
410298,410309,411809,11,1500,2,7200,1.00733333333
410346,410357,411839,11,1482,2,7200,1.00742240216
410366,410375,411966,9,1591,2,7200,1.00565681961
410368,410382,412065,14,1683,2,7200,1.00831847891
410409,410415,411945,6,1530,2,7200,1.00392156863
410426,410432,412034,6,1602,2,7200,1.00374531835
410478,410487,412029,9,1542,2,7200,1.00583657588
410582,410592,412192,10,1600,2,7200,1.00625
410610,410620,412187,10,1567,2,7200,1.00638162093
410683,410692,412272,9,1580,2,7200,1.00569620253
410699,410705,412216,6,1511,2,7200,1.00397088021
410726,410740,412280,14,1540,2,7200,1.00909090909
410753,410762,412211,9,1449,2,7200,1.00621118012
410783,410794,412238,11,1444,2,7200,1.00761772853
410863,410872,412472,9,1600,2,7200,1.005625
410879,410887,412225,8,1338,2,7200,1.00597907324
410974,410983,412592,9,1609,2,7200,1.00559353636
410993,411002,412522,9,1520,2,7200,1.00592105263
411010,411016,412516,6,1500,2,7200,1.004
411012,411022,412652,10,1630,2,7200,1.00613496933
411028,411034,412616,6,1582,2,7200,1.00379266751
411030,411041,412534,11,1493,2,7200,1.00736771601
411046,411053,412529,7,1476,2,7200,1.00474254743
411063,411071,412574,8,1503,2,7200,1.00532268796
411170,411180,412726,10,1546,2,7200,1.0064683053
411189,411199,412715,10,1516,2,7200,1.00659630607
411291,411299,412866,8,1567,2,7200,1.00510529675
411308,411314,412873,6,1559,2,7200,1.00384862091
411324,411330,412688,6,1358,2,7200,1.00441826215
411340,411347,412963,7,1616,2,7200,1.00433168317
411464,411474,413072,10,1598,2,7200,1.00625782228
411499,411508,413084,9,1576,2,7200,1.0057106599
411585,411592,413130,7,1538,2,7200,1.00455136541
411607,411617,413191,10,1574,2,7200,1.00635324015
411623,411630,413042,7,1412,2,7200,1.00495750708
411646,411652,413238,6,1586,2,7200,1.00378310214
411648,411659,413197,11,1538,2,7200,1.00715214564
411680,411687,413176,7,1489,2,7200,1.00470114171
411682,411692,413280,10,1588,2,7200,1.00629722922
411752,411759,413213,7,1454,2,7200,1.00481430536
411812,411819,413467,7,1648,2,7200,1.00424757282
411841,411847,413312,6,1465,2,7200,1.00409556314
411949,411956,413419,7,1463,2,7200,1.004784689
411968,411974,413459,6,1485,2,7200,1.00404040404
412031,412037,413604,6,1567,2,7200,1.00382897256
412046,412053,413548,7,1495,2,7200,1.00468227425
412065,418151,435352,6086,17201,1,36000,1.35381663857
412069,412076,413676,7,1600,2,7200,1.004375
412190,412197,413664,7,1467,2,7200,1.00477164281
412207,412213,413785,6,1572,2,7200,1.00381679389
412223,412230,413839,7,1609,2,7200,1.00435052828
412225,412236,413716,11,1480,2,7200,1.00743243243
412241,412248,413706,7,1458,2,7200,1.00480109739
412243,412255,413896,12,1641,2,7200,1.00731261426
412275,412281,413746,6,1465,2,7200,1.00409556314
412290,412296,413839,6,1543,2,7200,1.00388852884
412475,412481,414010,6,1529,2,7200,1.00392413342
412520,412526,413988,6,1462,2,7200,1.00410396717
412536,412542,414065,6,1523,2,7200,1.00393959291
412537,412548,414021,11,1473,2,7200,1.00746775289
412539,412554,413945,15,1391,2,7200,1.01078360891
412578,412584,414062,6,1478,2,7200,1.00405953992
412594,412601,414221,7,1620,2,7200,1.00432098765
412620,412627,414249,7,1622,2,7200,1.00431565968
412655,412662,414195,7,1533,2,7200,1.00456621005
412690,412696,414371,6,1675,2,7200,1.00358208955
412718,412724,414225,6,1501,2,7200,1.00399733511
412734,412740,414219,6,1479,2,7200,1.00405679513
412868,412875,414365,7,1490,2,7200,1.00469798658
412884,412890,414588,6,1698,2,7200,1.0035335689
412967,412973,414520,6,1547,2,7200,1.00387847447
413045,413053,414526,8,1473,2,7200,1.00543109301
413074,413080,414606,6,1526,2,7200,1.00393184797
413090,413097,414672,7,1575,2,7200,1.00444444444
413132,413138,414726,6,1588,2,7200,1.00377833753
413179,413186,414742,7,1556,2,7200,1.00449871465
413195,413202,414960,7,1758,2,7200,1.0039817975
413211,413218,414718,7,1500,2,7200,1.00466666667
413227,413233,414760,6,1527,2,7200,1.00392927308
413243,413249,414827,6,1578,2,7200,1.00380228137
413284,413291,414804,7,1513,2,7200,1.00462656973
413313,413320,414890,7,1570,2,7200,1.00445859873
413421,413428,414898,7,1470,2,7200,1.00476190476
413462,413468,415132,6,1664,2,7200,1.00360576923
413478,413484,415106,6,1622,2,7200,1.00369913687
413550,413557,415192,7,1635,2,7200,1.00428134557
413608,413614,415163,6,1549,2,7200,1.00387346675
413666,413673,415187,7,1514,2,7200,1.00462351387
413682,413690,415219,8,1529,2,7200,1.00523217789
413708,413715,415134,7,1419,2,7200,1.00493305144
413724,413730,415289,6,1559,2,7200,1.00384862091
413749,413757,415307,8,1550,2,7200,1.00516129032
413788,413795,415449,7,1654,2,7200,1.00423216445
413841,413847,415320,6,1473,2,7200,1.00407331976
413843,413854,415326,11,1472,2,7200,1.00747282609
413900,413907,415604,7,1697,2,7200,1.00412492634
413948,413955,415410,7,1455,2,7200,1.00481099656
413993,414000,415446,7,1446,2,7200,1.00484094053
414012,414018,415471,6,1453,2,7200,1.00412938747
414028,414035,415467,7,1432,2,7200,1.00488826816
414063,414070,415754,7,1684,2,7200,1.0041567696
414080,414087,415580,7,1493,2,7200,1.00468854655
414198,414205,415805,7,1600,2,7200,1.004375
414221,414227,415878,6,1651,2,7200,1.00363416111
414237,414244,415884,7,1640,2,7200,1.00426829268
414238,414251,415814,13,1563,2,7200,1.00831733845
414255,414263,415822,8,1559,2,7200,1.00513149455
414367,414375,415908,8,1533,2,7200,1.00521852577
414383,414390,415891,7,1501,2,7200,1.00466355763
414524,414531,416146,7,1615,2,7200,1.00433436533
414540,414547,416061,7,1514,2,7200,1.00462351387
414591,414598,416247,7,1649,2,7200,1.00424499697
414610,414618,416089,8,1471,2,7200,1.00543847723
414674,414680,416091,6,1411,2,7200,1.00425230333
414721,414727,416209,6,1482,2,7200,1.004048583
414737,414745,416356,8,1611,2,7200,1.00496585971
414754,414761,416292,7,1531,2,7200,1.00457217505
414769,414776,416332,7,1556,2,7200,1.00449871465
414807,414814,416425,7,1611,2,7200,1.00434512725
414830,414837,416439,7,1602,2,7200,1.00436953808
414894,414901,416468,7,1567,2,7200,1.00446713465
414909,414916,416444,7,1528,2,7200,1.00458115183
414964,414971,416425,7,1454,2,7200,1.00481430536
415102,415108,416524,6,1416,2,7200,1.00423728814
415134,415141,416583,7,1442,2,7200,1.00485436893
415136,415148,416689,12,1541,2,7200,1.0077871512
415165,415173,416849,8,1676,2,7200,1.00477326969
415189,415196,416637,7,1441,2,7200,1.00485773768
415205,415212,416811,7,1599,2,7200,1.00437773609
415222,415229,416808,7,1579,2,7200,1.00443318556
415292,415298,416755,6,1457,2,7200,1.00411805079
415308,415314,416957,6,1643,2,7200,1.00365185636
415324,415332,416863,8,1531,2,7200,1.00522534291
415340,415347,416930,7,1583,2,7200,1.00442198358
415414,415421,417108,7,1687,2,7200,1.00414937759
415450,415457,416998,7,1541,2,7200,1.00454250487
415452,415464,416882,12,1418,2,7200,1.00846262341
415471,415477,417010,6,1533,2,7200,1.00391389432
415473,415484,417156,11,1672,2,7200,1.00657894737
415584,415591,416989,7,1398,2,7200,1.00500715308
415607,415614,417024,7,1410,2,7200,1.00496453901
415647,419655,419658,4008,3,4,600,401.1
415757,415763,417349,6,1586,2,7200,1.00378310214
415807,415813,417316,6,1503,2,7200,1.00399201597
415824,415830,417316,6,1486,2,7200,1.00403768506
415825,415838,417497,13,1659,2,7200,1.00783604581
415880,415887,417488,7,1601,2,7200,1.00437226733
415896,415902,417548,6,1646,2,7200,1.00364520049
415898,415908,417490,10,1582,2,7200,1.00632111252
415914,415921,417525,7,1604,2,7200,1.00436408978
416064,416071,417495,7,1424,2,7200,1.00491573034
416093,416100,417691,7,1591,2,7200,1.00439974859
416095,416107,417790,12,1683,2,7200,1.00713012478
416144,416151,417762,7,1611,2,7200,1.00434512725
416213,416219,417822,6,1603,2,7200,1.00374298191
416248,416255,417895,7,1640,2,7200,1.00426829268
416295,416301,417925,6,1624,2,7200,1.00369458128
416334,416341,417944,7,1603,2,7200,1.00436681223
416360,416366,417974,6,1608,2,7200,1.00373134328
416428,416434,417883,6,1449,2,7200,1.00414078675
416429,416441,418149,12,1708,2,7200,1.00702576112
416446,416453,417946,7,1493,2,7200,1.00468854655
416447,416460,417790,13,1330,2,7200,1.00977443609
416470,416476,418067,6,1591,2,7200,1.00377121307
416529,416536,418222,7,1686,2,7200,1.00415183867
416586,416592,418097,6,1505,2,7200,1.00398671096
416638,416645,418183,7,1538,2,7200,1.00455136541
416694,416701,418281,7,1580,2,7200,1.00443037975
416757,416764,418321,7,1557,2,7200,1.00449582531
416812,416819,418392,7,1573,2,7200,1.00445009536
416814,416826,418482,12,1656,2,7200,1.00724637681
416852,416858,418421,6,1563,2,7200,1.00383877159
416868,416874,418409,6,1535,2,7200,1.00390879479
416884,416890,418366,6,1476,2,7200,1.00406504065
416933,416940,418392,7,1452,2,7200,1.00482093664
416959,416966,418478,7,1512,2,7200,1.00462962963
416991,416997,418637,6,1640,2,7200,1.00365853659
417008,417015,418530,7,1515,2,7200,1.00462046205
417024,417031,418550,7,1519,2,7200,1.00460829493
417026,417038,418493,12,1455,2,7200,1.00824742268
417113,417120,418698,7,1578,2,7200,1.00443599493
417157,417165,418699,8,1534,2,7200,1.00521512386
417318,417325,418769,7,1444,2,7200,1.00484764543
417320,417332,419000,12,1668,2,7200,1.0071942446
417353,417359,419030,6,1671,2,7200,1.00359066427
417388,419619,432044,2231,12425,1,36000,1.17955734406
417489,417496,419002,7,1506,2,7200,1.00464807437
417506,417512,418970,6,1458,2,7200,1.00411522634
417508,417518,419056,10,1538,2,7200,1.00650195059
417509,417523,419093,14,1570,2,7200,1.00891719745
417529,417536,419056,7,1520,2,7200,1.00460526316
417552,417559,419201,7,1642,2,7200,1.00426309379
417695,417702,419260,7,1558,2,7200,1.00449293967
417765,417773,419301,8,1528,2,7200,1.00523560209
417794,417800,419342,6,1542,2,7200,1.00389105058
417796,417812,419391,16,1579,2,7200,1.01013299557
417825,417832,419395,7,1563,2,7200,1.00447856686
417886,417892,419601,6,1709,2,7200,1.00351082504
417902,417909,419520,7,1611,2,7200,1.00434512725
417928,417934,419375,6,1441,2,7200,1.00416377516
417947,417953,419487,6,1534,2,7200,1.00391134289
417949,417960,419573,11,1613,2,7200,1.00681959082
417978,417986,419464,8,1478,2,7200,1.00541271989
418069,418076,419544,7,1468,2,7200,1.00476839237
418101,418109,419549,8,1440,2,7200,1.00555555556
418153,418160,419633,7,1473,2,7200,1.00475220638
418188,418195,419875,7,1680,2,7200,1.00416666667
418224,418231,419762,7,1531,2,7200,1.00457217505
418285,418292,419820,7,1528,2,7200,1.00458115183
418323,418331,420029,8,1698,2,7200,1.00471142521
418367,418373,419935,6,1562,2,7200,1.00384122919
418396,418402,419914,6,1512,2,7200,1.00396825397
418398,418409,419974,11,1565,2,7200,1.00702875399
418409,418653,418654,244,1,2,3540,24.5
418415,418421,419963,6,1542,2,7200,1.00389105058
418430,418436,419982,6,1546,2,7200,1.00388098318
418480,418487,420138,7,1651,2,7200,1.00423985463
418497,418503,420100,6,1597,2,7200,1.00375704446
418498,418510,420138,12,1628,2,7200,1.00737100737
418534,418540,420122,6,1582,2,7200,1.00379266751
418553,418559,420125,6,1566,2,7200,1.00383141762
418640,418646,420385,6,1739,2,7200,1.00345025877
418699,418705,420148,6,1443,2,7200,1.00415800416
418701,418712,420289,11,1577,2,7200,1.0069752695
418777,418783,420281,6,1498,2,7200,1.00400534045
418972,418979,420536,7,1557,2,7200,1.00449582531
418981,439799,619850,20818,180051,2,180000,1.11562279576
419003,419009,420596,6,1587,2,7200,1.00378071834
419019,419025,420492,6,1467,2,7200,1.00408997955
419035,419041,420607,6,1566,2,7200,1.00383141762
419059,419066,420613,7,1547,2,7200,1.00452488688
419060,419073,420488,13,1415,2,7200,1.00918727915
419095,419103,420903,8,1800,2,7200,1.00444444444
419202,419209,420717,7,1508,2,7200,1.00464190981
419265,419271,420730,6,1459,2,7200,1.00411240576
419303,419309,420943,6,1634,2,7200,1.00367197062
419345,419352,420830,7,1478,2,7200,1.00473612991
419378,419384,421115,6,1731,2,7200,1.00346620451
419394,419401,420853,7,1452,2,7200,1.00482093664
419412,419418,421049,6,1631,2,7200,1.00367872471
419467,419474,421101,7,1627,2,7200,1.00430239705
419490,419497,421104,7,1607,2,7200,1.00435594275
419522,419528,421257,6,1729,2,7200,1.003470214
419546,419552,421120,6,1568,2,7200,1.00382653061
419561,419568,421132,7,1564,2,7200,1.00447570332
419578,419584,421301,6,1717,2,7200,1.00349446709
419605,419612,421169,7,1557,2,7200,1.00449582531
419635,419641,421166,6,1525,2,7200,1.00393442623
419765,419771,421333,6,1562,2,7200,1.00384122919
419824,419830,421514,6,1684,2,7200,1.00356294537
419878,419886,421568,8,1682,2,7200,1.00475624257
419917,419923,421465,6,1542,2,7200,1.00389105058
419939,419946,421617,7,1671,2,7200,1.00418910832
419966,419972,421482,6,1510,2,7200,1.00397350993
419982,419989,421461,7,1472,2,7200,1.00475543478
419983,419996,421540,13,1544,2,7200,1.00841968912
420033,420039,421643,6,1604,2,7200,1.00374064838
420103,420109,421507,6,1398,2,7200,1.00429184549
420126,420132,421643,6,1511,2,7200,1.00397088021
420128,420139,421598,11,1459,2,7200,1.00753941056
420144,420157,421776,13,1619,2,7200,1.00802964793
420146,420164,421695,18,1531,2,7200,1.01175702155
420162,420171,421650,9,1479,2,7200,1.0060851927
420285,420291,421823,6,1532,2,7200,1.00391644909
420301,420308,421941,7,1633,2,7200,1.0042865891
420388,420395,421879,7,1484,2,7200,1.00471698113
420490,420497,422308,7,1811,2,7200,1.00386526781
420505,420512,422152,7,1640,2,7200,1.00426829268
420538,420545,422004,7,1459,2,7200,1.00479780672
420597,420604,422084,7,1480,2,7200,1.00472972973
420614,420620,422291,6,1671,2,7200,1.00359066427
420615,420627,422129,12,1502,2,7200,1.00798934754
420727,420734,422170,7,1436,2,7200,1.00487465181
420743,420750,422268,7,1518,2,7200,1.0046113307
420834,420840,422410,6,1570,2,7200,1.00382165605
420856,420863,422352,7,1489,2,7200,1.00470114171
420905,420911,422524,6,1613,2,7200,1.00371977681
420946,420953,422543,7,1590,2,7200,1.00440251572
421052,421060,422707,8,1647,2,7200,1.00485731633
421103,421109,422820,6,1711,2,7200,1.00350672122
421120,421126,422762,6,1636,2,7200,1.00366748166
421121,421133,422499,12,1366,2,7200,1.00878477306
421138,421145,422640,7,1495,2,7200,1.00468227425
421139,421152,422660,13,1508,2,7200,1.00862068966
421168,421174,422794,6,1620,2,7200,1.0037037037
421187,421194,422682,7,1488,2,7200,1.00470430108
421261,421267,422950,6,1683,2,7200,1.00356506239
421305,421312,422869,7,1557,2,7200,1.00449582531
421338,421344,422855,6,1511,2,7200,1.00397088021
421464,421470,423129,6,1659,2,7200,1.00361663653
421480,421486,423097,6,1611,2,7200,1.00372439479
421496,421503,423265,7,1762,2,7200,1.00397275823
421512,421518,422976,6,1458,2,7200,1.00411522634
421527,421534,423053,7,1519,2,7200,1.00460829493
421544,421551,423210,7,1659,2,7200,1.00421940928
421573,421580,423032,7,1452,2,7200,1.00482093664
421602,421609,423080,7,1471,2,7200,1.00475866757
421621,421627,423217,6,1590,2,7200,1.00377358491
421644,421651,423193,7,1542,2,7200,1.00453955901
421646,421658,423352,12,1694,2,7200,1.00708382527
421662,421668,423384,6,1716,2,7200,1.0034965035
421697,421704,423225,7,1521,2,7200,1.00460223537
421777,421783,423453,6,1670,2,7200,1.00359281437
421825,421832,423516,7,1684,2,7200,1.0041567696
421884,421891,423563,7,1672,2,7200,1.00418660287
421943,421949,423568,6,1619,2,7200,1.00370599135
422007,422013,423552,6,1539,2,7200,1.00389863548
422086,422093,423541,7,1448,2,7200,1.00483425414
422133,422140,423687,7,1547,2,7200,1.00452488688
422154,422160,423593,6,1433,2,7200,1.00418702024
422173,422179,423582,6,1403,2,7200,1.00427655025
422272,422278,423781,6,1503,2,7200,1.00399201597
422294,422300,423931,6,1631,2,7200,1.00367872471
422310,422318,423946,8,1628,2,7200,1.00491400491
422355,422362,423989,7,1627,2,7200,1.00430239705
422412,422418,423943,6,1525,2,7200,1.00393442623
422502,422508,424009,6,1501,2,7200,1.00399733511
422525,422532,424078,7,1546,2,7200,1.00452781371
422545,422552,424065,7,1513,2,7200,1.00462656973
422642,422648,424122,6,1474,2,7200,1.00407055631
422661,422667,424293,6,1626,2,7200,1.0036900369
422684,422691,424175,7,1484,2,7200,1.00471698113
422710,422717,424216,7,1499,2,7200,1.00466977985
422765,422771,424189,6,1418,2,7200,1.00423131171
422798,422804,424350,6,1546,2,7200,1.00388098318
422825,422831,424321,6,1490,2,7200,1.00402684564
422857,422864,424508,7,1644,2,7200,1.00425790754
422873,422880,424463,7,1583,2,7200,1.00442198358
422951,422958,424688,7,1730,2,7200,1.00404624277
422980,422987,424553,7,1566,2,7200,1.00446998723
423035,423041,424653,6,1612,2,7200,1.00372208437
423057,423064,424473,7,1409,2,7200,1.00496806246
423083,423090,424531,7,1441,2,7200,1.00485773768
423099,423106,424554,7,1448,2,7200,1.00483425414
423132,423138,424532,6,1394,2,7200,1.00430416069
423195,423201,424657,6,1456,2,7200,1.00412087912
423214,423220,424759,6,1539,2,7200,1.00389863548
423230,423237,424898,7,1661,2,7200,1.00421432872
423232,423244,424790,12,1546,2,7200,1.00776196636
423265,423271,424814,6,1543,2,7200,1.00388852884
423355,423362,424985,7,1623,2,7200,1.00431300062
423387,423394,424965,7,1571,2,7200,1.00445576066
423456,423464,425553,8,2089,2,7200,1.00382958353
423518,423524,425184,6,1660,2,7200,1.00361445783
423544,423551,425178,7,1627,2,7200,1.00430239705
423560,423566,425089,6,1523,2,7200,1.00393959291
423576,423582,425022,6,1440,2,7200,1.00416666667
423577,423589,424991,12,1402,2,7200,1.00855920114
423594,423601,425161,7,1560,2,7200,1.00448717949
423595,423608,425066,13,1458,2,7200,1.00891632373
423692,423699,425321,7,1622,2,7200,1.00431565968
423783,423789,425327,6,1538,2,7200,1.00390117035
423933,423940,425607,7,1667,2,7200,1.00419916017
423949,423955,425486,6,1531,2,7200,1.00391900718
423951,423962,425574,11,1612,2,7200,1.00682382134
423992,423998,425581,6,1583,2,7200,1.00379027164
424012,424018,425602,6,1584,2,7200,1.00378787879
424067,424073,425561,6,1488,2,7200,1.00403225806
424083,424089,425691,6,1602,2,7200,1.00374531835
424124,424131,425985,7,1854,2,7200,1.00377562028
424178,424185,425709,7,1524,2,7200,1.00459317585
424194,424201,425627,7,1426,2,7200,1.0049088359
424219,424226,425752,7,1526,2,7200,1.00458715596
424296,424303,425803,7,1500,2,7200,1.00466666667
424325,424331,425911,6,1580,2,7200,1.00379746835
424352,424360,425863,8,1503,2,7200,1.00532268796
424466,424473,426073,7,1600,2,7200,1.004375
424482,424488,426164,6,1676,2,7200,1.00357995227
424511,424517,426189,6,1672,2,7200,1.00358851675
424534,424541,426101,7,1560,2,7200,1.00448717949
424535,424548,426034,13,1486,2,7200,1.00874831763
424555,424561,426423,6,1862,2,7200,1.00322234157
424557,424568,426191,11,1623,2,7200,1.0067775724
424655,424663,426245,8,1582,2,7200,1.00505689001
424671,424678,426240,7,1562,2,7200,1.00448143406
424691,424698,426242,7,1544,2,7200,1.00453367876
424762,424769,426481,7,1712,2,7200,1.00408878505
424792,424799,426455,7,1656,2,7200,1.00422705314
424818,424825,426301,7,1476,2,7200,1.00474254743
424901,424908,426534,7,1626,2,7200,1.00430504305
424968,424975,426584,7,1609,2,7200,1.00435052828
424987,424995,426644,8,1649,2,7200,1.00485142511
425003,425010,426653,7,1643,2,7200,1.00426049909
425025,425031,426693,6,1662,2,7200,1.0036101083
425069,425076,426639,7,1563,2,7200,1.00447856686
425092,425098,426712,6,1614,2,7200,1.00371747212
425163,425169,426803,6,1634,2,7200,1.00367197062
425180,425187,426672,7,1485,2,7200,1.00471380471
425195,425201,426854,6,1653,2,7200,1.00362976407
425325,425332,427022,7,1690,2,7200,1.00414201183
425341,425347,426833,6,1486,2,7200,1.00403768506
425488,425495,427039,7,1544,2,7200,1.00453367876
425557,425563,427046,6,1483,2,7200,1.004045853
425573,425580,427106,7,1526,2,7200,1.00458715596
425589,425596,427188,7,1592,2,7200,1.00439698492
425590,425602,427098,12,1496,2,7200,1.00802139037
425606,425614,427285,8,1671,2,7200,1.00478755236
425623,425630,427155,7,1525,2,7200,1.00459016393
425639,425646,427236,7,1590,2,7200,1.00440251572
425694,425700,427376,6,1676,2,7200,1.00357995227
425713,425721,427403,8,1682,2,7200,1.00475624257
425754,425761,427345,7,1584,2,7200,1.00441919192
425804,425812,427239,8,1427,2,7200,1.00560616678
425865,425871,427472,6,1601,2,7200,1.00374765771
425913,425919,427509,6,1590,2,7200,1.00377358491
425986,425993,427616,7,1623,2,7200,1.00431300062
426036,426044,427691,8,1647,2,7200,1.00485731633
426075,426082,427633,7,1551,2,7200,1.00451321728
426103,426110,427645,7,1535,2,7200,1.00456026059
426185,426192,427663,7,1471,2,7200,1.00475866757
426202,426209,429334,7,3125,2,7200,1.00224
426203,426216,427964,13,1748,2,7200,1.00743707094
426242,426250,427866,8,1616,2,7200,1.00495049505
426244,426257,427876,13,1619,2,7200,1.00802964793
426260,426267,427693,7,1426,2,7200,1.0049088359
426305,426311,427912,6,1601,2,7200,1.00374765771
426425,426431,427903,6,1472,2,7200,1.00407608696
426459,426466,427971,7,1505,2,7200,1.00465116279
426486,426492,428160,6,1668,2,7200,1.0035971223
426536,426544,428026,8,1482,2,7200,1.00539811066
426585,426592,428095,7,1503,2,7200,1.00465735196
426641,426647,428225,6,1578,2,7200,1.00380228137
426657,426663,428345,6,1682,2,7200,1.00356718193
426659,426670,428166,11,1496,2,7200,1.00735294118
426674,426682,428251,8,1569,2,7200,1.00509878904
426694,426700,428226,6,1526,2,7200,1.00393184797
426721,426728,428261,7,1533,2,7200,1.00456621005
426807,426814,428383,7,1569,2,7200,1.00446144041
426836,426843,428456,7,1613,2,7200,1.00433973962
426858,426865,428242,7,1377,2,7200,1.00508351489
427024,427030,428719,6,1689,2,7200,1.00355239787
427041,427047,428706,6,1659,2,7200,1.00361663653
427057,427064,428673,7,1609,2,7200,1.00435052828
427101,427107,428685,6,1578,2,7200,1.00380228137
427117,427123,428941,6,1818,2,7200,1.00330033003
427158,427165,428626,7,1461,2,7200,1.00479123888
427190,427196,428715,6,1519,2,7200,1.00394996708
427241,427248,428988,7,1740,2,7200,1.00402298851
427243,427255,428867,12,1612,2,7200,1.00744416873
427288,427296,428932,8,1636,2,7200,1.00488997555
427348,427354,428890,6,1536,2,7200,1.00390625
427377,427384,429085,7,1701,2,7200,1.00411522634
427406,427413,428915,7,1502,2,7200,1.00466045273
427476,427481,429067,5,1586,2,7200,1.00315258512
427512,427518,429193,6,1675,2,7200,1.00358208955
427619,427626,429107,7,1481,2,7200,1.00472653612
427635,427643,429215,8,1572,2,7200,1.00508905852
427652,427658,429206,6,1548,2,7200,1.00387596899
427668,427675,429239,7,1564,2,7200,1.00447570332
427694,427707,429269,13,1562,2,7200,1.00832266325
427695,427712,429307,17,1595,2,7200,1.01065830721
427867,427874,429427,7,1553,2,7200,1.00450740502
427883,427891,429464,8,1573,2,7200,1.00508582327
427906,427912,429547,6,1635,2,7200,1.00366972477
427922,427929,429384,7,1455,2,7200,1.00481099656
427967,427974,429554,7,1580,2,7200,1.00443037975
427982,427990,429521,8,1531,2,7200,1.00522534291
428031,428038,429591,7,1553,2,7200,1.00450740502
428099,428106,429767,7,1661,2,7200,1.00421432872
428162,428169,429805,7,1636,2,7200,1.00427872861
428178,428185,429711,7,1526,2,7200,1.00458715596
428229,428235,429925,6,1690,2,7200,1.00355029586
428231,428242,429747,11,1505,2,7200,1.0073089701
428247,428253,429751,6,1498,2,7200,1.00400534045
428263,428270,429968,7,1698,2,7200,1.00412249706
428265,428277,429864,12,1587,2,7200,1.00756143667
428346,428354,429827,8,1473,2,7200,1.00543109301
428385,428391,429789,6,1398,2,7200,1.00429184549
428458,428465,429802,7,1337,2,7200,1.00523560209
428629,428635,430458,6,1823,2,7200,1.00329127811
428676,428683,430414,7,1731,2,7200,1.00404390526
428692,428698,430138,6,1440,2,7200,1.00416666667
428708,428716,430446,8,1730,2,7200,1.00462427746
428724,428731,430413,7,1682,2,7200,1.00416171225
428726,428737,430322,11,1585,2,7200,1.00694006309
428870,428876,430413,6,1537,2,7200,1.00390370852
428892,428899,430445,7,1546,2,7200,1.00452781371
428919,428926,430369,7,1443,2,7200,1.00485100485
428935,428941,430561,6,1620,2,7200,1.0037037037
428952,428959,430669,7,1710,2,7200,1.00409356725
428990,428996,430460,6,1464,2,7200,1.00409836066
429068,429074,430586,6,1512,2,7200,1.00396825397
429088,429094,430543,6,1449,2,7200,1.00414078675
429110,429117,430685,7,1568,2,7200,1.00446428571
429195,429201,430585,6,1384,2,7200,1.00433526012
429211,429217,430723,6,1506,2,7200,1.00398406375
429227,429233,430893,6,1660,2,7200,1.00361445783
429243,429250,431023,7,1773,2,7200,1.00394811055
429271,429278,430776,7,1498,2,7200,1.0046728972
429309,429316,430855,7,1539,2,7200,1.00454840806
429335,429342,431063,7,1721,2,7200,1.00406740267
429389,429396,430993,7,1597,2,7200,1.00438321853
429431,429437,430837,6,1400,2,7200,1.00428571429
429466,429472,431224,6,1752,2,7200,1.00342465753
429522,429529,430989,7,1460,2,7200,1.00479452055
429551,429557,431014,6,1457,2,7200,1.00411805079
429567,429573,431202,6,1629,2,7200,1.00368324125
429593,429599,431174,6,1575,2,7200,1.00380952381
429714,429720,431225,6,1505,2,7200,1.00398671096
429750,429756,431577,6,1821,2,7200,1.00329489292
429766,429772,431268,6,1496,2,7200,1.00401069519
429782,429788,431282,6,1494,2,7200,1.00401606426
429799,429805,431316,6,1511,2,7200,1.00397088021
429815,429822,431256,7,1434,2,7200,1.00488145049
429817,429829,431417,12,1588,2,7200,1.00755667506
429833,429839,431345,6,1506,2,7200,1.00398406375
429868,429875,431304,7,1429,2,7200,1.00489853044
429927,429934,431490,7,1556,2,7200,1.00449871465
429972,429978,431422,6,1444,2,7200,1.00415512465
430142,430148,431735,6,1587,2,7200,1.00378071834
430324,430330,431865,6,1535,2,7200,1.00390879479
430372,430378,432411,6,2033,2,7200,1.00295130349
430416,430423,432026,7,1603,2,7200,1.00436681223
430418,430430,432050,12,1620,2,7200,1.00740740741
430419,430435,432044,16,1609,2,7200,1.00994406464
430442,430449,431935,7,1486,2,7200,1.00471063257
430458,430465,431959,7,1494,2,7200,1.0046854083
430460,430472,432079,12,1607,2,7200,1.00746733043
430461,430477,432198,16,1721,2,7200,1.0092969204
430544,430551,432089,7,1538,2,7200,1.00455136541
430563,430570,432051,7,1481,2,7200,1.00472653612
430589,430596,432276,7,1680,2,7200,1.00416666667
430591,430603,432220,12,1617,2,7200,1.00742115028
430670,430676,432147,6,1471,2,7200,1.00407885792
430690,430697,432283,7,1586,2,7200,1.00441361917
430726,430733,432183,7,1450,2,7200,1.00482758621
430780,430787,432357,7,1570,2,7200,1.00445859873
430839,430845,432411,6,1566,2,7200,1.00383141762
430858,430866,432310,8,1444,2,7200,1.0055401662
430894,430900,432377,6,1477,2,7200,1.00406228842
430994,431001,432559,7,1558,2,7200,1.00449293967
430996,431007,432609,11,1602,2,7200,1.00686641698
431018,431025,432679,7,1654,2,7200,1.00423216445
431034,431040,432534,6,1494,2,7200,1.00401606426
431066,431073,432581,7,1508,2,7200,1.00464190981
431177,431185,432769,8,1584,2,7200,1.00505050505
431204,431210,432840,6,1630,2,7200,1.0036809816
431230,431236,432838,6,1602,2,7200,1.00374531835
431231,431242,432790,11,1548,2,7200,1.00710594315
431260,431267,432885,7,1618,2,7200,1.0043263288
431276,431283,432826,7,1543,2,7200,1.00453661698
431292,431301,432884,9,1583,2,7200,1.00568540745
431308,431315,432874,7,1559,2,7200,1.00449005773
431324,431331,432948,7,1617,2,7200,1.00432900433
431346,431353,432832,7,1479,2,7200,1.00473292765
431422,431429,432940,7,1511,2,7200,1.00463269358
431423,431436,433080,13,1644,2,7200,1.00790754258
431493,431499,433063,6,1564,2,7200,1.00383631714
431582,431588,433160,6,1572,2,7200,1.00381679389
431736,431743,433417,7,1674,2,7200,1.00418160096
431866,431873,433401,7,1528,2,7200,1.00458115183
431936,431943,433536,7,1593,2,7200,1.00439422473
431962,431968,433604,6,1636,2,7200,1.00366748166
432028,432035,433557,7,1522,2,7200,1.00459921156
432048,432054,433560,6,1506,2,7200,1.00398406375
432064,432070,433534,6,1464,2,7200,1.00409836066
432065,432076,433523,11,1447,2,7200,1.00760193504
432081,432088,433678,7,1590,2,7200,1.00440251572
432097,432104,433757,7,1653,2,7200,1.00423472474
432148,432155,433657,7,1502,2,7200,1.00466045273
432186,432193,433882,7,1689,2,7200,1.00414446418
432202,432208,433770,6,1562,2,7200,1.00384122919
432221,432227,433812,6,1585,2,7200,1.00378548896
432278,432284,433832,6,1548,2,7200,1.00387596899
432294,432300,433805,6,1505,2,7200,1.00398671096
432313,432319,433831,6,1512,2,7200,1.00396825397
432360,432366,434045,6,1679,2,7200,1.00357355569
432379,432385,433870,6,1485,2,7200,1.00404040404
432414,432420,433959,6,1539,2,7200,1.00389863548
432416,432427,433955,11,1528,2,7200,1.00719895288
432537,432544,434148,7,1604,2,7200,1.00436408978
432562,432569,434090,7,1521,2,7200,1.00460223537
432585,432592,434200,7,1608,2,7200,1.00435323383
432610,432616,434247,6,1631,2,7200,1.00367872471
432682,432688,434283,6,1595,2,7200,1.00376175549
432772,432780,434314,8,1534,2,7200,1.00521512386
432794,432801,434362,7,1561,2,7200,1.00448430493
432829,432835,434469,6,1634,2,7200,1.00367197062
432845,432852,434511,7,1659,2,7200,1.00421940928
432847,432858,434351,11,1493,2,7200,1.00736771601
432848,432863,434346,15,1483,2,7200,1.0101146325
432878,432884,434363,6,1479,2,7200,1.00405679513
432894,432901,434393,7,1492,2,7200,1.00469168901
432895,432908,434535,13,1627,2,7200,1.00799016595
432943,432950,434545,7,1595,2,7200,1.00438871473
432959,432966,434579,7,1613,2,7200,1.00433973962
433067,433073,434559,6,1486,2,7200,1.00403768506
433083,433089,434585,6,1496,2,7200,1.00401069519
433162,433168,434865,6,1697,2,7200,1.00353565115
433406,433413,434888,7,1475,2,7200,1.00474576271
433422,433428,435027,6,1599,2,7200,1.00375234522
433521,433528,435036,7,1508,2,7200,1.00464190981
433538,433545,435007,7,1462,2,7200,1.0047879617
433540,433552,435103,12,1551,2,7200,1.00773694391
433559,433565,435115,6,1550,2,7200,1.00387096774
433575,433581,435431,6,1850,2,7200,1.00324324324
433607,433613,435066,6,1453,2,7200,1.00412938747
433660,433666,435107,6,1441,2,7200,1.00416377516
433680,433686,435273,6,1587,2,7200,1.00378071834
433761,433767,435249,6,1482,2,7200,1.004048583
433777,433783,435368,6,1585,2,7200,1.00378548896
433809,433816,435380,7,1564,2,7200,1.00447570332
433826,433833,435457,7,1624,2,7200,1.00431034483
433842,433849,435421,7,1572,2,7200,1.00445292621
433843,433855,435304,12,1449,2,7200,1.0082815735
433872,433879,435349,7,1470,2,7200,1.00476190476
433888,433894,435312,6,1418,2,7200,1.00423131171
433957,433963,435461,6,1498,2,7200,1.00400534045
433973,433979,435613,6,1634,2,7200,1.00367197062
434049,434056,435673,7,1617,2,7200,1.00432900433
434091,434101,435750,10,1649,2,7200,1.00606428138
434152,434161,435641,9,1480,2,7200,1.00608108108
434202,434211,435721,9,1510,2,7200,1.0059602649
434249,434265,435721,16,1456,2,7200,1.01098901099
434284,434294,435888,10,1594,2,7200,1.00627352572
434316,434325,435858,9,1533,2,7200,1.00587084149
434348,434357,435966,9,1609,2,7200,1.00559353636
434364,434371,436008,7,1637,2,7200,1.00427611484
434366,434378,436022,12,1644,2,7200,1.00729927007
434367,434383,435956,16,1573,2,7200,1.01017164654
434396,434409,435895,13,1486,2,7200,1.00874831763
434471,434480,435989,9,1509,2,7200,1.00596421471
434515,434523,435986,8,1463,2,7200,1.00546821599
434538,434547,435981,9,1434,2,7200,1.00627615063
434554,434561,436200,7,1639,2,7200,1.00427089689
434570,434576,436353,6,1777,2,7200,1.00337647721
434586,434592,436205,6,1613,2,7200,1.00371977681
434587,434598,436196,11,1598,2,7200,1.00688360451
434868,434877,436325,9,1448,2,7200,1.00621546961
434890,434899,436373,9,1474,2,7200,1.00610583446
435009,435019,436413,10,1394,2,7200,1.00717360115
435028,435039,436535,11,1496,2,7200,1.00735294118
435044,435052,436582,8,1530,2,7200,1.00522875817
435067,435078,436695,11,1617,2,7200,1.00680272109
435105,435114,436650,9,1536,2,7200,1.005859375
435121,435127,436785,6,1658,2,7200,1.00361881785
435123,435134,436651,11,1517,2,7200,1.00725115359
435251,435260,436908,9,1648,2,7200,1.00546116505
435277,435284,436771,7,1487,2,7200,1.00470746469
435305,435315,436855,10,1540,2,7200,1.00649350649
435321,435327,436910,6,1583,2,7200,1.00379027164
435352,435360,436909,8,1549,2,7200,1.00516462234
435369,435375,436929,6,1554,2,7200,1.00386100386
435384,435391,436935,7,1544,2,7200,1.00453367876
435425,435431,436942,6,1511,2,7200,1.00397088021
435441,435447,437058,6,1611,2,7200,1.00372439479
435460,435466,436854,6,1388,2,7200,1.00432276657
435476,435482,437019,6,1537,2,7200,1.00390370852
435616,435623,437087,7,1464,2,7200,1.00478142077
435645,435651,437175,6,1524,2,7200,1.00393700787
435677,435683,437225,6,1542,2,7200,1.00389105058
435722,435728,437270,6,1542,2,7200,1.00389105058
435724,435735,437191,11,1456,2,7200,1.00755494505
435753,435759,437203,6,1444,2,7200,1.00415512465
435860,435866,437353,6,1487,2,7200,1.00403496974
435889,435896,437507,7,1611,2,7200,1.00434512725
435905,435912,437389,7,1477,2,7200,1.00473933649
435959,435966,437500,7,1534,2,7200,1.00456323338
435975,435981,437416,6,1435,2,7200,1.00418118467
435991,435997,437514,6,1517,2,7200,1.00395517469
435993,436003,437525,10,1522,2,7200,1.00657030223
435994,436009,437575,15,1566,2,7200,1.00957854406
436013,436019,437629,6,1610,2,7200,1.00372670807
436029,436035,437372,6,1337,2,7200,1.00448765894
436198,436204,437591,6,1387,2,7200,1.0043258832
436214,436220,437854,6,1634,2,7200,1.00367197062
436216,436226,437747,10,1521,2,7200,1.00657462196
436326,436332,437765,6,1433,2,7200,1.00418702024
436355,436361,437968,6,1607,2,7200,1.00373366521
436375,436382,438053,7,1671,2,7200,1.00418910832
436416,436422,437972,6,1550,2,7200,1.00387096774
436536,436542,438121,6,1579,2,7200,1.00379987334
436584,436590,438185,6,1595,2,7200,1.00376175549
436655,436661,438145,6,1484,2,7200,1.00404312668
436656,436668,438221,12,1553,2,7200,1.00772698004
436698,436704,438363,6,1659,2,7200,1.00361663653
436774,436780,438472,6,1692,2,7200,1.00354609929
436790,436796,438450,6,1654,2,7200,1.00362756953
436857,436863,438447,6,1584,2,7200,1.00378787879
436859,436871,438267,12,1396,2,7200,1.00859598854
436913,436919,438364,6,1445,2,7200,1.00415224913
436915,436927,438397,12,1470,2,7200,1.00816326531
436916,436932,438439,16,1507,2,7200,1.01061712011
436932,436939,438547,7,1608,2,7200,1.00435323383
436949,436955,438489,6,1534,2,7200,1.00391134289
436950,436961,438475,11,1514,2,7200,1.0072655218
437021,437027,438593,6,1566,2,7200,1.00383141762
437061,437068,438599,7,1531,2,7200,1.00457217505
437090,437096,438533,6,1437,2,7200,1.00417536534
437176,437182,438978,6,1796,2,7200,1.00334075724
437192,437199,438761,7,1562,2,7200,1.00448143406
437208,437214,438596,6,1382,2,7200,1.00434153401
437228,437234,438872,6,1638,2,7200,1.00366300366
437273,437279,438812,6,1533,2,7200,1.00391389432
437355,437361,439026,6,1665,2,7200,1.0036036036
437374,437380,438877,6,1497,2,7200,1.00400801603
437390,437397,439009,7,1612,2,7200,1.00434243176
437421,437427,438920,6,1493,2,7200,1.00401875419
437504,437510,438947,6,1437,2,7200,1.00417536534
437521,437527,438978,6,1451,2,7200,1.00413507926
437522,437533,438925,11,1392,2,7200,1.00790229885
437538,437544,439343,6,1799,2,7200,1.00333518621
437577,437583,439038,6,1455,2,7200,1.00412371134
437593,437600,439141,7,1541,2,7200,1.00454250487
437632,437638,439107,6,1469,2,7200,1.00408441116
437749,437755,439318,6,1563,2,7200,1.00383877159
437768,437774,439210,6,1436,2,7200,1.00417827298
437857,437863,439472,6,1609,2,7200,1.00372902424
437972,437979,439383,7,1404,2,7200,1.00498575499
437974,437986,439602,12,1616,2,7200,1.00742574257
438057,438063,439735,6,1672,2,7200,1.00358851675
438122,438128,439655,6,1527,2,7200,1.00392927308
438145,438151,439635,6,1484,2,7200,1.00404312668
438188,438195,439739,7,1544,2,7200,1.00453367876
438224,438231,439758,7,1527,2,7200,1.00458415193
438269,438276,439781,7,1505,2,7200,1.00465116279
438366,438373,439934,7,1561,2,7200,1.00448430493
438368,438381,439993,13,1612,2,7200,1.00806451613
438400,438406,440016,6,1610,2,7200,1.00372670807
438441,438447,440053,6,1606,2,7200,1.00373599004
438457,438464,439939,7,1475,2,7200,1.00474576271
438459,438470,439996,11,1526,2,7200,1.00720838794
438475,438481,440199,6,1718,2,7200,1.00349243306
438491,438498,440011,7,1513,2,7200,1.00462656973
438493,438505,440079,12,1574,2,7200,1.00762388818
438535,438541,440076,6,1535,2,7200,1.00390879479
438551,438557,440150,6,1593,2,7200,1.00376647834
438595,438602,440086,7,1484,2,7200,1.00471698113
438611,438618,440200,7,1582,2,7200,1.00442477876
438613,438625,440089,12,1464,2,7200,1.00819672131
438765,438771,440340,6,1569,2,7200,1.00382409178
438816,438822,440485,6,1663,2,7200,1.00360793746
438876,438882,440341,6,1459,2,7200,1.00411240576
438892,438898,440399,6,1501,2,7200,1.00399733511
438924,438930,440496,6,1566,2,7200,1.00383141762
438940,438946,440435,6,1489,2,7200,1.00402955003
438955,438962,440469,7,1507,2,7200,1.00464499005
438981,438988,440437,7,1449,2,7200,1.00483091787
438983,438995,440474,12,1479,2,7200,1.00811359026
439012,439018,440637,6,1619,2,7200,1.00370599135
439028,439034,440709,6,1675,2,7200,1.00358208955
439044,439050,440599,6,1549,2,7200,1.00387346675
439110,439115,440581,5,1466,2,7200,1.0034106412
439145,439151,440600,6,1449,2,7200,1.00414078675
439212,439218,440696,6,1478,2,7200,1.00405953992
439322,439329,440970,7,1641,2,7200,1.00426569165
439344,439351,440912,7,1561,2,7200,1.00448430493
439386,439392,440966,6,1574,2,7200,1.00381194409
439473,439479,440944,6,1465,2,7200,1.00409556314
439604,439610,441258,6,1648,2,7200,1.0036407767
439638,439646,441141,8,1495,2,7200,1.00535117057
439657,439663,441201,6,1538,2,7200,1.00390117035
439738,439744,441329,6,1585,2,7200,1.00378548896
439754,439760,441443,6,1683,2,7200,1.00356506239
439769,439776,441345,7,1569,2,7200,1.00446144041
439785,439792,441327,7,1535,2,7200,1.00456026059
439936,439942,441476,6,1534,2,7200,1.00391134289
439952,439958,441440,6,1482,2,7200,1.004048583
439997,440003,441693,6,1690,2,7200,1.00355029586
439998,440015,441595,17,1580,2,7200,1.01075949367
440014,440021,441517,7,1496,2,7200,1.00467914439
440030,440036,441490,6,1454,2,7200,1.00412654746
440056,440062,441518,6,1456,2,7200,1.00412087912
440079,440085,441606,6,1521,2,7200,1.00394477318
440095,440102,441709,7,1607,2,7200,1.00435594275
440096,440108,441701,12,1593,2,7200,1.00753295669
440098,440114,441798,16,1684,2,7200,1.00950118765
440152,440158,441585,6,1427,2,7200,1.00420462509
440203,440209,442766,6,2557,2,7200,1.0023464998
440205,440216,441823,11,1607,2,7200,1.00684505289
440248,440416,440418,168,2,2,3540,17.0
440344,440350,441909,6,1559,2,7200,1.00384862091
440345,440357,441876,12,1519,2,7200,1.00789993417
440402,440409,441944,7,1535,2,7200,1.00456026059
440437,440444,442048,7,1604,2,7200,1.00436408978
440439,440451,441770,12,1319,2,7200,1.00909780136
440471,440477,442090,6,1613,2,7200,1.00371977681
440487,440499,442022,12,1523,2,7200,1.00787918582
440489,440505,442081,16,1576,2,7200,1.01015228426
440505,440512,442064,7,1552,2,7200,1.00451030928
440583,440589,442220,6,1631,2,7200,1.00367872471
440602,440608,441959,6,1351,2,7200,1.0044411547
440604,440615,442252,11,1637,2,7200,1.00671960904
440639,440646,442131,7,1485,2,7200,1.00471380471
440699,440705,442256,6,1551,2,7200,1.00386847195
440715,440721,442338,6,1617,2,7200,1.00371057514
440915,440921,442486,6,1565,2,7200,1.00383386581
440947,440953,442489,6,1536,2,7200,1.00390625
440970,440977,442552,7,1575,2,7200,1.00444444444
440971,440984,442571,13,1587,2,7200,1.0081915564
441143,441150,442736,7,1586,2,7200,1.00441361917
441203,441210,442746,7,1536,2,7200,1.00455729167
441260,441266,442864,6,1598,2,7200,1.00375469337
441330,441336,442867,6,1531,2,7200,1.00391900718
441332,441343,442916,11,1573,2,7200,1.00699300699
441348,441354,442889,6,1535,2,7200,1.00390879479
441443,441449,442861,6,1412,2,7200,1.00424929178
441445,441456,442764,11,1308,2,7200,1.00840978593
441480,441486,443075,6,1589,2,7200,1.00377595972
441496,441503,443048,7,1545,2,7200,1.00453074434
441519,441525,443064,6,1539,2,7200,1.00389863548
441520,441532,443068,12,1536,2,7200,1.0078125
441588,441594,443072,6,1478,2,7200,1.00405953992
441604,441610,443086,6,1476,2,7200,1.00406504065
441619,441626,443108,7,1482,2,7200,1.00472334683
441695,441701,443211,6,1510,2,7200,1.00397350993
441712,441719,443263,7,1544,2,7200,1.00453367876
441713,441725,443235,12,1510,2,7200,1.00794701987
441774,441780,443368,6,1588,2,7200,1.00377833753
441800,441807,443352,7,1545,2,7200,1.00453074434
441825,441832,443302,7,1470,2,7200,1.00476190476
441879,441886,443459,7,1573,2,7200,1.00445009536
441911,441917,443423,6,1506,2,7200,1.00398406375
441946,441953,443425,7,1472,2,7200,1.00475543478
441962,441968,443528,6,1560,2,7200,1.00384615385
442026,442033,443602,7,1569,2,7200,1.00446144041
442050,442056,443506,6,1450,2,7200,1.00413793103
442066,442073,443604,7,1531,2,7200,1.00457217505
442083,442089,443611,6,1522,2,7200,1.00394218134
442099,442105,443745,6,1640,2,7200,1.00365853659
442134,442140,443530,6,1390,2,7200,1.00431654676
442223,442229,443899,6,1670,2,7200,1.00359281437
442255,442261,443701,6,1440,2,7200,1.00416666667
442271,442277,443913,6,1636,2,7200,1.00366748166
442343,442350,443813,7,1463,2,7200,1.004784689
442490,442497,443984,7,1487,2,7200,1.00470746469
442492,442504,444052,12,1548,2,7200,1.00775193798
442554,442561,444053,7,1492,2,7200,1.00469168901
442573,442580,444246,7,1666,2,7200,1.00420168067
442738,442745,444240,7,1495,2,7200,1.00468227425
442754,442760,444423,6,1663,2,7200,1.00360793746
442771,442777,444517,6,1740,2,7200,1.00344827586
442772,442783,444222,11,1439,2,7200,1.00764419736
442865,442871,444409,6,1538,2,7200,1.00390117035
442867,442878,444355,11,1477,2,7200,1.00744752877
442883,442890,444366,7,1476,2,7200,1.00474254743
442899,442906,444439,7,1533,2,7200,1.00456621005
442918,442924,444580,6,1656,2,7200,1.00362318841
442986,443193,443386,207,193,8,86400,2.0725388601
443050,443056,444615,6,1559,2,7200,1.00384862091
443066,443073,444579,7,1506,2,7200,1.00464807437
443083,443089,444653,6,1564,2,7200,1.00383631714
443084,443097,444589,13,1492,2,7200,1.00871313673
443086,443102,444540,16,1438,2,7200,1.01112656467
443102,443108,444655,6,1547,2,7200,1.00387847447
443118,443124,444565,6,1441,2,7200,1.00416377516
443214,443220,444695,6,1475,2,7200,1.00406779661
443233,443239,445009,6,1770,2,7200,1.00338983051
443265,443271,444869,6,1598,2,7200,1.00375469337
443306,443312,444807,6,1495,2,7200,1.00401337793
443353,443360,445036,7,1676,2,7200,1.00417661098
443370,443376,444905,6,1529,2,7200,1.00392413342
443425,443431,445062,6,1631,2,7200,1.00367872471
443426,443437,445309,11,1872,2,7200,1.00587606838
443461,443468,445039,7,1571,2,7200,1.00445576066
443510,443516,444865,6,1349,2,7200,1.00444773907
443529,443535,445117,6,1582,2,7200,1.00379266751
443545,443551,445236,6,1685,2,7200,1.00356083086
443605,443611,445229,6,1618,2,7200,1.00370828183
443607,443617,445176,10,1559,2,7200,1.00641436818
443623,443629,445191,6,1562,2,7200,1.00384122919
443705,443711,445388,6,1677,2,7200,1.00357781753
443747,443753,445216,6,1463,2,7200,1.004101162
443817,443823,445312,6,1489,2,7200,1.00402955003
443902,443908,445487,6,1579,2,7200,1.00379987334
443918,443925,445577,7,1652,2,7200,1.00423728814
443987,443993,445567,6,1574,2,7200,1.00381194409
444057,444063,445668,6,1605,2,7200,1.00373831776
444058,444069,445620,11,1551,2,7200,1.00709219858
444225,444231,445708,6,1477,2,7200,1.00406228842
444241,444248,445784,7,1536,2,7200,1.00455729167
444259,444265,445711,6,1446,2,7200,1.00414937759
444358,444364,445764,6,1400,2,7200,1.00428571429
444374,444380,445939,6,1559,2,7200,1.00384862091
444411,444418,446059,7,1641,2,7200,1.00426569165
444427,444433,446039,6,1606,2,7200,1.00373599004
444443,444449,446023,6,1574,2,7200,1.00381194409
444519,444525,445950,6,1425,2,7200,1.00421052632
444541,444548,446225,7,1677,2,7200,1.00417412045
444567,444573,446180,6,1607,2,7200,1.00373366521
444583,444589,446080,6,1491,2,7200,1.00402414487
444585,444595,446149,10,1554,2,7200,1.00643500644
444600,444606,446182,6,1576,2,7200,1.0038071066
444617,444623,446085,6,1462,2,7200,1.00410396717
444655,444661,446327,6,1666,2,7200,1.00360144058
444671,444678,446313,7,1635,2,7200,1.00428134557
444697,444704,446191,7,1487,2,7200,1.00470746469
444811,444817,446447,6,1630,2,7200,1.0036809816
444868,444874,446511,6,1637,2,7200,1.0036652413
444884,444890,446375,6,1485,2,7200,1.00404040404
444906,444912,446470,6,1558,2,7200,1.00385109114
445012,445018,446544,6,1526,2,7200,1.00393184797
445038,445044,446570,6,1526,2,7200,1.00393184797
445054,445060,446549,6,1489,2,7200,1.00402955003
445070,445076,446656,6,1580,2,7200,1.00379746835
445121,445127,446486,6,1359,2,7200,1.00441501104
445178,445184,446723,6,1539,2,7200,1.00389863548
445194,445200,446848,6,1648,2,7200,1.0036407767
445217,445223,446795,6,1572,2,7200,1.00381679389
445233,445239,446903,6,1664,2,7200,1.00360576923
445249,445255,446843,6,1588,2,7200,1.00377833753
445311,445318,446808,7,1490,2,7200,1.00469798658
445328,445334,446897,6,1563,2,7200,1.00383877159
445389,445396,446987,7,1591,2,7200,1.00439974859
445489,445495,447057,6,1562,2,7200,1.00384122919
445568,445574,447146,6,1572,2,7200,1.00381679389
445584,445591,447059,7,1468,2,7200,1.00476839237
445623,445629,447116,6,1487,2,7200,1.00403496974
445670,445677,447163,7,1486,2,7200,1.00471063257
445709,445715,447211,6,1496,2,7200,1.00401069519
445725,445731,447186,6,1455,2,7200,1.00412371134
445766,445773,447410,7,1637,2,7200,1.00427611484
445786,445792,447372,6,1580,2,7200,1.00379746835
445941,445947,447496,6,1549,2,7200,1.00387346675
445957,445963,447454,6,1491,2,7200,1.00402414487
446027,446033,447538,6,1505,2,7200,1.00398671096
446043,446049,447596,6,1547,2,7200,1.00387847447
446062,446068,447557,6,1489,2,7200,1.00402955003
446084,446090,447588,6,1498,2,7200,1.00400534045
446100,446106,447691,6,1585,2,7200,1.00378548896
446151,446157,447581,6,1424,2,7200,1.00421348315
446183,446190,447596,7,1406,2,7200,1.00497866287
446185,446196,448323,11,2127,2,7200,1.0051716032
446201,446208,447732,7,1524,2,7200,1.00459317585
446227,446233,447757,6,1524,2,7200,1.00393700787
446315,446321,447890,6,1569,2,7200,1.00382409178
446331,446337,447932,6,1595,2,7200,1.00376175549
446378,446384,447979,6,1595,2,7200,1.00376175549
446452,446458,448181,6,1723,2,7200,1.00348229832
446474,446480,448019,6,1539,2,7200,1.00389863548
446491,446497,447881,6,1384,2,7200,1.00433526012
446513,446519,448060,6,1541,2,7200,1.0038935756
446551,446557,448108,6,1551,2,7200,1.00386847195
446553,446563,448134,10,1571,2,7200,1.00636537237
446572,446578,448381,6,1803,2,7200,1.00332778702
446658,446664,448102,6,1438,2,7200,1.00417246175
446725,446731,448302,6,1571,2,7200,1.00381922342
446797,446803,448317,6,1514,2,7200,1.00396301189
446813,446819,448475,6,1656,2,7200,1.00362318841
446845,446851,448344,6,1493,2,7200,1.00401875419
446861,446867,448696,6,1829,2,7200,1.00328048114
446900,446906,448431,6,1525,2,7200,1.00393442623
446915,446922,448467,7,1545,2,7200,1.00453074434
446989,446995,448483,6,1488,2,7200,1.00403225806
447059,447065,448715,6,1650,2,7200,1.00363636364
447060,447071,448662,11,1591,2,7200,1.00691389063
447118,447124,448750,6,1626,2,7200,1.0036900369
447148,447154,448685,6,1531,2,7200,1.00391900718
447164,447170,448714,6,1544,2,7200,1.00388601036
447190,447197,448652,7,1455,2,7200,1.00481099656
447215,447221,448785,6,1564,2,7200,1.00383631714
447376,447382,448928,6,1546,2,7200,1.00388098318
447414,447420,449011,6,1591,2,7200,1.00377121307
447457,447464,448949,7,1485,2,7200,1.00471380471
447498,447504,449139,6,1635,2,7200,1.00366972477
447541,447547,449052,6,1505,2,7200,1.00398671096
447561,447567,449112,6,1545,2,7200,1.00388349515
447584,447590,449067,6,1477,2,7200,1.00406228842
447601,447607,449243,6,1636,2,7200,1.00366748166
447602,447613,449139,11,1526,2,7200,1.00720838794
447604,447619,449055,15,1436,2,7200,1.01044568245
447695,447701,449213,6,1512,2,7200,1.00396825397
447735,447741,449179,6,1438,2,7200,1.00417246175
447761,447767,449317,6,1550,2,7200,1.00387096774
447885,447891,449392,6,1501,2,7200,1.00399733511
447901,447908,449535,7,1627,2,7200,1.00430239705
447934,447941,449501,7,1560,2,7200,1.00448717949
447981,447987,449569,6,1582,2,7200,1.00379266751
448021,448027,449518,6,1491,2,7200,1.00402414487
448061,448067,449646,6,1579,2,7200,1.00379987334
448104,448110,449569,6,1459,2,7200,1.00411240576
448120,448126,449620,6,1494,2,7200,1.00401606426
448138,448144,449495,6,1351,2,7200,1.0044411547
448185,448191,449803,6,1612,2,7200,1.00372208437
448305,448311,449736,6,1425,2,7200,1.00421052632
448321,448327,449943,6,1616,2,7200,1.00371287129
448338,448344,449858,6,1514,2,7200,1.00396301189
448355,448361,449835,6,1474,2,7200,1.00407055631
448386,448392,449895,6,1503,2,7200,1.00399201597
448434,448440,449887,6,1447,2,7200,1.00414651002
448469,448475,450021,6,1546,2,7200,1.00388098318
448485,448492,450183,7,1691,2,7200,1.00413956239
448487,448498,450084,11,1586,2,7200,1.00693568726
448655,448662,450258,7,1596,2,7200,1.00438596491
448672,448678,450303,6,1625,2,7200,1.00369230769
448688,448694,450298,6,1604,2,7200,1.00374064838
448704,448710,450242,6,1532,2,7200,1.00391644909
448721,448727,450257,6,1530,2,7200,1.00392156863
448722,448733,450196,11,1463,2,7200,1.00751879699
448752,448758,450302,6,1544,2,7200,1.00388601036
448789,448795,450440,6,1645,2,7200,1.00364741641
448931,448937,450665,6,1728,2,7200,1.00347222222
448953,448960,450655,7,1695,2,7200,1.00412979351
449014,449020,450401,6,1381,2,7200,1.00434467777
449053,449059,450710,6,1651,2,7200,1.00363416111
449069,449076,450707,7,1631,2,7200,1.00429184549
449071,449082,450679,11,1597,2,7200,1.00688791484
449116,449122,450696,6,1574,2,7200,1.00381194409
449142,449148,450752,6,1604,2,7200,1.00374064838
449144,449154,450775,10,1621,2,7200,1.00616903146
449182,449188,450633,6,1445,2,7200,1.00415224913
449218,449224,450848,6,1624,2,7200,1.00369458128
449244,449250,450671,6,1421,2,7200,1.00422237861
449321,449328,450835,7,1507,2,7200,1.00464499005
449393,449400,450926,7,1526,2,7200,1.00458715596
449498,449504,450971,6,1467,2,7200,1.00408997955
449514,449521,451115,7,1594,2,7200,1.00439146801
449531,449537,451144,6,1607,2,7200,1.00373366521
449547,449553,451029,6,1476,2,7200,1.00406504065
449572,449578,450941,6,1363,2,7200,1.00440205429
449574,449584,451308,10,1724,2,7200,1.00580046404
449625,449631,451181,6,1550,2,7200,1.00387096774
449648,449654,451191,6,1537,2,7200,1.00390370852
449738,449744,451223,6,1479,2,7200,1.00405679513
449805,449810,451321,5,1511,2,7200,1.00330906684
449837,449843,451405,6,1562,2,7200,1.00384122919
449860,449866,451417,6,1551,2,7200,1.00386847195
449889,449895,451592,6,1697,2,7200,1.00353565115
449905,449911,451390,6,1479,2,7200,1.00405679513
449947,449953,451837,6,1884,2,7200,1.00318471338
450024,450030,451658,6,1628,2,7200,1.00368550369
450086,450092,451814,6,1722,2,7200,1.00348432056
450185,450191,451658,6,1467,2,7200,1.00408997955
450201,450207,451656,6,1449,2,7200,1.00414078675
450244,450250,451823,6,1573,2,7200,1.00381436745
450261,450267,451757,6,1490,2,7200,1.00402684564
450262,450273,451833,11,1560,2,7200,1.00705128205
450301,450307,451757,6,1450,2,7200,1.00413793103
450317,450323,451867,6,1544,2,7200,1.00388601036
450318,450329,451893,11,1564,2,7200,1.00703324808
450403,450409,451906,6,1497,2,7200,1.00400801603
450442,450448,451920,6,1472,2,7200,1.00407608696
450634,450641,452151,7,1510,2,7200,1.00463576159
450657,450663,452204,6,1541,2,7200,1.0038935756
450674,450680,452260,6,1580,2,7200,1.00379746835
450676,450686,452238,10,1552,2,7200,1.00644329897
450692,450698,452278,6,1580,2,7200,1.00379746835
450710,450716,452262,6,1546,2,7200,1.00388098318
450711,450722,452061,11,1339,2,7200,1.00821508588
450727,450733,452377,6,1644,2,7200,1.00364963504
450753,450759,452305,6,1546,2,7200,1.00388098318
450779,450785,452305,6,1520,2,7200,1.00394736842
450837,450843,452530,6,1687,2,7200,1.00355660937
450853,450859,452535,6,1676,2,7200,1.00357995227
450928,450934,452609,6,1675,2,7200,1.00358208955
450944,450951,452621,7,1670,2,7200,1.00419161677
450973,450979,452541,6,1562,2,7200,1.00384122919
451030,451036,452730,6,1694,2,7200,1.00354191263
451119,451125,452743,6,1618,2,7200,1.00370828183
451148,451154,452671,6,1517,2,7200,1.00395517469
451183,451189,452839,6,1650,2,7200,1.00363636364
451199,451205,452753,6,1548,2,7200,1.00387596899
451225,451231,452647,6,1416,2,7200,1.00423728814
451311,451317,452909,6,1592,2,7200,1.00376884422
451327,451333,452985,6,1652,2,7200,1.00363196126
451394,451400,452905,6,1505,2,7200,1.00398671096
451411,451417,452820,6,1403,2,7200,1.00427655025
451428,451434,453026,6,1592,2,7200,1.00376884422
451594,451601,453091,7,1490,2,7200,1.00469798658
451659,451666,453465,7,1799,2,7200,1.00389105058
451661,451672,453215,11,1543,2,7200,1.00712896954
451663,451678,453231,15,1553,2,7200,1.00965872505
451760,451766,453179,6,1413,2,7200,1.0042462845
451762,451772,453437,10,1665,2,7200,1.00600600601
451817,451823,453230,6,1407,2,7200,1.00426439232
451833,451840,453250,7,1410,2,7200,1.00496453901
451835,451846,453406,11,1560,2,7200,1.00705128205
451851,451858,453399,7,1541,2,7200,1.00454250487
451871,451877,453321,6,1444,2,7200,1.00415512465
451894,451900,453512,6,1612,2,7200,1.00372208437
451910,451917,453358,7,1441,2,7200,1.00485773768
451927,451933,453345,6,1412,2,7200,1.00424929178
452065,452071,453542,6,1471,2,7200,1.00407885792
452155,452161,453654,6,1493,2,7200,1.00401875419
452206,452213,453852,7,1639,2,7200,1.00427089689
452242,452248,453650,6,1402,2,7200,1.00427960057
452265,452271,453839,6,1568,2,7200,1.00382653061
452266,452277,453925,11,1648,2,7200,1.00667475728
452283,452289,453846,6,1557,2,7200,1.00385356455
452309,452315,453903,6,1588,2,7200,1.00377833753
452310,452321,453782,11,1461,2,7200,1.00752908966
452380,452386,454064,6,1678,2,7200,1.00357568534
452532,452538,453999,6,1461,2,7200,1.00410677618
452548,452555,454077,7,1522,2,7200,1.00459921156
452550,452561,454133,11,1572,2,7200,1.00699745547
452611,452617,454175,6,1558,2,7200,1.00385109114
452627,452632,454272,5,1640,2,7200,1.00304878049
452650,452656,454278,6,1622,2,7200,1.00369913687
452673,452679,454216,6,1537,2,7200,1.00390370852
452733,452739,454212,6,1473,2,7200,1.00407331976
452749,452756,454294,7,1538,2,7200,1.00455136541
452766,452773,454418,7,1645,2,7200,1.00425531915
452822,452829,454313,7,1484,2,7200,1.00471698113
452842,452849,454521,7,1672,2,7200,1.00418660287
452908,452914,454595,6,1681,2,7200,1.00356930399
452923,452930,454368,7,1438,2,7200,1.00486787204
452987,452993,454582,6,1589,2,7200,1.00377595972
453029,453036,454706,7,1670,2,7200,1.00419161677
453094,453101,454661,7,1560,2,7200,1.00448717949
453182,453188,454663,6,1475,2,7200,1.00406779661
453218,453224,454838,6,1614,2,7200,1.00371747212
453235,453241,454872,6,1631,2,7200,1.00367872471
453236,453247,454930,11,1683,2,7200,1.00653594771
453253,453259,454825,6,1566,2,7200,1.00383141762
453324,453331,454956,7,1625,2,7200,1.00430769231
453344,453350,454853,6,1503,2,7200,1.00399201597
453360,453366,454985,6,1619,2,7200,1.00370599135
453402,453408,455029,6,1621,2,7200,1.00370141888
453417,453424,455062,7,1638,2,7200,1.00427350427
453440,453446,454929,6,1483,2,7200,1.004045853
453466,453472,454997,6,1525,2,7200,1.00393442623
453514,453521,455038,7,1517,2,7200,1.00461437047
453543,453549,455090,6,1541,2,7200,1.0038935756
453651,453657,455298,6,1641,2,7200,1.00365630713
453667,453673,455221,6,1548,2,7200,1.00387596899
453784,453790,455249,6,1459,2,7200,1.00411240576
453843,453849,455445,6,1596,2,7200,1.0037593985
453844,453855,455381,11,1526,2,7200,1.00720838794
453861,453867,455262,6,1395,2,7200,1.00430107527
453906,453912,455291,6,1379,2,7200,1.00435097897
453928,453935,455482,7,1547,2,7200,1.00452488688
454000,454006,455508,6,1502,2,7200,1.00399467377
454068,454074,455575,6,1501,2,7200,1.00399733511
454085,454091,455490,6,1399,2,7200,1.0042887777
454135,454141,455835,6,1694,2,7200,1.00354191263
454177,454183,455691,6,1508,2,7200,1.00397877984
454216,454222,455854,6,1632,2,7200,1.00367647059
454232,454238,455752,6,1514,2,7200,1.00396301189
454275,454281,455934,6,1653,2,7200,1.00362976407
454291,454297,455779,6,1482,2,7200,1.004048583
454307,454314,455983,7,1669,2,7200,1.00419412822
454323,454330,455907,7,1577,2,7200,1.00443880786
454369,454375,455941,6,1566,2,7200,1.00383141762
454421,454427,456062,6,1635,2,7200,1.00366972477
454523,454529,455896,6,1367,2,7200,1.00438917337
454585,454591,456185,6,1594,2,7200,1.00376411543
454601,454607,456248,6,1641,2,7200,1.00365630713
454662,454669,456142,7,1473,2,7200,1.00475220638
454664,454675,456195,11,1520,2,7200,1.00723684211
454710,454716,456397,6,1681,2,7200,1.00356930399
454827,454833,456304,6,1471,2,7200,1.00407885792
454842,454848,456378,6,1530,2,7200,1.00392156863
454858,454864,456323,6,1459,2,7200,1.00411240576
454874,454881,456419,7,1538,2,7200,1.00455136541
454933,454939,456399,6,1460,2,7200,1.00410958904
454935,454945,456484,10,1539,2,7200,1.0064977258
454960,454967,456575,7,1608,2,7200,1.00435323383
454989,454995,456545,6,1550,2,7200,1.00387096774
455005,455011,456552,6,1541,2,7200,1.0038935756
455031,455038,456561,7,1523,2,7200,1.00459619173
455047,455054,456878,7,1824,2,7200,1.0038377193
455063,455070,456656,7,1586,2,7200,1.00441361917
455092,455099,456714,7,1615,2,7200,1.00433436533
455223,455229,457148,6,1919,2,7200,1.00312662845
455253,455259,456983,6,1724,2,7200,1.00348027842
455269,455275,456889,6,1614,2,7200,1.00371747212
455293,455300,456964,7,1664,2,7200,1.00420673077
455309,455315,457043,6,1728,2,7200,1.00347222222
455384,455390,456824,6,1434,2,7200,1.00418410042
455448,455454,457103,6,1649,2,7200,1.00363856883
455485,455492,456929,7,1437,2,7200,1.00487125957
455502,455508,456895,6,1387,2,7200,1.0043258832
455518,455524,456839,6,1315,2,7200,1.00456273764
455579,455586,457031,7,1445,2,7200,1.00484429066
455696,455702,457277,6,1575,2,7200,1.00380952381
455753,455760,457297,7,1537,2,7200,1.00455432661
455783,455789,457371,6,1582,2,7200,1.00379266751
455839,455845,457620,6,1775,2,7200,1.00338028169
455855,455861,457408,6,1547,2,7200,1.00387847447
455899,455906,457720,7,1814,2,7200,1.00385887541
455915,455921,457507,6,1586,2,7200,1.00378310214
455938,455944,457745,6,1801,2,7200,1.00333148251
455954,455960,457524,6,1564,2,7200,1.00383631714
455986,455992,457471,6,1479,2,7200,1.00405679513
456065,456071,457562,6,1491,2,7200,1.00402414487
456144,456150,457733,6,1583,2,7200,1.00379027164
456186,456192,457805,6,1613,2,7200,1.00371977681
456202,456208,457802,6,1594,2,7200,1.00376411543
456250,456256,457869,6,1613,2,7200,1.00371977681
456306,456312,457702,6,1390,2,7200,1.00431654676
456326,456332,457871,6,1539,2,7200,1.00389863548
456380,456387,457973,7,1586,2,7200,1.00441361917
456400,456406,457983,6,1577,2,7200,1.00380469245
456401,456412,457880,11,1468,2,7200,1.00749318801
456421,456428,457927,7,1499,2,7200,1.00466977985
456488,456494,457977,6,1483,2,7200,1.004045853
456548,456554,458024,6,1470,2,7200,1.00408163265
456564,456571,458117,7,1546,2,7200,1.00452781371
456566,456577,458131,11,1554,2,7200,1.00707850708
456582,456588,458210,6,1622,2,7200,1.00369913687
456659,456665,458232,6,1567,2,7200,1.00382897256
456716,456722,458145,6,1423,2,7200,1.00421644413
456826,456832,458233,6,1401,2,7200,1.00428265525
456843,456849,458208,6,1359,2,7200,1.00441501104
456882,456888,458317,6,1429,2,7200,1.00419874038
456898,456904,458476,6,1572,2,7200,1.00381679389
456900,456910,458448,10,1538,2,7200,1.00650195059
456932,456938,458586,6,1648,2,7200,1.0036407767
456965,456971,458425,6,1454,2,7200,1.00412654746
456984,456990,458466,6,1476,2,7200,1.00406504065
457032,457039,458601,7,1562,2,7200,1.00448143406
457049,457054,458759,5,1705,2,7200,1.00293255132
457106,457112,458716,6,1604,2,7200,1.00374064838
457150,457157,458784,7,1627,2,7200,1.00430239705
457282,457288,458821,6,1533,2,7200,1.00391389432
457301,457307,458828,6,1521,2,7200,1.00394477318
457374,457380,458949,6,1569,2,7200,1.00382409178
457409,457415,459273,6,1858,2,7200,1.00322927879
457473,457480,458979,7,1499,2,7200,1.00466977985
457509,457515,459053,6,1538,2,7200,1.00390117035
457525,457531,459130,6,1599,2,7200,1.00375234522
457564,457570,459100,6,1530,2,7200,1.00392156863
457621,457627,459146,6,1519,2,7200,1.00394996708
457704,457710,459207,6,1497,2,7200,1.00400801603
457723,457729,459264,6,1535,2,7200,1.00390879479
457739,457745,459180,6,1435,2,7200,1.00418118467
457755,457762,459237,7,1475,2,7200,1.00474576271
457807,457813,459320,6,1507,2,7200,1.00398142004
457809,457819,459403,10,1584,2,7200,1.00631313131
457870,457876,459358,6,1482,2,7200,1.004048583
457886,457892,459299,6,1407,2,7200,1.00426439232
457888,457898,459439,10,1541,2,7200,1.00648929267
457929,457935,459383,6,1448,2,7200,1.00414364641
457977,457983,459577,6,1594,2,7200,1.00376411543
457979,457989,459653,10,1664,2,7200,1.00600961538
457995,458001,459606,6,1605,2,7200,1.00373831776
458028,458034,459596,6,1562,2,7200,1.00384122919
458122,458128,459587,6,1459,2,7200,1.00411240576
458142,458148,459730,6,1582,2,7200,1.00379266751
458158,458164,459678,6,1514,2,7200,1.00396301189
458210,458217,459654,7,1437,2,7200,1.00487125957
458212,458223,459775,11,1552,2,7200,1.00708762887
458236,458242,459655,6,1413,2,7200,1.0042462845
458237,458248,459656,11,1408,2,7200,1.0078125
458319,458325,459807,6,1482,2,7200,1.004048583
458428,458434,460063,6,1629,2,7200,1.00368324125
458451,458457,460028,6,1571,2,7200,1.00381922342
458468,458474,460057,6,1583,2,7200,1.00379027164
458484,458490,460030,6,1540,2,7200,1.0038961039
458589,458596,460118,7,1522,2,7200,1.00459921156
458606,458612,460280,6,1668,2,7200,1.0035971223
458718,458724,460450,6,1726,2,7200,1.00347624565
458763,458769,460230,6,1461,2,7200,1.00410677618
458785,458791,460348,6,1557,2,7200,1.00385356455
458824,458830,460425,6,1595,2,7200,1.00376175549
458840,458846,460365,6,1519,2,7200,1.00394996708
458951,458958,460414,7,1456,2,7200,1.00480769231
458980,458987,460478,7,1491,2,7200,1.00469483568
459057,459063,460656,6,1593,2,7200,1.00376647834
459102,459108,460646,6,1538,2,7200,1.00390117035
459131,459137,460699,6,1562,2,7200,1.00384122919
459150,459157,460768,7,1611,2,7200,1.00434512725
459182,459189,460735,7,1546,2,7200,1.00452781371
459209,459215,460802,6,1587,2,7200,1.00378071834
459238,459244,460734,6,1490,2,7200,1.00402684564
459264,459270,460770,6,1500,2,7200,1.004
459280,459286,460780,6,1494,2,7200,1.00401606426
459303,459309,460967,6,1658,2,7200,1.00361881785
459322,459328,460841,6,1513,2,7200,1.0039656312
459361,459367,460775,6,1408,2,7200,1.00426136364
459387,459393,460887,6,1494,2,7200,1.00401606426
459403,459409,460924,6,1515,2,7200,1.00396039604
459442,459448,460915,6,1467,2,7200,1.00408997955
459580,459586,461222,6,1636,2,7200,1.00366748166
459596,459603,461159,7,1556,2,7200,1.00449871465
459598,459609,461184,11,1575,2,7200,1.00698412698
459615,459621,461266,6,1645,2,7200,1.00364741641
459657,459663,461249,6,1586,2,7200,1.00378310214
459658,459670,461344,12,1674,2,7200,1.00716845878
459660,459675,461269,15,1594,2,7200,1.00941028858
459667,459681,461123,14,1442,2,7200,1.00970873786
459684,459691,461214,7,1523,2,7200,1.00459619173
459732,459739,461315,7,1576,2,7200,1.00444162437
459778,459784,461439,6,1655,2,7200,1.00362537764
459810,459816,461404,6,1588,2,7200,1.00377833753
460031,460037,461480,6,1443,2,7200,1.00415800416
460033,460043,461480,10,1437,2,7200,1.00695894224
460056,460062,461480,6,1418,2,7200,1.00423131171
460071,460078,461480,7,1402,2,7200,1.00499286733
460120,460126,461480,6,1354,2,7200,1.00443131462
460232,460238,461480,6,1242,2,7200,1.00483091787
460281,460287,461481,6,1194,2,7200,1.00502512563
460349,460355,461481,6,1126,2,7200,1.0053285968
460369,460375,461481,6,1106,2,7200,1.00542495479
460419,460425,461481,6,1056,2,7200,1.00568181818
460435,460441,461481,6,1040,2,7200,1.00576923077
460455,460460,461481,5,1021,2,7200,1.00489715965
460481,460487,461481,6,994,2,7200,1.0060362173
460647,460653,461481,6,828,2,7200,1.00724637681
460663,460669,461481,6,812,2,7200,1.00738916256
460701,460707,461481,6,774,2,7200,1.00775193798
460737,460743,461481,6,738,2,7200,1.0081300813
460739,460749,461481,10,732,2,7200,1.01366120219
460771,460777,461481,6,704,2,7200,1.00852272727
460773,460783,461481,10,698,2,7200,1.01432664756
460789,460795,461481,6,686,2,7200,1.00874635569
460791,460801,461481,10,680,2,7200,1.01470588235
460810,460816,461481,6,665,2,7200,1.00902255639
460843,460849,461481,6,632,2,7200,1.00949367089
460890,460896,461481,6,585,2,7200,1.01025641026
460919,460926,461481,7,555,2,7200,1.01261261261
460936,460942,461481,6,539,2,7200,1.01113172542
460971,460977,461481,6,504,2,7200,1.0119047619
461125,461131,461481,6,350,2,7200,1.01714285714
461163,461169,461481,6,312,2,7200,1.01923076923
461186,461192,461481,6,289,2,7200,1.02076124567
461189,461198,479234,9,18036,1,18000,1.000499002
461215,461221,461481,6,260,2,7200,1.02307692308
461231,461237,461481,6,244,2,7200,1.02459016393
461254,461260,461481,6,221,2,7200,1.02714932127
461271,461277,461481,6,204,2,7200,1.02941176471
461272,461283,461481,11,198,2,7200,1.05555555556
461319,461325,461481,6,156,2,7200,1.03846153846
461345,461352,461481,7,129,2,7200,1.05426356589
461407,461413,461481,6,68,2,7200,1.08823529412
461440,461446,461481,6,35,2,7200,1.17142857143
461508,461514,463060,6,1546,2,7200,1.00388098318
461510,461520,463231,10,1711,2,7200,1.00584453536
461512,461525,463220,13,1695,2,7200,1.00766961652
461519,461532,463099,13,1567,2,7200,1.00829610721
461522,461537,463132,15,1595,2,7200,1.00940438871
461529,461543,463120,14,1577,2,7200,1.00887761573
461537,461548,463207,11,1659,2,7200,1.0066305003
461539,461555,463139,16,1584,2,7200,1.0101010101
461547,461560,463145,13,1585,2,7200,1.00820189274
461554,461566,463088,12,1522,2,7200,1.00788436268
461557,461571,463122,14,1551,2,7200,1.00902643456
461567,461577,463254,10,1677,2,7200,1.00596302922
461569,461582,463022,13,1440,2,7200,1.00902777778
461573,461588,463128,15,1540,2,7200,1.00974025974
461582,461593,463165,11,1572,2,7200,1.00699745547
461584,461600,463202,16,1602,2,7200,1.00998751561
461592,461605,463162,13,1557,2,7200,1.00834938985
461599,461612,463272,13,1660,2,7200,1.0078313253
461602,461617,463179,15,1562,2,7200,1.00960307298
461610,461623,463128,13,1505,2,7200,1.00863787375
461615,461628,463255,13,1627,2,7200,1.00799016595
461623,461640,463175,17,1535,2,7200,1.01107491857
461625,461645,463228,20,1583,2,7200,1.01263423879
461632,461651,463232,19,1581,2,7200,1.01201771031
461645,461656,463377,11,1721,2,7200,1.00639163277
461647,461662,463252,15,1590,2,7200,1.00943396226
461654,461667,463208,13,1541,2,7200,1.00843608047
461661,461673,463250,12,1577,2,7200,1.00760938491
461667,461678,463188,11,1510,2,7200,1.00728476821
461674,461685,463312,11,1627,2,7200,1.00676090965
461676,461690,463166,14,1476,2,7200,1.00948509485
461683,461697,463310,14,1613,2,7200,1.00867947923
461690,461702,463269,12,1567,2,7200,1.00765794512
461697,461708,463313,11,1605,2,7200,1.00685358255
461698,461713,463393,15,1680,2,7200,1.00892857143
461705,461720,463270,15,1550,2,7200,1.00967741935
461712,461725,463332,13,1607,2,7200,1.00808960797
461719,461732,463301,13,1569,2,7200,1.00828553219
461721,461737,463513,16,1776,2,7200,1.00900900901
461723,461743,465994,20,4251,2,28800,1.00470477535
461728,461749,463263,21,1514,2,7200,1.01387054161
461897,461903,479689,6,17786,1,18000,1.00033734398
462673,462680,480695,7,18015,1,18000,1.00038856508
463024,463030,464521,6,1491,2,7200,1.00402414487
463061,463067,464625,6,1558,2,7200,1.00385109114
463090,463096,464808,6,1712,2,7200,1.0035046729
463105,463111,464671,6,1560,2,7200,1.00384615385
463121,463127,464612,6,1485,2,7200,1.00404040404
463137,463143,464776,6,1633,2,7200,1.00367421923
463138,463149,464698,11,1549,2,7200,1.00710135571
463140,463154,464670,14,1516,2,7200,1.0092348285
463147,463161,464860,14,1699,2,7200,1.00824014126
463164,463170,464659,6,1489,2,7200,1.00402955003
463166,463176,464655,10,1479,2,7200,1.00676132522
463167,463181,464753,14,1572,2,7200,1.00890585242
463184,463190,464847,6,1657,2,7200,1.00362100181
463185,463196,464797,11,1601,2,7200,1.00687070581
463187,463201,464748,14,1547,2,7200,1.00904977376
463194,463208,464750,14,1542,2,7200,1.00907911803
463210,463217,464863,7,1646,2,7200,1.0042527339
463212,463223,464939,11,1716,2,7200,1.00641025641
463214,463229,464837,15,1608,2,7200,1.00932835821
463220,463235,464842,15,1607,2,7200,1.00933416304
463236,463242,464720,6,1478,2,7200,1.00405953992
463238,463248,464765,10,1517,2,7200,1.00659195781
463240,463253,464928,13,1675,2,7200,1.00776119403
463246,463260,464938,14,1678,2,7200,1.00834326579
463264,463270,464850,6,1580,2,7200,1.00379746835
463266,463276,464900,10,1624,2,7200,1.00615763547
463267,463281,464807,14,1526,2,7200,1.00917431193
463274,463289,464764,15,1475,2,7200,1.01016949153
463281,463294,464867,13,1573,2,7200,1.00826446281
463298,463304,464906,6,1602,2,7200,1.00374531835
463299,463310,464957,11,1647,2,7200,1.00667880996
463301,463315,464979,14,1664,2,7200,1.00841346154
463318,463324,464857,6,1533,2,7200,1.00391389432
463320,463330,464870,10,1540,2,7200,1.00649350649
463321,463335,464860,14,1525,2,7200,1.00918032787
463328,463342,464827,14,1485,2,7200,1.00942760943
463344,463350,464928,6,1578,2,7200,1.00380228137
463380,463386,464925,6,1539,2,7200,1.00389863548
463395,463401,465187,6,1786,2,7200,1.00335946249
463516,463522,465041,6,1519,2,7200,1.00394996708
463743,463750,607768,7,144018,4,144000,1.00004860504
464523,464529,466162,6,1633,2,7200,1.00367421923
464615,464621,466267,6,1646,2,7200,1.00364520049
464631,464636,466227,5,1591,2,7200,1.00314267756
464656,464662,466174,6,1512,2,7200,1.00396825397
464672,464678,466261,6,1583,2,7200,1.00379027164
464673,464684,466193,11,1509,2,7200,1.00728959576
464675,464690,466245,15,1555,2,7200,1.00964630225
464700,464706,466361,6,1655,2,7200,1.00362537764
464722,464728,466304,6,1576,2,7200,1.0038071066
464735,464741,468770,6,4029,2,28800,1.00148920328
464735,464752,472167,17,7415,1,28800,1.00229265003
464735,464746,493446,11,28700,1,28800,1.00038327526
464736,464841,465813,105,972,32,3600,1.10802469136
464736,465830,466827,1094,997,8,7200,2.09729187563
464736,483923,485176,19187,1253,128,3600,16.312849162
464737,474239,494109,9502,19870,1,28800,1.4782083543
464737,468782,471767,4045,2985,2,28800,2.35510887772
464737,465835,466527,1098,692,8,7200,2.58670520231
464737,472179,477152,7442,4973,1,28800,2.49648099739
464738,485188,485477,20450,289,128,3600,71.7612456747
464738,465824,466233,1086,409,32,3600,3.65525672372
464742,472881,474221,8139,1340,1,28800,7.07388059701
464742,486090,491198,21348,5108,1,28800,5.17932654659
464742,471780,472442,7038,662,2,28800,11.6314199396
464743,466246,466508,1503,262,32,3600,6.73664122137
464743,472886,473659,8143,773,1,28800,11.5342820181
464743,486096,487592,21353,1496,1,28800,15.2733957219
464743,466440,466835,1697,395,8,7200,5.29620253165
464743,485488,485834,20745,346,128,3600,60.9566473988
464744,472454,472868,7710,414,2,28800,19.6231884058
464744,485846,485952,21102,106,128,3600,200.075471698
464744,466549,466697,1805,148,8,7200,13.1959459459
464744,466521,466634,1777,113,32,3600,16.7256637168
464751,464759,466288,8,1529,2,7200,1.00523217789
464753,464766,466325,13,1559,2,7200,1.00833867864
464771,464778,466349,7,1571,2,7200,1.00445576066
464773,464785,466390,12,1605,2,7200,1.00747663551
464774,464790,466236,16,1446,2,7200,1.01106500692
464790,464797,466422,7,1625,2,7200,1.00430769231
464806,464813,466410,7,1597,2,7200,1.00438321853
464822,464828,466437,6,1609,2,7200,1.00372902424
464823,464834,466436,11,1602,2,7200,1.00686641698
464839,464847,466485,8,1638,2,7200,1.00488400488
464841,464852,466393,11,1541,2,7200,1.00713822193
464858,464864,466428,6,1564,2,7200,1.00383631714
464859,464871,466438,12,1567,2,7200,1.00765794512
464861,464876,466382,15,1506,2,7200,1.00996015936
464868,464883,466530,15,1647,2,7200,1.00910746812
464885,464892,466553,7,1661,2,7200,1.00421432872
464887,464898,466457,11,1559,2,7200,1.007055805
464888,464903,466411,15,1508,2,7200,1.0099469496
464895,464911,466547,16,1636,2,7200,1.0097799511
464902,464916,466519,14,1603,2,7200,1.00873362445
464918,464925,466502,7,1577,2,7200,1.00443880786
464919,464931,466522,12,1591,2,7200,1.00754242615
464936,464943,466523,7,1580,2,7200,1.00443037975
464938,464949,466539,11,1590,2,7200,1.00691823899
464939,464954,466546,15,1592,2,7200,1.00942211055
464955,464961,466532,6,1571,2,7200,1.00381922342
464957,464968,466601,11,1633,2,7200,1.00673606859
464973,464979,466530,6,1551,2,7200,1.00386847195
464988,464994,466560,6,1566,2,7200,1.00383141762
465042,465048,466599,6,1551,2,7200,1.00386847195
465189,465195,466726,6,1531,2,7200,1.00391900718
466157,473671,545691,7514,72020,1,72000,1.10433212996
466164,466171,467799,7,1628,2,7200,1.0042997543
466179,466186,467812,7,1626,2,7200,1.00430504305
466195,466201,467719,6,1518,2,7200,1.00395256917
466230,466237,467859,7,1622,2,7200,1.00431565968
466245,466253,467847,8,1594,2,7200,1.00501882058
466261,466267,467889,6,1622,2,7200,1.00369913687
466276,466283,467878,7,1595,2,7200,1.00438871473
466277,466289,467885,12,1596,2,7200,1.00751879699
466294,466301,467868,7,1567,2,7200,1.00446713465
466310,466316,467897,6,1581,2,7200,1.00379506641
466329,466336,467880,7,1544,2,7200,1.00453367876
466351,466357,467850,6,1493,2,7200,1.00401875419
466367,466373,467995,6,1622,2,7200,1.00369913687
466383,466390,468028,7,1638,2,7200,1.00427350427
466400,466407,468060,7,1653,2,7200,1.00423472474
466401,466414,467962,13,1548,2,7200,1.00839793282
466419,466428,467931,9,1503,2,7200,1.00598802395
466420,466433,467984,13,1551,2,7200,1.00838168923
466425,485963,498197,19538,12234,48,86400,2.5970246853
466437,466447,468054,10,1607,2,7200,1.00622277536
466439,466452,468007,13,1555,2,7200,1.00836012862
466445,466459,468027,14,1568,2,7200,1.00892857143
466452,466464,467993,12,1529,2,7200,1.00784826684
466469,466476,468075,7,1599,2,7200,1.00437773609
466471,466483,468055,12,1572,2,7200,1.00763358779
466486,466492,468084,6,1592,2,7200,1.00376884422
466506,466514,468165,8,1651,2,7200,1.00484554815
466512,510036,683421,43524,173385,1,540000,1.25102517519
466523,466530,468186,7,1656,2,7200,1.00422705314
466524,466537,468127,13,1590,2,7200,1.00817610063
466526,466542,468099,16,1557,2,7200,1.01027617213
466543,466556,468241,13,1685,2,7200,1.00771513353
466545,466561,468127,16,1566,2,7200,1.01021711367
466551,466568,468150,17,1582,2,7200,1.01074589128
466558,466573,468173,15,1600,2,7200,1.009375
466575,466582,468284,7,1702,2,7200,1.00411280846
466577,466589,468182,12,1593,2,7200,1.00753295669
466578,466594,468160,16,1566,2,7200,1.01021711367
466585,466601,468071,16,1470,2,7200,1.01088435374
466586,466646,488364,60,21718,4,21600,1.00276268533
466601,466608,468210,7,1602,2,7200,1.00436953808
466602,466616,468290,14,1674,2,7200,1.00836320191
466628,510094,510095,43466,1,1,540000,4346.7
466728,466734,468280,6,1546,2,7200,1.00388098318
467358,510107,568895,42749,58788,1,72000,1.72717221202
467722,467728,469642,6,1914,2,7200,1.00313479624
467800,467807,469381,7,1574,2,7200,1.00444726811
467816,467823,469475,7,1652,2,7200,1.00423728814
467848,467855,469436,7,1581,2,7200,1.00442757748
467864,467870,469502,6,1632,2,7200,1.00367647059
467865,467876,469567,11,1691,2,7200,1.00650502661
467883,467890,469390,7,1500,2,7200,1.00466666667
467884,467897,469559,13,1662,2,7200,1.00782190132
467886,467902,469464,16,1562,2,7200,1.01024327785
467895,492767,498466,24872,5699,4,108000,5.36427443411
467902,467908,469690,6,1782,2,7200,1.00336700337
467904,467916,469523,12,1607,2,7200,1.00746733043
467906,467921,469515,15,1594,2,7200,1.00941028858
467934,467941,469402,7,1461,2,7200,1.00479123888
467947,492772,497184,24825,4412,4,108000,6.62669990934
467963,467976,469506,13,1530,2,7200,1.00849673203
467988,467994,469536,6,1542,2,7200,1.00389105058
467994,468000,468001,6,1,1,18000,1.0
468006,468014,469545,8,1531,2,7200,1.00522534291
468007,468019,469592,12,1573,2,7200,1.0076287349
468024,468031,469724,7,1693,2,7200,1.00413467218
468039,468045,469616,6,1571,2,7200,1.00381922342
468041,468053,469557,12,1504,2,7200,1.0079787234
468058,468064,469739,6,1675,2,7200,1.00358208955
468059,468071,469616,12,1545,2,7200,1.00776699029
468075,468082,469686,7,1604,2,7200,1.00436408978
468077,468089,469678,12,1589,2,7200,1.00755191945
468078,468094,469649,16,1555,2,7200,1.01028938907
468095,468102,469790,7,1688,2,7200,1.00414691943
468111,468117,469591,6,1474,2,7200,1.00407055631
468130,468137,469715,7,1578,2,7200,1.00443599493
468132,468144,469624,12,1480,2,7200,1.00810810811
468151,468157,469716,6,1559,2,7200,1.00384862091
468167,468173,469730,6,1557,2,7200,1.00385356455
468168,468180,469771,12,1591,2,7200,1.00754242615
468184,468190,469711,6,1521,2,7200,1.00394477318
468186,468197,469838,11,1641,2,7200,1.00670322974
468201,468208,469832,7,1624,2,7200,1.00431034483
468217,468223,469775,6,1552,2,7200,1.00386597938
468242,468249,469785,7,1536,2,7200,1.00455729167
468281,468288,469907,7,1619,2,7200,1.00432365658
468296,468304,470044,8,1740,2,7200,1.00459770115
468298,468311,469750,13,1439,2,7200,1.00903405142
468595,492918,504677,24323,11759,4,108000,3.06845820223
468840,468846,468856,6,10,1,7200,1.6
468863,483929,484052,15066,123,3,360000,123.487804878
468970,468977,476219,7,7242,1,7200,1.00096658382
469082,493374,508661,24292,15287,4,21600,2.58906260221
469213,469220,487234,7,18014,1,18000,1.00038858665
469384,469391,470990,7,1599,2,7200,1.00437773609
469400,469406,471058,6,1652,2,7200,1.00363196126
469415,469422,471036,7,1614,2,7200,1.00433705081
469438,469445,471099,7,1654,2,7200,1.00423216445
469468,469474,470990,6,1516,2,7200,1.00395778364
469483,469489,471107,6,1618,2,7200,1.00370828183
469505,469511,471067,6,1556,2,7200,1.00385604113
469507,469518,471076,11,1558,2,7200,1.00706033376
469523,469529,471097,6,1568,2,7200,1.00382653061
469525,469536,471182,11,1646,2,7200,1.00668286756
469541,469548,471020,7,1472,2,7200,1.00475543478
469556,469563,471130,7,1567,2,7200,1.00446713465
469572,469579,471053,7,1474,2,7200,1.00474898236
469574,469585,471192,11,1607,2,7200,1.00684505289
469575,469590,471186,15,1596,2,7200,1.00939849624
469595,469601,471230,6,1629,2,7200,1.00368324125
469596,469608,471187,12,1579,2,7200,1.00759974668
469619,469626,471158,7,1532,2,7200,1.0045691906
469620,469633,471166,13,1533,2,7200,1.00848010437
469622,469638,469998,16,360,1,600,1.04444444444
469637,469645,471225,8,1580,2,7200,1.00506329114
469653,469660,471215,7,1555,2,7200,1.00450160772
469655,469667,471381,12,1714,2,7200,1.00700116686
469683,469690,471390,7,1700,2,7200,1.00411764706
469699,469705,471127,6,1422,2,7200,1.00421940928
469700,469712,471358,12,1646,2,7200,1.00729040097
469717,469724,471235,7,1511,2,7200,1.00463269358
469718,469729,471199,11,1470,2,7200,1.0074829932
469720,469737,471299,17,1562,2,7200,1.01088348271
469736,469744,471354,8,1610,2,7200,1.0049689441
469738,469749,471408,11,1659,2,7200,1.0066305003
469738,469756,471457,18,1701,1,3600,1.01058201058
469742,469761,469790,19,29,1,3600,1.65517241379
469754,469768,471335,14,1567,2,7200,1.0089342693
469755,469773,471360,18,1587,2,7200,1.01134215501
469774,469780,471389,6,1609,2,7200,1.00372902424
469790,469797,471308,7,1511,2,7200,1.00463269358
469791,469804,471332,13,1528,2,7200,1.0085078534
469809,469815,471388,6,1573,2,7200,1.00381436745
469835,469842,471349,7,1507,2,7200,1.00464499005
469851,469859,471469,8,1610,2,7200,1.0049689441
469909,469915,471517,6,1602,2,7200,1.00374531835
470046,470053,471630,7,1577,2,7200,1.00443880786
470474,470481,470486,7,5,12,3600,1.2
470478,470498,470500,20,2,12,3600,2.2
470483,470512,470514,29,2,12,3600,3.1
470995,471002,472578,7,1576,2,7200,1.00444162437
470997,471008,472599,11,1591,2,7200,1.00691389063
471023,471030,472608,7,1578,2,7200,1.00443599493
471039,471045,472535,6,1490,2,7200,1.00402684564
471055,471061,472681,6,1620,2,7200,1.0037037037
471072,471078,472597,6,1519,2,7200,1.00394996708
471073,471084,472713,11,1629,2,7200,1.00675260896
471090,471097,472669,7,1572,2,7200,1.00445292621
471106,471114,472727,8,1613,2,7200,1.00495970242
471108,471121,472675,13,1554,2,7200,1.00836550837
471109,471126,472771,17,1645,2,7200,1.0103343465
471129,471136,472774,7,1638,2,7200,1.00427350427
471145,471151,472704,6,1553,2,7200,1.00386349002
471160,471167,472749,7,1582,2,7200,1.00442477876
471176,471182,472754,6,1572,2,7200,1.00381679389
471194,471199,472745,5,1546,2,7200,1.00323415265
471195,471206,472766,11,1560,2,7200,1.00705128205
471197,471211,472849,14,1638,2,7200,1.00854700855
471204,471218,472692,14,1474,2,7200,1.00949796472
471220,471226,472786,6,1560,2,7200,1.00384615385
471222,471233,472799,11,1566,2,7200,1.00702426564
471238,471245,472776,7,1531,2,7200,1.00457217505
471240,471252,472795,12,1543,2,7200,1.00777705768
471241,471257,472717,16,1460,2,7200,1.01095890411
471302,471308,472924,6,1616,2,7200,1.00371287129
471318,471331,472873,13,1542,2,7200,1.0084306096
471334,471342,472917,8,1575,2,7200,1.00507936508
471336,471349,472875,13,1526,2,7200,1.00851900393
471353,471359,472989,6,1630,2,7200,1.0036809816
471355,471366,472886,11,1520,2,7200,1.00723684211
471372,471378,472999,6,1621,2,7200,1.00370141888
471374,471384,472970,10,1586,2,7200,1.00630517024
471391,471398,472989,7,1591,2,7200,1.00439974859
471392,471405,473034,13,1629,2,7200,1.00798035605
471394,471410,472984,16,1574,2,7200,1.01016518424
471401,471417,473024,16,1607,2,7200,1.00995644057
471416,471424,473022,8,1598,2,7200,1.00500625782
471472,471480,473109,8,1629,2,7200,1.00491098834
471520,471526,473098,6,1572,2,7200,1.00381679389
471633,471640,473320,7,1680,2,7200,1.00416666667
472536,472542,474113,6,1571,2,7200,1.00381922342
472581,472588,474156,7,1568,2,7200,1.00446428571
472599,472607,474190,8,1583,2,7200,1.00505369551
472601,472614,474226,13,1612,2,7200,1.00806451613
472618,472625,474200,7,1575,2,7200,1.00444444444
472626,485969,486074,13343,105,16,86400,128.076190476
472673,472680,474293,7,1613,2,7200,1.00433973962
472689,472695,474286,6,1591,2,7200,1.00377121307
472690,472701,474272,11,1571,2,7200,1.00700190961
472706,472714,474194,8,1480,2,7200,1.00540540541
472708,472721,474369,13,1648,2,7200,1.00788834951
472724,472731,474243,7,1512,2,7200,1.00462962963
472726,472736,474465,10,1729,2,7200,1.00578368999
472742,472749,474677,7,1928,2,7200,1.00363070539
472758,472764,474372,6,1608,2,7200,1.00373134328
472759,472770,474518,11,1748,2,7200,1.00629290618
472761,472776,474342,15,1566,2,7200,1.00957854406
472778,472785,474383,7,1598,2,7200,1.00438047559
472779,472792,474417,13,1625,2,7200,1.008
472781,472797,474420,16,1623,2,7200,1.00985828712
472784,485974,486809,13190,835,16,86400,16.7964071856
472787,472804,474250,17,1446,2,7200,1.01175656985
472803,472810,474338,7,1528,2,7200,1.00458115183
472805,472818,474389,13,1571,2,7200,1.00827498409
472806,472823,474341,17,1518,2,7200,1.01119894598
472850,472858,474490,8,1632,2,7200,1.00490196078
472876,472893,474414,17,1521,2,7200,1.01117685733
472877,472898,474529,21,1631,2,7200,1.01287553648
472893,472905,474535,12,1630,2,7200,1.00736196319
472919,472925,474517,6,1592,2,7200,1.00376884422
472934,472941,474564,7,1623,2,7200,1.00431300062
472972,472980,474609,8,1629,2,7200,1.00491098834
472988,472995,474489,7,1494,2,7200,1.0046854083
472994,485979,486892,12985,913,16,86400,15.2223439211
473004,473011,474581,7,1570,2,7200,1.00445859873
473006,473018,474552,12,1534,2,7200,1.00782268579
473007,473023,474605,16,1582,2,7200,1.01011378003
473027,473034,474649,7,1615,2,7200,1.00433436533
473028,473041,474560,13,1519,2,7200,1.00855826201
473044,473051,474675,7,1624,2,7200,1.00431034483
473102,473108,474768,6,1660,2,7200,1.00361445783
473118,473125,474700,7,1575,2,7200,1.00444444444
473323,473329,474894,6,1565,2,7200,1.00383386581
474116,474124,475716,8,1592,2,7200,1.00502512563
474146,478283,478825,4137,542,2,18000,8.63284132841
474158,474165,475799,7,1634,2,7200,1.00428396573
474191,474197,475941,6,1744,2,7200,1.00344036697
474207,474214,475788,7,1574,2,7200,1.00444726811
474208,474219,475779,11,1560,2,7200,1.00705128205
474227,474234,475657,7,1423,2,7200,1.00491918482
474244,474251,475810,7,1559,2,7200,1.00449005773
474259,474265,475850,6,1585,2,7200,1.00378548896
474275,474282,475821,7,1539,2,7200,1.00454840806
474291,474297,475854,6,1557,2,7200,1.00385356455
474308,474314,475904,6,1590,2,7200,1.00377358491
474340,474347,475929,7,1582,2,7200,1.00442477876
474358,474364,475970,6,1606,2,7200,1.00373599004
474359,474372,475960,13,1588,2,7200,1.00818639798
474375,474383,475886,8,1503,2,7200,1.00532268796
474377,474390,475963,13,1573,2,7200,1.00826446281
474393,474400,475995,7,1595,2,7200,1.00438871473
474395,474407,476050,12,1643,2,7200,1.00730371272
474418,474425,475983,7,1558,2,7200,1.00449293967
474419,474432,475973,13,1541,2,7200,1.00843608047
474438,474444,476089,6,1645,2,7200,1.00364741641
474467,474475,476239,8,1764,2,7200,1.00453514739
474490,474497,476101,7,1604,2,7200,1.00436408978
474491,474504,475971,13,1467,2,7200,1.00886162236
474521,474527,476126,6,1599,2,7200,1.00375234522
474522,474534,476124,12,1590,2,7200,1.00754716981
474538,474546,476136,8,1590,2,7200,1.00503144654
474540,474553,475960,13,1407,2,7200,1.0092395167
474558,474565,476176,7,1611,2,7200,1.00434512725
474575,474581,476237,6,1656,2,7200,1.00362318841
474576,474587,476217,11,1630,2,7200,1.00674846626
474593,474599,476297,6,1698,2,7200,1.0035335689
474609,474616,476235,7,1619,2,7200,1.00432365658
474610,474623,476242,13,1619,2,7200,1.00802964793
474651,474657,476248,6,1591,2,7200,1.00377121307
474677,474684,476355,7,1671,2,7200,1.00418910832
474679,474691,476254,12,1563,2,7200,1.00767754319
474702,474708,476253,6,1545,2,7200,1.00388349515
474770,474776,476316,6,1540,2,7200,1.0038961039
474896,474903,476508,7,1605,2,7200,1.00436137072
474944,477165,495130,2221,17965,1,18000,1.12362927915
475072,478836,479787,3764,951,2,18000,4.95793901157
475659,475665,477159,6,1494,2,7200,1.00401606426
475718,475725,477279,7,1554,2,7200,1.0045045045
475782,475788,477377,6,1589,2,7200,1.00377595972
475797,475803,477352,6,1549,2,7200,1.00387346675
475813,475819,477481,6,1662,2,7200,1.0036101083
475814,475827,477396,13,1569,2,7200,1.00828553219
475830,475836,477337,6,1501,2,7200,1.00399733511
475852,475859,477517,7,1658,2,7200,1.00422195416
475868,475875,477426,7,1551,2,7200,1.00451321728
475887,475894,477378,7,1484,2,7200,1.00471698113
475905,475912,477435,7,1523,2,7200,1.00459619173
475931,475938,477409,7,1471,2,7200,1.00475866757
475946,475952,477549,6,1597,2,7200,1.00375704446
475962,475969,477461,7,1492,2,7200,1.00469168901
475964,475976,477581,12,1605,2,7200,1.00747663551
475965,475981,477519,16,1538,2,7200,1.01040312094
475981,475988,477510,7,1522,2,7200,1.00459921156
475983,475994,477569,11,1575,2,7200,1.00698412698
475984,476000,477524,16,1524,2,7200,1.01049868766
476000,476007,477617,7,1610,2,7200,1.00434782609
476002,476013,477617,11,1604,2,7200,1.00685785536
476029,509596,527641,33567,18045,1,18000,2.86018287614
476053,476060,477657,7,1597,2,7200,1.00438321853
476091,476097,477930,6,1833,2,7200,1.00327332242
476107,476114,477686,7,1572,2,7200,1.00445292621
476126,476134,477702,8,1568,2,7200,1.00510204082
476128,476141,477746,13,1605,2,7200,1.00809968847
476138,486821,518211,10683,31390,10,43200,1.34033131571
476145,476151,477881,6,1730,2,7200,1.00346820809
476180,476186,477693,6,1507,2,7200,1.00398142004
476221,476227,477874,6,1647,2,7200,1.00364298725
476237,476243,477732,6,1489,2,7200,1.00402955003
476238,476250,477872,12,1622,2,7200,1.00739827374
476255,476263,477888,8,1625,2,7200,1.00492307692
476257,476270,477905,13,1635,2,7200,1.00795107034
476258,476275,477701,17,1426,2,7200,1.01192145863
476270,476281,477816,11,1535,2,7200,1.00716612378
476272,476287,477844,15,1557,2,7200,1.00963391137
476300,476306,477826,6,1520,2,7200,1.00394736842
476319,476325,477969,6,1644,2,7200,1.00364963504
476357,476364,477925,7,1561,2,7200,1.00448430493
476509,476516,478092,7,1576,2,7200,1.00444162437
476715,486904,524544,10189,37640,10,57600,1.27069606801
477163,477172,478861,9,1689,2,7200,1.0053285968
477223,486909,493363,9686,6454,10,57600,2.50077471336
477281,477287,478866,6,1579,2,7200,1.00379987334
477339,477345,478905,6,1560,2,7200,1.00384615385
477354,477362,478974,8,1612,2,7200,1.00496277916
477381,477387,479446,6,2059,2,7200,1.00291403594
477382,477394,479030,12,1636,2,7200,1.00733496333
477398,477404,479001,6,1597,2,7200,1.00375704446
477414,477421,479024,7,1603,2,7200,1.00436681223
477429,477437,479008,8,1571,2,7200,1.0050922979
477445,477451,478959,6,1508,2,7200,1.00397877984
477464,477470,479010,6,1540,2,7200,1.0038961039
477483,477490,479055,7,1565,2,7200,1.00447284345
477511,477518,479131,7,1613,2,7200,1.00433973962
477527,477533,479153,6,1620,2,7200,1.0037037037
477528,477540,479379,12,1839,2,7200,1.00652528548
477530,477545,479063,15,1518,2,7200,1.00988142292
477552,477558,479168,6,1610,2,7200,1.00372670807
477571,477577,479140,6,1563,2,7200,1.00383877159
477586,477593,479124,7,1531,2,7200,1.00457217505
477618,477624,480312,6,2688,2,7200,1.00223214286
477619,477632,479181,13,1549,2,7200,1.0083925113
477660,477667,479215,7,1548,2,7200,1.00452196382
477678,490976,544955,13298,53979,10,57600,1.24635506401
477689,477696,479233,7,1537,2,7200,1.00455432661
477705,477711,479206,6,1495,2,7200,1.00401337793
477707,477718,479232,11,1514,2,7200,1.0072655218
477708,477723,479293,15,1570,2,7200,1.00955414013
477733,477740,479285,7,1545,2,7200,1.00453074434
477749,477755,479326,6,1571,2,7200,1.00381922342
477819,477826,479287,7,1461,2,7200,1.00479123888
477834,477841,479526,7,1685,2,7200,1.00415430267
477850,477857,479427,7,1570,2,7200,1.00445859873
477875,477882,479510,7,1628,2,7200,1.0042997543
477877,477889,479496,12,1607,2,7200,1.00746733043
477893,477900,479490,7,1590,2,7200,1.00440251572
477895,477906,479472,11,1566,2,7200,1.00702426564
477911,477917,479614,6,1697,2,7200,1.00353565115
477926,477933,479630,7,1697,2,7200,1.00412492634
477943,477949,479417,6,1468,2,7200,1.00408719346
477971,477977,479518,6,1541,2,7200,1.0038935756
478094,478101,479592,7,1491,2,7200,1.00469483568
478342,498210,671029,19868,172819,12,172800,1.11496421111
478863,478869,480418,6,1549,2,7200,1.00387346675
478878,478884,480489,6,1605,2,7200,1.00373831776
478890,479798,485075,908,5277,2,14400,1.17206746257
478910,478917,480558,7,1641,2,7200,1.00426569165
478961,478967,480505,6,1538,2,7200,1.00390117035
478976,478983,480467,7,1484,2,7200,1.00471698113
479002,479009,480712,7,1703,2,7200,1.00411039342
479018,479024,480613,6,1589,2,7200,1.00377595972
479019,479030,480595,11,1565,2,7200,1.00702875399
479035,479041,480723,6,1682,2,7200,1.00356718193
479037,479047,480570,10,1523,2,7200,1.00656598818
479059,479065,480646,6,1581,2,7200,1.00379506641
479074,479080,480656,6,1576,2,7200,1.0038071066
479126,479132,480631,6,1499,2,7200,1.00400266845
479142,479148,480758,6,1610,2,7200,1.00372670807
479143,479156,480773,13,1617,2,7200,1.00803957947
479159,479166,480774,7,1608,2,7200,1.00435323383
479175,479181,480761,6,1580,2,7200,1.00379746835
479190,479197,480748,7,1551,2,7200,1.00451321728
479208,479215,480668,7,1453,2,7200,1.00481761872
479224,479230,480744,6,1514,2,7200,1.00396301189
479240,479247,481052,7,1805,2,7200,1.00387811634
479242,479254,480789,12,1535,2,7200,1.00781758958
479287,479293,480851,6,1558,2,7200,1.00385109114
479303,479309,480971,6,1662,2,7200,1.0036101083
479304,479315,480866,11,1551,2,7200,1.00709219858
479330,479336,480925,6,1589,2,7200,1.00377595972
479380,479386,480880,6,1494,2,7200,1.00401606426
479418,479424,481079,6,1655,2,7200,1.00362537764
479434,479440,481002,6,1562,2,7200,1.00384122919
479449,479456,481062,7,1606,2,7200,1.00435865504
479475,479482,481057,7,1575,2,7200,1.00444444444
479491,479498,481026,7,1528,2,7200,1.00458115183
479507,479513,481064,6,1551,2,7200,1.00386847195
479523,479529,481066,6,1537,2,7200,1.00390370852
479524,479535,481098,11,1563,2,7200,1.00703774792
479540,479546,481071,6,1525,2,7200,1.00393442623
479594,479600,481150,6,1550,2,7200,1.00387096774
479618,479624,481114,6,1490,2,7200,1.00402684564
479634,479640,481212,6,1572,2,7200,1.00381679389
480214,486085,530313,5871,44228,14,57600,1.1327439631
480311,480317,481937,6,1620,2,7200,1.0037037037
480366,480372,481035,6,663,1,7200,1.00904977376
480420,480426,481998,6,1572,2,7200,1.00381679389
480468,480474,481950,6,1476,2,7200,1.00406504065
480490,480496,482153,6,1657,2,7200,1.00362100181
480506,480512,482189,6,1677,2,7200,1.00357781753
480561,480568,482169,7,1601,2,7200,1.00437226733
480576,480582,482285,6,1703,2,7200,1.00352319436
480598,480605,482183,7,1578,2,7200,1.00443599493
480614,480620,482182,6,1562,2,7200,1.00384122919
480633,480639,482133,6,1494,2,7200,1.00401606426
480649,480655,482366,6,1711,2,7200,1.00350672122
480665,480671,482193,6,1522,2,7200,1.00394218134
480680,480686,482462,6,1776,2,7200,1.00337837838
480715,480721,482618,6,1897,2,7200,1.00316288877
480730,480736,482350,6,1614,2,7200,1.00371747212
480746,480752,482415,6,1663,2,7200,1.00360793746
480763,480769,482302,6,1533,2,7200,1.00391389432
480764,508127,531373,27363,23246,1,28800,2.17710573862
480764,480775,482268,11,1493,2,7200,1.00736771601
480766,480781,482362,15,1581,2,7200,1.00948766603
480782,480789,482411,7,1622,2,7200,1.00431565968
480784,480796,482289,12,1493,2,7200,1.00803750837
480799,480805,482365,6,1560,2,7200,1.00384615385
480853,480860,482418,7,1558,2,7200,1.00449293967
480868,480875,482427,7,1552,2,7200,1.00451030928
480884,480890,482401,6,1511,2,7200,1.00397088021
480925,480931,482489,6,1558,2,7200,1.00385109114
480972,480978,482551,6,1573,2,7200,1.00381436745
481004,481012,482646,8,1634,2,7200,1.00489596083
481027,481033,482598,6,1565,2,7200,1.00383386581
481033,481039,481839,6,800,1,3600,1.0075
481055,481063,482544,8,1481,2,7200,1.00540175557
481072,481078,482782,6,1704,2,7200,1.00352112676
481074,481085,482742,11,1657,2,7200,1.00663850332
481075,481090,482652,15,1562,2,7200,1.00960307298
481082,481097,482671,15,1574,2,7200,1.00952986023
481089,481102,482640,13,1538,2,7200,1.00845253576
481105,481113,482665,8,1552,2,7200,1.00515463918
481107,481120,482726,13,1606,2,7200,1.00809464508
481123,481129,482662,6,1533,2,7200,1.00391389432
481152,481159,482880,7,1721,2,7200,1.00406740267
481215,481222,482778,7,1556,2,7200,1.00449871465
481517,481523,481526,6,3,2,3600,1.0
481547,481553,481870,6,317,1,3600,1.01892744479
481887,487425,494635,5538,7210,1,10800,1.7680998613
481911,481917,481947,6,30,1,3600,1.2
481939,481946,483516,7,1570,2,7200,1.00445859873
481954,481960,483517,6,1557,2,7200,1.00385356455
481991,481997,481998,6,1,2,1200,1.0
481999,482006,483588,7,1582,2,7200,1.00442477876
482135,482141,483749,6,1608,2,7200,1.00373134328
482154,482160,483762,6,1602,2,7200,1.00374531835
482170,482177,483868,7,1691,2,7200,1.00413956239
482185,482192,483806,7,1614,2,7200,1.00433705081
482187,482199,483729,12,1530,2,7200,1.00784313725
482203,482209,483583,6,1374,2,7200,1.00436681223
482205,482216,483842,11,1626,2,7200,1.00676506765
482270,482276,483950,6,1674,2,7200,1.00358422939
482287,482293,483897,6,1604,2,7200,1.00374064838
482288,482299,483900,11,1601,2,7200,1.00687070581
482304,482310,483853,6,1543,2,7200,1.00388852884
482352,482359,483856,7,1497,2,7200,1.0046760187
482369,482375,483997,6,1622,2,7200,1.00369913687
482370,482383,483934,13,1551,2,7200,1.00838168923
482372,482388,483926,16,1538,2,7200,1.01040312094
482402,482408,482486,6,78,1,1200,1.07692307692
482404,482415,483955,11,1540,2,7200,1.00714285714
482421,482427,484016,6,1589,2,7200,1.00377595972
482422,482434,484049,12,1615,2,7200,1.00743034056
482424,482439,484066,15,1627,2,7200,1.00921942225
482439,482446,484074,7,1628,2,7200,1.0042997543
482461,482469,484100,8,1631,2,7200,1.00490496628
482493,482499,484047,6,1548,2,7200,1.00387596899
482499,482505,482507,6,2,2,1200,1.0
482547,482553,484146,6,1593,2,7200,1.00376647834
482562,482569,484130,7,1561,2,7200,1.00448430493
482601,482608,484171,7,1563,2,7200,1.00447856686
482620,482626,484204,6,1578,2,7200,1.00380228137
482642,482648,484108,6,1460,2,7200,1.00410958904
482644,482654,484200,10,1546,2,7200,1.0064683053
482659,482666,484212,7,1546,2,7200,1.00452781371
482675,482681,484224,6,1543,2,7200,1.00388852884
482677,482689,484258,12,1569,2,7200,1.00764818356
482678,482694,484285,16,1591,2,7200,1.0100565682
482729,482738,484409,9,1671,2,7200,1.00538599641
482745,482754,484372,9,1618,2,7200,1.00556242274
482778,482784,482961,6,177,1,1200,1.03389830508
482780,482791,484347,11,1556,2,7200,1.00706940874
482796,482802,484495,6,1693,2,7200,1.00354400473
482843,509409,549787,26566,40378,1,72000,1.65793253752
482882,482892,484467,10,1575,2,7200,1.00634920635
483035,483041,483042,6,1,2,1200,1.0
483449,483455,483456,6,1,2,1200,1.0
483518,483527,485190,9,1663,2,7200,1.00541190619
483519,483534,485128,15,1594,2,7200,1.00941028858
483587,483595,485131,8,1536,2,7200,1.00520833333
483588,483603,485181,15,1578,2,7200,1.00950570342
483691,484066,486527,375,2461,2,7200,1.15237708249
483731,483742,485241,11,1499,2,7200,1.00733822548
483750,483761,485437,11,1676,2,7200,1.00656324582
483766,483773,485252,7,1479,2,7200,1.00473292765
483807,483818,485365,11,1547,2,7200,1.00711053652
483845,483854,485436,9,1582,2,7200,1.00568900126
483861,483867,485492,6,1625,2,7200,1.00369230769
483862,483874,485448,12,1574,2,7200,1.00762388818
483864,507918,516871,24054,8953,4,108000,3.68669719647
483878,483885,485523,7,1638,2,7200,1.00427350427
483901,483912,485419,11,1507,2,7200,1.00729927007
483902,483917,485465,15,1548,2,7200,1.00968992248
483928,483938,485577,10,1639,2,7200,1.00610128127
483943,483950,485609,7,1659,2,7200,1.00421940928
483959,483967,485613,8,1646,2,7200,1.00486026731
483961,483973,485562,12,1589,2,7200,1.00755191945
483999,484010,485616,11,1606,2,7200,1.00684931507
484018,484027,485588,9,1561,2,7200,1.00576553491
484032,486538,486541,2506,3,2,600,250.9
484052,484058,485599,6,1541,2,7200,1.0038935756
484054,484071,485667,17,1596,2,7200,1.01065162907
484070,484078,485612,8,1534,2,7200,1.00521512386
484085,484091,485660,6,1569,2,7200,1.00382409178
484100,484111,485613,11,1502,2,7200,1.00732356858
484116,484122,485706,6,1584,2,7200,1.00378787879
484132,484142,485681,10,1539,2,7200,1.0064977258
484148,484157,485606,9,1449,2,7200,1.00621118012
484173,484182,485797,9,1615,2,7200,1.00557275542
484201,484211,485780,10,1569,2,7200,1.0063734863
484218,484224,485735,6,1511,2,7200,1.00397088021
484219,484231,485820,12,1589,2,7200,1.00755191945
484235,484241,485715,6,1474,2,7200,1.00407055631
484260,484269,485736,9,1467,2,7200,1.00613496933
484289,484297,485800,8,1503,2,7200,1.00532268796
484349,484359,485814,10,1455,2,7200,1.00687285223
484374,484384,486013,10,1629,2,7200,1.00613873542
484412,484421,486025,9,1604,2,7200,1.00561097257
484469,484480,486087,11,1607,2,7200,1.00684505289
484498,484506,486146,8,1640,2,7200,1.00487804878
484840,485087,485777,247,690,2,7200,1.35797101449
485131,485139,486677,8,1538,2,7200,1.00520156047
485146,485152,486681,6,1529,2,7200,1.00392413342
485184,485196,486757,12,1561,2,7200,1.00768737988
485199,485205,486763,6,1558,2,7200,1.00385109114
485201,485678,485685,477,7,1,3000,48.4
485244,485253,486868,9,1615,2,7200,1.00557275542
485260,485266,486866,6,1600,2,7200,1.00375
485365,485377,486955,12,1578,2,7200,1.00760456274
485419,485430,487030,11,1600,2,7200,1.006875
485438,485447,487084,9,1637,2,7200,1.00549786194
485439,485454,487049,15,1595,2,7200,1.00940438871
485455,485461,487073,6,1612,2,7200,1.00372208437
485470,485477,486969,7,1492,2,7200,1.00469168901
485493,485504,487072,11,1568,2,7200,1.00701530612
485524,485535,487129,11,1594,2,7200,1.00690087829
485531,485984,499335,453,13351,16,259200,1.03393004269
485534,490010,504424,4476,14414,1,14400,1.31053142778
485534,486832,501239,1298,14407,1,14400,1.09009509266
485534,485697,500141,163,14444,1,14400,1.01128496261
485534,495141,509555,9607,14414,1,14400,1.66650478701
485535,496679,511086,11144,14407,1,14400,1.77351287569
485535,496669,511062,11134,14393,1,14400,1.77357048565
485535,496663,507269,11128,10606,1,14400,2.0492174241
485535,496674,511091,11139,14417,1,14400,1.77262953458
485536,498236,510562,12700,12326,1,14400,2.03034236573
485536,498226,512666,12690,14440,1,14400,1.87880886427
485536,498231,507355,12695,9124,1,14400,2.3913853573
485536,498221,512660,12685,14439,1,14400,1.87852344345
485537,498247,510409,12710,12162,1,14400,2.04505837856
485537,498252,512659,12715,14407,1,14400,1.8825570903
485537,498263,503575,12726,5312,1,14400,3.39570783133
485537,498242,512659,12705,14417,1,14400,1.88125130055
485537,498257,512663,12720,14406,1,14400,1.88296543107
485538,498278,506259,12740,7981,1,14400,2.59629119158
485538,498268,505328,12730,7060,1,14400,2.80311614731
485538,498284,512734,12746,14450,1,14400,1.88207612457
485538,498273,511592,12735,13319,1,14400,1.95615286433
485539,498299,504635,12760,6336,1,14400,3.01388888889
485539,498294,502912,12755,4618,1,14400,3.76201818969
485539,498289,512711,12750,14422,1,14400,1.88406601026
485539,498305,509773,12766,11468,1,14400,2.11318451343
485540,498315,512748,12775,14433,1,14400,1.88512436777
485540,498321,512771,12781,14450,1,14400,1.8844982699
485540,498326,500986,12786,2660,1,14400,5.80676691729
485540,498310,505027,12770,6717,1,14400,2.90114634509
485541,498331,503637,12790,5306,1,14400,3.41047870335
485541,498336,505334,12795,6998,1,14400,2.82837953701
485541,498342,502473,12801,4131,1,14400,4.0987654321
485541,498347,508295,12806,9948,1,14400,2.28729392843
485542,498352,512764,12810,14412,1,14400,1.88884263114
485542,498368,503458,12826,5090,1,14400,3.51984282908
485542,498357,500666,12815,2309,1,14400,6.5500216544
485542,498363,501504,12821,3141,1,14400,5.08182107609
485543,498384,509397,12841,11013,1,14400,2.16598565332
485543,498373,501719,12830,3346,1,14400,4.83442916916
485543,498379,505834,12836,7455,1,14400,2.72179745137
485543,498477,499554,12934,1077,1,14400,13.0092850511
485544,498483,499891,12939,1408,1,14400,10.1896306818
485544,498757,503217,13213,4460,1,14400,3.96255605381
485544,498493,500317,12949,1824,1,14400,8.09923245614
485544,498488,501481,12944,2993,1,14400,5.32475776813
485545,499347,502262,13802,2915,1,14400,5.73481989708
485545,498763,505568,13218,6805,1,14400,2.94239529758
485545,498818,500054,13273,1236,1,14400,11.7386731392
485545,498813,499732,13268,919,1,14400,15.4374319913
485546,499363,505632,13817,6269,1,14400,3.20401977987
485546,499368,499749,13822,381,1,14400,37.2782152231
485546,499352,501621,13806,2269,1,14400,7.08461877479
485546,499358,504259,13812,4901,1,14400,3.81820036727
485547,499389,501911,13842,2522,1,14400,6.48850118953
485547,499374,499866,13827,492,1,14400,29.1036585366
485547,499379,501045,13832,1666,1,14400,9.3025210084
485547,499384,500488,13837,1104,1,14400,13.5335144928
485548,499400,499865,13852,465,1,14400,30.7892473118
485548,499411,501675,13863,2264,1,14400,7.12323321555
485548,499406,500031,13858,625,1,14400,23.1728
485548,499395,503019,13847,3624,1,14400,4.82091611479
485549,499421,504084,13872,4663,1,14400,3.97490885696
485549,499427,504014,13878,4587,1,14400,4.02550686723
485549,499744,500021,14195,277,1,14400,52.2454873646
485549,499565,499748,14016,183,1,14400,77.5901639344
485549,499416,501438,13867,2022,1,14400,7.85806132542
485550,499759,500814,14209,1055,1,14400,14.4682464455
485550,499882,502095,14332,2213,1,14400,7.47627654767
485550,499876,501831,14326,1955,1,14400,8.32787723785
485550,499766,500667,14216,901,1,14400,16.7780244173
485551,500008,502094,14457,2086,1,14400,7.93048897411
485551,500013,502086,14462,2073,1,14400,7.97636275929
485551,499902,500092,14351,190,1,14400,76.5315789474
485551,500003,500279,14452,276,1,14400,53.3623188406
485552,500024,504636,14472,4612,1,14400,4.13790112749
485552,500034,500186,14482,152,1,14400,96.2763157895
485552,500018,504638,14466,4620,1,14400,4.13116883117
485552,500029,500151,14477,122,1,14400,119.663934426
485553,500063,501914,14510,1851,1,14400,8.83900594273
485553,500045,500987,14492,942,1,14400,16.3842887473
485553,500039,500904,14486,865,1,14400,17.7468208092
485553,500050,501826,14497,1776,1,14400,9.16272522523
485554,500157,502600,14603,2443,1,14400,6.97748669668
485554,500115,502437,14561,2322,1,14400,7.27088716624
485554,500085,500184,14531,99,1,14400,147.777777778
485554,500068,500144,14514,76,1,14400,191.973684211
485555,500163,505247,14608,5084,1,14400,3.87332808812
485555,500169,505017,14614,4848,1,14400,4.01443894389
485555,500198,500262,14643,64,1,14400,229.796875
485556,500203,500279,14647,76,1,14400,193.723684211
485556,500301,502205,14745,1904,1,14400,8.74422268908
485556,500273,501153,14717,880,1,14400,17.7238636364
485556,500296,501166,14740,870,1,14400,17.9425287356
485557,500499,500588,14942,89,1,14400,168.887640449
485557,500600,500733,15043,133,1,14400,114.105263158
485557,500329,502093,14772,1764,1,14400,9.37414965986
485565,485574,487148,9,1574,2,7200,1.00571791614
485580,485590,487121,10,1531,2,7200,1.00653167864
485596,485602,487186,6,1584,2,7200,1.00378787879
485613,485619,487150,6,1531,2,7200,1.00391900718
485614,485626,487432,12,1806,2,7200,1.00664451827
485616,485631,487161,15,1530,2,7200,1.00980392157
485623,485638,487302,15,1664,2,7200,1.00901442308
485640,485648,487132,8,1484,2,7200,1.00539083558
485642,485655,487198,13,1543,2,7200,1.00842514582
485644,485660,487263,16,1603,2,7200,1.00998128509
485663,485672,487231,9,1559,2,7200,1.00577293137
485679,485685,487200,6,1515,2,7200,1.00396039604
485694,485704,487235,10,1531,2,7200,1.00653167864
485710,485717,487219,7,1502,2,7200,1.00466045273
485725,485732,487314,7,1582,2,7200,1.00442477876
485742,485748,487266,6,1518,2,7200,1.00395256917
485744,485754,487350,10,1596,2,7200,1.00626566416
485747,485990,490965,243,4975,16,172800,1.04884422111
485782,485788,487398,6,1610,2,7200,1.00372670807
485799,485805,487378,6,1573,2,7200,1.00381436745
485816,485822,487424,6,1602,2,7200,1.00374531835
485817,485828,487472,11,1644,2,7200,1.00669099757
485834,485840,487624,6,1784,2,7200,1.0033632287
486014,486020,487616,6,1596,2,7200,1.0037593985
486030,486036,487494,6,1458,2,7200,1.00411522634
486090,486103,487615,13,1512,2,7200,1.0085978836
486148,486155,487783,7,1628,2,7200,1.0042997543
486278,498215,526952,11937,28737,4,518400,1.41538782754
486316,490981,503336,4665,12355,8,259200,1.37757992715
486456,494646,499986,8190,5340,10,57600,2.53370786517
486526,509750,596158,23224,86408,1,86400,1.26877141005
486640,509567,509580,22927,13,1,86400,1764.61538462
486681,486687,488272,6,1585,2,7200,1.00378548896
486683,486694,488264,11,1570,2,7200,1.00700636943
486729,510661,520815,23932,10154,4,108000,3.35690368328
486754,511097,511103,24343,6,4,108000,2434.9
486759,486770,488246,11,1476,2,7200,1.00745257453
486774,486780,488376,6,1596,2,7200,1.0037593985
486804,486827,491828,23,5001,2,7200,1.00459908018
486833,486839,486842,6,3,2,600,1.0
486866,486873,488482,7,1609,2,7200,1.00435052828
486882,486889,488480,7,1591,2,7200,1.00439974859
486914,487415,487418,501,3,2,600,50.4
486959,486966,488521,7,1555,2,7200,1.00450160772
486974,486981,488517,7,1536,2,7200,1.00455729167
486986,486992,487712,6,720,1,3000,1.00833333333
487032,487039,488724,7,1685,2,7200,1.00415430267
487051,487058,488606,7,1548,2,7200,1.00452196382
487073,487080,488725,7,1645,2,7200,1.00425531915
487075,487087,488596,12,1509,2,7200,1.00795228628
487091,487098,488725,7,1627,2,7200,1.00430239705
487122,487129,488760,7,1631,2,7200,1.00429184549
487138,487144,488688,6,1544,2,7200,1.00388601036
487140,487151,488745,11,1594,2,7200,1.00690087829
487155,487161,488695,6,1534,2,7200,1.00391134289
487157,487169,488749,12,1580,2,7200,1.00759493671
487173,487179,488834,6,1655,2,7200,1.00362537764
487189,487195,488715,6,1520,2,7200,1.00394736842
487205,487211,488844,6,1633,2,7200,1.00367421923
487206,487219,488787,13,1568,2,7200,1.00829081633
487222,487230,488799,8,1569,2,7200,1.00509878904
487239,487245,488856,6,1611,2,7200,1.00372439479
487240,487252,488797,12,1545,2,7200,1.00776699029
487266,487272,488849,6,1577,2,7200,1.00380469245
487281,487287,488867,6,1580,2,7200,1.00379746835
487297,487304,488945,7,1641,2,7200,1.00426569165
487316,487322,488962,6,1640,2,7200,1.00365853659
487351,487359,489001,8,1642,2,7200,1.00487210719
487380,487387,488950,7,1563,2,7200,1.00447856686
487402,487408,489000,6,1592,2,7200,1.00376884422
487428,487436,489033,8,1597,2,7200,1.00500939261
487443,487450,488951,7,1501,2,7200,1.00466355763
487475,487484,489186,9,1702,2,7200,1.00528789659
487499,487507,488964,8,1457,2,7200,1.00549073439
487584,487590,487649,6,59,2,600,1.10169491525
487618,487626,489070,8,1444,2,7200,1.0055401662
487620,487633,489214,13,1581,2,7200,1.0082226439
487636,487642,489201,6,1559,2,7200,1.00384862091
487691,487698,487824,7,126,3,600,1.05555555556
487703,511611,512810,23908,1199,2,18000,20.9399499583
487781,492754,492756,4973,2,8,259200,497.5
487781,492740,492743,4959,3,8,259200,496.2
487784,487794,489345,10,1551,2,7200,1.00644745326
487853,487859,487980,6,121,3,600,1.04958677686
487999,488006,488631,7,625,2,600,1.0112
488168,511814,512742,23646,928,2,18000,26.4806034483
488248,488259,489777,11,1518,2,7200,1.00724637681
488267,488276,489804,9,1528,2,7200,1.00589005236
488282,488289,490039,7,1750,2,7200,1.004
488379,488388,490025,9,1637,2,7200,1.00549786194
488483,488493,489954,10,1461,2,7200,1.00684462697
488484,488499,490103,15,1604,2,7200,1.00935162095
488519,488529,490206,10,1677,2,7200,1.00596302922
488534,488540,490109,6,1569,2,7200,1.00382409178
488585,512013,512580,23428,567,2,18000,42.3192239859
488599,488609,490139,10,1530,2,7200,1.00653594771
488615,488621,490227,6,1606,2,7200,1.00373599004
488690,488700,490214,10,1514,2,7200,1.00660501982
488706,488712,490283,6,1571,2,7200,1.00381922342
488722,488729,490285,7,1556,2,7200,1.00449871465
488738,488745,490435,7,1690,2,7200,1.00414201183
488740,488751,490342,11,1591,2,7200,1.00691389063
488741,488756,490355,15,1599,2,7200,1.00938086304
488758,488764,490425,6,1661,2,7200,1.00361228176
488759,488771,490447,12,1676,2,7200,1.00715990453
488775,488781,490357,6,1576,2,7200,1.0038071066
488791,488799,490353,8,1554,2,7200,1.00514800515
488808,488815,490363,7,1548,2,7200,1.00452196382
488809,488822,490438,13,1616,2,7200,1.00804455446
488835,488847,490388,12,1541,2,7200,1.0077871512
488851,488857,490391,6,1534,2,7200,1.00391134289
488853,488864,490385,11,1521,2,7200,1.00723208416
488869,488876,490362,7,1486,2,7200,1.00471063257
488871,488883,490428,12,1545,2,7200,1.00776699029
488947,488956,490564,9,1608,2,7200,1.00559701493
488964,488970,490601,6,1631,2,7200,1.00367872471
488965,488977,490517,12,1540,2,7200,1.00779220779
488967,488982,490517,15,1535,2,7200,1.00977198697
488972,488988,492730,16,3742,4,3600,1.00427578835
488974,488993,490528,19,1535,2,7200,1.01237785016
489002,489013,490645,11,1632,2,7200,1.00674019608
489004,489018,490624,14,1606,2,7200,1.00871731009
489036,489045,490573,9,1528,2,7200,1.00589005236
489066,511358,640964,22292,129606,3,129600,1.17199820996
489071,489082,490616,11,1534,2,7200,1.00717079531
489189,489198,490768,9,1570,2,7200,1.00573248408
489204,489214,490852,10,1638,2,7200,1.00610500611
489220,489226,490785,6,1559,2,7200,1.00384862091
489347,489357,490980,10,1623,2,7200,1.00616142945
489376,512365,641992,22989,129627,3,129600,1.1773473119
489459,512137,512636,22678,499,2,18000,46.4468937876
489636,501450,733361,11814,231911,8,288000,1.05094195618
489691,502098,733362,12407,231264,8,360000,1.05364864397
489779,489789,491328,10,1539,2,7200,1.0064977258
489805,489816,491341,11,1525,2,7200,1.00721311475
489956,489966,491560,10,1594,2,7200,1.00627352572
489974,512277,513037,22303,760,2,18000,30.3460526316
490027,490037,491614,10,1577,2,7200,1.00634115409
490041,510155,512354,20114,2199,12,7200,10.1468849477
490043,490051,491599,8,1548,2,7200,1.00516795866
490104,490114,491752,10,1638,2,7200,1.00610500611
490119,490127,491615,8,1488,2,7200,1.00537634409
490141,490151,491697,10,1546,2,7200,1.0064683053
490208,490219,491815,11,1596,2,7200,1.00689223058
490224,490231,491843,7,1612,2,7200,1.00434243176
490240,490246,491781,6,1535,2,7200,1.00390879479
490284,490295,491845,11,1550,2,7200,1.00709677419
490285,490302,491873,17,1571,2,7200,1.01082113304
490346,490354,492008,8,1654,2,7200,1.00483675937
490363,490369,491979,6,1610,2,7200,1.00372670807
490365,490376,491881,11,1505,2,7200,1.0073089701
490366,490381,491983,15,1602,2,7200,1.00936329588
490373,490387,491948,14,1561,2,7200,1.00896860987
490380,490393,491918,13,1525,2,7200,1.00852459016
490397,490405,492000,8,1595,2,7200,1.00501567398
490399,490410,491989,11,1579,2,7200,1.00696643445
490400,490417,491931,17,1514,2,7200,1.01122853369
490426,490436,491959,10,1523,2,7200,1.00656598818
490443,490450,492026,7,1576,2,7200,1.00444162437
490444,490456,492020,12,1564,2,7200,1.00767263427
490446,490462,492145,16,1683,2,7200,1.00950683304
490462,490469,491943,7,1474,2,7200,1.00474898236
490514,512370,512991,21856,621,2,18000,36.1948470209
490521,490529,492048,8,1519,2,7200,1.00526662278
490523,490535,492148,12,1613,2,7200,1.00743955363
490539,490545,492086,6,1541,2,7200,1.0038935756
490567,490575,492122,8,1547,2,7200,1.00517129929
490583,490590,492243,7,1653,2,7200,1.00423472474
490605,490613,492264,8,1651,2,7200,1.00484554815
490623,490631,492217,8,1586,2,7200,1.00504413619
490639,490645,492195,6,1550,2,7200,1.00387096774
490655,490661,492220,6,1559,2,7200,1.00384862091
490772,490781,492365,9,1584,2,7200,1.00568181818
490787,490796,492353,9,1557,2,7200,1.00578034682
490854,490864,492508,10,1644,2,7200,1.00608272506
490982,490993,492535,11,1542,2,7200,1.00713359274
491330,491340,493202,10,1862,2,7200,1.00537056928
491345,491352,492987,7,1635,2,7200,1.00428134557
491350,512375,513303,21025,928,2,18000,23.65625
491563,491572,493058,9,1486,2,7200,1.00605652759
491600,491611,493185,11,1574,2,7200,1.00698856417
491616,491626,493175,10,1549,2,7200,1.00645577792
491618,491631,493333,13,1702,2,7200,1.00763807286
491699,491708,493256,9,1548,2,7200,1.00581395349
491731,512381,513201,20650,820,2,18000,26.1829268293
491752,491764,493243,12,1479,2,7200,1.00811359026
491784,491794,493245,10,1451,2,7200,1.00689179876
491816,491827,493481,11,1654,2,7200,1.00665054414
491844,491855,493330,11,1475,2,7200,1.00745762712
491846,491862,493526,16,1664,2,7200,1.00961538462
491874,491885,493519,11,1634,2,7200,1.00673194614
491890,491896,493535,6,1639,2,7200,1.00366076876
491921,491931,493529,10,1598,2,7200,1.00625782228
491937,491945,494297,8,2352,2,7200,1.00340136054
491953,491959,493536,6,1577,2,7200,1.00380469245
491955,491966,493449,11,1483,2,7200,1.00741739717
491970,491977,493646,7,1669,2,7200,1.00419412822
491986,491993,493592,7,1599,2,7200,1.00437773609
491988,492000,493583,12,1583,2,7200,1.00758054327
492004,492010,493633,6,1623,2,7200,1.00369685767
492006,492016,493634,10,1618,2,7200,1.00618046972
492022,492028,493694,6,1666,2,7200,1.00360144058
492023,492035,494031,12,1996,2,7200,1.00601202405
492039,492046,493612,7,1566,2,7200,1.00446998723
492055,492061,493665,6,1604,2,7200,1.00374064838
492089,492098,493706,9,1608,2,7200,1.00559701493
492124,492135,493578,11,1443,2,7200,1.00762300762
492147,492156,493694,9,1538,2,7200,1.00585175553
492162,492168,493686,6,1518,2,7200,1.00395256917
492174,502122,520139,9948,18017,1,18000,1.5521451962
492174,502110,512001,9936,9891,1,18000,2.00454959054
492174,502216,520244,10042,18028,1,18000,1.55702240959
492174,502105,518108,9931,16003,1,18000,1.62057114291
492175,502273,507906,10098,5633,1,18000,2.79265045269
492175,502433,512262,10258,9829,1,18000,2.04364635263
492175,502351,518568,10176,16217,1,18000,1.62748967133
492175,502345,509738,10170,7393,1,18000,2.37562559178
492176,502491,508021,10315,5530,1,18000,2.86528028933
492176,502611,510024,10435,7413,1,18000,2.40766221503
492176,502448,520493,10272,18045,1,18000,1.56924355777
492176,502484,520496,10308,18012,1,18000,1.57228514324
492177,503154,513118,10977,9964,1,18000,2.10166599759
492177,503057,510939,10880,7882,1,18000,2.38036031464
492177,503030,506750,10853,3720,1,18000,3.91747311828
492177,502923,507620,10746,4697,1,18000,3.28784330424
492178,503347,504210,11169,863,1,18000,13.9420625724
492178,503352,508115,11174,4763,1,18000,3.3460004199
492178,503233,503878,11055,645,1,18000,18.1395348837
492178,503358,507076,11180,3718,1,18000,4.00699300699
492179,503379,504226,11200,847,1,18000,14.2231404959
492179,503368,513306,11189,9938,1,18000,2.12588045884
492179,503363,511394,11184,8031,1,18000,2.39260366081
492179,503374,504016,11195,642,1,18000,18.437694704
492180,503405,506423,11225,3018,1,18000,4.71935056329
492180,503384,507032,11204,3648,1,18000,4.07127192982
492180,503586,511197,11406,7611,1,18000,2.49862041782
492180,503469,510144,11289,6675,1,18000,2.69123595506
492180,503652,503971,11472,319,1,18000,36.9623824451
492181,503889,504335,11708,446,1,18000,27.2511210762
492181,503982,507634,11801,3652,1,18000,4.23138006572
492181,504037,511109,11856,7072,1,18000,2.67647058824
492181,504025,506925,11844,2900,1,18000,5.08413793103
492182,504221,504546,12039,325,1,18000,38.0430769231
492182,504095,511600,11913,7505,1,18000,2.58734177215
492182,504237,504670,12055,433,1,18000,28.8406466513
492182,504270,507076,12088,2806,1,18000,5.30791161796
492183,504557,510740,12374,6183,1,18000,3.00129387029
492183,504435,510134,12252,5699,1,18000,3.14985085103
492183,504346,505118,12163,772,1,18000,16.7551813472
492183,504646,504810,12463,164,1,18000,76.993902439
492184,504659,507435,12475,2776,1,18000,5.49387608069
492184,504653,504890,12469,237,1,18000,53.611814346
492184,504688,510438,12504,5750,1,18000,3.17460869565
492184,504693,511039,12509,6346,1,18000,2.97116293728
492184,504681,505465,12497,784,1,18000,16.9400510204
492185,504872,505282,12687,410,1,18000,31.943902439
492185,504704,505360,12519,656,1,18000,20.0838414634
492185,504824,510082,12639,5258,1,18000,3.40376569038
492185,504699,504861,12514,162,1,18000,78.2469135802
492186,505116,505203,12930,87,1,18000,149.620689655
492186,504901,510649,12715,5748,1,18000,3.21207376479
492186,505039,505105,12853,66,1,18000,195.742424242
492186,505028,511008,12842,5980,1,18000,3.1474916388
492187,505214,505520,13027,306,1,18000,43.5718954248
492187,505263,511020,13076,5757,1,18000,3.27132186903
492187,505129,507902,12942,2773,1,18000,5.66714749369
492187,505293,511268,13106,5975,1,18000,3.19347280335
492188,505421,505739,13233,318,1,18000,42.6132075472
492188,505340,505410,13152,70,1,18000,188.885714286
492188,505371,508313,13183,2942,1,18000,5.48096532971
492188,505347,505455,13159,108,1,18000,122.842592593
492189,505476,511801,13287,6325,1,18000,3.10071146245
492189,505466,511685,13277,6219,1,18000,3.13490914938
492189,505531,505628,13342,97,1,18000,138.546391753
492189,505579,505625,13390,46,1,18000,292.086956522
492190,505750,512084,13560,6334,1,18000,3.14082728134
492190,505643,505958,13453,315,1,18000,43.7079365079
492190,505649,511950,13459,6301,1,18000,3.13601015712
492190,505636,508584,13446,2948,1,18000,5.56105834464
492191,505845,505907,13654,62,1,18000,221.225806452
492191,505919,505963,13728,44,1,18000,313.0
492197,492208,493760,11,1552,2,7200,1.00708762887
492221,492228,493731,7,1503,2,7200,1.00465735196
492222,492235,493834,13,1599,2,7200,1.0081300813
492232,505980,510907,13748,4927,1,18000,3.79033894865
492232,505974,513370,13742,7396,1,18000,2.85803136831
492233,506271,517598,14038,11327,1,18000,2.23933963097
492233,506438,522170,14205,15732,1,18000,1.90293668955
492234,506936,509922,14702,2986,1,18000,5.92364367046
492234,507087,512139,14853,5052,1,18000,3.94002375297
492234,506761,508986,14527,2225,1,18000,7.52898876404
492234,507043,514533,14809,7490,1,18000,2.97716955941
492235,507366,509642,15131,2276,1,18000,7.64806678383
492235,507092,518634,14857,11542,1,18000,2.28721192168
492235,507446,510391,15211,2945,1,18000,6.16502546689
492235,507281,523528,15046,16247,1,18000,1.92607866068
492244,492255,493851,11,1596,2,7200,1.00689223058
492266,492276,493870,10,1594,2,7200,1.00627352572
492312,512386,513094,20074,708,2,18000,29.3531073446
492355,492365,493965,10,1600,2,7200,1.00625
492370,492377,493932,7,1555,2,7200,1.00450160772
492511,492520,494124,9,1604,2,7200,1.00561097257
492536,492548,494219,12,1671,2,7200,1.00718132855
492989,492999,494558,10,1559,2,7200,1.00641436818
493059,493070,494575,11,1505,2,7200,1.0073089701
493178,493187,494775,9,1588,2,7200,1.0056675063
493196,493203,494764,7,1561,2,7200,1.00448430493
493212,493219,494921,7,1702,2,7200,1.00411280846
493226,512592,514751,19366,2159,2,18000,9.9698934692
493244,493254,494834,10,1580,2,7200,1.00632911392
493246,493262,494867,16,1605,2,7200,1.00996884735
493263,493270,494807,7,1537,2,7200,1.00455432661
493332,493343,494908,11,1565,2,7200,1.00702875399
493348,493355,494856,7,1501,2,7200,1.00466355763
493451,493462,495079,11,1617,2,7200,1.00680272109
493482,493493,495036,11,1543,2,7200,1.00712896954
493520,493531,495200,11,1669,2,7200,1.00659077292
493537,493544,495054,7,1510,2,7200,1.00463576159
493538,493551,495079,13,1528,2,7200,1.0085078534
493540,493556,495135,16,1579,2,7200,1.01013299557
493547,493562,495091,15,1529,2,7200,1.00981033355
493582,493591,495221,9,1630,2,7200,1.00552147239
493598,493604,495285,6,1681,2,7200,1.00356930399
493599,493610,495193,11,1583,2,7200,1.00694883133
493615,493625,495187,10,1562,2,7200,1.00640204866
493637,493645,495151,8,1506,2,7200,1.00531208499
493638,493651,495237,13,1586,2,7200,1.00819672131
493655,493662,495226,7,1564,2,7200,1.00447570332
493671,493677,495339,6,1662,2,7200,1.0036101083
493690,493699,495308,9,1609,2,7200,1.00559353636
493702,512610,513490,18908,880,2,18000,22.4863636364
493706,493713,495289,7,1576,2,7200,1.00444162437
493707,493720,495120,13,1400,2,7200,1.00928571429
493723,493729,495362,6,1633,2,7200,1.00367421923
493739,493746,495268,7,1522,2,7200,1.00459921156
493764,493773,495290,9,1517,2,7200,1.00593276203
493838,493847,495409,9,1562,2,7200,1.00576184379
493853,493863,495421,10,1558,2,7200,1.00641848524
493872,493882,495365,10,1483,2,7200,1.00674308833
493935,493944,495511,9,1567,2,7200,1.00574345884
493966,493977,495601,11,1624,2,7200,1.00677339901
493995,512670,518753,18675,6083,2,14400,4.07003123459
494033,494042,495640,9,1598,2,7200,1.00563204005
494126,494136,495701,10,1565,2,7200,1.00638977636
494221,494231,495790,10,1559,2,7200,1.00641436818
494299,494310,495937,11,1627,2,7200,1.00676090965
494560,494570,496245,10,1675,2,7200,1.00597014925
494576,494587,496115,11,1528,2,7200,1.00719895288
494766,494775,496385,9,1610,2,7200,1.00559006211
494782,494788,496411,6,1623,2,7200,1.00369685767
494810,494820,496385,10,1565,2,7200,1.00638977636
494836,494846,496466,10,1620,2,7200,1.00617283951
494858,494869,496520,11,1651,2,7200,1.00666262871
494874,494882,496451,8,1569,2,7200,1.00509878904
494909,494921,496574,12,1653,2,7200,1.00725952813
494925,494932,496626,7,1694,2,7200,1.0041322314
495037,495048,497185,11,2137,2,7200,1.0051474029
495056,495066,496973,10,1907,2,7200,1.00524383849
495082,495091,496637,9,1546,2,7200,1.00582147477
495084,495096,496704,12,1608,2,7200,1.00746268657
495100,495107,496767,7,1660,2,7200,1.00421686747
495122,495132,496735,10,1603,2,7200,1.00623830318
495138,495148,496762,10,1614,2,7200,1.00619578686
495154,495163,496798,9,1635,2,7200,1.00550458716
495188,495199,496796,11,1597,2,7200,1.00688791484
495204,495211,496782,7,1571,2,7200,1.00445576066
495206,495218,496756,12,1538,2,7200,1.0078023407
495222,495233,496750,11,1517,2,7200,1.00725115359
495238,495244,496708,6,1464,2,7200,1.00409836066
495240,495251,496814,11,1563,2,7200,1.00703774792
495271,495281,496857,10,1576,2,7200,1.00634517766
495287,495297,496826,10,1529,2,7200,1.00654022237
495302,495309,496868,7,1559,2,7200,1.00449005773
495304,495316,496873,12,1557,2,7200,1.00770712909
495320,495326,496984,6,1658,2,7200,1.00361881785
495342,495351,496944,9,1593,2,7200,1.00564971751
495364,495375,496898,11,1523,2,7200,1.007222587
495380,495387,496940,7,1553,2,7200,1.00450740502
495411,495420,497020,9,1600,2,7200,1.005625
495427,495435,497040,8,1605,2,7200,1.00498442368
495515,495523,497076,8,1553,2,7200,1.00515132003
495603,495613,497072,10,1459,2,7200,1.0068540096
495644,495653,497145,9,1492,2,7200,1.00603217158
495647,511120,546160,15473,35040,6,72000,1.44158105023
495704,495714,497207,10,1493,2,7200,1.00669792364
495791,495802,497395,11,1593,2,7200,1.0069052103
495940,495949,497486,9,1537,2,7200,1.00585556278
496076,512647,514461,16571,1814,2,18000,10.1350606395
496117,496127,497639,10,1512,2,7200,1.00661375661
496246,496257,497898,11,1641,2,7200,1.00670322974
496386,496397,498236,11,1839,2,7200,1.00598151169
496388,496402,497933,14,1531,2,7200,1.0091443501
496414,496423,497972,9,1549,2,7200,1.00581020013
496452,496463,498036,11,1573,2,7200,1.00699300699
496468,496478,498165,10,1687,2,7200,1.00592768228
496524,496533,498022,9,1489,2,7200,1.00604432505
496577,496586,498170,9,1584,2,7200,1.00568181818
496630,496639,498185,9,1546,2,7200,1.00582147477
496646,496652,498286,6,1634,2,7200,1.00367197062
496706,496716,498332,10,1616,2,7200,1.00618811881
496721,496729,498328,8,1599,2,7200,1.00500312695
496737,496747,498259,10,1512,2,7200,1.00661375661
496753,496762,498301,9,1539,2,7200,1.00584795322
496769,496775,498268,6,1493,2,7200,1.00401875419
496771,496782,498380,11,1598,2,7200,1.00688360451
496772,496787,498425,15,1638,2,7200,1.00915750916
496789,496796,498326,7,1530,2,7200,1.0045751634
496805,496811,498377,6,1566,2,7200,1.00383141762
496807,496818,498348,11,1530,2,7200,1.00718954248
496822,496828,498391,6,1563,2,7200,1.00383877159
496838,496844,498376,6,1532,2,7200,1.00391644909
496860,496870,498315,10,1445,2,7200,1.00692041522
496876,496883,498466,7,1583,2,7200,1.00442198358
496878,496890,498480,12,1590,2,7200,1.00754716981
496901,496910,498525,9,1615,2,7200,1.00557275542
496943,496952,498487,9,1535,2,7200,1.00586319218
496959,496965,498651,6,1686,2,7200,1.00355871886
496975,496986,498507,11,1521,2,7200,1.00723208416
496991,496997,498656,6,1659,2,7200,1.00361663653
497022,497032,498597,10,1565,2,7200,1.00638977636
497041,497053,498584,12,1531,2,7200,1.00783801437
497074,497084,498698,10,1614,2,7200,1.00619578686
497089,497095,498745,6,1650,2,7200,1.00363636364
497146,497157,498696,11,1539,2,7200,1.00714749838
497187,497196,498796,9,1600,2,7200,1.005625
497210,497216,498742,6,1526,2,7200,1.00393184797
497398,497404,499140,6,1736,2,7200,1.0034562212
497490,497496,499096,6,1600,2,7200,1.00375
497641,497648,499143,7,1495,2,7200,1.00468227425
497901,497907,499518,6,1611,2,7200,1.00372439479
497936,497942,499546,6,1604,2,7200,1.00374064838
497974,497980,499583,6,1603,2,7200,1.00374298191
498024,498030,499658,6,1628,2,7200,1.00368550369
498040,498047,499709,7,1662,2,7200,1.00421179302
498166,498173,499731,7,1558,2,7200,1.00449293967
498182,498188,499711,6,1523,2,7200,1.00393959291
498198,498204,499744,6,1540,2,7200,1.0038961039
498240,498392,499964,152,1572,2,7200,1.09669211196
498262,498397,499978,135,1581,2,7200,1.08538899431
498391,498405,499993,14,1588,2,7200,1.00881612091
498393,498410,499879,17,1469,2,7200,1.0115724983
498405,498417,499981,12,1564,2,7200,1.00767263427
498407,498422,500010,15,1588,2,7200,1.00944584383
498414,498429,500018,15,1589,2,7200,1.00943989931
498421,498434,500007,13,1573,2,7200,1.00826446281
498428,498441,500037,13,1596,2,7200,1.00814536341
498435,498448,499978,13,1530,2,7200,1.00849673203
498437,498453,500030,16,1577,2,7200,1.01014584654
498443,498460,500088,17,1628,2,7200,1.01044226044
498450,498465,500018,15,1553,2,7200,1.00965872505
498457,498471,499983,14,1512,2,7200,1.00925925926
498474,498501,500171,27,1670,2,7200,1.01616766467
498476,498506,500101,30,1595,2,7200,1.01880877743
498503,498513,500104,10,1591,2,7200,1.00628535512
498505,498518,500210,13,1692,2,7200,1.00768321513
498521,498527,500152,6,1625,2,7200,1.00369230769
498536,498543,500110,7,1567,2,7200,1.00446713465
498586,498593,500192,7,1599,2,7200,1.00437773609
498603,498610,500290,7,1680,2,7200,1.00416666667
498653,498660,500289,7,1629,2,7200,1.00429711479
498669,498676,500292,7,1616,2,7200,1.00433168317
498698,498704,500393,6,1689,2,7200,1.00355239787
498699,498711,500160,12,1449,2,7200,1.0082815735
498744,498751,500277,7,1526,2,7200,1.00458715596
498760,498770,500381,10,1611,2,7200,1.00620732464
498800,498807,500404,7,1597,2,7200,1.00438321853
499098,499108,500839,10,1731,2,7200,1.00577700751
499142,499152,500691,10,1539,2,7200,1.0064977258
499158,499165,500778,7,1613,2,7200,1.00433973962
499521,499531,501860,10,2329,2,7200,1.00429368828
499550,499559,501073,9,1514,2,7200,1.00594451783
499585,499595,501162,10,1567,2,7200,1.00638162093
499661,499670,501150,9,1480,2,7200,1.00608108108
499709,499721,501286,12,1565,2,7200,1.00766773163
499725,499731,501206,6,1475,2,7200,1.00406779661
499741,499751,501312,10,1561,2,7200,1.0064061499
499758,499772,501521,14,1749,2,7200,1.00800457404
499881,499891,501468,10,1577,2,7200,1.00634115409
499966,499977,501508,11,1531,2,7200,1.00718484651
499982,499991,501581,9,1590,2,7200,1.00566037736
499984,499996,502092,12,2096,2,7200,1.00572519084
499990,500056,501634,66,1578,2,7200,1.04182509506
500007,500074,501741,67,1667,2,7200,1.04019196161
500056,500079,501494,23,1415,2,7200,1.01625441696
500073,500091,501606,18,1515,2,7200,1.01188118812
500075,500096,501671,21,1575,2,7200,1.01333333333
500087,500103,501627,16,1524,2,7200,1.01049868766
500094,500108,501611,14,1503,2,7200,1.00931470393
500101,500120,501673,19,1553,2,7200,1.01223438506
500108,500125,501852,17,1727,2,7200,1.00984365953
500125,500132,501748,7,1616,2,7200,1.00433168317
500126,500138,501647,12,1509,2,7200,1.00795228628
500128,500143,501752,15,1609,2,7200,1.0093225606
500135,500151,501764,16,1613,2,7200,1.00991940484
500154,500175,501666,21,1491,2,7200,1.01408450704
500170,500182,501886,12,1704,2,7200,1.00704225352
500186,500192,501735,6,1543,2,7200,1.00388852884
500202,500211,501769,9,1558,2,7200,1.00577663671
500217,500224,501852,7,1628,2,7200,1.0042997543
500279,500290,501800,11,1510,2,7200,1.00728476821
500296,500309,501880,13,1571,2,7200,1.00827498409
500297,500314,501963,17,1649,2,7200,1.01030927835
500304,500321,501903,17,1582,2,7200,1.01074589128
500383,500393,502072,10,1679,2,7200,1.00595592615
500399,500405,502050,6,1645,2,7200,1.00364741641
500416,500422,502015,6,1593,2,7200,1.00376647834
500693,500699,502331,6,1632,2,7200,1.00367647059
500780,500786,502418,6,1632,2,7200,1.00367647059
500843,500850,502480,7,1630,2,7200,1.00429447853
501075,501081,502635,6,1554,2,7200,1.00386100386
501153,501159,502731,6,1572,2,7200,1.00381679389
501169,501175,502807,6,1632,2,7200,1.00367647059
501209,501215,502875,6,1660,2,7200,1.00361445783
501288,501295,502867,7,1572,2,7200,1.00445292621
501313,501319,502947,6,1628,2,7200,1.00368550369
501471,501478,503114,7,1636,2,7200,1.00427872861
501497,501503,503142,6,1639,2,7200,1.00366076876
501513,501519,503043,6,1524,2,7200,1.00393700787
501528,501534,503136,6,1602,2,7200,1.00374531835
501582,501589,503220,7,1631,2,7200,1.00429184549
501609,501615,503275,6,1660,2,7200,1.00361445783
501625,501631,503226,6,1595,2,7200,1.00376175549
501641,501648,503743,7,2095,2,7200,1.00334128878
501643,501654,503212,11,1558,2,7200,1.00706033376
501658,501665,503242,7,1577,2,7200,1.00443880786
501675,501681,503242,6,1561,2,7200,1.00384368994
501676,501688,503185,12,1497,2,7200,1.00801603206
501678,501693,503284,15,1591,2,7200,1.00942803268
501743,501749,503192,6,1443,2,7200,1.00415800416
501745,501756,503396,11,1640,2,7200,1.00670731707
501761,501768,503251,7,1483,2,7200,1.00472016183
501763,501775,503511,12,1736,2,7200,1.0069124424
501779,501786,503356,7,1570,2,7200,1.00445859873
501781,501793,503357,12,1564,2,7200,1.00767263427
501803,501809,503405,6,1596,2,7200,1.0037593985
501854,501860,503462,6,1602,2,7200,1.00374531835
501856,501867,503534,11,1667,2,7200,1.00659868026
501872,501879,503525,7,1646,2,7200,1.0042527339
501888,501894,503505,6,1611,2,7200,1.00372439479
501890,501901,503443,11,1542,2,7200,1.00713359274
501905,501911,503554,6,1643,2,7200,1.00365185636
501965,501971,503474,6,1503,2,7200,1.00399201597
502019,502026,503608,7,1582,2,7200,1.00442477876
502053,502060,503673,7,1613,2,7200,1.00433973962
502075,502082,503634,7,1552,2,7200,1.00451030928
502094,502115,503756,21,1641,2,7200,1.01279707495
502333,502339,504013,6,1674,2,7200,1.00358422939
502420,502427,503882,7,1455,2,7200,1.00481099656
502481,502496,504322,15,1826,2,7200,1.00821467689
502636,502643,504138,7,1495,2,7200,1.00468227425
502734,502741,504289,7,1548,2,7200,1.00452196382
502810,502817,504226,7,1409,2,7200,1.00496806246
502871,502878,504468,7,1590,2,7200,1.00440251572
502887,502893,504372,6,1479,2,7200,1.00405679513
502950,502957,504560,7,1603,2,7200,1.00436681223
503045,503051,504579,6,1528,2,7200,1.00392670157
503118,503126,504691,8,1565,2,7200,1.00511182109
503138,503148,504741,10,1593,2,7200,1.0062774639
503154,503161,504714,7,1553,2,7200,1.00450740502
503187,503197,504726,10,1529,2,7200,1.00654022237
503203,503209,504869,6,1660,2,7200,1.00361445783
503220,503227,504898,7,1671,2,7200,1.00418910832
503236,503243,504806,7,1563,2,7200,1.00447856686
503238,503250,504778,12,1528,2,7200,1.00785340314
503255,503261,504818,6,1557,2,7200,1.00385356455
503257,503268,505097,11,1829,2,7200,1.00601421542
503259,503273,504821,14,1548,2,7200,1.00904392765
503280,503286,504839,6,1553,2,7200,1.00386349002
503297,503304,504868,7,1564,2,7200,1.00447570332
503360,503392,504906,32,1514,2,7200,1.02113606341
503361,503397,505005,36,1608,2,7200,1.0223880597
503391,509654,851700,6263,342046,1,342000,1.01831040269
503399,503413,505124,14,1711,2,7200,1.0081823495
503415,503422,504883,7,1461,2,7200,1.00479123888
503445,503456,505028,11,1572,2,7200,1.00699745547
503465,503477,505024,12,1547,2,7200,1.00775694893
503482,503488,504996,6,1508,2,7200,1.00397877984
503509,503518,505120,9,1602,2,7200,1.00561797753
503526,503533,505134,7,1601,2,7200,1.00437226733
503527,503540,505223,13,1683,2,7200,1.00772430184
503544,503550,505032,6,1482,2,7200,1.004048583
503562,503568,505022,6,1454,2,7200,1.00412654746
503611,503621,505538,10,1917,2,7200,1.00521648409
503638,503646,505177,8,1531,2,7200,1.00522534291
503675,503684,505160,9,1476,2,7200,1.00609756098
503747,503756,505244,9,1488,2,7200,1.0060483871
503764,503771,505345,7,1574,2,7200,1.00444726811
503884,503897,505512,13,1615,2,7200,1.0080495356
504016,504031,505714,15,1683,2,7200,1.00891265597
504140,504150,505554,10,1404,2,7200,1.00712250712
504228,504243,505849,15,1606,2,7200,1.00933997509
504292,504302,505839,10,1537,2,7200,1.00650618087
504325,504334,505839,9,1505,2,7200,1.00598006645
504375,504384,505956,9,1572,2,7200,1.00572519084
504472,504479,506044,7,1565,2,7200,1.00447284345
504563,504572,506262,9,1690,2,7200,1.00532544379
504582,504591,506106,9,1515,2,7200,1.00594059406
504693,504711,506324,18,1613,2,7200,1.01115933044
504717,504726,506177,9,1451,2,7200,1.00620261888
504734,504741,506403,7,1662,2,7200,1.00421179302
504750,504757,506280,7,1523,2,7200,1.00459619173
504782,504790,506403,8,1613,2,7200,1.00495970242
504808,504818,506420,10,1602,2,7200,1.00624219725
504825,504832,506345,7,1513,2,7200,1.00462656973
504826,504839,506408,13,1569,2,7200,1.00828553219
504843,504852,506382,9,1530,2,7200,1.00588235294
504870,504879,506371,9,1492,2,7200,1.00603217158
504872,504887,506519,15,1632,2,7200,1.00919117647
504888,504895,506522,7,1627,2,7200,1.00430239705
504905,504911,506497,6,1586,2,7200,1.00378310214
504921,504927,506521,6,1594,2,7200,1.00376411543
504998,505008,506521,10,1513,2,7200,1.00660938533
505015,505021,506529,6,1508,2,7200,1.00397877984
505033,505044,506540,11,1496,2,7200,1.00735294118
505034,505052,506722,18,1670,2,7200,1.01077844311
505041,505057,506624,16,1567,2,7200,1.01021059349
505048,505064,506575,16,1511,2,7200,1.0105890139
505099,505108,506721,9,1613,2,7200,1.00557966522
505123,505136,506720,13,1584,2,7200,1.00820707071
505141,505148,506853,7,1705,2,7200,1.00410557185
505142,505153,506653,11,1500,2,7200,1.00733333333
505162,505172,506705,10,1533,2,7200,1.00652315721
505178,505189,506801,11,1612,2,7200,1.00682382134
505226,505235,506859,9,1624,2,7200,1.00554187192
505241,509935,511347,4694,1412,1,14400,4.32436260623
505248,505257,506788,9,1531,2,7200,1.00587851078
505347,505357,506979,10,1622,2,7200,1.00616522811
505514,505524,507127,10,1603,2,7200,1.00623830318
505541,505551,507133,10,1582,2,7200,1.00632111252
505556,505567,507131,11,1564,2,7200,1.00703324808
505716,505726,507394,10,1668,2,7200,1.00599520384
505843,505853,507397,10,1544,2,7200,1.00647668394
505844,505858,507485,14,1627,2,7200,1.0086047941
505861,505867,507460,6,1593,2,7200,1.00376647834
505959,505968,507565,9,1597,2,7200,1.00563556669
506046,506056,507570,10,1514,2,7200,1.00660501982
506107,506118,507678,11,1560,2,7200,1.00705128205
506179,506189,507807,10,1618,2,7200,1.00618046972
506266,506279,507900,13,1621,2,7200,1.0080197409
506282,506292,507886,10,1594,2,7200,1.00627352572
506326,506336,507913,10,1577,2,7200,1.00634115409
506349,506358,507959,9,1601,2,7200,1.00562148657
506373,506383,507900,10,1517,2,7200,1.00659195781
506389,506395,508073,6,1678,2,7200,1.00357568534
506406,506415,507934,9,1519,2,7200,1.00592495063
506407,506420,508060,13,1640,2,7200,1.00792682927
506425,506432,507982,7,1550,2,7200,1.00451612903
506427,506444,508004,17,1560,2,7200,1.0108974359
506500,506509,508093,9,1584,2,7200,1.00568181818
506525,506532,508141,7,1609,2,7200,1.00435052828
506527,506539,508099,12,1560,2,7200,1.00769230769
506528,506544,508126,16,1582,2,7200,1.01011378003
506535,506551,508081,16,1530,2,7200,1.01045751634
506551,506558,508067,7,1509,2,7200,1.00463883366
506553,506565,508057,12,1492,2,7200,1.00804289544
506576,506587,508189,11,1602,2,7200,1.00686641698
506626,506636,508246,10,1610,2,7200,1.00621118012
506658,506665,508234,7,1569,2,7200,1.00446144041
506708,506718,508324,10,1606,2,7200,1.00622665006
506725,506734,508239,9,1505,2,7200,1.00598006645
506727,506739,508251,12,1512,2,7200,1.00793650794
506734,506745,508381,11,1636,2,7200,1.00672371638
506790,506800,508410,10,1610,2,7200,1.00621118012
506806,506813,508438,7,1625,2,7200,1.00430769231
506856,506865,508687,9,1822,2,7200,1.00493962678
506875,506881,508560,6,1679,2,7200,1.00357355569
506984,506993,508550,9,1557,2,7200,1.00578034682
507131,507140,508699,9,1559,2,7200,1.00577293137
507133,507147,508748,14,1601,2,7200,1.00874453467
507151,507158,508650,7,1492,2,7200,1.00469168901
507396,507406,508900,10,1494,2,7200,1.00669344043
507413,507419,508948,6,1529,2,7200,1.00392413342
507463,507473,508986,10,1513,2,7200,1.00660938533
507486,507497,509060,11,1563,2,7200,1.00703774792
507567,507577,509128,10,1551,2,7200,1.00644745326
507584,507590,509186,6,1596,2,7200,1.0037593985
507681,507690,509274,9,1584,2,7200,1.00568181818
507809,507819,509359,10,1540,2,7200,1.00649350649
507889,507898,509525,9,1627,2,7200,1.00553165335
507905,507912,509451,7,1539,2,7200,1.00454840806
507906,507924,509475,18,1551,2,7200,1.01160541586
507923,507931,509483,8,1552,2,7200,1.00515463918
507939,507946,509515,7,1569,2,7200,1.00446144041
507962,507971,510600,9,2629,2,7200,1.00342335489
507985,507994,509524,9,1530,2,7200,1.00588235294
508007,508016,509612,9,1596,2,7200,1.00563909774
508061,508069,509570,8,1501,2,7200,1.00532978015
508063,508076,509573,13,1497,2,7200,1.00868403474
508081,508087,509644,6,1557,2,7200,1.00385356455
508082,508094,509711,12,1617,2,7200,1.00742115028
508100,508106,509625,6,1519,2,7200,1.00394996708
508101,508113,509593,12,1480,2,7200,1.00810810811
508103,508118,509623,15,1505,2,7200,1.00996677741
508129,508138,509592,9,1454,2,7200,1.00618982118
508145,508154,509741,9,1587,2,7200,1.0056710775
508192,508201,509789,9,1588,2,7200,1.0056675063
508238,508247,509781,9,1534,2,7200,1.00586701434
508254,508260,509814,6,1554,2,7200,1.00386100386
508256,508267,509750,11,1483,2,7200,1.00741739717
508257,508272,509727,15,1455,2,7200,1.01030927835
508327,508336,509970,9,1634,2,7200,1.00550795594
508384,508393,509985,9,1592,2,7200,1.00565326633
508411,508422,509977,11,1555,2,7200,1.00707395498
508441,508451,509970,10,1519,2,7200,1.00658327847
508554,508563,510165,9,1602,2,7200,1.00561797753
508570,508577,510279,7,1702,2,7200,1.00411280846
508652,508662,510261,10,1599,2,7200,1.00625390869
508689,508699,510331,10,1632,2,7200,1.00612745098
508706,508712,510293,6,1581,2,7200,1.00379506641
508752,508761,510683,9,1922,2,7200,1.00468262227
508902,508912,510520,10,1608,2,7200,1.00621890547
508952,508961,510599,9,1638,2,7200,1.00549450549
508989,508997,510750,8,1753,2,7200,1.00456360525
509064,509073,510700,9,1627,2,7200,1.00553165335
509131,509140,510666,9,1526,2,7200,1.00589777195
509189,509198,510831,9,1633,2,7200,1.00551132884
509278,509287,510792,9,1505,2,7200,1.00598006645
509363,509372,511073,9,1701,2,7200,1.00529100529
509454,509463,511042,9,1579,2,7200,1.00569981001
509477,509487,510986,10,1499,2,7200,1.00667111408
509494,509501,511010,7,1509,2,7200,1.00463883366
509519,509528,511092,9,1564,2,7200,1.0057544757
509535,509542,511203,7,1661,2,7200,1.00421432872
509536,509548,511254,12,1706,2,7200,1.00703399766
509574,509582,511119,8,1537,2,7200,1.0052049447
509576,509589,511019,13,1430,2,7200,1.00909090909
509596,509604,511242,8,1638,2,7200,1.00488400488
509597,509611,511240,14,1629,2,7200,1.00859422959
509615,509625,511214,10,1589,2,7200,1.00629326621
509631,509639,511251,8,1612,2,7200,1.00496277916
509633,509644,511409,11,1765,2,7200,1.00623229462
509650,509661,511190,11,1529,2,7200,1.0071942446
509713,509724,511233,11,1509,2,7200,1.00728959576
509730,509739,511305,9,1566,2,7200,1.00574712644
509746,509757,511433,11,1676,2,7200,1.00656324582
509764,509771,511333,7,1562,2,7200,1.00448143406
509784,509793,511451,9,1658,2,7200,1.00542822678
509801,509807,511409,6,1602,2,7200,1.00374531835
509821,509827,511501,6,1674,2,7200,1.00358422939
509973,509982,511612,9,1630,2,7200,1.00552147239
509975,509987,511587,12,1600,2,7200,1.0075
509992,509998,511700,6,1702,2,7200,1.00352526439
509993,510004,511583,11,1579,2,7200,1.00696643445
510168,510177,511792,9,1615,2,7200,1.00557275542
510263,510273,511916,10,1643,2,7200,1.00608642727
510282,510291,511911,9,1620,2,7200,1.00555555556
510298,510304,511958,6,1654,2,7200,1.00362756953
510332,510343,512015,11,1672,2,7200,1.00657894737
510522,510532,512121,10,1589,2,7200,1.00629326621
510602,510610,512269,8,1659,2,7200,1.00482218204
510603,510617,512303,14,1686,2,7200,1.00830367734
510670,510678,512260,8,1582,2,7200,1.00505689001
510686,510695,512200,9,1505,2,7200,1.00598006645
510703,510712,512140,9,1428,2,7200,1.00630252101
510752,510762,512357,10,1595,2,7200,1.00626959248
510795,510804,512443,9,1639,2,7200,1.00549115314
510835,510844,512444,9,1600,2,7200,1.005625
510988,510996,512459,8,1463,2,7200,1.00546821599
511013,511019,512595,6,1576,2,7200,1.0038071066
511029,511036,512519,7,1483,2,7200,1.00472016183
511045,511051,512598,6,1547,2,7200,1.00387847447
511074,511081,512724,7,1643,2,7200,1.00426049909
511094,511105,512615,11,1510,2,7200,1.00728476821
511120,511126,512716,6,1590,2,7200,1.00377358491
511192,511198,512838,6,1640,2,7200,1.00365853659
511210,511217,512831,7,1614,2,7200,1.00433705081
511226,511234,513052,8,1818,2,7200,1.00440044004
511243,511251,512812,8,1561,2,7200,1.00512491992
511245,511258,512744,13,1486,2,7200,1.00874831763
511247,511263,512942,16,1679,2,7200,1.00952948183
511263,511269,512771,6,1502,2,7200,1.00399467377
511265,511277,512893,12,1616,2,7200,1.00742574257
511309,511316,512835,7,1519,2,7200,1.00460829493
511336,511342,512895,6,1553,2,7200,1.00386349002
511412,511418,513055,6,1637,2,7200,1.0036652413
511414,511425,513117,11,1692,2,7200,1.00650118203
511434,511441,513015,7,1574,2,7200,1.00444726811
511453,511459,512948,6,1489,2,7200,1.00402955003
511502,511509,513006,7,1497,2,7200,1.0046760187
511588,511594,513131,6,1537,2,7200,1.00390370852
511589,511602,513202,13,1600,2,7200,1.008125
511617,511624,513268,7,1644,2,7200,1.00425790754
511701,511708,513363,7,1655,2,7200,1.00422960725
511795,511802,513381,7,1579,2,7200,1.00443318556
511914,511920,513506,6,1586,2,7200,1.00378310214
511931,511938,513769,7,1831,2,7200,1.00382304752
511960,511966,513587,6,1621,2,7200,1.00370141888
512017,512024,513553,7,1529,2,7200,1.00457815566
512124,512131,513750,7,1619,2,7200,1.00432365658
512144,512150,513716,6,1566,2,7200,1.00383141762
512203,512210,513739,7,1529,2,7200,1.00457815566
512264,512271,513842,7,1571,2,7200,1.00445576066
512281,512287,513943,6,1656,2,7200,1.00362318841
512304,512310,513972,6,1662,2,7200,1.0036101083
512360,512393,514123,33,1730,2,7200,1.01907514451
512446,512452,514025,6,1573,2,7200,1.00381436745
512447,512459,514140,12,1681,2,7200,1.00713860797
512469,512475,514006,6,1531,2,7200,1.00391900718
512521,512527,514028,6,1501,2,7200,1.00399733511
512597,512604,514239,7,1635,2,7200,1.00428134557
512613,512619,514226,6,1607,2,7200,1.00373366521
512630,512636,514282,6,1646,2,7200,1.00364520049
512719,512725,514201,6,1476,2,7200,1.00406504065
512735,512742,514405,7,1663,2,7200,1.00420926037
512752,512758,514417,6,1659,2,7200,1.00361663653
512774,512781,514529,7,1748,2,7200,1.00400457666
512815,512821,514221,6,1400,2,7200,1.00428571429
512836,512842,514505,6,1663,2,7200,1.00360793746
512837,512848,514508,11,1660,2,7200,1.00662650602
512854,512860,514364,6,1504,2,7200,1.0039893617
512896,512902,514486,6,1584,2,7200,1.00378787879
512898,512908,514454,10,1546,2,7200,1.0064683053
512945,512951,514547,6,1596,2,7200,1.0037593985
512962,512968,514542,6,1574,2,7200,1.00381194409
513012,513018,514615,6,1597,2,7200,1.00375704446
513029,513036,514642,7,1606,2,7200,1.00435865504
513054,513060,514684,6,1624,2,7200,1.00369458128
513070,513076,514649,6,1573,2,7200,1.00381436745
513121,513127,514733,6,1606,2,7200,1.00373599004
513137,513143,514768,6,1625,2,7200,1.00369230769
513204,513210,514819,6,1609,2,7200,1.00372902424
513270,513277,514946,7,1669,2,7200,1.00419412822
513365,513371,514947,6,1576,2,7200,1.0038071066
513384,513390,514845,6,1455,2,7200,1.00412371134
513509,513515,515119,6,1604,2,7200,1.00374064838
513556,513562,515097,6,1535,2,7200,1.00390879479
513590,513596,515281,6,1685,2,7200,1.00356083086
513718,513724,515249,6,1525,2,7200,1.00393442623
513741,513748,515207,7,1459,2,7200,1.00479780672
513758,513764,515272,6,1508,2,7200,1.00397877984
513774,513780,515287,6,1507,2,7200,1.00398142004
513845,513851,515499,6,1648,2,7200,1.0036407767
513946,513952,515520,6,1568,2,7200,1.00382653061
513975,513981,515432,6,1451,2,7200,1.00413507926
514009,514015,515610,6,1595,2,7200,1.00376175549
514029,514035,515621,6,1586,2,7200,1.00378310214
514030,514041,515582,11,1541,2,7200,1.00713822193
514125,514131,515729,6,1598,2,7200,1.00375469337
514145,514151,515813,6,1662,2,7200,1.0036101083
514203,514209,515681,6,1472,2,7200,1.00407608696
514229,514235,515851,6,1616,2,7200,1.00371287129
514230,514241,515813,11,1572,2,7200,1.00699745547
514247,514254,515789,7,1535,2,7200,1.00456026059
514285,514292,515857,7,1565,2,7200,1.00447284345
514366,514372,515977,6,1605,2,7200,1.00373831776
514409,514415,515944,6,1529,2,7200,1.00392413342
514425,514431,516067,6,1636,2,7200,1.00366748166
514459,514465,516085,6,1620,2,7200,1.0037037037
514489,514495,516067,6,1572,2,7200,1.00381679389
514509,514515,516156,6,1641,2,7200,1.00365630713
514510,514521,516067,11,1546,2,7200,1.00711513583
514534,514540,516106,6,1566,2,7200,1.00383141762
514550,514557,516105,7,1548,2,7200,1.00452196382
514552,514563,516178,11,1615,2,7200,1.00681114551
514617,514623,516172,6,1549,2,7200,1.00387346675
514645,514651,516315,6,1664,2,7200,1.00360576923
514661,514667,516256,6,1589,2,7200,1.00377595972
514685,514691,516286,6,1595,2,7200,1.00376175549
514734,514740,516331,6,1591,2,7200,1.00377121307
514771,514777,516365,6,1588,2,7200,1.00377833753
514820,514826,516400,6,1574,2,7200,1.00381194409
514847,514854,516357,7,1503,2,7200,1.00465735196
514948,514954,516490,6,1536,2,7200,1.00390625
514949,514960,516498,11,1538,2,7200,1.00715214564
515099,515106,516754,7,1648,2,7200,1.00424757282
515124,515131,516650,7,1519,2,7200,1.00460829493
515210,515216,516713,6,1497,2,7200,1.00400801603
515251,515257,516892,6,1635,2,7200,1.00366972477
515274,515281,516792,7,1511,2,7200,1.00463269358
515291,515297,516843,6,1546,2,7200,1.00388098318
515292,515303,516951,11,1648,2,7200,1.00667475728
515435,515442,516993,7,1551,2,7200,1.00451321728
515501,515507,517096,6,1589,2,7200,1.00377595972
515523,515529,516950,6,1421,2,7200,1.00422237861
515584,515590,517189,6,1599,2,7200,1.00375234522
515611,515617,517222,6,1605,2,7200,1.00373831776
515628,515634,517287,6,1653,2,7200,1.00362976407
515684,515690,517279,6,1589,2,7200,1.00377595972
515731,515737,517226,6,1489,2,7200,1.00402955003
515792,515798,517324,6,1526,2,7200,1.00393184797
515815,515821,517334,6,1513,2,7200,1.0039656312
515817,515827,517286,10,1459,2,7200,1.0068540096
515855,515861,517449,6,1588,2,7200,1.00377833753
515871,515877,517453,6,1576,2,7200,1.0038071066
515919,517298,519550,1379,2252,36,72000,1.61234458259
515946,515952,517589,6,1637,2,7200,1.0036652413
515980,515986,517554,6,1568,2,7200,1.00382653061
516071,516077,517532,6,1455,2,7200,1.00412371134
516072,516085,517672,13,1587,2,7200,1.0081915564
516074,516090,517668,16,1578,2,7200,1.01013941698
516091,516096,517688,5,1592,2,7200,1.00314070352
516107,516113,517670,6,1557,2,7200,1.00385356455
516109,516119,517678,10,1559,2,7200,1.00641436818
516160,516166,517756,6,1590,2,7200,1.00377358491
516177,516183,517837,6,1654,2,7200,1.00362756953
516193,516199,517896,6,1697,2,7200,1.00353565115
516260,516265,517704,5,1439,2,7200,1.00347463516
516290,516297,517838,7,1541,2,7200,1.00454250487
516318,516324,517965,6,1641,2,7200,1.00365630713
516335,516341,518063,6,1722,2,7200,1.00348432056
516358,516364,517929,6,1565,2,7200,1.00383386581
516375,516381,517900,6,1519,2,7200,1.00394996708
516402,516409,518105,7,1696,2,7200,1.00412735849
516493,516499,518089,6,1590,2,7200,1.00377358491
516510,516516,518177,6,1661,2,7200,1.00361228176
516653,516659,518278,6,1619,2,7200,1.00370599135
516717,516723,518393,6,1670,2,7200,1.00359281437
516757,516763,518389,6,1626,2,7200,1.0036900369
516794,516801,518519,7,1718,2,7200,1.00407450524
516845,516851,518388,6,1537,2,7200,1.00390370852
516895,516902,518430,7,1528,2,7200,1.00458115183
516952,516958,518545,6,1587,2,7200,1.00378071834
516954,516966,518502,12,1536,2,7200,1.0078125
516995,517001,518526,6,1525,2,7200,1.00393442623
517099,517105,518650,6,1545,2,7200,1.00388349515
517193,517199,518760,6,1561,2,7200,1.00384368994
517224,517230,518812,6,1582,2,7200,1.00379266751
517241,517247,518842,6,1595,2,7200,1.00376175549
517282,517288,518767,6,1479,2,7200,1.00405679513
517299,517305,519010,6,1705,2,7200,1.00351906158
517300,517311,518810,11,1499,2,7200,1.00733822548
517327,517333,518970,6,1637,2,7200,1.0036652413
517343,517350,518963,7,1613,2,7200,1.00433973962
517452,517458,518976,6,1518,2,7200,1.00395256917
517469,517475,519052,6,1577,2,7200,1.00380469245
517534,517540,519125,6,1585,2,7200,1.00378548896
517558,517564,519164,6,1600,2,7200,1.00375
517592,517598,519159,6,1561,2,7200,1.00384368994
517672,517679,519294,7,1615,2,7200,1.00433436533
517674,517685,519175,11,1490,2,7200,1.00738255034
517676,517690,519160,14,1470,2,7200,1.00952380952
517695,517701,519337,6,1636,2,7200,1.00366748166
517696,517707,519210,11,1503,2,7200,1.00731869594
517713,517719,519290,6,1571,2,7200,1.00381922342
517760,517766,519338,6,1572,2,7200,1.00381679389
517848,517854,519317,6,1463,2,7200,1.004101162
517849,517860,519527,11,1667,2,7200,1.00659868026
517900,517906,519450,6,1544,2,7200,1.00388601036
517916,517923,519464,7,1541,2,7200,1.00454250487
517933,517939,519460,6,1521,2,7200,1.00394477318
517968,517974,519832,6,1858,2,7200,1.00322927879
518066,518072,519551,6,1479,2,7200,1.00405679513
518093,518100,519645,7,1545,2,7200,1.00453074434
518110,518116,519613,6,1497,2,7200,1.00400801603
518180,518186,519871,6,1685,2,7200,1.00356083086
518282,518288,519909,6,1621,2,7200,1.00370141888
518390,518396,519991,6,1595,2,7200,1.00376175549
518392,518402,519987,10,1585,2,7200,1.00630914826
518409,518415,520013,6,1598,2,7200,1.00375469337
518432,518438,520128,6,1690,2,7200,1.00355029586
518505,518511,520107,6,1596,2,7200,1.0037593985
518521,518527,520076,6,1549,2,7200,1.00387346675
518537,518543,520214,6,1671,2,7200,1.00359066427
518553,518559,520212,6,1653,2,7200,1.00362976407
518653,518660,520349,7,1689,2,7200,1.00414446418
518763,518769,520279,6,1510,2,7200,1.00397350993
518780,518786,520295,6,1509,2,7200,1.00397614314
518814,518820,520403,6,1583,2,7200,1.00379027164
518815,518826,520371,11,1545,2,7200,1.0071197411
518843,518849,520442,6,1593,2,7200,1.00376647834
518967,518973,520677,6,1704,2,7200,1.00352112676
518983,518989,520554,6,1565,2,7200,1.00383386581
518985,518995,520696,10,1701,2,7200,1.00587889477
519012,519018,520527,6,1509,2,7200,1.00397614314
519055,519061,520627,6,1566,2,7200,1.00383141762
519129,519135,520737,6,1602,2,7200,1.00374531835
519164,519170,520766,6,1596,2,7200,1.0037593985
519166,519177,520720,11,1543,2,7200,1.00712896954
519167,519183,520951,16,1768,2,7200,1.00904977376
519183,519189,520703,6,1514,2,7200,1.00396301189
519213,519219,520816,6,1597,2,7200,1.00375704446
519292,519298,520903,6,1605,2,7200,1.00373831776
519308,519314,520940,6,1626,2,7200,1.0036900369
519325,519331,520877,6,1546,2,7200,1.00388098318
519341,519347,520961,6,1614,2,7200,1.00371747212
519342,519353,521040,11,1687,2,7200,1.0065204505
519453,519459,521006,6,1547,2,7200,1.00387847447
519469,519475,521239,6,1764,2,7200,1.00340136054
519470,519482,521179,12,1697,2,7200,1.0070713023
519529,519535,521328,6,1793,2,7200,1.0033463469
519552,519558,521088,6,1530,2,7200,1.00392156863
519616,519622,521111,6,1489,2,7200,1.00402955003
519649,519655,521137,6,1482,2,7200,1.004048583
519691,520467,662080,776,141613,36,180000,1.00547972291
519835,519841,521403,6,1562,2,7200,1.00384122919
519875,519881,521500,6,1619,2,7200,1.00370599135
519912,519919,521498,7,1579,2,7200,1.00443318556
519988,519994,521507,6,1513,2,7200,1.0039656312
520005,520011,521620,6,1609,2,7200,1.00372902424
520021,520027,521476,6,1449,2,7200,1.00414078675
520079,520085,521678,6,1593,2,7200,1.00376647834
520109,520115,521743,6,1628,2,7200,1.00368550369
520131,520137,521682,6,1545,2,7200,1.00388349515
520216,520222,521743,6,1521,2,7200,1.00394477318
520218,520229,521818,11,1589,2,7200,1.00692259283
520280,520286,521847,6,1561,2,7200,1.00384368994
520299,520305,521843,6,1538,2,7200,1.00390117035
520351,520357,521926,6,1569,2,7200,1.00382409178
520375,520381,522006,6,1625,2,7200,1.00369230769
520405,520411,521980,6,1569,2,7200,1.00382409178
520444,520450,521992,6,1542,2,7200,1.00389105058
520535,520541,522126,6,1585,2,7200,1.00378548896
520557,520563,522221,6,1658,2,7200,1.00361881785
520629,520635,522175,6,1540,2,7200,1.0038961039
520678,520684,522139,6,1455,2,7200,1.00412371134
520698,520704,522278,6,1574,2,7200,1.00381194409
520713,520720,522296,7,1576,2,7200,1.00444162437
520729,520735,522305,6,1570,2,7200,1.00382165605
520745,520751,522339,6,1588,2,7200,1.00377833753
520767,520773,522394,6,1621,2,7200,1.00370141888
520818,520824,522435,6,1611,2,7200,1.00372439479
520880,520886,522507,6,1621,2,7200,1.00370141888
520906,520912,522540,6,1628,2,7200,1.00368550369
520943,520949,522686,6,1737,2,7200,1.00345423143
520959,520965,522473,6,1508,2,7200,1.00397877984
520976,520982,522566,6,1584,2,7200,1.00378787879
521009,521015,522546,6,1531,2,7200,1.00391900718
521041,521047,522698,6,1651,2,7200,1.00363416111
521090,521096,522600,6,1504,2,7200,1.0039893617
521113,521119,522896,6,1777,2,7200,1.00337647721
521139,521146,522765,7,1619,2,7200,1.00432365658
521183,521189,522733,6,1544,2,7200,1.00388601036
521241,521248,522777,7,1529,2,7200,1.00457815566
521325,521331,523100,6,1769,2,7200,1.00339174675
521407,521413,522965,6,1552,2,7200,1.00386597938
521478,521484,523151,6,1667,2,7200,1.00359928014
521501,521507,523582,6,2075,2,7200,1.00289156627
521502,521513,523196,11,1683,2,7200,1.00653594771
521518,521525,523118,7,1593,2,7200,1.00439422473
521622,521628,523057,6,1429,2,7200,1.00419874038
521681,521687,523198,6,1511,2,7200,1.00397088021
521697,521703,523197,6,1494,2,7200,1.00401606426
521746,521752,523373,6,1621,2,7200,1.00370141888
521747,521758,523312,11,1554,2,7200,1.00707850708
521820,521826,523363,6,1537,2,7200,1.00390370852
521844,521850,523356,6,1506,2,7200,1.00398406375
521860,521866,523469,6,1603,2,7200,1.00374298191
521930,521936,523556,6,1620,2,7200,1.0037037037
521983,521989,523522,6,1533,2,7200,1.00391389432
522001,522007,523480,6,1473,2,7200,1.00407331976
522017,522024,523618,7,1594,2,7200,1.00439146801
522136,522142,523697,6,1555,2,7200,1.0038585209
522152,522159,523777,7,1618,2,7200,1.0043263288
522180,522186,523736,6,1550,2,7200,1.00387096774
522223,522229,523796,6,1567,2,7200,1.00382897256
522280,522286,523945,6,1659,2,7200,1.00361663653
522300,522306,523813,6,1507,2,7200,1.00398142004
522316,522322,523865,6,1543,2,7200,1.00388852884
522343,522349,523862,6,1513,2,7200,1.0039656312
522396,522402,524035,6,1633,2,7200,1.00367421923
522437,522443,524090,6,1647,2,7200,1.00364298725
522476,522482,524169,6,1687,2,7200,1.00355660937
522510,522516,524070,6,1554,2,7200,1.00386100386
522543,522549,524400,6,1851,2,7200,1.00324149109
522560,522566,524134,6,1568,2,7200,1.00382653061
522576,522582,524057,6,1475,2,7200,1.00406779661
522603,522609,524210,6,1601,2,7200,1.00374765771
522688,522694,524235,6,1541,2,7200,1.0038935756
522704,522710,524222,6,1512,2,7200,1.00396825397
522737,522743,524359,6,1616,2,7200,1.00371287129
522765,522771,524347,6,1576,2,7200,1.0038071066
522781,522787,524405,6,1618,2,7200,1.00370828183
522899,522905,524428,6,1523,2,7200,1.00393959291
522969,522975,524613,6,1638,2,7200,1.00366300366
523059,523065,524587,6,1522,2,7200,1.00394218134
523102,523109,524748,7,1639,2,7200,1.00427089689
523122,523128,524892,6,1764,2,7200,1.00340136054
523155,523161,524865,6,1704,2,7200,1.00352112676
523198,523204,524711,6,1507,2,7200,1.00398142004
523199,523211,524922,12,1711,2,7200,1.00701344243
523201,523216,524724,15,1508,2,7200,1.0099469496
523314,523321,524870,7,1549,2,7200,1.00451904454
523357,523364,524974,7,1610,2,7200,1.00434782609
523373,523380,524867,7,1487,2,7200,1.00470746469
523375,523386,524963,11,1577,2,7200,1.0069752695
523473,523479,525074,6,1595,2,7200,1.00376175549
523488,523495,525120,7,1625,2,7200,1.00430769231
523524,523530,525026,6,1496,2,7200,1.00401069519
523557,523563,525170,6,1607,2,7200,1.00373366521
523584,523590,525151,6,1561,2,7200,1.00384368994
523620,523627,525197,7,1570,2,7200,1.00445859873
523699,523705,525227,6,1522,2,7200,1.00394218134
523739,523745,525210,6,1465,2,7200,1.00409556314
523779,523785,525334,6,1549,2,7200,1.00387346675
523798,523804,525469,6,1665,2,7200,1.0036036036
523814,523820,525524,6,1704,2,7200,1.00352112676
523866,523872,525375,6,1503,2,7200,1.00399201597
523867,523878,525490,11,1612,2,7200,1.00682382134
523949,523955,525431,6,1476,2,7200,1.00406504065
524038,524044,525821,6,1777,2,7200,1.00337647721
524061,524068,525637,7,1569,2,7200,1.00446144041
524079,524085,525670,6,1585,2,7200,1.00378548896
524096,524101,525780,5,1679,2,7200,1.00297796307
524136,524142,525713,6,1571,2,7200,1.00381922342
524171,524177,525743,6,1566,2,7200,1.00383141762
524212,524218,525693,6,1475,2,7200,1.00406779661
524229,524235,525863,6,1628,2,7200,1.00368550369
524246,524252,525802,6,1550,2,7200,1.00387096774
524350,524356,525966,6,1610,2,7200,1.00372670807
524366,524372,525994,6,1622,2,7200,1.00369913687
524402,524408,525907,6,1499,2,7200,1.00400266845
524419,524425,525989,6,1564,2,7200,1.00383631714
524435,524442,525921,7,1479,2,7200,1.00473292765
524589,524595,526246,6,1651,2,7200,1.00363416111
524615,524622,526228,7,1606,2,7200,1.00435865504
524714,524720,526359,6,1639,2,7200,1.00366076876
524735,524741,526350,6,1609,2,7200,1.00372902424
524751,524758,526417,7,1659,2,7200,1.00421940928
524867,524873,526531,6,1658,2,7200,1.00361881785
524869,524879,526419,10,1540,2,7200,1.00649350649
524885,524892,526447,7,1555,2,7200,1.00450160772
524902,524908,526624,6,1716,2,7200,1.0034965035
524926,524932,526488,6,1556,2,7200,1.00385604113
524965,524971,526545,6,1574,2,7200,1.00381194409
524982,524988,526628,6,1640,2,7200,1.00365853659
525028,525034,526502,6,1468,2,7200,1.00408719346
525075,525082,526502,7,1420,2,7200,1.00492957746
525123,525129,526540,6,1411,2,7200,1.00425230333
525154,525160,526741,6,1581,2,7200,1.00379506641
525173,525179,526618,6,1439,2,7200,1.0041695622
525199,525205,526969,6,1764,2,7200,1.00340136054
525216,525222,526771,6,1549,2,7200,1.00387346675
525234,525240,526877,6,1637,2,7200,1.0036652413
525337,525343,527012,6,1669,2,7200,1.00359496705
525378,525384,526805,6,1421,2,7200,1.00422237861
525434,525440,527096,6,1656,2,7200,1.00362318841
525471,525478,527024,7,1546,2,7200,1.00452781371
525494,525500,527143,6,1643,2,7200,1.00365185636
525525,525531,527037,6,1506,2,7200,1.00398406375
525640,525646,527260,6,1614,2,7200,1.00371747212
525673,525679,527282,6,1603,2,7200,1.00374298191
525696,525702,527377,6,1675,2,7200,1.00358208955
525715,525721,527648,6,1927,2,7200,1.00311364816
525744,525750,527369,6,1619,2,7200,1.00370599135
525783,525790,527315,7,1525,2,7200,1.00459016393
525806,525812,527305,6,1493,2,7200,1.00401875419
525822,525828,527510,6,1682,2,7200,1.00356718193
525865,525872,527495,7,1623,2,7200,1.00431300062
525909,525915,527494,6,1579,2,7200,1.00379987334
525925,525932,527582,7,1650,2,7200,1.00424242424
525969,525975,527529,6,1554,2,7200,1.00386100386
525992,525998,527789,6,1791,2,7200,1.00335008375
526010,526016,527529,6,1513,2,7200,1.0039656312
526229,526235,527918,6,1683,2,7200,1.00356506239
526248,526255,527814,7,1559,2,7200,1.00449005773
526352,526358,527906,6,1548,2,7200,1.00387596899
526369,526375,527981,6,1606,2,7200,1.00373599004
526419,526425,527999,6,1574,2,7200,1.00381194409
526421,526431,527965,10,1534,2,7200,1.00651890482
526451,526457,528046,6,1589,2,7200,1.00377595972
526492,526498,528113,6,1615,2,7200,1.00371517028
526509,526515,528108,6,1593,2,7200,1.00376647834
526510,526521,528024,11,1503,2,7200,1.00731869594
526534,526540,528110,6,1570,2,7200,1.00382165605
526550,526556,528247,6,1691,2,7200,1.00354819633
526552,526562,528141,10,1579,2,7200,1.00633312223
526621,526627,528346,6,1719,2,7200,1.0034904014
526637,526643,528193,6,1550,2,7200,1.00387096774
526639,526649,528341,10,1692,2,7200,1.00591016548
526743,526749,528531,6,1782,2,7200,1.00336700337
526774,526780,528400,6,1620,2,7200,1.0037037037
526782,526788,526789,6,1,2,3540,1.0
526809,526815,528461,6,1646,2,7200,1.00364520049
526879,526885,528382,6,1497,2,7200,1.00400801603
526972,526978,528536,6,1558,2,7200,1.00385109114
527015,527021,528545,6,1524,2,7200,1.00393700787
527031,527037,528689,6,1652,2,7200,1.00363196126
527047,527053,528602,6,1549,2,7200,1.00387346675
527099,527105,528873,6,1768,2,7200,1.00339366516
527145,527151,528722,6,1571,2,7200,1.00381922342
527263,527269,528794,6,1525,2,7200,1.00393442623
527285,527291,528803,6,1512,2,7200,1.00396825397
527308,527314,528778,6,1464,2,7200,1.00409836066
527324,527330,528949,6,1619,2,7200,1.00370599135
527371,527377,528998,6,1621,2,7200,1.00370141888
527387,527393,528895,6,1502,2,7200,1.00399467377
527496,527503,529165,7,1662,2,7200,1.00421179302
527498,527509,529180,11,1671,2,7200,1.0065828845
527514,527520,529094,6,1574,2,7200,1.00381194409
527530,527537,529117,7,1580,2,7200,1.00443037975
527532,527543,529088,11,1545,2,7200,1.0071197411
527586,527592,529080,6,1488,2,7200,1.00403225806
527651,527657,530451,6,2794,2,7200,1.00214745884
527742,527749,527921,7,172,1,3600,1.04069767442
527792,527798,529344,6,1546,2,7200,1.00388098318
527817,527823,529552,6,1729,2,7200,1.003470214
527909,527915,529549,6,1634,2,7200,1.00367197062
527925,527931,529576,6,1645,2,7200,1.00364741641
527968,527975,529628,7,1653,2,7200,1.00423472474
527984,527991,529620,7,1629,2,7200,1.00429711479
528000,528007,529803,7,1796,2,7200,1.00389755011
528027,528033,529597,6,1564,2,7200,1.00383631714
528050,528056,529642,6,1586,2,7200,1.00378310214
528099,528105,528463,6,358,1,3600,1.01675977654
528111,528117,529754,6,1637,2,7200,1.0036652413
528112,528123,529769,11,1646,2,7200,1.00668286756
528129,528135,529766,6,1631,2,7200,1.00367872471
528146,528152,529745,6,1593,2,7200,1.00376647834
528195,528201,529780,6,1579,2,7200,1.00379987334
528248,528255,529932,7,1677,2,7200,1.00417412045
528344,528350,529975,6,1625,2,7200,1.00369230769
528360,528366,530011,6,1645,2,7200,1.00364741641
528383,528390,529976,7,1586,2,7200,1.00441361917
528403,528409,529912,6,1503,2,7200,1.00399201597
528464,528471,530036,7,1565,2,7200,1.00447284345
528533,528540,530132,7,1592,2,7200,1.00439698492
528550,528556,530230,6,1674,2,7200,1.00358422939
528551,528562,530150,11,1588,2,7200,1.00692695214
528605,528611,530137,6,1526,2,7200,1.00393184797
528692,528698,530240,6,1542,2,7200,1.00389105058
528724,528730,530253,6,1523,2,7200,1.00393959291
528780,528786,530647,6,1861,2,7200,1.00322407308
528797,528803,530423,6,1620,2,7200,1.0037037037
528814,528820,530330,6,1510,2,7200,1.00397350993
528826,528832,529662,6,830,1,3600,1.00722891566
528876,528882,530530,6,1648,2,7200,1.0036407767
528899,528905,530655,6,1750,2,7200,1.00342857143
528952,528958,530525,6,1567,2,7200,1.00382897256
529001,529007,530498,6,1491,2,7200,1.00402414487
529082,529088,530701,6,1613,2,7200,1.00371977681
529098,529104,530856,6,1752,2,7200,1.00342465753
529100,529110,530704,10,1594,2,7200,1.00627352572
529119,529125,530861,6,1736,2,7200,1.0034562212
529169,529175,530739,6,1564,2,7200,1.00383631714
529185,529191,530749,6,1558,2,7200,1.00385109114
529346,529352,530943,6,1591,2,7200,1.00377121307
529550,529556,531340,6,1784,2,7200,1.0033632287
529567,529573,531124,6,1551,2,7200,1.00386847195
529583,529589,531193,6,1604,2,7200,1.00374064838
529599,529605,531201,6,1596,2,7200,1.0037593985
529621,529627,531153,6,1526,2,7200,1.00393184797
529637,529643,531286,6,1643,2,7200,1.00365185636
529653,529659,531216,6,1557,2,7200,1.00385356455
529748,529754,531384,6,1630,2,7200,1.0036809816
529764,529770,531392,6,1622,2,7200,1.00369913687
529780,529786,531292,6,1506,2,7200,1.00398406375
529781,529792,531285,11,1493,2,7200,1.00736771601
529797,529803,531385,6,1582,2,7200,1.00379266751
529813,529819,531425,6,1606,2,7200,1.00373599004
529915,529921,531515,6,1594,2,7200,1.00376411543
529935,529941,531479,6,1538,2,7200,1.00390117035
529979,529985,531493,6,1508,2,7200,1.00397877984
529980,529991,531606,11,1615,2,7200,1.00681114551
530015,530021,531701,6,1680,2,7200,1.00357142857
530038,530044,531680,6,1636,2,7200,1.00366748166
530134,530140,531731,6,1591,2,7200,1.00377121307
530151,530157,531901,6,1744,2,7200,1.00344036697
530152,530163,531723,11,1560,2,7200,1.00705128205
530232,530238,531811,6,1573,2,7200,1.00381436745
530249,530255,531836,6,1581,2,7200,1.00379506641
530265,530271,531810,6,1539,2,7200,1.00389863548
530331,530337,531964,6,1627,2,7200,1.0036877689
530425,530431,531990,6,1559,2,7200,1.00384862091
530451,530457,532035,6,1578,2,7200,1.00380228137
530500,530507,532047,7,1540,2,7200,1.00454545455
530526,530533,532025,7,1492,2,7200,1.00469168901
530544,530550,532304,6,1754,2,7200,1.00342075257
530651,530657,532216,6,1559,2,7200,1.00384862091
530668,530674,532352,6,1678,2,7200,1.00357568534
530703,530709,532258,6,1549,2,7200,1.00387346675
530719,530725,532406,6,1681,2,7200,1.00356930399
530747,530753,532347,6,1594,2,7200,1.00376411543
530764,530770,532357,6,1587,2,7200,1.00378071834
530859,530865,532390,6,1525,2,7200,1.00393442623
530860,530871,530984,11,113,1,3600,1.09734513274
530876,530882,532301,6,1419,2,7200,1.00422832981
530945,530951,532442,6,1491,2,7200,1.00402414487
531127,531133,532697,6,1564,2,7200,1.00383631714
531157,531168,531490,11,322,1,3600,1.03416149068
531158,531163,532724,5,1561,2,7200,1.00320307495
531195,531201,532860,6,1659,2,7200,1.00361663653
531212,531218,532686,6,1468,2,7200,1.00408719346
531228,531234,532824,6,1590,2,7200,1.00377358491
531234,531306,531485,72,179,1,3600,1.40223463687
531288,531294,532895,6,1601,2,7200,1.00374765771
531289,531300,532855,11,1555,2,7200,1.00707395498
531307,531313,532812,6,1499,2,7200,1.00400266845
531341,531347,532936,6,1589,2,7200,1.00377595972
531387,531393,532958,6,1565,2,7200,1.00383386581
531389,531399,533031,10,1632,2,7200,1.00612745098
531405,531411,533043,6,1632,2,7200,1.00367647059
531428,531434,532919,6,1485,2,7200,1.00404040404
531483,531489,532987,6,1498,2,7200,1.00400534045
531500,531506,533063,6,1557,2,7200,1.00385356455
531516,531523,533104,7,1581,2,7200,1.00442757748
531609,531615,533152,6,1537,2,7200,1.00390370852
531656,531662,532011,6,349,1,3600,1.01719197708
531684,531690,533212,6,1522,2,7200,1.00394218134
531703,531709,533322,6,1613,2,7200,1.00371977681
531725,531731,533342,6,1611,2,7200,1.00372439479
531742,531748,533336,6,1588,2,7200,1.00377833753
531812,531818,533317,6,1499,2,7200,1.00400266845
531814,531824,533412,10,1588,2,7200,1.00629722922
531839,531845,533384,6,1539,2,7200,1.00389863548
531902,531908,533494,6,1586,2,7200,1.00378310214
531968,531974,533495,6,1521,2,7200,1.00394477318
531971,531980,532595,9,615,1,3600,1.01463414634
531995,532001,533929,6,1928,2,7200,1.0031120332
532030,532036,533599,6,1563,2,7200,1.00383877159
532045,532051,533599,6,1548,2,7200,1.00387596899
532062,532068,533629,6,1561,2,7200,1.00384368994
532218,532224,533813,6,1589,2,7200,1.00377595972
532258,532264,533830,6,1566,2,7200,1.00383141762
532302,532308,533911,6,1603,2,7200,1.00374298191
532317,532323,533941,6,1618,2,7200,1.00370828183
532350,532357,533828,7,1471,2,7200,1.00475866757
532366,532373,533967,7,1594,2,7200,1.00439146801
532368,532379,533917,11,1538,2,7200,1.00715214564
532373,532384,533212,11,828,1,3600,1.01328502415
532391,532397,533927,6,1530,2,7200,1.00392156863
532407,532413,533976,6,1563,2,7200,1.00383877159
532445,532452,534074,7,1622,2,7200,1.00431565968
532688,532694,534390,6,1696,2,7200,1.00353773585
532704,532710,534378,6,1668,2,7200,1.0035971223
532727,532733,534297,6,1564,2,7200,1.00383631714
532814,532820,534416,6,1596,2,7200,1.0037593985
532830,532836,534455,6,1619,2,7200,1.00370599135
532857,532863,534421,6,1558,2,7200,1.00385109114
532873,532879,534491,6,1612,2,7200,1.00372208437
532896,532903,534545,7,1642,2,7200,1.00426309379
532924,532930,534422,6,1492,2,7200,1.00402144772
532941,532947,534421,6,1474,2,7200,1.00407055631
532960,532966,534442,6,1476,2,7200,1.00406504065
532990,532996,534489,6,1493,2,7200,1.00401875419
533034,533040,534674,6,1634,2,7200,1.00367197062
533050,533057,534550,7,1493,2,7200,1.00468854655
533068,533074,534629,6,1555,2,7200,1.0038585209
533107,533114,534708,7,1594,2,7200,1.00439146801
533155,533161,534718,6,1557,2,7200,1.00385356455
533214,533222,534688,8,1466,2,7200,1.00545702592
533319,533325,535000,6,1675,2,7200,1.00358208955
533335,533341,534930,6,1589,2,7200,1.00377595972
533352,533358,534935,6,1577,2,7200,1.00380469245
533353,533364,534897,11,1533,2,7200,1.00717547293
533387,533393,535017,6,1624,2,7200,1.00369458128
533413,533419,535112,6,1693,2,7200,1.00354400473
533497,533503,535022,6,1519,2,7200,1.00394996708
533498,533509,535083,11,1574,2,7200,1.00698856417
533602,533608,535279,6,1671,2,7200,1.00359066427
533603,533614,535164,11,1550,2,7200,1.00709677419
533631,533637,535304,6,1667,2,7200,1.00359928014
533817,533823,535450,6,1627,2,7200,1.0036877689
533833,533839,535368,6,1529,2,7200,1.00392413342
533835,533845,535424,10,1579,2,7200,1.00633312223
533913,533919,535483,6,1564,2,7200,1.00383631714
533929,533936,535359,7,1423,2,7200,1.00491918482
533931,533942,535599,11,1657,2,7200,1.00663850332
533933,533948,535553,15,1605,2,7200,1.00934579439
533951,533957,536610,6,2653,2,7200,1.00226159065
533969,533975,535468,6,1493,2,7200,1.00401875419
533986,533992,535416,6,1424,2,7200,1.00421348315
534077,534083,535524,6,1441,2,7200,1.00416377516
534300,534306,535799,6,1493,2,7200,1.00401875419
534382,534388,536012,6,1624,2,7200,1.00369458128
534398,534405,536001,7,1596,2,7200,1.00438596491
534419,534425,536075,6,1650,2,7200,1.00363636364
534420,534431,536049,11,1618,2,7200,1.00679851669
534438,534444,535934,6,1490,2,7200,1.00402684564
534439,534450,535920,11,1470,2,7200,1.0074829932
534446,534456,534568,10,112,1,3600,1.08928571429
534456,534463,536067,7,1604,2,7200,1.00436408978
534458,534468,536092,10,1624,2,7200,1.00615763547
534493,534499,536105,6,1606,2,7200,1.00373599004
534494,534505,536053,11,1548,2,7200,1.00710594315
534547,534553,536109,6,1556,2,7200,1.00385604113
534564,534570,536060,6,1490,2,7200,1.00402684564
534633,534639,536141,6,1502,2,7200,1.00399467377
534678,534684,536252,6,1568,2,7200,1.00382653061
534694,534700,536385,6,1685,2,7200,1.00356083086
534712,534718,536327,6,1609,2,7200,1.00372902424
534728,534734,536374,6,1640,2,7200,1.00365853659
534742,534749,535064,7,315,1,3600,1.02222222222
534899,534905,536679,6,1774,2,7200,1.00338218715
534923,534930,535047,7,117,1,1800,1.05982905983
534932,534938,536449,6,1511,2,7200,1.00397088021
534948,534954,536468,6,1514,2,7200,1.00396301189
535001,535008,536650,7,1642,2,7200,1.00426309379
535020,535027,536607,7,1580,2,7200,1.00443037975
535037,535043,536659,6,1616,2,7200,1.00371287129
535087,535093,536645,6,1552,2,7200,1.00386597938
535114,535120,536777,6,1657,2,7200,1.00362100181
535167,535173,536762,6,1589,2,7200,1.00377595972
535281,535287,536897,6,1610,2,7200,1.00372670807
535307,535313,536927,6,1614,2,7200,1.00371747212
535345,535351,535463,6,112,1,1800,1.05357142857
535362,535368,536969,6,1601,2,7200,1.00374765771
535378,535384,536931,6,1547,2,7200,1.00387847447
535417,535423,536962,6,1539,2,7200,1.00389863548
535434,535440,537002,6,1562,2,7200,1.00384122919
535453,535459,537008,6,1549,2,7200,1.00387346675
535471,535477,537002,6,1525,2,7200,1.00393442623
535487,535493,537143,6,1650,2,7200,1.00363636364
535520,535526,536115,6,589,1,3600,1.01018675722
535526,535533,537066,7,1533,2,7200,1.00456621005
535556,535562,537330,6,1768,2,7200,1.00339366516
535602,535608,537131,6,1523,2,7200,1.00393959291
535800,535806,537255,6,1449,2,7200,1.00414078675
535921,535927,537474,6,1547,2,7200,1.00387847447
535937,535943,537550,6,1607,2,7200,1.00373366521
536004,536010,537562,6,1552,2,7200,1.00386597938
536021,536027,537579,6,1552,2,7200,1.00386597938
536050,536056,537643,6,1587,2,7200,1.00378071834
536066,536071,537811,5,1740,2,7200,1.00287356322
536067,536077,537666,10,1589,2,7200,1.00629326621
536084,536090,537673,6,1583,2,7200,1.00379027164
536085,536096,537572,11,1476,2,7200,1.00745257453
536101,536108,537734,7,1626,2,7200,1.00430504305
536117,536125,537750,8,1625,2,7200,1.00492307692
536119,536131,537668,12,1537,2,7200,1.00780741705
536137,536144,536725,7,581,1,1800,1.01204819277
536145,536151,537741,6,1590,2,7200,1.00377358491
536254,536260,537881,6,1621,2,7200,1.00370141888
536328,536335,538007,7,1672,2,7200,1.00418660287
536377,536383,538014,6,1631,2,7200,1.00367872471
536393,536399,538945,6,2546,2,7200,1.00235663786
536451,536458,538061,7,1603,2,7200,1.00436681223
536470,536477,538140,7,1663,2,7200,1.00420926037
536609,536615,538084,6,1469,2,7200,1.00408441116
536625,536631,538176,6,1545,2,7200,1.00388349515
536648,536654,538309,6,1655,2,7200,1.00362537764
536664,536671,538363,7,1692,2,7200,1.00413711584
536666,536677,538098,11,1421,2,7200,1.00774102745
536684,536690,538207,6,1517,2,7200,1.00395517469
536772,536778,538255,6,1477,2,7200,1.00406228842
536789,536795,538327,6,1532,2,7200,1.00391644909
536899,536905,538488,6,1583,2,7200,1.00379027164
536930,536936,538459,6,1523,2,7200,1.00393959291
536946,536952,538405,6,1453,2,7200,1.00412938747
536966,536972,538449,6,1477,2,7200,1.00406228842
536982,536988,538530,6,1542,2,7200,1.00389105058
537005,537011,538625,6,1614,2,7200,1.00371747212
537007,537017,538458,10,1441,2,7200,1.00693962526
537023,537029,538583,6,1554,2,7200,1.00386100386
537066,537072,538533,6,1461,2,7200,1.00410677618
537134,537140,538789,6,1649,2,7200,1.00363856883
537150,537156,538796,6,1640,2,7200,1.00365853659
537258,537264,538816,6,1552,2,7200,1.00386597938
537330,537337,538845,7,1508,2,7200,1.00464190981
537477,537483,539124,6,1641,2,7200,1.00365630713
537552,537558,539165,6,1607,2,7200,1.00373366521
537568,537574,539125,6,1551,2,7200,1.00386847195
537585,537591,539447,6,1856,2,7200,1.00323275862
537587,537597,539201,10,1604,2,7200,1.00623441397
537646,537652,539274,6,1622,2,7200,1.00369913687
537670,537676,539226,6,1550,2,7200,1.00387096774
537671,537682,539182,11,1500,2,7200,1.00733333333
537688,537694,539361,6,1667,2,7200,1.00359928014
537737,537743,539225,6,1482,2,7200,1.004048583
537754,537760,539315,6,1555,2,7200,1.0038585209
537755,537766,539380,11,1614,2,7200,1.00681536555
537814,537821,539369,7,1548,2,7200,1.00452196382
537883,537890,539557,7,1667,2,7200,1.00419916017
538010,538016,539658,6,1642,2,7200,1.00365408039
538026,538033,539685,7,1652,2,7200,1.00423728814
538065,538071,539741,6,1670,2,7200,1.00359281437
538087,538093,539651,6,1558,2,7200,1.00385109114
538102,538109,539652,7,1543,2,7200,1.00453661698
538143,538150,539744,7,1594,2,7200,1.00439146801
538179,538185,539835,6,1650,2,7200,1.00363636364
538210,538216,539683,6,1467,2,7200,1.00408997955
538258,538264,539910,6,1646,2,7200,1.00364520049
538310,538316,539931,6,1615,2,7200,1.00371517028
538329,538335,539905,6,1570,2,7200,1.00382165605
538364,538371,539829,7,1458,2,7200,1.00480109739
538406,538412,539895,6,1483,2,7200,1.004045853
538428,538434,538479,6,45,1,1800,1.13333333333
538453,538459,540160,6,1701,2,7200,1.00352733686
538469,538475,540044,6,1569,2,7200,1.00382409178
538470,538481,540070,11,1589,2,7200,1.00692259283
538489,538496,540105,7,1609,2,7200,1.00435052828
538531,538537,540132,6,1595,2,7200,1.00376175549
538546,538553,540030,7,1477,2,7200,1.00473933649
538572,538579,538696,7,117,1,1800,1.05982905983
538585,538591,540150,6,1559,2,7200,1.00384862091
538627,538633,540135,6,1502,2,7200,1.00399467377
538784,538790,538871,6,81,1,1800,1.07407407407
538792,538798,540516,6,1718,2,7200,1.00349243306
538808,538815,540331,7,1516,2,7200,1.00461741425
538825,538831,540293,6,1462,2,7200,1.00410396717
538847,538854,540469,7,1615,2,7200,1.00433436533
538947,538953,540475,6,1522,2,7200,1.00394218134
539006,539012,539115,6,103,1,1800,1.05825242718
539127,539133,540715,6,1582,2,7200,1.00379266751
539128,539139,540800,11,1661,2,7200,1.00662251656
539166,539172,540705,6,1533,2,7200,1.00391389432
539185,539191,540704,6,1513,2,7200,1.0039656312
539204,539211,540896,7,1685,2,7200,1.00415430267
539227,539234,540742,7,1508,2,7200,1.00464190981
539229,539240,540799,11,1559,2,7200,1.007055805
539278,539284,540924,6,1640,2,7200,1.00365853659
539317,539323,540815,6,1492,2,7200,1.00402144772
539362,539368,540945,6,1577,2,7200,1.00380469245
539381,539387,540887,6,1500,2,7200,1.004
539382,539393,540863,11,1470,2,7200,1.0074829932
539449,539455,541011,6,1556,2,7200,1.00385604113
539560,539566,541309,6,1743,2,7200,1.00344234079
539655,539662,541224,7,1562,2,7200,1.00448143406
539657,539668,541134,11,1466,2,7200,1.00750341064
539673,539679,541263,6,1584,2,7200,1.00378787879
539689,539696,541284,7,1588,2,7200,1.00440806045
539691,539702,541344,11,1642,2,7200,1.00669914738
539696,539707,539995,11,288,1,1800,1.03819444444
539743,539749,541264,6,1515,2,7200,1.00396039604
539758,539765,541426,7,1661,2,7200,1.00421432872
539783,539789,540366,6,577,1,1800,1.01039861352
539831,539837,541333,6,1496,2,7200,1.00401069519
539847,539853,541378,6,1525,2,7200,1.00393442623
539898,539904,541541,6,1637,2,7200,1.0036652413
539914,539920,541596,6,1676,2,7200,1.00357995227
539915,539926,541384,11,1458,2,7200,1.00754458162
539935,539941,541672,6,1731,2,7200,1.00346620451
540032,540038,541739,6,1701,2,7200,1.00352733686
540049,540055,541617,6,1562,2,7200,1.00384122919
540074,540080,541636,6,1556,2,7200,1.00385604113
540109,540115,541719,6,1604,2,7200,1.00374064838
540134,540140,541817,6,1677,2,7200,1.00357781753
540150,540156,541804,6,1648,2,7200,1.0036407767
540152,540162,541629,10,1467,2,7200,1.00681663258
540168,540174,541772,6,1598,2,7200,1.00375469337
540295,540300,541883,5,1583,2,7200,1.0031585597
540333,540339,541904,6,1565,2,7200,1.00383386581
540470,540477,542158,7,1681,2,7200,1.00416418798
540486,540492,542005,6,1513,2,7200,1.0039656312
540518,540524,542188,6,1664,2,7200,1.00360576923
540706,540712,542263,6,1551,2,7200,1.00386847195
540707,540718,542221,11,1503,2,7200,1.00731869594
540723,540729,542324,6,1595,2,7200,1.00376175549
540747,540753,542323,6,1570,2,7200,1.00382165605
540801,540808,542351,7,1543,2,7200,1.00453661698
540803,540814,542286,11,1472,2,7200,1.00747282609
540819,540825,542449,6,1624,2,7200,1.00369458128
540866,540872,542407,6,1535,2,7200,1.00390879479
540888,540894,542543,6,1649,2,7200,1.00363856883
540903,540910,542453,7,1543,2,7200,1.00453661698
540926,540932,542488,6,1556,2,7200,1.00385604113
540948,540954,542519,6,1565,2,7200,1.00383386581
541015,541021,542619,6,1598,2,7200,1.00375469337
541135,541142,542736,7,1594,2,7200,1.00439146801
541227,541233,542782,6,1549,2,7200,1.00387346675
541265,541271,542872,6,1601,2,7200,1.00374765771
541267,541277,542830,10,1553,2,7200,1.00643915003
541286,541292,542860,6,1568,2,7200,1.00382653061
541311,541317,542810,6,1493,2,7200,1.00401875419
541336,541342,542917,6,1575,2,7200,1.00380952381
541352,541358,542903,6,1545,2,7200,1.00388349515
541381,541387,543065,6,1678,2,7200,1.00357568534
541396,541402,542883,6,1481,2,7200,1.00405131668
541428,541434,543023,6,1589,2,7200,1.00377595972
541543,541549,543216,6,1667,2,7200,1.00359928014
541597,541603,543203,6,1600,2,7200,1.00375
541619,541626,543219,7,1593,2,7200,1.00439422473
541635,541641,543231,6,1590,2,7200,1.00377358491
541651,541657,543221,6,1564,2,7200,1.00383631714
541673,541679,543285,6,1606,2,7200,1.00373599004
541721,541727,543247,6,1520,2,7200,1.00394736842
541740,541746,543249,6,1503,2,7200,1.00399201597
541774,541780,543381,6,1601,2,7200,1.00374765771
541807,541813,543518,6,1705,2,7200,1.00351906158
541823,541828,543261,5,1433,2,7200,1.00348918353
541885,541892,543485,7,1593,2,7200,1.00439422473
541908,541914,543550,6,1636,2,7200,1.00366748166
542009,542015,543683,6,1668,2,7200,1.0035971223
542160,542166,543843,6,1677,2,7200,1.00357781753
542191,542197,543824,6,1627,2,7200,1.0036877689
542223,542229,543882,6,1653,2,7200,1.00362976407
542233,542239,542289,6,50,1,1800,1.12
542267,542273,543861,6,1588,2,7200,1.00377833753
542289,542295,543858,6,1563,2,7200,1.00383877159
542327,542333,543934,6,1601,2,7200,1.00374765771
542328,542339,543857,11,1518,2,7200,1.00724637681
542354,542360,543986,6,1626,2,7200,1.0036900369
542410,542417,543954,7,1537,2,7200,1.00455432661
542451,542457,544059,6,1602,2,7200,1.00374531835
542467,542473,544084,6,1611,2,7200,1.00372439479
542489,542495,544070,6,1575,2,7200,1.00380952381
542520,542527,544012,7,1485,2,7200,1.00471380471
542546,542552,544193,6,1641,2,7200,1.00365630713
542619,542630,542706,11,76,1,1800,1.14473684211
542619,542625,544183,6,1558,2,7200,1.00385109114
542737,542743,544199,6,1456,2,7200,1.00412087912
542785,542791,544308,6,1517,2,7200,1.00395517469
542813,542819,544438,6,1619,2,7200,1.00370599135
542832,542838,544429,6,1591,2,7200,1.00377121307
542864,542870,544403,6,1533,2,7200,1.00391389432
542880,542886,544417,6,1531,2,7200,1.00391900718
542896,542902,544487,6,1585,2,7200,1.00378548896
542913,542919,544521,6,1602,2,7200,1.00374531835
542928,542934,544540,6,1606,2,7200,1.00373599004
543027,543033,544603,6,1570,2,7200,1.00382165605
543068,543074,544545,6,1471,2,7200,1.00407885792
543205,543211,544911,6,1700,2,7200,1.00352941176
543221,543227,544801,6,1574,2,7200,1.00381194409
543223,543233,544861,10,1628,2,7200,1.00614250614
543224,543239,544768,15,1529,2,7200,1.00981033355
543240,543246,544835,6,1589,2,7200,1.00377595972
543257,543263,544833,6,1570,2,7200,1.00382165605
543258,543269,544800,11,1531,2,7200,1.00718484651
543274,543280,544734,6,1454,2,7200,1.00412654746
543290,543296,544906,6,1610,2,7200,1.00372670807
543384,543391,544821,7,1430,2,7200,1.0048951049
543488,543494,545134,6,1640,2,7200,1.00365853659
543520,543526,545031,6,1505,2,7200,1.00398671096
543551,543557,545073,6,1516,2,7200,1.00395778364
543685,543691,545321,6,1630,2,7200,1.0036809816
543719,543725,544009,6,284,1,1800,1.02112676056
543825,543831,545485,6,1654,2,7200,1.00362756953
543844,543850,545400,6,1550,2,7200,1.00387096774
543860,543866,545383,6,1517,2,7200,1.00395517469
543862,543872,545675,10,1803,2,7200,1.0055463117
543863,543878,545521,15,1643,2,7200,1.0091296409
543885,543891,545415,6,1524,2,7200,1.00393700787
543936,543943,545450,7,1507,2,7200,1.00464499005
543955,543962,545596,7,1634,2,7200,1.00428396573
543987,543993,545512,6,1519,2,7200,1.00394996708
544016,544022,545570,6,1548,2,7200,1.00387596899
544061,544067,545763,6,1696,2,7200,1.00353773585
544077,544085,545668,8,1583,2,7200,1.00505369551
544092,544098,545669,6,1571,2,7200,1.00381922342
544186,544192,545803,6,1611,2,7200,1.00372439479
544202,544208,545773,6,1565,2,7200,1.00383386581
544203,544214,545841,11,1627,2,7200,1.00676090965
544310,544316,545889,6,1573,2,7200,1.00381436745
544404,544410,545998,6,1588,2,7200,1.00377833753
544420,544426,546045,6,1619,2,7200,1.00370599135
544436,544442,545942,6,1500,2,7200,1.004
544451,544458,546006,7,1548,2,7200,1.00452196382
544489,544495,546074,6,1579,2,7200,1.00379987334
544524,544530,546070,6,1540,2,7200,1.0038961039
544543,544549,546186,6,1637,2,7200,1.0036652413
544559,544565,546101,6,1536,2,7200,1.00390625
544606,544612,546142,6,1530,2,7200,1.00392156863
544737,544743,546347,6,1604,2,7200,1.00374064838
544770,544776,546379,6,1603,2,7200,1.00374298191
544804,544810,546387,6,1577,2,7200,1.00380469245
544805,544816,546354,11,1538,2,7200,1.00715214564
544825,544831,546439,6,1608,2,7200,1.00373134328
544841,544847,546563,6,1716,2,7200,1.0034965035
544843,544853,546468,10,1615,2,7200,1.00619195046
544862,544868,546468,6,1600,2,7200,1.00375
544910,544916,546490,6,1574,2,7200,1.00381194409
544925,544931,546488,6,1557,2,7200,1.00385356455
545034,545040,546530,6,1490,2,7200,1.00402684564
545075,545082,546576,7,1494,2,7200,1.0046854083
545136,545142,546750,6,1608,2,7200,1.00373134328
545322,545329,546931,7,1602,2,7200,1.00436953808
545385,545391,547316,6,1925,2,7200,1.00311688312
545401,545407,547174,6,1767,2,7200,1.00339558574
545417,545423,547032,6,1609,2,7200,1.00372902424
545452,545458,547087,6,1629,2,7200,1.00368324125
545489,545495,546989,6,1494,2,7200,1.00401606426
545514,545520,547083,6,1563,2,7200,1.00383877159
545530,545536,547121,6,1585,2,7200,1.00378548896
545573,545580,547159,7,1579,2,7200,1.00443318556
545599,545605,547255,6,1650,2,7200,1.00363636364
545670,545676,547218,6,1542,2,7200,1.00389105058
545672,545682,547162,10,1480,2,7200,1.00675675676
545687,545693,547283,6,1590,2,7200,1.00377358491
545764,545770,547415,6,1645,2,7200,1.00364741641
545780,545786,547408,6,1622,2,7200,1.00369913687
545805,545811,547942,6,2131,2,7200,1.00281557954
545843,545849,547423,6,1574,2,7200,1.00381194409
545890,545896,547529,6,1633,2,7200,1.00367421923
545945,545951,547533,6,1582,2,7200,1.00379266751
546001,546008,547653,7,1645,2,7200,1.00425531915
546017,546023,547483,6,1460,2,7200,1.00410958904
546049,546055,547667,6,1612,2,7200,1.00372208437
546071,546077,547791,6,1714,2,7200,1.00350058343
546087,546093,547614,6,1521,2,7200,1.00394477318
546102,546109,547715,7,1606,2,7200,1.00435865504
546142,546149,547745,7,1596,2,7200,1.00438596491
546188,546194,547673,6,1479,2,7200,1.00405679513
546350,546356,547971,6,1615,2,7200,1.00371517028
546365,546372,547927,7,1555,2,7200,1.00450160772
546381,546387,547975,6,1588,2,7200,1.00377833753
546397,546403,548192,6,1789,2,7200,1.00335382895
546441,546447,548073,6,1626,2,7200,1.0036900369
546470,546476,548039,6,1563,2,7200,1.00383877159
546472,546482,548124,10,1642,2,7200,1.00609013398
546491,546497,547968,6,1471,2,7200,1.00407885792
546492,546503,548214,11,1711,2,7200,1.0064289889
546534,546540,548033,6,1493,2,7200,1.00401875419
546566,546572,548156,6,1584,2,7200,1.00378787879
546582,546587,548163,5,1576,2,7200,1.00317258883
546752,546758,548273,6,1515,2,7200,1.00396039604
546932,546939,548568,7,1629,2,7200,1.00429711479
546990,546999,548552,9,1553,2,7200,1.00579523503
547033,547039,548555,6,1516,2,7200,1.00395778364
547084,547090,548681,6,1591,2,7200,1.00377121307
547100,547106,548717,6,1611,2,7200,1.00372439479
547122,547128,548708,6,1580,2,7200,1.00379746835
547157,547163,548829,6,1666,2,7200,1.00360144058
547173,547179,548857,6,1678,2,7200,1.00357568534
547189,547195,548835,6,1640,2,7200,1.00365853659
547221,547227,548732,6,1505,2,7200,1.00398671096
547259,547265,548859,6,1594,2,7200,1.00376411543
547284,547291,548876,7,1585,2,7200,1.00441640379
547319,547325,548795,6,1470,2,7200,1.00408163265
547410,547416,549071,6,1655,2,7200,1.00362537764
547426,547432,550366,6,2934,2,7200,1.00204498978
547427,547438,548898,11,1460,2,7200,1.00753424658
547487,547493,549363,6,1870,2,7200,1.00320855615
547531,547537,549010,6,1473,2,7200,1.00407331976
547547,547553,549195,6,1642,2,7200,1.00365408039
547616,547622,549243,6,1621,2,7200,1.00370141888
547657,547663,549282,6,1619,2,7200,1.00370599135
547673,547679,549237,6,1558,2,7200,1.00385109114
547675,547685,549274,10,1589,2,7200,1.00629326621
547719,547725,549198,6,1473,2,7200,1.00407331976
547747,547753,549343,6,1590,2,7200,1.00377358491
547794,547801,549372,7,1571,2,7200,1.00445576066
547930,547937,549654,7,1717,2,7200,1.00407687828
547946,547952,549565,6,1613,2,7200,1.00371977681
547968,547974,549508,6,1534,2,7200,1.00391134289
547984,547990,549445,6,1455,2,7200,1.00412371134
547985,547996,549558,11,1562,2,7200,1.00704225352
548036,548042,549668,6,1626,2,7200,1.0036900369
548051,548058,549813,7,1755,2,7200,1.00398860399
548077,548083,549765,6,1682,2,7200,1.00356718193
548127,548133,549669,6,1536,2,7200,1.00390625
548159,548165,549763,6,1598,2,7200,1.00375469337
548175,548181,549708,6,1527,2,7200,1.00392927308
548194,548200,549857,6,1657,2,7200,1.00362100181
548216,548222,549835,6,1613,2,7200,1.00371977681
548276,548282,549983,6,1701,2,7200,1.00352733686
548554,548560,550117,6,1557,2,7200,1.00385356455
548570,548576,550123,6,1547,2,7200,1.00387847447
548571,548582,550352,11,1770,2,7200,1.00621468927
548684,548690,550325,6,1635,2,7200,1.00366972477
548712,548719,550367,7,1648,2,7200,1.00424757282
548729,548735,550289,6,1554,2,7200,1.00386100386
548744,548750,550426,6,1676,2,7200,1.00357995227
548797,548803,550356,6,1553,2,7200,1.00386349002
548828,548835,550305,7,1470,2,7200,1.00476190476
548844,548850,550390,6,1540,2,7200,1.0038961039
548860,548866,550508,6,1642,2,7200,1.00365408039
548862,548872,550403,10,1531,2,7200,1.00653167864
548877,548884,550475,7,1591,2,7200,1.00439974859
548900,548906,550506,6,1600,2,7200,1.00375
549011,549017,550480,6,1463,2,7200,1.004101162
549074,549080,550640,6,1560,2,7200,1.00384615385
549197,549203,550860,6,1657,2,7200,1.00362100181
549212,549218,550799,6,1581,2,7200,1.00379506641
549241,549247,550843,6,1596,2,7200,1.0037593985
549256,549263,550772,7,1509,2,7200,1.00463883366
549275,549282,550874,7,1592,2,7200,1.00439698492
549291,549297,550853,6,1556,2,7200,1.00385604113
549345,549351,550914,6,1563,2,7200,1.00383877159
549364,549370,550888,6,1518,2,7200,1.00395256917
549380,549386,551037,6,1651,2,7200,1.00363416111
549448,549454,551217,6,1763,2,7200,1.00340328985
549511,549518,551137,7,1619,2,7200,1.00432365658
549559,549565,551339,6,1774,2,7200,1.00338218715
549575,549581,551194,6,1613,2,7200,1.00371977681
549655,549661,551163,6,1502,2,7200,1.00399467377
549672,549678,551244,6,1566,2,7200,1.00383141762
549673,549684,551164,11,1480,2,7200,1.00743243243
549711,549717,551254,6,1537,2,7200,1.00390370852
549767,549773,551279,6,1506,2,7200,1.00398406375
549768,549779,551328,11,1549,2,7200,1.00710135571
549816,549822,551457,6,1635,2,7200,1.00366972477
549839,549845,551421,6,1576,2,7200,1.0038071066
549858,549864,551491,6,1627,2,7200,1.0036877689
549986,549992,551586,6,1594,2,7200,1.00376411543
550119,550125,551616,6,1491,2,7200,1.00402414487
550134,550141,551617,7,1476,2,7200,1.00474254743
550290,550296,551956,6,1660,2,7200,1.00361445783
550306,550312,551820,6,1508,2,7200,1.00397877984
550328,550334,551831,6,1497,2,7200,1.00400801603
550354,550360,551847,6,1487,2,7200,1.00403496974
550370,550376,551968,6,1592,2,7200,1.00376884422
550371,550382,551977,11,1595,2,7200,1.00689655172
550373,550388,552018,15,1630,2,7200,1.00920245399
550392,550398,551844,6,1446,2,7200,1.00414937759
550407,550414,552149,7,1735,2,7200,1.00403458213
550430,550436,552021,6,1585,2,7200,1.00378548896
550477,550483,552104,6,1621,2,7200,1.00370141888
550492,550498,552098,6,1600,2,7200,1.00375
550508,550514,552035,6,1521,2,7200,1.00394477318
550524,550530,552128,6,1598,2,7200,1.00375469337
550642,550649,552200,7,1551,2,7200,1.00451321728
550775,550781,552394,6,1613,2,7200,1.00371977681
550800,550806,552406,6,1600,2,7200,1.00375
550847,550853,552384,6,1531,2,7200,1.00391900718
550863,550869,552314,6,1445,2,7200,1.00415224913
550864,550875,552370,11,1495,2,7200,1.00735785953
550880,550886,552569,6,1683,2,7200,1.00356506239
550896,550902,552515,6,1613,2,7200,1.00371977681
550915,550921,552405,6,1484,2,7200,1.00404312668
551040,551046,552562,6,1516,2,7200,1.00395778364
551138,551144,552781,6,1637,2,7200,1.0036652413
551167,551173,552796,6,1623,2,7200,1.00369685767
551168,551179,552750,11,1571,2,7200,1.00700190961
551197,551203,553104,6,1901,2,7200,1.00315623356
551219,551225,552803,6,1578,2,7200,1.00380228137
551245,551251,552805,6,1554,2,7200,1.00386100386
551260,551266,552818,6,1552,2,7200,1.00386597938
551279,551285,552817,6,1532,2,7200,1.00391644909
551330,551336,553032,6,1696,2,7200,1.00353773585
551345,551351,553005,6,1654,2,7200,1.00362756953
551422,551428,552926,6,1498,2,7200,1.00400534045
551459,551465,553171,6,1706,2,7200,1.00351699883
551494,551500,553023,6,1523,2,7200,1.00393959291
551587,551594,553065,7,1471,2,7200,1.00475866757
551619,551625,553138,6,1513,2,7200,1.0039656312
551621,551631,553140,10,1509,2,7200,1.00662690524
551824,551831,553324,7,1493,2,7200,1.00468854655
551840,551846,553431,6,1585,2,7200,1.00378548896
551856,551862,553426,6,1564,2,7200,1.00383631714
551857,551868,553336,11,1468,2,7200,1.00749318801
551958,551964,553578,6,1614,2,7200,1.00371747212
551974,551980,553584,6,1604,2,7200,1.00374064838
551990,551996,553514,6,1518,2,7200,1.00395256917
552022,552028,553699,6,1671,2,7200,1.00359066427
552023,552034,553661,11,1627,2,7200,1.00676090965
552039,552046,553616,7,1570,2,7200,1.00445859873
552100,552106,553734,6,1628,2,7200,1.00368550369
552115,552122,553787,7,1665,2,7200,1.0042042042
552131,552138,553549,7,1411,2,7200,1.00496102055
552150,552156,553802,6,1646,2,7200,1.00364520049
552204,552210,553695,6,1485,2,7200,1.00404040404
552316,552322,553878,6,1556,2,7200,1.00385604113
552372,552378,553877,6,1499,2,7200,1.00400266845
552387,552393,553971,6,1578,2,7200,1.00380228137
552403,552409,554006,6,1597,2,7200,1.00375704446
552419,552425,554018,6,1593,2,7200,1.00376647834
552420,552431,553973,11,1542,2,7200,1.00713359274
552516,552523,554163,7,1640,2,7200,1.00426829268
552563,552569,554149,6,1580,2,7200,1.00379746835
552579,552585,554098,6,1513,2,7200,1.0039656312
552754,552760,554380,6,1620,2,7200,1.0037037037
552782,552788,554411,6,1623,2,7200,1.00369685767
552798,552804,554347,6,1543,2,7200,1.00388852884
552815,552821,554371,6,1550,2,7200,1.00387096774
552817,552827,554431,10,1604,2,7200,1.00623441397
552832,552838,554348,6,1510,2,7200,1.00397350993
552834,552844,554502,10,1658,2,7200,1.00603136309
552927,552934,554482,7,1548,2,7200,1.00452196382
553008,553014,554673,6,1659,2,7200,1.00361663653
553027,553033,554570,6,1537,2,7200,1.00390370852
553042,553048,554635,6,1587,2,7200,1.00378071834
553065,553071,554743,6,1672,2,7200,1.00358851675
553107,553113,554712,6,1599,2,7200,1.00375234522
553143,553149,554772,6,1623,2,7200,1.00369685767
553145,553155,554858,10,1703,2,7200,1.0058719906
553173,553179,554750,6,1571,2,7200,1.00381922342
553326,553332,555225,6,1893,2,7200,1.00316957211
553341,553347,554906,6,1559,2,7200,1.00384862091
553428,553434,555044,6,1610,2,7200,1.00372670807
553443,553450,555036,7,1586,2,7200,1.00441361917
553517,553523,555036,6,1513,2,7200,1.0039656312
553551,553557,555113,6,1556,2,7200,1.00385604113
553580,553586,555563,6,1977,2,7200,1.00303490137
553595,553601,555170,6,1569,2,7200,1.00382409178
553618,553624,555138,6,1514,2,7200,1.00396301189
553662,553668,555289,6,1621,2,7200,1.00370141888
553697,553703,555303,6,1600,2,7200,1.00375
553712,553719,555570,7,1851,2,7200,1.0037817396
553735,553741,555465,6,1724,2,7200,1.00348027842
553789,553795,555354,6,1559,2,7200,1.00384862091
553805,553811,555325,6,1514,2,7200,1.00396301189
553878,553884,555512,6,1628,2,7200,1.00368550369
553880,553890,555379,10,1489,2,7200,1.00671591672
553974,553980,555562,6,1582,2,7200,1.00379266751
553975,553986,555738,11,1752,2,7200,1.00627853881
554007,554014,555599,7,1585,2,7200,1.00441640379
554023,554029,555585,6,1556,2,7200,1.00385604113
554099,554106,555741,7,1635,2,7200,1.00428134557
554153,554159,555718,6,1559,2,7200,1.00384862091
554169,554175,555783,6,1608,2,7200,1.00373134328
554349,554355,555913,6,1558,2,7200,1.00385109114
554350,554361,555854,11,1493,2,7200,1.00736771601
554374,554380,555871,6,1491,2,7200,1.00402414487
554389,554395,556009,6,1614,2,7200,1.00371747212
554413,554419,556006,6,1587,2,7200,1.00378071834
554432,554438,556000,6,1562,2,7200,1.00384122919
554484,554490,556137,6,1647,2,7200,1.00364298725
554506,554512,556091,6,1579,2,7200,1.00379987334
554572,554579,556220,7,1641,2,7200,1.00426569165
554637,554643,556270,6,1627,2,7200,1.0036877689
554675,554681,556144,6,1463,2,7200,1.004101162
554712,554719,556353,7,1634,2,7200,1.00428396573
554744,554751,556258,7,1507,2,7200,1.00464499005
554760,554766,556306,6,1540,2,7200,1.0038961039
554776,554782,556380,6,1598,2,7200,1.00375469337
554861,554867,556426,6,1559,2,7200,1.00384862091
554907,554914,556386,7,1472,2,7200,1.00475543478
555037,555043,556567,6,1524,2,7200,1.00393700787
555038,555049,556623,11,1574,2,7200,1.00698856417
555054,555060,556544,6,1484,2,7200,1.00404312668
555116,555122,556630,6,1508,2,7200,1.00397877984
555142,555149,556699,7,1550,2,7200,1.00451612903
555171,555177,556786,6,1609,2,7200,1.00372902424
555227,555233,556740,6,1507,2,7200,1.00398142004
555290,555296,556901,6,1605,2,7200,1.00373831776
555306,555312,556890,6,1578,2,7200,1.00380228137
555328,555334,556945,6,1611,2,7200,1.00372439479
555356,555363,556970,7,1607,2,7200,1.00435594275
555382,555388,556926,6,1538,2,7200,1.00390117035
555466,555472,557117,6,1645,2,7200,1.00364741641
555515,555521,557040,6,1519,2,7200,1.00394996708
555564,555571,557072,7,1501,2,7200,1.00466355763
555566,555577,557053,11,1476,2,7200,1.00745257453
555582,555588,557173,6,1585,2,7200,1.00378548896
555598,555604,557243,6,1639,2,7200,1.00366076876
555614,555620,557069,6,1449,2,7200,1.00414078675
555720,555726,557317,6,1591,2,7200,1.00377121307
555742,555748,557369,6,1621,2,7200,1.00370141888
555743,555754,557403,11,1649,2,7200,1.00667070952
555784,555791,557316,7,1525,2,7200,1.00459016393
555855,555861,557447,6,1586,2,7200,1.00378310214
555874,555880,557395,6,1515,2,7200,1.00396039604
555915,555921,557438,6,1517,2,7200,1.00395517469
555999,556006,557598,7,1592,2,7200,1.00439698492
556015,556021,557546,6,1525,2,7200,1.00393442623
556017,556027,557577,10,1550,2,7200,1.0064516129
556093,556099,557663,6,1564,2,7200,1.00383631714
556139,556146,557762,7,1616,2,7200,1.00433168317
556155,556161,557627,6,1466,2,7200,1.00409276944
556222,556229,557842,7,1613,2,7200,1.00433973962
556260,556266,557793,6,1527,2,7200,1.00392927308
556276,556282,557909,6,1627,2,7200,1.0036877689
556308,556314,557870,6,1556,2,7200,1.00385604113
556355,556361,558033,6,1672,2,7200,1.00358851675
556383,556390,557935,7,1545,2,7200,1.00453074434
556399,556405,557986,6,1581,2,7200,1.00379506641
556427,556434,558040,7,1606,2,7200,1.00435865504
556546,556552,557958,6,1406,2,7200,1.00426742532
556568,556574,558082,6,1508,2,7200,1.00397877984
556625,556631,558196,6,1565,2,7200,1.00383386581
556641,556647,558211,6,1564,2,7200,1.00383631714
556674,556681,556683,7,2,1,600,1.0
556701,556707,558444,6,1737,2,7200,1.00345423143
556737,556743,556745,6,2,1,600,1.0
556743,556749,558321,6,1572,2,7200,1.00381679389
556790,556796,558378,6,1582,2,7200,1.00379266751
556894,556900,558410,6,1510,2,7200,1.00397350993
556910,556916,558444,6,1528,2,7200,1.00392670157
556929,556935,558434,6,1499,2,7200,1.00400266845
556948,556954,558624,6,1670,2,7200,1.00359281437
556973,556979,558446,6,1467,2,7200,1.00408997955
557042,557048,558687,6,1639,2,7200,1.00366076876
557057,557063,558602,6,1539,2,7200,1.00389863548
557073,557079,558660,6,1581,2,7200,1.00379506641
557075,557086,558634,11,1548,2,7200,1.00710594315
557119,557125,558799,6,1674,2,7200,1.00358422939
557175,557181,558778,6,1597,2,7200,1.00375704446
557247,557253,558874,6,1621,2,7200,1.00370141888
557318,557325,558859,7,1534,2,7200,1.00456323338
557320,557331,558949,11,1618,2,7200,1.00679851669
557370,557377,558926,7,1549,2,7200,1.00451904454
557396,557402,559020,6,1618,2,7200,1.00370828183
557412,557418,558973,6,1555,2,7200,1.0038585209
557440,557446,558872,6,1426,2,7200,1.00420757363
557455,557462,558936,7,1474,2,7200,1.00474898236
557549,557555,559224,6,1669,2,7200,1.00359496705
557578,557584,559097,6,1513,2,7200,1.0039656312
557601,557607,559169,6,1562,2,7200,1.00384122919
557629,557635,559187,6,1552,2,7200,1.00386597938
557667,557673,559260,6,1587,2,7200,1.00378071834
557763,557770,559410,7,1640,2,7200,1.00426829268
557796,557802,559380,6,1578,2,7200,1.00380228137
557845,557851,559551,6,1700,2,7200,1.00352941176
557871,557877,559564,6,1687,2,7200,1.00355660937
557910,557916,559453,6,1537,2,7200,1.00390370852
557936,557942,559652,6,1710,2,7200,1.00350877193
557959,557965,559600,6,1635,2,7200,1.00366972477
557987,557994,559517,7,1523,2,7200,1.00459619173
558036,558043,559604,7,1561,2,7200,1.00448430493
558052,558058,559716,6,1658,2,7200,1.00361881785
558084,558090,559786,6,1696,2,7200,1.00353773585
558197,558203,559738,6,1535,2,7200,1.00390879479
558213,558219,559805,6,1586,2,7200,1.00378310214
558323,558329,559801,6,1472,2,7200,1.00407608696
558372,558378,569039,6,10661,6,54000,1.00056279899
558380,558386,559942,6,1556,2,7200,1.00385604113
558412,558418,559943,6,1525,2,7200,1.00393442623
558437,558443,560057,6,1614,2,7200,1.00371747212
558453,558459,560033,6,1574,2,7200,1.00381194409
558455,558465,559902,10,1437,2,7200,1.00695894224
558456,558470,559989,14,1519,2,7200,1.00921658986
558607,558613,560139,6,1526,2,7200,1.00393184797
558626,558633,560258,7,1625,2,7200,1.00430769231
558642,558648,560144,6,1496,2,7200,1.00401069519
558661,558667,560264,6,1597,2,7200,1.00375704446
558690,558696,560252,6,1556,2,7200,1.00385604113
558780,558786,560422,6,1636,2,7200,1.00366748166
558802,558808,560426,6,1618,2,7200,1.00370828183
558861,558867,560309,6,1442,2,7200,1.00416088766
558877,558883,560344,6,1461,2,7200,1.00410677618
558879,558889,560572,10,1683,2,7200,1.00594177065
558927,558934,560565,7,1631,2,7200,1.00429184549
558943,558949,560515,6,1566,2,7200,1.00383141762
558959,558965,560528,6,1563,2,7200,1.00383877159
558975,558981,560563,6,1582,2,7200,1.00379266751
559022,559028,560714,6,1686,2,7200,1.00355871886
559098,559104,560628,6,1524,2,7200,1.00393700787
559173,559179,560731,6,1552,2,7200,1.00386597938
559189,559195,560867,6,1672,2,7200,1.00358851675
559227,559233,560861,6,1628,2,7200,1.00368550369
559262,559268,561025,6,1757,2,7200,1.00341491178
559382,559388,560964,6,1576,2,7200,1.0038071066
559414,559420,560906,6,1486,2,7200,1.00403768506
559454,559461,561122,7,1661,2,7200,1.00421432872
559520,559526,561180,6,1654,2,7200,1.00362756953
559555,559561,561124,6,1563,2,7200,1.00383877159
559570,559577,561169,7,1592,2,7200,1.00439698492
559603,559609,561072,6,1463,2,7200,1.004101162
559618,559624,561463,6,1839,2,7200,1.00326264274
559653,559659,561286,6,1627,2,7200,1.0036877689
559718,559724,561225,6,1501,2,7200,1.00399733511
559741,559747,561349,6,1602,2,7200,1.00374531835
559788,559794,561359,6,1565,2,7200,1.00383386581
559805,559812,561386,7,1574,2,7200,1.00444726811
559807,559818,561379,11,1561,2,7200,1.00704676489
559905,559911,561484,6,1573,2,7200,1.00381436745
559943,559949,561537,6,1588,2,7200,1.00377833753
559944,559955,561541,11,1586,2,7200,1.00693568726
559992,559998,561694,6,1696,2,7200,1.00353773585
560034,560040,561756,6,1716,2,7200,1.0034965035
560059,560065,561566,6,1501,2,7200,1.00399733511
560140,560146,561613,6,1467,2,7200,1.00408997955
560155,560162,561674,7,1512,2,7200,1.00462962963
560255,560262,561849,7,1587,2,7200,1.00441083806
560271,560278,561964,7,1686,2,7200,1.00415183867
560273,560284,561762,11,1478,2,7200,1.00744248985
560311,560317,561975,6,1658,2,7200,1.00361881785
560345,560352,561950,7,1598,2,7200,1.00438047559
560423,560430,561971,7,1541,2,7200,1.00454250487
560439,560445,561934,6,1489,2,7200,1.00402955003
560517,560523,562110,6,1587,2,7200,1.00378071834
560533,560539,562188,6,1649,2,7200,1.00363856883
560566,560572,562111,6,1539,2,7200,1.00389863548
560567,560578,562241,11,1663,2,7200,1.00661455201
560583,560589,562190,6,1601,2,7200,1.00374765771
560630,560636,562247,6,1611,2,7200,1.00372439479
560717,560724,562284,7,1560,2,7200,1.00448717949
560733,560739,562581,6,1842,2,7200,1.00325732899
560863,560869,562443,6,1574,2,7200,1.00381194409
560879,560885,562452,6,1567,2,7200,1.00382897256
560907,560913,562498,6,1585,2,7200,1.00378548896
560967,560973,562575,6,1602,2,7200,1.00374531835
561027,561033,562566,6,1533,2,7200,1.00391389432
561074,561080,562788,6,1708,2,7200,1.00351288056
561124,561130,562704,6,1574,2,7200,1.00381194409
561125,561136,562773,11,1637,2,7200,1.00671960904
561170,561176,562704,6,1528,2,7200,1.00392670157
561186,561192,562789,6,1597,2,7200,1.00375704446
561227,561234,562843,7,1609,2,7200,1.00435052828
561287,561294,563085,7,1791,2,7200,1.00390843104
561353,561359,563060,6,1701,2,7200,1.00352733686
561368,561375,562934,7,1559,2,7200,1.00449005773
561384,561390,563012,6,1622,2,7200,1.00369913687
561400,561406,562995,6,1589,2,7200,1.00377595972
561466,561472,563031,6,1559,2,7200,1.00384862091
561485,561491,563065,6,1574,2,7200,1.00381194409
561539,561545,563109,6,1564,2,7200,1.00383631714
561554,561561,563031,7,1470,2,7200,1.00476190476
561570,561576,563095,6,1519,2,7200,1.00394996708
561615,561621,563330,6,1709,2,7200,1.00351082504
561675,561681,563339,6,1658,2,7200,1.00361881785
561697,561703,563366,6,1663,2,7200,1.00360793746
561757,561764,563345,7,1581,2,7200,1.00442757748
561773,561779,563376,6,1597,2,7200,1.00375704446
561852,561858,563370,6,1512,2,7200,1.00396825397
561934,561941,563503,7,1562,2,7200,1.00448143406
561953,561960,563496,7,1536,2,7200,1.00455729167
561970,561975,563531,5,1556,2,7200,1.00321336761
561985,561992,563454,7,1462,2,7200,1.0047879617
561987,561998,563517,11,1519,2,7200,1.00724160632
562113,562119,563750,6,1631,2,7200,1.00367872471
562115,562125,563715,10,1590,2,7200,1.00628930818
562191,562197,563791,6,1594,2,7200,1.00376411543
562192,562203,563859,11,1656,2,7200,1.00664251208
562244,562250,563885,6,1635,2,7200,1.00366972477
562259,562265,563800,6,1535,2,7200,1.00390879479
562288,562294,563786,6,1492,2,7200,1.00402144772
562446,562452,563884,6,1432,2,7200,1.00418994413
562462,562468,563963,6,1495,2,7200,1.00401337793
562500,562506,564041,6,1535,2,7200,1.00390879479
562568,562574,564118,6,1544,2,7200,1.00388601036
562584,562590,564088,6,1498,2,7200,1.00400534045
562585,562596,564179,11,1583,2,7200,1.00694883133
562706,562712,564386,6,1674,2,7200,1.00358422939
562708,562718,564283,10,1565,2,7200,1.00638977636
562774,562780,564391,6,1611,2,7200,1.00372439479
562790,562796,564357,6,1561,2,7200,1.00384368994
562791,562802,564443,11,1641,2,7200,1.00670322974
562845,562851,564393,6,1542,2,7200,1.00389105058
562937,562943,564440,6,1497,2,7200,1.00400801603
562997,563003,564525,6,1522,2,7200,1.00394218134
563016,563022,564548,6,1526,2,7200,1.00393184797
563032,563038,564549,6,1511,2,7200,1.00397088021
563033,563044,564610,11,1566,2,7200,1.00702426564
563062,563068,564616,6,1548,2,7200,1.00387596899
563078,563084,564644,6,1560,2,7200,1.00384615385
563094,563100,564626,6,1526,2,7200,1.00393184797
563110,563116,564614,6,1498,2,7200,1.00400534045
563111,563122,564681,11,1559,2,7200,1.007055805
563331,563337,564856,6,1519,2,7200,1.00394996708
563347,563353,564906,6,1553,2,7200,1.00386349002
563349,563359,564920,10,1561,2,7200,1.0064061499
563368,563374,564857,6,1483,2,7200,1.004045853
563384,563390,564925,6,1535,2,7200,1.00390879479
563385,563396,564972,11,1576,2,7200,1.00697969543
563456,563462,565045,6,1583,2,7200,1.00379027164
563500,563506,565165,6,1659,2,7200,1.00361663653
563516,563522,565102,6,1580,2,7200,1.00379746835
563532,563538,565157,6,1619,2,7200,1.00370599135
563533,563544,565144,11,1600,2,7200,1.006875
563717,563723,565220,6,1497,2,7200,1.00400801603
563752,563758,565410,6,1652,2,7200,1.00363196126
563790,563796,565327,6,1531,2,7200,1.00391900718
563805,563811,565371,6,1560,2,7200,1.00384615385
563807,563817,565367,10,1550,2,7200,1.0064516129
563860,563866,565409,6,1543,2,7200,1.00388852884
563886,563892,565504,6,1612,2,7200,1.00372208437
563887,563898,565380,11,1482,2,7200,1.00742240216
563965,563971,565537,6,1566,2,7200,1.00383141762
564043,564050,565630,7,1580,2,7200,1.00443037975
564090,564097,565705,7,1608,2,7200,1.00435323383
564119,564125,565688,6,1563,2,7200,1.00383877159
564182,564188,565680,6,1492,2,7200,1.00402144772
564284,564291,565804,7,1513,2,7200,1.00462656973
564360,564366,566045,6,1679,2,7200,1.00357355569
564389,564395,565988,6,1593,2,7200,1.00376647834
564405,564411,565954,6,1543,2,7200,1.00388852884
564406,564417,566053,11,1636,2,7200,1.00672371638
564444,564450,565956,6,1506,2,7200,1.00398406375
564446,564456,566081,10,1625,2,7200,1.00615384615
564528,564535,565997,7,1462,2,7200,1.0047879617
564551,564557,566126,6,1569,2,7200,1.00382409178
564552,564563,566155,11,1592,2,7200,1.00690954774
564613,564619,566182,6,1563,2,7200,1.00383877159
564629,564636,566248,7,1612,2,7200,1.00434243176
564631,564642,566174,11,1532,2,7200,1.00718015666
564633,564647,566158,14,1511,2,7200,1.00926538716
564649,564655,566295,6,1640,2,7200,1.00365853659
564684,564690,566268,6,1578,2,7200,1.00380228137
564857,564864,566635,7,1771,2,7200,1.00395256917
564859,564870,566505,11,1635,2,7200,1.00672782875
564907,564913,566457,6,1544,2,7200,1.00388601036
564923,564929,566562,6,1633,2,7200,1.00367421923
564938,564944,566527,6,1583,2,7200,1.00379027164
564973,564979,566506,6,1527,2,7200,1.00392927308
565046,565053,566624,7,1571,2,7200,1.00445576066
565104,565110,566684,6,1574,2,7200,1.00381194409
565141,565147,566652,6,1505,2,7200,1.00398671096
565160,565166,566737,6,1571,2,7200,1.00381922342
565176,565182,566697,6,1515,2,7200,1.00396039604
565224,565230,566809,6,1579,2,7200,1.00379987334
565330,565336,566898,6,1562,2,7200,1.00384122919
565368,565374,566950,6,1576,2,7200,1.0038071066
565384,565390,566993,6,1603,2,7200,1.00374298191
565386,565396,566967,10,1571,2,7200,1.00636537237
565412,565418,567073,6,1655,2,7200,1.00362537764
565413,565424,567031,11,1607,2,7200,1.00684505289
565506,565512,567131,6,1619,2,7200,1.00370599135
565537,565544,567046,7,1502,2,7200,1.00466045273
565631,565638,567210,7,1572,2,7200,1.00445292621
565682,565688,567298,6,1610,2,7200,1.00372670807
565697,565704,567362,7,1658,2,7200,1.00422195416
565713,565719,567305,6,1586,2,7200,1.00378310214
565809,565815,567374,6,1559,2,7200,1.00384862091
565956,565962,567405,6,1443,2,7200,1.00415800416
565958,565968,567510,10,1542,2,7200,1.00648508431
565989,565996,567505,7,1509,2,7200,1.00463883366
566005,566011,567573,6,1562,2,7200,1.00384122919
566048,566055,567593,7,1538,2,7200,1.00455136541
566064,566070,567585,6,1515,2,7200,1.00396039604
566083,566089,567642,6,1553,2,7200,1.00386349002
566127,566133,567714,6,1581,2,7200,1.00379506641
566156,566162,567780,6,1618,2,7200,1.00370828183
566172,566178,567719,6,1541,2,7200,1.0038935756
566188,566194,567666,6,1472,2,7200,1.00407608696
566189,566200,567720,11,1520,2,7200,1.00723684211
566249,566255,567801,6,1546,2,7200,1.00388098318
566271,566277,567897,6,1620,2,7200,1.0037037037
566296,566302,567853,6,1551,2,7200,1.00386847195
566458,566464,568044,6,1580,2,7200,1.00379746835
566505,566511,568062,6,1551,2,7200,1.00386847195
566507,566517,568277,10,1760,2,7200,1.00568181818
566529,566535,568141,6,1606,2,7200,1.00373599004
566564,566570,568109,6,1539,2,7200,1.00389863548
566625,566632,568167,7,1535,2,7200,1.00456026059
566641,566647,568267,6,1620,2,7200,1.0037037037
566657,566663,568268,6,1605,2,7200,1.00373831776
566686,566692,568208,6,1516,2,7200,1.00395778364
566701,566707,568542,6,1835,2,7200,1.00326975477
566739,566745,568441,6,1696,2,7200,1.00353773585
566810,566817,568335,7,1518,2,7200,1.0046113307
566901,566907,568480,6,1573,2,7200,1.00381436745
566952,566958,568448,6,1490,2,7200,1.00402684564
566967,566974,568519,7,1545,2,7200,1.00453074434
566996,567002,568557,6,1555,2,7200,1.0038585209
567034,567040,568640,6,1600,2,7200,1.00375
567050,567056,568597,6,1541,2,7200,1.0038935756
567075,567081,568671,6,1590,2,7200,1.00377358491
567134,567140,568672,6,1532,2,7200,1.00391644909
567214,567220,568789,6,1569,2,7200,1.00382409178
567300,567306,568906,6,1600,2,7200,1.00375
567315,567322,569021,7,1699,2,7200,1.00412007063
567366,567372,568923,6,1551,2,7200,1.00386847195
567381,567387,568925,6,1538,2,7200,1.00390117035
567407,567413,568943,6,1530,2,7200,1.00392156863
567506,567512,569123,6,1611,2,7200,1.00372439479
567522,567528,569143,6,1615,2,7200,1.00371517028
567576,567582,569210,6,1628,2,7200,1.00368550369
567592,567598,569150,6,1552,2,7200,1.00386597938
567608,567614,569261,6,1647,2,7200,1.00364298725
567643,567649,569203,6,1554,2,7200,1.00386100386
567669,567675,569337,6,1662,2,7200,1.0036101083
567713,567720,569295,7,1575,2,7200,1.00444444444
567729,567736,569248,7,1512,2,7200,1.00462962963
567731,567742,569301,11,1559,2,7200,1.007055805
567781,567787,569398,6,1611,2,7200,1.00372439479
567803,567809,569445,6,1636,2,7200,1.00366748166
567854,567860,569333,6,1473,2,7200,1.00407331976
567899,567905,569406,6,1501,2,7200,1.00399733511
568045,568051,569622,6,1571,2,7200,1.00381922342
568065,568071,569615,6,1544,2,7200,1.00388601036
568113,568119,569618,6,1499,2,7200,1.00400266845
568145,568151,569729,6,1578,2,7200,1.00380228137
568170,568176,569877,6,1701,2,7200,1.00352733686
568208,568215,569727,7,1512,2,7200,1.00462962963
568270,568276,569926,6,1650,2,7200,1.00363636364
568271,568282,569937,11,1655,2,7200,1.00664652568
568287,568293,569893,6,1600,2,7200,1.00375
568338,568344,569835,6,1491,2,7200,1.00402414487
568445,568451,570166,6,1715,2,7200,1.00349854227
568460,568467,570061,7,1594,2,7200,1.00439146801
568482,568489,569998,7,1509,2,7200,1.00463883366
568520,568527,570083,7,1556,2,7200,1.00449871465
568550,568556,570362,6,1806,2,7200,1.00332225914
568565,568571,570224,6,1653,2,7200,1.00362976407
568597,568604,570095,7,1491,2,7200,1.00469483568
568641,568648,570311,7,1663,2,7200,1.00420926037
568673,568680,570357,7,1677,2,7200,1.00417412045
568675,568686,570224,11,1538,2,7200,1.00715214564
568790,568797,570429,7,1632,2,7200,1.00428921569
568908,568914,570556,6,1642,2,7200,1.00365408039
568927,568933,570471,6,1538,2,7200,1.00390117035
568928,568939,570561,11,1622,2,7200,1.00678175092
568944,568951,570513,7,1562,2,7200,1.00448143406
569024,569031,570620,7,1589,2,7200,1.00440528634
569126,569132,570796,6,1664,2,7200,1.00360576923
569131,569138,570780,7,1642,12,3600,1.00426309379
569146,569152,570834,6,1682,2,7200,1.00356718193
569161,569168,571031,7,1863,2,7200,1.00375738057
569205,569211,570756,6,1545,2,7200,1.00388349515
569221,569227,570818,6,1591,2,7200,1.00377121307
569250,569256,570860,6,1604,2,7200,1.00374064838
569265,569272,570759,7,1487,2,7200,1.00470746469
569297,569303,570890,6,1587,2,7200,1.00378071834
569313,569319,570888,6,1569,2,7200,1.00382409178
569337,569343,570828,6,1485,2,7200,1.00404040404
569338,569349,570904,11,1555,2,7200,1.00707395498
569400,569406,570987,6,1581,2,7200,1.00379506641
569415,569422,570920,7,1498,2,7200,1.0046728972
569447,569453,570980,6,1527,2,7200,1.00392927308
569617,569623,571213,6,1590,2,7200,1.00377358491
569633,569639,571204,6,1565,2,7200,1.00383386581
569634,569645,571089,11,1444,2,7200,1.00761772853
569730,569736,571414,6,1678,2,7200,1.00357568534
569732,569742,571338,10,1596,2,7200,1.00626566416
569837,569843,571452,6,1609,2,7200,1.00372902424
569880,569887,571460,7,1573,2,7200,1.00445009536
569896,569903,571428,7,1525,2,7200,1.00459016393
569928,569935,571465,7,1530,2,7200,1.0045751634
569944,569950,571624,6,1674,2,7200,1.00358422939
570001,570007,571439,6,1432,2,7200,1.00418994413
570063,570069,571664,6,1595,2,7200,1.00376175549
570085,570091,571613,6,1522,2,7200,1.00394218134
570101,570107,571613,6,1506,2,7200,1.00398406375
570168,570174,571763,6,1589,2,7200,1.00377595972
570225,570231,572148,6,1917,2,7200,1.00312989045
570227,570237,571876,10,1639,2,7200,1.00610128127
570314,570320,571867,6,1547,2,7200,1.00387847447
570359,570365,571983,6,1618,2,7200,1.00370828183
570374,570380,571965,6,1585,2,7200,1.00378548896
570431,570437,571978,6,1541,2,7200,1.0038935756
570475,570481,572011,6,1530,2,7200,1.00392156863
570516,570523,572005,7,1482,2,7200,1.00472334683
570557,570563,572112,6,1549,2,7200,1.00387346675
570573,570579,572002,6,1423,2,7200,1.00421644413
570621,570627,572288,6,1661,2,7200,1.00361228176
570760,570766,572419,6,1653,2,7200,1.00362976407
570761,570772,572341,11,1569,2,7200,1.00701083493
570800,570806,572637,6,1831,2,7200,1.00327689787
570819,570825,572260,6,1435,2,7200,1.00418118467
570835,570841,572410,6,1569,2,7200,1.00382409178
570836,570847,572331,11,1484,2,7200,1.00741239892
570862,570868,572432,6,1564,2,7200,1.00383631714
570889,570898,572541,9,1643,2,7200,1.00547778454
570905,570911,572448,6,1537,2,7200,1.00390370852
570907,570917,572416,10,1499,2,7200,1.00667111408
570922,570928,572541,6,1613,2,7200,1.00371977681
570982,570989,572549,7,1560,2,7200,1.00448717949
570998,571004,572590,6,1586,2,7200,1.00378310214
571033,571039,572581,6,1542,2,7200,1.00389105058
571091,571097,571851,6,754,1,3000,1.00795755968
571091,571102,572671,11,1569,2,7200,1.00701083493
571207,571213,572741,6,1528,2,7200,1.00392670157
571223,571229,572923,6,1694,2,7200,1.00354191263
571341,571347,572860,6,1513,2,7200,1.0039656312
571417,571424,572962,7,1538,2,7200,1.00455136541
571434,571440,573001,6,1561,2,7200,1.00384368994
571450,571456,573072,6,1616,2,7200,1.00371287129
571468,571474,573042,6,1568,2,7200,1.00382653061
571469,571480,573101,11,1621,2,7200,1.00678593461
571471,571485,573120,14,1635,2,7200,1.00856269113
571614,571621,573220,7,1599,2,7200,1.00437773609
571616,571627,573214,11,1587,2,7200,1.00693131695
571620,571633,572931,13,1298,1,1200,1.01001540832
571632,571639,573520,7,1881,2,7200,1.00372142477
571667,571673,573276,6,1603,2,7200,1.00374298191
571764,571770,573365,6,1595,2,7200,1.00376175549
571869,571875,573505,6,1630,2,7200,1.0036809816
571885,571891,573521,6,1630,2,7200,1.0036809816
571967,571973,573594,6,1621,2,7200,1.00370141888
571983,571989,573480,6,1491,2,7200,1.00402414487
571984,571995,573587,11,1592,2,7200,1.00690954774
572004,572010,573470,6,1460,2,7200,1.00410958904
572020,572026,573565,6,1539,2,7200,1.00389863548
572021,572032,573589,11,1557,2,7200,1.00706486834
572114,572120,573630,6,1510,2,7200,1.00397350993
572149,572155,573795,6,1640,2,7200,1.00365853659
572267,572273,573757,6,1484,2,7200,1.00404312668
572290,572296,573764,6,1468,2,7200,1.00408719346
572334,572340,573893,6,1553,2,7200,1.00386349002
572350,572356,574009,6,1653,2,7200,1.00362976407
572413,572421,573964,8,1543,2,7200,1.00518470512
572429,572435,574024,6,1589,2,7200,1.00377595972
572430,572441,574063,11,1622,2,7200,1.00678175092
572446,572453,574061,7,1608,2,7200,1.00435323383
572462,572468,574075,6,1607,2,7200,1.00373366521
572545,572552,574112,7,1560,2,7200,1.00448717949
572547,572558,574219,11,1661,2,7200,1.00662251656
572563,572569,574602,6,2033,2,7200,1.00295130349
572582,572588,574097,6,1509,2,7200,1.00397614314
572598,572604,574175,6,1571,2,7200,1.00381922342
572639,572645,574284,6,1639,2,7200,1.00366076876
572673,572680,574215,7,1535,2,7200,1.00456026059
572743,572749,574327,6,1578,2,7200,1.00380228137
572863,572870,574440,7,1570,2,7200,1.00445859873
572924,572931,574478,7,1547,2,7200,1.00452488688
572965,572971,574574,6,1603,2,7200,1.00374298191
573004,573010,574507,6,1497,2,7200,1.00400801603
573045,573051,574576,6,1525,2,7200,1.00393442623
573073,573080,574980,7,1900,2,7200,1.00368421053
573105,573111,574724,6,1613,2,7200,1.00371977681
573124,573130,574790,6,1660,2,7200,1.00361445783
573216,573222,574743,6,1521,2,7200,1.00394477318
573232,573238,574828,6,1590,2,7200,1.00377358491
573279,573285,574786,6,1501,2,7200,1.00399733511
573367,573373,574927,6,1554,2,7200,1.00386100386
573474,573480,575609,6,2129,2,7200,1.00281822452
573490,573496,575037,6,1541,2,7200,1.0038935756
573506,573512,575246,6,1734,2,7200,1.00346020761
573522,573528,575205,6,1677,2,7200,1.00357781753
573523,573534,575170,11,1636,2,7200,1.00672371638
573568,573574,575230,6,1656,2,7200,1.00362318841
573590,573596,575157,6,1561,2,7200,1.00384368994
573592,573602,575160,10,1558,2,7200,1.00641848524
573607,573613,575206,6,1593,2,7200,1.00376647834
573633,573639,575154,6,1515,2,7200,1.00396039604
573757,573764,575266,7,1502,2,7200,1.00466045273
573773,573779,575543,6,1764,2,7200,1.00340136054
573774,573785,574920,11,1135,1,1200,1.00969162996
573799,573805,575521,6,1716,2,7200,1.0034965035
573896,573902,575498,6,1596,2,7200,1.0037593985
573966,573972,575490,6,1518,2,7200,1.00395256917
574011,574017,575559,6,1542,2,7200,1.00389105058
574027,574033,575530,6,1497,2,7200,1.00400801603
574062,574069,575614,7,1545,2,7200,1.00453074434
574064,574075,575680,11,1605,2,7200,1.00685358255
574080,574086,575830,6,1744,2,7200,1.00344036697
574099,574105,575716,6,1611,2,7200,1.00372439479
574115,574121,575752,6,1631,2,7200,1.00367872471
574180,574186,575697,6,1511,2,7200,1.00397088021
574216,574222,575671,6,1449,2,7200,1.00414078675
574232,574238,575825,6,1587,2,7200,1.00378071834
574285,574291,575827,6,1536,2,7200,1.00390625
574329,574335,575907,6,1572,2,7200,1.00381679389
574442,574448,575995,6,1547,2,7200,1.00387847447
574480,574486,576077,6,1591,2,7200,1.00377121307
574508,574515,576088,7,1573,2,7200,1.00445009536
574577,574583,576253,6,1670,2,7200,1.00359281437
574578,574589,576214,11,1625,2,7200,1.00676923077
574604,574610,576099,6,1489,2,7200,1.00402955003
574724,574731,576225,7,1494,2,7200,1.0046854083
574746,574753,576345,7,1592,2,7200,1.00439698492
574788,574794,576390,6,1596,2,7200,1.0037593985
574803,574809,576365,6,1556,2,7200,1.00385604113
574832,574838,576802,6,1964,2,7200,1.00305498982
574930,574936,576517,6,1581,2,7200,1.00379506641
574941,574996,575142,55,146,12,86400,1.37671232877
574984,574990,576619,6,1629,2,7200,1.00368324125
575040,575047,576689,7,1642,2,7200,1.00426309379
575155,575162,576688,7,1526,2,7200,1.00458715596
575172,575178,576736,6,1558,2,7200,1.00385109114
575173,575184,576861,11,1677,2,7200,1.00655933214
575175,575189,576755,14,1566,2,7200,1.00893997446
575208,575215,576792,7,1577,2,7200,1.00443880786
575210,575221,576790,11,1569,2,7200,1.00701083493
575233,575239,576953,6,1714,2,7200,1.00350058343
575249,575255,576820,6,1565,2,7200,1.00383386581
575268,575274,576853,6,1579,2,7200,1.00379987334
575492,575498,577102,6,1604,2,7200,1.00374064838
575507,575514,577155,7,1641,2,7200,1.00426569165
575523,575529,577171,6,1642,2,7200,1.00365408039
575540,575546,577151,6,1605,2,7200,1.00373831776
575541,575552,577205,11,1653,2,7200,1.00665456745
575560,575567,577066,7,1499,2,7200,1.00466977985
575610,575616,577157,6,1541,2,7200,1.0038935756
575626,575632,577276,6,1644,2,7200,1.00364963504
575674,575680,577234,6,1554,2,7200,1.00386100386
575690,575696,577307,6,1611,2,7200,1.00372439479
575706,575712,577265,6,1553,2,7200,1.00386349002
575722,575728,577441,6,1713,2,7200,1.00350262697
575753,575760,577410,7,1650,2,7200,1.00424242424
575827,575833,577283,6,1450,2,7200,1.00413793103
575829,575839,577394,10,1555,2,7200,1.00643086817
575845,575851,577488,6,1637,2,7200,1.0036652413
575909,575915,577535,6,1620,2,7200,1.0037037037
575996,576002,577548,6,1546,2,7200,1.00388098318
576079,576085,577627,6,1542,2,7200,1.00389105058
576095,576101,577672,6,1571,2,7200,1.00381922342
576111,576117,577651,6,1534,2,7200,1.00391134289
576216,576223,577813,7,1590,2,7200,1.00440251572
576232,576238,577870,6,1632,2,7200,1.00367647059
576255,576261,577821,6,1560,2,7200,1.00384615385
576348,576354,577954,6,1600,2,7200,1.00375
576366,576373,579010,7,2637,2,7200,1.00265453166
576392,576398,578022,6,1624,2,7200,1.00369458128
576519,576525,578115,6,1590,2,7200,1.00377358491
576623,576629,578167,6,1538,2,7200,1.00390117035
576690,576696,578234,6,1538,2,7200,1.00390117035
576692,576702,578551,10,1849,2,7200,1.00540832883
576739,576745,578330,6,1585,2,7200,1.00378548896
576755,576761,578439,6,1678,2,7200,1.00357568534
576794,576800,578380,6,1580,2,7200,1.00379746835
576795,576806,578590,11,1784,2,7200,1.00616591928
576811,576817,578515,6,1698,2,7200,1.0035335689
576827,576833,578510,6,1677,2,7200,1.00357781753
576853,576860,578534,7,1674,2,7200,1.00418160096
576869,576875,578422,6,1547,2,7200,1.00387847447
576955,576961,578627,6,1666,2,7200,1.00360144058
577070,577076,578643,6,1567,2,7200,1.00382897256
577105,577111,578545,6,1434,2,7200,1.00418410042
577153,577159,578944,6,1785,2,7200,1.00336134454
577169,577175,578674,6,1499,2,7200,1.00400266845
577170,577181,578781,11,1600,2,7200,1.006875
577186,577192,578691,6,1499,2,7200,1.00400266845
577208,577214,578872,6,1658,2,7200,1.00361881785
577237,577243,578787,6,1544,2,7200,1.00388601036
577269,577275,578754,6,1479,2,7200,1.00405679513
577285,577291,578827,6,1536,2,7200,1.00390625
577287,577297,578841,10,1544,2,7200,1.00647668394
577309,577315,578885,6,1570,2,7200,1.00382165605
577395,577402,578943,7,1541,2,7200,1.00454250487
577411,577417,578909,6,1492,2,7200,1.00402144772
577443,577449,578972,6,1523,2,7200,1.00393959291
577491,577497,579020,6,1523,2,7200,1.00393959291
577532,577538,600942,6,23404,1,28800,1.00025636643
577536,577544,578999,8,1455,2,7200,1.00549828179
577552,577558,579045,6,1487,2,7200,1.00403496974
577557,577564,606392,7,28828,1,28800,1.00024281948
577566,577572,606392,6,28820,1,28800,1.00020818876
577572,577578,606395,6,28817,1,28800,1.00020821043
577628,577639,579354,11,1715,2,7200,1.00641399417
577628,577634,592949,6,15315,1,28800,1.00039177277
577635,577646,603707,11,26061,1,28800,1.00042208664
577641,577652,606488,11,28836,1,28800,1.00038146761
577645,577657,606478,12,28821,1,28800,1.00041636307
577653,577664,579310,11,1646,2,7200,1.00668286756
577675,577682,579307,7,1625,2,7200,1.00430769231
577753,577759,598611,6,20852,1,28800,1.00028774218
577760,577766,606589,6,28823,1,28800,1.00020816709
577767,577773,606623,6,28850,1,28800,1.00020797227
577814,577820,579318,6,1498,2,7200,1.00400534045
577829,577835,579427,6,1592,2,7200,1.00376884422
577873,577879,579290,6,1411,2,7200,1.00425230333
577904,577910,596986,6,19076,1,28800,1.00031453135
577914,577922,606760,8,28838,1,28800,1.00027741175
577952,577958,594188,6,16230,1,28800,1.00036968577
577953,577969,579503,16,1534,2,7200,1.01043024772
577956,577964,602946,8,24982,1,28800,1.00032023057
577986,577992,593750,6,15758,1,28800,1.00038075898
578026,578033,579645,7,1612,2,7200,1.00434243176
578117,578123,579672,6,1549,2,7200,1.00387346675
578169,578175,579858,6,1683,2,7200,1.00356506239
578236,578242,579843,6,1601,2,7200,1.00374765771
578241,578248,623835,7,45587,2,180000,1.00015355255
578331,578337,579988,6,1651,2,7200,1.00363416111
578342,578348,601920,6,23572,1,36000,1.00025453928
578351,578358,612465,7,34107,1,36000,1.00020523646
578383,578390,580230,7,1840,2,7200,1.00380434783
578425,578431,579965,6,1534,2,7200,1.00391134289
578441,578447,580034,6,1587,2,7200,1.00378071834
578511,578517,580124,6,1607,2,7200,1.00373366521
578527,578533,580144,6,1611,2,7200,1.00372439479
578542,578549,580099,7,1550,2,7200,1.00451612903
578558,578564,580252,6,1688,2,7200,1.00355450237
578560,578570,580137,10,1567,2,7200,1.00638162093
578588,578594,580192,6,1598,2,7200,1.00375469337
578630,578636,580307,6,1671,2,7200,1.00359066427
578646,578652,580214,6,1562,2,7200,1.00384122919
578665,578671,578877,6,206,1,36000,1.02912621359
578675,578681,578879,6,198,1,36000,1.0303030303
578677,578687,580291,10,1604,2,7200,1.00623441397
578693,578699,580250,6,1551,2,7200,1.00386847195
578756,578763,580363,7,1600,2,7200,1.004375
578782,578788,580265,6,1477,2,7200,1.00406228842
578798,578804,580421,6,1617,2,7200,1.00371057514
578830,578836,580454,6,1618,2,7200,1.00370828183
578846,578852,580394,6,1542,2,7200,1.00389105058
578852,578959,578965,107,6,12,3600,11.3
578873,578879,580462,6,1583,2,7200,1.00379027164
578889,578895,580425,6,1530,2,7200,1.00392156863
578913,578919,580450,6,1531,2,7200,1.00391900718
578947,578953,580559,6,1606,2,7200,1.00373599004
578948,578965,580746,17,1781,2,7200,1.00954519933
578974,578981,580583,7,1602,2,7200,1.00436953808
579001,579007,580623,6,1616,2,7200,1.00371287129
579017,579023,580534,6,1511,2,7200,1.00397088021
579034,579040,580763,6,1723,2,7200,1.00348229832
579049,579057,580567,8,1510,2,7200,1.00529801325
579066,579072,647043,6,67971,1,144000,1.00008827294
579293,579299,580892,6,1593,2,7200,1.00376647834
579309,579315,580841,6,1526,2,7200,1.00393184797
579326,579332,581134,6,1802,2,7200,1.00332963374
579327,579338,580816,11,1478,2,7200,1.00744248985
579351,579357,580987,6,1630,2,7200,1.0036809816
579404,580148,581901,744,1753,24,7200,1.42441528808
579429,579435,581144,6,1709,2,7200,1.00351082504
579506,579512,581000,6,1488,2,7200,1.00403225806
579647,579653,581227,6,1574,2,7200,1.00381194409
579673,579679,581308,6,1629,2,7200,1.00368324125
579846,579852,581438,6,1586,2,7200,1.00378310214
579862,579868,581385,6,1517,2,7200,1.00395517469
579966,579972,581594,6,1622,2,7200,1.00369913687
579988,579994,581580,6,1586,2,7200,1.00378310214
580036,580042,581600,6,1558,2,7200,1.00385109114
580101,580107,582459,6,2352,2,7200,1.00255102041
580127,580133,581779,6,1646,2,7200,1.00364520049
580143,580154,581731,11,1577,2,7200,1.0069752695
580159,580165,581803,6,1638,2,7200,1.00366300366
580194,580200,581777,6,1577,2,7200,1.00380469245
580216,580222,581858,6,1636,2,7200,1.00366748166
580232,580238,581860,6,1622,2,7200,1.00369913687
580254,580260,581877,6,1617,2,7200,1.00371057514
580256,580266,581826,10,1560,2,7200,1.00641025641
580272,580277,581825,5,1548,2,7200,1.00322997416
580294,580300,581960,6,1660,2,7200,1.00361445783
580310,580316,581940,6,1624,2,7200,1.00369458128
580364,580370,582054,6,1684,2,7200,1.00356294537
580395,580401,581980,6,1579,2,7200,1.00379987334
580424,580430,581975,6,1545,2,7200,1.00388349515
580426,580436,582112,10,1676,2,7200,1.00596658711
580452,580458,581939,6,1481,2,7200,1.00405131668
580468,580476,582090,8,1614,2,7200,1.00495662949
580470,580482,582071,12,1589,2,7200,1.00755191945
580536,580542,582092,6,1550,2,7200,1.00387096774
580562,580568,582136,6,1568,2,7200,1.00382653061
580578,580584,582082,6,1498,2,7200,1.00400534045
580594,580600,582186,6,1586,2,7200,1.00378310214
580625,580631,582185,6,1554,2,7200,1.00386100386
580747,580753,582423,6,1670,2,7200,1.00359281437
580766,580772,582311,6,1539,2,7200,1.00389863548
580817,580823,582444,6,1621,2,7200,1.00370141888
580842,580849,582475,7,1626,2,7200,1.00430504305
580893,580899,582496,6,1597,2,7200,1.00375704446
580994,581000,582555,6,1555,2,7200,1.0038585209
581010,581016,582637,6,1621,2,7200,1.00370141888
581138,581144,582745,6,1601,2,7200,1.00374765771
581154,581160,582814,6,1654,2,7200,1.00362756953
581228,581235,583012,7,1777,2,7200,1.00393922341
581310,581316,582837,6,1521,2,7200,1.00394477318
581388,581394,582905,6,1511,2,7200,1.00397088021
581441,581447,582984,6,1537,2,7200,1.00390370852
581582,581588,583045,6,1457,2,7200,1.00411805079
581598,581604,583043,6,1439,2,7200,1.0041695622
581613,581619,583195,6,1576,2,7200,1.0038071066
581732,581738,583262,6,1524,2,7200,1.00393700787
581780,581786,583387,6,1601,2,7200,1.00374765771
581781,581792,583366,11,1574,2,7200,1.00698856417
581807,581813,583419,6,1606,2,7200,1.00373599004
581826,581832,583405,6,1573,2,7200,1.00381436745
581827,581838,583336,11,1498,2,7200,1.00734312417
581860,581866,583538,6,1672,2,7200,1.00358851675
581861,581872,583507,11,1635,2,7200,1.00672782875
581880,581887,583575,7,1688,2,7200,1.00414691943
581943,581949,583485,6,1536,2,7200,1.00390625
581945,581955,583544,10,1589,2,7200,1.00629326621
581964,581970,583541,6,1571,2,7200,1.00381922342
581980,581986,583610,6,1624,2,7200,1.00369458128
581996,582002,583502,6,1500,2,7200,1.004
582056,582062,583634,6,1572,2,7200,1.00381679389
582072,582078,583686,6,1608,2,7200,1.00373134328
582087,582093,583639,6,1546,2,7200,1.00388098318
582103,582109,583747,6,1638,2,7200,1.00366300366
582105,582115,583729,10,1614,2,7200,1.00619578686
582121,582127,583685,6,1558,2,7200,1.00385109114
582140,582146,583707,6,1561,2,7200,1.00384368994
582188,582194,583716,6,1522,2,7200,1.00394218134
582189,582200,583822,11,1622,2,7200,1.00678175092
582312,582318,583846,6,1528,2,7200,1.00392670157
582427,582433,583996,6,1563,2,7200,1.00383877159
582445,582452,584081,7,1629,2,7200,1.00429711479
582461,582467,583987,6,1520,2,7200,1.00394736842
582477,582483,584030,6,1547,2,7200,1.00387847447
582499,582506,584116,7,1610,2,7200,1.00434782609
582556,582562,584219,6,1657,2,7200,1.00362100181
582638,582644,584056,6,1412,2,7200,1.00424929178
582746,582753,584297,7,1544,2,7200,1.00453367876
582817,582823,584383,6,1560,2,7200,1.00384615385
582839,582846,584401,7,1555,2,7200,1.00450160772
582908,582914,584513,6,1599,2,7200,1.00375234522
582986,582992,584793,6,1801,2,7200,1.00333148251
583014,583020,584680,6,1660,2,7200,1.00361445783
583043,583049,584563,6,1514,2,7200,1.00396301189
583059,583065,584682,6,1617,2,7200,1.00371057514
583198,583204,584857,6,1653,2,7200,1.00362976407
583265,583270,584816,5,1546,2,7200,1.00323415265
583340,583346,585017,6,1671,2,7200,1.00359066427
583368,583374,584938,6,1564,2,7200,1.00383631714
583391,583397,584960,6,1563,2,7200,1.00383877159
583407,583413,585064,6,1651,2,7200,1.00363416111
583423,583429,584947,6,1518,2,7200,1.00395256917
583487,583493,585037,6,1544,2,7200,1.00388601036
583506,583512,585081,6,1569,2,7200,1.00382409178
583522,583528,585132,6,1604,2,7200,1.00374064838
583541,583547,585983,6,2436,2,7200,1.00246305419
583543,583553,585048,10,1495,2,7200,1.00668896321
583558,583564,585153,6,1589,2,7200,1.00377595972
583577,583583,585123,6,1540,2,7200,1.0038961039
583612,583618,585148,6,1530,2,7200,1.00392156863
583634,583640,585282,6,1642,2,7200,1.00365408039
583650,583656,585338,6,1682,2,7200,1.00356718193
583688,583694,585551,6,1857,2,7200,1.00323101777
583689,583700,585355,11,1655,2,7200,1.00664652568
583709,583715,585270,6,1555,2,7200,1.0038585209
583725,583731,585278,6,1547,2,7200,1.00387847447
583741,583747,585279,6,1532,2,7200,1.00391644909
583757,583763,585289,6,1526,2,7200,1.00393184797
583824,583829,585436,5,1607,2,7200,1.00311138768
583849,583855,585420,6,1565,2,7200,1.00383386581
583987,583994,585607,7,1613,2,7200,1.00433973962
584003,584009,585533,6,1524,2,7200,1.00393700787
584032,584038,585581,6,1543,2,7200,1.00388852884
584057,584064,585692,7,1628,2,7200,1.0042997543
584083,584089,585799,6,1710,2,7200,1.00350877193
584118,584124,585605,6,1481,2,7200,1.00405131668
584221,584228,585910,7,1682,2,7200,1.00416171225
584298,584304,586039,6,1735,2,7200,1.00345821326
584384,584390,586053,6,1663,2,7200,1.00360793746
584403,584409,586018,6,1609,2,7200,1.00372902424
584513,584519,586037,6,1518,2,7200,1.00395256917
584565,584571,586090,6,1519,2,7200,1.00394996708
584683,584689,586258,6,1569,2,7200,1.00382409178
584684,584695,586291,11,1596,2,7200,1.00689223058
584795,584801,586491,6,1690,2,7200,1.00355029586
584818,584824,586485,6,1661,2,7200,1.00361228176
584858,584864,586473,6,1609,2,7200,1.00372902424
584941,584948,586522,7,1574,2,7200,1.00444726811
584958,584964,586515,6,1551,2,7200,1.00386847195
584973,584980,586688,7,1708,2,7200,1.00409836066
585019,585025,586706,6,1681,2,7200,1.00356930399
585038,585044,586604,6,1560,2,7200,1.00384615385
585054,585059,586705,5,1646,2,7200,1.00303766707
585069,585075,586577,6,1502,2,7200,1.00399467377
585085,585091,586621,6,1530,2,7200,1.00392156863
585126,585132,586624,6,1492,2,7200,1.00402144772
585142,585148,586804,6,1656,2,7200,1.00362318841
585158,585164,586719,6,1555,2,7200,1.0038585209
585159,585171,586664,12,1493,2,7200,1.00803750837
585273,585279,586868,6,1589,2,7200,1.00377595972
585290,585296,586922,6,1626,2,7200,1.0036900369
585291,585302,586932,11,1630,2,7200,1.00674846626
585293,585307,586959,14,1652,2,7200,1.00847457627
585299,585314,586879,15,1565,2,7200,1.00958466454
585339,585345,586971,6,1626,2,7200,1.0036900369
585356,585362,586939,6,1577,2,7200,1.00380469245
585421,585427,586931,6,1504,2,7200,1.0039893617
585438,585444,587037,6,1593,2,7200,1.00376647834
585535,585541,586947,6,1406,2,7200,1.00426742532
585554,585560,587039,6,1479,2,7200,1.00405679513
585583,585589,587184,6,1595,2,7200,1.00376175549
585609,585615,587095,6,1480,2,7200,1.00405405405
585610,585621,587311,11,1690,2,7200,1.00650887574
585695,585701,587384,6,1683,2,7200,1.00356506239
585802,585808,587273,6,1465,2,7200,1.00409556314
585912,585918,587459,6,1541,2,7200,1.0038935756
585986,585993,587568,7,1575,2,7200,1.00444444444
586021,586028,587591,7,1563,2,7200,1.00447856686
586041,586047,587629,6,1582,2,7200,1.00379266751
586042,586053,587527,11,1474,2,7200,1.00746268657
586058,586064,587554,6,1490,2,7200,1.00402684564
586093,586099,587751,6,1652,2,7200,1.00363196126
586260,586267,587877,7,1610,2,7200,1.00434782609
586295,586301,587853,6,1552,2,7200,1.00386597938
586474,586480,588094,6,1614,2,7200,1.00371747212
586490,586496,588202,6,1706,2,7200,1.00351699883
586506,586512,588098,6,1586,2,7200,1.00378310214
586522,586528,588286,6,1758,2,7200,1.00341296928
586537,586543,588091,6,1548,2,7200,1.00387596899
586578,586585,588028,7,1443,2,7200,1.00485100485
586603,586635,587127,32,492,2,4980,1.06504065041
586604,586610,588235,6,1625,2,7200,1.00369230769
586623,586629,588211,6,1582,2,7200,1.00379266751
586639,586645,588190,6,1545,2,7200,1.00388349515
586665,586671,588236,6,1565,2,7200,1.00383386581
586690,586697,588170,7,1473,2,7200,1.00475220638
586707,586713,588261,6,1548,2,7200,1.00387596899
586708,586719,588366,11,1647,2,7200,1.00667880996
586724,586730,588335,6,1605,2,7200,1.00373831776
586807,586814,588355,7,1541,2,7200,1.00454250487
586870,586877,588568,7,1691,2,7200,1.00413956239
586886,586892,588512,6,1620,2,7200,1.0037037037
586925,586931,588346,6,1415,2,7200,1.00424028269
586942,586948,588521,6,1573,2,7200,1.00381436745
586943,586954,588614,11,1660,2,7200,1.00662650602
586945,586960,588591,15,1631,2,7200,1.00919681177
586962,586968,588546,6,1578,2,7200,1.00380228137
586963,586974,588608,11,1634,2,7200,1.00673194614
586979,586985,588764,6,1779,2,7200,1.00337268128
587040,587046,588675,6,1629,2,7200,1.00368324125
587041,587052,588624,11,1572,2,7200,1.00699745547
587098,587104,588634,6,1530,2,7200,1.00392156863
587125,587131,587135,6,4,1,900,1.0
587131,587137,587421,6,284,2,4980,1.02112676056
587186,587192,588682,6,1490,2,7200,1.00402684564
587275,587281,588871,6,1590,2,7200,1.00377358491
587313,587319,588809,6,1490,2,7200,1.00402684564
587386,587392,588919,6,1527,2,7200,1.00392927308
587421,587427,587429,6,2,1,900,1.0
587462,587468,589039,6,1571,2,7200,1.00381922342
587531,587537,589203,6,1666,2,7200,1.00360144058
587557,587563,589532,6,1969,2,7200,1.0030472321
587573,587579,589224,6,1645,2,7200,1.00364741641
587593,587599,589130,6,1531,2,7200,1.00391900718
587631,587637,589333,6,1696,2,7200,1.00353773585
587755,587761,589262,6,1501,2,7200,1.00399733511
587855,587861,589421,6,1560,2,7200,1.00384615385
587881,587887,589490,6,1603,2,7200,1.00374298191
588030,588036,589632,6,1596,2,7200,1.0037593985
588061,588067,588098,6,31,1,60,1.1935483871
588094,588100,589612,6,1512,2,7200,1.00396825397
588095,588106,589605,11,1499,2,7200,1.00733822548
588111,588117,589708,6,1591,2,7200,1.00377121307
588172,588179,589877,7,1698,2,7200,1.00412249706
588192,588198,590015,6,1817,2,7200,1.0033021464
588208,588213,589709,5,1496,2,7200,1.00334224599
588223,588229,589709,6,1480,2,7200,1.00405405405
588240,588246,589838,6,1592,2,7200,1.00376884422
588241,588252,589837,11,1585,2,7200,1.00694006309
588265,588271,589977,6,1706,2,7200,1.00351699883
588288,588294,589822,6,1528,2,7200,1.00392670157
588337,588343,589998,6,1655,2,7200,1.00362537764
588353,588359,589945,6,1586,2,7200,1.00378310214
588369,588375,590001,6,1626,2,7200,1.0036900369
588371,588381,590006,10,1625,2,7200,1.00615384615
588514,588521,590076,7,1555,2,7200,1.00450160772
588530,588536,590062,6,1526,2,7200,1.00393184797
588549,588555,590233,6,1678,2,7200,1.00357568534
588571,588577,590060,6,1483,2,7200,1.004045853
588577,588606,588914,29,308,4,4980,1.09415584416
588594,588600,590167,6,1567,2,7200,1.00382897256
588610,588616,590137,6,1521,2,7200,1.00394477318
588626,588633,590233,7,1600,2,7200,1.004375
588628,588639,590185,11,1546,2,7200,1.00711513583
588644,588651,590197,7,1546,2,7200,1.00452781371
588676,588682,590270,6,1588,2,7200,1.00377833753
588692,588698,590205,6,1507,2,7200,1.00398142004
588768,588774,590278,6,1504,2,7200,1.0039893617
588812,588818,590404,6,1586,2,7200,1.00378310214
588864,588870,613645,6,24775,1,86400,1.00024217962
588875,588882,590526,7,1644,2,7200,1.00425790754
588913,588919,588924,6,5,1,900,1.1
588918,588925,589108,7,183,4,4980,1.03825136612
588921,588931,590532,10,1601,2,7200,1.00624609619
589041,589048,590678,7,1630,2,7200,1.00429447853
589107,589113,589114,6,1,1,900,1.0
589133,589139,590740,6,1601,2,7200,1.00374765771
589205,589211,590841,6,1630,2,7200,1.0036809816
589207,589217,589540,10,323,4,4980,1.03095975232
589228,589234,590807,6,1573,2,7200,1.00381436745
589266,589272,590818,6,1546,2,7200,1.00388098318
589334,589341,590922,7,1581,2,7200,1.00442757748
589423,589430,591088,7,1658,2,7200,1.00422195416
589493,589499,591124,6,1625,2,7200,1.00369230769
589535,589541,591134,6,1593,2,7200,1.00376647834
589538,589547,589551,9,4,1,900,1.3
589545,589553,589772,8,219,4,4980,1.03652968037
589608,589614,591150,6,1536,2,7200,1.00390625
589624,589630,591219,6,1589,2,7200,1.00377595972
589640,589646,591229,6,1583,2,7200,1.00379027164
589712,589718,591366,6,1648,2,7200,1.0036407767
589713,589724,591248,11,1524,2,7200,1.00721784777
589715,589730,591344,15,1614,2,7200,1.0092936803
589771,589777,589778,6,1,1,900,1.0
589774,589783,590078,9,295,4,4980,1.03050847458
589823,589829,591326,6,1497,2,7200,1.00400801603
589839,589846,591434,7,1588,2,7200,1.00440806045
589841,589852,591483,11,1631,2,7200,1.00674432863
589879,589885,591430,6,1545,2,7200,1.00388349515
589949,589955,591446,6,1491,2,7200,1.00402414487
589980,589987,591561,7,1574,2,7200,1.00444726811
590000,590006,591609,6,1603,2,7200,1.00374298191
590016,590022,591637,6,1615,2,7200,1.00371517028
590017,590028,591597,11,1569,2,7200,1.00701083493
590019,590033,591671,14,1638,2,7200,1.00854700855
590064,590070,591661,6,1591,2,7200,1.00377121307
590065,590076,591562,11,1486,2,7200,1.00740242261
590078,590084,590085,6,1,1,900,1.0
590081,590090,590444,9,354,4,4980,1.02542372881
590081,590095,591755,14,1660,2,7200,1.00843373494
590138,590144,591717,6,1573,2,7200,1.00381436745
590170,590176,591641,6,1465,2,7200,1.00409556314
590192,590197,591726,5,1529,2,7200,1.00327011118
590208,590214,591915,6,1701,2,7200,1.00352733686
590209,590220,591750,11,1530,2,7200,1.00718954248
590235,590241,591765,6,1524,2,7200,1.00393700787
590237,590247,591762,10,1515,2,7200,1.00660066007
590271,590278,592073,7,1795,2,7200,1.00389972145
590287,590293,591896,6,1603,2,7200,1.00374298191
590405,590412,592158,7,1746,2,7200,1.0040091638
590443,590450,590451,7,1,1,900,1.0
590447,590456,590727,9,271,4,4980,1.0332103321
590528,590534,592125,6,1591,2,7200,1.00377121307
590544,590550,592147,6,1597,2,7200,1.00375704446
590679,590685,592264,6,1579,2,7200,1.00379987334
590742,590749,592351,7,1602,2,7200,1.00436953808
590809,590815,592270,6,1455,2,7200,1.00412371134
590825,590830,592506,5,1676,2,7200,1.00298329356
590844,590850,592508,6,1658,2,7200,1.00361881785
590925,590931,592451,6,1520,2,7200,1.00394736842
591090,591096,592658,6,1562,2,7200,1.00384122919
591125,591132,592696,7,1564,2,7200,1.00447570332
591141,591147,592636,6,1489,2,7200,1.00402955003
591157,591163,592664,6,1501,2,7200,1.00399733511
591220,591226,592730,6,1504,2,7200,1.0039893617
591236,591242,593809,6,2567,2,7200,1.00233735878
591252,591258,592826,6,1568,2,7200,1.00382653061
591284,591290,591291,6,1,2,3540,1.0
591328,591334,592916,6,1582,2,7200,1.00379266751
591348,591354,592874,6,1520,2,7200,1.00394736842
591367,591373,592865,6,1492,2,7200,1.00402144772
591433,591439,593124,6,1685,2,7200,1.00356083086
591448,591455,593083,7,1628,2,7200,1.0042997543
591450,591461,593399,11,1938,2,7200,1.00567595459
591485,591491,593121,6,1630,2,7200,1.0036809816
591564,591571,593179,7,1608,2,7200,1.00435323383
591566,591577,593245,11,1668,2,7200,1.00659472422
591598,591604,593083,6,1479,2,7200,1.00405679513
591614,591620,593342,6,1722,2,7200,1.00348432056
591640,591646,593180,6,1534,2,7200,1.00391134289
591655,591662,593225,7,1563,2,7200,1.00447856686
591671,591678,593220,7,1542,2,7200,1.00453955901
591673,591684,593232,11,1548,2,7200,1.00710594315
591717,591723,593234,6,1511,2,7200,1.00397088021
591733,591739,593292,6,1553,2,7200,1.00386349002
591752,591758,593304,6,1546,2,7200,1.00388098318
591768,591774,593245,6,1471,2,7200,1.00407885792
591770,591780,593237,10,1457,2,7200,1.00686341798
591771,591785,593317,14,1532,2,7200,1.0091383812
591898,591905,593410,7,1505,2,7200,1.00465116279
591918,591924,593574,6,1650,2,7200,1.00363636364
592074,592081,593672,7,1591,2,7200,1.00439974859
592128,592135,593805,7,1670,2,7200,1.00419161677
592148,592154,594093,6,1939,2,7200,1.00309437855
592163,592169,593744,6,1575,2,7200,1.00380952381
592267,592273,593883,6,1610,2,7200,1.00372670807
592282,592289,593864,7,1575,2,7200,1.00444444444
592354,592360,593941,6,1581,2,7200,1.00379506641
592453,592460,593902,7,1442,2,7200,1.00485436893
592501,592507,594170,6,1663,2,7200,1.00360793746
592517,592523,594372,6,1849,2,7200,1.0032449973
592638,592644,594287,6,1643,2,7200,1.00365185636
592660,592666,594220,6,1554,2,7200,1.00386100386
592675,592682,594539,7,1857,2,7200,1.00376952073
592698,592704,594289,6,1585,2,7200,1.00378548896
592732,592738,594435,6,1697,2,7200,1.00353565115
592828,592834,594379,6,1545,2,7200,1.00388349515
592866,592873,594540,7,1667,2,7200,1.00419916017
592884,592890,594668,6,1778,2,7200,1.00337457818
592916,592922,594579,6,1657,2,7200,1.00362100181
593069,593251,593385,182,134,14,4980,2.35820895522
593085,593091,594610,6,1519,2,7200,1.00394996708
593087,593097,594686,10,1589,2,7200,1.00629326621
593122,593128,594799,6,1671,2,7200,1.00359066427
593138,593144,594728,6,1584,2,7200,1.00378787879
593179,593185,594731,6,1546,2,7200,1.00388098318
593181,593191,594851,10,1660,2,7200,1.00602409639
593222,593228,594766,6,1538,2,7200,1.00390117035
593239,593245,594770,6,1525,2,7200,1.00393442623
593241,593256,594907,15,1651,2,7200,1.00908540279
593242,593262,594810,20,1548,2,7200,1.01291989664
593254,593268,594771,14,1503,2,7200,1.00931470393
593271,593277,594839,6,1562,2,7200,1.00384122919
593272,593283,594945,11,1662,2,7200,1.00661853189
593295,593301,594823,6,1522,2,7200,1.00394218134
593311,593317,595054,6,1737,2,7200,1.00345423143
593327,593333,594896,6,1563,2,7200,1.00383877159
593346,593352,594983,6,1631,2,7200,1.00367872471
593383,593389,593393,6,4,1,900,1.0
593392,593398,593701,6,303,14,4980,1.0198019802
593399,593405,594991,6,1586,2,7200,1.00378310214
593415,593421,594974,6,1553,2,7200,1.00386349002
593575,593581,595349,6,1768,2,7200,1.00339366516
593675,593681,595309,6,1628,2,7200,1.00368550369
593699,593706,593712,7,6,1,900,1.3
593709,593716,594003,7,287,14,4980,1.0243902439
593746,593752,595349,6,1597,2,7200,1.00375704446
593806,593812,595499,6,1687,2,7200,1.00355660937
593808,593818,595288,10,1470,2,7200,1.00680272109
593865,593871,595454,6,1583,2,7200,1.00379027164
593884,593891,595456,7,1565,2,7200,1.00447284345
593903,593910,595475,7,1565,2,7200,1.00447284345
593944,593951,595509,7,1558,2,7200,1.00449293967
594001,594007,594015,6,8,1,900,1.4
594011,594017,594326,6,309,14,4980,1.01941747573
594095,594101,595821,6,1720,2,7200,1.00348837209
594174,594180,595767,6,1587,2,7200,1.00378071834
594222,594228,595737,6,1509,2,7200,1.00397614314
594288,594294,595825,6,1531,2,7200,1.00391900718
594304,594310,595896,6,1586,2,7200,1.00378310214
594326,594332,594337,6,5,1,900,1.1
594336,594342,594638,6,296,14,4980,1.02027027027
594373,594379,595874,6,1495,2,7200,1.00401337793
594389,594395,596096,6,1701,2,7200,1.00352733686
594438,594444,595977,6,1533,2,7200,1.00391389432
594543,594549,596143,6,1594,2,7200,1.00376411543
594545,594555,596252,10,1697,2,7200,1.00589275192
594583,594589,596135,6,1546,2,7200,1.00388098318
594612,594618,596214,6,1596,2,7200,1.0037593985
594636,594643,594649,7,6,1,900,1.3
594647,594653,594964,6,311,14,4980,1.0192926045
594670,594676,596308,6,1632,2,7200,1.00367647059
594689,594695,596299,6,1604,2,7200,1.00374064838
594730,594736,596200,6,1464,2,7200,1.00409836066
594746,594752,596377,6,1625,2,7200,1.00369230769
594769,594775,596453,6,1678,2,7200,1.00357568534
594785,594791,596312,6,1521,2,7200,1.00394477318
594786,594797,596249,11,1452,2,7200,1.00757575758
594803,594809,596488,6,1679,2,7200,1.00357355569
594819,594825,596474,6,1649,2,7200,1.00363856883
594835,594841,596426,6,1585,2,7200,1.00378548896
594851,594857,596373,6,1516,2,7200,1.00395778364
594867,594873,596377,6,1504,2,7200,1.0039893617
594898,594904,596452,6,1548,2,7200,1.00387596899
594914,594920,596496,6,1576,2,7200,1.0038071066
594946,594953,596455,7,1502,2,7200,1.00466045273
594963,594969,594976,6,7,1,900,1.3
594974,594980,595276,6,296,14,4980,1.02027027027
594976,594986,596534,10,1548,2,7200,1.00645994832
594991,594998,596453,7,1455,2,7200,1.00481099656
595007,595013,596588,6,1575,2,7200,1.00380952381
595058,595064,596973,6,1909,2,7200,1.00314300681
595276,595282,595288,6,6,1,900,1.2
595284,595290,595610,6,320,14,4980,1.01875
595289,595296,596829,7,1533,2,7200,1.00456621005
595311,595317,596834,6,1517,2,7200,1.00395517469
595349,595356,597020,7,1664,2,7200,1.00420673077
595351,595362,596896,11,1534,2,7200,1.00717079531
595457,595463,596986,6,1523,2,7200,1.00393959291
595459,595469,597073,10,1604,2,7200,1.00623441397
595478,595484,596977,6,1493,2,7200,1.00401875419
595503,595509,597130,6,1621,2,7200,1.00370141888
595519,595525,597089,6,1564,2,7200,1.00383631714
595608,595615,595622,7,7,1,900,1.4
595620,595626,595936,6,310,14,4980,1.01935483871
595739,595745,597372,6,1627,2,7200,1.0036877689
595768,595774,597291,6,1517,2,7200,1.00395517469
595824,595830,597368,6,1538,2,7200,1.00390117035
595839,595846,597372,7,1526,2,7200,1.00458715596
595878,595884,597386,6,1502,2,7200,1.00399467377
595897,595903,597538,6,1635,2,7200,1.00366972477
595928,595934,595940,6,6,1,900,1.2
595938,595947,596288,9,341,14,4980,1.02639296188
595980,595987,597629,7,1642,2,7200,1.00426309379
596098,596105,597756,7,1651,2,7200,1.00423985463
596137,596143,597727,6,1584,2,7200,1.00378787879
596153,596159,597778,6,1619,2,7200,1.00370599135
596204,596210,597771,6,1561,2,7200,1.00384368994
596219,596226,597823,7,1597,2,7200,1.00438321853
596252,596258,597860,6,1602,2,7200,1.00374531835
596253,596264,597869,11,1605,2,7200,1.00685358255
596286,596292,596300,6,8,1,900,1.4
596298,596304,596655,6,351,14,4980,1.01709401709
596302,596310,597806,8,1496,2,7200,1.00534759358
596318,596324,597866,6,1542,2,7200,1.00389105058
596320,596330,597896,10,1566,2,7200,1.00638569604
596375,596381,597972,6,1591,2,7200,1.00377121307
596391,596397,597914,6,1517,2,7200,1.00395517469
596392,596403,598039,11,1636,2,7200,1.00672371638
596431,596437,598019,6,1582,2,7200,1.00379266751
596455,596461,597949,6,1488,2,7200,1.00403225806
596456,596467,598031,11,1564,2,7200,1.00703324808
596458,596473,598045,15,1572,2,7200,1.00954198473
596474,596480,598099,6,1619,2,7200,1.00370599135
596490,596496,598018,6,1522,2,7200,1.00394218134
596492,596502,598094,10,1592,2,7200,1.00628140704
596507,596514,598060,7,1546,2,7200,1.00452781371
596536,596542,598157,6,1615,2,7200,1.00371517028
596591,596597,598150,6,1553,2,7200,1.00386349002
596649,596655,596662,6,7,1,900,1.3
596655,596666,596778,11,112,14,4980,1.09821428571
596709,596715,625265,6,28550,1,86400,1.00021015762
596777,596783,596784,6,1,1,900,1.0
596832,596839,598477,7,1638,2,7200,1.00427350427
596848,596854,598441,6,1587,2,7200,1.00378071834
596898,596905,598426,7,1521,2,7200,1.00460223537
596975,596982,598503,7,1521,2,7200,1.00460223537
596991,596997,598539,6,1542,2,7200,1.00389105058
596993,597003,598779,10,1776,2,7200,1.00563063063
597023,597029,598586,6,1557,2,7200,1.00385356455
597074,597080,598659,6,1579,2,7200,1.00379987334
597090,597096,598576,6,1480,2,7200,1.00405405405
597131,597137,599080,6,1943,2,7200,1.00308800823
597292,597298,598721,6,1423,2,7200,1.00421644413
597371,597377,598984,6,1607,2,7200,1.00373366521
597387,597393,598955,6,1562,2,7200,1.00384122919
597389,597403,599302,14,1899,2,7200,1.00737230121
597390,597408,598972,18,1564,2,7200,1.01150895141
597540,597547,599091,7,1544,2,7200,1.00453367876
597633,597639,599296,6,1657,2,7200,1.00362100181
597730,597737,599272,7,1535,2,7200,1.00456026059
597759,597765,599641,6,1876,2,7200,1.00319829424
597776,597782,599391,6,1609,2,7200,1.00372902424
597791,597797,599351,6,1554,2,7200,1.00386100386
597810,597816,599341,6,1525,2,7200,1.00393442623
597826,597832,599386,6,1554,2,7200,1.00386100386
597861,597867,599439,6,1572,2,7200,1.00381679389
597877,597883,599519,6,1636,2,7200,1.00366748166
597879,597889,599641,10,1752,2,7200,1.00570776256
597898,597904,599543,6,1639,2,7200,1.00366076876
597915,597921,599470,6,1549,2,7200,1.00387346675
597952,597959,599426,7,1467,2,7200,1.00477164281
597975,597981,599552,6,1571,2,7200,1.00381922342
598020,598026,599579,6,1553,2,7200,1.00386349002
598021,598032,599590,11,1558,2,7200,1.00706033376
598037,598043,600060,6,2017,2,7200,1.00297471492
598053,598060,599730,7,1670,2,7200,1.00419161677
598055,598066,599643,11,1577,2,7200,1.0069752695
598071,598077,599670,6,1593,2,7200,1.00376647834
598096,598103,599695,7,1592,2,7200,1.00439698492
598112,598118,599677,6,1559,2,7200,1.00384862091
598154,598160,599796,6,1636,2,7200,1.00366748166
598169,598176,599710,7,1534,2,7200,1.00456323338
598429,598435,599999,6,1564,2,7200,1.00383631714
598445,598451,599912,6,1461,2,7200,1.00410677618
598480,598486,600082,6,1596,2,7200,1.0037593985
598495,598597,598731,102,134,14,6480,1.76119402985
598506,598512,600039,6,1527,2,7200,1.00392927308
598540,598546,600249,6,1703,2,7200,1.00352319436
598578,598584,600134,6,1550,2,7200,1.00387096774
598594,598603,600121,9,1518,2,7200,1.00592885375
598662,598668,600258,6,1590,2,7200,1.00377358491
598723,598729,600283,6,1554,2,7200,1.00386100386
598729,598735,598742,6,7,1,900,1.3
598737,598743,599014,6,271,14,6480,1.0221402214
598780,598786,600353,6,1567,2,7200,1.00382897256
598964,598970,600480,6,1510,2,7200,1.00397350993
598985,598991,600551,6,1560,2,7200,1.00384615385
598986,598997,600665,11,1668,2,7200,1.00659472422
599011,599017,599036,6,19,1,900,1.31578947368
599026,599032,599330,6,298,14,6480,1.02013422819
599089,599095,600705,6,1610,2,7200,1.00372670807
599107,599113,600619,6,1506,2,7200,1.00398406375
599279,599285,600936,6,1651,2,7200,1.00363416111
599300,599308,600860,8,1552,2,7200,1.00515463918
599318,599324,600917,6,1593,2,7200,1.00376647834
599328,599334,599366,6,32,1,900,1.1875
599343,599349,599665,6,316,14,6480,1.01898734177
599355,599361,601000,6,1639,2,7200,1.00366076876
599356,599367,600859,11,1492,2,7200,1.00737265416
599400,599406,600972,6,1566,2,7200,1.00383141762
599402,599415,601056,13,1641,2,7200,1.00792199878
599434,599440,600973,6,1533,2,7200,1.00391389432
599451,599457,601193,6,1736,2,7200,1.0034562212
599477,599483,601703,6,2220,2,7200,1.0027027027
599526,599532,600999,6,1467,2,7200,1.00408997955
599548,599554,601143,6,1589,2,7200,1.00377595972
599566,599572,601170,6,1598,2,7200,1.00375469337
599586,599592,601238,6,1646,2,7200,1.00364520049
599604,599610,601493,6,1883,2,7200,1.00318640467
599655,599661,601280,6,1619,2,7200,1.00370599135
599656,599667,601165,11,1498,2,7200,1.00734312417
599658,599672,601206,14,1534,2,7200,1.00912646675
599659,599678,599692,19,14,1,900,2.35714285714
599672,599684,599970,12,286,14,6480,1.04195804196
599682,599691,601229,9,1538,2,7200,1.00585175553
599684,599696,601191,12,1495,2,7200,1.00802675585
599702,599708,601346,6,1638,2,7200,1.00366300366
599732,599738,601303,6,1565,2,7200,1.00383386581
599734,599744,601293,10,1549,2,7200,1.00645577792
599796,599803,601390,7,1587,2,7200,1.00441083806
599914,599921,601443,7,1522,2,7200,1.00459921156
599969,599975,599980,6,5,1,900,1.1
599977,599983,600266,6,283,14,6480,1.02120141343
600000,600006,601554,6,1548,2,7200,1.00387596899
600042,600048,601558,6,1510,2,7200,1.00397350993
600061,600068,601646,7,1578,2,7200,1.00443599493
600084,600090,601628,6,1538,2,7200,1.00390117035
600123,600129,601832,6,1703,2,7200,1.00352319436
600142,600148,601740,6,1592,2,7200,1.00376884422
600250,600256,601897,6,1641,2,7200,1.00365630713
600264,600270,600276,6,6,1,900,1.2
600266,600276,601849,10,1573,2,7200,1.00635727908
600274,600282,600618,8,336,14,6480,1.02380952381
600285,600291,601781,6,1490,2,7200,1.00402684564
600355,600361,602041,6,1680,2,7200,1.00357142857
600481,600487,602228,6,1741,2,7200,1.00344629523
600553,600559,602099,6,1540,2,7200,1.0038961039
600613,600620,600644,7,24,1,900,1.29166666667
600624,600630,600922,6,292,14,6480,1.02054794521
600628,600636,602295,8,1659,2,7200,1.00482218204
600665,600671,602184,6,1513,2,7200,1.0039656312
600706,600712,602299,6,1587,2,7200,1.00378071834
600863,600869,602488,6,1619,2,7200,1.00370599135
600865,600875,602418,10,1543,2,7200,1.0064808814
600919,600925,600938,6,13,1,900,1.46153846154
600921,600931,602546,10,1615,2,7200,1.00619195046
600932,600938,601222,6,284,14,6480,1.02112676056
600940,600946,602597,6,1651,2,7200,1.00363416111
600973,600979,602599,6,1620,2,7200,1.0037037037
600975,600985,602471,10,1486,2,7200,1.0067294751
601002,601008,602589,6,1581,2,7200,1.00379506641
601003,601014,602590,11,1576,2,7200,1.00697969543
601066,601072,602617,6,1545,2,7200,1.00388349515
601145,601151,602861,6,1710,2,7200,1.00350877193
601167,601173,602705,6,1532,2,7200,1.00391644909
601183,601189,602808,6,1619,2,7200,1.00370599135
601199,601205,602781,6,1576,2,7200,1.0038071066
601201,601211,602790,10,1579,2,7200,1.00633312223
601217,601223,602790,6,1567,2,7200,1.00382897256
601221,601230,601235,9,5,1,900,1.4
601229,601236,601604,7,368,14,6480,1.01902173913
601233,601242,602818,9,1576,2,7200,1.0057106599
601249,601255,602837,6,1582,2,7200,1.00379266751
601283,601290,602882,7,1592,2,7200,1.00439698492
601299,601306,602876,7,1570,2,7200,1.00445859873
601315,601321,602988,6,1667,2,7200,1.00359928014
601350,601357,602902,7,1545,2,7200,1.00453074434
601394,601400,602964,6,1564,2,7200,1.00383631714
601445,601451,603037,6,1586,2,7200,1.00378310214
601495,601502,603046,7,1544,2,7200,1.00453367876
601556,601562,603097,6,1535,2,7200,1.00390879479
601572,601578,603269,6,1691,2,7200,1.00354819633
601602,601608,601614,6,6,1,900,1.2
601612,601618,601930,6,312,14,6480,1.01923076923
601629,601636,603211,7,1575,2,7200,1.00444444444
601649,601655,603236,6,1581,2,7200,1.00379506641
601706,601712,603395,6,1683,2,7200,1.00356506239
601742,601748,603428,6,1680,2,7200,1.00357142857
601783,601789,603402,6,1613,2,7200,1.00371977681
601835,601841,603548,6,1707,2,7200,1.00351493849
601851,601857,603403,6,1546,2,7200,1.00388098318
601899,601905,603533,6,1628,2,7200,1.00368550369
601929,601935,601941,6,6,1,900,1.2
601938,601944,602283,6,339,14,6480,1.01769911504
602044,602050,603733,6,1683,2,7200,1.00356506239
602101,602107,603627,6,1520,2,7200,1.00394736842
602187,602193,603727,6,1534,2,7200,1.00391134289
602231,602237,603840,6,1603,2,7200,1.00374298191
602281,602288,602294,7,6,1,900,1.3
602293,602299,602674,6,375,14,6480,1.016
602298,602305,603863,7,1558,2,7200,1.00449293967
602314,602320,603964,6,1644,2,7200,1.00364963504
602419,602425,603796,6,1371,2,7200,1.00437636761
602473,602479,604104,6,1625,2,7200,1.00369230769
602489,602495,604069,6,1574,2,7200,1.00381194409
602548,602554,604080,6,1526,2,7200,1.00393184797
602593,602599,604140,6,1541,2,7200,1.0038935756
602594,602605,604072,11,1467,2,7200,1.00749829584
602610,602616,604127,6,1511,2,7200,1.00397088021
602612,602622,604145,10,1523,2,7200,1.00656598818
602628,602634,604365,6,1731,2,7200,1.00346620451
602707,602713,604315,6,1602,2,7200,1.00374531835
602784,602790,604391,6,1601,2,7200,1.00374765771
602800,602806,604355,6,1549,2,7200,1.00387346675
602801,602812,604456,11,1644,2,7200,1.00669099757
602817,602823,604477,6,1654,2,7200,1.00362756953
602833,602839,604427,6,1588,2,7200,1.00377833753
602848,602855,604571,7,1716,2,7200,1.00407925408
602864,602870,604413,6,1543,2,7200,1.00388852884
602880,602886,604397,6,1511,2,7200,1.00397088021
602896,602903,604693,7,1790,2,7200,1.00391061453
602912,602918,604600,6,1682,2,7200,1.00356718193
602966,602972,604544,6,1572,2,7200,1.00381679389
602992,602998,604601,6,1603,2,7200,1.00374298191
603040,603047,604673,7,1626,2,7200,1.00430504305
603056,603062,604656,6,1594,2,7200,1.00376411543
603100,603106,604728,6,1622,2,7200,1.00369913687
603214,603220,604815,6,1595,2,7200,1.00376175549
603240,603246,604844,6,1598,2,7200,1.00375469337
603271,603277,604892,6,1615,2,7200,1.00371517028
603399,603404,604985,5,1581,2,7200,1.00316255534
603415,603421,604888,6,1467,2,7200,1.00408997955
603416,603427,604976,11,1549,2,7200,1.00710135571
603432,603438,604990,6,1552,2,7200,1.00386597938
603535,603541,605168,6,1627,2,7200,1.0036877689
603551,603558,605109,7,1551,2,7200,1.00451321728
603630,603636,605195,6,1559,2,7200,1.00384862091
603731,603737,605327,6,1590,2,7200,1.00377358491
603747,603753,605276,6,1523,2,7200,1.00393959291
603797,603804,605359,7,1555,2,7200,1.00450160772
603842,603848,605377,6,1529,2,7200,1.00392413342
603864,603870,605416,6,1546,2,7200,1.00388098318
603964,603971,605718,7,1747,2,7200,1.00400686892
604071,604077,605749,6,1672,2,7200,1.00358851675
604087,604093,605757,6,1664,2,7200,1.00360576923
604088,604099,605677,11,1578,2,7200,1.00697084918
604107,604113,605689,6,1576,2,7200,1.0038071066
604130,604136,605752,6,1616,2,7200,1.00371287129
604146,604151,605634,5,1483,2,7200,1.00337154417
604147,604157,605681,10,1524,2,7200,1.00656167979
604315,604321,605982,6,1661,2,7200,1.00361228176
604356,604362,606183,6,1821,2,7200,1.00329489292
604372,604378,605934,6,1556,2,7200,1.00385604113
604395,604401,606022,6,1621,2,7200,1.00370141888
604410,604417,605914,7,1497,2,7200,1.0046760187
604427,604433,606008,6,1575,2,7200,1.00380952381
604428,604439,606071,11,1632,2,7200,1.00674019608
604460,604466,606093,6,1627,2,7200,1.0036877689
604479,604486,606136,7,1650,2,7200,1.00424242424
604545,604551,606062,6,1511,2,7200,1.00397088021
604574,604580,606158,6,1578,2,7200,1.00380228137
604603,604609,606272,6,1663,2,7200,1.00360793746
604605,604615,606135,10,1520,2,7200,1.00657894737
604658,604664,606257,6,1593,2,7200,1.00376647834
604673,604680,606457,7,1777,2,7200,1.00393922341
604696,604702,606432,6,1730,2,7200,1.00346820809
604730,604737,606404,7,1667,2,7200,1.00419916017
