SubmitTime,StartTime,EndTime,QueuedTime,RunTime,NodesRequested,walltime,bslowdown
7,13,3535,6,3522,2,36000,1.00170357751
50,56,3553,6,3497,2,36000,1.00171575636
219,225,3983,6,3758,2,36000,1.00159659393
270,276,3897,6,3621,2,36000,1.00165700083
310,316,4024,6,3708,2,36000,1.00161812298
355,361,3583,6,3222,2,36000,1.00186219739
400,406,3861,6,3455,2,36000,1.0017366136
442,449,3750,7,3301,2,36000,1.00212056952
457,463,4002,6,3539,2,36000,1.00169539418
518,524,3911,6,3387,2,36000,1.00177147919
533,539,3919,6,3380,2,36000,1.00177514793
560,566,3825,6,3259,2,36000,1.00184105554
576,582,4359,6,3777,2,36000,1.00158856235
613,619,4040,6,3421,2,36000,1.00175387314
628,634,4266,6,3632,2,36000,1.00165198238
644,650,4476,6,3826,2,36000,1.00156821746
706,712,4547,6,3835,2,36000,1.00156453716
737,743,4187,6,3444,2,36000,1.00174216028
759,765,4414,6,3649,2,36000,1.00164428611
885,891,4428,6,3537,2,36000,1.00169635284
949,955,4368,6,3413,2,36000,1.00175798418
984,990,4644,6,3654,2,36000,1.00164203612
999,1005,4676,6,3671,2,36000,1.00163443203
1036,1042,4383,6,3341,2,36000,1.0017958695
1109,1115,4568,6,3453,2,36000,1.00173761946
1124,1130,4629,6,3499,2,36000,1.00171477565
1152,1158,4440,6,3282,2,36000,1.00182815356
1205,1212,4561,7,3349,2,36000,1.00209017617
1224,1230,4793,6,3563,2,36000,1.00168397418
1239,1245,4835,6,3590,2,36000,1.00167130919
1258,1264,5100,6,3836,2,36000,1.0015641293
1273,1279,4832,6,3553,2,36000,1.00168871376
1301,1307,4830,6,3523,2,36000,1.00170309395
1344,1350,5086,6,3736,2,36000,1.00160599572
1369,1375,5477,6,4102,2,36000,1.00146270112
1429,1436,5106,7,3670,2,36000,1.00190735695
1484,1490,4776,6,3286,2,36000,1.00182592818
1523,1529,5209,6,3680,2,36000,1.00163043478
1602,1608,5151,6,3543,2,36000,1.0016934801
1772,1778,5301,6,3523,2,36000,1.00170309395
1793,1799,5487,6,3688,2,36000,1.00162689805
1808,1814,5338,6,3524,2,36000,1.00170261067
1832,1838,5403,6,3565,2,36000,1.00168302945
1847,1853,5568,6,3715,2,36000,1.00161507402
1862,1868,5472,6,3604,2,36000,1.00166481687
1916,1923,5425,7,3502,2,36000,1.0019988578
1965,1971,5737,6,3766,2,36000,1.00159320234
2032,2037,5367,5,3330,2,36000,1.0015015015
2141,2147,5648,6,3501,2,36000,1.00171379606
2189,2195,5573,6,3378,2,36000,1.00177619893
2246,2253,5654,7,3401,2,36000,1.00205821817
2261,2267,5648,6,3381,2,36000,1.00177462289
2370,2376,5745,6,3369,2,36000,1.0017809439
2391,2397,5792,6,3395,2,36000,1.00176730486
2406,2412,6092,6,3680,2,36000,1.00163043478
2422,2428,6006,6,3578,2,36000,1.00167691448
2423,2434,5879,11,3445,2,36000,1.00319303338
2465,2471,6222,6,3751,2,36000,1.00159957345
2483,2490,5808,7,3318,2,36000,1.00210970464
2498,2504,6192,6,3688,2,36000,1.00162689805
2574,2580,6795,6,4215,2,36000,1.00142348754
2589,2595,6819,6,4224,2,36000,1.00142045455
2590,2601,6425,11,3824,2,36000,1.00287656904
2605,2611,6194,6,3583,2,36000,1.00167457438
2693,2699,6387,6,3688,2,36000,1.00162689805
2708,2714,6213,6,3499,2,36000,1.00171477565
2745,2751,6285,6,3534,2,36000,1.00169779287
2769,2775,6200,6,3425,2,36000,1.00175182482
2784,2790,6307,6,3517,2,36000,1.00170599943
2785,2796,6128,11,3332,2,36000,1.00330132053
2843,2849,6618,6,3769,2,36000,1.0015919342
2857,2864,6402,7,3538,2,36000,1.00197851894
2972,2978,6472,6,3494,2,36000,1.00171722954
3027,3033,6736,6,3703,2,36000,1.00162030786
3042,3048,6647,6,3599,2,36000,1.00166712976
3043,3054,6583,11,3529,2,36000,1.00311703032
3070,3076,6319,6,3243,2,36000,1.00185013876
3116,3122,6601,6,3479,2,36000,1.00172463352
3161,3167,6920,6,3753,2,36000,1.00159872102
3176,3181,6514,5,3333,2,36000,1.00150015002
3191,3197,6870,6,3673,2,36000,1.00163354206
3266,3272,6826,6,3554,2,36000,1.0016882386
3281,3287,6725,6,3438,2,36000,1.0017452007
3311,3318,6916,7,3598,2,36000,1.00194552529
3327,3333,6880,6,3547,2,36000,1.00169157034
3328,3339,6710,11,3371,2,36000,1.00326312667
3364,3370,6713,6,3343,2,36000,1.00179479509
3391,3397,7010,6,3613,2,36000,1.0016606698
3479,3485,6894,6,3409,2,36000,1.00176004693
3536,3542,7188,6,3646,2,36000,1.00164563906
3554,3560,7029,6,3469,2,36000,1.00172960507
3581,3587,7573,6,3986,2,36000,1.00150526844
3642,3648,7258,6,3610,2,36000,1.00166204986
3751,3757,7120,6,3363,2,36000,1.00178412132
3827,3833,7261,6,3428,2,36000,1.00175029172
3863,3869,7529,6,3660,2,36000,1.00163934426
3899,3905,7424,6,3519,2,36000,1.00170502984
3914,3921,7480,7,3559,2,36000,1.00196684462
3930,3936,7749,6,3813,2,36000,1.00157356412
3984,3990,7543,6,3553,2,36000,1.00168871376
4005,4011,7542,6,3531,2,36000,1.00169923534
4026,4032,7755,6,3723,2,36000,1.00161160355
4041,4047,7526,6,3479,2,36000,1.00172463352
4189,4195,8138,6,3943,2,36000,1.001521684
4268,4274,7785,6,3511,2,36000,1.00170891484
4361,4368,7578,7,3210,2,36000,1.00218068536
4376,4382,7700,6,3318,2,36000,1.00180831826
4391,4397,8115,6,3718,2,36000,1.00161377084
4415,4421,7891,6,3470,2,36000,1.00172910663
4430,4436,7980,6,3544,2,36000,1.00169300226
4445,4451,8152,6,3701,2,36000,1.00162118346
4478,4484,8364,6,3880,2,36000,1.00154639175
4548,4554,8309,6,3755,2,36000,1.00159786951
4563,4569,8083,6,3514,2,36000,1.00170745589
4577,4584,7889,7,3305,2,36000,1.00211800303
4632,4638,8183,6,3545,2,36000,1.00169252468
4647,4653,8254,6,3601,2,36000,1.00166620383
4677,4683,8159,6,3476,2,36000,1.00172612198
4777,4783,8394,6,3611,2,36000,1.00166158959
4795,4801,8244,6,3443,2,36000,1.00174266628
4831,4837,7915,6,3078,2,36000,1.00194931774
4846,4852,8785,6,3933,2,36000,1.00152555301
4847,4858,8540,11,3682,2,36000,1.00298750679
5087,5093,9240,6,4147,2,36000,1.00144682903
5102,5108,8539,6,3431,2,36000,1.00174876129
5117,5123,8775,6,3652,2,36000,1.00164293538
5153,5159,8438,6,3279,2,36000,1.00182982617
5210,5216,8676,6,3460,2,36000,1.00173410405
5304,5310,8940,6,3630,2,36000,1.00165289256
5340,5346,8917,6,3571,2,36000,1.00168020162
5371,5377,8818,6,3441,2,36000,1.00174367916
5404,5410,9072,6,3662,2,36000,1.00163844894
5425,5431,8798,6,3367,2,36000,1.00178200178
5474,5480,8935,6,3455,2,36000,1.0017366136
5489,5495,8981,6,3486,2,36000,1.0017211704
5490,5501,9089,11,3588,2,36000,1.0030657748
5569,5575,9570,6,3995,2,36000,1.00150187735
5583,5590,8797,7,3207,2,36000,1.00218272529
5650,5656,9117,6,3461,2,36000,1.001733603
5652,5662,9315,10,3653,2,36000,1.00273747605
5666,5672,9060,6,3388,2,36000,1.00177095632
5739,5745,9285,6,3540,2,36000,1.00169491525
5754,5760,9311,6,3551,2,36000,1.00168966488
5793,5799,9362,6,3563,2,36000,1.00168397418
5808,5815,9776,7,3961,2,36000,1.0017672305
5881,5887,9657,6,3770,2,36000,1.00159151194
6008,6014,9773,6,3759,2,36000,1.00159616919
6096,6102,9734,6,3632,2,36000,1.00165198238
6129,6135,9522,6,3387,2,36000,1.00177147919
6193,6199,9629,6,3430,2,36000,1.00174927114
6208,6214,9849,6,3635,2,36000,1.00165061898
6210,6220,9873,10,3653,2,36000,1.00273747605
6225,6231,9483,6,3252,2,36000,1.00184501845
6226,6237,9497,11,3260,2,36000,1.00337423313
6287,6293,9779,6,3486,2,36000,1.0017211704
6308,6314,9974,6,3660,2,36000,1.00163934426
6323,6329,9549,6,3220,2,36000,1.00186335404
6390,6395,10001,5,3606,2,36000,1.00138657793
6405,6411,9916,6,3505,2,36000,1.00171184023
6426,6432,9849,6,3417,2,36000,1.00175592625
6469,6475,9864,6,3389,2,36000,1.00177043376
6517,6523,10070,6,3547,2,36000,1.00169157034
6584,6589,9898,5,3309,2,36000,1.00151103052
6602,6608,10192,6,3584,2,36000,1.00167410714
6620,6626,10268,6,3642,2,36000,1.00164744646
6647,6653,10227,6,3574,2,36000,1.00167879127
6711,6717,10603,6,3886,2,36000,1.00154400412
6726,6732,10379,6,3647,2,36000,1.00164518783
6727,6738,10612,11,3874,2,36000,1.00283944244
6742,6748,10326,6,3578,2,36000,1.00167691448
6797,6803,10358,6,3555,2,36000,1.00168776371
6821,6827,10539,6,3712,2,36000,1.00161637931
6836,6842,10362,6,3520,2,36000,1.00170454545
6872,6878,10310,6,3432,2,36000,1.00174825175
6887,6893,10365,6,3472,2,36000,1.0017281106
6902,6908,10486,6,3578,2,36000,1.00167691448
6917,6923,10358,6,3435,2,36000,1.00174672489
6932,6938,10368,6,3430,2,36000,1.00174927114
7010,7017,10393,7,3376,2,36000,1.00207345972
7031,7038,10419,7,3381,2,36000,1.00207039337
7122,7128,10674,6,3546,2,36000,1.00169204738
7189,7194,10879,5,3685,2,36000,1.0013568521
7259,7265,10649,6,3384,2,36000,1.00177304965
7274,7280,10870,6,3590,2,36000,1.00167130919
7425,7431,10731,6,3300,2,36000,1.00181818182
7480,7486,11197,6,3711,2,36000,1.00161681487
7528,7534,12024,6,4490,2,36000,1.0013363029
7544,7550,11213,6,3663,2,36000,1.00163800164
7545,7556,11293,11,3737,2,36000,1.0029435376
7546,7561,11105,15,3544,2,36000,1.00423250564
7577,7583,10998,6,3415,2,36000,1.00175695461
7592,7598,11009,6,3411,2,36000,1.00175901495
7701,7707,11390,6,3683,2,36000,1.00162910671
7752,7758,11264,6,3506,2,36000,1.00171135197
7767,7773,11365,6,3592,2,36000,1.00167037862
7788,7794,11406,6,3612,2,36000,1.00166112957
7891,7897,11580,6,3683,2,36000,1.00162910671
7892,7903,11202,11,3299,2,36000,1.00333434374
7917,7923,11413,6,3490,2,36000,1.00171919771
7983,7989,11284,6,3295,2,36000,1.00182094082
8086,8092,11561,6,3469,2,36000,1.00172960507
8116,8122,11730,6,3608,2,36000,1.00166297118
8141,8147,11797,6,3650,2,36000,1.00164383562
8156,8162,11693,6,3531,2,36000,1.00169923534
8171,8177,11653,6,3476,2,36000,1.00172612198
8186,8192,11586,6,3394,2,36000,1.00176782557
8246,8252,11986,6,3734,2,36000,1.00160685592
8261,8267,11669,6,3402,2,36000,1.00176366843
8309,8316,11871,7,3555,2,36000,1.00196905767
8367,8373,11784,6,3411,2,36000,1.00175901495
8397,8403,11877,6,3474,2,36000,1.00172711572
8440,8446,12289,6,3843,2,36000,1.00156128025
8540,8546,11935,6,3389,2,36000,1.00177043376
8541,8552,11979,11,3427,2,36000,1.00320980449
8677,8683,12141,6,3458,2,36000,1.001735107
8777,8783,11971,6,3188,2,36000,1.00188205772
8792,8798,12178,6,3380,2,36000,1.00177514793
8807,8813,12103,6,3290,2,36000,1.00182370821
8808,8819,12296,11,3477,2,36000,1.00316364682
8823,8829,12658,6,3829,2,36000,1.00156698877
8917,8924,12560,7,3636,2,36000,1.00192519252
8935,8942,12556,7,3614,2,36000,1.00193691201
8950,8956,12455,6,3499,2,36000,1.00171477565
8983,8990,12265,7,3275,2,36000,1.00213740458
9062,9068,12491,6,3423,2,36000,1.00175284838
9077,9083,12710,6,3627,2,36000,1.00165425972
9092,9098,12856,6,3758,2,36000,1.00159659393
9119,9125,12787,6,3662,2,36000,1.00163844894
9243,9249,12738,6,3489,2,36000,1.00171969046
9285,9292,12923,7,3631,2,36000,1.00192784357
9313,9319,12905,6,3586,2,36000,1.00167317345
9327,9334,12828,7,3494,2,36000,1.00200343446
9364,9370,13060,6,3690,2,36000,1.00162601626
9485,9491,13016,6,3525,2,36000,1.00170212766
9500,9506,12951,6,3445,2,36000,1.00174165457
9524,9530,12835,6,3305,2,36000,1.00181543116
9551,9557,13254,6,3697,2,36000,1.00162293752
9572,9578,13138,6,3560,2,36000,1.00168539326
9632,9639,12997,7,3358,2,36000,1.00208457415
9660,9666,13117,6,3451,2,36000,1.00173862649
9735,9741,13263,6,3522,2,36000,1.00170357751
9775,9781,13127,6,3346,2,36000,1.00179318589
9790,9796,13296,6,3500,2,36000,1.00171428571
9791,9802,13365,11,3563,2,36000,1.00308728599
9852,9858,13445,6,3587,2,36000,1.001672707
9853,9864,13395,11,3531,2,36000,1.0031152648
9868,9874,13645,6,3771,2,36000,1.0015910899
9883,9889,13478,6,3589,2,36000,1.00167177487
9901,9907,13321,6,3414,2,36000,1.00175746924
9919,9925,13420,6,3495,2,36000,1.0017167382
9977,9983,13580,6,3597,2,36000,1.00166805671
10004,10010,13564,6,3554,2,36000,1.0016882386
10070,10077,13545,7,3468,2,36000,1.00201845444
10195,10201,13681,6,3480,2,36000,1.00172413793
10228,10234,13885,6,3651,2,36000,1.00164338537
10274,10279,13732,5,3453,2,36000,1.00144801622
10310,10316,13929,6,3613,2,36000,1.0016606698
10328,10334,13994,6,3660,2,36000,1.00163934426
10359,10365,14054,6,3689,2,36000,1.00162645703
10360,10371,13684,11,3313,2,36000,1.00332025355
10375,10381,13876,6,3495,2,36000,1.0017167382
10377,10387,14026,10,3639,2,36000,1.00274800769
10378,10392,14095,14,3703,2,36000,1.00378071834
10393,10399,13982,6,3583,2,36000,1.00167457438
10394,10405,13879,11,3474,2,36000,1.00316637881
10422,10428,13829,6,3401,2,36000,1.001764187
10489,10494,14074,5,3580,2,36000,1.00139664804
10540,10546,13731,6,3185,2,36000,1.00188383046
10606,10612,14508,6,3896,2,36000,1.00154004107
10621,10627,13888,6,3261,2,36000,1.0018399264
10651,10658,14096,7,3438,2,36000,1.00203606748
10676,10682,14030,6,3348,2,36000,1.0017921147
10733,10739,14300,6,3561,2,36000,1.00168491997
10872,10879,14449,7,3570,2,36000,1.00196078431
10887,10894,14472,7,3578,2,36000,1.00195640022
10993,11000,14526,7,3526,2,36000,1.00198525241
11011,11018,14590,7,3572,2,36000,1.00195968645
11106,11112,14674,6,3562,2,36000,1.00168444694
11200,11206,14947,6,3741,2,36000,1.00160384924
11215,11221,14756,6,3535,2,36000,1.00169731259
11216,11227,14566,11,3339,2,36000,1.00329439952
11265,11271,15028,6,3757,2,36000,1.0015970189
11286,11292,14618,6,3326,2,36000,1.00180396873
11301,11307,15299,6,3992,2,36000,1.00150300601
11368,11374,14767,6,3393,2,36000,1.0017683466
11392,11399,14889,7,3490,2,36000,1.00200573066
11407,11413,15089,6,3676,2,36000,1.00163220892
11422,11428,14732,6,3304,2,36000,1.00181598063
11562,11568,15325,6,3757,2,36000,1.0015970189
11583,11589,15221,6,3632,2,36000,1.00165198238
11598,11604,15058,6,3454,2,36000,1.00173711639
11655,11662,15208,7,3546,2,36000,1.00197405527
11670,11677,15231,7,3554,2,36000,1.00196961171
11695,11701,15217,6,3516,2,36000,1.00170648464
11732,11738,15448,6,3710,2,36000,1.00161725067
11787,11793,15181,6,3388,2,36000,1.00177095632
11802,11808,15274,6,3466,2,36000,1.00173110214
11871,11877,15152,6,3275,2,36000,1.00183206107
11886,11893,15323,7,3430,2,36000,1.00204081633
11935,11941,15694,6,3753,2,36000,1.00159872102
11974,11980,15580,6,3600,2,36000,1.00166666667
11989,11996,15628,7,3632,2,36000,1.00192731278
11991,12002,15419,11,3417,2,36000,1.00321919813
12027,12033,15334,6,3301,2,36000,1.00181763102
12106,12112,15645,6,3533,2,36000,1.00169827342
12142,12148,15570,6,3422,2,36000,1.00175336061
12179,12185,15630,6,3445,2,36000,1.00174165457
12267,12273,15836,6,3563,2,36000,1.00168397418
12291,12297,15890,6,3593,2,36000,1.00166991372
12306,12312,15657,6,3345,2,36000,1.00179372197
12455,12461,16512,6,4051,2,36000,1.00148111577
12492,12498,15683,6,3185,2,36000,1.00188383046
12559,12569,16110,10,3541,2,36000,1.002824061
12574,12580,16007,6,3427,2,36000,1.00175080245
12659,12665,16131,6,3466,2,36000,1.00173110214
12711,12717,16495,6,3778,2,36000,1.00158814187
12741,12747,16299,6,3552,2,36000,1.00168918919
12789,12796,16066,7,3270,2,36000,1.00214067278
12829,12840,16315,11,3475,2,36000,1.00316546763
12844,12850,16589,6,3739,2,36000,1.00160470714
12859,12865,16251,6,3386,2,36000,1.00177200236
12901,12907,16099,6,3192,2,36000,1.00187969925
12926,12932,16295,6,3363,2,36000,1.00178412132
12953,12959,16491,6,3532,2,36000,1.00169875425
12999,13005,16723,6,3718,2,36000,1.00161377084
13017,13023,16640,6,3617,2,36000,1.00165883329
13062,13068,16789,6,3721,2,36000,1.00161246977
13120,13126,16443,6,3317,2,36000,1.00180886343
13135,13141,16667,6,3526,2,36000,1.00170164492
13150,13156,16652,6,3496,2,36000,1.00171624714
13256,13263,16852,7,3589,2,36000,1.00195040401
13271,13278,16858,7,3580,2,36000,1.00195530726
13299,13305,16916,6,3611,2,36000,1.00166158959
13323,13329,17145,6,3816,2,36000,1.00157232704
13366,13372,16637,6,3265,2,36000,1.00183767228
13396,13403,17111,7,3708,2,36000,1.00188781014
13421,13427,16850,6,3423,2,36000,1.00175284838
13448,13454,16718,6,3264,2,36000,1.00183823529
13482,13488,17252,6,3764,2,36000,1.00159404888
13546,13552,17095,6,3543,2,36000,1.0016934801
13564,13570,16857,6,3287,2,36000,1.00182537268
13582,13588,16875,6,3287,2,36000,1.00182537268
13646,13652,17158,6,3506,2,36000,1.00171135197
13683,13689,17133,6,3444,2,36000,1.00174216028
13698,13704,17308,6,3604,2,36000,1.00166481687
13735,13741,17339,6,3598,2,36000,1.00166759311
13736,13747,17205,11,3458,2,36000,1.0031810295
13831,13837,17477,6,3640,2,36000,1.00164835165
13880,13886,17287,6,3401,2,36000,1.001764187
13881,13892,17382,11,3490,2,36000,1.00315186246
13896,13903,17522,7,3619,2,36000,1.00193423598
13898,13908,17525,10,3617,2,36000,1.00276472215
13931,13937,17344,6,3407,2,36000,1.00176108013
13983,13989,17654,6,3665,2,36000,1.00163710778
13998,14004,17705,6,3701,2,36000,1.00162118346
14028,14034,17461,6,3427,2,36000,1.00175080245
14043,14049,17508,6,3459,2,36000,1.00173460538
14058,14064,17439,6,3375,2,36000,1.00177777778
14076,14082,17868,6,3786,2,36000,1.00158478605
14098,14104,17739,6,3635,2,36000,1.00165061898
14099,14110,17789,11,3679,2,36000,1.00298994292
14302,14308,17894,6,3586,2,36000,1.00167317345
14448,14454,17951,6,3497,2,36000,1.00171575636
14472,14478,17889,6,3411,2,36000,1.00175901495
14509,14515,18119,6,3604,2,36000,1.00166481687
14527,14533,18039,6,3506,2,36000,1.00171135197
14567,14573,18034,6,3461,2,36000,1.001733603
14594,14600,18113,6,3513,2,36000,1.00170794193
14621,14628,18038,7,3410,2,36000,1.00205278592
14676,14682,18348,6,3666,2,36000,1.00163666121
14734,14740,18456,6,3716,2,36000,1.0016146394
14758,14765,18485,7,3720,2,36000,1.00188172043
14774,14780,18344,6,3564,2,36000,1.00168350168
14889,14895,18289,6,3394,2,36000,1.00176782557
14950,14956,18248,6,3292,2,36000,1.00182260024
15029,15035,18603,6,3568,2,36000,1.00168161435
15060,15066,18656,6,3590,2,36000,1.00167130919
15090,15096,18714,6,3618,2,36000,1.00165837479
15154,15160,18766,6,3606,2,36000,1.00166389351
15184,15190,19017,6,3827,2,36000,1.00156780768
15208,15214,18750,6,3536,2,36000,1.00169683258
15224,15230,18794,6,3564,2,36000,1.00168350168
15225,15236,18772,11,3536,2,36000,1.00311085973
15240,15246,18503,6,3257,2,36000,1.00184218606
15276,15282,18635,6,3353,2,36000,1.00178944229
15300,15307,18967,7,3660,2,36000,1.00191256831
15325,15331,18779,6,3448,2,36000,1.00174013921
15326,15337,18884,11,3547,2,36000,1.00310121229
15342,15348,19003,6,3655,2,36000,1.00164158687
15421,15427,19126,6,3699,2,36000,1.00162206002
15449,15456,19062,7,3606,2,36000,1.0019412091
15572,15578,19367,6,3789,2,36000,1.00158353127
15588,15594,18921,6,3327,2,36000,1.00180342651
15632,15638,19193,6,3555,2,36000,1.00168776371
15633,15644,19215,11,3571,2,36000,1.00308036964
15649,15655,19132,6,3477,2,36000,1.00172562554
15665,15671,18979,6,3308,2,36000,1.00181378476
15687,15693,19213,6,3520,2,36000,1.00170454545
15702,15708,19033,6,3325,2,36000,1.00180451128
15839,15845,19247,6,3402,2,36000,1.00176366843
15894,15901,19693,7,3792,2,36000,1.00184599156
16010,16016,19780,6,3764,2,36000,1.00159404888
16071,16077,19436,6,3359,2,36000,1.00178624591
16099,16106,19483,7,3377,2,36000,1.00207284572
16115,16121,19630,6,3509,2,36000,1.00170988886
16134,16140,19559,6,3419,2,36000,1.00175489909
16254,16260,19824,6,3564,2,36000,1.00168350168
16296,16302,19985,6,3683,2,36000,1.00162910671
16311,16317,19816,6,3499,2,36000,1.00171477565
16326,16332,20092,6,3760,2,36000,1.00159574468
16444,16450,19874,6,3424,2,36000,1.00175233645
16493,16499,20022,6,3523,2,36000,1.00170309395
16508,16514,20122,6,3608,2,36000,1.00166297118
16524,16530,19808,6,3278,2,36000,1.00183038438
16586,16593,16711,7,118,1,1800,1.0593220339
16592,16599,20140,7,3541,2,36000,1.0019768427
16640,16646,20101,6,3455,2,36000,1.0017366136
16641,16652,19924,11,3272,2,36000,1.00336185819
16656,16663,20013,7,3350,2,36000,1.00208955224
16672,16678,20060,6,3382,2,36000,1.00177409817
16718,16724,20148,6,3424,2,36000,1.00175233645
16733,16739,20034,6,3295,2,36000,1.00182094082
16790,16797,20258,7,3461,2,36000,1.00202253684
16855,16861,20459,6,3598,2,36000,1.00166759311
16856,16867,20218,11,3351,2,36000,1.00328260221
16872,16878,20862,6,3984,2,36000,1.0015060241
16873,16884,20331,11,3447,2,36000,1.00319118074
16888,16895,20434,7,3539,2,36000,1.00197795988
16922,16928,20241,6,3313,2,36000,1.00181104739
17016,17023,17136,7,113,1,1800,1.06194690265
17095,17102,20660,7,3558,2,36000,1.00196739741
17113,17119,20688,6,3569,2,36000,1.00168114318
17135,17141,20546,6,3405,2,36000,1.00176211454
17150,17156,20831,6,3675,2,36000,1.00163265306
17165,17171,20831,6,3660,2,36000,1.00163934426
17207,17213,20790,6,3577,2,36000,1.00167738328
17254,17261,20792,7,3531,2,36000,1.00198244123
17288,17294,20537,6,3243,2,36000,1.00185013876
17310,17316,20935,6,3619,2,36000,1.00165791655
17340,17346,20897,6,3551,2,36000,1.00168966488
17355,17361,20791,6,3430,2,36000,1.00174927114
17383,17389,20965,6,3576,2,36000,1.00167785235
17440,17446,20778,6,3332,2,36000,1.00180072029
17461,17467,21074,6,3607,2,36000,1.00166343222
17479,17485,20948,6,3463,2,36000,1.00173260179
17509,17516,20951,7,3435,2,36000,1.00203784571
17524,17531,20998,7,3467,2,36000,1.00201903663
17526,17537,20958,11,3421,2,36000,1.00321543408
17655,17661,21129,6,3468,2,36000,1.00173010381
17706,17713,21125,7,3412,2,36000,1.00205158265
17740,17746,21272,6,3526,2,36000,1.00170164492
17792,17798,21221,6,3423,2,36000,1.00175284838
17853,17859,18425,6,566,1,1800,1.01060070671
17871,17877,21758,6,3881,2,36000,1.0015459933
17892,17898,21254,6,3356,2,36000,1.00178784267
17907,17913,21351,6,3438,2,36000,1.0017452007
17952,17959,21321,7,3362,2,36000,1.00208209399
18034,18041,21390,7,3349,2,36000,1.00209017617
18049,18056,21585,7,3529,2,36000,1.00198356475
18051,18062,21755,11,3693,2,36000,1.00297860818
18115,18121,21580,6,3459,2,36000,1.00173460538
18130,18136,21853,6,3717,2,36000,1.001614205
18248,18254,21829,6,3575,2,36000,1.00167832168
18290,18297,21789,7,3492,2,36000,1.0020045819
18345,18351,21693,6,3342,2,36000,1.00179533214
18360,18366,21659,6,3293,2,36000,1.00182204677
18458,18464,21929,6,3465,2,36000,1.00173160173
18488,18494,22546,6,4052,2,36000,1.00148075025
18506,18512,22168,6,3656,2,36000,1.00164113786
18606,18612,22298,6,3686,2,36000,1.00162778079
18636,18643,22077,7,3434,2,36000,1.00203843914
18654,18661,22143,7,3482,2,36000,1.00201033889
18715,18721,22338,6,3617,2,36000,1.00165883329
18751,18757,22218,6,3461,2,36000,1.001733603
18766,18772,22019,6,3247,2,36000,1.00184785956
18782,18788,22363,6,3575,2,36000,1.00167832168
18783,18794,22127,11,3333,2,36000,1.00330033003
18798,18804,22334,6,3530,2,36000,1.00169971671
18887,18893,22653,6,3760,2,36000,1.00159574468
18923,18929,22665,6,3736,2,36000,1.00160599572
18968,18975,22418,7,3443,2,36000,1.00203311066
18983,18990,22459,7,3469,2,36000,1.00201787259
19005,19011,22799,6,3788,2,36000,1.00158394931
19020,19026,22728,6,3702,2,36000,1.00162074554
19035,19041,22442,6,3401,2,36000,1.001764187
19065,19071,22419,6,3348,2,36000,1.0017921147
19129,19135,22928,6,3793,2,36000,1.00158186132
19144,19150,22736,6,3586,2,36000,1.00167317345
19196,19202,22722,6,3520,2,36000,1.00170454545
19214,19220,22734,6,3514,2,36000,1.00170745589
19229,19235,22829,6,3594,2,36000,1.00166944908
19250,19256,22676,6,3420,2,36000,1.00175438596
19369,19375,22903,6,3528,2,36000,1.00170068027
19438,19445,23027,7,3582,2,36000,1.00195421552
19484,19490,23153,6,3663,2,36000,1.00163800164
19560,19566,23064,6,3498,2,36000,1.00171526587
19633,19639,23106,6,3467,2,36000,1.00173060283
19696,19702,23293,6,3591,2,36000,1.00167084378
19781,19787,23554,6,3767,2,36000,1.0015927794
19809,19815,23218,6,3403,2,36000,1.00176315016
19824,19830,23626,6,3796,2,36000,1.00158061117
19825,19836,23320,11,3484,2,36000,1.00315729047
19877,19883,23319,6,3436,2,36000,1.00174621653
19925,19931,23581,6,3650,2,36000,1.00164383562
19986,19992,23829,6,3837,2,36000,1.00156372166
20016,20022,23184,6,3162,2,36000,1.00189753321
20031,20037,23524,6,3487,2,36000,1.0017206768
20046,20052,23582,6,3530,2,36000,1.00169971671
20061,20067,23648,6,3581,2,36000,1.00167550963
20094,20101,23568,7,3467,2,36000,1.00201903663
20109,20115,23733,6,3618,2,36000,1.00165837479
20124,20130,23626,6,3496,2,36000,1.00171624714
20142,20149,23411,7,3262,2,36000,1.00214592275
20157,20163,23814,6,3651,2,36000,1.00164338537
20159,20169,20219,10,50,1,1800,1.2
20203,20209,20327,6,118,1,1800,1.05084745763
20221,20229,23703,8,3474,2,36000,1.00230282096
20242,20248,24063,6,3815,2,36000,1.00157273919
20260,20267,23758,7,3491,2,36000,1.00200515612
20333,20339,23917,6,3578,2,36000,1.00167691448
20437,20443,23929,6,3486,2,36000,1.0017211704
20461,20467,23813,6,3346,2,36000,1.00179318589
20527,20533,20612,6,79,1,1800,1.07594936709
20537,20543,24320,6,3777,2,36000,1.00158856235
20552,20558,24455,6,3897,2,36000,1.00153964588
20652,20658,20766,6,108,1,1800,1.05555555556
20661,20667,23951,6,3284,2,36000,1.00182704019
20689,20695,24087,6,3392,2,36000,1.00176886792
20779,20785,24243,6,3458,2,36000,1.001735107
20795,20800,24734,5,3934,2,36000,1.00127097102
20796,20807,24532,11,3725,2,36000,1.00295302013
20797,20812,24428,15,3616,2,36000,1.00414823009
20834,20840,24183,6,3343,2,36000,1.00179479509
20835,20846,24117,11,3271,2,36000,1.00336288597
20863,20869,24591,6,3722,2,36000,1.00161203654
20899,20905,24689,6,3784,2,36000,1.00158562368
20938,20945,24373,7,3428,2,36000,1.002042007
20954,20961,24416,7,3455,2,36000,1.0020260492
20956,20966,24803,10,3837,2,36000,1.00260620276
20971,20977,24173,6,3196,2,36000,1.00187734668
20972,20983,24815,11,3832,2,36000,1.00287056367
21000,21006,24781,6,3775,2,36000,1.00158940397
21075,21081,24509,6,3428,2,36000,1.00175029172
21127,21133,24641,6,3508,2,36000,1.00171037628
21142,21148,24783,6,3635,2,36000,1.00165061898
21224,21230,24931,6,3701,2,36000,1.00162118346
21254,21260,24767,6,3507,2,36000,1.00171086399
21272,21278,24755,6,3477,2,36000,1.00172562554
21324,21330,24632,6,3302,2,36000,1.00181708056
21354,21360,24853,6,3493,2,36000,1.00171772116
21394,21400,24850,6,3450,2,36000,1.00173913043
21435,21441,22015,6,574,1,1800,1.01045296167
21444,21451,21722,7,271,1,1800,1.0258302583
21582,21588,24983,6,3395,2,36000,1.00176730486
21597,21603,25225,6,3622,2,36000,1.00165654335
21661,21667,24998,6,3331,2,36000,1.00180126088
21695,21701,25501,6,3800,2,36000,1.00157894737
21755,21761,24959,6,3198,2,36000,1.00187617261
21770,21776,25261,6,3485,2,36000,1.00172166428
21791,21797,25286,6,3489,2,36000,1.00171969046
21831,21837,25058,6,3221,2,36000,1.00186277554
21855,21861,25716,6,3855,2,36000,1.00155642023
21931,21937,25455,6,3518,2,36000,1.0017055145
22022,22028,25631,6,3603,2,36000,1.00166527893
22080,22086,25754,6,3668,2,36000,1.00163576881
22128,22134,25884,6,3750,2,36000,1.0016
22143,22150,25410,7,3260,2,36000,1.00214723926
22170,22177,25626,7,3449,2,36000,1.00202957379
22219,22225,25524,6,3299,2,36000,1.00181873295
22301,22307,25618,6,3311,2,36000,1.00181214135
22337,22343,25687,6,3344,2,36000,1.00179425837
22352,22358,26174,6,3816,2,36000,1.00157232704
22367,22373,25964,6,3591,2,36000,1.00167084378
22419,22425,26029,6,3604,2,36000,1.00166481687
22420,22431,25719,11,3288,2,36000,1.00334549878
22444,22451,25863,7,3412,2,36000,1.00205158265
22459,22465,26067,6,3602,2,36000,1.00166574125
22547,22553,26099,6,3546,2,36000,1.00169204738
22654,22660,26594,6,3934,2,36000,1.00152516523
22669,22675,26376,6,3701,2,36000,1.00162118346
22684,22690,26251,6,3561,2,36000,1.00168491997
22723,22729,26156,6,3427,2,36000,1.00175080245
22738,22745,26363,7,3618,2,36000,1.00193477059
22740,22751,25998,11,3247,2,36000,1.00338774253
22741,22756,26263,15,3507,2,36000,1.00427715997
22802,22808,26502,6,3694,2,36000,1.00162425555
22832,22838,26425,6,3587,2,36000,1.001672707
22905,22911,26533,6,3622,2,36000,1.00165654335
22930,22936,26468,6,3532,2,36000,1.00169875425
23029,23036,26367,7,3331,2,36000,1.00210147103
23066,23072,26862,6,3790,2,36000,1.00158311346
23108,23114,26641,6,3527,2,36000,1.00170116246
23154,23160,26993,6,3833,2,36000,1.00156535351
23187,23193,26802,6,3609,2,36000,1.00166251039
23220,23226,27047,6,3821,2,36000,1.00157026956
23292,23299,26777,7,3478,2,36000,1.00201265095
23320,23326,26923,6,3597,2,36000,1.00166805671
23321,23332,27121,11,3789,2,36000,1.00290314067
23412,23419,27004,7,3585,2,36000,1.0019525802
23525,23531,27522,6,3991,2,36000,1.00150338261
23555,23562,26941,7,3379,2,36000,1.00207161882
23571,23577,27329,6,3752,2,36000,1.00159914712
23586,23592,26995,6,3403,2,36000,1.00176315016
23587,23598,26925,11,3327,2,36000,1.00330628194
23627,23633,27017,6,3384,2,36000,1.00177304965
23628,23639,27079,11,3440,2,36000,1.00319767442
23649,23655,27171,6,3516,2,36000,1.00170648464
23704,23710,27421,6,3711,2,36000,1.00161681487
23734,23740,27350,6,3610,2,36000,1.00166204986
23758,23764,27150,6,3386,2,36000,1.00177200236
23816,23822,27110,6,3288,2,36000,1.00182481752
23818,23828,27341,10,3513,2,36000,1.00284656988
23833,23839,27130,6,3291,2,36000,1.00182315406
23842,23848,23896,6,48,1,1800,1.125
23918,23924,27580,6,3656,2,36000,1.00164113786
23933,23939,27648,6,3709,2,36000,1.00161768671
23954,23960,27364,6,3404,2,36000,1.0017626322
24066,24072,27956,6,3884,2,36000,1.00154479918
24090,24097,27759,7,3662,2,36000,1.00191152376
24121,24127,27782,6,3655,2,36000,1.00164158687
24175,24181,27579,6,3398,2,36000,1.00176574456
24190,24196,27590,6,3394,2,36000,1.00176782557
24239,24245,24324,6,79,1,1800,1.07594936709
24245,24251,28030,6,3779,2,36000,1.00158772162
24321,24327,27910,6,3583,2,36000,1.00167457438
24376,24382,27852,6,3470,2,36000,1.00172910663
24418,24424,27951,6,3527,2,36000,1.00170116246
24433,24439,28268,6,3829,2,36000,1.00156698877
24457,24463,27880,6,3417,2,36000,1.00175592625
24512,24518,28329,6,3811,2,36000,1.00157438992
24533,24539,28750,6,4211,2,36000,1.00142483971
24594,24600,28175,6,3575,2,36000,1.00167832168
24633,24639,28138,6,3499,2,36000,1.00171477565
24648,24654,28218,6,3564,2,36000,1.00168350168
24690,24696,28151,6,3455,2,36000,1.0017366136
24736,24742,28201,6,3459,2,36000,1.00173460538
24757,24763,28348,6,3585,2,36000,1.00167364017
24772,24778,28472,6,3694,2,36000,1.00162425555
24787,24793,28239,6,3446,2,36000,1.00174114916
24789,24799,28463,10,3664,2,36000,1.00272925764
24804,24810,28452,6,3642,2,36000,1.00164744646
24819,24825,28497,6,3672,2,36000,1.00163398693
24852,24859,28266,7,3407,2,36000,1.00205459348
24854,24864,28365,10,3501,2,36000,1.00285632676
24933,24939,28443,6,3504,2,36000,1.00171232877
24960,24966,28493,6,3527,2,36000,1.00170116246
24985,24991,28442,6,3451,2,36000,1.00173862649
25000,25006,29632,6,4626,2,36000,1.00129701686
25060,25066,28762,6,3696,2,36000,1.00162337662
25227,25233,28745,6,3512,2,36000,1.00170842825
25263,25269,28807,6,3538,2,36000,1.00169587337
25288,25294,28891,6,3597,2,36000,1.00166805671
25351,25358,25637,7,279,1,1800,1.02508960573
25412,25418,28769,6,3351,2,36000,1.0017905103
25458,25464,29262,6,3798,2,36000,1.00157977883
25503,25509,29139,6,3630,2,36000,1.00165289256
25524,25531,29181,7,3650,2,36000,1.00191780822
25619,25625,29384,6,3759,2,36000,1.00159616919
25634,25640,29089,6,3449,2,36000,1.00173963468
25635,25646,29320,11,3674,2,36000,1.00299401198
25690,25696,29299,6,3603,2,36000,1.00166527893
25717,25723,29506,6,3783,2,36000,1.00158604282
25732,25738,29270,6,3532,2,36000,1.00169875425
25756,25762,29094,6,3332,2,36000,1.00180072029
25865,25871,29236,6,3365,2,36000,1.00178306092
25886,25893,29319,7,3426,2,36000,1.00204319907
25965,25972,29163,7,3191,2,36000,1.0021936697
25999,26005,29634,6,3629,2,36000,1.00165334803
26032,26038,29463,6,3425,2,36000,1.00175182482
26068,26074,30225,6,4151,2,36000,1.00144543483
26102,26108,29673,6,3565,2,36000,1.00168302945
26159,26165,29873,6,3708,2,36000,1.00161812298
26177,26183,29596,6,3413,2,36000,1.00175798418
26250,26256,29571,6,3315,2,36000,1.00180995475
26265,26271,29863,6,3592,2,36000,1.00167037862
26365,26371,29875,6,3504,2,36000,1.00171232877
26380,26386,29638,6,3252,2,36000,1.00184501845
26381,26392,29898,11,3506,2,36000,1.00313747861
26427,26433,30163,6,3730,2,36000,1.00160857909
26469,26476,30033,7,3557,2,36000,1.00196795052
26503,26509,29870,6,3361,2,36000,1.00178518298
26536,26542,29987,6,3445,2,36000,1.00174165457
26597,26603,30255,6,3652,2,36000,1.00164293538
26642,26648,29972,6,3324,2,36000,1.00180505415
26779,26785,30132,6,3347,2,36000,1.00179265013
26803,26809,30274,6,3465,2,36000,1.00173160173
26863,26870,30137,7,3267,2,36000,1.00214263851
26924,26931,30381,7,3450,2,36000,1.00202898551
26940,26946,30186,6,3240,2,36000,1.00185185185
26954,26961,30517,7,3556,2,36000,1.00196850394
26994,27000,30481,6,3481,2,36000,1.00172364263
27010,27015,30328,5,3313,2,36000,1.00150920616
27011,27021,30619,10,3598,2,36000,1.00277932185
27026,27032,30544,6,3512,2,36000,1.00170842825
27047,27053,30741,6,3688,2,36000,1.00162689805
27081,27087,30756,6,3669,2,36000,1.00163532298
27111,27117,30545,6,3428,2,36000,1.00175029172
27126,27132,30641,6,3509,2,36000,1.00170988886
27141,27147,30834,6,3687,2,36000,1.0016273393
27156,27162,30638,6,3476,2,36000,1.00172612198
27171,27178,30537,7,3359,2,36000,1.00208395356
27330,27336,30829,6,3493,2,36000,1.00171772116
27345,27351,31142,6,3791,2,36000,1.00158269586
27360,27366,31203,6,3837,2,36000,1.00156372166
27375,27381,30835,6,3454,2,36000,1.00173711639
27424,27430,30833,6,3403,2,36000,1.00176315016
27524,27530,31170,6,3640,2,36000,1.00164835165
27582,27588,30790,6,3202,2,36000,1.00187382886
27583,27594,30901,11,3307,2,36000,1.00332627759
27598,27604,31140,6,3536,2,36000,1.00169683258
27650,27656,30892,6,3236,2,36000,1.00185414091
27762,27768,30986,6,3218,2,36000,1.00186451212
27783,27789,31097,6,3308,2,36000,1.00181378476
27853,27859,31585,6,3726,2,36000,1.00161030596
27883,27889,31219,6,3330,2,36000,1.0018018018
27911,27917,31466,6,3549,2,36000,1.00169061708
27950,27956,31593,6,3637,2,36000,1.0016497113
27965,27971,31478,6,3507,2,36000,1.00171086399
28032,28038,31697,6,3659,2,36000,1.00163979229
28141,28147,31750,6,3603,2,36000,1.00166527893
28156,28161,31751,5,3590,2,36000,1.00139275766
28177,28183,31818,6,3635,2,36000,1.00165061898
28204,28210,31667,6,3457,2,36000,1.00173560891
28212,28219,114652,7,86433,1,86400,1.00008098759
28219,28225,31806,6,3581,2,36000,1.00167550963
28240,28247,31866,7,3619,2,36000,1.00193423598
28268,28274,31722,6,3448,2,36000,1.00174013921
28269,28280,31763,11,3483,2,36000,1.00315819696
28330,28336,31770,6,3434,2,36000,1.00174723355
28351,28357,32180,6,3823,2,36000,1.00156944808
28366,28372,32135,6,3763,2,36000,1.0015944725
28442,28448,31962,6,3514,2,36000,1.00170745589
28458,28463,31855,5,3392,2,36000,1.0014740566
28459,28469,31961,10,3492,2,36000,1.00286368843
28474,28480,31972,6,3492,2,36000,1.00171821306
28475,28486,31780,11,3294,2,36000,1.00333940498
28493,28500,32205,7,3705,2,36000,1.00188933873
28508,28515,32004,7,3489,2,36000,1.00200630553
28746,28752,32501,6,3749,2,36000,1.00160042678
28761,28767,33285,6,4518,2,36000,1.00132802125
28776,28782,32421,6,3639,2,36000,1.00164880462
28777,28788,32102,11,3314,2,36000,1.00331925166
28808,28814,32347,6,3533,2,36000,1.00169827342
28893,28899,32176,6,3277,2,36000,1.00183094294
29090,29096,32779,6,3683,2,36000,1.00162910671
29105,29111,32499,6,3388,2,36000,1.00177095632
29142,29148,32571,6,3423,2,36000,1.00175284838
29166,29172,32575,6,3403,2,36000,1.00176315016
29184,29190,33059,6,3869,2,36000,1.00155078832
29238,29245,32538,7,3293,2,36000,1.00212572123
29263,29269,32871,6,3602,2,36000,1.00166574125
29278,29284,32542,6,3258,2,36000,1.00184162063
29302,29308,33057,6,3749,2,36000,1.00160042678
29320,29326,32698,6,3372,2,36000,1.00177935943
29322,29332,32747,10,3415,2,36000,1.00292825769
29385,29392,32957,7,3565,2,36000,1.00196353436
29464,29470,33170,6,3700,2,36000,1.00162162162
29506,29513,33116,7,3603,2,36000,1.00194282542
29573,29579,32801,6,3222,2,36000,1.00186219739
29597,29603,33187,6,3584,2,36000,1.00167410714
29634,29640,33001,6,3361,2,36000,1.00178518298
29649,29655,33313,6,3658,2,36000,1.00164024057
29650,29661,33349,11,3688,2,36000,1.00298264642
29674,29680,33344,6,3664,2,36000,1.00163755459
29865,29871,33230,6,3359,2,36000,1.00178624591
29881,29887,33424,6,3537,2,36000,1.00169635284
29882,29893,33363,11,3470,2,36000,1.00317002882
29883,29898,33457,15,3559,2,36000,1.00421466704
29898,29905,33246,7,3341,2,36000,1.00209518108
29974,29980,33297,6,3317,2,36000,1.00180886343
29989,29996,33450,7,3454,2,36000,1.00202663578
30035,30041,33442,6,3401,2,36000,1.001764187
30135,30141,33784,6,3643,2,36000,1.00164699424
30150,30156,33509,6,3353,2,36000,1.00178944229
30165,30171,33530,6,3359,2,36000,1.00178624591
30190,30196,33571,6,3375,2,36000,1.00177777778
30226,30232,33768,6,3536,2,36000,1.00169683258
30256,30262,33816,6,3554,2,36000,1.0016882386
30274,30281,34058,7,3777,2,36000,1.00185332274
30329,30335,34115,6,3780,2,36000,1.00158730159
30383,30390,34048,7,3658,2,36000,1.001913614
30484,30490,34040,6,3550,2,36000,1.00169014085
30520,30526,34062,6,3536,2,36000,1.00169683258
30539,30545,34100,6,3555,2,36000,1.00168776371
30554,30560,34170,6,3610,2,36000,1.00166204986
30555,30566,34345,11,3779,2,36000,1.00291082297
30622,30628,34049,6,3421,2,36000,1.00175387314
30640,30646,34249,6,3603,2,36000,1.00166527893
30655,30661,34114,6,3453,2,36000,1.00173761946
30743,30750,34341,7,3591,2,36000,1.00194931774
30758,30765,34417,7,3652,2,36000,1.00191675794
30792,30798,34606,6,3808,2,36000,1.00157563025
30831,30838,34309,7,3471,2,36000,1.00201670988
30847,30853,34517,6,3664,2,36000,1.00163755459
30848,30859,34264,11,3405,2,36000,1.00323054332
30850,30864,34136,14,3272,2,36000,1.00427872861
30893,30899,34728,6,3829,2,36000,1.00156698877
30908,30914,34600,6,3686,2,36000,1.00162778079
30987,30993,34855,6,3862,2,36000,1.00155359917
31100,31106,34761,6,3655,2,36000,1.00164158687
31143,31149,35257,6,4108,2,36000,1.00146056475
31144,31155,34895,11,3740,2,36000,1.00294117647
31172,31178,34560,6,3382,2,36000,1.00177409817
31205,31211,34685,6,3474,2,36000,1.00172711572
31220,31226,35218,6,3992,2,36000,1.00150300601
31466,31473,35017,7,3544,2,36000,1.0019751693
31482,31488,34658,6,3170,2,36000,1.00189274448
31588,31594,35170,6,3576,2,36000,1.00167785235
31603,31609,34831,6,3222,2,36000,1.00186219739
31670,31676,35282,6,3606,2,36000,1.00166389351
31700,31706,35386,6,3680,2,36000,1.00163043478
31724,31730,35454,6,3724,2,36000,1.00161117078
31752,31758,35184,6,3426,2,36000,1.00175131349
31753,31764,35178,11,3414,2,36000,1.00322202695
31768,31774,35369,6,3595,2,36000,1.0016689847
31784,31790,35288,6,3498,2,36000,1.00171526587
31785,31796,35309,11,3513,2,36000,1.00313122687
31810,31816,35347,6,3531,2,36000,1.00169923534
31825,31831,35225,6,3394,2,36000,1.00176782557
31858,31864,35506,6,3642,2,36000,1.00164744646
31873,31879,35125,6,3246,2,36000,1.00184842884
31964,31970,35229,6,3259,2,36000,1.00184105554
31965,31976,35423,11,3447,2,36000,1.00319118074
31980,31987,35513,7,3526,2,36000,1.00198525241
32004,32011,35372,7,3361,2,36000,1.00208271348
32105,32111,35286,6,3175,2,36000,1.00188976378
32138,32145,35709,7,3564,2,36000,1.0019640853
32178,32184,36606,6,4422,2,36000,1.0013568521
32193,32199,35429,6,3230,2,36000,1.00185758514
32208,32214,35713,6,3499,2,36000,1.00171477565
32348,32354,35936,6,3582,2,36000,1.00167504188
32423,32430,36006,7,3576,2,36000,1.00195749441
32503,32509,35927,6,3418,2,36000,1.00175541252
32504,32515,36275,11,3760,2,36000,1.00292553191
32541,32547,37158,6,4611,2,36000,1.00130123617
32556,32562,36082,6,3520,2,36000,1.00170454545
32574,32580,36147,6,3567,2,36000,1.00168208579
32589,32595,36053,6,3458,2,36000,1.001735107
32701,32707,36401,6,3694,2,36000,1.00162425555
32750,32756,36333,6,3577,2,36000,1.00167738328
32780,32786,36160,6,3374,2,36000,1.00177830468
32804,32810,36245,6,3435,2,36000,1.00174672489
32871,32877,36334,6,3457,2,36000,1.00173560891
32959,32965,36352,6,3387,2,36000,1.00177147919
33001,33007,36201,6,3194,2,36000,1.00187852223
33059,33065,36418,6,3353,2,36000,1.00178944229
33074,33080,36648,6,3568,2,36000,1.00168161435
33119,33125,36550,6,3425,2,36000,1.00175182482
33171,33177,36631,6,3454,2,36000,1.00173711639
33189,33195,36896,6,3701,2,36000,1.00162118346
33231,33237,36439,6,3202,2,36000,1.00187382886
33249,33256,36820,7,3564,2,36000,1.0019640853
33286,33292,36610,6,3318,2,36000,1.00180831826
33301,33307,36817,6,3510,2,36000,1.00170940171
33316,33322,36873,6,3551,2,36000,1.00168966488
33346,33352,37157,6,3805,2,36000,1.00157687254
33361,33367,36816,6,3449,2,36000,1.00173963468
33376,33382,36972,6,3590,2,36000,1.00167130919
33425,33431,36871,6,3440,2,36000,1.00174418605
33443,33449,37097,6,3648,2,36000,1.00164473684
33458,33464,36887,6,3423,2,36000,1.00175284838
33459,33470,36822,11,3352,2,36000,1.00328162291
33511,33517,37326,6,3809,2,36000,1.00157521659
33532,33538,37006,6,3468,2,36000,1.00173010381
33571,33577,37159,6,3582,2,36000,1.00167504188
33769,33775,37575,6,3800,2,36000,1.00157894737
33787,33793,37390,6,3597,2,36000,1.00166805671
33817,33823,37398,6,3575,2,36000,1.00167832168
34042,34048,37465,6,3417,2,36000,1.00175592625
34057,34064,37670,7,3606,2,36000,1.0019412091
34059,34070,37612,11,3542,2,36000,1.00310559006
34074,34080,37691,6,3611,2,36000,1.00166158959
34075,34086,37590,11,3504,2,36000,1.00313926941
34103,34109,37716,6,3607,2,36000,1.00166343222
34118,34124,37705,6,3581,2,36000,1.00167550963
34119,34130,37458,11,3328,2,36000,1.00330528846
34137,34144,37574,7,3430,2,36000,1.00204081633
34171,34177,38130,6,3953,2,36000,1.00151783456
34250,34256,37647,6,3391,2,36000,1.00176938956
34265,34271,38031,6,3760,2,36000,1.00159574468
34311,34317,37664,6,3347,2,36000,1.00179265013
34338,34344,38030,6,3686,2,36000,1.00162778079
34353,34359,37710,6,3351,2,36000,1.0017905103
34419,34425,37913,6,3488,2,36000,1.00172018349
34520,34526,38430,6,3904,2,36000,1.00153688525
34562,34568,38117,6,3549,2,36000,1.00169061708
34602,34608,37915,6,3307,2,36000,1.00181433323
34616,34623,38308,7,3685,2,36000,1.00189959294
34659,34665,38096,6,3431,2,36000,1.00174876129
34686,34692,38413,6,3721,2,36000,1.00161246977
34728,34735,38043,7,3308,2,36000,1.00211608222
34762,34768,38647,6,3879,2,36000,1.00154679041
34835,34841,38259,6,3418,2,36000,1.00175541252
34856,34862,38231,6,3369,2,36000,1.0017809439
34895,34901,38294,6,3393,2,36000,1.0017683466
35020,35026,38636,6,3610,2,36000,1.00166204986
35126,35132,38765,6,3633,2,36000,1.00165152766
35171,35177,38747,6,3570,2,36000,1.00168067227
35186,35193,38830,7,3637,2,36000,1.00192466318
35188,35198,38610,10,3412,2,36000,1.00293083236
35221,35227,38533,6,3306,2,36000,1.00181488203
35236,35242,38606,6,3364,2,36000,1.00178359096
35237,35248,38998,11,3750,2,36000,1.00293333333
35259,35265,38714,6,3449,2,36000,1.00173963468
35283,35289,38847,6,3558,2,36000,1.00168634064
35298,35304,38916,6,3612,2,36000,1.00166112957
35299,35310,38654,11,3344,2,36000,1.00328947368
35314,35320,38923,6,3603,2,36000,1.00166527893
35348,35354,38837,6,3483,2,36000,1.00172265289
35373,35379,38816,6,3437,2,36000,1.00174570847
35374,35385,39068,11,3683,2,36000,1.00298669563
35389,35395,38762,6,3367,2,36000,1.00178200178
35425,35432,38918,7,3486,2,36000,1.00200803213
35440,35446,38990,6,3544,2,36000,1.00169300226
35455,35461,38809,6,3348,2,36000,1.0017921147
35507,35513,39025,6,3512,2,36000,1.00170842825
35522,35528,38999,6,3471,2,36000,1.00172860847
35710,35716,39228,6,3512,2,36000,1.00170842825
35725,35731,39084,6,3353,2,36000,1.00178944229
35928,35934,39940,6,4006,2,36000,1.00149775337
35943,35949,39567,6,3618,2,36000,1.00165837479
36007,36013,39550,6,3537,2,36000,1.00169635284
36055,36062,39451,7,3389,2,36000,1.00206550605
36083,36089,39580,6,3491,2,36000,1.00171870524
36149,36156,40148,7,3992,2,36000,1.00175350701
36164,36171,39719,7,3548,2,36000,1.0019729425
36204,36210,42785,6,6575,2,36000,1.00091254753
36246,36252,39757,6,3505,2,36000,1.00171184023
36277,36283,39796,6,3513,2,36000,1.00170794193
36334,36340,39921,6,3581,2,36000,1.00167550963
36336,36346,39866,10,3520,2,36000,1.00284090909
36354,36360,39870,6,3510,2,36000,1.00170940171
36402,36408,39927,6,3519,2,36000,1.00170502984
36421,36427,39625,6,3198,2,36000,1.00187617261
36442,36448,39874,6,3426,2,36000,1.00175131349
36551,36558,40253,7,3695,2,36000,1.00189445196
36609,36615,40353,6,3738,2,36000,1.00160513644
36624,36630,40218,6,3588,2,36000,1.0016722408
36639,36645,39851,6,3206,2,36000,1.00187149095
36654,36660,40362,6,3702,2,36000,1.00162074554
36818,36825,40170,7,3345,2,36000,1.00209267564
36820,36831,40305,11,3474,2,36000,1.00316637881
36835,36841,40421,6,3580,2,36000,1.00167597765
36836,36847,40023,11,3176,2,36000,1.00346347607
36873,36879,40056,6,3177,2,36000,1.00188857413
36888,36894,40525,6,3631,2,36000,1.00165243735
36889,36900,40131,11,3231,2,36000,1.00340451872
36904,36910,40597,6,3687,2,36000,1.0016273393
36974,36980,40608,6,3628,2,36000,1.00165380375
37008,37014,40783,6,3769,2,36000,1.0015919342
37099,37105,40791,6,3686,2,36000,1.00162778079
37160,37166,40991,6,3825,2,36000,1.00156862745
37162,37172,40780,10,3608,2,36000,1.00277161863
37163,37177,40520,14,3343,2,36000,1.00418785522
37327,37333,40864,6,3531,2,36000,1.00169923534
37391,37397,40899,6,3502,2,36000,1.00171330668
37406,37412,41151,6,3739,2,36000,1.00160470714
37460,37467,41091,7,3624,2,36000,1.00193156733
37475,37481,40934,6,3453,2,36000,1.00173761946
37576,37582,41207,6,3625,2,36000,1.00165517241
37577,37588,41312,11,3724,2,36000,1.0029538131
37592,37598,41454,6,3856,2,36000,1.0015560166
37613,37620,41557,7,3937,2,36000,1.00177800356
37650,37656,41119,6,3463,2,36000,1.00173260179
37665,37671,41213,6,3542,2,36000,1.00169395822
37680,37686,40959,6,3273,2,36000,1.00183318057
37695,37701,41390,6,3689,2,36000,1.00162645703
37711,37717,41356,6,3639,2,36000,1.00164880462
37712,37723,41043,11,3320,2,36000,1.00331325301
37727,37733,41211,6,3478,2,36000,1.00172512938
37863,37869,41238,6,3369,2,36000,1.0017809439
37864,37875,41459,11,3584,2,36000,1.00306919643
37865,37880,41536,15,3656,2,36000,1.00410284464
37867,37885,41265,18,3380,2,36000,1.00532544379
37868,37890,41423,22,3533,2,36000,1.00622700255
37869,37895,41069,26,3174,2,36000,1.0081915564
37870,37901,41527,31,3626,2,36000,1.00854936569
37872,37906,41439,34,3533,2,36000,1.00962354939
37873,37914,41304,41,3390,2,36000,1.01209439528
37874,37919,41750,45,3831,2,36000,1.01174628034
37914,37926,41347,12,3421,2,36000,1.00350774627
37929,37935,41244,6,3309,2,36000,1.00181323663
38033,38039,41708,6,3669,2,36000,1.00163532298
38034,38045,41419,11,3374,2,36000,1.00326022525
38049,38055,41916,6,3861,2,36000,1.00155400155
38098,38104,41521,6,3417,2,36000,1.00175592625
38119,38125,41705,6,3580,2,36000,1.00167597765
38134,38140,41673,6,3533,2,36000,1.00169827342
38234,38240,41702,6,3462,2,36000,1.00173310225
38261,38267,41775,6,3508,2,36000,1.00171037628
38294,38301,41578,7,3277,2,36000,1.00213610009
38309,38316,41849,7,3533,2,36000,1.00198131899
38415,38422,41719,7,3297,2,36000,1.00212314225
38431,38437,41861,6,3424,2,36000,1.00175233645
38534,38540,42263,6,3723,2,36000,1.00161160355
38607,38613,42022,6,3409,2,36000,1.00176004693
38622,38628,42202,6,3574,2,36000,1.00167879127
38637,38643,42247,6,3604,2,36000,1.00166481687
38652,38658,42151,6,3493,2,36000,1.00171772116
38667,38673,42207,6,3534,2,36000,1.00169779287
38715,38721,42290,6,3569,2,36000,1.00168114318
38748,38755,42250,7,3495,2,36000,1.00200286123
38764,38770,42317,6,3547,2,36000,1.00169157034
38779,38785,42119,6,3334,2,36000,1.00179964007
38812,38818,42122,6,3304,2,36000,1.00181598063
38827,38833,42221,6,3388,2,36000,1.00177095632
38843,38849,42544,6,3695,2,36000,1.00162381597
38844,38855,42196,11,3341,2,36000,1.00329242742
38859,38865,42428,6,3563,2,36000,1.00168397418
38917,38923,42642,6,3719,2,36000,1.00161333692
38932,38938,42375,6,3437,2,36000,1.00174570847
38933,38949,42281,16,3332,2,36000,1.00480192077
38991,38997,42179,6,3182,2,36000,1.00188560654
39006,39013,42261,7,3248,2,36000,1.00215517241
39008,39019,42372,11,3353,2,36000,1.0032806442
39026,39032,42527,6,3495,2,36000,1.0017167382
39068,39075,42611,7,3536,2,36000,1.00197963801
39087,39093,42655,6,3562,2,36000,1.00168444694
39229,39235,42791,6,3556,2,36000,1.00168728909
39453,39460,43313,7,3853,2,36000,1.00181676616
39551,39557,43312,6,3755,2,36000,1.00159786951
39569,39575,43307,6,3732,2,36000,1.00160771704
39584,39591,43016,7,3425,2,36000,1.00204379562
39627,39633,43542,6,3909,2,36000,1.00153491942
39721,39727,43191,6,3464,2,36000,1.00173210162
39761,39767,43438,6,3671,2,36000,1.00163443203
39797,39803,43271,6,3468,2,36000,1.00173010381
39852,39858,43536,6,3678,2,36000,1.00163132137
39867,39873,43154,6,3281,2,36000,1.00182871076
39882,39888,43368,6,3480,2,36000,1.00172413793
39883,39894,43332,11,3438,2,36000,1.00319953461
39922,39929,43317,7,3388,2,36000,1.0020661157
39937,39944,43670,7,3726,2,36000,1.00187869028
39952,39959,43408,7,3449,2,36000,1.00202957379
40025,40032,43525,7,3493,2,36000,1.00200400802
40059,40065,43530,6,3465,2,36000,1.00173160173
40132,40139,43619,7,3480,2,36000,1.00201149425
40151,40157,43662,6,3505,2,36000,1.00171184023
40172,40178,43744,6,3566,2,36000,1.00168255749
40220,40226,43819,6,3593,2,36000,1.00166991372
40254,40260,44126,6,3866,2,36000,1.00155199172
40305,40311,43836,6,3525,2,36000,1.00170212766
40354,40360,44100,6,3740,2,36000,1.00160427807
40369,40374,43830,5,3456,2,36000,1.00144675926
40423,40429,43974,6,3545,2,36000,1.00169252468
40523,40529,43763,6,3234,2,36000,1.00185528757
40538,40544,44245,6,3701,2,36000,1.00162118346
40599,40605,43893,6,3288,2,36000,1.00182481752
40614,40619,44181,5,3562,2,36000,1.00140370578
40781,40787,44596,6,3809,2,36000,1.00157521659
40796,40802,44323,6,3521,2,36000,1.00170406135
40797,40808,44020,11,3212,2,36000,1.00342465753
40867,40873,44226,6,3353,2,36000,1.00178944229
40900,40907,44179,7,3272,2,36000,1.0021393643
40937,40943,44603,6,3660,2,36000,1.00163934426
40961,40967,44518,6,3551,2,36000,1.00168966488
40992,40998,44378,6,3380,2,36000,1.00177514793
41047,41053,45071,6,4018,2,36000,1.00149328024
41071,41077,44691,6,3614,2,36000,1.00166021029
41092,41098,44562,6,3464,2,36000,1.00173210162
41119,41126,44653,7,3527,2,36000,1.00198468954
41153,41159,44619,6,3460,2,36000,1.00173410405
41208,41214,44696,6,3482,2,36000,1.00172314762
41223,41230,45040,7,3810,2,36000,1.00183727034
41225,41236,44898,11,3662,2,36000,1.00300382305
41240,41246,44785,6,3539,2,36000,1.00169539418
41255,41261,44806,6,3545,2,36000,1.00169252468
41270,41276,44648,6,3372,2,36000,1.00177935943
41306,41312,44542,6,3230,2,36000,1.00185758514
41321,41328,44514,7,3186,2,36000,1.00219711237
41349,41355,45058,6,3703,2,36000,1.00162030786
41364,41370,45114,6,3744,2,36000,1.0016025641
41391,41398,44767,7,3369,2,36000,1.00207776788
41422,41428,44863,6,3435,2,36000,1.00174672489
41437,41443,45069,6,3626,2,36000,1.00165471594
41452,41458,45036,6,3578,2,36000,1.00167691448
41467,41473,44993,6,3520,2,36000,1.00170454545
41469,41479,44870,10,3391,2,36000,1.0029489826
41523,41529,45158,6,3629,2,36000,1.00165334803
41538,41544,45009,6,3465,2,36000,1.00173160173
41540,41550,45121,10,3571,2,36000,1.00280033604
41558,41564,45160,6,3596,2,36000,1.00166852058
41579,41585,45145,6,3560,2,36000,1.00168539326
41676,41682,45251,6,3569,2,36000,1.00168114318
41703,41709,45315,6,3606,2,36000,1.00166389351
41719,41725,45242,6,3517,2,36000,1.00170599943
41720,41731,45284,11,3553,2,36000,1.00309597523
41721,41736,45526,15,3790,2,36000,1.00395778364
41752,41758,44794,6,3036,2,36000,1.00197628458
41776,41782,45253,6,3471,2,36000,1.00172860847
41852,41858,45509,6,3651,2,36000,1.00164338537
41867,41873,45316,6,3443,2,36000,1.00174266628
41919,41925,45363,6,3438,2,36000,1.0017452007
42022,42028,45339,6,3311,2,36000,1.00181214135
42122,42128,45359,6,3231,2,36000,1.00185701021
42137,42143,45789,6,3646,2,36000,1.00164563906
42152,42158,45953,6,3795,2,36000,1.00158102767
42179,42186,45808,7,3622,2,36000,1.0019326339
42198,42204,46083,6,3879,2,36000,1.00154679041
42213,42219,45690,6,3471,2,36000,1.00172860847
42214,42225,45825,11,3600,2,36000,1.00305555556
42229,42235,45947,6,3712,2,36000,1.00161637931
42247,42254,45551,7,3297,2,36000,1.00212314225
42263,42269,45532,6,3263,2,36000,1.00183879865
42264,42275,45527,11,3252,2,36000,1.00338253383
42265,42280,45764,15,3484,2,36000,1.0043053961
42284,42290,45898,6,3608,2,36000,1.00166297118
42299,42305,45869,6,3564,2,36000,1.00168350168
42320,42327,45701,7,3374,2,36000,1.0020746888
42376,42382,46033,6,3651,2,36000,1.00164338537
42377,42388,45873,11,3485,2,36000,1.00315638451
42431,42438,45683,7,3245,2,36000,1.00215716487
42529,42535,46169,6,3634,2,36000,1.0016510732
42547,42553,46260,6,3707,2,36000,1.00161855948
42613,42620,45945,7,3325,2,36000,1.00210526316
42644,42650,46401,6,3751,2,36000,1.00159957345
42659,42665,46117,6,3452,2,36000,1.00173812283
42783,42790,46123,7,3333,2,36000,1.00210021002
42798,42805,46654,7,3849,2,36000,1.0018186542
43018,43024,46773,6,3749,2,36000,1.00160042678
43157,43163,46943,6,3780,2,36000,1.00158730159
43194,43200,46463,6,3263,2,36000,1.00183879865
43272,43279,46741,7,3462,2,36000,1.00202195263
43309,43315,46860,6,3545,2,36000,1.00169252468
43324,43330,46591,6,3261,2,36000,1.0018399264
43325,43337,46787,12,3450,2,36000,1.00347826087
43327,43342,46626,15,3284,2,36000,1.00456760049
43342,43347,47180,5,3833,2,36000,1.00130446126
43369,43375,46522,6,3147,2,36000,1.00190657769
43409,43415,46929,6,3514,2,36000,1.00170745589
43439,43445,46643,6,3198,2,36000,1.00187617261
43527,43533,48219,6,4686,2,36000,1.00128040973
43543,43549,47116,6,3567,2,36000,1.00168208579
43544,43555,47155,11,3600,2,36000,1.00305555556
43545,43560,47050,15,3490,2,36000,1.00429799427
43621,43628,47275,7,3647,2,36000,1.0019193858
43664,43670,47106,6,3436,2,36000,1.00174621653
43679,43685,47028,6,3343,2,36000,1.00179479509
43746,43752,47327,6,3575,2,36000,1.00167832168
43764,43770,47309,6,3539,2,36000,1.00169539418
43822,43828,47299,6,3471,2,36000,1.00172860847
43837,43844,47314,7,3470,2,36000,1.00201729107
43839,43850,47567,11,3717,2,36000,1.00295937584
43894,43900,47330,6,3430,2,36000,1.00174927114
43927,44115,65732,188,21617,22,21600,1.00869685895
43976,43982,47554,6,3572,2,36000,1.00167973124
44015,44021,47282,6,3261,2,36000,1.0018399264
44103,44109,47639,6,3530,2,36000,1.00169971671
44127,44133,48056,6,3923,2,36000,1.00152944175
44179,44185,47666,6,3481,2,36000,1.00172364263
44194,44200,47427,6,3227,2,36000,1.00185931205
44227,44233,48066,6,3833,2,36000,1.00156535351
44249,44255,47846,6,3591,2,36000,1.00167084378
44324,44331,47911,7,3580,2,36000,1.00195530726
44379,44385,47857,6,3472,2,36000,1.0017281106
44516,44522,47978,6,3456,2,36000,1.00173611111
44531,44537,47883,6,3346,2,36000,1.00179318589
44546,44552,47864,6,3312,2,36000,1.0018115942
44564,44570,47876,6,3306,2,36000,1.00181488203
44598,44604,48048,6,3444,2,36000,1.00174216028
44613,44619,48085,6,3466,2,36000,1.00173110214
44628,44634,48014,6,3380,2,36000,1.00177514793
44650,44656,48362,6,3706,2,36000,1.00161899622
44665,44671,48338,6,3667,2,36000,1.00163621489
44692,44698,48225,6,3527,2,36000,1.00170116246
44707,44713,47973,6,3260,2,36000,1.0018404908
44768,44774,48365,6,3591,2,36000,1.00167084378
44786,44792,48648,6,3856,2,36000,1.0015560166
44801,44807,48190,6,3383,2,36000,1.00177357375
44816,44822,48528,6,3706,2,36000,1.00161899622
44865,44871,48395,6,3524,2,36000,1.00170261067
44880,44886,48334,6,3448,2,36000,1.00174013921
44898,44905,48268,7,3363,2,36000,1.00208147487
44995,45002,49174,7,4172,2,36000,1.00167785235
45011,45017,48313,6,3296,2,36000,1.00182038835
45038,45044,48597,6,3553,2,36000,1.00168871376
45053,45059,48727,6,3668,2,36000,1.00163576881
45069,45075,48458,6,3383,2,36000,1.00177357375
45070,45081,48424,11,3343,2,36000,1.00329045767
45085,45091,48337,6,3246,2,36000,1.00184842884
45116,45122,48600,6,3478,2,36000,1.00172512938
45131,45137,48703,6,3566,2,36000,1.00168255749
45146,45152,49004,6,3852,2,36000,1.0015576324
45161,45167,48626,6,3459,2,36000,1.00173460538
45162,45173,48805,11,3632,2,36000,1.00302863436
45244,45251,48921,7,3670,2,36000,1.00190735695
45260,45266,48586,6,3320,2,36000,1.00180722892
45261,45272,49280,11,4008,2,36000,1.00274451098
45285,45291,48705,6,3414,2,36000,1.00175746924
45316,45322,48675,6,3353,2,36000,1.00178944229
45317,45328,48636,11,3308,2,36000,1.00332527207
45342,45348,48669,6,3321,2,36000,1.00180668473
45360,45366,48923,6,3557,2,36000,1.00168681473
45375,45381,48790,6,3409,2,36000,1.00176004693
45511,45518,48791,7,3273,2,36000,1.00213871066
45527,45533,49466,6,3933,2,36000,1.00152555301
45543,45549,49009,6,3460,2,36000,1.00173410405
45544,45555,48949,11,3394,2,36000,1.00324101355
45559,45565,49027,6,3462,2,36000,1.00173310225
45684,45690,49079,6,3389,2,36000,1.00177043376
45699,45705,49431,6,3726,2,36000,1.00161030596
45714,45720,49648,6,3928,2,36000,1.00152749491
45766,45772,49200,6,3428,2,36000,1.00175029172
45790,45796,49352,6,3556,2,36000,1.00168728909
45808,45814,49572,6,3758,2,36000,1.00159659393
45826,45832,49505,6,3673,2,36000,1.00163354206
45869,45875,49402,6,3527,2,36000,1.00170116246
45884,45890,49085,6,3195,2,36000,1.00187793427
45899,45905,49219,6,3314,2,36000,1.00181050091
45947,45953,49393,6,3440,2,36000,1.00174418605
45948,45959,49342,11,3383,2,36000,1.00325155188
45964,45970,49623,6,3653,2,36000,1.00164248563
46034,46040,49430,6,3390,2,36000,1.0017699115
46086,46092,49456,6,3364,2,36000,1.00178359096
46119,46125,49729,6,3604,2,36000,1.00166481687
46134,46141,49921,7,3780,2,36000,1.00185185185
46171,46177,49777,6,3600,2,36000,1.00166666667
46262,46268,50035,6,3767,2,36000,1.0015927794
46401,46407,50042,6,3635,2,36000,1.00165061898
46465,46471,50110,6,3639,2,36000,1.00164880462
46526,46532,50555,6,4023,2,36000,1.00149142431
46592,46599,50080,7,3481,2,36000,1.0020109164
46629,46635,50270,6,3635,2,36000,1.00165061898
46644,46650,50580,6,3930,2,36000,1.00152671756
46659,46665,50066,6,3401,2,36000,1.001764187
46744,46750,49990,6,3240,2,36000,1.00185185185
46774,46781,51183,7,4402,2,36000,1.00159018628
46789,46796,50953,7,4157,2,36000,1.00168390666
46862,46869,50389,7,3520,2,36000,1.00198863636
46932,46938,50410,6,3472,2,36000,1.0017281106
46947,46953,50530,6,3577,2,36000,1.00167738328
47029,47035,50434,6,3399,2,36000,1.00176522507
47051,47057,50434,6,3377,2,36000,1.0017767249
47108,47114,50607,6,3493,2,36000,1.00171772116
47123,47129,50633,6,3504,2,36000,1.00171232877
47157,47163,50537,6,3374,2,36000,1.00177830468
47181,47187,51518,6,4331,2,36000,1.00138536135
47278,47284,50803,6,3519,2,36000,1.00170502984
47293,47299,50554,6,3255,2,36000,1.00184331797
47308,47315,50609,7,3294,2,36000,1.0021250759
47324,47330,50733,6,3403,2,36000,1.00176315016
47325,47336,50926,11,3590,2,36000,1.00306406685
47341,47347,50749,6,3402,2,36000,1.00176366843
47342,47353,50933,11,3580,2,36000,1.0030726257
47431,47437,50930,6,3493,2,36000,1.00171772116
47511,47517,133962,6,86445,1,86400,1.00006940829
47557,47563,51286,6,3723,2,36000,1.00161160355
47573,47579,51001,6,3422,2,36000,1.00175336061
47640,47647,51347,7,3700,2,36000,1.00189189189
47668,47674,51081,6,3407,2,36000,1.00176108013
47847,47853,51639,6,3786,2,36000,1.00158478605
47862,47868,51454,6,3586,2,36000,1.00167317345
47878,47884,51574,6,3690,2,36000,1.00162601626
47879,47890,51881,11,3991,2,36000,1.00275620145
47894,47900,51532,6,3632,2,36000,1.00165198238
47912,47918,51503,6,3585,2,36000,1.00167364017
47976,47982,51415,6,3433,2,36000,1.0017477425
47991,47997,51763,6,3766,2,36000,1.00159320234
48015,48021,51450,6,3429,2,36000,1.00174978128
48048,48055,51355,7,3300,2,36000,1.00212121212
48064,48070,51523,6,3453,2,36000,1.00173761946
48079,48085,51744,6,3659,2,36000,1.00163979229
48094,48100,51696,6,3596,2,36000,1.00166852058
48191,48197,51531,6,3334,2,36000,1.00179964007
48221,48228,51954,7,3726,2,36000,1.00187869028
48236,48242,51414,6,3172,2,36000,1.00189155107
48270,48276,51833,6,3557,2,36000,1.00168681473
48315,48321,51937,6,3616,2,36000,1.00165929204
48337,48343,51610,6,3267,2,36000,1.00183654729
48352,48358,51794,6,3436,2,36000,1.00174621653
48353,48364,51671,11,3307,2,36000,1.00332627759
48369,48375,51935,6,3560,2,36000,1.00168539326
48370,48381,52027,11,3646,2,36000,1.00301700494
48397,48403,51915,6,3512,2,36000,1.00170842825
48428,48434,51910,6,3476,2,36000,1.00172612198
48461,48467,51987,6,3520,2,36000,1.00170454545
48531,48537,51983,6,3446,2,36000,1.00174114916
48589,48595,52300,6,3705,2,36000,1.0016194332
48604,48611,52188,7,3577,2,36000,1.00195694716
48606,48617,52198,11,3581,2,36000,1.00307176766
48627,48633,51817,6,3184,2,36000,1.00188442211
48642,48648,52422,6,3774,2,36000,1.00158982512
48657,48663,52360,6,3697,2,36000,1.00162293752
48672,48678,52018,6,3340,2,36000,1.00179640719
48687,48693,51927,6,3234,2,36000,1.00185528757
48706,48712,52282,6,3570,2,36000,1.00168067227
48707,48718,51984,11,3266,2,36000,1.00336803429
48728,48734,52333,6,3599,2,36000,1.00166712976
48793,48799,52270,6,3471,2,36000,1.00172860847
48794,48805,52370,11,3565,2,36000,1.003085554
48809,48815,52557,6,3742,2,36000,1.00160342063
48923,48929,52904,6,3975,2,36000,1.00150943396
48938,48944,52467,6,3523,2,36000,1.00170309395
48953,48959,52591,6,3632,2,36000,1.00165198238
49004,49011,52558,7,3547,2,36000,1.00197349873
49019,49026,52452,7,3426,2,36000,1.00204319907
49035,49041,52310,6,3269,2,36000,1.00183542368
49080,49086,52524,6,3438,2,36000,1.0017452007
49095,49102,52598,7,3496,2,36000,1.00200228833
49178,49184,52569,6,3385,2,36000,1.00177252585
49202,49208,52560,6,3352,2,36000,1.00178997613
49220,49226,52736,6,3510,2,36000,1.00170940171
49281,49287,52932,6,3645,2,36000,1.00164609053
49345,49351,52924,6,3573,2,36000,1.00167926113
49360,49366,52699,6,3333,2,36000,1.00180018002
49396,49403,53011,7,3608,2,36000,1.00194013304
49412,49418,52827,6,3409,2,36000,1.00176004693
49433,49439,53018,6,3579,2,36000,1.00167644593
49434,49445,52992,11,3547,2,36000,1.00310121229
49459,49465,53094,6,3629,2,36000,1.00165334803
49474,49480,53048,6,3568,2,36000,1.00168161435
49507,49513,53317,6,3804,2,36000,1.00157728707
49574,49580,53070,6,3490,2,36000,1.00171919771
49626,49632,53250,6,3618,2,36000,1.00165837479
49650,49656,53296,6,3640,2,36000,1.00164835165
49732,49739,53151,7,3412,2,36000,1.00205158265
49778,49784,53258,6,3474,2,36000,1.00172711572
49924,49931,53615,7,3684,2,36000,1.00190010858
49991,49997,53400,6,3403,2,36000,1.00176315016
50037,50043,53320,6,3277,2,36000,1.00183094294
50052,50058,53430,6,3372,2,36000,1.00177935943
50067,50073,53419,6,3346,2,36000,1.00179318589
50082,50089,53479,7,3390,2,36000,1.00206489676
50113,50119,53625,6,3506,2,36000,1.00171135197
50271,50277,53861,6,3584,2,36000,1.00167410714
50391,50397,54026,6,3629,2,36000,1.00165334803
50412,50418,54038,6,3620,2,36000,1.00165745856
50436,50442,53789,6,3347,2,36000,1.00179265013
50437,50448,54033,11,3585,2,36000,1.00306834031
50532,50538,54127,6,3589,2,36000,1.00167177487
50547,50553,54204,6,3651,2,36000,1.00164338537
50562,50568,53844,6,3276,2,36000,1.00183150183
50563,50574,54205,11,3631,2,36000,1.00302946847
50582,50588,56550,6,5962,2,36000,1.0010063737
50609,50615,54088,6,3473,2,36000,1.00172761301
50610,50621,54492,11,3871,2,36000,1.00284164299
50635,50641,54127,6,3486,2,36000,1.0017211704
50736,50742,54603,6,3861,2,36000,1.00155400155
50751,50757,54194,6,3437,2,36000,1.00174570847
50805,50811,54087,6,3276,2,36000,1.00183150183
50927,50934,54340,7,3406,2,36000,1.00205519671
50942,50949,54492,7,3543,2,36000,1.00197572679
50944,50955,54567,11,3612,2,36000,1.00304540421
50959,50965,54491,6,3526,2,36000,1.00170164492
51002,51008,54604,6,3596,2,36000,1.00166852058
51083,51090,54890,7,3800,2,36000,1.00184210526
51184,51190,54282,6,3092,2,36000,1.00194049159
51288,51294,54809,6,3515,2,36000,1.00170697013
51364,51370,54859,6,3489,2,36000,1.00171969046
51416,51422,55155,6,3733,2,36000,1.00160728636
51451,51457,55032,6,3575,2,36000,1.00167832168
51466,51472,55059,6,3587,2,36000,1.001672707
51505,51511,54879,6,3368,2,36000,1.00178147268
51520,51526,55402,6,3876,2,36000,1.00154798762
51536,51542,55173,6,3631,2,36000,1.00165243735
51537,51548,55058,11,3510,2,36000,1.00313390313
51538,51553,55221,15,3668,2,36000,1.00408942203
51575,51581,54986,6,3405,2,36000,1.00176211454
51612,51618,55214,6,3596,2,36000,1.00166852058
51642,51648,54995,6,3347,2,36000,1.00179265013
51672,51678,55475,6,3797,2,36000,1.00158019489
51697,51703,55104,6,3401,2,36000,1.001764187
51745,51751,55316,6,3565,2,36000,1.00168302945
51766,51772,55531,6,3759,2,36000,1.00159616919
51796,51803,55302,7,3499,2,36000,1.00200057159
51818,51824,55261,6,3437,2,36000,1.00174570847
51882,51888,55289,6,3401,2,36000,1.001764187
51912,51918,55527,6,3609,2,36000,1.00166251039
51927,51933,56349,6,4416,2,36000,1.00135869565
51928,51939,56183,11,4244,2,36000,1.00259189444
51944,51950,55244,6,3294,2,36000,1.00182149362
51945,51956,55268,11,3312,2,36000,1.00332125604
51960,51967,55365,7,3398,2,36000,1.00206003531
51985,51992,55488,7,3496,2,36000,1.00200228833
51987,51998,55475,11,3477,2,36000,1.00316364682
52002,52008,55300,6,3292,2,36000,1.00182260024
52035,52041,55477,6,3436,2,36000,1.00174621653
52115,52121,52317,6,196,1,14400,1.0306122449
52190,52197,55845,7,3648,2,36000,1.00191885965
52206,52212,55835,6,3623,2,36000,1.00165608612
52230,52236,52325,6,89,1,14400,1.06741573034
52273,52279,55737,6,3458,2,36000,1.001735107
52288,52294,55685,6,3391,2,36000,1.00176938956
52303,52309,55988,6,3679,2,36000,1.00163087796
52318,52324,55569,6,3245,2,36000,1.00184899846
52336,52342,55964,6,3622,2,36000,1.00165654335
52363,52370,55963,7,3593,2,36000,1.00194823267
52378,52385,55968,7,3583,2,36000,1.00195367011
52454,52460,55975,6,3515,2,36000,1.00170697013
52469,52475,56020,6,3545,2,36000,1.00169252468
52525,52531,55813,6,3282,2,36000,1.00182815356
52558,52564,55888,6,3324,2,36000,1.00180505415
52575,52581,55948,6,3367,2,36000,1.00178200178
52576,52587,56171,11,3584,2,36000,1.00306919643
52595,52601,56405,6,3804,2,36000,1.00157728707
52610,52616,56404,6,3788,2,36000,1.00158394931
52691,52698,358245,7,305547,1,360000,1.00002290973
52701,52707,56148,6,3441,2,36000,1.00174367916
52738,52744,56185,6,3441,2,36000,1.00174367916
52829,52835,56291,6,3456,2,36000,1.00173611111
52905,52911,56382,6,3471,2,36000,1.00172860847
52926,52932,56160,6,3228,2,36000,1.00185873606
52941,52947,56386,6,3439,2,36000,1.00174469322
52993,52999,56418,6,3419,2,36000,1.00175489909
53014,53020,56051,6,3031,2,36000,1.0019795447
53029,53035,56654,6,3619,2,36000,1.00165791655
53068,53075,56748,7,3673,2,36000,1.00190579907
53096,53102,56807,6,3705,2,36000,1.0016194332
53154,53160,56717,6,3557,2,36000,1.00168681473
53253,53259,56940,6,3681,2,36000,1.00162999185
53269,53275,56677,6,3402,2,36000,1.00176366843
53298,53304,56649,6,3345,2,36000,1.00179372197
53320,53326,56905,6,3579,2,36000,1.00167644593
53401,53407,57024,6,3617,2,36000,1.00165883329
53421,53427,56925,6,3498,2,36000,1.00171526587
53438,53444,56966,6,3522,2,36000,1.00170357751
53480,53486,57376,6,3890,2,36000,1.00154241645
53618,53624,57187,6,3563,2,36000,1.00168397418
53633,53640,56883,7,3243,2,36000,1.00215849522
53791,53797,57148,6,3351,2,36000,1.0017905103
53845,53851,57303,6,3452,2,36000,1.00173812283
53864,53871,57285,7,3414,2,36000,1.00205038079
54028,54034,57456,6,3422,2,36000,1.00175336061
54046,54052,57411,6,3359,2,36000,1.00178624591
54047,54058,57449,11,3391,2,36000,1.00324388086
54102,54109,57486,7,3377,2,36000,1.00207284572
54127,54133,57595,6,3462,2,36000,1.00173310225
54198,54204,57346,6,3142,2,36000,1.00190961171
54214,54220,57892,6,3672,2,36000,1.00163398693
54215,54226,57763,11,3537,2,36000,1.00310998021
54285,54291,58129,6,3838,2,36000,1.00156331423
54342,54348,57763,6,3415,2,36000,1.00175695461
54492,54498,58100,6,3602,2,36000,1.00166574125
54493,54504,58467,11,3963,2,36000,1.00277567499
54508,54515,58465,7,3950,2,36000,1.0017721519
54569,54575,58022,6,3447,2,36000,1.00174064404
54599,54606,58263,7,3657,2,36000,1.00191413727
54614,54621,58834,7,4213,2,36000,1.00166152385
54811,54817,58424,6,3607,2,36000,1.00166343222
54862,54868,58323,6,3455,2,36000,1.0017366136
54883,54889,58130,6,3241,2,36000,1.00185128047
54898,54904,59277,6,4373,2,36000,1.0013720558
54989,54996,58590,7,3594,2,36000,1.0019476906
55004,55010,58429,6,3419,2,36000,1.00175489909
55059,55066,58797,7,3731,2,36000,1.00187617261
55061,55071,58750,10,3679,2,36000,1.00271812993
55106,55113,58550,7,3437,2,36000,1.00203665988
55158,55164,58759,6,3595,2,36000,1.0016689847
55175,55181,58743,6,3562,2,36000,1.00168444694
55218,55224,58957,6,3733,2,36000,1.00160728636
55234,55240,58688,6,3448,2,36000,1.00174013921
55249,55255,58558,6,3303,2,36000,1.00181653043
55280,55286,59159,6,3873,2,36000,1.00154918668
55297,55303,58810,6,3507,2,36000,1.00171086399
55312,55318,58858,6,3540,2,36000,1.00169491525
55313,55324,59325,11,4001,2,36000,1.00274931267
55328,55334,58711,6,3377,2,36000,1.0017767249
55368,55374,58569,6,3195,2,36000,1.00187793427
55404,55411,58994,7,3583,2,36000,1.00195367011
55478,55484,59105,6,3621,2,36000,1.00165700083
55495,55502,58939,7,3437,2,36000,1.00203665988
55529,55535,59348,6,3813,2,36000,1.00157356412
55544,55550,59148,6,3598,2,36000,1.00166759311
55572,55578,58800,6,3222,2,36000,1.00186219739
55688,55695,59184,7,3489,2,36000,1.00200630553
55737,55743,59172,6,3429,2,36000,1.00174978128
55813,55820,59301,7,3481,2,36000,1.0020109164
55838,55844,59671,6,3827,2,36000,1.00156780768
55853,55859,59354,6,3495,2,36000,1.0017167382
55889,55895,59340,6,3445,2,36000,1.00174165457
55950,55956,59646,6,3690,2,36000,1.00162601626
55965,55971,59394,6,3423,2,36000,1.00175284838
55982,55988,59487,6,3499,2,36000,1.00171477565
55983,55994,59486,11,3492,2,36000,1.00315005727
55998,56004,59338,6,3334,2,36000,1.00179964007
56022,56029,59801,7,3772,2,36000,1.00185577943
56053,56059,59676,6,3617,2,36000,1.00165883329
56150,56156,59820,6,3664,2,36000,1.00163755459
56165,56171,59698,6,3527,2,36000,1.00170116246
56180,56186,60151,6,3965,2,36000,1.00151324086
56196,56202,59897,6,3695,2,36000,1.00162381597
56197,56208,59644,11,3436,2,36000,1.00320139697
56291,56297,59652,6,3355,2,36000,1.00178837556
56352,56358,60080,6,3722,2,36000,1.00161203654
56382,56388,59495,6,3107,2,36000,1.00193112327
56397,56403,59866,6,3463,2,36000,1.00173260179
56413,56419,60192,6,3773,2,36000,1.00159024649
56414,56426,59915,12,3489,2,36000,1.00343938091
56429,56435,60110,6,3675,2,36000,1.00163265306
56652,56658,60089,6,3431,2,36000,1.00174876129
56667,56673,60270,6,3597,2,36000,1.00166805671
56682,56688,60087,6,3399,2,36000,1.00176522507
56718,56728,60302,10,3574,2,36000,1.00279798545
56751,56758,60313,7,3555,2,36000,1.00196905767
56809,56815,60395,6,3580,2,36000,1.00167597765
56885,56891,60335,6,3444,2,36000,1.00174216028
56907,56913,60123,6,3210,2,36000,1.00186915888
56943,56949,60484,6,3535,2,36000,1.00169731259
56967,56974,60272,7,3298,2,36000,1.00212249848
57027,57033,60505,6,3472,2,36000,1.0017281106
57151,57157,60473,6,3316,2,36000,1.00180940893
57190,57197,60466,7,3269,2,36000,1.00214132762
57287,57293,60788,6,3495,2,36000,1.0017167382
57306,57312,60936,6,3624,2,36000,1.00165562914
57348,57354,60729,6,3375,2,36000,1.00177777778
57378,57384,60849,6,3465,2,36000,1.00173160173
57451,57458,61315,7,3857,2,36000,1.00181488203
57466,57473,60910,7,3437,2,36000,1.00203665988
57488,57494,60870,6,3376,2,36000,1.00177725118
57597,57603,61091,6,3488,2,36000,1.00172018349
57767,57773,61590,6,3817,2,36000,1.00157191512
57894,57900,61175,6,3275,2,36000,1.00183206107
58004,58010,58605,6,595,8,7200,1.01008403361
58025,58031,61470,6,3439,2,36000,1.00174469322
58100,58106,61764,6,3658,2,36000,1.00164024057
58131,58137,61576,6,3439,2,36000,1.00174469322
58132,58143,61873,11,3730,2,36000,1.00294906166
58266,58272,61753,6,3481,2,36000,1.00172364263
58326,58333,61821,7,3488,2,36000,1.00200688073
58350,58356,58634,6,278,4,7200,1.02158273381
58382,58388,58638,6,250,2,7200,1.024
58424,58430,61728,6,3298,2,36000,1.00181928441
58439,58444,62091,5,3647,2,36000,1.00137098985
58466,58473,62344,7,3871,2,36000,1.00180831826
58482,58488,62044,6,3556,2,36000,1.00168728909
58552,58558,62482,6,3924,2,36000,1.00152905199
58567,58573,62294,6,3721,2,36000,1.00161246977
58582,58588,62162,6,3574,2,36000,1.00167879127
58597,58603,62074,6,3471,2,36000,1.00172860847
58712,58718,62160,6,3442,2,36000,1.00174317257
58745,58751,62270,6,3519,2,36000,1.00170502984
58761,58767,62271,6,3504,2,36000,1.00171232877
58762,58773,62298,11,3525,2,36000,1.00312056738
58798,58805,62459,7,3654,2,36000,1.00191570881
58814,58820,62211,6,3391,2,36000,1.00176938956
58815,58826,62512,11,3686,2,36000,1.00298426479
58836,58843,62280,7,3437,2,36000,1.00203665988
58839,58849,59135,10,286,2,7200,1.03496503497
58940,58946,62616,6,3670,2,36000,1.00163487738
58958,58964,62290,6,3326,2,36000,1.00180396873
58997,59004,62517,7,3513,2,36000,1.00199259892
59107,59113,62315,6,3202,2,36000,1.00187382886
59149,59155,63424,6,4269,2,36000,1.00140548138
59164,59170,62570,6,3400,2,36000,1.00176470588
59179,59185,62627,6,3442,2,36000,1.00174317257
59194,59200,62804,6,3604,2,36000,1.00166481687
59279,59285,65862,6,6577,2,7200,1.00091227003
59280,59290,62805,10,3515,2,36000,1.00284495021
59328,59334,63433,6,4099,2,36000,1.00146377165
59344,59350,62965,6,3615,2,36000,1.00165975104
59345,59356,62843,11,3487,2,36000,1.00315457413
59360,59366,62880,6,3514,2,36000,1.00170745589
59362,59372,62903,10,3531,2,36000,1.00283205891
59395,59401,62976,6,3575,2,36000,1.00167832168
59487,59493,63119,6,3626,2,36000,1.00165471594
59502,59508,63040,6,3532,2,36000,1.00169875425
59503,59514,62791,11,3277,2,36000,1.00335672872
59663,59669,63219,6,3550,2,36000,1.00169014085
59679,59685,63033,6,3348,2,36000,1.0017921147
59680,59691,63436,11,3745,2,36000,1.00293724967
59701,59707,63319,6,3612,2,36000,1.00166112957
59801,59808,63395,7,3587,2,36000,1.0019514915
59823,59829,63294,6,3465,2,36000,1.00173160173
59868,59874,63159,6,3285,2,36000,1.00182648402
59899,59905,63274,6,3369,2,36000,1.0017809439
59917,59923,63293,6,3370,2,36000,1.00178041543
60082,60088,63653,6,3565,2,36000,1.00168302945
60097,60103,63485,6,3382,2,36000,1.00177409817
60098,60109,63436,11,3327,2,36000,1.00330628194
60113,60119,63589,6,3470,2,36000,1.00172910663
60128,60134,63672,6,3538,2,36000,1.00169587337
60153,60159,63618,6,3459,2,36000,1.00173460538
60192,60198,63585,6,3387,2,36000,1.00177147919
60271,60277,63986,6,3709,2,36000,1.00161768671
60286,60292,63796,6,3504,2,36000,1.00171232877
60320,60326,64038,6,3712,2,36000,1.00161637931
60338,60344,63708,6,3364,2,36000,1.00178359096
60396,60402,63741,6,3339,2,36000,1.00179694519
60468,60474,64205,6,3731,2,36000,1.00160814795
60484,60490,64169,6,3679,2,36000,1.00163087796
60498,60505,64412,7,3907,2,36000,1.001791656
60514,60520,63831,6,3311,2,36000,1.00181214135
60707,60713,64389,6,3676,4,7200,1.00163220892
60729,60735,64412,6,3677,2,36000,1.00163176503
60790,60796,64440,6,3644,2,36000,1.00164654226
60840,60847,62899,7,2052,8,7200,1.00341130604
60872,60878,64519,6,3641,2,36000,1.00164789893
60911,60917,64662,6,3745,2,36000,1.00160213618
60938,60945,64445,7,3500,2,36000,1.002
61093,61099,64813,6,3714,2,36000,1.00161550889
61178,61184,64676,6,3492,2,36000,1.00171821306
61317,61323,64864,6,3541,2,36000,1.0016944366
61440,61446,62671,6,1225,16,7200,1.00489795918
61471,61477,64923,6,3446,2,36000,1.00174114916
61577,61583,64929,6,3346,2,36000,1.00179318589
61592,61599,64865,7,3266,2,36000,1.00214329455
61756,61762,65359,6,3597,2,36000,1.00166805671
61771,61777,65396,6,3619,2,36000,1.00165791655
61823,61829,65534,6,3705,2,36000,1.0016194332
61874,61880,65279,6,3399,2,36000,1.00176522507
62047,62053,65311,6,3258,2,36000,1.00184162063
62074,62080,65673,6,3593,2,36000,1.00166991372
62092,62098,65409,6,3311,2,36000,1.00181214135
62162,62169,65618,7,3449,2,36000,1.00202957379
62164,62175,65738,11,3563,2,36000,1.00308728599
62273,62279,65869,6,3590,2,36000,1.00167130919
62290,62296,65864,6,3568,2,36000,1.00168161435
62305,62311,65833,6,3522,2,36000,1.00170357751
62307,62317,65737,10,3420,2,36000,1.00292397661
62308,62322,65820,14,3498,2,36000,1.00400228702
62323,62329,65887,6,3558,2,36000,1.00168634064
62347,62354,65965,7,3611,2,36000,1.00193852119
62460,62466,66350,6,3884,2,36000,1.00154479918
62484,62490,65823,6,3333,2,36000,1.00180018002
62515,62521,65913,6,3392,2,36000,1.00176886792
62530,62536,65961,6,3425,2,36000,1.00175182482
62572,62578,66120,6,3542,2,36000,1.00169395822
62618,62624,66553,6,3929,2,36000,1.00152710613
62633,62639,66035,6,3396,2,36000,1.00176678445
62794,62800,66172,6,3372,2,36000,1.00177935943
62809,62815,66253,6,3438,2,36000,1.0017452007
62810,62821,66389,11,3568,2,36000,1.00308295964
62843,62850,66168,7,3318,2,36000,1.00210970464
62883,62889,66696,6,3807,2,36000,1.00157604413
62965,62971,66435,6,3464,2,36000,1.00173210162
62980,62986,66483,6,3497,2,36000,1.00171575636
63035,63041,66610,6,3569,2,36000,1.00168114318
63050,63056,66766,6,3710,2,36000,1.00161725067
63122,63128,66476,6,3348,2,36000,1.0017921147
63162,63168,66766,6,3598,2,36000,1.00166759311
63172,63178,63995,6,817,32,2700,1.00734394125
63222,63229,66431,7,3202,2,36000,1.00218613367
63277,63283,66655,6,3372,2,36000,1.00177935943
63295,63301,66958,6,3657,2,36000,1.00164068909
63321,63327,66804,6,3477,2,36000,1.00172562554
63391,63397,67035,6,3638,2,36000,1.00164925783
63427,63433,66745,6,3312,2,36000,1.0018115942
63443,63449,66905,6,3456,2,36000,1.00173611111
63444,63455,66832,11,3377,2,36000,1.00325732899
63446,63460,66794,14,3334,2,36000,1.00419916017
63485,63491,67136,6,3645,2,36000,1.00164609053
63586,63592,67242,6,3650,2,36000,1.00164383562
63601,63607,67516,6,3909,2,36000,1.00153491942
63655,63662,67194,7,3532,2,36000,1.00198187995
63674,63680,67013,6,3333,2,36000,1.00180018002
63710,63716,67337,6,3621,2,36000,1.00165700083
63744,63750,67240,6,3490,2,36000,1.00171919771
63798,63804,67440,6,3636,2,36000,1.00165016502
63832,63838,67559,6,3721,2,36000,1.00161246977
63990,63996,67594,6,3598,2,36000,1.00166759311
64041,64047,67349,6,3302,2,36000,1.00181708056
64172,64178,67834,6,3656,2,36000,1.00164113786
64415,64421,67981,6,3560,2,36000,1.00168539326
64416,64427,68016,11,3589,2,36000,1.00306492059
64440,64446,67850,6,3404,2,36000,1.0017626322
64455,64462,68037,7,3575,2,36000,1.00195804196
64457,64468,65305,11,837,32,2700,1.01314217443
64522,64529,67923,7,3394,2,36000,1.00206246317
64540,65686,66292,1146,606,64,2700,2.89108910891
64665,64671,67685,6,3014,2,36000,1.00199071002
64680,64686,68184,6,3498,2,36000,1.00171526587
64813,64820,68339,7,3519,2,36000,1.00198920148
64865,64871,68254,6,3383,2,36000,1.00177357375
64924,64930,68411,6,3481,2,36000,1.00172364263
64939,64945,68480,6,3535,2,36000,1.00169731259
65213,66487,67003,1274,516,128,2700,3.46899224806
65282,65288,68836,6,3548,2,36000,1.00169109357
65312,65318,69058,6,3740,2,36000,1.00160427807
65361,65367,68588,6,3221,2,36000,1.00186277554
65397,65403,68909,6,3506,2,36000,1.00171135197
65412,65418,68982,6,3564,2,36000,1.00168350168
65508,67014,112648,1506,45634,32,86400,1.03300170925
65537,65543,68968,6,3425,2,36000,1.00175182482
65619,65625,69065,6,3440,2,36000,1.00174418605
65660,65848,66008,188,160,32,150,2.175
65674,65680,69138,6,3458,2,36000,1.001735107
65821,65828,69282,7,3454,2,36000,1.00202663578
65836,65842,69487,6,3645,2,36000,1.00164609053
65838,65853,69384,15,3531,2,36000,1.00424808836
65865,65871,69052,6,3181,2,36000,1.00188619931
65880,65886,69139,6,3253,2,36000,1.00184445128
65895,65901,69491,6,3590,2,36000,1.00167130919
65916,65922,69267,6,3345,2,36000,1.00179372197
65962,65968,69383,6,3415,2,36000,1.00175695461
65977,65983,69806,6,3823,2,36000,1.00156944808
66038,66044,69330,6,3286,2,36000,1.00182592818
66123,66129,69597,6,3468,2,36000,1.00173010381
66169,66175,69633,6,3458,2,36000,1.001735107
66184,66190,69584,6,3394,2,36000,1.00176782557
66253,66260,69411,7,3151,2,36000,1.00222151698
66350,66357,70093,7,3736,2,36000,1.00187366167
66390,66396,69848,6,3452,2,36000,1.00173812283
66433,66439,69630,6,3191,2,36000,1.00188028831
66448,66454,70021,6,3567,2,36000,1.00168208579
66491,66497,69750,6,3253,2,36000,1.00184445128
66555,66561,70181,6,3620,2,36000,1.00165745856
66613,66619,69683,6,3064,2,36000,1.00195822454
66655,66661,70427,6,3766,2,36000,1.00159320234
66698,66704,71361,6,4657,2,36000,1.00128838308
66746,66753,70421,7,3668,2,36000,1.00190839695
66768,66774,70082,6,3308,2,36000,1.00181378476
66796,66803,70064,7,3261,2,36000,1.0021465808
66812,66818,70334,6,3516,2,36000,1.00170648464
66833,66839,70518,6,3679,2,36000,1.00163087796
66906,66912,70282,6,3370,2,36000,1.00178041543
66961,66968,70529,7,3561,2,36000,1.00196573996
67016,67022,70345,6,3323,2,36000,1.00180559735
67037,67044,70697,7,3653,2,36000,1.00191623323
67144,67150,70691,6,3541,2,36000,1.0016944366
67196,67202,70737,6,3535,2,36000,1.00169731259
67241,67248,70869,7,3621,2,36000,1.00193316763
67256,67262,70976,6,3714,2,36000,1.00161550889
67353,67360,71062,7,3702,2,36000,1.0018908698
67442,67448,70863,6,3415,2,36000,1.00175695461
67518,67524,70978,6,3454,2,36000,1.00173711639
67560,67566,70978,6,3412,2,36000,1.00175849941
67596,67603,71101,7,3498,2,36000,1.00200114351
67687,67694,71454,7,3760,2,36000,1.00186170213
67836,67842,71066,6,3224,2,36000,1.00186104218
67851,67857,71228,6,3371,2,36000,1.00177988727
67924,67930,71663,6,3733,2,36000,1.00160728636
67982,67988,71376,6,3388,2,36000,1.00177095632
68039,68045,72110,6,4065,2,36000,1.00147601476
68185,68191,71680,6,3489,2,36000,1.00171969046
68255,68261,71459,6,3198,2,36000,1.00187617261
68340,68346,71887,6,3541,2,36000,1.0016944366
68413,68419,71628,6,3209,2,36000,1.00186974135
68483,68489,71891,6,3402,2,36000,1.00176366843
68589,68595,72208,6,3613,2,36000,1.0016606698
68778,68784,68802,6,18,32,3600,1.33333333333
68824,68830,68947,6,117,32,9000,1.05128205128
68838,68845,72399,7,3554,2,36000,1.00196961171
68911,68918,72534,7,3616,2,36000,1.00193584071
68975,68986,69018,11,32,32,3600,1.34375
68984,68992,72482,8,3490,2,36000,1.00229226361
69036,69042,71907,6,2865,32,9000,1.00209424084
69054,69060,72382,6,3322,2,36000,1.00180614088
69069,69075,72298,6,3223,2,36000,1.00186161961
69070,69081,72515,11,3434,2,36000,1.0032032615
69140,69146,72721,6,3575,2,36000,1.00167832168
69269,69274,72667,5,3393,2,36000,1.00147362216
69284,69290,73013,6,3723,2,36000,1.00161160355
69332,69338,72808,6,3470,2,36000,1.00172910663
69349,69360,137129,11,67769,1,259200,1.0001623161
69349,69355,169826,6,100471,1,259200,1.00005971872
69350,69762,154305,412,84543,1,259200,1.00487325976
69350,69372,155345,22,85973,1,259200,1.00025589429
69350,69377,158839,27,89462,1,259200,1.00030180412
69350,69366,169719,16,100353,1,259200,1.00015943719
69350,69863,119343,513,49480,1,259200,1.01036782538
69351,69874,166228,523,96354,1,259200,1.00542790128
69351,69868,150967,517,81099,1,259200,1.00637492448
69351,69879,135254,528,65375,1,259200,1.00807648184
69351,69884,116595,533,46711,1,259200,1.01141058851
69351,69895,125299,544,55404,1,259200,1.00981878565
69351,69889,329108,538,259219,1,259200,1.00207546515
69352,69900,126052,548,56152,1,259200,1.00975922496
69352,69905,121254,553,51349,1,259200,1.0107694405
69352,69926,105606,574,35680,1,259200,1.01608744395
69352,69915,120016,563,50101,1,259200,1.01123730065
69352,69921,329167,569,259246,1,259200,1.00219482654
69352,69910,308830,558,238920,1,259200,1.00233550979
69353,69947,100470,594,30523,1,259200,1.01946073453
69353,69957,113782,604,43825,1,259200,1.01378208785
69353,69952,114974,599,45022,1,259200,1.01330460664
69353,69931,328222,578,258291,1,259200,1.00223778606
69353,69942,102149,589,32207,1,259200,1.01828794982
69353,69936,128184,583,58248,1,259200,1.01000892735
69354,69978,75865,624,5887,1,259200,1.10599626295
69354,69963,329187,609,259224,1,259200,1.00234931951
69354,69983,329223,629,259240,1,259200,1.0024263231
69354,69973,329213,619,259240,1,259200,1.0023877488
69354,69968,99022,614,29054,1,259200,1.02113306257
69355,70016,94570,661,24554,1,259200,1.02692025739
69355,70005,89508,650,19503,1,259200,1.03332820592
69355,70000,87096,645,17096,1,259200,1.03772812354
69355,69995,80694,640,10699,1,259200,1.05981867464
69355,69989,80787,634,10798,1,259200,1.05871457677
69355,70010,86020,655,16010,1,259200,1.04091193004
69356,70032,84368,676,14336,1,259200,1.04715401786
69356,70026,84945,670,14919,1,259200,1.04490917622
69356,70037,92353,681,22316,1,259200,1.03051622155
69356,70043,87896,687,17853,1,259200,1.03848092758
69356,70021,80623,665,10602,1,259200,1.06272401434
69357,70053,88616,696,18563,1,259200,1.03749393956
69357,70048,88013,691,17965,1,259200,1.03846367938
69357,70064,93126,707,23062,1,259200,1.0306564912
69357,70074,89461,717,19387,1,259200,1.03698354567
69357,70058,88149,701,18091,1,259200,1.038748549
69357,70069,85770,712,15701,1,259200,1.0453474301
69358,70100,87591,742,17491,1,259200,1.04242181693
69358,70084,90320,726,20236,1,259200,1.03587665547
69358,70105,90297,747,20192,1,259200,1.03699484945
69358,70079,94609,721,24530,1,259200,1.02939258051
69358,70090,86645,732,16555,1,259200,1.04421624887
69358,70095,87465,737,17370,1,259200,1.04242947611
69359,70121,100424,762,30303,1,259200,1.02514602515
69359,70131,94964,772,24833,1,259200,1.03108766561
69359,70126,94562,767,24436,1,259200,1.03138811589
69359,70137,92695,778,22558,1,259200,1.03448887313
69359,70116,101048,757,30932,1,259200,1.02447303763
69359,70111,91832,752,21721,1,259200,1.03462087381
69360,70142,91046,782,20904,1,259200,1.0374091083
69384,69391,73126,7,3735,2,36000,1.00187416332
69386,69396,72910,10,3514,2,36000,1.00284575982
69413,69419,72936,6,3517,2,36000,1.00170599943
69486,69493,72897,7,3404,2,36000,1.00205640423
69501,69507,73842,6,4335,2,36000,1.00138408304
69586,69593,72862,7,3269,2,36000,1.00214132762
69602,69608,73122,6,3514,2,36000,1.00170745589
69632,69638,73662,6,4024,2,36000,1.00149105368
69647,69653,73437,6,3784,2,36000,1.00158562368
69684,69690,73300,6,3610,2,36000,1.00166204986
69751,69756,73251,5,3495,2,36000,1.00143061516
69851,69857,73441,6,3584,2,36000,1.00167410714
70022,70147,73792,125,3645,2,36000,1.03429355281
70067,70153,74115,86,3962,2,36000,1.02170620899
70083,70158,73707,75,3549,2,36000,1.02113271344
70098,70163,73568,65,3405,2,36000,1.01908957416
70183,70189,73766,6,3577,2,36000,1.00167738328
70283,70289,74026,6,3737,2,36000,1.00160556596
70335,70341,74062,6,3721,2,36000,1.00161246977
70350,70356,73860,6,3504,2,36000,1.00171232877
70438,70444,74028,6,3584,2,36000,1.00167410714
70519,70526,73805,7,3279,2,36000,1.00213479719
70534,70540,74302,6,3762,2,36000,1.00159489633
70692,70698,74580,6,3882,2,36000,1.00154559505
70707,70713,74438,6,3725,2,36000,1.00161073826
70738,70744,74197,6,3453,2,36000,1.00173761946
70865,70871,74518,6,3647,2,36000,1.00164518783
70880,70886,74520,6,3634,2,36000,1.0016510732
70977,70984,74737,7,3753,2,36000,1.00186517453
70993,70999,74497,6,3498,2,36000,1.00171526587
70994,71005,74521,11,3516,2,36000,1.00312855518
71080,71086,74579,6,3493,2,36000,1.00171772116
71104,71111,75062,7,3951,2,36000,1.00177170337
71229,71236,74566,7,3330,2,36000,1.0021021021
71363,71369,75136,6,3767,2,36000,1.0015927794
71378,71384,74967,6,3583,2,36000,1.00167457438
71454,71460,75477,6,4017,2,36000,1.00149365198
71469,71475,75373,6,3898,2,36000,1.0015392509
71663,71670,75056,7,3386,2,36000,1.00206733609
71682,71688,75407,6,3719,2,36000,1.00161333692
71889,71895,75343,6,3448,2,36000,1.00174013921
71904,71910,75318,6,3408,2,36000,1.00176056338
72114,72120,75722,6,3602,2,36000,1.00166574125
72211,72217,75994,6,3777,2,36000,1.00158856235
72299,72305,75820,6,3515,2,36000,1.00170697013
72384,72390,75819,6,3429,2,36000,1.00174978128
72402,72408,75756,6,3348,2,36000,1.0017921147
72484,72491,75843,7,3352,2,36000,1.00208830549
72536,72542,76177,6,3635,2,36000,1.00165061898
72657,72663,75706,6,3043,32,4200,1.00197173842
72670,72676,76158,6,3482,2,36000,1.00172314762
72724,72730,76270,6,3540,2,36000,1.00169491525
72809,72815,76378,6,3563,2,36000,1.00168397418
72864,72870,76316,6,3446,2,36000,1.00174114916
72900,72906,76676,6,3770,2,36000,1.00159151194
72915,72921,76062,6,3141,2,36000,1.00191021968
72940,72946,76425,6,3479,2,36000,1.00172463352
73016,73022,76700,6,3678,2,36000,1.00163132137
73140,73146,76768,6,3622,2,36000,1.00165654335
73252,73258,77245,6,3987,2,36000,1.0015048909
73301,73307,76935,6,3628,2,36000,1.00165380375
73438,73444,76801,6,3357,2,36000,1.0017873101
73454,73460,77306,6,3846,2,36000,1.0015600624
73570,73576,76968,6,3392,2,36000,1.00176886792
73664,73670,77249,6,3579,2,36000,1.00167644593
73710,73716,77361,6,3645,2,36000,1.00164609053
73768,73774,77488,6,3714,2,36000,1.00161550889
73811,73816,77360,5,3544,2,36000,1.00141083521
73844,73850,77387,6,3537,2,36000,1.00169635284
73862,73869,77003,7,3134,2,36000,1.00223356733
74030,74036,77600,6,3564,2,36000,1.00168350168
74065,74071,77529,6,3458,2,36000,1.001735107
74116,74122,77597,6,3475,2,36000,1.00172661871
74198,74205,77615,7,3410,2,36000,1.00205278592
74305,74311,78135,6,3824,2,36000,1.00156903766
74441,74447,77762,6,3315,2,36000,1.00180995475
74500,74506,77882,6,3376,2,36000,1.00177725118
74518,74524,77885,6,3361,2,36000,1.00178518298
74533,74539,78141,6,3602,2,36000,1.00166574125
74535,74545,77883,10,3338,2,36000,1.00299580587
74568,74575,78024,7,3449,2,36000,1.00202957379
74584,74590,78598,6,4008,2,36000,1.00149700599
74585,74596,78258,11,3662,2,36000,1.00300382305
74738,74744,78278,6,3534,2,36000,1.00169779287
74968,74974,78658,6,3684,2,36000,1.0016286645
75074,75080,78751,6,3671,2,36000,1.00163443203
75138,75144,78299,6,3155,2,36000,1.00190174326
75320,75326,78488,6,3162,2,36000,1.00189753321
75344,75350,78866,6,3516,2,36000,1.00170648464
75374,75381,78970,7,3589,2,36000,1.00195040401
75408,75414,79004,6,3590,2,36000,1.00167130919
75478,75484,79399,6,3915,2,36000,1.00153256705
75724,75730,79177,6,3447,2,36000,1.00174064404
75821,75827,79510,6,3683,2,36000,1.00162910671
75847,75853,79361,6,3508,2,36000,1.00171037628
75996,76002,79614,6,3612,2,36000,1.00166112957
76063,76068,79627,5,3559,2,36000,1.00140488901
76160,76166,79183,6,3017,2,36000,1.00198873053
76178,76184,79607,6,3423,2,36000,1.00175284838
76272,76278,79983,6,3705,2,36000,1.0016194332
76318,76324,79966,6,3642,2,36000,1.00164744646
76381,76388,79654,7,3266,2,36000,1.00214329455
76428,76434,80021,6,3587,2,36000,1.001672707
76461,76468,83707,7,7239,22,7200,1.00096698439
76677,76683,79972,6,3289,2,36000,1.00182426269
76701,76708,80311,7,3603,2,36000,1.00194282542
76769,76774,79958,5,3184,2,36000,1.00157035176
76802,76808,80212,6,3404,2,36000,1.0017626322
76937,76944,80591,7,3647,2,36000,1.0019193858
76971,76977,80446,6,3469,2,36000,1.00172960507
77005,77011,80519,6,3508,2,36000,1.00171037628
77248,77254,80772,6,3518,2,36000,1.0017055145
77263,77269,81045,6,3776,2,36000,1.00158898305
77363,77369,80774,6,3405,2,36000,1.00176211454
77389,77395,80913,6,3518,2,36000,1.0017055145
77490,77496,80834,6,3338,2,36000,1.00179748352
77533,77539,81177,6,3638,2,36000,1.00164925783
77599,77605,81131,6,3526,2,36000,1.00170164492
77614,77621,81192,7,3571,2,36000,1.00196023523
77629,77636,80947,7,3311,2,36000,1.0021141649
77763,77769,81393,6,3624,2,36000,1.00165562914
77885,77891,81362,6,3471,2,36000,1.00172860847
78027,78034,81530,7,3496,2,36000,1.00200228833
78137,78143,81622,6,3479,2,36000,1.00172463352
78152,78158,81827,6,3669,2,36000,1.00163532298
78261,78267,81939,6,3672,2,36000,1.00163398693
78279,78285,81748,6,3463,2,36000,1.00173260179
78301,78307,81726,6,3419,2,36000,1.00175489909
78488,78495,82213,7,3718,2,36000,1.00188273265
78601,78607,82029,6,3422,2,36000,1.00175336061
78661,78667,82031,6,3364,2,36000,1.00178359096
78752,78758,82144,6,3386,2,36000,1.00177200236
78868,78874,82390,6,3516,2,36000,1.00170648464
78971,78977,82370,6,3393,2,36000,1.0017683466
79004,79011,82598,7,3587,2,36000,1.0019514915
79178,79184,82710,6,3526,2,36000,1.00170164492
79193,79199,82807,6,3608,2,36000,1.00166297118
79364,79370,82589,6,3219,2,36000,1.0018639329
79400,79407,82934,7,3527,2,36000,1.00198468954
79510,79516,83147,6,3631,2,36000,1.00165243735
79608,79614,83464,6,3850,2,36000,1.00155844156
79623,79629,83049,6,3420,2,36000,1.00175438596
79638,79644,82937,6,3293,2,36000,1.00182204677
79656,79662,83201,6,3539,2,36000,1.00169539418
79960,79966,84146,6,4180,2,36000,1.0014354067
79975,79982,83559,7,3577,2,36000,1.00195694716
79977,79988,83878,11,3890,2,36000,1.0028277635
79992,79998,83520,6,3522,2,36000,1.00170357751
80019,80025,83384,6,3359,2,36000,1.00178624591
80214,80220,83954,6,3734,2,36000,1.00160685592
80449,80455,84236,6,3781,2,36000,1.00158688178
80521,80528,83882,7,3354,2,36000,1.00208706023
80594,80601,84198,7,3597,2,36000,1.00194606617
80774,80780,84125,6,3345,2,36000,1.00179372197
80836,80842,84186,6,3344,2,36000,1.00179425837
80915,80921,84525,6,3604,2,36000,1.00166481687
80949,80955,84531,6,3576,2,36000,1.00167785235
81047,81053,84648,6,3595,2,36000,1.0016689847
81132,81138,84649,6,3511,2,36000,1.00170891484
81177,81183,84648,6,3465,2,36000,1.00173160173
81195,81202,84512,7,3310,2,36000,1.00211480363
81363,81369,85142,6,3773,2,36000,1.00159024649
81396,81402,85092,6,3690,2,36000,1.00162601626
81530,81536,84967,6,3431,2,36000,1.00174876129
81624,81630,85126,6,3496,2,36000,1.00171624714
81727,81733,85285,6,3552,2,36000,1.00168918919
81751,81758,85269,7,3511,2,36000,1.00199373398
81830,81836,85189,6,3353,2,36000,1.00178944229
82031,82037,85435,6,3398,2,36000,1.00176574456
82147,82153,85446,6,3293,2,36000,1.00182204677
82214,82220,86009,6,3789,2,36000,1.00158353127
82372,82378,85721,6,3343,2,36000,1.00179479509
82390,82397,85993,7,3596,2,36000,1.00194660734
82590,82596,86042,6,3446,2,36000,1.00174114916
82605,82612,86168,7,3556,2,36000,1.00196850394
82712,82718,86258,6,3540,2,36000,1.00169491525
82809,82815,86340,6,3525,2,36000,1.00170212766
82936,82942,86387,6,3445,2,36000,1.00174165457
83050,83057,86483,7,3426,2,36000,1.00204319907
83148,83154,86769,6,3615,2,36000,1.00165975104
83203,83209,86741,6,3532,2,36000,1.00169875425
83385,83391,86750,6,3359,2,36000,1.00178624591
83467,83473,86891,6,3418,2,36000,1.00175541252
83522,83528,86940,6,3412,2,36000,1.00175849941
83561,83567,87259,6,3692,2,36000,1.00162513543
83879,83885,87326,6,3441,2,36000,1.00174367916
83894,83900,87698,6,3798,2,36000,1.00157977883
83955,83961,89194,6,5233,2,36000,1.00114656985
84128,84134,87824,6,3690,2,36000,1.00162601626
84149,84155,87684,6,3529,2,36000,1.00170019836
84189,84195,87701,6,3506,2,36000,1.00171135197
84204,84210,87702,6,3492,2,36000,1.00171821306
84237,84243,87710,6,3467,2,36000,1.00173060283
84513,84519,88187,6,3668,2,36000,1.00163576881
84529,84535,87899,6,3364,2,36000,1.00178359096
84530,84541,87905,11,3364,2,36000,1.00326991677
84970,84976,88513,6,3537,2,36000,1.00169635284
85094,85100,88555,6,3455,2,36000,1.0017366136
85127,85134,88512,7,3378,2,36000,1.00207223209
85143,85149,88910,6,3761,2,36000,1.00159532039
85191,85197,88706,6,3509,2,36000,1.00170988886
85270,85276,88810,6,3534,2,36000,1.00169779287
85288,85294,88960,6,3666,2,36000,1.00163666121
85437,85443,88786,6,3343,2,36000,1.00179479509
85452,85458,89002,6,3544,2,36000,1.00169300226
85724,85730,89138,6,3408,2,36000,1.00176056338
85994,86000,89322,6,3322,2,36000,1.00180614088
86009,86016,89717,7,3701,2,36000,1.00189138071
86043,86049,89801,6,3752,2,36000,1.00159914712
86170,86176,89311,6,3135,2,36000,1.0019138756
86259,86265,89712,6,3447,2,36000,1.00174064404
86343,86350,90077,7,3727,2,36000,1.00187818621
86389,86395,89927,6,3532,2,36000,1.00169875425
86486,86492,89733,6,3241,2,36000,1.00185128047
86744,86750,90012,6,3262,2,36000,1.00183936235
86759,86765,90252,6,3487,2,36000,1.0017206768
86774,86779,90293,5,3514,2,36000,1.00142287991
86892,86899,90273,7,3374,2,36000,1.0020746888
86941,86947,90575,6,3628,2,36000,1.00165380375
87262,87268,91054,6,3786,2,36000,1.00158478605
87328,87334,90927,6,3593,2,36000,1.00166991372
87685,87691,91121,6,3430,2,36000,1.00174927114
87701,87707,91076,6,3369,2,36000,1.0017809439
87717,87724,91319,7,3595,2,36000,1.00194714882
87719,87730,91244,11,3514,2,36000,1.0031303358
87778,87784,109439,6,21655,1,86400,1.00027707227
87825,87831,91394,6,3563,2,36000,1.00168397418
87901,87907,91263,6,3356,2,36000,1.00178784267
87916,87922,91612,6,3690,2,36000,1.00162601626
88189,88195,91394,6,3199,2,36000,1.00187558612
88516,88523,92050,7,3527,2,36000,1.00198468954
88518,88529,91963,11,3434,2,36000,1.0032032615
88557,88563,92119,6,3556,2,36000,1.00168728909
88788,88794,92258,6,3464,2,36000,1.00173210162
88812,88818,92303,6,3485,2,36000,1.00172166428
88912,88918,92701,6,3783,2,36000,1.00158604282
88961,88967,92414,6,3447,2,36000,1.00174064404
89003,89009,92509,6,3500,2,36000,1.00171428571
89139,89145,92721,6,3576,2,36000,1.00167785235
89197,89203,92704,6,3501,2,36000,1.00171379606
89312,89318,92984,6,3666,2,36000,1.00163666121
89327,89333,92875,6,3542,2,36000,1.00169395822
89729,89736,93371,7,3635,2,36000,1.00192572215
89744,89751,93091,7,3340,2,36000,1.00209580838
89802,89808,93410,6,3602,2,36000,1.00166574125
89929,89935,93301,6,3366,2,36000,1.00178253119
90014,90021,93362,7,3341,2,36000,1.00209518108
90078,90084,93971,6,3887,2,36000,1.00154360689
90253,90260,93794,7,3534,2,36000,1.00198075835
90275,90281,93930,6,3649,2,36000,1.00164428611
90296,90302,93764,6,3462,2,36000,1.00173310225
90577,90584,94175,7,3591,2,36000,1.00194931774
91056,91062,94394,6,3332,2,36000,1.00180072029
91077,91083,94596,6,3513,2,36000,1.00170794193
91123,91129,94553,6,3424,2,36000,1.00175233645
91247,91253,94913,6,3660,2,36000,1.00163934426
91265,91272,94685,7,3413,2,36000,1.00205098154
91320,91326,94505,6,3179,2,36000,1.00188738597
91396,91402,94737,6,3335,2,36000,1.00179910045
91612,91618,94829,6,3211,2,36000,1.00186857677
91964,91970,95109,6,3139,2,36000,1.00191143676
92051,92058,95771,7,3713,2,36000,1.00188526798
92122,92128,95603,6,3475,2,36000,1.00172661871
92261,92267,95822,6,3555,2,36000,1.00168776371
92306,92313,95920,7,3607,2,36000,1.00194067092
92415,92421,95789,6,3368,2,36000,1.00178147268
92512,92518,95749,6,3231,2,36000,1.00185701021
92703,92710,96076,7,3366,2,36000,1.00207961973
92719,92725,96128,6,3403,2,36000,1.00176315016
92734,92740,96212,6,3472,2,36000,1.0017281106
92985,92991,96952,6,3961,2,36000,1.001514769
93091,93097,96500,6,3403,2,36000,1.00176315016
93304,93310,97026,6,3716,2,36000,1.0016146394
93365,93371,97033,6,3662,2,36000,1.00163844894
93380,93386,96927,6,3541,2,36000,1.0016944366
93413,93419,96864,6,3445,2,36000,1.00174165457
93764,93770,97272,6,3502,2,36000,1.00171330668
93794,93801,97350,7,3549,2,36000,1.00197238659
93931,93937,97273,6,3336,2,36000,1.00179856115
94170,94176,97791,6,3615,2,36000,1.00165975104
94397,94403,97648,6,3245,2,36000,1.00184899846
94507,94513,97864,6,3351,2,36000,1.0017905103
94555,94561,98088,6,3527,2,36000,1.00170116246
94597,94603,98004,6,3401,2,36000,1.001764187
94688,94694,98363,6,3669,2,36000,1.00163532298
94740,94746,98527,6,3781,2,36000,1.00158688178
94830,94837,98277,7,3440,2,36000,1.00203488372
94916,94922,98544,6,3622,2,36000,1.00165654335
95110,95116,98708,6,3592,2,36000,1.00167037862
95752,95758,99458,6,3700,2,36000,1.00162162162
95773,95779,99386,6,3607,2,36000,1.00166343222
95791,95798,99145,7,3347,2,36000,1.00209142516
95825,95831,99458,6,3627,2,36000,1.00165425972
95922,95928,99364,6,3436,2,36000,1.00174621653
96077,96083,99659,6,3576,2,36000,1.00167785235
96131,96137,99748,6,3611,2,36000,1.00166158959
96213,96219,99758,6,3539,2,36000,1.00169539418
96502,96509,100143,7,3634,2,36000,1.00192625206
96929,96935,100562,6,3627,2,36000,1.00165425972
96953,96959,100890,6,3931,2,36000,1.00152632918
97026,97032,100462,6,3430,2,36000,1.00174927114
97041,97047,101091,6,4044,2,36000,1.00148367953
97275,97281,100803,6,3522,2,36000,1.00170357751
97352,97358,100876,6,3518,2,36000,1.0017055145
97649,97655,101109,6,3454,2,36000,1.00173711639
97792,97798,101384,6,3586,2,36000,1.00167317345
97864,97871,101327,7,3456,2,36000,1.00202546296
98007,98013,101347,6,3334,2,36000,1.00179964007
98089,98095,101582,6,3487,2,36000,1.0017206768
98280,98286,101891,6,3605,2,36000,1.00166435506
98365,98371,101817,6,3446,2,36000,1.00174114916
98529,98535,102162,6,3627,2,36000,1.00165425972
98547,98553,101985,6,3432,2,36000,1.00174825175
98711,98717,102250,6,3533,2,36000,1.00169827342
99145,99152,102765,7,3613,2,36000,1.0019374481
99367,99373,102961,6,3588,2,36000,1.0016722408
99461,99467,103038,6,3571,2,36000,1.00168020162
99660,99666,103413,6,3747,2,36000,1.00160128102
99751,99757,103137,6,3380,2,36000,1.00177514793
99766,99772,103186,6,3414,2,36000,1.00175746924
100144,100150,103765,6,3615,2,36000,1.00165975104
100463,100469,104055,6,3586,2,36000,1.00167317345
100563,100569,104023,6,3454,2,36000,1.00173711639
100805,100811,104259,6,3448,2,36000,1.00174013921
100878,100885,104389,7,3504,2,36000,1.00199771689
100894,100900,104615,6,3715,2,36000,1.00161507402
101074,101080,123191,6,22111,1,36000,1.00027135815
101088,101094,104499,6,3405,2,36000,1.00176211454
101112,101119,104828,7,3709,2,36000,1.00188730116
101202,101208,137232,6,36024,1,36000,1.00016655563
101328,101334,104792,6,3458,2,36000,1.001735107
101349,101355,104516,6,3161,2,36000,1.0018981335
101385,101392,105121,7,3729,2,36000,1.00187717887
101585,101591,105183,6,3592,2,36000,1.00167037862
101818,101824,105245,6,3421,2,36000,1.00175387314
101894,101900,105667,6,3767,2,36000,1.0015927794
102164,102170,105753,6,3583,2,36000,1.00167457438
102252,102258,105502,6,3244,2,36000,1.00184956843
102767,102773,106496,6,3723,2,36000,1.00161160355
102890,102896,103008,6,112,1,1800,1.05357142857
102960,102966,103062,6,96,16,3600,1.0625
102961,102972,106547,11,3575,2,36000,1.00307692308
103040,103046,106523,6,3477,2,36000,1.00172562554
103140,103146,106602,6,3456,2,36000,1.00173611111
103189,103195,106699,6,3504,2,36000,1.00171232877
103298,103305,103414,7,109,1,1800,1.06422018349
103416,103424,106774,8,3350,2,36000,1.0023880597
103768,103774,107821,6,4047,2,36000,1.00148257969
104026,104032,107517,6,3485,2,36000,1.00172166428
104084,104090,104573,6,483,1,1800,1.01242236025
104262,104268,108058,6,3790,2,36000,1.00158311346
104389,104395,108178,6,3783,2,36000,1.00158604282
104499,104505,108225,6,3720,2,36000,1.00161290323
104517,104523,108280,6,3757,2,36000,1.0015970189
104618,104624,108245,6,3621,2,36000,1.00165700083
104793,104800,108423,7,3623,2,36000,1.00193210047
104830,104836,108396,6,3560,2,36000,1.00168539326
105124,105130,109080,6,3950,2,36000,1.00151898734
105185,105191,108833,6,3642,2,36000,1.00164744646
105503,105510,108878,7,3368,2,36000,1.0020783848
105670,105676,109106,6,3430,2,36000,1.00174927114
105755,105761,109326,6,3565,2,36000,1.00168302945
106311,106317,106365,6,48,1,1800,1.125
106499,106506,109917,7,3411,2,36000,1.00205218411
106524,106530,110021,6,3491,2,36000,1.00171870524
106548,106556,110227,8,3671,2,36000,1.00217924271
106603,106609,110164,6,3555,2,36000,1.00168776371
106620,106626,106737,6,111,1,1800,1.05405405405
106679,106685,106759,6,74,1,1800,1.08108108108
106700,106706,110068,6,3362,2,36000,1.00178465199
106776,106782,110362,6,3580,2,36000,1.00167597765
107066,107072,107182,6,110,1,1800,1.05454545455
107600,107606,107888,6,282,1,1800,1.02127659574
107822,107828,111402,6,3574,2,36000,1.00167879127
107880,107886,108449,6,563,1,1800,1.01065719361
108059,108065,111399,6,3334,2,36000,1.00179964007
108178,108184,111430,6,3246,2,36000,1.00184842884
108227,108233,111519,6,3286,2,36000,1.00182592818
108248,108254,111987,6,3733,2,36000,1.00160728636
108282,108288,111795,6,3507,2,36000,1.00171086399
108397,108403,111953,6,3550,2,36000,1.00169014085
108424,108431,111988,7,3557,2,36000,1.00196795052
108834,108840,112177,6,3337,2,36000,1.00179802218
109082,109088,112606,6,3518,2,36000,1.0017055145
109107,109113,112745,6,3632,2,36000,1.00165198238
109304,112192,112231,2888,39,128,3600,75.0512820513
109317,112242,112266,2925,24,128,3600,122.875
109322,112277,112298,2955,21,128,3600,141.714285714
109329,109335,112776,6,3441,2,36000,1.00174367916
109919,109925,113419,6,3494,2,36000,1.00171722954
110022,110028,113305,6,3277,2,36000,1.00183094294
110070,110076,113686,6,3610,2,36000,1.00166204986
110165,110171,113866,6,3695,2,36000,1.00162381597
110229,110235,113889,6,3654,2,36000,1.00164203612
110314,110320,110365,6,45,1,1800,1.13333333333
110363,110369,113984,6,3615,2,36000,1.00165975104
110711,110717,110787,6,70,1,1800,1.08571428571
111415,111421,115005,6,3584,2,36000,1.00167410714
111434,111440,114982,6,3542,2,36000,1.00169395822
111522,111528,115181,6,3653,2,36000,1.00164248563
111795,111801,115295,6,3494,2,36000,1.00171722954
111818,111824,112093,6,269,1,1800,1.02230483271
111956,111962,115121,6,3159,2,36000,1.00189933523
111990,111996,115640,6,3644,2,36000,1.00164654226
112180,112186,115557,6,3371,2,36000,1.00177988727
112607,112613,116156,6,3543,2,36000,1.0016934801
112746,112752,116485,6,3733,2,36000,1.00160728636
112777,112783,116370,6,3587,2,36000,1.001672707
113166,113173,116154,7,2981,128,3600,1.0023482053
113306,113312,116723,6,3411,2,36000,1.00175901495
113421,113427,116747,6,3320,2,36000,1.00180722892
113687,113693,116988,6,3295,2,36000,1.00182094082
113867,113874,117627,7,3753,2,36000,1.00186517453
113892,113898,117268,6,3370,2,36000,1.00178041543
113987,113993,117577,6,3584,2,36000,1.00167410714
114985,114991,118493,6,3502,2,36000,1.00171330668
115006,115013,118558,7,3545,2,36000,1.00197461213
115184,115190,118677,6,3487,2,36000,1.0017206768
115297,115303,118675,6,3372,2,36000,1.00177935943
115558,115564,119031,6,3467,2,36000,1.00173060283
115641,115647,119798,6,4151,2,36000,1.00144543483
116159,116165,119737,6,3572,2,36000,1.00167973124
116371,116377,119857,6,3480,2,36000,1.00172413793
116487,116493,120175,6,3682,2,36000,1.00162954916
116715,116721,117216,6,495,64,600,1.01212121212
116726,116732,120104,6,3372,2,36000,1.00177935943
116750,116757,120208,7,3451,2,36000,1.00202839757
116920,116926,116928,6,2,1,597600,1.0
116990,116996,120299,6,3303,2,36000,1.00181653043
117043,117049,328775,6,211726,1,597600,1.00002833851
117578,117583,121316,5,3733,2,36000,1.0013394053
117630,117636,121132,6,3496,2,36000,1.00171624714
118498,118504,122109,6,3605,2,36000,1.00166435506
118559,118565,122034,6,3469,2,36000,1.00172960507
118678,118684,122291,6,3607,2,36000,1.00166343222
119034,119040,122520,6,3480,2,36000,1.00172413793
119264,119270,119919,6,649,64,3600,1.0092449923
119737,119744,124888,7,5144,2,36000,1.00136080871
119798,119804,123301,6,3497,2,36000,1.00171575636
119859,119866,123194,7,3328,2,36000,1.00210336538
120105,120112,123328,7,3216,2,36000,1.00217661692
120179,120185,123779,6,3594,2,36000,1.00166944908
120209,120215,123632,6,3417,2,36000,1.00175592625
120301,120307,123742,6,3435,2,36000,1.00174672489
120565,120571,135303,6,14732,2,72000,1.00040727668
120787,120793,121109,6,316,64,600,1.01898734177
120945,120952,164155,7,43203,1,43200,1.00016202579
121133,121139,124978,6,3839,2,36000,1.00156290701
121157,121163,122981,6,1818,10,1800,1.00330033003
121222,121228,121673,6,445,64,600,1.01348314607
121318,121324,125090,6,3766,2,36000,1.00159320234
122000,122006,173266,6,51260,2,108000,1.00011705033
122036,122042,125737,6,3695,2,36000,1.00162381597
122110,122116,125596,6,3480,2,36000,1.00172413793
122294,122300,125653,6,3353,2,36000,1.00178944229
123061,123067,124825,6,1758,10,3000,1.00341296928
123085,123091,161165,6,38074,4,72000,1.00015758786
123125,123131,149712,6,26581,2,108000,1.00022572514
123196,123202,126771,6,3569,2,36000,1.00168114318
123303,123309,126772,6,3463,2,36000,1.00173260179
123331,123337,126860,6,3523,2,36000,1.00170309395
123370,123377,149755,7,26378,2,108000,1.00026537266
123633,123640,127114,7,3474,2,36000,1.00201496834
123743,123749,127494,6,3745,2,36000,1.00160213618
123777,123783,127311,6,3528,2,36000,1.00170068027
124809,124815,130989,6,6174,1,10800,1.0009718173
124816,124822,125756,6,934,10,3000,1.00642398287
124889,124895,128484,6,3589,2,36000,1.00167177487
124981,124987,128627,6,3640,2,36000,1.00164835165
125072,125078,152474,6,27396,1,259200,1.00021901007
125075,125084,150792,9,25708,1,259200,1.00035008558
125077,125089,384306,12,259217,1,259200,1.00004629326
125080,125095,384303,15,259208,1,259200,1.00005786858
125091,125101,128508,10,3407,2,36000,1.00293513355
125201,125207,149696,6,24489,10,28800,1.00024500796
125267,125273,151737,6,26464,2,108000,1.0002267231
125514,125520,152884,6,27364,4,72000,1.00021926619
125623,125629,152052,6,26423,2,108000,1.0002270749
125656,125662,128797,6,3135,2,36000,1.0019138756
125739,125745,128797,6,3052,2,36000,1.00196592398
125785,125792,219774,7,93982,4,288000,1.00007448235
125836,125842,150572,6,24730,4,72000,1.0002426203
125928,125934,128969,6,3035,10,3000,1.00197693575
126118,126124,198130,6,72006,4,72000,1.00008332639
126477,126483,288500,6,162017,4,162000,1.00003703315
126772,126778,128797,6,2019,2,36000,1.0029717682
126862,126868,128797,6,1929,2,36000,1.00311041991
127117,127124,128797,7,1673,2,36000,1.00418410042
127140,127146,137992,6,10846,9,10800,1.00055319934
127282,127288,135389,6,8101,10,28800,1.0007406493
127313,127319,128797,6,1478,2,36000,1.00405953992
127438,127444,141860,6,14416,9,14400,1.00041620422
127495,127501,128797,6,1296,2,36000,1.00462962963
127525,127531,132639,6,5108,10,28800,1.00117462803
127887,127893,171134,6,43241,2,43200,1.0001387572
128487,128493,128797,6,304,2,36000,1.01973684211
128512,128518,128797,6,279,2,36000,1.02150537634
128628,128634,128797,6,163,2,36000,1.03680981595
129007,129013,129023,6,10,16,600,1.6
129061,129068,132675,7,3607,2,36000,1.00194067092
129063,129073,132780,10,3707,2,36000,1.00269759914
129064,129079,133212,15,4133,2,36000,1.00362932495
129065,129084,133056,19,3972,2,36000,1.00478348439
129067,129089,132791,22,3702,2,36000,1.00594273366
129069,129094,132668,25,3574,2,36000,1.00699496363
129070,129100,132704,30,3604,2,36000,1.00832408435
129072,129105,132562,33,3457,2,36000,1.009545849
129074,129110,132988,36,3878,2,36000,1.00928313564
129076,129116,132766,40,3650,2,36000,1.01095890411
129078,129121,132311,43,3190,2,36000,1.01347962382
129080,129126,132700,46,3574,2,36000,1.01287073307
129083,129131,132751,48,3620,2,36000,1.01325966851
129085,129137,132605,52,3468,2,36000,1.01499423299
129087,129142,132845,55,3703,2,36000,1.01485282204
129089,129147,132890,58,3743,2,36000,1.01549559177
129091,129152,132837,61,3685,2,36000,1.01655359566
129093,129157,132563,64,3406,2,36000,1.01879036994
129095,129162,132911,67,3749,2,36000,1.01787143238
129097,129168,132937,71,3769,2,36000,1.01883788803
129099,129173,133413,74,4240,2,36000,1.01745283019
129101,129178,132507,77,3329,2,36000,1.02313006909
129103,129183,132640,80,3457,2,36000,1.02314145213
129105,129188,132719,83,3531,2,36000,1.02350608893
129106,129193,133067,87,3874,2,36000,1.02245740836
129108,129199,132617,91,3418,2,36000,1.02662375658
129110,129204,132637,94,3433,2,36000,1.02738129916
129113,129210,133202,97,3992,2,36000,1.02429859719
129115,129215,132570,100,3355,2,36000,1.02980625931
129213,129221,129232,8,11,16,600,1.72727272727
129533,129539,129541,6,2,2,108000,1.0
129689,129695,139975,6,10280,9,43200,1.00058365759
129706,129712,130319,6,607,16,600,1.00988467875
130769,130775,137799,6,7024,18,68400,1.00085421412
130859,132651,142443,1792,9792,18,68400,1.18300653595
130912,132763,139101,1851,6338,18,68400,1.29204796466
131328,133001,140418,1673,7417,18,68400,1.22556289605
131641,141769,152242,10128,10473,16,14400,1.96705814953
131800,131806,137516,6,5710,1,10800,1.00105078809
132194,133801,178762,1607,44961,18,57600,1.03574208759
132550,132556,133790,6,1234,13,1200,1.00486223663
132913,132919,136452,6,3533,2,36000,1.00169827342
132937,132944,136326,7,3382,2,36000,1.00206978119
132989,132995,136196,6,3201,2,36000,1.00187441425
133071,133077,136452,6,3375,2,36000,1.00177777778
133205,133211,136452,6,3241,2,36000,1.00185128047
133219,133226,136452,7,3226,2,36000,1.00216986981
133416,133422,136452,6,3030,2,36000,1.00198019802
134389,137811,141758,3422,3947,32,6000,1.86698758551
134465,139987,248900,5522,108913,32,309600,1.05070101824
136198,136204,136452,6,248,2,36000,1.02419354839
136328,136334,136452,6,118,2,36000,1.05084745763
136492,136498,140051,6,3553,2,36000,1.00168871376
136493,136504,140352,11,3848,2,36000,1.00285862786
136494,136509,140165,15,3656,2,36000,1.00410284464
136496,136514,139853,18,3339,2,36000,1.00539083558
136497,136519,139994,22,3475,2,36000,1.00633093525
136498,136524,140098,26,3574,2,36000,1.00727476217
136500,136530,140164,30,3634,2,36000,1.00825536599
136501,136535,139915,34,3380,2,36000,1.0100591716
136502,136540,139721,38,3181,2,36000,1.01194592895
136504,136545,140214,41,3669,2,36000,1.011174707
136505,136551,140318,46,3767,2,36000,1.01221130873
136506,136556,139916,50,3360,2,36000,1.01488095238
136508,136561,139992,53,3431,2,36000,1.01544739143
136509,136566,140041,57,3475,2,36000,1.0164028777
136510,136571,140476,61,3905,2,36000,1.01562099872
136512,136576,140182,64,3606,2,36000,1.01774819745
136513,136582,139981,69,3399,2,36000,1.02030008826
136515,136587,140391,72,3804,2,36000,1.01892744479
136516,136592,140162,76,3570,2,36000,1.02128851541
136517,136597,140559,80,3962,2,36000,1.02019182231
136519,136602,140110,83,3508,2,36000,1.02366020525
136520,136607,140543,87,3936,2,36000,1.02210365854
136521,136613,141117,92,4504,2,36000,1.02042628774
136523,136618,139962,95,3344,2,36000,1.02840909091
136524,136623,139809,99,3186,2,36000,1.03107344633
136639,136645,136834,6,189,13,180,1.03174603175
136709,136715,136745,6,30,4,3600,1.2
137137,137144,137750,7,606,4,3600,1.01155115512
137208,137215,137243,7,28,1,10800,1.25
137321,137327,142204,6,4877,1,10800,1.00123026451
137481,137816,172099,335,34283,4,72000,1.00977160692
137826,137833,137860,7,27,1,10800,1.25925925926
137931,140434,146651,2503,6217,4,72000,1.4026057584
137997,138003,143993,6,5990,1,10800,1.00100166945
138058,141774,164365,3716,22591,4,72000,1.16449028374
138605,141779,149009,3174,7230,9,7200,1.43900414938
138672,140429,151244,1757,10815,18,10800,1.16245954693
140478,140484,143985,6,3501,2,36000,1.00171379606
140544,140550,144260,6,3710,2,36000,1.00161725067
140562,140569,144269,7,3700,2,36000,1.00189189189
140986,142454,145222,1468,2768,8,7200,1.53034682081
141120,141126,144814,6,3688,2,36000,1.00162689805
141316,141871,143704,555,1833,8,1800,1.30278232406
142656,142662,146408,6,3746,9,10800,1.00160170849
142761,145903,160076,3142,14173,18,14400,1.22168912721
142796,149021,158875,6225,9854,18,14400,1.63172315811
142810,142817,147609,7,4792,1,10800,1.00146076795
142878,150583,161232,7705,10649,18,14400,1.72354211663
143254,143260,149434,6,6174,1,10800,1.0009718173
143407,144004,241930,597,97926,4,216000,1.00609644017
143537,149026,241931,5489,92905,4,216000,1.05908185781
143610,151260,241936,7650,90676,4,216000,1.08436631523
143788,143795,145892,7,2097,10,3000,1.00333810205
143863,143869,147233,6,3364,2,36000,1.00178359096
144076,144082,144203,6,121,1,600,1.04958677686
144652,151265,221645,6613,70380,4,144000,1.09396135266
145364,147620,152287,2256,4667,1,10800,1.48339404328
146120,149031,221263,2911,72232,1,86400,1.04030069775
146165,151255,152028,5090,773,10,7200,7.58473479948
146910,152039,152383,5129,344,8,3600,15.9098837209
148087,149446,235855,1359,86409,1,86400,1.01572752838
148445,152253,152256,3808,3,8,21600,381.1
148510,152258,152260,3748,2,8,21600,375.0
149676,151749,158478,2073,6729,1,10800,1.30806954971
152733,152739,179456,6,26717,1,172800,1.00022457611
152937,152943,325764,6,172821,1,172800,1.000034718
160345,160351,160962,6,611,16,600,1.00981996727
161592,161598,161604,6,6,32,600,1.2
161616,161622,162237,6,615,16,600,1.00975609756
162224,162231,162842,7,611,64,600,1.01145662848
162888,162894,167631,6,4737,1,10800,1.00126662445
163239,163246,163247,7,1,1,10800,1.0
163324,163330,168102,6,4772,1,10800,1.00125733445
163492,163499,168408,7,4909,1,10800,1.00142595233
163758,163764,168466,6,4702,1,10800,1.00127605274
164781,164787,280617,6,115830,3,324000,1.00005180005
165396,165403,273754,7,108351,3,360000,1.00006460485
166441,166447,166450,6,3,2,3600,1.0
166562,166568,166574,6,6,2,3600,1.2
166675,166681,167492,6,811,2,3600,1.00739827374
167520,167526,171163,6,3637,2,3600,1.0016497113
173778,173784,174434,6,650,64,600,1.00923076923
189371,189378,189493,7,115,1,1800,1.06086956522
189810,189816,189921,6,105,1,1800,1.05714285714
190652,190658,191199,6,541,1,1800,1.01109057301
192943,192950,192993,7,43,1,1800,1.16279069767
193055,193061,193167,6,106,1,1800,1.05660377358
193328,193334,193409,6,75,1,1800,1.08
193498,193504,193615,6,111,1,1800,1.05405405405
194215,194220,194507,5,287,1,1800,1.01742160279
194302,194308,194883,6,575,1,1800,1.01043478261
196799,196805,196853,6,48,1,1800,1.125
197204,197210,197281,6,71,1,1800,1.08450704225
198326,198332,198604,6,272,1,1800,1.02205882353
198667,198674,198771,7,97,16,600,1.07216494845
201166,201173,201282,7,109,16,600,1.06422018349
201844,201850,202400,6,550,64,600,1.01090909091
201865,201872,202849,7,977,32,3600,1.00716479017
203972,203978,205207,6,1229,32,3600,1.0048820179
204070,204077,204488,7,411,64,600,1.01703163017
204337,204343,215239,6,10896,2,108000,1.00055066079
204618,205218,205813,600,595,64,600,2.00840336134
204888,204894,205083,6,189,32,3600,1.03174603175
205377,205405,205945,28,540,32,3600,1.05185185185
205679,205685,209323,6,3638,10,3600,1.00164925783
205819,205825,207768,6,1943,2,14400,1.00308800823
206567,206573,218123,6,11550,2,108000,1.00051948052
207087,207093,212815,6,5722,8,64800,1.00104858441
207174,207181,379995,7,172814,1,172800,1.00004050598
207338,207344,244494,6,37150,2,108000,1.0001615074
207954,207960,236913,6,28953,8,86400,1.00020723241
208423,208429,209489,6,1060,1,3600,1.00566037736
208857,208863,260640,6,51777,2,108000,1.00011588157
209487,209493,216465,6,6972,10,28800,1.0008605852
209517,209523,216998,6,7475,10,28800,1.00080267559
209961,209967,210327,6,360,32,3600,1.01666666667
210240,210246,255654,6,45408,8,129600,1.00013213531
210380,210386,213992,6,3606,8,129600,1.00166389351
210683,210690,212349,7,1659,1,3600,1.00421940928
210687,210696,251545,9,40849,2,108000,1.00022032363
210752,210759,234513,7,23754,10,28800,1.00029468721
210759,210766,213830,7,3064,8,7200,1.0022845953
210881,210887,246529,6,35642,8,129600,1.00016834072
210982,210989,223411,7,12422,2,43200,1.00056351634
211113,211119,211767,6,648,1,3600,1.00925925926
211217,211223,223339,6,12116,8,129600,1.00049521294
212064,212070,214458,6,2388,1,3600,1.00251256281
212469,212475,270939,6,58464,2,108000,1.00010262726
212604,212610,215072,6,2462,28,3600,1.00243704305
212722,212826,278164,104,65338,2,108000,1.00159172304
213094,213100,270818,6,57718,2,108000,1.00010395371
213222,213841,343457,619,129616,8,129600,1.00477564498
213367,213846,279791,479,65945,2,108000,1.00726362878
213584,214003,343651,419,129648,8,129600,1.00323182772
215455,215461,216191,6,730,2,10800,1.00821917808
218019,218025,218336,6,311,16,7200,1.0192926045
218021,218031,218338,10,307,16,7200,1.0325732899
218022,218036,218337,14,301,16,7200,1.04651162791
218435,219255,226506,820,7251,16,7200,1.11308784995
218447,221402,228639,2955,7237,16,7200,1.40831836396
218450,221407,228653,2957,7246,16,7200,1.40808722054
218793,223350,231228,4557,7878,10,28800,1.57844630617
218886,226518,229591,7632,3073,10,28800,3.48356654735
218957,219249,221391,292,2142,32,3600,1.13632119514
218995,219001,222959,6,3958,2,28800,1.00151591713
220244,220686,394772,442,174086,2,288000,1.00253897499
220586,220592,459234,6,238642,1,259200,1.00002514226
220892,220898,249707,6,28809,1,144000,1.00020826825
221064,221070,254165,6,33095,1,144000,1.00018129627
221664,222557,339438,893,116881,4,144000,1.00764024948
222734,222970,292499,236,69529,2,108000,1.00339426714
223476,223482,266694,6,43212,2,43200,1.00013885032
223992,223998,227197,6,3199,1,360000,1.00187558612
224504,229602,230451,5098,849,10,7200,7.00471142521
225217,225223,226352,6,1129,2,10800,1.00531443756
226031,226364,226582,333,218,2,10800,2.52752293578
226499,226523,226621,24,98,1,115200,1.24489795918
226691,226697,304601,6,77904,1,115200,1.00007701787
226721,226727,226932,6,205,2,14400,1.02926829268
227061,227068,227902,7,834,2,14400,1.00839328537
227735,227741,228364,6,623,2,14400,1.00963081862
227953,228650,238178,697,9528,18,68400,1.07315281276
228458,228664,238772,206,10108,18,32400,1.02037989711
228619,228669,228670,50,1,3,360000,5.1
228695,228701,344464,6,115763,3,360000,1.00005183003
229190,241942,333667,12752,91725,3,216000,1.13902425729
229242,240612,384638,11370,144026,4,144000,1.07894407954
229467,242842,360105,13375,117263,3,216000,1.11405984838
229966,237292,237299,7326,7,2,43200,733.3
230166,237310,240601,7144,3291,2,28800,3.17076876329
230480,231239,233064,759,1825,10,1800,1.41589041096
230833,233080,233563,2247,483,2,14400,5.65217391304
230999,237278,237281,6279,3,2,43200,628.2
231284,236925,242561,5641,5636,16,7200,2.00088715401
231349,232060,232062,711,2,1,10800,71.3
231465,233075,246710,1610,13635,18,57600,1.11807847451
232054,238194,245584,6140,7390,10,28800,1.83085250338
232264,233574,233825,1310,251,2,7200,6.21912350598
232301,248419,280856,16118,32437,9,32400,1.49690168635
232920,242581,256172,9661,13591,2,43200,1.71083805459
233232,233238,237267,6,4029,1,10800,1.00148920328
233426,234525,239981,1099,5456,4,7200,1.20142961877
234270,234277,234510,7,233,2,36000,1.03004291845
234272,234282,234510,10,228,2,36000,1.04385964912
234273,234288,234510,15,222,2,36000,1.06756756757
234274,234293,234510,19,217,2,36000,1.08755760369
234276,234298,234510,22,212,2,36000,1.10377358491
234277,234303,234510,26,207,2,36000,1.12560386473
234278,234309,234510,31,201,2,36000,1.15422885572
234280,234314,234510,34,196,2,36000,1.17346938776
234281,234319,234510,38,191,2,36000,1.19895287958
234282,234324,234510,42,186,2,36000,1.22580645161
234284,234330,234510,46,180,2,36000,1.25555555556
234285,234335,234510,50,175,2,36000,1.28571428571
234286,234340,234510,54,170,2,36000,1.31764705882
234288,234345,234510,57,165,2,36000,1.34545454545
234289,234350,234510,61,160,2,36000,1.38125
234290,234355,234510,65,155,2,36000,1.41935483871
234292,234360,234510,68,150,2,36000,1.45333333333
234293,234366,234510,73,144,2,36000,1.50694444444
234294,234371,234510,77,139,2,36000,1.55395683453
234295,234376,234510,81,134,2,36000,1.60447761194
234297,234381,234510,84,129,2,36000,1.6511627907
234298,234386,234510,88,124,2,36000,1.70967741935
234299,234392,234510,93,118,2,36000,1.78813559322
234301,234397,234510,96,113,2,36000,1.84955752212
234302,234402,234510,100,108,2,36000,1.92592592593
234303,234407,234510,104,103,2,36000,2.00970873786
234305,234413,234510,108,97,2,36000,2.11340206186
234306,234418,234510,112,92,2,36000,2.21739130435
234307,234423,234510,116,87,2,36000,2.33333333333
234309,234429,234510,120,81,2,36000,2.48148148148
234310,234434,234510,124,76,2,36000,2.63157894737
234311,234439,234510,128,71,2,36000,2.80281690141
234313,234444,234510,131,66,2,36000,2.98484848485
234314,234449,234510,135,61,2,36000,3.2131147541
234315,234454,234510,139,56,2,36000,3.48214285714
234317,234460,234510,143,50,2,36000,3.86
234318,234465,234510,147,45,2,36000,4.26666666667
234319,234470,234510,151,40,2,36000,4.775
234320,234475,234510,155,35,2,36000,5.42857142857
234322,234480,234510,158,30,2,36000,6.26666666667
234540,234546,238083,6,3537,2,36000,1.00169635284
234541,234552,237861,11,3309,2,36000,1.00332426715
234542,234557,237909,15,3352,2,36000,1.00447494033
234543,234562,238061,19,3499,2,36000,1.00543012289
234545,234567,237952,22,3385,2,36000,1.00649926145
234546,234573,238006,27,3433,2,36000,1.00786484125
234547,234579,238220,32,3641,2,36000,1.00878879429
234549,234584,238474,35,3890,2,36000,1.00899742931
234550,234589,238434,39,3845,2,36000,1.01014304291
234551,234594,238045,43,3451,2,36000,1.01246015648
234552,234600,238421,48,3821,2,36000,1.0125621565
234554,234605,238390,51,3785,2,36000,1.01347424042
234555,234610,238183,55,3573,2,36000,1.01539322698
234556,234615,238071,59,3456,2,36000,1.01707175926
234558,234620,238195,62,3575,2,36000,1.01734265734
234559,234626,238254,67,3628,2,36000,1.01846747519
234560,234631,237941,71,3310,2,36000,1.02145015106
234562,234636,237969,74,3333,2,36000,1.02220222022
234563,234642,238444,79,3802,2,36000,1.02077853761
234564,234647,238118,83,3471,2,36000,1.02391241717
234566,234652,238064,86,3412,2,36000,1.02520515826
234567,234657,238031,90,3374,2,36000,1.02667457024
234568,234662,238329,94,3667,2,36000,1.02563403327
234570,234667,238503,97,3836,2,36000,1.02528675704
234571,234673,238083,102,3410,2,36000,1.02991202346
234572,234678,238191,106,3513,2,36000,1.03017364076
234574,234683,238369,109,3686,2,36000,1.02957135106
234575,234689,238173,114,3484,2,36000,1.03272101033
234576,234694,238417,118,3723,2,36000,1.03169486973
234577,234699,238360,122,3661,2,36000,1.03332422835
234579,234704,238351,125,3647,2,36000,1.03427474637
234580,234710,238044,130,3334,2,36000,1.03899220156
234581,234715,238618,134,3903,2,36000,1.03433256469
234583,234720,238251,137,3531,2,36000,1.03879920702
234584,234725,238249,141,3524,2,36000,1.04001135074
234585,234730,238169,145,3439,2,36000,1.0421634196
234587,234736,238147,149,3411,2,36000,1.04368220463
234588,234741,238316,153,3575,2,36000,1.0427972028
234589,234746,238328,157,3582,2,36000,1.04383026242
234591,234751,238382,160,3631,2,36000,1.04406499587
234960,239993,263043,5033,23050,10,28800,1.21835140998
237863,237872,241442,9,3570,2,36000,1.0025210084
237911,237921,241483,10,3562,2,36000,1.00280741157
237941,237952,241415,11,3463,2,36000,1.00317643662
237955,237963,242001,8,4038,2,36000,1.0019811788
237970,237980,241502,10,3522,2,36000,1.00283929585
238009,238017,241733,8,3716,2,36000,1.00215285253
238032,238042,241646,10,3604,2,36000,1.00277469478
238047,238056,241561,9,3505,2,36000,1.00256776034
238048,238061,241680,13,3619,2,36000,1.00359215253
238063,238072,241553,9,3481,2,36000,1.00258546395
238078,238084,241913,6,3829,2,36000,1.00156698877
238079,238090,241707,11,3617,2,36000,1.00304119436
238081,238096,241875,15,3779,2,36000,1.00396930405
238095,238102,241762,7,3660,2,36000,1.00191256831
238103,238189,238344,86,155,1,1200,1.55483870968
238119,238129,242372,10,4243,2,36000,1.002356823
238149,238158,241633,9,3475,2,36000,1.00258992806
238170,238180,241638,10,3458,2,36000,1.002891845
238185,238200,241813,15,3613,2,36000,1.00415167451
238187,238205,241620,18,3415,2,36000,1.00527086384
238202,238211,241574,9,3363,2,36000,1.00267618198
238203,238216,242022,13,3806,2,36000,1.00341565949
238221,238231,241483,10,3252,2,36000,1.00307503075
238251,238261,241891,10,3630,2,36000,1.00275482094
238266,238272,241778,6,3506,2,36000,1.00171135197
238267,238278,241538,11,3260,2,36000,1.00337423313
238318,238327,241945,9,3618,2,36000,1.00248756219
238333,238339,241655,6,3316,2,36000,1.00180940893
238335,238345,241975,10,3630,2,36000,1.00275482094
238352,238362,241921,10,3559,2,36000,1.00280977803
238363,238369,238885,6,516,1,1200,1.01162790698
238367,238375,242022,8,3647,2,36000,1.00219358377
238377,238783,241137,406,2354,18,32400,1.17247238743
238382,238388,242152,6,3764,2,36000,1.00159404888
238383,238394,241894,11,3500,2,36000,1.00314285714
238398,238404,241867,6,3463,2,36000,1.00173260179
238419,238429,242034,10,3605,2,36000,1.0027739251
238434,238440,241814,6,3374,2,36000,1.00177830468
238436,238446,242032,10,3586,2,36000,1.00278862242
238450,238456,242002,6,3546,2,36000,1.00169204738
238474,238485,242446,11,3961,2,36000,1.0027770765
238504,238514,242500,10,3986,2,36000,1.00250878073
238619,238629,242321,10,3692,2,36000,1.00270855905
240723,244506,295532,3783,51026,4,144000,1.0741386744
240797,246595,295535,5798,48940,4,144000,1.11847159787
240847,248424,295541,7577,47117,4,144000,1.16081244561
241416,241426,245179,10,3753,2,36000,1.00266453504
241443,241454,244910,11,3456,2,36000,1.00318287037
241482,241494,245118,12,3624,2,36000,1.00331125828
241497,241503,244837,6,3334,2,36000,1.00179964007
241511,241517,245437,6,3920,2,36000,1.00153061224
241541,241549,245033,8,3484,2,36000,1.00229621125
241555,241564,245213,9,3649,2,36000,1.00246642916
241570,241576,244974,6,3398,2,36000,1.00176574456
241585,241591,245215,6,3624,2,36000,1.00165562914
241620,241631,245083,11,3452,2,36000,1.00318655852
241635,241645,245213,10,3568,2,36000,1.00280269058
241650,241656,245297,6,3641,2,36000,1.00164789893
241651,241662,245475,11,3813,2,36000,1.00288486756
241666,241672,245056,6,3384,2,36000,1.00177304965
241680,241692,248599,12,6907,2,36000,1.00173736789
241707,241718,245093,11,3375,2,36000,1.00325925926
241734,241744,245248,10,3504,2,36000,1.00285388128
241764,241774,245660,10,3886,2,36000,1.0025733402
241779,241789,245585,10,3796,2,36000,1.00263435195
241815,241824,245448,9,3624,2,36000,1.00248344371
241816,241830,245625,14,3795,2,36000,1.00368906456
241867,241878,245468,11,3590,2,36000,1.00306406685
241882,241888,245657,6,3769,2,36000,1.0015919342
241897,241903,245466,6,3563,2,36000,1.00168397418
241898,241909,245277,11,3368,2,36000,1.00326603325
241913,241924,245684,11,3760,2,36000,1.00292553191
241928,241934,245328,6,3394,2,36000,1.00176782557
241946,241956,245609,10,3653,2,36000,1.00273747605
241976,241987,245626,11,3639,2,36000,1.00302280846
241987,242576,245678,589,3102,32,7200,1.18987749839
242003,242012,245659,9,3647,2,36000,1.00246778174
242004,242018,245352,14,3334,2,36000,1.00419916017
242022,242033,245602,11,3569,2,36000,1.00308209583
242024,242038,245655,14,3617,2,36000,1.003870611
242039,242045,245769,6,3724,2,36000,1.00161117078
242040,242051,245584,11,3533,2,36000,1.00311350127
242136,246590,248403,4454,1813,32,1800,3.45670159956
242155,242163,245877,8,3714,2,36000,1.00215401185
242324,242332,245581,8,3249,2,36000,1.00246229609
242375,242383,245740,8,3357,2,36000,1.00238308013
242447,242457,246229,10,3772,2,36000,1.00265111347
242501,242511,245895,10,3384,2,36000,1.00295508274
243072,246540,246778,3468,238,16,1500,15.5714285714
244842,244848,248392,6,3544,2,36000,1.00169300226
244911,244921,248268,10,3347,2,36000,1.00298775022
244976,244985,248882,9,3897,2,36000,1.00230946882
245037,245044,248560,7,3516,2,36000,1.00199089875
245058,245067,248525,9,3458,2,36000,1.0026026605
245085,245095,248845,10,3750,2,36000,1.00266666667
245100,245106,248628,6,3522,2,36000,1.00170357751
245121,245129,248401,8,3272,2,36000,1.00244498778
245181,245190,248522,9,3332,2,36000,1.00270108043
245215,245224,248828,9,3604,2,36000,1.00249722531
245216,245229,249006,13,3777,2,36000,1.00344188509
245231,245237,248836,6,3599,2,36000,1.00166712976
245249,245260,248881,11,3621,2,36000,1.00303783485
245279,245288,249009,9,3721,2,36000,1.00241870465
245300,245308,249011,8,3703,2,36000,1.00216041048
245329,245339,248718,10,3379,2,36000,1.00295945546
245353,245364,248868,11,3504,2,36000,1.00313926941
245438,245448,249000,10,3552,2,36000,1.00281531532
245452,245459,248968,7,3509,2,36000,1.00199487033
245467,245477,249212,10,3735,2,36000,1.00267737617
245482,245488,249168,6,3680,2,36000,1.00163043478
245483,245494,249164,11,3670,2,36000,1.0029972752
245585,245592,249125,7,3533,2,36000,1.00198131899
245586,245598,248964,12,3366,2,36000,1.00356506239
245601,245607,249016,6,3409,2,36000,1.00176004693
245616,245622,248866,6,3244,2,36000,1.00184956843
245617,245628,249384,11,3756,2,36000,1.0029286475
245632,245638,249424,6,3786,2,36000,1.00158478605
245633,245644,249227,11,3583,2,36000,1.00307005303
245658,245666,249298,8,3632,2,36000,1.00220264317
245660,245672,249250,12,3578,2,36000,1.00335382895
245675,245681,248980,6,3299,2,36000,1.00181873295
245676,245687,249148,11,3461,2,36000,1.00317827218
245691,245696,248950,5,3254,2,36000,1.00153657037
245742,245751,249211,9,3460,2,36000,1.00260115607
245769,245780,249328,11,3548,2,36000,1.00310033822
245840,245845,246241,5,396,1,1200,1.01262626263
245878,245888,249295,10,3407,2,36000,1.00293513355
245896,245907,249688,11,3781,2,36000,1.00290928326
246232,246240,249614,8,3374,2,36000,1.00237107291
246600,246789,250820,189,4031,32,7200,1.04688662863
246811,246818,255707,7,8889,3,32400,1.00078749016
246961,248429,265116,1468,16687,3,32400,1.08797267334
247858,248414,249366,556,952,1,1200,1.58403361345
248026,248439,256306,413,7867,1,10800,1.05249777552
248269,248279,251886,10,3607,2,36000,1.00277238703
248393,248403,252068,10,3665,2,36000,1.00272851296
248408,248434,254330,26,5896,2,36000,1.00440976934
248525,248531,284557,6,36026,2,36000,1.00016654638
248527,248538,251928,11,3390,2,36000,1.00324483776
248563,248574,252101,11,3527,2,36000,1.00311879785
248599,248605,252117,6,3512,2,36000,1.00170842825
248629,248635,251986,6,3351,2,36000,1.0017905103
248719,248726,252322,7,3596,2,36000,1.00194660734
248828,248834,253218,6,4384,2,36000,1.00136861314
248843,248849,252794,6,3945,2,36000,1.00152091255
248858,248864,252801,6,3937,2,36000,1.00152400305
248873,248879,252401,6,3522,2,36000,1.00170357751
248874,248885,252648,11,3763,2,36000,1.00292319957
248889,248895,252355,6,3460,2,36000,1.00173410405
248890,248901,284906,11,36005,2,36000,1.00030551312
248951,248957,252399,6,3442,2,36000,1.00174317257
248966,248972,252830,6,3858,2,36000,1.00155520995
248980,248987,252441,7,3454,2,36000,1.00202663578
248982,248993,252602,11,3609,2,36000,1.00304793572
249003,249009,252803,6,3794,2,36000,1.00158144439
249018,249024,252454,6,3430,2,36000,1.00174927114
249019,249030,252274,11,3244,2,36000,1.00339087546
249020,249035,253109,15,4074,2,36000,1.00368188513
249022,249040,252587,18,3547,2,36000,1.00507471102
249127,249133,252703,6,3570,2,36000,1.00168067227
249151,249157,252437,6,3280,2,36000,1.00182926829
249166,249172,252779,6,3607,2,36000,1.00166343222
249181,249187,252828,6,3641,2,36000,1.00164789893
249211,249217,252528,6,3311,2,36000,1.00181214135
249226,249232,285263,6,36031,2,36000,1.00016652327
249241,249247,285264,6,36017,2,36000,1.000166588
249256,249262,252791,6,3529,2,36000,1.00170019836
249295,249301,253104,6,3803,2,36000,1.00157770181
249309,249316,252800,7,3484,2,36000,1.00200918485
249330,249336,253699,6,4363,2,36000,1.00137520055
249385,249391,253498,6,4107,2,36000,1.00146092038
249426,249433,253580,7,4147,2,36000,1.00168796721
249617,249623,253361,6,3738,2,36000,1.00160513644
249689,249696,253253,7,3557,2,36000,1.00196795052
250211,253792,254409,3581,617,64,600,6.8038897893
250459,250465,251744,6,1279,1,1200,1.00469116497
250868,250875,253781,7,2906,32,5400,1.00240880936
250965,254421,280821,3456,26400,32,43200,1.13090909091
251890,251896,255416,6,3520,2,36000,1.00170454545
251930,251936,255617,6,3681,2,36000,1.00162999185
251988,251994,255681,6,3687,2,36000,1.0016273393
252070,252076,255549,6,3473,2,36000,1.00172761301
252103,252109,255818,6,3709,2,36000,1.00161768671
252117,252124,255779,7,3655,2,36000,1.00191518468
252275,252281,255831,6,3550,2,36000,1.00169014085
252323,252330,255749,7,3419,2,36000,1.00204738228
252356,252363,256326,7,3963,2,36000,1.00176633863
252402,252408,255585,6,3177,2,36000,1.00188857413
252403,252414,255903,11,3489,2,36000,1.00315276584
252439,252445,255974,6,3529,2,36000,1.00170019836
252454,252460,255776,6,3316,2,36000,1.00180940893
252455,252466,255865,11,3399,2,36000,1.00323624595
252528,252534,256568,6,4034,2,36000,1.00148735746
252589,252595,256136,6,3541,2,36000,1.0016944366
252603,252609,255974,6,3365,2,36000,1.00178306092
252648,252655,256886,7,4231,2,36000,1.00165445521
252706,252712,255949,6,3237,2,36000,1.00185356812
252781,252787,288824,6,36037,2,36000,1.00016649555
252796,252802,256488,6,3686,2,36000,1.00162778079
252797,252808,256479,11,3671,2,36000,1.00299645873
252812,252819,256108,7,3289,2,36000,1.00212830648
252814,252824,256052,10,3228,2,36000,1.00309789343
252815,252830,256339,15,3509,2,36000,1.00427472214
252830,252836,256615,6,3779,2,36000,1.00158772162
252831,252842,256040,11,3198,2,36000,1.00343964978
252867,254431,258875,1564,4444,8,86400,1.35193519352
253107,253113,289159,6,36046,2,36000,1.00016645398
253122,253128,256644,6,3516,2,36000,1.00170648464
253218,253225,256869,7,3644,2,36000,1.00192096597
253255,253261,256785,6,3524,2,36000,1.00170261067
253364,253370,256951,6,3581,2,36000,1.00167550963
253500,253506,257071,6,3565,2,36000,1.00168302945
253582,253588,257250,6,3662,2,36000,1.00163844894
253699,253705,257592,6,3887,2,36000,1.00154360689
253871,253877,255175,6,1298,1,1200,1.00462249615
254298,254426,254456,128,30,4,3600,5.26666666667
254332,254338,257891,6,3553,2,36000,1.00168871376
254599,254605,254683,6,78,4,3600,1.07692307692
254770,254776,254826,6,50,4,3600,1.12
254881,254887,256336,6,1449,4,3600,1.00414078675
255418,255425,258813,7,3388,2,36000,1.0020661157
255551,255557,259794,6,4237,2,36000,1.00141609629
255587,255593,291630,6,36037,2,36000,1.00016649555
255617,255624,260067,7,4443,2,36000,1.00157551204
255683,255689,259298,6,3609,2,36000,1.00166251039
255751,255758,259758,7,4000,2,36000,1.00175
255778,255785,259521,7,3736,2,36000,1.00187366167
255780,255791,259194,11,3403,2,36000,1.00323244196
255804,255810,256200,6,390,1,1200,1.01538461538
255819,255825,260674,6,4849,2,36000,1.00123736853
255834,255840,259302,6,3462,2,36000,1.00173310225
255867,255873,259185,6,3312,2,36000,1.0018115942
255906,255912,261232,6,5320,2,36000,1.00112781955
255951,255957,260206,6,4249,2,36000,1.00141209696
255975,255981,260142,6,4161,2,36000,1.00144196107
255976,255987,259574,11,3587,2,36000,1.0030666295
256043,256049,260033,6,3984,2,36000,1.0015060241
256058,256063,259585,5,3522,2,36000,1.00141964793
256109,256115,259805,6,3690,2,36000,1.00162601626
256139,256145,259521,6,3376,2,36000,1.00177725118
256329,256335,259555,6,3220,2,36000,1.00186335404
256343,256349,259913,6,3564,2,36000,1.00168350168
256479,256485,259971,6,3486,2,36000,1.0017211704
256494,256500,260536,6,4036,2,36000,1.00148662042
256570,256576,260216,6,3640,2,36000,1.00164835165
256618,256624,259988,6,3364,2,36000,1.00178359096
256646,256652,260266,6,3614,2,36000,1.00166021029
256721,256727,257410,6,683,1,1200,1.00878477306
256786,256792,260779,6,3987,2,36000,1.0015048909
256870,256876,260458,6,3582,2,36000,1.00167504188
256888,256894,260627,6,3733,2,36000,1.00160728636
256928,257265,282953,337,25688,4,36000,1.01311896605
256951,256957,259981,6,3024,2,36000,1.00198412698
257072,257078,260358,6,3280,2,36000,1.00182926829
257253,257259,260744,6,3485,2,36000,1.00172166428
257595,257601,261853,6,4252,2,36000,1.00141110066
257891,257898,261485,7,3587,2,36000,1.0019514915
258814,258821,294846,7,36025,2,36000,1.00019430951
259187,259193,262695,6,3502,2,36000,1.00171330668
259202,259208,262999,6,3791,2,36000,1.00158269586
259301,259307,262691,6,3384,2,36000,1.00177304965
259316,259322,262563,6,3241,2,36000,1.00185128047
259524,259530,263291,6,3761,2,36000,1.00159532039
259525,259536,263495,11,3959,2,36000,1.00277847941
259558,259564,263086,6,3522,2,36000,1.00170357751
259576,259582,263128,6,3546,2,36000,1.00169204738
259591,259596,262818,5,3222,2,36000,1.00155183116
259760,259766,264438,6,4672,2,36000,1.00128424658
259796,259802,263614,6,3812,2,36000,1.00157397692
259811,259816,264208,5,4392,2,36000,1.00113843352
259910,259916,263603,6,3687,2,36000,1.0016273393
259973,259979,263362,6,3383,2,36000,1.00177357375
259988,259994,263704,6,3710,2,36000,1.00161725067
259989,260000,263709,11,3709,2,36000,1.00296575896
260034,260040,264793,6,4753,2,36000,1.00126236061
260067,260073,263251,6,3178,2,36000,1.00188797986
260142,260149,263982,7,3833,2,36000,1.00182624576
260209,260215,296238,6,36023,2,36000,1.00016656025
260223,260230,264339,7,4109,2,36000,1.00170357751
260268,260275,263842,7,3567,2,36000,1.00196243342
260359,260365,263762,6,3397,2,36000,1.00176626435
260461,260467,264792,6,4325,2,36000,1.00138728324
260539,260545,264830,6,4285,2,36000,1.00140023337
260629,260635,264165,6,3530,2,36000,1.00169971671
260674,260680,264028,6,3348,2,36000,1.0017921147
260746,260752,264127,6,3375,2,36000,1.00177777778
260779,260785,264811,6,4026,2,36000,1.00149031297
261234,261241,297249,7,36008,2,36000,1.00019440124
261488,261494,264851,6,3357,2,36000,1.0017873101
261855,261862,265860,7,3998,2,36000,1.00175087544
262566,262572,266157,6,3585,2,36000,1.00167364017
262692,262698,266255,6,3557,2,36000,1.00168681473
262707,262713,266267,6,3554,2,36000,1.0016882386
262819,262825,266437,6,3612,2,36000,1.00166112957
262999,263005,266734,6,3729,2,36000,1.00160901046
263089,263096,266845,7,3749,2,36000,1.00186716458
263128,263134,266653,6,3519,2,36000,1.00170502984
263252,263258,266977,6,3719,2,36000,1.00161333692
263294,263300,266569,6,3269,2,36000,1.00183542368
263363,263369,267025,6,3656,2,36000,1.00164113786
263498,263504,267125,6,3621,2,36000,1.00165700083
263603,263610,266997,7,3387,2,36000,1.00206672572
263618,263624,267228,6,3604,2,36000,1.00166481687
263706,263712,267266,6,3554,2,36000,1.0016882386
263720,263726,267595,6,3869,2,36000,1.00155078832
263765,263771,267330,6,3559,2,36000,1.00168586682
263843,263850,267236,7,3386,2,36000,1.00206733609
263985,263991,267642,6,3651,2,36000,1.00164338537
264030,264036,267944,6,3908,2,36000,1.00153531218
264129,264135,267438,6,3303,2,36000,1.00181653043
264165,264171,267556,6,3385,2,36000,1.00177252585
264210,264216,300249,6,36033,2,36000,1.00016651403
264339,264346,267119,7,2773,2,36000,1.00252434187
264439,264445,268297,6,3852,2,36000,1.0015576324
264794,264800,269149,6,4349,2,36000,1.0013796275
264796,264806,268269,10,3463,2,36000,1.00288766965
264813,264819,268405,6,3586,2,36000,1.00167317345
264831,264837,268313,6,3476,2,36000,1.00172612198
264852,264858,268634,6,3776,2,36000,1.00158898305
265861,265868,269554,7,3686,2,36000,1.00189907759
266159,266165,269847,6,3682,2,36000,1.00162954916
266256,266262,302273,6,36011,2,36000,1.00016661576
266270,266276,269727,6,3451,2,36000,1.00173862649
266439,266445,270284,6,3839,2,36000,1.00156290701
266571,266577,270014,6,3437,2,36000,1.00174570847
266655,266662,270280,7,3618,2,36000,1.00193477059
266734,266740,270807,6,4067,2,36000,1.00147528891
266848,266854,270338,6,3484,2,36000,1.00172215844
266978,266984,270497,6,3513,2,36000,1.00170794193
266998,267005,270329,7,3324,2,36000,1.00210589651
267026,267032,270351,6,3319,2,36000,1.00180777343
267122,267128,303158,6,36030,2,36000,1.00016652789
267137,267143,270664,6,3521,2,36000,1.00170406135
267230,267236,270645,6,3409,2,36000,1.00176004693
267245,267251,270910,6,3659,2,36000,1.00163979229
267266,267272,271065,6,3793,2,36000,1.00158186132
267332,267338,303363,6,36025,2,36000,1.00016655101
267440,267446,270644,6,3198,2,36000,1.00187617261
267555,267561,271537,6,3976,2,36000,1.00150905433
267596,267603,271422,7,3819,2,36000,1.00183294056
267641,267648,271129,7,3481,2,36000,1.0020109164
267946,267952,270823,6,2871,2,36000,1.00208986416
268269,268275,272344,6,4069,2,36000,1.00147456377
268299,268305,272572,6,4267,2,36000,1.00140614015
268314,268320,272526,6,4206,2,36000,1.00142653352
268407,268413,272021,6,3608,2,36000,1.00166297118
268636,268642,272190,6,3548,2,36000,1.00169109357
269149,269155,272517,6,3362,2,36000,1.00178465199
269556,269562,273447,6,3885,2,36000,1.00154440154
269728,269734,273122,6,3388,2,36000,1.00177095632
269848,269854,273592,6,3738,2,36000,1.00160513644
270014,270020,273380,6,3360,2,36000,1.00178571429
270282,270288,273819,6,3531,2,36000,1.00169923534
270297,270303,273617,6,3314,2,36000,1.00181050091
270330,270336,274791,6,4455,2,36000,1.00134680135
270345,270351,273612,6,3261,2,36000,1.0018399264
270359,270365,273577,6,3212,2,36000,1.00186799502
270498,270504,275086,6,4582,2,36000,1.00130947185
270646,270652,274408,6,3756,2,36000,1.00159744409
270647,270658,274076,11,3418,2,36000,1.00321825629
270665,270671,273978,6,3307,2,36000,1.00181433323
270811,270817,274100,6,3283,2,36000,1.00182759671
270825,270831,306860,6,36029,2,36000,1.00016653252
270910,270916,274521,6,3605,2,36000,1.00166435506
271067,271073,274464,6,3391,2,36000,1.00176938956
271130,271137,274536,7,3399,2,36000,1.00205942924
271424,271430,275224,6,3794,2,36000,1.00158144439
271539,271545,275136,6,3591,2,36000,1.00167084378
272022,272028,275749,6,3721,2,36000,1.00161246977
272192,272198,275723,6,3525,2,36000,1.00170212766
272346,272352,276038,6,3686,2,36000,1.00162778079
272520,272526,275879,6,3353,2,36000,1.00178944229
272535,272541,276095,6,3554,2,36000,1.0016882386
272574,272580,308626,6,36046,2,36000,1.00016645398
273123,273129,276996,6,3867,2,36000,1.00155159038
273382,273388,277178,6,3790,2,36000,1.00158311346
273448,273454,276870,6,3416,2,36000,1.00175644028
273578,273584,278850,6,5266,2,36000,1.00113938473
273593,273599,277430,6,3831,2,36000,1.00156617071
273614,273620,277123,6,3503,2,36000,1.00171281758
273628,273634,278343,6,4709,2,36000,1.00127415587
273819,273825,277123,6,3298,2,36000,1.00181928441
273979,273985,277057,6,3072,2,36000,1.001953125
274078,274084,277356,6,3272,2,36000,1.00183374083
274102,274108,277434,6,3326,2,36000,1.00180396873
274409,274416,277925,7,3509,2,36000,1.00199487033
274464,274470,278473,6,4003,2,36000,1.00149887584
274524,274530,278508,6,3978,2,36000,1.00150829563
274538,274545,278115,7,3570,2,36000,1.00196078431
274795,274801,278718,6,3917,2,36000,1.00153178453
275087,275094,279337,7,4243,2,36000,1.0016497761
275139,275145,278864,6,3719,2,36000,1.00161333692
275226,275232,279100,6,3868,2,36000,1.00155118925
275693,275699,275815,6,116,1,1800,1.05172413793
275724,275730,279876,6,4146,2,36000,1.001447178
275751,275758,279949,7,4191,2,36000,1.00167024576
275881,275887,279287,6,3400,2,36000,1.00176470588
276041,276047,279488,6,3441,2,36000,1.00174367916
276098,276104,279711,6,3607,2,36000,1.00166343222
276132,276138,276249,6,111,1,1800,1.05405405405
276872,276878,280039,6,3161,2,36000,1.0018981335
276898,276905,277405,7,500,1,1800,1.014
276996,277002,280509,6,3507,2,36000,1.00171086399
277059,277065,280797,6,3732,2,36000,1.00160771704
277126,277131,280504,5,3373,2,36000,1.00148235992
277127,277137,280747,10,3610,2,36000,1.0027700831
277178,277184,280525,6,3341,2,36000,1.0017958695
277356,277363,281066,7,3703,2,36000,1.00189035917
277432,277438,280899,6,3461,2,36000,1.001733603
277447,277453,281102,6,3649,2,36000,1.00164428611
277587,280867,281498,3280,631,64,600,6.19809825674
277928,277934,281650,6,3716,2,36000,1.0016146394
278118,278124,281967,6,3843,2,36000,1.00156128025
278344,278350,281650,6,3300,2,36000,1.00181818182
278473,278480,281585,7,3105,2,36000,1.00225442834
278510,278516,283196,6,4680,2,36000,1.00128205128
278721,278727,282167,6,3440,2,36000,1.00174418605
278851,278857,282384,6,3527,2,36000,1.00170116246
278859,278865,279077,6,212,1,600,1.02830188679
278865,278872,282600,7,3728,2,36000,1.0018776824
279102,279108,282443,6,3335,2,36000,1.00179910045
279239,279245,279294,6,49,1,1800,1.12244897959
279289,279295,282704,6,3409,2,36000,1.00176004693
279337,279343,282626,6,3283,2,36000,1.00182759671
279488,279495,283064,7,3569,2,36000,1.00196133371
279493,279501,279615,8,114,1,1800,1.0701754386
279641,279647,279725,6,78,1,1800,1.07692307692
279712,279718,315755,6,36037,2,36000,1.00016649555
279877,279884,283567,7,3683,2,36000,1.00190062449
279949,279956,283372,7,3416,2,36000,1.00204918033
280007,280014,280121,7,107,1,1800,1.06542056075
280040,280046,283774,6,3728,2,36000,1.00160944206
280505,280511,284830,6,4319,2,36000,1.00138921047
280520,280526,283955,6,3429,2,36000,1.00174978128
280534,280540,283730,6,3190,2,36000,1.00188087774
280626,280632,280900,6,268,1,1800,1.0223880597
280749,280755,284214,6,3459,2,36000,1.00173460538
280798,280804,284201,6,3397,2,36000,1.00176626435
280812,280818,281382,6,564,1,1800,1.01063829787
280900,280910,284398,10,3488,2,36000,1.00286697248
281066,281072,284751,6,3679,2,36000,1.00163087796
281105,281111,284388,6,3277,2,36000,1.00183094294
281588,281594,285084,6,3490,2,36000,1.00171919771
281651,281658,285516,7,3858,2,36000,1.00181441161
281653,281664,285045,11,3381,2,36000,1.0032534753
281970,281976,285387,6,3411,2,36000,1.00175901495
282169,282175,286724,6,4549,2,36000,1.0013189712
282355,282361,282993,6,632,64,600,1.00949367089
282386,282392,286214,6,3822,2,36000,1.00156985871
282446,282452,286214,6,3762,2,36000,1.00159489633
282600,282606,285891,6,3285,2,36000,1.00182648402
282627,282633,286410,6,3777,2,36000,1.00158856235
282706,282712,286529,6,3817,2,36000,1.00157191512
283066,283072,286560,6,3488,2,36000,1.00172018349
283158,283164,283771,6,607,64,600,1.00988467875
283173,283741,291088,568,7347,4,36000,1.07731046686
283198,283205,286510,7,3305,2,36000,1.00211800303
283262,283269,283318,7,49,1,1800,1.14285714286
283374,283380,287034,6,3654,2,36000,1.00164203612
283570,283576,286864,6,3288,2,36000,1.00182481752
283737,283747,283827,10,80,1,1800,1.125
283742,283753,287341,11,3588,2,36000,1.0030657748
283775,283781,287153,6,3372,2,36000,1.00177935943
283956,283963,287521,7,3558,2,36000,1.00196739741
284042,284048,284298,6,250,64,600,1.024
284204,284210,287895,6,3685,2,36000,1.00162822252
284219,284224,287796,5,3572,2,36000,1.00139977604
284388,284394,287912,6,3518,2,36000,1.0017055145
284403,284409,287749,6,3340,2,36000,1.00179640719
284488,285210,285580,722,370,64,600,2.95135135135
284751,284757,288402,6,3645,2,36000,1.00164609053
284832,284839,288528,7,3689,2,36000,1.00189753321
284847,284853,285125,6,272,1,1800,1.02205882353
285047,285053,288497,6,3444,2,36000,1.00174216028
285086,285092,288907,6,3815,2,36000,1.00157273919
285388,285394,288896,6,3502,2,36000,1.00171330668
285518,285524,289108,6,3584,2,36000,1.00167410714
285891,285897,289321,6,3424,2,36000,1.00175233645
286214,286220,289900,6,3680,2,36000,1.00163043478
286216,286226,289659,10,3433,2,36000,1.00291290417
286412,286418,289868,6,3450,2,36000,1.00173913043
286478,286484,286768,6,284,16,1200,1.02112676056
286512,286518,289993,6,3475,2,36000,1.00172661871
286530,286536,290108,6,3572,2,36000,1.00167973124
286557,286563,289884,6,3321,2,36000,1.00180668473
286725,286732,290476,7,3744,2,36000,1.00186965812
286864,286870,290567,6,3697,2,36000,1.00162293752
287036,287042,290774,6,3732,2,36000,1.00160771704
287154,287160,290802,6,3642,2,36000,1.00164744646
287177,287183,287937,6,754,32,1200,1.00795755968
287342,287348,290911,6,3563,2,36000,1.00168397418
287522,287529,291121,7,3592,2,36000,1.00194877506
287752,287758,291036,6,3278,2,36000,1.00183038438
287797,287803,291243,6,3440,2,36000,1.00174418605
287884,287948,288316,64,368,64,600,1.17391304348
287896,287903,291389,7,3486,2,36000,1.00200803213
287914,287920,291652,6,3732,2,36000,1.00160771704
288055,289228,290069,1173,841,64,1200,2.39476813317
288403,288409,292258,6,3849,2,36000,1.00155884645
288499,288506,292006,7,3500,2,36000,1.002
288529,288536,291905,7,3369,2,36000,1.00207776788
288897,288904,292417,7,3513,2,36000,1.00199259892
288912,288918,292536,6,3618,2,36000,1.00165837479
289108,289114,292519,6,3405,2,36000,1.00176211454
289322,289328,292973,6,3645,2,36000,1.00164609053
289662,289668,293402,6,3734,2,36000,1.00160685592
289870,289877,293527,7,3650,2,36000,1.00191780822
289885,289892,293383,7,3491,2,36000,1.00200515612
289900,289906,293259,6,3353,2,36000,1.00178944229
289994,290000,293671,6,3671,2,36000,1.00163443203
290112,290118,293734,6,3616,2,36000,1.00165929204
290478,290484,293981,6,3497,2,36000,1.00171575636
290570,290576,294415,6,3839,2,36000,1.00156290701
290723,290729,300479,6,9750,2,108000,1.00061538462
290777,290783,294672,6,3889,2,36000,1.00154281306
290804,290810,294373,6,3563,2,36000,1.00168397418
290838,290844,335313,6,44469,1,172800,1.00013492545
290913,290920,294524,7,3604,2,36000,1.00194228635
290946,290952,291567,6,615,64,600,1.00975609756
291007,291013,291578,6,565,2,108000,1.01061946903
291037,291044,294595,7,3551,2,36000,1.0019712757
291122,291128,294879,6,3751,2,36000,1.00159957345
291242,291248,292058,6,810,4,36000,1.00740740741
291246,291253,294782,7,3529,2,36000,1.00198356475
291391,291397,295220,6,3823,2,36000,1.00156944808
291492,291498,344830,6,53332,2,108000,1.00011250281
291655,291661,295243,6,3582,2,36000,1.00167504188
291906,291914,296104,8,4190,2,36000,1.00190930788
292009,292015,295598,6,3583,2,36000,1.00167457438
292259,292265,295677,6,3412,2,36000,1.00175849941
292419,292425,295986,6,3561,2,36000,1.00168491997
292513,292519,564594,6,272075,4,288000,1.00002205274
292519,292525,296086,6,3561,2,36000,1.00168491997
292537,292543,296279,6,3736,2,36000,1.00160599572
292823,292829,328850,6,36021,4,36000,1.0001665695
292893,292899,331169,6,38270,2,108000,1.00015678077
292974,292980,296614,6,3634,2,36000,1.0016510732
293077,293083,296703,6,3620,12,3600,1.00165745856
293262,293268,297304,6,4036,2,36000,1.00148662042
293383,293389,297220,6,3831,2,36000,1.00156617071
293404,293410,297191,6,3781,2,36000,1.00158688178
293527,293534,297166,7,3632,2,36000,1.00192731278
293672,293678,297290,6,3612,2,36000,1.00166112957
293736,293742,297254,6,3512,2,36000,1.00170842825
293983,293990,297422,7,3432,2,36000,1.00203962704
294376,294382,297928,6,3546,2,36000,1.00169204738
294377,294388,403303,11,108915,4,144000,1.00010099619
294416,294422,298023,6,3601,2,36000,1.00166620383
294525,294531,298036,6,3505,2,36000,1.00171184023
294599,294605,298245,6,3640,2,36000,1.00164835165
294675,294681,298068,6,3387,2,36000,1.00177147919
294680,294687,294690,7,3,2,36000,1.0
294785,294791,298382,6,3591,2,36000,1.00167084378
294805,294811,294815,6,4,2,36000,1.0
294862,294868,301997,6,7129,2,36000,1.00084163277
294881,294887,298406,6,3519,2,36000,1.00170502984
294908,294914,301999,6,7085,2,36000,1.00084685956
295013,295020,302002,7,6982,2,36000,1.00100257806
295101,295107,302002,6,6895,2,36000,1.00087019579
295221,295227,298955,6,3728,2,36000,1.00160944206
295245,295251,299061,6,3810,2,36000,1.00157480315
295594,295601,299343,7,3742,2,36000,1.0018706574
295680,295686,299306,6,3620,2,36000,1.00165745856
295711,295717,304146,6,8429,1,10800,1.00071182821
295987,295993,299795,6,3802,2,36000,1.00157811678
296087,296093,299654,6,3561,2,36000,1.00168491997
296105,296111,299700,6,3589,2,36000,1.00167177487
296280,296287,299958,7,3671,2,36000,1.00190683737
296616,296622,300097,6,3475,2,36000,1.00172661871
297021,297027,299031,6,2004,9,32400,1.00299401198
297168,297174,301005,6,3831,2,36000,1.00156617071
297192,297198,300522,6,3324,2,36000,1.00180505415
297222,297229,300847,7,3618,2,36000,1.00193477059
297255,297262,300967,7,3705,2,36000,1.00188933873
297288,297295,300869,7,3574,2,36000,1.00195858982
297306,297312,300842,6,3530,2,36000,1.00169971671
297425,297431,301083,6,3652,2,36000,1.00164293538
297685,297691,297866,6,175,3,32400,1.03428571429
297883,297889,298030,6,141,3,32400,1.04255319149
297926,297932,323728,6,25796,10,28800,1.0002325942
297929,297938,301636,9,3698,2,36000,1.00243374797
298023,298029,301755,6,3726,2,36000,1.00161030596
298038,298044,301784,6,3740,2,36000,1.00160427807
298057,298063,298781,6,718,3,32400,1.00835654596
298071,298077,301897,6,3820,2,36000,1.00157068063
298152,298158,327092,6,28934,8,129600,1.00020736849
298248,298254,302117,6,3863,2,36000,1.001553197
298301,298307,303201,6,4894,10,28800,1.00122599101
298306,298313,298359,7,46,3,32400,1.15217391304
298349,298355,384763,6,86408,8,86400,1.00006943801
298351,298361,299879,10,1518,3,32400,1.00658761528
298364,384773,471221,86409,86448,8,86400,1.99954886174
298367,471666,558098,173299,86432,8,86400,3.0050328582
298369,558111,644542,259742,86431,8,86400,4.00519489535
298372,644550,730976,346178,86426,8,86400,5.00548446069
298375,788175,789104,489800,929,8,86400,528.233584499
298381,298387,301915,6,3528,2,36000,1.00170068027
298409,298415,301905,6,3490,2,36000,1.00171919771
298957,298963,302578,6,3615,2,36000,1.00165975104
299026,299033,341480,7,42447,2,43200,1.00016491154
299034,299040,299997,6,957,9,32400,1.00626959248
299063,299069,302555,6,3486,2,36000,1.0017211704
299065,299075,303760,10,4685,16,7200,1.00213447172
299067,299357,300868,290,1511,16,7200,1.1919258769
299118,299669,352742,551,53073,2,108000,1.01038192678
299308,299314,302979,6,3665,2,36000,1.00163710778
299344,299351,302921,7,3570,2,36000,1.00196078431
299425,299714,337009,289,37295,2,108000,1.00774902802
299657,299663,303155,6,3492,2,36000,1.00171821306
299702,299708,303459,6,3751,2,36000,1.00159957345
299796,299803,303373,7,3570,2,36000,1.00196078431
299961,299967,303735,6,3768,2,36000,1.00159235669
300034,300040,301102,6,1062,9,32400,1.00564971751
300100,300105,303500,5,3395,2,36000,1.00147275405
300104,300884,301296,780,412,32,1200,2.8932038835
300303,300309,300481,6,172,2,1200,1.03488372093
300524,300530,303834,6,3304,2,36000,1.00181598063
300806,300909,300917,103,8,3,32400,11.1
300843,300849,304400,6,3551,2,36000,1.00168966488
300857,300864,304573,7,3709,2,36000,1.00188730116
300872,300878,304652,6,3774,2,36000,1.00158982512
300970,300976,304400,6,3424,2,36000,1.00175233645
301006,301012,304384,6,3372,2,36000,1.00177935943
301085,301091,304888,6,3797,2,36000,1.00158019489
301120,301126,301226,6,100,2,1200,1.06
301638,301644,305499,6,3855,2,36000,1.00155642023
301728,301734,309201,6,7467,9,32400,1.00080353556
301756,301762,305791,6,4029,2,36000,1.00148920328
301762,301768,301801,6,33,2,1200,1.18181818182
301786,301792,305524,6,3732,2,36000,1.00160771704
301799,301805,302071,6,266,3,32400,1.02255639098
301900,301906,305388,6,3482,2,36000,1.00172314762
301915,301921,305328,6,3407,2,36000,1.00176108013
301916,301927,305429,11,3502,2,36000,1.00314106225
302034,302040,302152,6,112,2,36000,1.05357142857
302042,302048,302051,6,3,2,36000,1.0
302092,302098,302154,6,56,2,36000,1.10714285714
302106,302112,302157,6,45,2,36000,1.13333333333
302119,302125,306063,6,3938,2,36000,1.00152361605
302123,302131,302158,8,27,2,36000,1.2962962963
302181,302188,310704,7,8516,2,36000,1.00082198215
302193,302199,308403,6,6204,2,36000,1.00096711799
302203,302209,308776,6,6567,2,36000,1.00091365921
302211,302217,320525,6,18308,2,36000,1.00032772558
302555,302561,306065,6,3504,2,36000,1.00171232877
302579,302585,306277,6,3692,2,36000,1.00162513543
302924,302930,306560,6,3630,2,36000,1.00165289256
302982,302988,306748,6,3760,2,36000,1.00159574468
303156,303162,306853,6,3691,2,36000,1.00162557572
303376,303382,307267,6,3885,2,36000,1.00154440154
303430,303436,304626,6,1190,1,1200,1.00504201681
303461,303467,307286,6,3819,2,36000,1.00157109191
303501,303507,307196,6,3689,2,36000,1.00162645703
303737,303743,307463,6,3720,2,36000,1.00161290323
303834,303840,307475,6,3635,2,36000,1.00165061898
304344,304350,389988,6,85638,1,172800,1.00007006236
304385,304391,308217,6,3826,2,36000,1.00156821746
304404,304410,307987,6,3577,2,36000,1.00167738328
304405,304416,308181,11,3765,2,36000,1.00292164675
304564,304571,314256,7,9685,1,10800,1.00072276717
304575,304581,308189,6,3608,2,36000,1.00166297118
304653,304660,308357,7,3697,2,36000,1.0018934271
304671,304677,305052,6,375,1,1200,1.016
304806,304812,326148,6,21336,8,21600,1.00028121485
304814,304821,304823,7,2,1,10800,1.0
304889,304895,308568,6,3673,2,36000,1.00163354206
304913,304919,304920,6,1,1,10800,1.0
304995,305001,310994,6,5993,1,10800,1.00100116803
305025,305031,305040,6,9,1,43200,1.5
305071,305077,317286,6,12209,1,43200,1.00049144074
305191,305197,305602,6,405,1,1200,1.01481481481
305333,305338,308765,5,3427,2,36000,1.00145900204
305391,305397,308878,6,3481,2,36000,1.00172364263
305397,305403,311515,6,6112,1,10800,1.00098167539
305430,305436,309062,6,3626,2,36000,1.00165471594
305500,305506,308941,6,3435,2,36000,1.00174672489
305524,305531,308732,7,3201,2,36000,1.00218681662
305773,305779,317858,6,12079,4,36000,1.00049672986
305794,305800,309546,6,3746,2,36000,1.00160170849
305811,305817,306586,6,769,32,1200,1.0078023407
305947,305954,313366,7,7412,4,36000,1.00094441446
306065,306071,309154,6,3083,2,36000,1.00194615634
306066,306077,309649,11,3572,2,36000,1.00307950728
306278,306284,309821,6,3537,2,36000,1.00169635284
306562,306568,310354,6,3786,2,36000,1.00158478605
306748,306755,310318,7,3563,2,36000,1.00196463654
306854,306860,310354,6,3494,2,36000,1.00171722954
306920,306926,310728,6,3802,1,360000,1.00157811678
307138,307145,429420,7,122275,1,360000,1.00005724801
307199,307205,310750,6,3545,2,36000,1.00169252468
307269,307275,310815,6,3540,2,36000,1.00169491525
307286,307293,311028,7,3735,2,36000,1.00187416332
307416,307422,308513,6,1091,2,3600,1.0054995417
307457,307464,357597,7,50133,1,360000,1.00013962859
307465,307471,310989,6,3518,2,36000,1.0017055145
307480,307486,310920,6,3434,2,36000,1.00174723355
307611,307617,635572,6,327955,15,360000,1.00001829519
307757,307763,382441,6,74678,1,360000,1.00008034495
307987,307993,313489,6,5496,2,36000,1.00109170306
308183,308189,311947,6,3758,2,36000,1.00159659393
308198,308205,311829,7,3624,2,36000,1.00193156733
308213,308219,363585,6,55366,1,360000,1.00010836976
308219,308225,311810,6,3585,2,36000,1.00167364017
308272,308278,350574,6,42296,8,129600,1.00014185739
308313,308319,312030,6,3711,2,28800,1.00161681487
308359,308365,311977,6,3612,2,36000,1.00166112957
308487,308493,409705,6,101212,1,360000,1.00005928151
308571,308577,312100,6,3523,2,36000,1.00170309395
308734,308740,312264,6,3524,2,36000,1.00170261067
308734,308745,309363,11,618,4,3600,1.01779935275
308757,308763,539193,6,230430,1,360000,1.00002603828
308768,308777,312274,9,3497,2,36000,1.00257363454
308880,308886,312786,6,3900,2,36000,1.00153846154
308944,308950,312470,6,3520,2,36000,1.00170454545
308961,308967,308971,6,4,3,32400,1.0
309065,309071,312757,6,3686,2,36000,1.00162778079
309151,309156,309163,5,7,9,32400,1.2
309151,309162,309425,11,263,2,7200,1.04182509506
309156,309168,312564,12,3396,2,36000,1.0035335689
309200,309834,314578,634,4744,9,32400,1.13364249578
309277,309374,309972,97,598,3,3600,1.16220735786
309456,309462,309524,6,62,4,3600,1.09677419355
309540,309984,310572,444,588,4,144000,1.75510204082
309549,309556,313174,7,3618,2,36000,1.00193477059
309650,309656,313288,6,3632,2,36000,1.00165198238
309822,309828,313483,6,3655,2,36000,1.00164158687
310129,310135,313748,6,3613,2,36000,1.0016606698
310130,310141,313574,11,3433,2,36000,1.00320419458
310131,310146,313985,15,3839,2,36000,1.00390726752
310133,310151,313906,18,3755,2,36000,1.00479360852
310134,310156,313674,22,3518,2,36000,1.00625355316
310135,310162,313812,27,3650,2,36000,1.00739726027
310137,310168,313639,31,3471,2,36000,1.00893114376
310138,310173,313610,35,3437,2,36000,1.01018329939
310139,310178,313873,39,3695,2,36000,1.01055480379
310141,310184,314320,43,4136,2,36000,1.01039651838
310142,310189,313805,47,3616,2,36000,1.01299778761
310143,310194,313785,51,3591,2,36000,1.0142021721
310144,310199,313810,55,3611,2,36000,1.01523123788
310146,310204,314235,58,4031,2,36000,1.01438848921
310147,310209,313970,62,3761,2,36000,1.0164849774
310148,310214,313544,66,3330,2,36000,1.01981981982
310150,310220,313825,70,3605,2,36000,1.01941747573
310151,310225,313725,74,3500,2,36000,1.02114285714
310152,310230,313941,78,3711,2,36000,1.02101859337
310153,310235,313815,82,3580,2,36000,1.02290502793
310318,310325,313757,7,3432,2,36000,1.00203962704
310355,310361,313911,6,3550,2,36000,1.00169014085
310356,310367,314287,11,3920,2,36000,1.00280612245
310425,310431,320509,6,10078,1,10800,1.00059535622
310585,310593,454641,8,144048,4,144000,1.00005553704
310750,310756,314243,6,3487,2,36000,1.0017206768
310817,310823,314354,6,3531,2,36000,1.00169923534
310921,310927,314578,6,3651,2,36000,1.00164338537
310989,310994,311397,5,403,4,3600,1.01240694789
310990,311000,314816,10,3816,2,36000,1.00262054507
310992,311042,311435,50,393,4,3600,1.1272264631
311030,311036,314722,6,3686,2,36000,1.00162778079
311337,311843,910358,506,598515,12,604800,1.00084542576
311525,311531,311794,6,263,2,7200,1.02281368821
311813,311819,315472,6,3653,2,36000,1.00164248563
311831,311837,315282,6,3445,2,36000,1.00174165457
311920,311961,312003,41,42,2,172800,1.97619047619
311949,311955,315593,6,3638,2,36000,1.00164925783
311980,311986,315495,6,3509,2,36000,1.00170988886
312101,312107,315491,6,3384,2,36000,1.00177304965
312110,312117,314251,7,2134,2,172800,1.00328022493
312275,312281,315989,6,3708,2,36000,1.00161812298
312276,312287,315908,11,3621,2,36000,1.00303783485
312470,312476,316003,6,3527,2,36000,1.00170116246
312564,312575,316187,11,3612,2,36000,1.00304540421
312564,312570,314189,6,1619,3,32400,1.00370599135
312602,312799,318994,197,6195,4,36000,1.03179983858
312757,312763,316325,6,3562,2,36000,1.00168444694
312787,312793,316533,6,3740,2,36000,1.00160427807
313017,313382,314781,365,1399,2,3600,1.26090064332
313179,313185,316753,6,3568,2,36000,1.00168161435
313260,313501,313677,241,176,1,4260,2.36931818182
313261,313506,313708,245,202,1,4260,2.21287128713
313265,313377,314693,112,1316,3,32400,1.08510638298
313291,313297,316587,6,3290,2,36000,1.00182370821
313485,313491,317191,6,3700,2,36000,1.00162162162
313500,313512,317287,12,3775,2,36000,1.00317880795
313545,313551,317164,6,3613,2,36000,1.0016606698
313575,313581,317210,6,3629,2,36000,1.00165334803
313611,313617,317176,6,3559,2,36000,1.00168586682
313642,313648,317413,6,3765,2,36000,1.0015936255
313675,313681,317323,6,3642,2,36000,1.00164744646
313697,313703,313704,6,1,1,4260,1.0
313726,313732,317102,6,3370,2,36000,1.00178041543
313728,313738,313777,10,39,1,4260,1.25641025641
313750,313756,317164,6,3408,2,36000,1.00176056338
313765,313771,317430,6,3659,2,36000,1.00163979229
313786,313792,317142,6,3350,2,36000,1.00179104478
313807,313813,317280,6,3467,2,36000,1.00173060283
313823,313829,317833,6,4004,2,36000,1.0014985015
313824,313835,317297,11,3462,2,36000,1.00317735413
313825,313840,317261,15,3421,2,36000,1.00438468284
313840,313846,317570,6,3724,2,36000,1.00161117078
313873,313879,317489,6,3610,2,36000,1.00166204986
313906,313912,317576,6,3664,2,36000,1.00163755459
313921,313927,317354,6,3427,2,36000,1.00175080245
313942,313948,317457,6,3509,2,36000,1.00170988886
313972,313979,317481,7,3502,2,36000,1.0019988578
313987,313993,317508,6,3515,2,36000,1.00170697013
314237,314243,318073,6,3830,2,36000,1.00156657963
314252,314258,317830,6,3572,2,36000,1.00167973124
314288,314294,317665,6,3371,2,36000,1.00177988727
314322,314328,317700,6,3372,2,36000,1.00177935943
314355,314361,317845,6,3484,2,36000,1.00172215844
314579,314585,318322,6,3737,2,36000,1.00160556596
314688,314695,316156,7,1461,2,3600,1.00479123888
314724,314731,318439,7,3708,2,36000,1.00188781014
314818,314824,318349,6,3525,2,36000,1.00170212766
315241,315247,316592,6,1345,2,3600,1.00446096654
315285,315291,318909,6,3618,2,36000,1.00165837479
315472,315478,319263,6,3785,2,36000,1.00158520476
315493,315500,319269,7,3769,2,36000,1.00185725657
315508,315515,319224,7,3709,2,36000,1.00188730116
315596,315602,319110,6,3508,2,36000,1.00171037628
315720,315726,317186,6,1460,2,3600,1.00410958904
315908,315914,319654,6,3740,2,36000,1.00160427807
315989,315995,319583,6,3588,2,36000,1.0016722408
316004,316010,319568,6,3558,2,36000,1.00168634064
316191,316197,319858,6,3661,2,36000,1.00163889648
316327,316334,319780,7,3446,2,36000,1.00203134068
316534,316540,320066,6,3526,2,36000,1.00170164492
316588,316594,320121,6,3527,2,36000,1.00170116246
316620,317713,321323,1093,3610,18,3600,1.3027700831
316754,316761,320452,7,3691,2,36000,1.00189650501
317105,317111,320783,6,3672,2,36000,1.00163398693
317141,317148,320552,7,3404,2,36000,1.00205640423
317165,317172,320686,7,3514,2,36000,1.00199203187
317167,317178,320545,11,3367,2,36000,1.00326700327
317182,317188,320521,6,3333,2,36000,1.00180018002
317197,317203,320639,6,3436,2,36000,1.00174621653
317212,317218,320906,6,3688,2,36000,1.00162689805
317263,317269,320643,6,3374,2,36000,1.00177830468
317281,317287,320735,6,3448,2,36000,1.00174013921
317296,317302,320816,6,3514,2,36000,1.00170745589
317311,317318,321141,7,3823,2,36000,1.00183102276
317326,317332,320934,6,3602,2,36000,1.00166574125
317357,317363,320841,6,3478,2,36000,1.00172512938
317404,317411,318052,7,641,1,3600,1.01092043682
317414,317420,321155,6,3735,2,36000,1.0016064257
317416,317426,350593,10,33167,1,144000,1.00030150451
317432,317438,321272,6,3834,2,36000,1.00156494523
317459,317465,321446,6,3981,2,36000,1.00150715901
317484,317490,321315,6,3825,2,36000,1.00156862745
317498,317504,320911,6,3407,2,36000,1.00176108013
317513,317519,321247,6,3728,2,36000,1.00160944206
317571,317577,321705,6,4128,2,36000,1.00145348837
317586,317592,321469,6,3877,2,36000,1.00154758834
317597,317844,318159,247,315,4,288000,1.78412698413
317667,317674,321425,7,3751,2,36000,1.00186616902
317701,317707,320923,6,3216,2,36000,1.00186567164
317707,317718,317723,11,5,1,3600,1.6
317813,317819,317821,6,2,1,3600,1.0
317832,317838,321437,6,3599,2,36000,1.00166712976
317839,317850,321472,11,3622,1,3600,1.00303699613
317848,317856,321670,8,3814,2,36000,1.0020975354
317849,317861,321554,12,3693,2,36000,1.00324939074
317898,317905,318227,7,322,4,3600,1.02173913043
318075,318081,321872,6,3791,2,36000,1.00158269586
318127,321334,321855,3207,521,32,1200,7.15547024952
318145,318151,321784,6,3633,1,3600,1.00165152766
318282,318288,318612,6,324,4,3600,1.01851851852
318322,318329,321977,7,3648,2,36000,1.00191885965
318349,318356,322589,7,4233,2,36000,1.00165367352
318441,318448,322011,7,3563,2,36000,1.00196463654
318740,321486,322829,2746,1343,2,3600,3.04467609829
318912,318918,322232,6,3314,2,36000,1.00181050091
318917,319126,350053,209,30927,4,108000,1.00675784913
318964,319276,355721,312,36445,4,108000,1.00856084511
319078,319579,348450,501,28871,4,108000,1.01735305324
319114,319120,322781,6,3661,2,36000,1.00163889648
319228,319234,323025,6,3791,2,36000,1.00158269586
319254,321795,331994,2541,10199,1,10800,1.24914207275
319264,319270,322780,6,3510,2,36000,1.00170940171
319279,319286,322826,7,3540,2,36000,1.00197740113
319285,321556,323114,2271,1558,2,3600,2.45763799743
319543,319794,365279,251,45485,4,108000,1.00551830274
319572,319584,323302,12,3718,2,36000,1.00322754169
319587,319593,323300,6,3707,2,36000,1.00161855948
319657,319663,323657,6,3994,2,36000,1.00150225338
319781,319788,323379,7,3591,2,36000,1.00194931774
319790,319907,368852,117,48945,4,108000,1.00239043825
319860,319866,323490,6,3624,2,36000,1.00165562914
319897,320544,320556,647,12,4,108000,54.9166666667
319973,320572,357993,599,37421,4,108000,1.01600705486
320068,320074,323809,6,3735,2,36000,1.0016064257
320072,320853,360149,781,39296,4,108000,1.01987479642
320122,320128,323697,6,3569,2,36000,1.00168114318
320272,321866,323392,1594,1526,2,3600,2.04456094364
320381,320387,321546,6,1159,1,1200,1.00517687662
320455,320461,324036,6,3575,2,36000,1.00167832168
320521,320527,324249,6,3722,2,36000,1.00161203654
320546,320552,323841,6,3289,2,36000,1.00182426269
320560,320566,324375,6,3809,2,36000,1.00157521659
320633,321284,321544,651,260,2,3600,3.50384615385
320639,320645,324207,6,3562,2,36000,1.00168444694
320653,320660,324356,7,3696,2,36000,1.00189393939
320686,320697,324373,11,3676,2,36000,1.00299238303
320738,320746,324433,8,3687,2,36000,1.00216978573
320784,320795,324186,11,3391,2,36000,1.00324388086
320817,320828,324559,11,3731,2,36000,1.00294827124
320844,320917,324397,73,3480,2,36000,1.02097701149
320907,320923,324571,16,3648,2,36000,1.00438596491
320922,320935,324483,13,3548,2,36000,1.00366403608
320937,321152,324728,215,3576,2,36000,1.06012304251
320939,321006,324413,67,3407,2,36000,1.01966539478
321123,321339,321434,216,95,2,3600,3.27368421053
321141,321166,324821,25,3655,2,36000,1.00683994528
321156,321258,325049,102,3791,2,36000,1.0269058296
321247,321326,324832,79,3506,2,36000,1.02253280091
321274,321344,324903,70,3559,2,36000,1.01966844619
321316,321436,324981,120,3545,2,36000,1.03385049365
321425,321445,325174,20,3729,2,36000,1.0053633682
321440,321451,325119,11,3668,2,36000,1.00299890949
321455,321461,325178,6,3717,2,36000,1.001614205
321470,321480,325269,10,3789,2,36000,1.00263921879
321554,321565,325388,11,3823,2,36000,1.00287732148
321672,321681,325172,9,3491,2,36000,1.00257805786
321705,321716,325726,11,4010,2,36000,1.00274314214
321872,321878,465903,6,144025,2,144000,1.00004165943
321874,321884,325304,10,3420,2,36000,1.00292397661
321978,321984,325938,6,3954,2,36000,1.00151745068
322014,322020,325575,6,3555,2,36000,1.00168776371
322132,322139,323455,7,1316,1,1200,1.00531914894
322234,322241,326039,7,3798,2,36000,1.0018430753
322293,322299,466346,6,144047,2,144000,1.00004165307
322591,322597,326189,6,3592,2,36000,1.00167037862
322664,322670,409003,6,86333,2,144000,1.00006949834
322781,322787,326360,6,3573,2,36000,1.00167926113
322782,322793,326254,11,3461,2,36000,1.00317827218
322828,322834,326284,6,3450,2,36000,1.00173913043
323027,323033,326826,6,3793,2,36000,1.00158186132
323163,323170,326710,7,3540,1,36000,1.00197740113
323302,323308,327046,6,3738,2,36000,1.00160513644
323303,323317,324743,14,1426,2,3600,1.00981767181
323317,323323,326619,6,3296,2,36000,1.00182038835
323368,325319,329046,1951,3727,18,36000,1.52347732761
323380,323386,326878,6,3492,2,36000,1.00171821306
323492,323498,328532,6,5034,2,36000,1.00119189511
323659,323665,327355,6,3690,2,36000,1.00162601626
323698,323705,327464,7,3759,2,36000,1.00186219739
323811,323817,327376,6,3559,2,36000,1.00168586682
323844,323850,327289,6,3439,2,36000,1.00174469322
324037,324043,327462,6,3419,2,36000,1.00175489909
324188,324195,327721,7,3526,2,36000,1.00198525241
324209,324215,327676,6,3461,2,36000,1.001733603
324252,324258,327949,6,3691,2,36000,1.00162557572
324357,324363,327981,6,3618,2,36000,1.00165837479
324375,324381,328259,6,3878,2,36000,1.00154718927
324376,324387,327838,11,3451,2,36000,1.00318748189
324397,324404,327743,7,3339,2,36000,1.00209643606
324415,324422,327979,7,3557,2,36000,1.00196795052
324433,324439,327931,6,3492,2,36000,1.00171821306
324485,324491,328328,6,3837,2,36000,1.00156372166
324560,324566,327940,6,3374,2,36000,1.00177830468
324575,324581,328066,6,3485,2,36000,1.00172166428
324729,324735,328238,6,3503,2,36000,1.00171281758
324744,324750,349998,6,25248,1,172800,1.00023764259
324822,324829,328607,7,3778,2,36000,1.00185283219
324837,324843,328426,6,3583,2,36000,1.00167457438
324904,324910,328483,6,3573,2,36000,1.00167926113
324982,324988,328588,6,3600,2,36000,1.00166666667
325051,325058,328539,7,3481,2,36000,1.0020109164
325121,325127,328960,6,3833,2,36000,1.00156535351
325140,325146,348970,6,23824,1,172800,1.00025184688
325176,325182,329036,6,3854,2,36000,1.00155682408
325177,325188,328729,11,3541,2,36000,1.0031064671
325192,325198,328832,6,3634,2,36000,1.0016510732
325270,325276,328717,6,3441,2,36000,1.00174367916
325307,325313,329058,6,3745,2,36000,1.00160213618
325388,325394,329065,6,3671,2,36000,1.00163443203
325576,325582,329025,6,3443,2,36000,1.00174266628
325727,325733,329369,6,3636,2,36000,1.00165016502
325941,325947,329473,6,3526,2,36000,1.00170164492
326041,326047,329851,6,3804,2,36000,1.00157728707
326189,326196,329634,7,3438,2,36000,1.00203606748
326256,326262,329702,6,3440,2,36000,1.00174418605
326286,326292,330035,6,3743,2,36000,1.00160299225
326361,326367,330022,6,3655,2,36000,1.00164158687
326622,326628,330129,6,3501,2,36000,1.00171379606
326828,326834,330384,6,3550,2,36000,1.00169014085
326879,326885,330500,6,3615,2,36000,1.00165975104
327048,327055,330717,7,3662,2,36000,1.00191152376
327291,327297,330796,6,3499,2,36000,1.00171477565
327357,327363,331073,6,3710,2,36000,1.00161725067
327378,327385,330830,7,3445,2,36000,1.00203193033
327463,327469,331158,6,3689,2,36000,1.00162645703
327478,327484,331215,6,3731,2,36000,1.00160814795
327678,327684,331460,6,3776,2,36000,1.00158898305
327723,327729,332012,6,4283,2,36000,1.00140088723
327744,327750,331334,6,3584,2,36000,1.00167410714
327841,327847,331347,6,3500,2,36000,1.00171428571
327932,327939,331635,7,3696,2,36000,1.00189393939
327948,327954,331429,6,3475,2,36000,1.00172661871
327962,327969,331699,7,3730,2,36000,1.0018766756
327980,327987,331649,7,3662,2,36000,1.00191152376
327982,327993,331751,11,3758,2,36000,1.00292708888
328067,328073,331636,6,3563,2,36000,1.00168397418
328239,328245,331799,6,3554,2,36000,1.0016882386
328260,328266,332156,6,3890,2,36000,1.00154241645
328329,328336,332123,7,3787,2,36000,1.00184842884
328429,328435,331979,6,3544,2,36000,1.00169300226
328486,328492,332060,6,3568,2,36000,1.00168161435
328534,328541,332142,7,3601,2,36000,1.00194390447
328549,328555,332406,6,3851,2,36000,1.00155803687
328588,328594,332258,6,3664,2,36000,1.00163755459
328609,328615,332385,6,3770,2,36000,1.00159151194
328681,328688,328755,7,67,1,1200,1.10447761194
328718,328724,332483,6,3759,2,36000,1.00159616919
328733,328739,332305,6,3566,2,36000,1.00168255749
328833,328839,332503,6,3664,2,36000,1.00163755459
328854,328861,329741,7,880,1,1200,1.00795454545
328963,328969,332560,6,3591,2,36000,1.00167084378
329026,329032,332618,6,3586,2,36000,1.00167317345
329041,329047,332589,6,3542,2,36000,1.00169395822
329059,329065,332480,6,3415,2,36000,1.00175695461
329074,329080,332507,6,3427,2,36000,1.00175080245
329370,329376,332752,6,3376,2,36000,1.00177725118
329476,329482,332885,6,3403,2,36000,1.00176315016
329520,329526,330878,6,1352,2,172800,1.00443786982
329636,329643,333268,7,3625,2,36000,1.00193103448
329703,329709,333194,6,3485,2,36000,1.00172166428
329854,329860,333421,6,3561,2,36000,1.00168491997
330023,330029,333714,6,3685,2,36000,1.00162822252
330038,330044,333683,6,3639,2,36000,1.00164880462
330079,330085,330825,6,740,1,1200,1.00810810811
330131,330138,333601,7,3463,2,36000,1.00202136876
330385,330391,333872,6,3481,2,36000,1.00172364263
330503,330509,334493,6,3984,2,36000,1.0015060241
330718,330724,334220,6,3496,2,36000,1.00171624714
330727,343468,344108,12741,640,64,600,20.9078125
330797,330803,334418,6,3615,2,36000,1.00165975104
330833,330839,334198,6,3359,2,36000,1.00178624591
331069,331075,332295,6,1220,1,1200,1.00491803279
331075,331082,334441,7,3359,2,36000,1.00208395356
331160,331166,335015,6,3849,2,36000,1.00155884645
331217,331223,334980,6,3757,2,36000,1.0015970189
331332,331338,334896,6,3558,2,36000,1.00168634064
331350,331356,335118,6,3762,2,36000,1.00159489633
331432,331438,335304,6,3866,2,36000,1.00155199172
331462,331468,335034,6,3566,2,36000,1.00168255749
331638,331644,335560,6,3916,2,36000,1.00153217569
331639,331650,335273,11,3623,2,36000,1.00303615788
331654,331660,335187,6,3527,2,36000,1.00170116246
331702,331708,335567,6,3859,2,36000,1.00155480694
331753,331759,335902,6,4143,2,36000,1.00144822592
331802,331808,335295,6,3487,2,36000,1.0017206768
331815,331821,333043,6,1222,32,1200,1.00490998363
331980,331986,335562,6,3576,2,36000,1.00167785235
332013,332019,336156,6,4137,2,36000,1.00145032632
332061,332067,335809,6,3742,2,36000,1.00160342063
332124,332130,335965,6,3835,2,36000,1.00156453716
332145,332151,335757,6,3606,2,36000,1.00166389351
332160,332166,335713,6,3547,2,36000,1.00169157034
332260,332266,335985,6,3719,2,36000,1.00161333692
332305,332311,335940,6,3629,2,36000,1.00165334803
332387,332393,335904,6,3511,2,36000,1.00170891484
332408,332414,336278,6,3864,2,36000,1.00155279503
332482,332488,335864,6,3376,2,36000,1.00177725118
332497,332503,336276,6,3773,2,36000,1.00159024649
332512,332518,336670,6,4152,2,36000,1.00144508671
332513,332524,335801,11,3277,2,36000,1.00335672872
332561,332568,335995,7,3427,2,36000,1.00204260286
332592,332598,336316,6,3718,2,36000,1.00161377084
332619,332625,336288,6,3663,2,36000,1.00163800164
332755,332761,336631,6,3870,2,36000,1.0015503876
332886,332892,336271,6,3379,2,36000,1.00177567328
333014,333019,333896,5,877,1,1200,1.00570125428
333194,333200,336935,6,3735,2,36000,1.0016064257
333263,333269,333275,6,6,1,10800,1.2
333270,333276,336867,6,3591,2,36000,1.00167084378
333352,333358,339505,6,6147,1,10800,1.0009760859
333421,333428,337134,7,3706,2,36000,1.00188882893
333600,333606,339773,6,6167,1,10800,1.00097292038
333603,333612,337325,9,3713,2,36000,1.00242391597
333610,333618,341343,8,7725,1,36000,1.00103559871
333685,333691,337564,6,3873,2,36000,1.00154918668
333715,333721,337397,6,3676,2,36000,1.00163220892
333863,333869,340813,6,6944,1,10800,1.0008640553
333872,333878,337476,6,3598,2,36000,1.00166759311
333993,333999,340965,6,6966,1,10800,1.00086132644
334199,334205,337934,6,3729,2,36000,1.00160901046
334223,334229,337868,6,3639,2,36000,1.00164880462
334420,334426,338139,6,3713,2,36000,1.00161594398
334444,334450,337857,6,3407,2,36000,1.00176108013
334495,334502,337788,7,3286,2,36000,1.00213024954
334898,334904,338454,6,3550,2,36000,1.00169014085
334982,334989,338684,7,3695,2,36000,1.00189445196
335016,335022,338629,6,3607,2,36000,1.00166343222
335037,335043,338763,6,3720,2,36000,1.00161290323
335119,335125,338767,6,3642,2,36000,1.00164744646
335189,335196,338827,7,3631,2,36000,1.00192784357
335275,335281,339111,6,3830,2,36000,1.00156657963
335296,335302,338755,6,3453,2,36000,1.00173761946
335311,335317,339119,6,3802,2,36000,1.00157811678
335563,335569,339145,6,3576,2,36000,1.00167785235
335564,335575,339270,11,3695,2,36000,1.00297699594
335579,335585,339315,6,3730,2,36000,1.00160857909
335716,335722,339540,6,3818,2,36000,1.0015715034
335758,335764,339346,6,3582,2,36000,1.00167504188
335803,335809,339869,6,4060,2,36000,1.00147783251
335818,335824,339568,6,3744,2,36000,1.0016025641
335867,335873,339803,6,3930,2,36000,1.00152671756
335903,335909,339579,6,3670,2,36000,1.00163487738
335918,335924,339160,6,3236,2,36000,1.00185414091
335942,335948,339188,6,3240,2,36000,1.00185185185
335966,335972,339600,6,3628,2,36000,1.00165380375
335987,335993,339525,6,3532,2,36000,1.00169875425
336002,336008,339540,6,3532,2,36000,1.00169875425
336157,336163,339734,6,3571,2,36000,1.00168020162
336272,336278,339851,6,3573,2,36000,1.00167926113
336287,336293,339938,6,3645,2,36000,1.00164609053
336288,336299,339842,11,3543,2,36000,1.00310471352
336303,336309,339930,6,3621,2,36000,1.00165700083
336318,336324,339870,6,3546,2,36000,1.00169204738
336633,336639,340492,6,3853,2,36000,1.00155722813
336673,336679,340043,6,3364,2,36000,1.00178359096
336870,336876,340127,6,3251,2,36000,1.00184558597
336936,336942,340483,6,3541,2,36000,1.0016944366
337136,337141,341033,5,3892,2,36000,1.00128468654
337326,337332,340900,6,3568,2,36000,1.00168161435
337399,337405,341031,6,3626,2,36000,1.00165471594
337478,337484,341216,6,3732,2,36000,1.00160771704
337522,343670,454825,6148,111155,4,144000,1.05531015249
337565,337571,341129,6,3558,2,36000,1.00168634064
337789,337795,341247,6,3452,2,36000,1.00173812283
337859,337865,341736,6,3871,2,36000,1.00154998708
337873,337879,341323,6,3444,2,36000,1.00174216028
337887,339449,411501,1562,72052,4,72000,1.02167878754
337937,337943,341595,6,3652,2,36000,1.00164293538
337938,337949,338013,11,64,2,72000,1.171875
338053,343665,369466,5612,25801,4,72000,1.21751094919
338140,338146,341598,6,3452,2,36000,1.00173812283
338211,339159,411198,948,72039,2,72000,1.01315953858
338457,338464,342252,7,3788,2,36000,1.00184794087
338629,338636,342430,7,3794,2,36000,1.00184501845
338687,338693,342138,6,3445,2,36000,1.00174165457
338756,338763,342394,7,3631,2,36000,1.00192784357
338772,338778,342696,6,3918,2,36000,1.00153139357
338773,338784,342411,11,3627,2,36000,1.00303280948
338827,338833,342509,6,3676,2,36000,1.00163220892
339111,339118,342851,7,3733,2,36000,1.00187516743
339126,339132,342578,6,3446,2,36000,1.00174114916
339147,339153,342640,6,3487,2,36000,1.0017206768
339162,339168,342873,6,3705,2,36000,1.0016194332
339189,339195,342755,6,3560,2,36000,1.00168539326
339271,339277,342857,6,3580,2,36000,1.00167597765
339316,339322,342536,6,3214,2,36000,1.00186683261
339343,339349,342697,6,3348,2,36000,1.0017921147
339528,339534,343201,6,3667,2,36000,1.00163621489
339543,339549,343146,6,3597,2,36000,1.00166805671
339544,339555,343135,11,3580,2,36000,1.0030726257
339568,339574,343214,6,3640,2,36000,1.00164835165
339583,339589,343408,6,3819,2,36000,1.00157109191
339601,339607,343321,6,3714,2,36000,1.00161550889
339734,339740,343345,6,3605,2,36000,1.00166435506
339804,339810,343251,6,3441,2,36000,1.00174367916
339843,339849,343573,6,3724,2,36000,1.00161117078
339858,339864,343566,6,3702,2,36000,1.00162074554
339873,339879,343348,6,3469,2,36000,1.00172960507
339874,339885,343552,11,3667,2,36000,1.0029997273
339882,344119,345564,4237,1445,32,3600,3.9321799308
339931,339938,343389,7,3451,2,36000,1.00202839757
339947,339953,343646,6,3693,2,36000,1.00162469537
340043,340049,343751,6,3702,2,36000,1.00162074554
340128,340134,343685,6,3551,2,36000,1.00168966488
340485,340492,344266,7,3774,2,36000,1.00185479597
340500,340506,344988,6,4482,2,36000,1.00133868809
340630,340636,459238,6,118602,1,259200,1.00005058937
340634,340824,341915,190,1091,1,259200,1.17415215399
340640,340911,459244,271,118333,1,259200,1.0022901473
340895,340901,344692,6,3791,2,36000,1.00158269586
341034,341041,344737,7,3696,2,36000,1.00189393939
341036,341047,344432,11,3385,2,36000,1.00324963072
341129,341135,344875,6,3740,2,36000,1.00160427807
341217,341223,344929,6,3706,2,36000,1.00161899622
341250,341256,345045,6,3789,2,36000,1.00158353127
341326,341332,345008,6,3676,2,36000,1.00163220892
341573,341580,342639,7,1059,1,14400,1.00661000944
341598,341604,345491,6,3887,2,36000,1.00154360689
341599,341610,345227,11,3617,2,36000,1.00304119436
341738,341745,345143,7,3398,2,36000,1.00206003531
342139,342146,345494,7,3348,2,36000,1.00209080048
342255,342261,345551,6,3290,2,36000,1.00182370821
342394,342400,346167,6,3767,2,36000,1.0015927794
342412,342418,346020,6,3602,2,36000,1.00166574125
342433,342439,346116,6,3677,2,36000,1.00163176503
342511,342517,346000,6,3483,2,36000,1.00172265289
342539,342545,346687,6,4142,2,36000,1.00144857557
342581,342587,346406,6,3819,2,36000,1.00157109191
342641,342649,346185,8,3536,2,36000,1.00226244344
342699,342705,346153,6,3448,2,36000,1.00174013921
342700,342711,346665,11,3954,2,36000,1.00278199292
342743,343659,345052,916,1393,2,86400,1.6575735822
342751,342757,346316,6,3559,2,36000,1.00168586682
342851,342857,346129,6,3272,2,36000,1.00183374083
342866,342872,346441,6,3569,2,36000,1.00168114318
342881,342887,346439,6,3552,2,36000,1.00168918919
343136,343142,347066,6,3924,2,36000,1.00152905199
343150,343156,346728,6,3572,2,36000,1.00167973124
343205,343211,346967,6,3756,2,36000,1.00159744409
343219,343225,346933,6,3708,2,36000,1.00161812298
343253,343259,346990,6,3731,2,36000,1.00160814795
343322,343328,346910,6,3582,2,36000,1.00167504188
343346,343352,346947,6,3595,2,36000,1.0016689847
343361,343367,346911,6,3544,2,36000,1.00169300226
343391,343397,346980,6,3583,2,36000,1.00167457438
343409,343415,347025,6,3610,2,36000,1.00166204986
343554,343560,347228,6,3668,2,36000,1.00163576881
343569,343575,347156,6,3581,2,36000,1.00167550963
343583,343590,346887,7,3297,2,36000,1.00212314225
343647,343653,347121,6,3468,2,36000,1.00173010381
343686,343692,347474,6,3782,2,36000,1.00158646219
343752,343758,347442,6,3684,2,36000,1.0016286645
344266,344272,347809,6,3537,2,36000,1.00169635284
344432,344438,347818,6,3380,2,36000,1.00177514793
344692,344698,348344,6,3646,2,36000,1.00164563906
344740,344746,348264,6,3518,2,36000,1.0017055145
344876,344882,348208,6,3326,2,36000,1.00180396873
344930,344936,348585,6,3649,2,36000,1.00164428611
344984,344991,348522,7,3531,2,36000,1.00198244123
345008,345015,348973,7,3958,2,36000,1.00176856998
345045,345051,348763,6,3712,2,36000,1.00161637931
345144,345151,348824,7,3673,2,36000,1.00190579907
345229,345235,348659,6,3424,2,36000,1.00175233645
345437,345443,346131,6,688,1,14400,1.00872093023
345492,345498,349198,6,3700,2,36000,1.00162162162
345507,345513,348976,6,3463,2,36000,1.00173260179
345552,345558,349079,6,3521,2,36000,1.00170406135
346000,346006,349747,6,3741,2,36000,1.00160384924
346021,346027,349624,6,3597,2,36000,1.00166805671
346118,346124,349791,6,3667,2,36000,1.00163621489
346133,346139,349710,6,3571,2,36000,1.00168020162
346154,346160,349783,6,3623,2,36000,1.00165608612
346169,346175,349533,6,3358,2,36000,1.00178677784
346187,346193,349810,6,3617,2,36000,1.00165883329
346317,346323,350151,6,3828,2,36000,1.00156739812
346408,346414,349875,6,3461,2,36000,1.001733603
346441,346447,350082,6,3635,2,36000,1.00165061898
346442,346453,349954,11,3501,2,36000,1.00314195944
346667,346673,350217,6,3544,2,36000,1.00169300226
346688,346694,350355,6,3661,2,36000,1.00163889648
346730,346736,350359,6,3623,2,36000,1.00165608612
346745,348987,349601,2242,614,64,600,4.65146579805
346890,346896,350579,6,3683,2,36000,1.00162910671
346911,346917,350446,6,3529,2,36000,1.00170019836
346913,346923,350472,10,3549,2,36000,1.00281769513
346934,346940,350530,6,3590,2,36000,1.00167130919
346949,346955,350676,6,3721,2,36000,1.00161246977
346970,346976,350767,6,3791,2,36000,1.00158269586
346984,346991,350882,7,3891,2,36000,1.00179902339
346999,347005,350585,6,3580,2,36000,1.00167597765
347026,347032,350722,6,3690,2,36000,1.00162601626
347068,347075,350811,7,3736,2,36000,1.00187366167
347123,347129,350639,6,3510,2,36000,1.00170940171
347159,347165,350817,6,3652,2,36000,1.00164293538
347228,347234,351014,6,3780,2,36000,1.00158730159
347443,347449,350863,6,3414,2,36000,1.00175746924
347476,347482,350927,6,3445,2,36000,1.00174165457
347812,347818,351249,6,3431,2,36000,1.00174876129
347826,347833,351440,7,3607,2,36000,1.00194067092
348210,348216,351829,6,3613,2,36000,1.0016606698
348264,348270,351769,6,3499,2,36000,1.00171477565
348345,348351,352113,6,3762,2,36000,1.00159489633
348523,348529,352165,6,3636,2,36000,1.00165016502
348586,348592,352006,6,3414,2,36000,1.00175746924
348662,348668,352582,6,3914,2,36000,1.00153295861
348764,348770,352531,6,3761,2,36000,1.00159532039
348824,348830,352680,6,3850,2,36000,1.00155844156
348975,348981,352642,6,3661,2,36000,1.00163889648
348990,348996,352743,6,3747,2,36000,1.00160128102
349080,349086,352660,6,3574,2,36000,1.00167879127
349201,349207,352829,6,3622,2,36000,1.00165654335
349533,349539,352986,6,3447,2,36000,1.00174064404
349626,349632,353496,6,3864,2,36000,1.00155279503
349711,349717,353017,6,3300,2,36000,1.00181818182
349747,349753,353370,6,3617,2,36000,1.00165883329
349783,349789,353358,6,3569,2,36000,1.00168114318
349798,349804,353390,6,3586,2,36000,1.00167317345
349813,349819,353359,6,3540,2,36000,1.00169491525
349876,349882,353345,6,3463,2,36000,1.00173260179
349957,349964,353493,7,3529,2,36000,1.00198356475
350084,350090,353752,6,3662,2,36000,1.00163844894
350153,350159,353799,6,3640,2,36000,1.00164835165
350220,350225,353715,5,3490,2,36000,1.00143266476
350356,350362,353839,6,3477,2,36000,1.00172562554
350370,350376,353926,6,3550,2,36000,1.00169014085
350449,350455,354270,6,3815,2,36000,1.00157273919
350473,350479,354313,6,3834,2,36000,1.00156494523
350533,350539,354311,6,3772,2,36000,1.00159066808
350581,350587,354251,6,3664,2,36000,1.00163755459
350596,350602,354394,6,3792,2,36000,1.00158227848
350641,350647,354042,6,3395,2,36000,1.00176730486
350677,350683,354492,6,3809,2,36000,1.00157521659
350725,350731,354187,6,3456,2,36000,1.00173611111
350768,350774,354345,6,3571,2,36000,1.00168020162
350810,350816,354217,6,3401,2,36000,1.001764187
350825,350831,354314,6,3483,2,36000,1.00172265289
350866,350872,354319,6,3447,2,36000,1.00174064404
350884,350890,354755,6,3865,2,36000,1.00155239327
350923,350929,354751,6,3822,2,36000,1.00156985871
351014,351020,354582,6,3562,2,36000,1.00168444694
351249,351256,355094,7,3838,2,36000,1.0018238666
351443,351449,355211,6,3762,2,36000,1.00159489633
351773,351779,355441,6,3662,2,36000,1.00163844894
351831,351837,355508,6,3671,2,36000,1.00163443203
352009,352015,355567,6,3552,2,36000,1.00168918919
352115,352121,355642,6,3521,2,36000,1.00170406135
352166,352172,355781,6,3609,2,36000,1.00166251039
352534,352540,355851,6,3311,2,36000,1.00181214135
352582,352588,356123,6,3535,2,36000,1.00169731259
352614,354265,354833,1651,568,64,600,3.90669014085
352642,352648,356248,6,3600,2,36000,1.00166666667
352663,352669,356206,6,3537,2,36000,1.00169635284
352681,352687,356400,6,3713,2,36000,1.00161594398
352745,352751,356139,6,3388,2,36000,1.00177095632
352829,352835,356401,6,3566,2,36000,1.00168255749
352986,352992,356543,6,3551,2,36000,1.00168966488
353019,353025,356755,6,3730,2,36000,1.00160857909
353346,353352,356995,6,3643,2,36000,1.00164699424
353361,353367,357020,6,3653,2,36000,1.00164248563
353362,353373,356804,11,3431,2,36000,1.00320606237
353377,353383,357242,6,3859,2,36000,1.00155480694
353392,353398,356894,6,3496,2,36000,1.00171624714
353495,353501,356911,6,3410,2,36000,1.00175953079
353509,353515,356972,6,3457,2,36000,1.00173560891
353718,353724,357515,6,3791,2,36000,1.00158269586
353754,353760,357231,6,3471,2,36000,1.00172860847
353800,353806,357379,6,3573,2,36000,1.00167926113
353842,353848,357536,6,3688,2,36000,1.00162689805
353926,353933,357654,7,3721,2,36000,1.00188121473
354044,354050,357672,6,3622,2,36000,1.00165654335
354189,354195,357782,6,3587,2,36000,1.001672707
354219,354225,357913,6,3688,2,36000,1.00162689805
354252,354259,357411,7,3152,2,36000,1.00222081218
354270,354277,357480,7,3203,2,36000,1.00218545114
354313,354319,357619,6,3300,2,36000,1.00181818182
354314,354325,357990,11,3665,2,36000,1.00300136426
354329,354336,358501,7,4165,2,36000,1.00168067227
354331,354341,357763,10,3422,2,36000,1.00292226768
354346,354352,357866,6,3514,2,36000,1.00170745589
354397,354403,357980,6,3577,2,36000,1.00167738328
354493,354499,358079,6,3580,2,36000,1.00167597765
354584,354590,358254,6,3664,2,36000,1.00163755459
354753,354759,358498,6,3739,2,36000,1.00160470714
354768,354774,358349,6,3575,2,36000,1.00167832168
355095,355101,358754,6,3653,2,36000,1.00164248563
355185,355745,356393,560,648,64,600,1.86419753086
355213,355219,359132,6,3913,2,36000,1.00153335037
355442,355448,359082,6,3634,2,36000,1.0016510732
355505,355512,358977,7,3465,2,36000,1.00202020202
355569,355575,359095,6,3520,2,36000,1.00170454545
355644,355651,359298,7,3647,2,36000,1.0019193858
355783,355790,359169,7,3379,2,36000,1.00207161882
355853,355859,359656,6,3797,2,36000,1.00158019489
356126,356132,360224,6,4092,2,36000,1.00146627566
356141,356147,359579,6,3432,2,36000,1.00174825175
356207,356213,359675,6,3462,2,36000,1.00173310225
356249,356255,359561,6,3306,2,36000,1.00181488203
356398,356404,360400,6,3996,2,36000,1.0015015015
356413,356419,360059,6,3640,2,36000,1.00164835165
356546,356552,360350,6,3798,2,36000,1.00157977883
356755,356762,360290,7,3528,2,36000,1.00198412698
356807,356813,360464,6,3651,2,36000,1.00164338537
356894,356900,360609,6,3709,2,36000,1.00161768671
356912,356918,361024,6,4106,2,36000,1.00146127618
356970,356976,360807,6,3831,2,36000,1.00156617071
356997,357003,360559,6,3556,2,36000,1.00168728909
357021,357027,360796,6,3769,2,36000,1.0015919342
357230,357236,360880,6,3644,2,36000,1.00164654226
357245,357251,360704,6,3453,2,36000,1.00173761946
357381,357387,361031,6,3644,2,36000,1.00164654226
357414,357420,360921,6,3501,2,36000,1.00171379606
357480,357487,360954,7,3467,2,36000,1.00201903663
357517,357523,361074,6,3551,2,36000,1.00168966488
357538,357544,361344,6,3800,2,36000,1.00157894737
357623,357629,361294,6,3665,2,36000,1.00163710778
357656,357662,361193,6,3531,2,36000,1.00169923534
357674,357680,361370,6,3690,2,36000,1.00162601626
357765,357771,361371,6,3600,2,36000,1.00166666667
357783,357789,361198,6,3409,2,36000,1.00176004693
357867,357874,361343,7,3469,2,36000,1.00201787259
357871,359593,360228,1722,635,64,600,3.71181102362
357916,357922,362162,6,4240,2,36000,1.00141509434
357982,357988,361982,6,3994,2,36000,1.00150225338
357997,358003,361634,6,3631,2,36000,1.00165243735
358082,358088,361799,6,3711,2,36000,1.00161681487
358255,358261,361991,6,3730,2,36000,1.00160857909
358352,358358,361622,6,3264,2,36000,1.00183823529
358501,358507,362192,6,3685,2,36000,1.00162822252
358502,358513,362072,11,3559,2,36000,1.00309075583
358756,358762,362422,6,3660,2,36000,1.00163934426
358977,358984,362694,7,3710,2,36000,1.00188679245
359083,359090,362492,7,3402,2,36000,1.00205761317
359098,359104,362367,6,3263,2,36000,1.00183879865
359134,359140,363057,6,3917,2,36000,1.00153178453
359170,359177,362713,7,3536,2,36000,1.00197963801
359298,359304,362735,6,3431,2,36000,1.00174876129
359563,359570,363273,7,3703,2,36000,1.00189035917
359581,359587,363388,6,3801,2,36000,1.00157853197
359657,359663,363408,6,3745,2,36000,1.00160213618
359678,359684,363125,6,3441,2,36000,1.00174367916
360061,360068,363575,7,3507,2,36000,1.00199600798
360225,360231,364174,6,3943,2,36000,1.001521684
360291,360297,364115,6,3818,2,36000,1.0015715034
360351,360357,364292,6,3935,2,36000,1.00152477764
360402,360409,364029,7,3620,2,36000,1.00193370166
360466,360472,364241,6,3769,2,36000,1.0015919342
360560,360566,364430,6,3864,2,36000,1.00155279503
360611,360617,363931,6,3314,2,36000,1.00181050091
360705,360711,364303,6,3592,2,36000,1.00167037862
360798,360805,364664,7,3859,2,36000,1.00181394144
360813,360819,364262,6,3443,2,36000,1.00174266628
360883,360889,364287,6,3398,2,36000,1.00176574456
360922,360928,364627,6,3699,2,36000,1.00162206002
360955,360961,364514,6,3553,2,36000,1.00168871376
361027,361033,365116,6,4083,2,36000,1.00146950771
361042,361048,364647,6,3599,2,36000,1.00166712976
361075,361081,364663,6,3582,2,36000,1.00167504188
361196,361202,364851,6,3649,2,36000,1.00164428611
361211,361217,366006,6,4789,2,36000,1.00125287116
361296,361302,364827,6,3525,2,36000,1.00170212766
361344,361351,364966,7,3615,2,36000,1.00193637621
361346,361357,364866,11,3509,2,36000,1.00313479624
361373,361379,364977,6,3598,2,36000,1.00166759311
361374,361385,364869,11,3484,2,36000,1.00315729047
361623,361629,365179,6,3550,2,36000,1.00169014085
361637,361644,365404,7,3760,2,36000,1.00186170213
361801,361807,365338,6,3531,2,36000,1.00169923534
361983,361989,365302,6,3313,2,36000,1.00181104739
361998,362004,365665,6,3661,2,36000,1.00163889648
362074,362080,365469,6,3389,2,36000,1.00177043376
362110,362116,362234,6,118,1,1800,1.05084745763
362164,362170,365754,6,3584,2,36000,1.00167410714
362194,362200,365816,6,3616,2,36000,1.00165929204
362370,362376,366069,6,3693,2,36000,1.00162469537
362424,362431,366028,7,3597,2,36000,1.00194606617
362494,362500,366033,6,3533,2,36000,1.00169827342
362538,362544,362656,6,112,1,1800,1.05357142857
362697,362703,366209,6,3506,2,36000,1.00171135197
362715,362725,366237,10,3512,2,36000,1.00284738041
362736,362742,366119,6,3377,2,36000,1.0017767249
363060,363066,366836,6,3770,2,36000,1.00159151194
363126,363132,367064,6,3932,2,36000,1.001525941
363274,363280,366809,6,3529,2,36000,1.00170019836
363329,363335,363829,6,494,1,1800,1.01214574899
363390,363396,366701,6,3305,2,36000,1.00181543116
363411,363417,366720,6,3303,2,36000,1.00181653043
363577,363583,367103,6,3520,2,36000,1.00170454545
363934,363940,367593,6,3653,2,36000,1.00164248563
364030,364036,367947,6,3911,2,36000,1.00153413449
364118,364124,367780,6,3656,2,36000,1.00164113786
364175,364182,367779,7,3597,2,36000,1.00194606617
364242,364248,367941,6,3693,2,36000,1.00162469537
364263,364269,367777,6,3508,2,36000,1.00171037628
364290,364296,367901,6,3605,2,36000,1.00166435506
364305,364311,367919,6,3608,2,36000,1.00166297118
364306,364317,368055,11,3738,2,36000,1.00294275013
364348,364881,364906,533,25,64,600,22.32
364431,364437,368022,6,3585,2,36000,1.00167364017
364515,364521,368244,6,3723,2,36000,1.00161160355
364627,364634,368191,7,3557,2,36000,1.00196795052
364649,364655,368171,6,3516,2,36000,1.00170648464
364664,364670,368110,6,3440,2,36000,1.00174418605
364678,364684,368295,6,3611,2,36000,1.00166158959
364830,364837,368739,7,3902,2,36000,1.00179395182
364854,364860,368375,6,3515,2,36000,1.00170697013
364869,364875,369837,6,4962,2,36000,1.00120918984
364884,364890,368439,6,3549,2,36000,1.00169061708
364969,364975,368578,6,3603,2,36000,1.00166527893
364983,364990,368695,7,3705,2,36000,1.00188933873
365117,365123,368910,6,3787,2,36000,1.00158436757
365180,365186,369030,6,3844,2,36000,1.00156087409
365304,365310,369233,6,3923,2,36000,1.00152944175
365340,365347,368955,7,3608,2,36000,1.00194013304
365405,365411,369039,6,3628,2,36000,1.00165380375
365472,365477,369215,5,3738,2,36000,1.0013376137
365585,365591,365639,6,48,1,1800,1.125
365641,365650,365962,9,312,64,1200,1.02884615385
365668,365674,369305,6,3631,2,36000,1.00165243735
365756,365762,369362,6,3600,2,36000,1.00166666667
365819,365825,369532,6,3707,2,36000,1.00161855948
365866,365872,365983,6,111,1,1800,1.05405405405
366007,366013,369614,6,3601,2,36000,1.00166620383
366022,366028,366106,6,78,1,1800,1.07692307692
366031,366037,370057,6,4020,2,36000,1.00149253731
366046,366052,369544,6,3492,2,36000,1.00171821306
366070,366076,369487,6,3411,2,36000,1.00175901495
366121,366127,369727,6,3600,2,36000,1.00166666667
366209,366215,369633,6,3418,2,36000,1.00175541252
366239,366245,369915,6,3670,2,36000,1.00163487738
366313,366319,366416,6,97,1,1800,1.0618556701
366702,366708,370253,6,3545,2,36000,1.00169252468
366722,366729,370206,7,3477,2,36000,1.0020132298
366810,366816,370221,6,3405,2,36000,1.00176211454
366837,366843,370349,6,3506,2,36000,1.00171135197
366946,366953,367217,7,264,1,1800,1.02651515152
367067,367073,370538,6,3465,2,36000,1.00173160173
367099,367105,367689,6,584,1,1800,1.0102739726
367103,367111,370448,8,3337,2,36000,1.0023973629
367593,367599,371345,6,3746,2,36000,1.00160170849
367778,367784,371228,6,3444,2,36000,1.00174216028
367793,367799,371364,6,3565,2,36000,1.00168302945
367794,367805,371401,11,3596,2,36000,1.00305895439
367904,367910,371333,6,3423,2,36000,1.00175284838
367919,367925,371282,6,3357,2,36000,1.0017873101
367943,367949,371665,6,3716,2,36000,1.0016146394
367958,367964,371283,6,3319,2,36000,1.00180777343
368024,368030,371465,6,3435,2,36000,1.00174672489
368057,368064,371619,7,3555,2,36000,1.00196905767
368112,368118,371657,6,3539,2,36000,1.00169539418
368172,368178,371532,6,3354,2,36000,1.00178890877
368193,368199,371572,6,3373,2,36000,1.0017788319
368245,368251,371910,6,3659,2,36000,1.00163979229
368296,368303,371996,7,3693,2,36000,1.00189547793
368378,368384,372224,6,3840,2,36000,1.0015625
368394,368863,369750,469,887,64,1200,1.52874859076
368441,368448,372609,7,4161,2,36000,1.00168228791
368581,368587,372179,6,3592,2,36000,1.00167037862
368696,368702,372226,6,3524,2,36000,1.00170261067
368741,368748,372436,7,3688,2,36000,1.00189804772
368911,368917,372474,6,3557,2,36000,1.00168681473
368957,368964,372814,7,3850,2,36000,1.00181818182
369030,369036,372612,6,3576,2,36000,1.00167785235
369045,369051,372923,6,3872,2,36000,1.00154958678
369217,369224,372928,7,3704,2,36000,1.00188984881
369235,369242,372953,7,3711,2,36000,1.00188628402
369308,369314,373037,6,3723,2,36000,1.00161160355
369366,369372,372907,6,3535,2,36000,1.00169731259
369490,369496,373084,6,3588,2,36000,1.0016722408
369536,369542,373293,6,3751,2,36000,1.00159957345
369550,369557,373122,7,3565,2,36000,1.00196353436
369614,369620,373276,6,3656,2,36000,1.00164113786
369635,369641,373335,6,3694,2,36000,1.00162425555
369722,369728,369773,6,45,1,1800,1.13333333333
369729,369735,373112,6,3377,2,36000,1.0017767249
369838,369844,373427,6,3583,2,36000,1.00167457438
369917,369923,373575,6,3652,2,36000,1.00164293538
370059,370065,373775,6,3710,2,36000,1.00161725067
370150,370156,370231,6,75,1,1800,1.08
370208,370214,373827,6,3613,2,36000,1.0016606698
370223,370229,374057,6,3828,2,36000,1.00156739812
370256,370262,373865,6,3603,2,36000,1.00166527893
370350,370356,374106,6,3750,2,36000,1.0016
370450,370456,374195,6,3739,2,36000,1.00160470714
370540,370547,374243,7,3696,2,36000,1.00189393939
371228,371234,374518,6,3284,2,36000,1.00182704019
371254,371260,373874,6,2614,1,36000,1.00229533282
371283,371289,374997,6,3708,2,36000,1.00161812298
371284,371295,375022,11,3727,2,36000,1.00295143547
371287,371300,460455,13,89155,1,172800,1.00014581347
371320,371326,371609,6,283,1,1800,1.02120141343
371336,371342,375081,6,3739,2,36000,1.00160470714
371351,371356,374785,5,3429,2,36000,1.00145815106
371365,371372,374824,7,3452,2,36000,1.00202780997
371402,371408,375124,6,3716,2,36000,1.0016146394
371468,371474,374997,6,3523,2,36000,1.00170309395
371502,371508,412206,6,40698,1,172800,1.00014742739
371534,371541,375200,7,3659,2,36000,1.00191309101
371573,371580,375332,7,3752,2,36000,1.00186567164
371619,371625,375170,6,3545,2,36000,1.00169252468
371661,371667,375366,6,3699,2,36000,1.00162206002
371676,371682,375203,6,3521,2,36000,1.00170406135
371912,371918,375584,6,3666,2,36000,1.00163666121
371997,372003,375832,6,3829,2,36000,1.00156698877
372182,372188,375934,6,3746,2,36000,1.00160170849
372227,372233,375878,6,3645,2,36000,1.00164609053
372228,372239,375978,11,3739,2,36000,1.00294196309
372436,372443,375952,7,3509,2,36000,1.00199487033
372476,372482,375826,6,3344,2,36000,1.00179425837
372612,372618,376455,6,3837,2,36000,1.00156372166
372613,372624,376917,11,4293,2,36000,1.00256231074
372816,372822,376619,6,3797,2,36000,1.00158019489
372910,372916,376725,6,3809,2,36000,1.00157521659
372925,372931,376501,6,3570,2,36000,1.00168067227
372940,372946,376758,6,3812,2,36000,1.00157397692
372955,372961,376409,6,3448,2,36000,1.00174013921
373039,373045,376554,6,3509,2,36000,1.00170988886
373084,373091,376885,7,3794,2,36000,1.00184501845
373115,373121,376587,6,3466,2,36000,1.00173110214
373129,373136,376822,7,3686,2,36000,1.00189907759
373278,373284,377146,6,3862,2,36000,1.00155359917
373296,373302,376926,6,3624,2,36000,1.00165562914
373338,373344,376932,6,3588,2,36000,1.0016722408
373429,373435,377079,6,3644,2,36000,1.00164654226
373578,373584,377360,6,3776,2,36000,1.00158898305
373777,373783,377489,6,3706,2,36000,1.00161899622
373829,373835,377656,6,3821,2,36000,1.00157026956
373865,373871,377477,6,3606,2,36000,1.00166389351
373943,373949,409981,6,36032,1,36000,1.00016651865
374059,374065,377631,6,3566,2,36000,1.00168255749
374107,374113,377931,6,3818,2,36000,1.0015715034
374195,374201,377908,6,3707,2,36000,1.00161855948
374246,374252,377752,6,3500,2,36000,1.00171428571
374519,374525,378289,6,3764,2,36000,1.00159404888
374787,374793,378462,6,3669,2,36000,1.00163532298
374826,374832,378706,6,3874,2,36000,1.00154878678
374999,375005,378485,6,3480,2,36000,1.00172413793
375000,375011,378393,11,3382,2,36000,1.00325251331
375024,375030,378518,6,3488,2,36000,1.00172018349
375082,375088,378698,6,3610,2,36000,1.00166204986
375127,375133,378752,6,3619,2,36000,1.00165791655
375172,375178,378778,6,3600,2,36000,1.00166666667
375203,375209,378724,6,3515,2,36000,1.00170697013
375217,375223,378667,6,3444,2,36000,1.00174216028
375332,375338,379195,6,3857,2,36000,1.00155561317
375368,375374,379126,6,3752,2,36000,1.00159914712
375586,375592,379150,6,3558,2,36000,1.00168634064
375828,375834,380128,6,4294,2,36000,1.00139729856
375843,375849,379524,6,3675,2,36000,1.00163265306
375879,375886,379792,7,3906,2,36000,1.0017921147
375937,375943,379619,6,3676,2,36000,1.00163220892
375955,375961,379888,6,3927,2,36000,1.00152788388
375979,375985,379663,6,3678,2,36000,1.00163132137
376411,376417,379907,6,3490,2,36000,1.00171919771
376456,376462,381421,6,4959,32,64800,1.00120992136
376456,376467,380061,11,3594,2,36000,1.00306065665
376501,376507,379814,6,3307,2,36000,1.00181433323
376555,376562,380169,7,3607,2,36000,1.00194067092
376578,376584,448611,6,72027,6,72000,1.0000833021
376582,376590,409656,8,33066,4,108000,1.00024194036
376589,376596,380063,7,3467,2,36000,1.00201903663
376622,376628,380303,6,3675,2,36000,1.00163265306
376728,376734,380532,6,3798,2,36000,1.00157977883
376761,376767,380255,6,3488,2,36000,1.00172018349
376781,376787,419071,6,42284,4,108000,1.00014189764
376824,376830,380429,6,3599,2,36000,1.00166712976
376885,376891,380490,6,3599,2,36000,1.00166712976
376918,376924,380224,6,3300,2,36000,1.00181818182
376933,376939,380678,6,3739,2,36000,1.00160470714
376934,376945,380690,11,3745,2,36000,1.00293724967
377080,377086,380702,6,3616,2,36000,1.00165929204
377147,377152,380797,5,3645,2,36000,1.00137174211
377362,377368,380911,6,3543,2,36000,1.0016934801
377389,377395,385304,6,7909,4,108000,1.00075862941
377477,377483,381018,6,3535,2,36000,1.00169731259
377492,377498,381133,6,3635,2,36000,1.00165061898
377540,377546,411726,6,34180,4,108000,1.00017554125
377628,377635,381100,7,3465,2,36000,1.00202020202
377659,377665,381359,6,3694,2,36000,1.00162425555
377753,377759,381359,6,3600,2,36000,1.00166666667
377772,377779,390019,7,12240,4,108000,1.00057189542
377911,377917,381359,6,3442,2,36000,1.00174317257
377932,377938,381359,6,3421,2,36000,1.00175387314
378289,378295,381359,6,3064,2,36000,1.00195822454
378348,378354,594405,6,216051,2,216000,1.00002777122
378395,378401,381359,6,2958,2,36000,1.00202839757
378465,378471,381359,6,2888,2,36000,1.00207756233
378486,378492,381359,6,2867,2,36000,1.00209277991
378519,378526,381359,7,2833,2,36000,1.00247087893
378668,378674,381359,6,2685,2,36000,1.00223463687
378699,378705,381360,6,2655,2,36000,1.00225988701
378713,378720,381359,7,2639,2,36000,1.00265251989
378728,378734,381360,6,2626,2,36000,1.00228484387
378753,378759,381360,6,2601,2,36000,1.00230680507
378780,378786,381360,6,2574,2,36000,1.00233100233
379126,379132,381360,6,2228,2,36000,1.0026929982
379150,379156,381360,6,2204,2,36000,1.00272232305
379196,379202,381360,6,2158,2,36000,1.00278035218
379526,379533,381360,7,1827,2,36000,1.00383141762
379621,379627,381360,6,1733,2,36000,1.00346220427
379663,379669,381360,6,1691,2,36000,1.00354819633
379793,379799,381360,6,1561,2,36000,1.00384368994
379814,379821,381360,7,1539,2,36000,1.00454840806
379888,379894,381360,6,1466,2,36000,1.00409276944
379909,379915,381360,6,1445,2,36000,1.00415224913
379928,380076,431006,148,50930,4,108000,1.00290594934
380064,380070,381360,6,1290,2,36000,1.00465116279
380065,380081,381360,16,1279,2,36000,1.01250977326
380129,380135,381360,6,1225,2,36000,1.00489795918
380145,380151,380314,6,163,2,72000,1.03680981595
380172,380179,381360,7,1181,2,36000,1.00592718036
380225,380231,381360,6,1129,2,36000,1.00531443756
380256,380262,381360,6,1098,2,36000,1.00546448087
380305,380311,381360,6,1049,2,36000,1.00571973308
380430,380436,381360,6,924,2,36000,1.00649350649
380491,380497,381360,6,863,2,36000,1.00695249131
380534,380540,381360,6,820,2,36000,1.00731707317
380681,380687,381360,6,673,2,36000,1.00891530461
380696,380702,381360,6,658,2,36000,1.00911854103
380711,380717,381360,6,643,2,36000,1.00933125972
380749,380755,396097,6,15342,2,108000,1.0003910833
380801,380807,381360,6,553,2,36000,1.01084990958
380883,380925,427415,42,46490,4,108000,1.00090342009
380913,380919,381360,6,441,2,36000,1.01360544218
381020,381026,381360,6,334,2,36000,1.01796407186
381102,381108,381360,6,252,2,36000,1.02380952381
381136,381142,381360,6,218,2,36000,1.02752293578
381455,381462,391506,7,10044,2,108000,1.00069693349
381593,381599,424829,6,43230,1,43200,1.00013879251
381768,381774,417793,6,36019,2,36000,1.00016657875
382042,382049,425289,7,43240,1,43200,1.00016188714
382287,382293,383061,6,768,2,108000,1.0078125
382723,382730,386271,7,3541,2,36000,1.0019768427
382725,382735,386372,10,3637,2,36000,1.00274951883
382726,382741,386166,15,3425,2,36000,1.00437956204
382727,382746,386274,19,3528,2,36000,1.00538548753
382728,382751,386220,23,3469,2,36000,1.00663015278
382730,382756,386372,26,3616,2,36000,1.00719026549
382731,382761,386372,30,3611,2,36000,1.00830794794
382732,382766,386357,34,3591,2,36000,1.00946811473
382734,382772,386372,38,3600,2,36000,1.01055555556
382735,382777,386372,42,3595,2,36000,1.01168289291
382736,382783,386370,47,3587,2,36000,1.01310287148
382738,382788,386372,50,3584,2,36000,1.01395089286
382739,382793,386372,54,3579,2,36000,1.01508801341
382740,382798,386091,58,3293,2,36000,1.01761311874
382742,382803,386089,61,3286,2,36000,1.01856360316
382743,382809,386178,66,3369,2,36000,1.0195903829
382744,382814,386372,70,3558,2,36000,1.01967397414
382746,382819,386344,73,3525,2,36000,1.02070921986
382747,382824,386372,77,3548,2,36000,1.02170236753
382749,382829,386336,80,3507,2,36000,1.02281151982
382750,382834,386212,84,3378,2,36000,1.02486678508
382751,382840,386003,89,3163,2,36000,1.02813784382
382753,382845,386372,92,3527,2,36000,1.02608449107
382754,382850,386372,96,3522,2,36000,1.0272572402
382755,382855,386372,100,3517,2,36000,1.02843332386
382757,382860,386372,103,3512,2,36000,1.02932801822
382758,382865,386372,107,3507,2,36000,1.03051040776
382759,382871,386372,112,3501,2,36000,1.03199085975
382761,382876,386372,115,3496,2,36000,1.03289473684
382762,382881,386116,119,3235,2,36000,1.03678516229
382763,382886,386372,123,3486,2,36000,1.03528399312
382764,382893,386138,129,3245,2,36000,1.03975346687
382766,382898,386372,132,3474,2,36000,1.03799654577
382767,382903,386372,136,3469,2,36000,1.03920438167
382768,382908,386330,140,3422,2,36000,1.04091174752
382770,382913,386372,143,3459,2,36000,1.04134142816
382771,382919,386372,148,3453,2,36000,1.04286128005
382772,382924,386372,152,3448,2,36000,1.04408352668
382774,382929,386372,155,3443,2,36000,1.04501887888
382775,382934,386372,159,3438,2,36000,1.0462478185
382884,382940,396618,56,13678,8,21600,1.00409416581
383304,383310,397008,6,13698,2,144000,1.00043802015
383439,383445,383463,6,18,1,144000,1.33333333333
383593,383599,383928,6,329,2,108000,1.01823708207
383949,383955,497895,6,113940,2,216000,1.00005265929
384255,384261,587989,6,203728,2,216000,1.00002945103
384467,384473,384558,6,85,2,72000,1.07058823529
384760,384767,467989,7,83222,2,216000,1.00008411237
384815,386342,398556,1527,12214,32,14400,1.12502046832
385019,385025,385029,6,4,1,360000,1.0
385028,385040,416572,12,31532,2,216000,1.00038056577
385067,386347,629869,1280,243522,1,360000,1.00525619862
385473,386227,386886,754,659,2,108000,2.14415781487
386005,386011,386372,6,361,2,36000,1.01662049861
386091,386097,386372,6,275,2,36000,1.02181818182
386092,386103,386372,11,269,2,36000,1.04089219331
386115,386353,390664,238,4311,2,216000,1.05520760844
386117,386123,386372,6,249,2,36000,1.02409638554
386141,386147,386372,6,225,2,36000,1.02666666667
386169,386175,386372,6,197,2,36000,1.03045685279
386184,386190,386372,6,182,2,36000,1.03296703297
386214,386221,386372,7,151,2,36000,1.04635761589
386229,386235,386372,6,137,2,36000,1.04379562044
386273,386279,386372,6,93,2,36000,1.06451612903
386287,386293,386372,6,79,2,36000,1.07594936709
386330,386336,386372,6,36,2,36000,1.16666666667
386345,386358,386372,13,14,2,36000,1.92857142857
386346,386363,386372,17,9,2,36000,2.6
386361,386369,386372,8,3,2,36000,1.1
386410,386416,386423,6,7,2,36000,1.3
386411,386422,386423,11,1,2,36000,1.2
386412,386427,386428,15,1,2,36000,1.6
386414,386432,386433,18,1,2,36000,1.9
386415,386437,386438,22,1,2,36000,2.3
386416,386442,386443,26,1,2,36000,2.7
386462,386468,390174,6,3706,2,36000,1.00161899622
386463,386474,389897,11,3423,2,36000,1.00321355536
386465,386479,390822,14,4343,2,36000,1.00322357817
386466,386484,389924,18,3440,2,36000,1.00523255814
386467,386489,390116,22,3627,2,36000,1.00606561897
386469,386495,390109,26,3614,2,36000,1.0071942446
386470,386500,389788,30,3288,2,36000,1.00912408759
386471,386505,390692,34,4187,2,36000,1.00812037258
386473,386510,390102,37,3592,2,36000,1.01030066815
386474,386516,390703,42,4187,2,36000,1.01003104848
386475,386521,389823,46,3302,2,36000,1.01393095094
386477,386526,389990,49,3464,2,36000,1.01414549654
386478,386531,390244,53,3713,2,36000,1.01427417183
386479,386536,389819,57,3283,2,36000,1.01736216875
386481,386541,390148,60,3607,2,36000,1.01663432215
386482,386547,390417,65,3870,2,36000,1.01679586563
386483,386552,389651,69,3099,2,36000,1.02226524685
386485,386557,390307,72,3750,2,36000,1.0192
386486,386562,390014,76,3452,2,36000,1.02201622248
386487,386567,389988,80,3421,2,36000,1.02338497515
386489,386572,391086,83,4514,2,36000,1.0183872397
386490,386583,390102,93,3519,2,36000,1.02642796249
386492,386588,390035,96,3447,2,36000,1.02785030461
386493,386594,392280,101,5686,2,36000,1.01776292649
386494,386599,390176,105,3577,2,36000,1.02935420744
386496,386604,390592,108,3988,2,36000,1.02708124373
386497,386609,389979,112,3370,2,36000,1.03323442136
386498,386614,391172,116,4558,2,36000,1.02544975867
386500,386619,390083,119,3464,2,36000,1.03435334873
386501,386625,389931,124,3306,2,36000,1.03750756201
386502,386630,390482,128,3852,2,36000,1.03322949117
386504,386635,390373,131,3738,2,36000,1.03504547887
386505,386640,390128,135,3488,2,36000,1.03870412844
386506,386645,390174,139,3529,2,36000,1.03938792859
386508,386650,389855,142,3205,2,36000,1.04430577223
386509,386656,390033,147,3377,2,36000,1.04352976014
386510,386661,390679,151,4018,2,36000,1.03758088601
386512,386666,390217,154,3551,2,36000,1.04336806533
386513,386671,390862,158,4191,2,36000,1.03769983298
386514,386676,390018,162,3342,2,36000,1.04847396768
386516,386681,390140,165,3459,2,36000,1.04770164788
386517,386686,390252,169,3566,2,36000,1.04739203589
386518,386692,390212,174,3520,2,36000,1.04943181818
386520,386697,390297,177,3600,2,36000,1.04916666667
386521,386702,390129,181,3427,2,36000,1.05281587394
386522,386707,390323,185,3616,2,36000,1.05116150442
386524,386712,390230,188,3518,2,36000,1.05343945424
386525,386717,390505,192,3788,2,36000,1.05068637804
386526,386723,390183,197,3460,2,36000,1.05693641618
386528,386728,390549,200,3821,2,36000,1.05234231876
386529,386733,390039,204,3306,2,36000,1.06170598911
386530,386738,390471,208,3733,2,36000,1.05571926065
386532,386743,389921,211,3178,2,36000,1.06639395846
386533,386748,390209,215,3461,2,36000,1.06212077434
386534,386754,390099,220,3345,2,36000,1.06576980568
386536,386759,389978,223,3219,2,36000,1.06927617272
386537,386764,390209,227,3445,2,36000,1.06589259797
386538,386769,390684,231,3915,2,36000,1.05900383142
386540,386774,390661,234,3887,2,36000,1.0602006689
386541,386779,390646,238,3867,2,36000,1.06154641841
386565,386578,425116,13,38538,2,216000,1.00033732939
386990,386996,388349,6,1353,2,144000,1.0044345898
387481,388360,404255,879,15895,2,216000,1.05530040893
389651,389657,393029,6,3372,2,36000,1.00177935943
389790,389797,393614,7,3817,2,36000,1.00183390097
389821,389828,393432,7,3604,2,36000,1.00194228635
389837,389843,393192,6,3349,2,36000,1.00179157958
389857,389864,393280,7,3416,2,36000,1.00204918033
389897,389903,393327,6,3424,2,36000,1.00175233645
389921,389927,393180,6,3253,2,36000,1.00184445128
389937,389944,393104,7,3160,2,36000,1.00221518987
389939,389949,394191,10,4242,2,36000,1.0023573786
389978,389984,394086,6,4102,2,36000,1.00146270112
389994,390000,393837,6,3837,2,36000,1.00156372166
389995,390006,393465,11,3459,2,36000,1.00318010986
389996,390011,393880,15,3869,2,36000,1.00387697079
390017,390024,393581,7,3557,2,36000,1.00196795052
390032,390039,395090,7,5051,2,36000,1.00138586419
390048,390054,393810,6,3756,2,36000,1.00159744409
390049,390060,393263,11,3203,2,36000,1.00343428036
390050,390065,393614,15,3549,2,36000,1.00422654269
390084,390090,393905,6,3815,2,36000,1.00157273919
390086,390114,426540,28,36426,4,108000,1.00076868171
390102,390108,393560,6,3452,2,36000,1.00173812283
390103,390119,394232,16,4113,2,36000,1.00389010455
390105,390125,393565,20,3440,2,36000,1.00581395349
390121,390131,393625,10,3494,2,36000,1.00286204923
390122,390136,393358,14,3222,2,36000,1.00434512725
390138,390144,393511,6,3367,2,36000,1.00178200178
390139,390150,393795,11,3645,2,36000,1.00301783265
390154,390160,393901,6,3741,2,36000,1.00160384924
390155,390166,393794,11,3628,2,36000,1.00303197354
390157,390190,390192,33,2,4,357015,3.5
390177,390184,394242,7,4058,2,36000,1.00172498768
390179,390195,393770,16,3575,2,36000,1.00447552448
390180,390200,393930,20,3730,2,36000,1.00536193029
390195,390207,395735,12,5528,2,36000,1.002170767
390211,390217,393795,6,3578,2,36000,1.00167691448
390212,390223,393602,11,3379,2,36000,1.00325540101
390227,390233,394884,6,4651,2,36000,1.00129004515
390228,390239,395102,11,4863,2,36000,1.0022619782
390243,390249,393768,6,3519,2,36000,1.00170502984
390258,390264,394023,6,3759,2,36000,1.00159616919
390260,390270,393751,10,3481,2,36000,1.00287273772
390299,390305,394620,6,4315,2,36000,1.00139049826
390314,390320,394120,6,3800,2,36000,1.00157894737
390329,390335,393846,6,3511,2,36000,1.00170891484
390375,390381,394089,6,3708,2,36000,1.00161812298
390418,390424,393826,6,3402,2,36000,1.00176366843
390473,390479,394408,6,3929,2,36000,1.00152710613
390488,390494,394148,6,3654,2,36000,1.00164203612
390509,390515,394404,6,3889,2,36000,1.00154281306
390551,390557,394570,6,4013,2,36000,1.00149514079
390593,390600,394068,7,3468,2,36000,1.00201845444
390647,390653,394019,6,3366,2,36000,1.00178253119
390662,390668,394150,6,3482,2,36000,1.00172314762
390680,390686,394127,6,3441,2,36000,1.00174367916
390691,393203,681802,2512,288599,6,604800,1.00870411886
390697,390703,395990,6,5287,2,36000,1.00113485909
390699,390709,394788,10,4079,2,36000,1.00245158127
390714,390721,394473,7,3752,2,36000,1.00186567164
390773,390931,432680,158,41749,4,108000,1.00378452178
390826,390832,394355,6,3523,2,36000,1.00170309395
390865,390871,394388,6,3517,2,36000,1.00170599943
391065,391071,751077,6,360006,1,360000,1.00001666639
391087,391093,394232,6,3139,2,36000,1.00191143676
391175,391181,394574,6,3393,2,36000,1.0017683466
391539,391545,391667,6,122,1,72000,1.04918032787
391540,391888,392414,348,526,1,72000,1.66159695817
391540,392294,392798,754,504,1,72000,2.49603174603
391540,392299,392833,759,534,1,72000,2.42134831461
391540,391678,391877,138,199,1,72000,1.69346733668
392282,392288,395654,6,3366,2,36000,1.00178253119
393032,393038,396617,6,3579,2,36000,1.00167644593
393106,393112,396726,6,3614,2,36000,1.00166021029
393184,393190,396683,6,3493,2,36000,1.00171772116
393199,393209,397018,10,3809,2,36000,1.00262536099
393263,393269,396771,6,3502,2,36000,1.00171330668
393284,393290,396801,6,3511,2,36000,1.00170891484
393329,393335,396785,6,3450,2,36000,1.00173913043
393360,393366,396849,6,3483,2,36000,1.00172265289
393433,393439,396950,6,3511,2,36000,1.00170891484
393467,393473,397421,6,3948,2,36000,1.00151975684
393513,393519,397017,6,3498,2,36000,1.00171526587
393562,393568,399103,6,5535,2,36000,1.00108401084
393577,393583,397541,6,3958,2,36000,1.00151591713
393592,393598,396958,6,3360,2,36000,1.00178571429
393608,393614,397254,6,3640,2,36000,1.00164835165
393625,393632,396918,7,3286,2,36000,1.00213024954
393627,393638,397358,11,3720,2,36000,1.00295698925
393628,393643,396830,15,3187,2,36000,1.00470662065
393698,393809,394191,111,382,2,356400,1.29057591623
393751,393758,397675,7,3917,2,36000,1.00178708195
393767,393773,397036,6,3263,2,36000,1.00183879865
393781,393787,397241,6,3454,2,36000,1.00173711639
393797,393803,397346,6,3543,2,36000,1.0016934801
393798,393814,397097,16,3283,2,36000,1.00487359123
393799,393820,397000,21,3180,2,36000,1.00660377358
393814,393826,397974,12,4148,2,36000,1.00289296046
393829,393835,397721,6,3886,2,36000,1.00154400412
393843,393850,397430,7,3580,2,36000,1.00195530726
393858,393864,397529,6,3665,2,36000,1.00163710778
393882,393888,397571,6,3683,2,36000,1.00162910671
393903,393910,398282,7,4372,2,36000,1.0016010979
393918,393924,400253,6,6329,2,36000,1.00094801706
393933,393939,398385,6,4446,2,36000,1.00134952767
394021,394027,397243,6,3216,2,36000,1.00186567164
394035,394041,397833,6,3792,2,36000,1.00158227848
394071,394077,397808,6,3731,2,36000,1.00160814795
394086,394092,397349,6,3257,2,36000,1.00184218606
394101,394107,397640,6,3533,2,36000,1.00169827342
394122,394128,397392,6,3264,2,36000,1.00183823529
394137,394144,397412,7,3268,2,36000,1.00214198286
394154,394161,397569,7,3408,2,36000,1.00205399061
394156,394166,397762,10,3596,2,36000,1.00278086763
394194,394200,397613,6,3413,2,36000,1.00175798418
394238,394244,398489,6,4245,2,36000,1.00141342756
394240,394250,398080,10,3830,2,36000,1.00261096606
394255,394261,398081,6,3820,2,36000,1.00157068063
394356,394362,397941,6,3579,2,36000,1.00167644593
394394,394400,397897,6,3497,2,36000,1.00171575636
394411,394417,398175,6,3758,2,36000,1.00159659393
394412,394423,398154,11,3731,2,36000,1.00294827124
394441,394486,394891,45,405,2,356400,1.11111111111
394474,394480,398325,6,3845,2,36000,1.00156046814
394570,394577,398307,7,3730,2,36000,1.0018766756
394585,394591,398377,6,3786,2,36000,1.00158478605
394621,394628,398556,7,3928,2,36000,1.00178207739
394791,394797,398377,6,3580,2,36000,1.00167597765
394857,394863,395215,6,352,2,356400,1.01704545455
394884,394891,398396,7,3505,2,36000,1.00199714693
395090,395096,398750,6,3654,2,36000,1.00164203612
395105,395111,398454,6,3343,2,36000,1.00179479509
395173,395180,395560,7,380,2,356400,1.01842105263
395655,395662,399700,7,4038,2,36000,1.00173353145
395737,395743,399663,6,3920,2,36000,1.00153061224
395990,395996,400044,6,4048,2,36000,1.00148221344
396621,396627,399750,6,3123,2,36000,1.00192122959
396685,396691,400260,6,3569,2,36000,1.00168114318
396731,396737,401632,6,4895,2,36000,1.00122574055
396775,396781,401098,6,4317,2,36000,1.00138985407
396794,396800,400628,6,3828,2,36000,1.00156739812
396808,396814,400144,6,3330,2,36000,1.0018018018
396835,396841,400894,6,4053,2,36000,1.0014803849
396850,396856,400551,6,3695,2,36000,1.00162381597
396920,396926,400122,6,3196,2,36000,1.00187734668
396950,396956,400379,6,3423,2,36000,1.00175284838
396965,396971,400220,6,3249,2,36000,1.00184672207
397001,397007,400122,6,3115,2,36000,1.00192616372
397019,397026,400170,7,3144,2,36000,1.0022264631
397021,397031,400351,10,3320,2,36000,1.00301204819
397021,397037,408247,16,11210,2,108000,1.00142729706
397039,397045,400412,6,3367,2,36000,1.00178200178
397100,397106,400334,6,3228,2,36000,1.00185873606
397148,397154,757162,6,360008,1,360000,1.0000166663
397243,397249,400617,6,3368,2,36000,1.00178147268
397258,397264,400454,6,3190,2,36000,1.00188087774
397259,397270,401078,11,3808,2,36000,1.00288865546
397348,397354,401254,6,3900,2,36000,1.00153846154
397349,397360,401108,11,3748,2,36000,1.00293489861
397364,397371,400865,7,3494,2,36000,1.00200343446
397392,397399,401632,7,4233,2,36000,1.00165367352
397414,397420,400715,6,3295,2,36000,1.00182094082
397429,397435,400934,6,3499,2,36000,1.00171477565
397444,397450,401506,6,4056,2,36000,1.00147928994
397530,397536,401084,6,3548,2,36000,1.00169109357
397545,397551,401091,6,3540,2,36000,1.00169491525
397572,397579,400744,7,3165,2,36000,1.00221169036
397574,397585,401866,11,4281,2,36000,1.00256949311
397613,397619,400957,6,3338,2,36000,1.00179748352
397641,397647,400865,6,3218,2,36000,1.00186451212
397677,397683,401330,6,3647,2,36000,1.00164518783
397717,397723,397985,6,262,1,72000,1.02290076336
397725,397731,401807,6,4076,2,36000,1.0014720314
397761,397767,401191,6,3424,2,36000,1.00175233645
397810,397817,401640,7,3823,2,36000,1.00183102276
397835,397842,401365,7,3523,2,36000,1.00198694295
397897,397903,402839,6,4936,2,36000,1.00121555916
397943,397949,401218,6,3269,2,36000,1.00183542368
397975,397981,401598,6,3617,2,36000,1.00165883329
398083,398089,402607,6,4518,2,36000,1.00132802125
398084,398095,402290,11,4195,2,36000,1.00262216925
398157,398163,401800,6,3637,2,36000,1.0016497113
398175,398181,401874,6,3693,2,36000,1.00162469537
398284,398291,401467,7,3176,2,36000,1.00220403023
398309,398315,401564,6,3249,2,36000,1.00184672207
398326,398333,401685,7,3352,2,36000,1.00208830549
398379,398385,402412,6,4027,2,36000,1.00148994289
398380,398391,402182,11,3791,2,36000,1.00290160907
398395,398402,403359,7,4957,2,36000,1.00141214444
398410,398416,402259,6,3843,2,36000,1.00156128025
398456,398462,402347,6,3885,2,36000,1.00154440154
398489,398495,402190,6,3695,2,36000,1.00162381597
398556,398563,402165,7,3602,2,36000,1.0019433648
398669,398675,408895,6,10220,2,10800,1.00058708415
398750,398756,402398,6,3642,2,36000,1.00164744646
398851,398857,408675,6,9818,2,10800,1.00061112243
398918,398924,409762,6,10838,2,10800,1.00055360768
399106,399112,403647,6,4535,2,36000,1.001323043
399622,399628,452889,6,53261,2,108000,1.00011265279
399666,399672,403266,6,3594,2,36000,1.00166944908
399704,399710,403236,6,3526,2,36000,1.00170164492
399753,399760,403235,7,3475,2,36000,1.00201438849
399958,399964,452243,6,52279,2,108000,1.00011476884
400044,400050,403485,6,3435,2,36000,1.00174672489
400128,400134,405073,6,4939,2,36000,1.00121482081
400129,400140,403628,11,3488,2,36000,1.00315366972
400148,400155,403898,7,3743,2,36000,1.00187015763
400170,400176,403309,6,3133,2,36000,1.00191509735
400220,400226,404167,6,3941,2,36000,1.00152245623
400255,400261,403718,6,3457,2,36000,1.00173560891
400272,400278,404785,6,4507,2,36000,1.00133126248
400334,400340,404237,6,3897,2,36000,1.00153964588
400352,400358,415523,6,15165,2,36000,1.00039564787
400380,400387,403928,7,3541,2,36000,1.0019768427
400414,400420,405738,6,5318,2,36000,1.0011282437
400457,400463,404260,6,3797,2,36000,1.00158019489
400551,400557,404714,6,4157,2,36000,1.00144334857
400618,400624,404973,6,4349,2,36000,1.0013796275
400633,400639,404324,6,3685,2,36000,1.00162822252
400715,400721,404118,6,3397,2,36000,1.00176626435
400746,400752,405471,6,4719,2,36000,1.00127145582
400868,400875,406501,7,5626,2,36000,1.00124422325
400870,400881,404835,11,3954,2,36000,1.00278199292
400897,400903,404885,6,3982,2,36000,1.00150678051
400937,400943,405585,6,4642,2,36000,1.00129254632
400960,400966,404261,6,3295,2,36000,1.00182094082
401080,401086,405044,6,3958,2,36000,1.00151591713
401099,401105,404535,6,3430,2,36000,1.00174927114
401100,401111,404390,11,3279,2,36000,1.00335468131
401101,401116,404270,15,3154,2,36000,1.00475586557
401117,401122,404630,5,3508,2,36000,1.00142531357
401192,401198,404571,6,3373,2,36000,1.0017788319
401220,401226,404731,6,3505,2,36000,1.00171184023
401256,401262,404955,6,3693,2,36000,1.00162469537
401331,401338,404813,7,3475,2,36000,1.00201438849
401369,401375,406364,6,4989,2,36000,1.00120264582
401470,401477,405027,7,3550,2,36000,1.00197183099
401511,401517,404899,6,3382,2,36000,1.00177409817
401565,401572,405108,7,3536,2,36000,1.00197963801
401603,401609,405249,6,3640,2,36000,1.00164835165
401634,401640,405178,6,3538,2,36000,1.00169587337
401635,401646,405295,11,3649,2,36000,1.00301452453
401652,401658,405846,6,4188,2,36000,1.00143266476
401689,401696,405997,7,4301,2,36000,1.00162752848
401802,401808,405255,6,3447,2,36000,1.00174064404
401809,401814,401815,5,1,1,72000,1.0
401813,401829,402237,16,408,1,72000,1.03921568627
401817,401823,405093,6,3270,2,36000,1.00183486239
401870,401876,405221,6,3345,2,36000,1.00179372197
401886,401892,405464,6,3572,2,36000,1.00167973124
402168,402174,406257,6,4083,2,36000,1.00146950771
402183,402189,405828,6,3639,2,36000,1.00164880462
402198,402204,405439,6,3235,2,36000,1.00185471406
402261,402268,406704,7,4436,2,36000,1.0015779982
402292,402298,405623,6,3325,2,36000,1.00180451128
402349,402355,405616,6,3261,2,36000,1.0018399264
402401,402407,405783,6,3376,2,36000,1.00177725118
402416,402422,406497,6,4075,2,36000,1.00147239264
402609,402615,405991,6,3376,2,36000,1.00177725118
402841,402848,406706,7,3858,2,36000,1.00181441161
402869,402875,403076,6,201,1,72000,1.02985074627
403237,403244,406768,7,3524,2,36000,1.00198637911
403239,403250,406802,11,3552,2,36000,1.00309684685
403269,403275,406964,6,3689,2,36000,1.00162645703
403309,403314,407225,5,3911,2,36000,1.00127844541
403360,403366,407565,6,4199,2,36000,1.00142891165
403488,403493,409292,5,5799,2,36000,1.00086221762
403630,403636,407212,6,3576,2,36000,1.00167785235
403650,403656,407359,6,3703,2,36000,1.00162030786
403721,403727,408967,6,5240,2,36000,1.00114503817
403899,403906,408320,7,4414,2,36000,1.00158586316
403932,403938,407992,6,4054,2,36000,1.00148001973
404124,404130,407380,6,3250,2,36000,1.00184615385
404168,404174,407489,6,3315,2,36000,1.00180995475
404240,404246,407761,6,3515,2,36000,1.00170697013
404262,404268,407930,6,3662,2,36000,1.00163844894
404263,404274,407868,11,3594,2,36000,1.00306065665
404279,404285,408001,6,3716,2,36000,1.0016146394
404327,404333,407773,6,3440,2,36000,1.00174418605
404385,404391,405125,6,734,6,3600,1.00817438692
404392,404399,408116,7,3717,2,36000,1.00188323917
404539,404545,407998,6,3453,2,36000,1.00173761946
404572,404578,408585,6,4007,2,36000,1.00149737959
404634,404640,408152,6,3512,2,36000,1.00170842825
404642,404846,458147,204,53301,6,108000,1.00382732031
404718,404724,408036,6,3312,2,36000,1.0018115942
404735,404741,409728,6,4987,2,36000,1.00120312813
404788,404794,408265,6,3471,2,36000,1.00172860847
404813,404820,407934,7,3114,2,36000,1.00224791265
404840,404851,408194,11,3343,2,36000,1.00329045767
404887,404894,410422,7,5528,2,36000,1.00126628075
404903,404909,409256,6,4347,2,36000,1.00138026225
404957,404963,408981,6,4018,2,36000,1.00149328024
404976,404982,408100,6,3118,2,36000,1.00192431046
405028,405034,408460,6,3426,2,36000,1.00175131349
405047,405053,408546,6,3493,2,36000,1.00171772116
405077,405083,408062,6,2979,2,36000,1.00201409869
405096,405103,408503,7,3400,2,36000,1.00205882353
405111,405117,408670,6,3553,2,36000,1.00168871376
405179,405186,410182,7,4996,2,36000,1.0014011209
405224,405230,408384,6,3154,2,36000,1.00190234623
405246,405252,409673,6,4421,2,36000,1.00135715901
405261,405267,409569,6,4302,2,36000,1.00139470014
405298,405304,409336,6,4032,2,36000,1.00148809524
405442,405449,409374,7,3925,2,36000,1.00178343949
405467,405473,409282,6,3809,2,36000,1.00157521659
405482,405488,409198,6,3710,2,36000,1.00161725067
405588,405594,409607,6,4013,2,36000,1.00149514079
405619,405625,409864,6,4239,2,36000,1.00141542817
405634,405640,409626,6,3986,2,36000,1.00150526844
405723,405729,405737,6,8,1,172800,1.4
405740,405746,409224,6,3478,2,36000,1.00172512938
405785,405791,409843,6,4052,2,36000,1.00148075025
405830,405837,409195,7,3358,2,36000,1.00208457415
405848,405855,409152,7,3297,2,36000,1.00212314225
405967,405973,405975,6,2,1,3600,1.0
405991,405997,409762,6,3765,2,36000,1.0015936255
406006,406012,415523,6,9511,2,36000,1.00063084849
406075,406081,406623,6,542,1,108000,1.0110701107
406180,406270,406624,90,354,1,108000,1.25423728814
406258,406275,406624,17,349,1,108000,1.04871060172
406258,406264,410044,6,3780,2,36000,1.00158730159
406367,406373,410716,6,4343,2,36000,1.0013815335
406498,406504,409957,6,3453,2,36000,1.00173761946
406513,406519,410055,6,3536,2,36000,1.00169683258
406705,406711,411919,6,5208,2,36000,1.00115207373
406719,406726,410033,7,3307,2,36000,1.0021167221
406771,406777,409961,6,3184,2,36000,1.00188442211
406804,406811,409877,7,3066,2,36000,1.00228310502
406965,406971,410777,6,3806,2,36000,1.00157645822
407213,407219,410477,6,3258,2,36000,1.00184162063
407229,407235,410900,6,3665,2,36000,1.00163710778
407355,407392,407476,37,84,6,3600,1.44047619048
407362,407368,411216,6,3848,2,36000,1.00155925156
407380,407386,411498,6,4112,2,36000,1.00145914397
407490,407496,411526,6,4030,2,36000,1.00148883375
407569,407575,411325,6,3750,2,36000,1.0016
407764,407770,411884,6,4114,2,36000,1.00145843461
407779,407785,412058,6,4273,2,36000,1.00140416569
407868,407874,411318,6,3444,2,36000,1.00174216028
407931,407938,411354,7,3416,2,36000,1.00204918033
407946,407952,412828,6,4876,2,36000,1.00123051682
407994,408000,411473,6,3473,2,36000,1.00172761301
408010,408016,411204,6,3188,2,36000,1.00188205772
408011,408022,411588,11,3566,2,36000,1.00308468873
408038,408044,411555,6,3511,2,36000,1.00170891484
408065,408071,411418,6,3347,2,36000,1.00179265013
408101,408107,411428,6,3321,2,36000,1.00180668473
408119,408125,411741,6,3616,2,36000,1.00165929204
408155,408161,411647,6,3486,2,36000,1.0017211704
408194,408200,411270,6,3070,2,36000,1.00195439739
408265,408271,411463,6,3192,2,36000,1.00187969925
408317,408323,411654,6,3331,2,36000,1.00180126088
408386,408392,412321,6,3929,2,36000,1.00152710613
408461,408468,415523,7,7055,2,36000,1.00099220411
408503,408510,412310,7,3800,2,36000,1.00184210526
408549,408555,412027,6,3472,2,36000,1.0017281106
408585,408591,412165,6,3574,2,36000,1.00167879127
408673,408679,411934,6,3255,2,36000,1.00184331797
408970,408976,412362,6,3386,2,36000,1.00177200236
408986,408992,413496,6,4504,2,36000,1.0013321492
409153,409159,412646,6,3487,2,36000,1.0017206768
409195,409201,413637,6,4436,2,36000,1.00135256988
409210,409216,412739,6,3523,2,36000,1.00170309395
409225,409231,412879,6,3648,2,36000,1.00164473684
409258,409264,415471,6,6207,2,36000,1.00096665056
409282,409288,413425,6,4137,2,36000,1.00145032632
409297,409303,412245,6,2942,2,36000,1.00203942896
409336,409342,414447,6,5105,2,36000,1.00117531832
409375,409382,413092,7,3710,2,36000,1.00188679245
409570,409576,412990,6,3414,2,36000,1.00175746924
409609,409615,413518,6,3903,2,36000,1.00153727902
409627,409633,413081,6,3448,2,36000,1.00174013921
409675,409681,413830,6,4149,2,36000,1.0014461316
409729,409735,413839,6,4104,2,36000,1.0014619883
409762,409768,413067,6,3299,2,36000,1.00181873295
409844,409850,413321,6,3471,2,36000,1.00172860847
409865,409871,413424,6,3553,2,36000,1.00168871376
409879,409886,415523,7,5637,2,36000,1.00124179528
409958,409965,413334,7,3369,2,36000,1.00207776788
409973,409979,413476,6,3497,2,36000,1.00171575636
410034,410041,413433,7,3392,2,36000,1.00206367925
410049,410055,413437,6,3382,2,36000,1.00177409817
410064,410070,413576,6,3506,2,36000,1.00171135197
410183,410190,413794,7,3604,2,36000,1.00194228635
410423,410429,413845,6,3416,2,36000,1.00175644028
410480,410486,414334,6,3848,2,36000,1.00155925156
410719,410725,414282,6,3557,2,36000,1.00168681473
410792,410798,414747,6,3949,2,36000,1.00151937199
410901,410907,414110,6,3203,2,36000,1.00187324383
410926,410932,419989,6,9057,1,10800,1.00066247102
411206,411213,414778,7,3565,2,36000,1.00196353436
411222,411227,414707,5,3480,2,36000,1.00143678161
411274,411280,414569,6,3289,2,36000,1.00182426269
411319,411325,415523,6,4198,2,36000,1.00142925202
411334,411340,414942,6,3602,2,36000,1.00166574125
411356,411362,414900,6,3538,2,36000,1.00169587337
411424,411430,414908,6,3478,2,36000,1.00172512938
411440,411446,414940,6,3494,2,36000,1.00171722954
411464,411470,414953,6,3483,2,36000,1.00172265289
411480,411487,415096,7,3609,2,36000,1.00193959546
411501,411507,414581,6,3074,2,36000,1.00195185426
411529,411535,415014,6,3479,2,36000,1.00172463352
411556,411562,415523,6,3961,2,36000,1.001514769
411590,411596,415117,6,3521,2,36000,1.00170406135
411649,411655,415523,6,3868,2,36000,1.00155118925
411664,411670,415523,6,3853,2,36000,1.00155722813
411741,411747,415523,6,3776,2,36000,1.00158898305
411885,411891,415107,6,3216,2,36000,1.00186567164
411923,411929,415452,6,3523,2,36000,1.00170309395
411938,411944,415523,6,3579,2,36000,1.00167644593
412030,412036,415247,6,3211,2,36000,1.00186857677
412060,412066,415200,6,3134,2,36000,1.00191448628
412165,412172,415523,7,3351,2,36000,1.00208892868
412247,412253,415523,6,3270,2,36000,1.00183486239
412310,412316,415523,6,3207,2,36000,1.00187090739
412325,412331,415523,6,3192,2,36000,1.00187969925
412364,412371,415523,7,3152,2,36000,1.00222081218
412612,413080,413097,468,17,18,68400,28.5294117647
412649,412655,415523,6,2868,2,36000,1.00209205021
412740,412746,415523,6,2777,2,36000,1.00216060497
412794,413109,413132,315,23,18,68400,14.6956521739
412830,412836,415523,6,2687,2,36000,1.00223297358
412881,412887,415523,6,2636,2,36000,1.00227617602
412992,412999,415523,7,2524,2,36000,1.00277337559
413068,413074,415523,6,2449,2,36000,1.00244997958
413083,413089,415523,6,2434,2,36000,1.00246507806
413097,413103,415523,6,2420,2,36000,1.00247933884
413191,413197,435386,6,22189,18,68400,1.00027040425
413234,413530,445880,296,32350,18,68400,1.00914992272
413321,413327,415523,6,2196,2,36000,1.00273224044
413336,413342,415523,6,2181,2,36000,1.00275103164
413426,413432,415523,6,2091,2,36000,1.00286944046
413427,413438,415523,11,2085,2,36000,1.00527577938
413442,413448,415523,6,2075,2,36000,1.00289156627
413444,413454,415524,10,2070,2,36000,1.00483091787
413477,413483,415524,6,2041,2,36000,1.00293973542
413497,413504,415524,7,2020,2,36000,1.00346534653
413518,413524,415524,6,2000,2,36000,1.003
413579,413585,415524,6,1939,2,36000,1.00309437855
413639,413645,415524,6,1879,2,36000,1.00319318787
413795,413802,415524,7,1722,2,36000,1.00406504065
413831,413837,415524,6,1687,2,36000,1.00355660937
413846,413853,415524,7,1671,2,36000,1.00418910832
413848,413858,415524,10,1666,2,36000,1.00600240096
414110,414117,415524,7,1407,2,36000,1.00497512438
414287,414293,415524,6,1231,2,36000,1.00487408611
414338,414344,415524,6,1180,2,36000,1.00508474576
414454,414460,415524,6,1064,2,36000,1.00563909774
414572,414578,415524,6,946,2,36000,1.00634249471
414589,414595,415524,6,929,2,36000,1.00645855759
414708,414714,415524,6,810,2,36000,1.00740740741
414750,414756,415524,6,768,2,36000,1.0078125
414782,414788,415524,6,736,2,36000,1.00815217391
414902,414909,415524,7,615,2,36000,1.01138211382
414919,414925,415524,6,599,2,36000,1.01001669449
414944,414950,415524,6,574,2,36000,1.01045296167
414946,414956,415524,10,568,2,36000,1.0176056338
414963,414969,415524,6,555,2,36000,1.01081081081
415015,415021,415524,6,503,2,36000,1.01192842942
415100,415106,415524,6,418,2,36000,1.01435406699
415115,415121,415524,6,403,2,36000,1.01488833747
415129,415135,415524,6,389,2,36000,1.01542416452
415203,415209,415524,6,315,2,36000,1.01904761905
415248,415254,415524,6,270,2,36000,1.02222222222
415454,415460,415524,6,64,2,36000,1.09375
415472,415478,415524,6,46,2,36000,1.13043478261
416518,416525,483479,7,66954,1,86400,1.00010454939
417439,417445,417453,6,8,2,10800,1.4
417544,417550,421187,6,3637,1,3600,1.0016497113
418089,418095,424328,6,6233,2,18000,1.00096261832
418549,418555,418556,6,1,2,3540,1.0
418786,418792,418801,6,9,2,18000,1.5
419034,419041,419046,7,5,2,18000,1.2
419225,419231,425514,6,6283,2,18000,1.00095495782
419520,419526,419534,6,8,2,18000,1.4
419620,419626,426892,6,7266,2,18000,1.00082576383
419760,419766,427011,6,7245,2,18000,1.00082815735
419956,419962,426275,6,6313,2,18000,1.00095041977
420112,420118,426467,6,6349,2,18000,1.00094503071
429004,429010,432619,6,3609,2,36000,1.00166251039
429005,429016,432673,11,3657,2,36000,1.00300793
429006,429021,432351,15,3330,2,36000,1.0045045045
429008,429026,432342,18,3316,2,36000,1.00542822678
429009,429031,432706,22,3675,2,36000,1.00598639456
429010,429036,432882,26,3846,2,36000,1.00676027041
429011,429042,432229,31,3187,2,36000,1.009727016
429013,429047,432537,34,3490,2,36000,1.00974212034
429014,429052,432887,38,3835,2,36000,1.00990873533
429015,429057,432591,42,3534,2,36000,1.01188455008
429017,429062,432725,45,3663,2,36000,1.01228501229
429018,429068,432522,50,3454,2,36000,1.01447596989
429020,429073,432704,53,3631,2,36000,1.01459652988
429021,429078,432755,57,3677,2,36000,1.01550176775
429023,429083,432593,60,3510,2,36000,1.01709401709
429024,429088,432767,64,3679,2,36000,1.01739603153
429026,429093,432634,67,3541,2,36000,1.0189212087
429027,429099,432346,72,3247,2,36000,1.02217431475
429029,429104,432542,75,3438,2,36000,1.02181500873
429030,429109,432862,79,3753,2,36000,1.02104982681
429031,429114,433203,83,4089,2,36000,1.02029836146
429033,429119,432721,86,3602,2,36000,1.02387562465
429034,429124,432494,90,3370,2,36000,1.02670623145
429036,429130,432510,94,3380,2,36000,1.02781065089
429037,429136,432625,99,3489,2,36000,1.02837489252
429038,429141,432778,103,3637,2,36000,1.02832004399
429040,429146,432740,106,3594,2,36000,1.02949360045
429041,429151,432835,110,3684,2,36000,1.02985884908
429042,429157,432523,115,3366,2,36000,1.03416518122
429044,429162,432696,118,3534,2,36000,1.03338992643
429045,429167,432780,122,3613,2,36000,1.03376695267
429046,429172,432668,126,3496,2,36000,1.03604118993
429048,429177,432457,129,3280,2,36000,1.03932926829
429049,429182,432788,133,3606,2,36000,1.03688297282
429050,429188,432845,138,3657,2,36000,1.03773584906
429052,429193,433207,141,4014,2,36000,1.03512705531
429053,429198,432784,145,3586,2,36000,1.0404350251
429054,429203,432757,149,3554,2,36000,1.04192459201
429056,429208,432680,152,3472,2,36000,1.04377880184
429057,429213,432681,156,3468,2,36000,1.04498269896
429058,429219,432791,161,3572,2,36000,1.04507278835
429060,429224,432828,164,3604,2,36000,1.04550499445
429061,429229,432555,168,3326,2,36000,1.05051112447
429062,429234,432920,172,3686,2,36000,1.04666304938
429064,429239,432656,175,3417,2,36000,1.05121451566
429066,429244,433066,178,3822,2,36000,1.04657247514
429067,429250,433046,183,3796,2,36000,1.04820864067
429068,429255,432707,187,3452,2,36000,1.05417149479
429070,429260,432703,190,3443,2,36000,1.05518443218
429071,429265,432684,194,3419,2,36000,1.05674173735
429072,429270,432975,198,3705,2,36000,1.05344129555
429074,429275,432913,201,3638,2,36000,1.05525013744
429076,429280,432759,204,3479,2,36000,1.05863753952
429077,429286,432658,209,3372,2,36000,1.06198102017
429078,429291,432643,213,3352,2,36000,1.06354415274
429080,429296,432884,216,3588,2,36000,1.0602006689
429081,429301,432907,220,3606,2,36000,1.06100942873
429083,429306,432732,223,3426,2,36000,1.06509048453
429084,429311,432633,227,3322,2,36000,1.06833232992
429085,429317,433059,232,3742,2,36000,1.06199893105
432231,432237,435765,6,3528,2,36000,1.00170068027
432344,432350,435520,6,3170,2,36000,1.00189274448
432359,432365,435663,6,3298,2,36000,1.00181928441
432360,432371,436262,11,3891,2,36000,1.00282703675
432458,432464,436020,6,3556,2,36000,1.00168728909
432494,432500,435884,6,3384,2,36000,1.00177304965
432512,432518,435829,6,3311,2,36000,1.00181214135
432527,432533,436378,6,3845,2,36000,1.00156046814
432528,432539,436632,11,4093,2,36000,1.00268751527
432543,432549,436043,6,3494,2,36000,1.00171722954
432544,432555,436165,11,3610,2,36000,1.00304709141
432559,432566,436011,7,3445,2,36000,1.00203193033
432596,432602,436232,6,3630,2,36000,1.00165289256
432597,432608,435937,11,3329,2,36000,1.00330429558
432622,432628,436658,6,4030,2,36000,1.00148883375
432637,432644,436172,7,3528,2,36000,1.00198412698
432639,432650,436297,11,3647,2,36000,1.00301617768
432640,432655,436218,15,3563,2,36000,1.00420993545
432656,432662,436286,6,3624,2,36000,1.00165562914
432672,432678,436125,6,3447,2,36000,1.00174064404
432673,432684,436601,11,3917,2,36000,1.00280827164
432675,432689,436359,14,3670,2,36000,1.0038147139
432690,432696,436357,6,3661,2,36000,1.00163889648
432691,432702,436308,11,3606,2,36000,1.00305047144
432693,432707,436150,14,3443,2,36000,1.00406622132
432694,432712,436371,18,3659,2,36000,1.00491937688
432711,432718,436147,7,3429,2,36000,1.00204141149
432712,432723,435951,11,3228,2,36000,1.00340768278
432713,432730,436178,17,3448,2,36000,1.00493039443
432715,432735,436213,20,3478,2,36000,1.00575043128
432716,432740,435960,24,3220,2,36000,1.00745341615
432731,432746,436438,15,3692,2,36000,1.00406283857
432733,432751,436529,18,3778,2,36000,1.00476442562
432748,432758,436301,10,3543,2,36000,1.00282246684
432749,432763,436187,14,3424,2,36000,1.00408878505
432764,432770,436317,6,3547,2,36000,1.00169157034
432766,432776,436405,10,3629,2,36000,1.00275558005
432767,432781,436322,14,3541,2,36000,1.0039536854
432783,432788,436282,5,3494,2,36000,1.00143102461
432784,432794,436555,10,3761,2,36000,1.00265886732
432785,432799,436264,14,3465,2,36000,1.00404040404
432787,432804,436097,17,3293,2,36000,1.00516246584
432802,432810,436313,8,3503,2,36000,1.00228375678
432803,432815,436033,12,3218,2,36000,1.00372902424
432829,432835,436343,6,3508,2,36000,1.00171037628
432844,432850,436266,6,3416,2,36000,1.00175644028
432861,432867,436217,6,3350,2,36000,1.00179104478
432876,432882,436498,6,3616,2,36000,1.00165929204
432893,432899,436302,6,3403,2,36000,1.00176315016
432894,432905,436580,11,3675,2,36000,1.00299319728
432896,432910,436788,14,3878,2,36000,1.0036101083
432911,432918,436939,7,4021,2,36000,1.00174086048
432927,432932,436515,5,3583,2,36000,1.00139547865
432928,432938,436365,10,3427,2,36000,1.00291800409
432978,432984,436546,6,3562,2,36000,1.00168444694
433048,433054,436474,6,3420,2,36000,1.00175438596
433064,433070,436671,6,3601,2,36000,1.00166620383
433079,433085,436816,6,3731,2,36000,1.00160814795
433205,433211,436935,6,3724,2,36000,1.00161117078
433220,433226,436682,6,3456,2,36000,1.00173611111
434347,435398,435657,1051,259,6,604800,5.05791505792
434665,434671,436666,6,1995,2,7200,1.0030075188
435522,435528,438844,6,3316,2,36000,1.00180940893
435670,435676,439119,6,3443,2,36000,1.00174266628
435767,435773,439522,6,3749,2,36000,1.00160042678
435833,435839,439476,6,3637,2,36000,1.0016497113
435891,435897,439201,6,3304,2,36000,1.00181598063
435939,435945,439436,6,3491,2,36000,1.00171870524
435953,435960,439662,7,3702,2,36000,1.0018908698
435968,435974,439398,6,3424,2,36000,1.00175233645
436011,436017,439438,6,3421,2,36000,1.00175387314
436026,436032,439432,6,3400,2,36000,1.00176470588
436043,436054,439545,11,3491,2,36000,1.00315095961
436043,436049,439108,6,3059,2,7200,1.0019614253
436044,436060,439560,16,3500,2,36000,1.00457142857
436097,436103,439702,6,3599,2,36000,1.00166712976
436126,436132,439836,6,3704,2,36000,1.00161987041
436150,436156,439598,6,3442,2,36000,1.00174317257
436151,436162,440025,11,3863,2,36000,1.00284752783
436172,436177,439433,5,3256,2,10800,1.00153562654
436172,436183,439548,11,3365,2,36000,1.00326894502
436173,436188,439888,15,3700,2,36000,1.00405405405
436191,436197,439769,6,3572,2,36000,1.00167973124
436192,436203,439356,11,3153,2,36000,1.00348874088
436216,436222,439923,6,3701,2,36000,1.00162118346
436232,436238,440027,6,3789,2,36000,1.00158353127
436233,436244,439749,11,3505,2,36000,1.00313837375
436234,436249,439984,15,3735,2,36000,1.00401606426
436267,436274,439885,7,3611,2,36000,1.00193852119
436269,436280,439916,11,3636,2,36000,1.00302530253
436270,436285,439708,15,3423,2,36000,1.00438212095
436287,436293,439775,6,3482,2,36000,1.00172314762
436288,436299,439659,11,3360,2,36000,1.00327380952
436306,436312,439614,6,3302,2,36000,1.00181708056
436307,436318,439810,11,3492,2,36000,1.00315005727
436309,436323,439981,14,3658,2,36000,1.00382722799
436327,436333,439996,6,3663,2,36000,1.00163800164
436328,436339,439919,11,3580,2,36000,1.0030726257
436330,436344,439513,14,3169,2,36000,1.00441779741
436331,436349,439749,18,3400,2,36000,1.00529411765
436349,436355,439523,6,3168,2,36000,1.00189393939
436368,436374,440215,6,3841,2,36000,1.0015620932
436369,436380,439914,11,3534,2,36000,1.00311262026
436371,436385,439908,14,3523,2,36000,1.00397388589
436391,436397,439797,6,3400,2,36000,1.00176470588
436392,436403,439872,11,3469,2,36000,1.00317094263
436410,436416,439959,6,3543,2,36000,1.0016934801
436441,436447,440092,6,3645,2,36000,1.00164609053
436477,436483,440424,6,3941,2,36000,1.00152245623
436499,436505,439988,6,3483,2,36000,1.00172265289
436516,436522,440254,6,3732,2,36000,1.00160771704
436531,436537,439911,6,3374,2,36000,1.00177830468
436546,436552,440139,6,3587,2,36000,1.001672707
436561,436567,439681,6,3114,2,36000,1.00192678227
436582,436589,440135,7,3546,2,36000,1.00197405527
436603,436609,440058,6,3449,2,36000,1.00173963468
436633,436639,440206,6,3567,2,36000,1.00168208579
436660,436666,440317,6,3651,2,36000,1.00164338537
436675,436681,440396,6,3715,2,36000,1.00161507402
436690,436696,440500,6,3804,2,36000,1.00157728707
436789,436796,440360,7,3564,2,36000,1.0019640853
436816,436823,440494,7,3671,2,36000,1.00190683737
436937,436944,440507,7,3563,2,36000,1.00196463654
436952,436958,440577,6,3619,2,36000,1.00165791655
437570,437577,441045,7,3468,2,10800,1.00201845444
438844,438850,442361,6,3511,2,36000,1.00170891484
439124,439130,442681,6,3551,2,36000,1.00168966488
439204,439210,443201,6,3991,2,36000,1.00150338261
439357,439363,443168,6,3805,2,36000,1.00157687254
439399,439405,442929,6,3524,2,36000,1.00170261067
439435,439441,442525,6,3084,2,36000,1.00194552529
439450,439456,442918,6,3462,2,36000,1.00173310225
439451,439462,442945,11,3483,2,36000,1.00315819696
439479,439485,442919,6,3434,2,36000,1.00174723355
439516,439522,442958,6,3436,2,36000,1.00174621653
439531,439537,443156,6,3619,2,36000,1.00165791655
439532,439543,443061,11,3518,2,36000,1.00312677658
439547,439553,443280,6,3727,2,36000,1.00160987389
439562,439568,443327,6,3759,2,36000,1.00159616919
439563,439574,443006,11,3432,2,36000,1.00320512821
439599,439605,443112,6,3507,2,36000,1.00171086399
439614,439620,443090,6,3470,2,36000,1.00172910663
439663,439669,443499,6,3830,2,36000,1.00156657963
439664,439675,442939,11,3264,2,36000,1.00337009804
439682,439688,443298,6,3610,2,36000,1.00166204986
439702,439708,443321,6,3613,2,36000,1.0016606698
439717,439723,443166,6,3443,2,36000,1.00174266628
439751,439757,443379,6,3622,2,36000,1.00165654335
439752,439763,443381,11,3618,2,36000,1.00304035379
439770,439776,443471,6,3695,2,36000,1.00162381597
439785,439791,443469,6,3678,2,36000,1.00163132137
439799,439806,443447,7,3641,2,36000,1.00192254875
439814,439820,443318,6,3498,2,36000,1.00171526587
439838,439844,443416,6,3572,2,36000,1.00167973124
439874,439880,443623,6,3743,2,36000,1.00160299225
439889,439895,443780,6,3885,2,36000,1.00154440154
439890,439901,443342,11,3441,2,36000,1.00319674513
439908,439915,443337,7,3422,2,36000,1.00204558738
439924,439930,443520,6,3590,2,36000,1.00167130919
439925,439936,443376,11,3440,2,36000,1.00319767442
439927,439941,443289,14,3348,2,36000,1.00418160096
439928,439946,443395,18,3449,2,36000,1.00521890403
439929,439951,443748,22,3797,2,36000,1.00579404793
439960,439966,443626,6,3660,2,36000,1.00163934426
439985,439991,443594,6,3603,2,36000,1.00166527893
439986,439997,443371,11,3374,2,36000,1.00326022525
440001,440007,443498,6,3491,2,36000,1.00171870524
440002,440013,443556,11,3543,2,36000,1.00310471352
440026,440032,443181,6,3149,2,36000,1.00190536678
440041,440047,443644,6,3597,2,36000,1.00166805671
440059,440065,443576,6,3511,2,36000,1.00170891484
440095,440101,443368,6,3267,2,36000,1.00183654729
440137,440143,443980,6,3837,2,36000,1.00156372166
440138,440149,443631,11,3482,2,36000,1.00315910396
440158,440229,1039691,71,599462,6,604800,1.00011843953
440202,440208,443745,6,3537,2,36000,1.00169635284
440217,440223,443521,6,3298,2,36000,1.00181928441
440256,440262,443513,6,3251,2,36000,1.00184558597
440317,440323,443684,6,3361,2,36000,1.00178518298
440362,440369,443542,7,3173,2,36000,1.00220611409
440380,440386,441316,6,930,2,10800,1.0064516129
440397,440403,443805,6,3402,2,36000,1.00176366843
440425,440431,444084,6,3653,2,36000,1.00164248563
440498,440504,443829,6,3325,2,36000,1.00180451128
440514,440520,443886,6,3366,2,36000,1.00178253119
440515,440526,443935,11,3409,2,36000,1.00322675271
440580,440586,443875,6,3289,2,36000,1.00182426269
440916,441056,442523,140,1467,2,14400,1.09543285617
441377,442233,442241,856,8,2,14400,86.4
442363,442369,446329,6,3960,2,36000,1.00151515152
442417,442539,445969,122,3430,2,7200,1.03556851312
442527,442533,446247,6,3714,2,36000,1.00161550889
442684,442691,446422,7,3731,2,36000,1.00187617261
442918,442924,446551,6,3627,2,36000,1.00165425972
442933,442939,446400,6,3461,2,36000,1.001733603
442935,442945,446977,10,4032,2,36000,1.00248015873
442950,442956,446592,6,3636,2,36000,1.00165016502
442951,442962,446810,11,3848,2,36000,1.00285862786
442966,442972,446468,6,3496,2,36000,1.00171624714
443010,443017,446249,7,3232,2,36000,1.00216584158
443062,443069,446416,7,3347,2,36000,1.00209142516
443090,443096,446410,6,3314,2,36000,1.00181050091
443115,443121,446611,6,3490,2,36000,1.00171919771
443158,443164,446637,6,3473,2,36000,1.00172761301
443175,443181,446398,6,3217,2,36000,1.0018650917
443177,443187,446766,10,3579,2,36000,1.00279407656
443192,443198,446710,6,3512,2,36000,1.00170842825
443206,443212,446862,6,3650,2,36000,1.00164383562
443283,443290,446808,7,3518,2,36000,1.00198976691
443302,443308,447149,6,3841,2,36000,1.0015620932
443303,443314,447066,11,3752,2,36000,1.00293176972
443319,443325,446891,6,3566,2,36000,1.00168255749
443337,443344,446689,7,3345,2,36000,1.00209267564
443339,443349,446847,10,3498,2,36000,1.00285877644
443340,443355,446984,15,3629,2,36000,1.00413337007
443355,443361,446913,6,3552,2,36000,1.00168918919
443370,443376,446802,6,3426,2,36000,1.00175131349
443385,443391,447139,6,3748,2,36000,1.00160085379
443386,443397,447004,11,3607,2,36000,1.00304962573
443388,443402,446758,14,3356,2,36000,1.0041716329
443389,443407,447218,18,3811,2,36000,1.00472316977
443404,443413,446963,9,3550,2,36000,1.00253521127
443419,443425,447361,6,3936,2,36000,1.00152439024
443449,443455,447356,6,3901,2,36000,1.00153806716
443471,443478,447155,7,3677,2,36000,1.00190372586
443473,443484,446842,11,3358,2,36000,1.00327575938
443500,443507,446775,7,3268,2,36000,1.00214198286
443502,443513,446694,11,3181,2,36000,1.00345803207
443520,443527,446778,7,3251,2,36000,1.00215318364
443522,443533,447443,11,3910,2,36000,1.00281329923
443538,443544,446881,6,3337,2,36000,1.00179802218
443554,443560,447314,6,3754,2,36000,1.00159829515
443569,443575,447147,6,3572,2,36000,1.00167973124
443586,443592,447371,6,3779,2,36000,1.00158772162
443601,443607,447245,6,3638,2,36000,1.00164925783
443625,443631,447161,6,3530,2,36000,1.00169971671
443640,443646,447059,6,3413,2,36000,1.00175798418
443641,443652,447430,11,3778,2,36000,1.00291159344
443658,443664,447047,6,3383,2,36000,1.00177357375
443687,443693,447118,6,3425,2,36000,1.00175182482
443748,443755,447346,7,3591,2,36000,1.00194931774
443750,443761,447283,11,3522,2,36000,1.00312322544
443778,443784,445388,6,1604,2,14400,1.00374064838
443780,443790,447324,10,3534,2,36000,1.00282965478
443805,443811,447426,6,3615,2,36000,1.00165975104
443834,443840,447603,6,3763,2,36000,1.0015944725
443877,443883,447060,6,3177,2,36000,1.00188857413
443893,443900,447415,7,3515,2,36000,1.00199146515
443939,443945,447648,6,3703,2,36000,1.00162030786
443981,443987,447470,6,3483,2,36000,1.00172265289
444086,444092,447670,6,3578,2,36000,1.00167691448
446250,446256,450280,6,4024,2,36000,1.00149105368
446251,446262,449725,11,3463,2,36000,1.00317643662
446330,446336,449806,6,3470,2,36000,1.00172910663
446399,446405,449708,6,3303,2,36000,1.00181653043
446419,446425,449838,6,3413,2,36000,1.00175798418
446420,446431,449849,11,3418,2,36000,1.00321825629
446422,446436,449837,14,3401,2,36000,1.00411643634
446440,446447,449682,7,3235,2,36000,1.00216383308
446471,446477,449872,6,3395,2,36000,1.00176730486
446552,446558,450221,6,3663,2,36000,1.00163800164
446593,446599,450331,6,3732,2,36000,1.00160771704
446613,446619,450067,6,3448,2,36000,1.00174013921
446638,446644,450332,6,3688,2,36000,1.00162689805
446694,446700,450153,6,3453,2,36000,1.00173761946
446711,446717,450194,6,3477,2,36000,1.00172562554
446712,446723,450102,11,3379,2,36000,1.00325540101
446760,446766,450449,6,3683,2,36000,1.00162910671
446775,446781,450277,6,3496,2,36000,1.00171624714
446791,446798,450422,7,3624,2,36000,1.00193156733
446793,446804,450265,11,3461,2,36000,1.00317827218
446811,446817,450308,6,3491,2,36000,1.00171870524
446812,446823,450283,11,3460,2,36000,1.00317919075
446813,446828,450549,15,3721,2,36000,1.00403117442
446844,446850,450385,6,3535,2,36000,1.00169731259
446859,446865,450410,6,3545,2,36000,1.00169252468
446875,446881,450181,6,3300,2,36000,1.00181818182
446889,446895,450247,6,3352,2,36000,1.00178997613
446904,446911,450660,7,3749,2,36000,1.00186716458
446920,446926,450525,6,3599,2,36000,1.00166712976
446965,446971,450521,6,3550,2,36000,1.00169014085
446980,446986,450426,6,3440,2,36000,1.00174418605
446994,447001,450278,7,3277,2,36000,1.00213610009
447009,447015,450665,6,3650,2,36000,1.00164383562
447048,447054,450356,6,3302,2,36000,1.00181708056
447063,447069,450965,6,3896,2,36000,1.00154004107
447064,447075,450553,11,3478,2,36000,1.00316273721
447079,447085,450596,6,3511,2,36000,1.00170891484
447118,447124,450668,6,3544,2,36000,1.00169300226
447139,447145,450517,6,3372,2,36000,1.00177935943
447155,447160,450842,5,3682,2,36000,1.00135795763
447156,447166,450783,10,3617,2,36000,1.00276472215
447157,447171,450654,14,3483,2,36000,1.0040195234
447172,447178,450881,6,3703,2,36000,1.00162030786
447220,447226,450695,6,3469,2,36000,1.00172960507
447247,447253,450681,6,3428,2,36000,1.00175029172
447286,447292,450679,6,3387,2,36000,1.00177147919
447316,447322,450711,6,3389,2,36000,1.00177043376
447331,447337,450794,6,3457,2,36000,1.00173560891
447346,447352,451014,6,3662,2,36000,1.00163844894
447361,447367,451027,6,3660,2,36000,1.00163934426
447362,447373,450989,11,3616,2,36000,1.0030420354
447377,447383,450807,6,3424,2,36000,1.00175233645
447416,447422,451160,6,3738,2,36000,1.00160513644
447431,447437,450920,6,3483,2,36000,1.00172265289
447433,447443,451363,10,3920,2,36000,1.00255102041
447448,447454,450998,6,3544,2,36000,1.00169300226
447471,447478,450856,7,3378,2,36000,1.00207223209
447603,447610,451156,7,3546,2,36000,1.00197405527
447651,447657,451388,6,3731,2,36000,1.00160814795
447674,447680,451532,6,3852,2,36000,1.0015576324
448557,448563,448682,6,119,1,1800,1.05042016807
449035,449041,449153,6,112,1,1800,1.05357142857
449684,449690,453102,6,3412,2,36000,1.00175849941
449711,449717,453658,6,3941,2,36000,1.00152245623
449726,449732,453409,6,3677,2,36000,1.00163176503
449807,449813,453356,6,3543,2,36000,1.0016934801
449829,449835,450389,6,554,1,1800,1.01083032491
449837,449843,453504,6,3661,2,36000,1.00163889648
449838,449849,453613,11,3764,2,36000,1.00292242295
449853,449859,453521,6,3662,2,36000,1.00163844894
449874,449881,453335,7,3454,2,36000,1.00202663578
450067,450074,453503,7,3429,2,36000,1.00204141149
450104,450110,453816,6,3706,2,36000,1.00161899622
450155,450161,453665,6,3504,2,36000,1.00171232877
450182,450188,453408,6,3220,2,36000,1.00186335404
450197,450203,453734,6,3531,2,36000,1.00169923534
450224,450230,453597,6,3367,2,36000,1.00178200178
450248,450254,453625,6,3371,2,36000,1.00177988727
450265,450272,453741,7,3469,2,36000,1.00201787259
450281,450287,453829,6,3542,2,36000,1.00169395822
450282,450293,453872,11,3579,2,36000,1.00307348421
450284,450298,454033,14,3735,2,36000,1.00374832664
450298,450304,453920,6,3616,2,36000,1.00165929204
450313,450319,453938,6,3619,2,36000,1.00165791655
450334,450340,453867,6,3527,2,36000,1.00170116246
450335,450346,454065,11,3719,2,36000,1.00295778435
450359,450365,453776,6,3411,2,36000,1.00175901495
450386,450392,453899,6,3507,2,36000,1.00171086399
450410,450416,454036,6,3620,2,36000,1.00165745856
450425,450431,454051,6,3620,2,36000,1.00165745856
450440,450446,454319,6,3873,2,36000,1.00154918668
450455,450460,453923,5,3463,2,36000,1.00144383483
450518,450524,454118,6,3594,2,36000,1.00166944908
450533,450539,454067,6,3528,2,36000,1.00170068027
450534,450545,454097,11,3552,2,36000,1.00309684685
450552,450558,454165,6,3607,2,36000,1.00166343222
450566,450573,453836,7,3263,2,36000,1.00214526509
450596,450603,453986,7,3383,2,36000,1.00206916938
450657,450663,454415,6,3752,2,36000,1.00159914712
450672,450679,453992,7,3313,2,36000,1.00211288862
450674,450685,454125,11,3440,2,36000,1.00319767442
450675,450690,454373,15,3683,2,36000,1.00407276677
450690,450696,454088,6,3392,2,36000,1.00176886792
450691,450702,454134,11,3432,2,36000,1.00320512821
450706,450712,454381,6,3669,2,36000,1.00163532298
450721,450727,454142,6,3415,2,36000,1.00175695461
450784,450790,454459,6,3669,2,36000,1.00163532298
450799,450805,454922,6,4117,2,36000,1.00145737187
450813,450820,454240,7,3420,2,36000,1.00204678363
450843,450850,454277,7,3427,2,36000,1.00204260286
450858,450865,453981,7,3116,2,36000,1.00224646983
450882,450888,454388,6,3500,2,36000,1.00171428571
450921,450928,454280,7,3352,2,36000,1.00208830549
450967,450973,454332,6,3359,2,36000,1.00178624591
450990,450997,454564,7,3567,2,36000,1.00196243342
451005,451011,454802,6,3791,2,36000,1.00158269586
451020,451026,454502,6,3476,2,36000,1.00172612198
451035,451041,454340,6,3299,2,36000,1.00181873295
451159,451165,454893,6,3728,2,36000,1.00160944206
451173,451179,454826,6,3647,2,36000,1.00164518783
451364,451370,455145,6,3775,2,36000,1.00158940397
451390,451397,454984,7,3587,2,36000,1.0019514915
451533,451539,455125,6,3586,2,36000,1.00167317345
452092,452098,452155,6,57,1,1800,1.10526315789
452249,452254,452376,5,122,1,1800,1.04098360656
452483,452489,452588,6,99,1,1800,1.06060606061
452718,452724,452835,6,111,1,1800,1.05405405405
453105,453111,456648,6,3537,2,36000,1.00169635284
453335,453342,456780,7,3438,2,36000,1.00203606748
453357,453363,456868,6,3505,2,36000,1.00171184023
453409,453415,457117,6,3702,2,36000,1.00162074554
453410,453421,457006,11,3585,2,36000,1.00306834031
453441,453448,453753,7,305,1,1800,1.02295081967
453508,453514,457513,6,3999,2,36000,1.00150037509
453510,453520,456795,10,3275,2,36000,1.00305343511
453525,453531,457108,6,3577,2,36000,1.00167738328
453554,453560,454073,6,513,1,1800,1.01169590643
453598,453604,457230,6,3626,2,36000,1.00165471594
453616,453622,457317,6,3695,2,36000,1.00162381597
453632,453638,457329,6,3691,2,36000,1.00162557572
453661,453667,456962,6,3295,2,36000,1.00182094082
453679,453685,456930,6,3245,2,36000,1.00184899846
453736,453742,457042,6,3300,2,36000,1.00181818182
453750,453757,457278,7,3521,2,36000,1.00198807157
453777,453784,457413,7,3629,2,36000,1.00192890603
453817,453823,457482,6,3659,2,36000,1.00163979229
453832,453838,457467,6,3629,2,36000,1.00165334803
453847,453853,457388,6,3535,2,36000,1.00169731259
453869,453875,457563,6,3688,2,36000,1.00162689805
453885,453891,457273,6,3382,2,36000,1.00177409817
453900,453906,457460,6,3554,2,36000,1.0016882386
453921,453927,457114,6,3187,2,36000,1.00188264826
453935,453942,457328,7,3386,2,36000,1.00206733609
453951,453957,457782,6,3825,2,36000,1.00156862745
453985,453991,458247,6,4256,2,36000,1.00140977444
454000,454006,457550,6,3544,2,36000,1.00169300226
454001,454012,457951,11,3939,2,36000,1.00279258695
454034,454040,457390,6,3350,2,36000,1.00179104478
454051,454057,457371,6,3314,2,36000,1.00181050091
454052,454063,457432,11,3369,2,36000,1.00326506382
454067,454073,457590,6,3517,2,36000,1.00170599943
454069,454079,457367,10,3288,2,36000,1.00304136253
454090,454096,457308,6,3212,2,36000,1.00186799502
454105,454111,457828,6,3717,2,36000,1.001614205
454123,454129,457900,6,3771,2,36000,1.0015910899
454142,454148,458067,6,3919,2,36000,1.00153100281
454143,454154,458077,11,3923,2,36000,1.00280397655
454144,454159,457848,15,3689,2,36000,1.00406614259
454168,454174,457698,6,3524,2,36000,1.00170261067
454244,454250,457477,6,3227,2,36000,1.00185931205
454280,454286,458028,6,3742,2,36000,1.00160342063
454295,454301,457895,6,3594,2,36000,1.00166944908
454322,454329,458071,7,3742,2,36000,1.0018706574
454338,454344,457728,6,3384,2,36000,1.00177304965
454354,454360,457982,6,3622,2,36000,1.00165654335
454375,454381,457829,6,3448,2,36000,1.00174013921
454390,454396,457751,6,3355,2,36000,1.00178837556
454392,454402,457851,10,3449,2,36000,1.00289939113
454417,454423,458052,6,3629,2,36000,1.00165334803
454461,454467,457824,6,3357,2,36000,1.0017873101
454503,454509,457981,6,3472,2,36000,1.0017281106
454566,454572,457913,6,3341,2,36000,1.0017958695
454803,454810,458670,7,3860,2,36000,1.0018134715
454827,454834,458539,7,3705,2,36000,1.00188933873
454894,454900,458422,6,3522,2,36000,1.00170357751
454924,454930,458765,6,3835,2,36000,1.00156453716
454987,454993,458391,6,3398,2,36000,1.00176574456
455122,455128,458592,6,3464,2,36000,1.00173210162
455146,455152,458828,6,3676,2,36000,1.00163220892
456274,456280,456328,6,48,1,1800,1.125
456651,456657,460058,6,3401,2,36000,1.001764187
456683,456690,456778,7,88,1,1800,1.07954545455
456780,456788,460208,8,3420,2,36000,1.00233918129
456798,456804,460442,6,3638,2,36000,1.00164925783
456871,456877,460700,6,3823,2,36000,1.00156944808
456928,456934,460459,6,3525,2,36000,1.00170212766
456930,456940,460159,10,3219,2,36000,1.00310655483
456931,456945,460340,14,3395,2,36000,1.00412371134
456932,456950,460698,18,3748,2,36000,1.00480256137
456933,456955,460417,22,3462,2,36000,1.00635470826
456935,456961,460796,26,3835,2,36000,1.00677966102
456936,456967,460604,31,3637,2,36000,1.00852350839
456937,456972,460541,35,3569,2,36000,1.00980666853
456938,456977,460504,39,3527,2,36000,1.011057556
456940,456983,460400,43,3417,2,36000,1.01258413813
456941,456988,460792,47,3804,2,36000,1.01235541535
456942,456993,460670,51,3677,2,36000,1.01387000272
456944,456998,460478,54,3480,2,36000,1.01551724138
456945,457003,460648,58,3645,2,36000,1.0159122085
456946,457009,460180,63,3171,2,36000,1.01986754967
456948,457014,460615,66,3601,2,36000,1.01832824215
456949,457019,460640,70,3621,2,36000,1.01933167633
456950,457024,460896,74,3872,2,36000,1.01911157025
456951,457033,460448,82,3415,2,36000,1.02401171303
456953,457038,460921,85,3883,2,36000,1.02189029101
456954,457043,460863,89,3820,2,36000,1.02329842932
456955,457048,460610,93,3562,2,36000,1.02610892757
456957,457054,460567,97,3513,2,36000,1.02761172787
456958,457059,460659,101,3600,2,36000,1.02805555556
456959,457064,460374,105,3310,2,36000,1.03172205438
456960,457070,460608,110,3538,2,36000,1.03109101187
456962,457075,460655,113,3580,2,36000,1.03156424581
456963,457081,460667,118,3586,2,36000,1.03290574456
456964,457086,460589,122,3503,2,36000,1.03482729089
456966,457091,460689,125,3598,2,36000,1.03474152307
456983,457097,460651,114,3554,2,36000,1.03207653348
456985,457102,460647,117,3545,2,36000,1.03300423131
457011,457108,460432,97,3324,2,36000,1.02918170878
457048,457113,460723,65,3610,2,36000,1.01800554017
457111,457119,460598,8,3479,2,36000,1.00229951135
457128,457134,461312,6,4178,2,36000,1.00143609382
457130,457140,460731,10,3591,2,36000,1.00278473963
457235,457241,460496,6,3255,2,36000,1.00184331797
457276,457282,461503,6,4221,2,36000,1.00142146411
457291,457297,460989,6,3692,2,36000,1.00162513543
457309,457316,460917,7,3601,2,36000,1.00194390447
457325,457332,460872,7,3540,2,36000,1.00197740113
457343,457349,460799,6,3450,2,36000,1.00173913043
457344,457355,460972,11,3617,2,36000,1.00304119436
457370,457377,461156,7,3779,2,36000,1.00185234189
457387,457393,460664,6,3271,2,36000,1.00183430144
457402,457408,461165,6,3757,2,36000,1.0015970189
457403,457414,460813,11,3399,2,36000,1.00323624595
457420,457426,461297,6,3871,2,36000,1.00154998708
457434,457441,461205,7,3764,2,36000,1.0018597237
457462,457468,461042,6,3574,2,36000,1.00167879127
457477,457483,460957,6,3474,2,36000,1.00172711572
457478,457489,461020,11,3531,2,36000,1.0031152648
457493,457499,460730,6,3231,2,36000,1.00185701021
457514,457520,461128,6,3608,2,36000,1.00166297118
457554,457560,461038,6,3478,2,36000,1.00172512938
457569,457574,461044,5,3470,2,36000,1.00144092219
457592,457599,461387,7,3788,2,36000,1.00184794087
457701,457707,461256,6,3549,2,36000,1.00169061708
457729,457735,461340,6,3605,2,36000,1.00166435506
457754,457760,461316,6,3556,2,36000,1.00168728909
457784,457791,461056,7,3265,2,36000,1.002143951
457794,457800,458082,6,282,1,1800,1.02127659574
457827,457833,461421,6,3588,2,36000,1.0016722408
457842,457848,461410,6,3562,2,36000,1.00168444694
457843,457854,461563,11,3709,2,36000,1.00296575896
457858,457864,461518,6,3654,2,36000,1.00164203612
457859,457870,461461,11,3591,2,36000,1.00306321359
457895,457901,461501,6,3600,2,36000,1.00166666667
457910,457916,461272,6,3356,2,36000,1.00178784267
457925,457931,461540,6,3609,2,36000,1.00166251039
457953,457959,461618,6,3659,2,36000,1.00163979229
457983,457989,461381,6,3392,2,36000,1.00176886792
457984,457995,461677,11,3682,2,36000,1.00298750679
458030,458036,461385,6,3349,2,36000,1.00179157958
458054,458060,461644,6,3584,2,36000,1.00167410714
458069,458075,461702,6,3627,2,36000,1.00165425972
458084,458092,461919,8,3827,2,36000,1.00209041024
458085,458099,461624,14,3525,2,36000,1.00397163121
458248,458254,461764,6,3510,2,36000,1.00170940171
458394,458400,461752,6,3352,2,36000,1.00178997613
458423,458429,462001,6,3572,2,36000,1.00167973124
458543,458549,462143,6,3594,2,36000,1.00166944908
458593,458599,462184,6,3585,2,36000,1.00167364017
458668,458674,576137,6,117463,1,259200,1.00005107991
458670,458685,462446,15,3761,2,36000,1.00398830098
458673,458680,534683,7,76003,1,259200,1.00009210163
458767,458773,462202,6,3429,2,36000,1.00174978128
458830,458836,462399,6,3563,2,36000,1.00168397418
458838,458845,458847,7,2,5,3600,1.0
458849,458855,458858,6,3,5,3600,1.0
458860,458866,458867,6,1,5,3600,1.0
458871,458877,458878,6,1,5,3600,1.0
458881,458887,458888,6,1,5,3600,1.0
458892,458898,458899,6,1,5,3600,1.0
458903,458909,458910,6,1,5,3600,1.0
458913,458919,458921,6,2,5,3600,1.0
458924,458930,458931,6,1,5,3600,1.0
458935,458941,458943,6,2,5,3600,1.0
458945,458951,458953,6,2,5,3600,1.0
458956,458962,458963,6,1,5,3600,1.0
458967,458973,458974,6,1,5,3600,1.0
458977,458983,458984,6,1,5,3600,1.0
458988,458994,458995,6,1,5,3600,1.0
458999,459005,459007,6,2,5,3600,1.0
459009,459015,459016,6,1,5,3600,1.0
459020,459026,459028,6,2,5,3600,1.0
459031,459037,459038,6,1,5,3600,1.0
459041,459047,459048,6,1,5,3600,1.0
459052,459058,459059,6,1,5,3600,1.0
459063,459069,459071,6,2,5,3600,1.0
459073,459079,459080,6,1,5,3600,1.0
459084,459090,459091,6,1,5,3600,1.0
459095,459101,459102,6,1,5,3600,1.0
459105,459111,459112,6,1,5,3600,1.0
459116,459122,459123,6,1,5,3600,1.0
459127,459133,459134,6,1,5,3600,1.0
459137,459144,459146,7,2,5,3600,1.0
459148,459154,459156,6,2,5,3600,1.0
459159,459165,459166,6,1,5,3600,1.0
459169,459175,459176,6,1,5,3600,1.0
459180,459186,459187,6,1,5,3600,1.0
459191,459197,459198,6,1,5,3600,1.0
459201,459207,459209,6,2,5,3600,1.0
459212,459218,459221,6,3,5,3600,1.0
459223,459229,459230,6,1,5,3600,1.0
459233,459239,459241,6,2,5,3600,1.0
459244,459250,459252,6,2,5,3600,1.0
459255,459261,459264,6,3,5,3600,1.0
459265,459271,459272,6,1,5,3600,1.0
459276,459282,459283,6,1,5,3600,1.0
459287,459293,459294,6,1,5,3600,1.0
459297,459303,459305,6,2,5,3600,1.0
459308,459314,459316,6,2,5,3600,1.0
459319,459325,459326,6,1,5,3600,1.0
459329,459335,459337,6,2,5,3600,1.0
459340,459346,459347,6,1,5,3600,1.0
459351,459357,459358,6,1,5,3600,1.0
459361,459367,459368,6,1,5,3600,1.0
459372,459378,459380,6,2,5,3600,1.0
459383,459389,459390,6,1,5,3600,1.0
459384,459395,486629,11,27234,1,259200,1.00040390688
459390,459401,718630,11,259229,1,259200,1.00004243352
459393,459406,459408,13,2,5,3600,1.5
459404,459412,459414,8,2,5,3600,1.0
459415,459421,459422,6,1,5,3600,1.0
459425,459431,459432,6,1,5,3600,1.0
459436,459442,459443,6,1,5,3600,1.0
459446,459453,459454,7,1,5,3600,1.0
459457,459463,459464,6,1,5,3600,1.0
459468,459474,459476,6,2,5,3600,1.0
459478,459485,459487,7,2,5,3600,1.0
459489,459495,459496,6,1,5,3600,1.0
459500,459506,459507,6,1,5,3600,1.0
459510,459517,459518,7,1,5,3600,1.0
459521,459527,459529,6,2,5,3600,1.0
459532,459538,459539,6,1,5,3600,1.0
459542,459549,459551,7,2,5,3600,1.0
459553,459559,459560,6,1,5,3600,1.0
459564,459570,459572,6,2,5,3600,1.0
459574,459581,459583,7,2,5,3600,1.0
459585,459591,459593,6,2,5,3600,1.0
459596,459602,459607,6,5,5,3600,1.1
459606,459613,459615,7,2,5,3600,1.0
459617,459623,459624,6,1,5,3600,1.0
459628,459634,459635,6,1,5,3600,1.0
459638,459645,459647,7,2,5,3600,1.0
459649,459655,459656,6,1,5,3600,1.0
459660,459666,459668,6,2,5,3600,1.0
459670,459676,459677,6,1,5,3600,1.0
459681,459687,459688,6,1,5,3600,1.0
459692,459698,459699,6,1,5,3600,1.0
459702,459708,459709,6,1,5,3600,1.0
459713,459719,459720,6,1,5,3600,1.0
459724,459730,459731,6,1,5,3600,1.0
459734,459740,459741,6,1,5,3600,1.0
459745,459751,459752,6,1,5,3600,1.0
459756,459762,459764,6,2,5,3600,1.0
459766,459772,459773,6,1,5,3600,1.0
459777,459783,459785,6,2,5,3600,1.0
459788,459794,459795,6,1,5,3600,1.0
459798,459804,459805,6,1,5,3600,1.0
459809,459815,459816,6,1,5,3600,1.0
459820,459826,459827,6,1,5,3600,1.0
459830,459836,459837,6,1,5,3600,1.0
459841,459847,459848,6,1,5,3600,1.0
459851,459858,459859,7,1,5,3600,1.0
459862,459868,459874,6,6,5,3600,1.2
459873,459879,459880,6,1,5,3600,1.0
459883,459890,459891,7,1,5,3600,1.0
459891,459898,463535,7,3637,1,3600,1.00192466318
459894,459904,459906,10,2,5,3600,1.2
459905,459911,459913,6,2,5,3600,1.0
459916,459922,459924,6,2,5,3600,1.0
459926,459932,459933,6,1,5,3600,1.0
459937,459943,459944,6,1,5,3600,1.0
459946,459958,459959,12,1,1,3600,1.3
459948,459953,459954,5,1,5,3600,1.0
459958,459964,459966,6,2,5,3600,1.0
459969,459975,459977,6,2,5,3600,1.0
459979,459986,459988,7,2,5,3600,1.0
459990,459996,459997,6,1,5,3600,1.0
460001,460007,460009,6,2,5,3600,1.0
460011,460018,460019,7,1,5,3600,1.0
460016,460024,463639,8,3615,1,3600,1.00221300138
460022,460030,460032,8,2,5,3600,1.0
460033,460039,460041,6,2,5,3600,1.0
460043,460050,460051,7,1,5,3600,1.0
460054,460060,460062,6,2,5,3600,1.0
460058,460071,462339,13,2268,1,3600,1.0057319224
460059,460066,463370,7,3304,2,36000,1.00211864407
460065,460077,460079,12,2,5,3600,1.4
460075,460083,460085,8,2,5,3600,1.0
460086,460092,460093,6,1,5,3600,1.0
460097,460103,460105,6,2,5,3600,1.0
460107,460113,460115,6,2,5,3600,1.0
460118,460124,460126,6,2,5,3600,1.0
460129,460135,460136,6,1,5,3600,1.0
460139,460145,460146,6,1,5,3600,1.0
460150,460156,460157,6,1,5,3600,1.0
460159,460165,464016,6,3851,2,36000,1.00155803687
460161,460171,460173,10,2,5,3600,1.2
460171,460177,460179,6,2,5,3600,1.0
460182,460188,460190,6,2,5,3600,1.0
460183,460194,463883,11,3689,2,36000,1.0029818379
460193,460200,460202,7,2,5,3600,1.0
460203,460209,460210,6,1,5,3600,1.0
460210,460216,463968,6,3752,2,36000,1.00159914712
460214,460222,460224,8,2,5,3600,1.0
460225,460231,460232,6,1,5,3600,1.0
460235,460241,460242,6,1,5,3600,1.0
460246,460252,460253,6,1,5,3600,1.0
460257,460263,460264,6,1,5,3600,1.0
460267,460273,460274,6,1,5,3600,1.0
460278,460284,460285,6,1,5,3600,1.0
460289,460295,460296,6,1,5,3600,1.0
460299,460305,460306,6,1,5,3600,1.0
460310,460316,460317,6,1,5,3600,1.0
460321,460327,460328,6,1,5,3600,1.0
460325,460333,462044,8,1711,1,3600,1.00467562829
460331,460339,460341,8,2,5,3600,1.0
460342,460348,460350,6,2,5,3600,1.0
460343,460354,463835,11,3481,2,36000,1.00316001149
460353,460360,460362,7,2,5,3600,1.0
460363,460369,460370,6,1,5,3600,1.0
460374,460380,460382,6,2,5,3600,1.0
460376,460386,463967,10,3581,2,36000,1.00279251606
460378,460391,464036,13,3645,1,3600,1.00356652949
460385,460397,460398,12,1,5,3600,1.3
460395,460403,460405,8,2,5,3600,1.0
460400,460409,464126,9,3717,2,36000,1.00242130751
460406,460415,460417,9,2,5,3600,1.1
460417,460423,460425,6,2,5,3600,1.0
460418,460429,463688,11,3259,2,36000,1.00337526849
460427,460435,460437,8,2,5,3600,1.0
460433,460441,463784,8,3343,2,36000,1.00239306013
460438,460447,460449,9,2,5,3600,1.1
460439,460452,464088,13,3636,1,3600,1.00357535754
460448,460458,463654,10,3196,2,36000,1.00312891114
460449,460463,464081,14,3618,2,36000,1.00386954118
460459,460469,460472,10,3,5,3600,1.3
460465,460475,464226,10,3751,2,36000,1.00266595575
460480,460485,460487,5,2,5,3600,1.0
460480,460490,464061,10,3571,2,36000,1.00280033604
460484,460502,464113,18,3611,1,3600,1.00498476876
460491,460496,460498,5,2,5,3600,1.0
460498,460508,464088,10,3580,2,36000,1.00279329609
460511,460518,460520,7,2,5,3600,1.0
460512,460523,464050,11,3527,2,36000,1.00311879785
460522,460529,460531,7,2,5,3600,1.0
460532,460538,462422,6,1884,1,3600,1.00318471338
460533,460544,460546,11,2,5,3600,1.3
460543,460550,464005,7,3455,2,36000,1.0020260492
460554,460560,460561,6,1,5,3600,1.0
460564,460571,460572,7,1,5,3600,1.0
460570,460577,464180,7,3603,2,36000,1.00194282542
460575,460583,460585,8,2,5,3600,1.0
460585,460591,464331,6,3740,2,36000,1.00160427807
460596,460602,460604,6,2,5,3600,1.0
460600,460608,464104,8,3496,2,36000,1.00228832952
460607,460614,460616,7,2,5,3600,1.0
460615,460621,464400,6,3779,2,36000,1.00158772162
460617,460627,464070,10,3443,2,36000,1.0029044438
460618,460632,464031,14,3399,2,36000,1.00411885849
460619,460637,464356,18,3719,2,36000,1.00484001076
460638,460644,460646,6,2,5,3600,1.0
460641,460650,464134,9,3484,2,36000,1.00258323766
460648,460656,460658,8,2,5,3600,1.0
460657,460662,463966,5,3304,2,36000,1.00151331719
460658,460668,464152,10,3484,2,36000,1.00287026406
460659,460673,463983,14,3310,2,36000,1.00422960725
460660,460678,464255,18,3577,2,36000,1.00503214985
460676,460684,463858,8,3174,2,36000,1.00252047889
460678,460689,464521,11,3832,2,36000,1.00287056367
460679,460695,464198,16,3503,2,36000,1.00456751356
460680,460700,464774,20,4074,2,36000,1.00490918017
460695,460706,464592,11,3886,2,36000,1.00283067422
460710,460718,460719,8,1,5,3600,1.0
460711,460723,464482,12,3759,2,36000,1.00319233839
460712,460728,464278,16,3550,2,36000,1.00450704225
460727,460734,464351,7,3617,2,36000,1.0019353055
460731,460740,460742,9,2,5,3600,1.1
460742,460748,460749,6,1,5,3600,1.0
460742,460753,464326,11,3573,2,36000,1.0030786454
460743,460759,464371,16,3612,2,36000,1.00442967885
460763,460769,460771,6,2,5,3600,1.0
460773,460779,460781,6,2,5,3600,1.0
460784,460790,460791,6,1,5,3600,1.0
460795,460800,460802,5,2,5,3600,1.0
460795,460806,464210,11,3404,2,36000,1.00323149236
460805,460812,460814,7,2,5,3600,1.0
460810,460818,464155,8,3337,2,36000,1.0023973629
460811,460823,464481,12,3658,2,36000,1.00328048114
460826,460832,465585,6,4753,2,36000,1.00126236061
460836,460843,460844,7,1,5,3600,1.0
460847,460853,460855,6,2,5,3600,1.0
460858,460864,460866,6,2,5,3600,1.0
460863,460870,464318,7,3448,2,36000,1.00203016241
460869,460876,460878,7,2,5,3600,1.0
460878,460884,464539,6,3655,2,36000,1.00164158687
460879,460890,460892,11,2,5,3600,1.3
460890,460896,460898,6,2,5,3600,1.0
460899,460905,464488,6,3583,2,36000,1.00167457438
460901,460911,460913,10,2,5,3600,1.2
460911,460917,460918,6,1,5,3600,1.0
460920,460926,464116,6,3190,2,36000,1.00188087774
460922,460932,460933,10,1,5,3600,1.1
460933,460939,460941,6,2,5,3600,1.0
460935,460945,464304,10,3359,2,36000,1.00297707651
460943,460951,460953,8,2,5,3600,1.0
460954,460960,460962,6,2,5,3600,1.0
460960,460966,465137,6,4171,2,36000,1.00143850396
460965,460972,460974,7,2,5,3600,1.0
460975,460981,464922,6,3941,2,36000,1.00152245623
460986,460992,460994,6,2,5,3600,1.0
460990,460998,464826,8,3828,2,36000,1.00208986416
460996,461004,461006,8,2,5,3600,1.0
461007,461013,461015,6,2,5,3600,1.0
461018,461024,461026,6,2,5,3600,1.0
461022,461030,464570,8,3540,2,36000,1.00225988701
461029,461036,461038,7,2,5,3600,1.0
461039,461045,461047,6,2,5,3600,1.0
461042,461051,464696,9,3645,2,36000,1.0024691358
461044,461056,465027,12,3971,2,36000,1.00302190884
461059,461066,464594,7,3528,2,36000,1.00198412698
461061,461072,464289,11,3217,2,36000,1.00341933478
461070,461078,461080,8,2,5,3600,1.0
461081,461087,461089,6,2,5,3600,1.0
461092,461098,461100,6,2,5,3600,1.0
461102,461109,461111,7,2,5,3600,1.0
461113,461119,461120,6,1,5,3600,1.0
461124,461130,461131,6,1,5,3600,1.0
461128,461136,464379,8,3243,2,36000,1.00246685168
461134,461142,461144,8,2,5,3600,1.0
461145,461151,461153,6,2,5,3600,1.0
461156,461162,461164,6,2,5,3600,1.0
461156,461167,464571,11,3404,2,36000,1.00323149236
461158,461178,464789,20,3611,1,3600,1.00553863196
461167,461173,461175,6,2,5,3600,1.0
461171,461184,464648,13,3464,2,36000,1.00375288684
461187,461194,461196,7,2,5,3600,1.0
461198,461204,461206,6,2,5,3600,1.0
461208,461214,464800,6,3586,2,36000,1.00167317345
461219,461225,461227,6,2,5,3600,1.0
461230,461236,461238,6,2,5,3600,1.0
461240,461247,461248,7,1,5,3600,1.0
461251,461257,461258,6,1,5,3600,1.0
461257,461263,464683,6,3420,2,36000,1.00175438596
461261,461274,464903,13,3629,1,3600,1.00358225406
461262,461269,461271,7,2,5,3600,1.0
461272,461280,461282,8,2,5,3600,1.0
461275,461286,464839,11,3553,2,36000,1.00309597523
461283,461292,461294,9,2,5,3600,1.1
461298,461304,464666,6,3362,2,36000,1.00178465199
461307,461313,464933,6,3620,1,3600,1.00165745856
461313,461319,464785,6,3466,2,36000,1.00173110214
461328,461334,465497,6,4163,2,36000,1.00144126832
461346,461352,465033,6,3681,2,36000,1.00162999185
461347,461363,464989,16,3626,1,3600,1.00441257584
461348,461358,461363,10,5,5,3600,1.5
461359,461369,461375,10,6,5,3600,1.6
461371,461377,461382,6,5,5,3600,1.1
461381,461387,461392,6,5,5,3600,1.1
461384,461393,464627,9,3234,2,36000,1.00278293135
461388,461404,464798,16,3394,1,3600,1.00471420153
461392,461399,461404,7,5,5,3600,1.2
461399,461411,464808,12,3397,2,36000,1.0035325287
461401,461416,464930,15,3514,2,36000,1.00426863973
461413,461422,461429,9,7,5,3600,1.6
461416,461427,465000,11,3573,2,36000,1.0030786454
461424,461433,461438,9,5,5,3600,1.4
461431,461439,465085,8,3646,2,36000,1.00219418541
461435,461445,461449,10,4,5,3600,1.4
461445,461451,461455,6,4,5,3600,1.0
461456,461462,461466,6,4,5,3600,1.0
461462,461468,464920,6,3452,2,36000,1.00173812283
461467,461474,461479,7,5,5,3600,1.2
461478,461484,461488,6,4,5,3600,1.0
461488,461495,461499,7,4,5,3600,1.1
461499,461505,461509,6,4,5,3600,1.0
461499,461510,465259,11,3749,2,36000,1.00293411576
461514,461520,464799,6,3279,2,36000,1.00182982617
461531,461537,465010,6,3473,2,36000,1.00172761301
461546,461552,465020,6,3468,2,36000,1.00173010381
461565,461572,465169,7,3597,2,36000,1.00194606617
461575,461582,464317,7,2735,5,3600,1.00255941499
461586,461592,464342,6,2750,5,3600,1.00218181818
461597,461603,464212,6,2609,5,3600,1.0022997317
461608,461614,464099,6,2485,5,3600,1.00241448692
461618,461624,464214,6,2590,5,3600,1.00231660232
461621,461630,464886,9,3256,2,36000,1.00276412776
461629,461636,464461,7,2825,5,3600,1.00247787611
461636,461643,465217,7,3574,2,36000,1.00195858982
461640,461649,464155,9,2506,5,3600,1.00359138069
461651,461657,464135,6,2478,5,3600,1.00242130751
461651,461688,465773,37,4085,2,36000,1.00905752754
461679,461713,465179,34,3466,2,36000,1.00980957877
461704,461763,465110,59,3347,2,36000,1.01762772632
461764,461930,464515,166,2585,5,3600,1.06421663443
461929,462155,464738,226,2583,5,3600,1.08749516067
462154,462351,465169,197,2818,5,3600,1.06990773598
462349,462458,465038,109,2580,5,3600,1.04224806202
462462,463665,466063,1203,2398,5,3600,1.50166805671
463187,463977,467015,790,3038,1,108000,1.26003949967
463646,463870,463961,224,91,6,3600,3.46153846154
463670,463894,466404,224,2510,5,3600,1.08924302789
463896,463972,466406,76,2434,5,3600,1.0312243221
463968,463983,466625,15,2642,5,3600,1.00567751703
463979,464016,466505,37,2489,5,3600,1.01486540779
464020,464047,466751,27,2704,5,3600,1.0099852071
464051,464081,466584,30,2503,5,3600,1.01198561726
464082,464099,466735,17,2636,5,3600,1.0064491654
464103,464110,466455,7,2345,5,3600,1.00298507463
464114,464127,466651,13,2524,5,3600,1.00515055468
464125,464145,466604,20,2459,5,3600,1.00813338756
464146,464151,466651,5,2500,5,3600,1.002
464156,464166,466691,10,2525,5,3600,1.00396039604
464167,464191,467029,24,2838,5,3600,1.00845665962
464188,464221,466831,33,2610,5,3600,1.01264367816
464219,464227,466751,8,2524,5,3600,1.00316957211
464230,464236,466615,6,2379,5,3600,1.0025220681
464240,464289,466814,49,2525,5,3600,1.01940594059
464292,464345,467107,53,2762,5,3600,1.01918899348
464294,464328,576447,34,112119,5,360000,1.00030324923
464319,464363,464576,44,213,6,3600,1.20657276995
464333,464339,475004,6,10665,4,360000,1.0005625879
464343,464369,466898,26,2529,5,3600,1.01028074338
464364,464411,466864,47,2453,5,3600,1.01916021199
464416,464472,466924,56,2452,5,3600,1.02283849918
464468,464493,466901,25,2408,5,3600,1.0103820598
464488,464526,468143,38,3617,5,3600,1.01050594415
464497,464531,468107,34,3576,2,36000,1.00950782998
464498,464537,468030,39,3493,2,36000,1.01116518752
464500,464550,468040,50,3490,2,36000,1.01432664756
464524,464581,468145,57,3564,2,36000,1.01599326599
464539,464587,468346,48,3759,2,36000,1.01276935355
464573,464592,468155,19,3563,2,36000,1.0053325849
464574,464597,467947,23,3350,2,36000,1.00686567164
464597,464603,468030,6,3427,2,36000,1.00175080245
464599,464609,467943,10,3334,2,36000,1.00299940012
464612,464660,467167,48,2507,5,3600,1.01914639011
464631,464678,468244,47,3566,2,36000,1.01318003365
464648,464694,468251,46,3557,2,36000,1.01293224627
464668,464707,468194,39,3487,2,36000,1.0111843992
464686,464749,468682,63,3933,2,36000,1.01601830664
464702,464754,468279,52,3525,2,36000,1.01475177305
464755,464796,467231,41,2435,5,3600,1.01683778234
464777,464802,468205,25,3403,2,36000,1.00734645901
464791,464810,468055,19,3245,2,36000,1.00585516179
464807,464837,468118,30,3281,2,36000,1.00914355379
464807,464831,467343,24,2512,5,3600,1.00955414013
464808,464851,468508,43,3657,2,36000,1.01175827181
464823,464898,468375,75,3477,2,36000,1.02157031924
464839,464931,468233,92,3302,2,36000,1.02786190188
464841,464937,468304,96,3367,2,36000,1.02851202851
464888,464943,468433,55,3490,2,36000,1.01575931232
464923,464949,468337,26,3388,2,36000,1.00767414404
464924,465012,468490,88,3478,2,36000,1.02530189764
464939,465022,468567,83,3545,2,36000,1.02341325811
465001,465031,468462,30,3431,2,36000,1.00874380647
465016,465038,468871,22,3833,2,36000,1.00573962953
465032,465044,468226,12,3182,2,36000,1.00377121307
465033,465050,468768,17,3718,2,36000,1.00457235073
465049,465056,468532,7,3476,2,36000,1.00201380898
465052,465182,467671,130,2489,5,3600,1.05222981117
465086,465092,468802,6,3710,2,36000,1.00161725067
465112,465118,468517,6,3399,2,36000,1.00176522507
465140,465146,468780,6,3634,2,36000,1.0016510732
465170,465176,468570,6,3394,2,36000,1.00176782557
465184,465190,468452,6,3262,2,36000,1.00183936235
465186,465270,468015,84,2745,5,3600,1.0306010929
465220,465508,469359,288,3851,2,36000,1.07478576993
465260,465596,469134,336,3538,2,36000,1.09496890899
465499,465784,469097,285,3313,2,36000,1.08602475098
465585,465920,469521,335,3601,2,36000,1.09302971397
465777,466420,470106,643,3686,2,36000,1.17444384156
465821,465915,746299,94,280384,1,576000,1.00033525451
466043,466415,466780,372,365,8,3600,2.01917808219
466421,466428,468907,7,2479,5,3600,1.00282371924
466432,466467,468959,35,2492,5,3600,1.01404494382
466463,466516,468986,53,2470,5,3600,1.02145748988
466515,466595,469015,80,2420,5,3600,1.03305785124
466597,466615,469130,18,2515,5,3600,1.00715705765
466618,466627,469024,9,2397,5,3600,1.00375469337
466628,466637,469239,9,2602,5,3600,1.00345887779
466639,466662,469298,23,2636,5,3600,1.00872534143
466660,466668,469508,8,2840,5,3600,1.00281690141
466670,466702,469182,32,2480,5,3600,1.01290322581
466702,466746,469211,44,2465,5,3600,1.01784989858
466743,466762,469258,19,2496,5,3600,1.00761217949
466764,466770,469350,6,2580,5,3600,1.0023255814
466775,466791,469300,16,2509,5,3600,1.00637704265
466796,466802,469305,6,2503,5,3600,1.00239712345
466806,466825,469303,19,2478,5,3600,1.00766747377
466827,466842,469219,15,2377,5,3600,1.00631047539
466838,466875,469488,37,2613,5,3600,1.01415996938
466879,466910,469435,31,2525,5,3600,1.01227722772
466910,466916,469503,6,2587,5,3600,1.00231928875
466921,466935,469390,14,2455,5,3600,1.00570264766
466931,467040,469744,109,2704,5,3600,1.04031065089
467044,467118,469542,74,2424,5,3600,1.03052805281
467116,467178,469633,62,2455,5,3600,1.02525458248
467178,467242,469696,64,2454,5,3600,1.0260798696
467240,468026,470491,786,2465,5,3600,1.31886409736
467265,467683,469505,418,1822,8,1800,1.22941822173
467601,467608,468601,7,993,1,7200,1.00704934542
467946,467952,471409,6,3457,2,36000,1.00173560891
467961,467968,471787,7,3819,2,36000,1.00183294056
468027,468041,470769,14,2728,5,3600,1.00513196481
468035,468047,471330,12,3283,2,36000,1.00365519342
468036,468053,471601,17,3548,2,36000,1.00479143179
468053,468066,471487,13,3421,2,36000,1.00380005846
468068,468155,470513,87,2358,5,3600,1.0368956743
468069,468118,472499,49,4381,2,36000,1.01118466104
468110,468129,471692,19,3563,2,36000,1.0053325849
468125,468161,471825,36,3664,2,36000,1.00982532751
468147,468167,471585,20,3418,2,36000,1.00585137507
468164,468217,471659,53,3442,2,36000,1.0153980244
468166,468206,550372,40,82166,2,288000,1.00048681937
468197,468237,471909,40,3672,2,36000,1.01089324619
468213,468244,471600,31,3356,2,36000,1.00923718713
468228,468255,472085,27,3830,2,36000,1.00704960836
468245,468262,471984,17,3722,2,36000,1.00456743686
468246,468291,471984,45,3693,2,36000,1.01218521527
468263,468315,471672,52,3357,2,36000,1.01549002085
468283,468348,472204,65,3856,2,36000,1.01685684647
468305,468358,472052,53,3694,2,36000,1.01434759069
468340,468444,471917,104,3473,2,36000,1.02994529225
468356,468463,471970,107,3507,2,36000,1.03051040776
468361,468387,550610,26,82223,2,288000,1.00031621323
468379,468473,472082,94,3609,2,36000,1.02604599612
468436,468501,471990,65,3489,2,36000,1.01862997994
468454,468519,471917,65,3398,2,36000,1.01912889935
468470,468529,472027,59,3498,2,36000,1.01686678102
468491,468544,472169,53,3625,2,36000,1.01462068966
468509,468578,471960,69,3382,2,36000,1.02040212892
468524,468584,472136,60,3552,2,36000,1.01689189189
468539,468612,471948,73,3336,2,36000,1.021882494
468569,468693,472089,124,3396,2,36000,1.03651354535
468584,468779,472064,195,3285,2,36000,1.05936073059
468684,468791,472474,107,3683,2,36000,1.02905240293
468769,468813,472034,44,3221,2,36000,1.01366035393
468783,468882,472298,99,3416,2,36000,1.02898126464
468804,468918,472597,114,3679,2,36000,1.03098668116
468871,468923,472619,52,3696,2,36000,1.01406926407
468927,468970,471716,43,2746,5,3600,1.01565914057
468968,468997,471565,29,2568,5,3600,1.01129283489
468999,469026,471678,27,2652,5,3600,1.01018099548
469030,469036,471464,6,2428,5,3600,1.00247116969
469041,469141,471654,100,2513,5,3600,1.039793076
469097,469146,472556,49,3410,2,36000,1.01436950147
469135,469152,472795,17,3643,2,36000,1.00466648367
469154,469193,471710,39,2517,5,3600,1.01549463647
469195,469222,471784,27,2562,5,3600,1.01053864169
469226,469232,471604,6,2372,5,3600,1.00252951096
469237,469251,471735,14,2484,5,3600,1.00563607085
469247,469269,471682,22,2413,5,3600,1.00911728139
469268,469309,471722,41,2413,5,3600,1.01699129714
469310,469315,471789,5,2474,5,3600,1.00202101859
469320,469326,471803,6,2477,5,3600,1.00242228502
469331,469337,471835,6,2498,5,3600,1.00240192154
469341,469361,472083,20,2722,5,3600,1.00734753857
469359,469370,473305,11,3935,2,36000,1.00279542567
469372,469401,471920,29,2519,5,3600,1.01151250496
469404,469446,472041,42,2595,5,3600,1.0161849711
469407,469500,471339,93,1839,6,1800,1.05057096248
469445,469514,471955,69,2441,5,3600,1.02826710365
469517,469523,471922,6,2399,5,3600,1.0025010421
469523,469529,472973,6,3444,2,36000,1.00174216028
469527,469535,471985,8,2450,5,3600,1.00326530612
469538,469553,471997,15,2444,5,3600,1.00613747954
469549,469644,472239,95,2595,5,3600,1.0366088632
469641,469707,472224,66,2517,5,3600,1.02622169249
469703,469755,472277,52,2522,5,3600,1.0206185567
469754,470502,472924,748,2422,5,3600,1.308835673
470107,470113,473788,6,3675,2,36000,1.00163265306
470500,470524,473028,24,2504,5,3600,1.00958466454
470521,470780,473491,259,2711,5,3600,1.09553670232
470777,471232,473866,455,2634,5,3600,1.17274107821
470895,471237,506394,342,35157,2,108000,1.00972779247
471237,471350,473962,113,2612,5,3600,1.0432618683
471332,471338,474978,6,3640,2,36000,1.00164835165
471350,471356,474097,6,2741,5,3600,1.00218898212
471361,471475,474384,114,2909,5,3600,1.03918872465
471410,471480,474848,70,3368,2,36000,1.02078384798
471484,471576,474077,92,2501,5,3600,1.03678528589
471489,471581,475346,92,3765,2,36000,1.02443559097
471522,471671,528454,149,56783,2,108000,1.0026240248
471586,471615,475102,29,3487,2,36000,1.00831660453
471601,471620,475482,19,3862,2,36000,1.00491973071
471602,471676,474890,74,3214,2,36000,1.02302426882
471660,471682,475352,22,3670,2,36000,1.00599455041
471674,471688,475353,14,3665,2,36000,1.00381991814
471688,471694,474191,6,2497,5,3600,1.00240288346
471693,471700,475215,7,3515,2,36000,1.00199146515
471699,471706,474210,7,2504,5,3600,1.00279552716
471710,471722,474208,12,2486,5,3600,1.00482703138
471720,471728,474096,8,2368,5,3600,1.00337837838
471731,471737,474408,6,2671,5,3600,1.00224634968
471741,471747,474102,6,2355,5,3600,1.0025477707
471752,471795,474426,43,2631,5,3600,1.01634359559
471787,471801,475136,14,3335,2,36000,1.00419790105
471804,471810,474585,6,2775,5,3600,1.00216216216
471814,471820,474310,6,2490,5,3600,1.00240963855
471825,471846,474360,21,2514,5,3600,1.00835322196
471826,471851,475280,25,3429,2,36000,1.00729075532
471856,471928,474512,72,2584,5,3600,1.02786377709
471911,471934,475324,23,3390,2,36000,1.00678466077
471926,471939,475593,13,3654,2,36000,1.00355774494
471927,471945,475538,18,3593,2,36000,1.00500974116
471948,471955,474579,7,2624,5,3600,1.00266768293
471951,471961,475492,10,3531,2,36000,1.00283205891
471959,471967,474420,8,2453,5,3600,1.00326131268
471966,471973,475657,7,3684,2,36000,1.00190010858
471970,471995,474677,25,2682,5,3600,1.00932140194
471981,472001,475354,20,3353,2,36000,1.00596480763
471997,472007,475817,10,3810,2,36000,1.00262467192
471998,472012,476133,14,4121,2,36000,1.00339723368
471999,472017,475461,18,3444,2,36000,1.00522648084
472021,472027,474574,6,2547,5,3600,1.0023557126
472029,472038,475506,9,3468,2,36000,1.00259515571
472042,472052,475655,10,3603,5,3600,1.00277546489
472044,472057,475408,13,3351,2,36000,1.00387943897
472053,472094,474600,41,2506,5,3600,1.01636073424
472059,472099,475667,40,3568,2,36000,1.01121076233
472074,472104,475758,30,3654,2,36000,1.00821018062
472089,472110,476152,21,4042,2,36000,1.0051954478
472090,472115,475793,25,3678,2,36000,1.00679717238
472092,472121,475855,29,3734,2,36000,1.00776647027
472125,472288,474817,163,2529,5,3600,1.06445235271
472138,472180,475508,42,3328,2,36000,1.01262019231
472171,472215,475486,44,3271,2,36000,1.01345154387
472205,472510,476119,305,3609,2,36000,1.08451094486
472219,474419,474831,2200,412,70,1200,6.33980582524
472299,472567,476030,268,3463,2,36000,1.07738954664
472475,473799,477372,1324,3573,2,36000,1.37055695494
472502,474088,477697,1586,3609,2,36000,1.43945691327
472556,474107,477384,1551,3277,2,36000,1.47329874886
472599,474112,477644,1513,3532,2,36000,1.42836919592
472622,474129,477654,1507,3525,2,36000,1.4275177305
472797,474134,477644,1337,3510,2,36000,1.38091168091
472931,474591,505829,1660,31238,1,36000,1.05314040592
472956,474847,502424,1891,27577,10,28800,1.06857163578
472969,474596,499332,1627,24736,1,36000,1.06577457956
472976,474139,477839,1163,3700,2,36000,1.31432432432
472994,474613,489019,1619,14406,1,36000,1.112383729
473020,474618,483698,1598,9080,1,36000,1.17599118943
473052,474624,477237,1572,2613,1,36000,1.60160734788
473073,474629,486032,1556,11403,1,36000,1.13645531878
473086,474123,475136,1037,1013,2,43200,2.02369200395
473088,474858,478642,1770,3784,1,36000,1.4677589852
473103,474863,476849,1760,1986,1,36000,1.88620342397
473168,474868,488264,1700,13396,1,36000,1.1269035533
473184,474873,482419,1689,7546,1,36000,1.22382719321
473211,474879,478552,1668,3673,1,36000,1.45412469371
473307,474202,477900,895,3698,2,36000,1.24202271498
473681,474118,575757,437,101639,1,259200,1.00429953069
473790,474220,477410,430,3190,2,36000,1.13479623824
474218,474226,476770,8,2544,5,3600,1.00314465409
474229,474395,476938,166,2543,5,3600,1.06527723162
474332,474602,485774,270,11172,18,32400,1.02416756176
474393,474424,476941,31,2517,5,3600,1.0123162495
474414,474842,488135,428,13293,18,68400,1.03219739713
474424,474584,477417,160,2833,5,3600,1.05647723262
474587,474607,477681,20,3074,5,3600,1.00650618087
474609,474688,477058,79,2370,5,3600,1.03333333333
474691,474828,478346,137,3518,5,3600,1.03894258101
474824,474852,477272,28,2420,5,3600,1.01157024793
474849,474885,478037,36,3152,2,36000,1.0114213198
474886,474892,477379,6,2487,5,3600,1.00241254524
474891,474898,478269,7,3371,2,36000,1.00207653515
474896,474904,477356,8,2452,5,3600,1.00326264274
474907,474913,477419,6,2506,5,3600,1.00239425379
474917,474924,477384,7,2460,5,3600,1.00284552846
474928,474934,477387,6,2453,5,3600,1.00244598451
474939,474945,477400,6,2455,5,3600,1.00244399185
474949,474955,477630,6,2675,5,3600,1.00224299065
474960,475113,477742,153,2629,5,3600,1.05819703309
474979,474990,478589,11,3599,2,36000,1.00305640456
475105,475148,478601,43,3453,2,36000,1.01245293947
475144,475154,478869,10,3715,2,36000,1.00269179004
475155,475358,478108,203,2750,5,3600,1.07381818182
475219,475226,478741,7,3515,2,36000,1.00199146515
475282,475291,478963,9,3672,2,36000,1.00245098039
475325,475364,478876,39,3512,2,36000,1.0111047836
475349,475370,479040,21,3670,2,36000,1.00572207084
475365,475376,478883,11,3507,2,36000,1.00313658397
475366,475419,479064,53,3645,2,36000,1.01454046639
475368,475472,478956,104,3484,2,36000,1.02985074627
475410,475494,479200,84,3706,2,36000,1.02266594711
475465,475508,478840,43,3332,2,36000,1.01290516206
475471,475503,475537,32,34,2,14400,1.94117647059
475486,475518,479500,32,3982,2,36000,1.00803616273
475502,475524,479236,22,3712,2,36000,1.00592672414
475504,475548,478823,44,3275,2,36000,1.0134351145
475522,475554,478735,32,3181,2,36000,1.01005972964
475523,475604,478888,81,3284,2,36000,1.02466504263
475541,475668,479136,127,3468,2,36000,1.03662053057
475597,475674,478790,77,3116,2,36000,1.02471116816
475659,475679,479043,20,3364,2,36000,1.00594530321
475675,475685,479034,10,3349,2,36000,1.00298596596
475686,476781,479249,1095,2468,5,3600,1.44367909238
475709,477069,480697,1360,3628,10,3600,1.37486218302
475761,475770,479041,9,3271,2,36000,1.00275145216
475794,475866,479316,72,3450,2,36000,1.02086956522
475818,476041,479385,223,3344,2,36000,1.06668660287
475855,476130,479853,275,3723,2,36000,1.0738651625
476030,476786,480438,756,3652,2,36000,1.20700985761
476121,476791,480463,670,3672,2,36000,1.18246187364
476136,476949,480578,813,3629,2,36000,1.22402865803
476154,476954,480596,800,3642,2,36000,1.21965952773
476226,477401,477445,1175,44,2,14400,27.7045454545
476727,477418,477450,691,32,2,3600,22.59375
476934,477396,485714,462,8318,2,21600,1.05554219764
476953,476960,479544,7,2584,5,3600,1.00270897833
476964,477283,479827,319,2544,5,3600,1.12539308176
476980,477423,477466,443,43,2,3600,11.3023255814
476995,477406,490744,411,13338,2,43200,1.03081421502
477282,477367,479948,85,2581,5,3600,1.03293297172
477364,477390,479835,26,2445,5,3600,1.01063394683
477374,477380,480926,6,3546,2,36000,1.00169204738
477389,477412,481001,23,3589,2,36000,1.00640847033
477413,477429,481007,16,3578,2,36000,1.00447177194
477426,477435,479880,9,2445,5,3600,1.0036809816
477436,477442,480001,6,2559,5,3600,1.00234466589
477447,477453,480037,6,2584,5,3600,1.00232198142
477458,477464,480005,6,2541,5,3600,1.00236127509
477468,477641,480238,173,2597,5,3600,1.06661532538
477642,477656,480220,14,2564,5,3600,1.00546021841
477644,477650,481241,6,3591,2,36000,1.00167084378
477645,477666,481264,21,3598,2,36000,1.00583657588
477660,477692,481153,32,3461,2,36000,1.00924588269
477694,477753,480729,59,2976,5,3600,1.01982526882
477699,477705,481391,6,3686,2,36000,1.00162778079
477756,478048,480532,292,2484,5,3600,1.11755233494
477841,477848,481377,7,3529,2,36000,1.00198356475
477902,477908,481787,6,3879,2,36000,1.00154679041
478039,478119,481831,80,3712,2,36000,1.02155172414
478124,478280,480747,156,2467,5,3600,1.06323469801
478180,480741,481131,2561,390,70,1200,7.56666666667
478274,478357,481737,83,3380,2,36000,1.02455621302
478330,478851,506625,521,27774,2,43200,1.01875855116
478359,478563,482203,204,3640,5,3600,1.05604395604
478564,478653,481096,89,2443,5,3600,1.03643061809
478594,478752,482096,158,3344,2,36000,1.04724880383
478609,478888,482467,279,3579,2,36000,1.07795473596
478737,478894,482295,157,3401,2,36000,1.04616289327
478755,478967,482277,212,3310,2,36000,1.06404833837
478794,478974,482603,180,3629,2,36000,1.04960044089
478828,479052,482823,224,3771,2,36000,1.05940068947
478846,479075,482485,229,3410,2,36000,1.06715542522
478871,479211,482539,340,3328,2,36000,1.10216346154
478891,479261,482929,370,3668,2,36000,1.10087241003
478892,479328,482822,436,3494,2,36000,1.12478534631
478894,479396,482609,502,3213,2,36000,1.15624027389
478964,479512,483047,548,3535,2,36000,1.15502121641
478966,479555,483051,589,3496,2,36000,1.16847826087
479037,479560,482753,523,3193,2,36000,1.16379580332
479056,479891,483560,835,3669,2,36000,1.22758244753
479057,480016,483489,959,3473,2,36000,1.27613014685
479059,480048,483993,989,3945,2,36000,1.25069708492
479074,480053,483751,979,3698,2,36000,1.26473769605
479139,480232,483522,1093,3290,2,36000,1.33221884498
479204,480237,483913,1033,3676,2,36000,1.28101196953
479241,480242,483823,1001,3581,2,36000,1.2795308573
479318,480254,483502,936,3248,2,36000,1.2881773399
479386,480448,484018,1062,3570,2,36000,1.2974789916
479503,480474,484190,971,3716,2,36000,1.26130247578
479857,480543,483917,686,3374,2,36000,1.20331950207
479858,481154,484878,1296,3724,1,360000,1.34801288937
479979,481022,495118,1043,14096,2,21600,1.07399262202
480085,481142,485186,1057,4044,15,7200,1.26137487636
480311,480758,495172,447,14414,1,14400,1.03101151658
480443,480548,484118,105,3570,2,36000,1.02941176471
480460,481159,482625,699,1466,1,3600,1.47680763984
480466,480589,484093,123,3504,2,36000,1.03510273973
480582,480607,484044,25,3437,2,36000,1.00727378528
480600,480763,484538,163,3775,2,36000,1.04317880795
480764,481107,483508,343,2401,5,3600,1.14285714286
480926,480932,484512,6,3580,2,36000,1.00167597765
481004,481010,484459,6,3449,2,36000,1.00173963468
481005,481016,484709,11,3693,2,36000,1.00297860818
481104,481147,483660,43,2513,5,3600,1.01711102268
481146,481165,483682,19,2517,5,3600,1.00754866905
481158,481170,485018,12,3848,2,36000,1.00311850312
481167,481176,483632,9,2456,5,3600,1.00366449511
481178,481184,483584,6,2400,5,3600,1.0025
481188,481194,483776,6,2582,5,3600,1.00232378002
481199,481205,483621,6,2416,5,3600,1.00248344371
481210,481216,483727,6,2511,5,3600,1.00238948626
481220,481227,483649,7,2422,5,3600,1.00289017341
481231,481237,483583,6,2346,5,3600,1.00255754476
481241,481253,484927,12,3674,2,36000,1.00326619488
481242,481247,484021,5,2774,5,3600,1.00180245133
481252,481389,483867,137,2478,5,3600,1.05528652139
481266,481272,485007,6,3735,2,36000,1.0016064257
481381,481402,484824,21,3422,2,36000,1.00613676213
481397,481749,485230,352,3481,2,36000,1.10112036771
481452,481842,481990,390,148,2,14400,3.63513513514
481741,481798,485553,57,3755,2,36000,1.01517976032
481788,482001,485561,213,3560,2,36000,1.05983146067
481832,482107,485467,275,3360,2,36000,1.0818452381
482022,482028,482038,6,10,1,3600,1.6
482098,482214,485466,116,3252,2,36000,1.0356703567
482213,482620,485082,407,2462,5,3600,1.16531275386
482241,482247,484022,6,1775,1,3600,1.00338028169
482280,482287,485912,7,3625,2,36000,1.00193103448
482299,482305,485767,6,3462,2,36000,1.00173310225
482469,482475,485768,6,3293,2,36000,1.00182204677
482487,482493,486191,6,3698,2,36000,1.00162249865
482539,482546,486145,7,3599,2,36000,1.00194498472
482603,482610,486279,7,3669,2,36000,1.00190787681
482619,482636,486260,17,3624,2,36000,1.00469094923
482633,483500,486269,867,2769,5,3600,1.31310942579
482756,482833,486415,77,3582,2,36000,1.02149637074
482824,482839,486395,15,3556,2,36000,1.00421822272
482825,482940,486346,115,3406,2,36000,1.03376394598
482931,483058,486361,127,3303,2,36000,1.03844989404
483049,483064,486664,15,3600,2,36000,1.00416666667
483064,483513,487050,449,3537,2,36000,1.12694373763
483096,483519,488727,423,5208,2,21600,1.08122119816
483489,483524,487109,35,3585,2,36000,1.00976290098
483504,483533,487490,29,3957,2,36000,1.00732878443
483526,483572,486674,46,3102,2,36000,1.01482914249
483564,483595,487157,31,3562,2,36000,1.00870297586
483595,483601,486232,6,2631,5,3600,1.00228050171
483605,483633,486350,28,2717,5,3600,1.01030548399
483636,483643,486054,7,2411,5,3600,1.0029033596
483647,483660,486031,13,2371,5,3600,1.0054829186
483658,483671,486125,13,2454,5,3600,1.00529747351
483668,483694,486213,26,2519,5,3600,1.01032155617
483689,483709,486222,20,2513,5,3600,1.0079586152
483710,483738,486155,28,2417,5,3600,1.01158460902
483742,483787,486339,45,2552,5,3600,1.01763322884
483753,483762,487466,9,3704,2,36000,1.00242980562
483783,483879,486332,96,2453,5,3600,1.03913575214
483824,483834,487401,10,3567,2,36000,1.00280347631
483875,484035,486499,160,2464,5,3600,1.06493506494
483916,483924,487446,8,3522,2,36000,1.00227143668
483932,483938,487440,6,3502,2,36000,1.00171330668
483998,484005,487420,7,3415,2,36000,1.00204978038
484020,484029,487728,9,3699,2,36000,1.00243309002
484031,484129,486571,98,2442,5,3600,1.04013104013
484034,484041,484045,7,4,1,7200,1.1
484045,484144,487944,99,3800,2,36000,1.02605263158
484079,484085,484133,6,48,1,1800,1.125
484095,484201,487791,106,3590,2,36000,1.0295264624
484108,485806,492850,1698,7044,1,7200,1.24105621806
484121,484471,488050,350,3579,2,36000,1.09779267952
484193,484524,488131,331,3607,2,36000,1.09176601054
484463,484549,487974,86,3425,2,36000,1.02510948905
484515,484721,488004,206,3283,2,36000,1.06274748705
484538,485812,518643,1274,32831,1,43200,1.03880478816
484538,484836,488684,298,3848,2,36000,1.07744282744
484587,485817,526793,1230,40976,1,43200,1.03001757126
484650,485822,529031,1172,43209,1,43200,1.0271239788
484711,484939,488156,228,3217,2,36000,1.07087348461
484825,485019,488513,194,3494,2,36000,1.05552375501
484927,485203,917239,276,432036,4,432000,1.00063883565
484928,485092,488364,164,3272,2,36000,1.05012224939
485008,485097,488548,89,3451,2,36000,1.0257896262
485026,485241,488867,215,3626,2,36000,1.05929398787
485154,485198,1090020,44,604822,15,604800,1.00007274868
485230,485539,488921,309,3382,2,36000,1.09136605559
485471,485565,488980,94,3415,2,36000,1.02752562225
485472,485725,489603,253,3878,2,36000,1.06523981434
485557,485778,489125,221,3347,2,36000,1.06602927995
485572,485784,489163,212,3379,2,36000,1.06274045576
485774,485790,489059,16,3269,2,36000,1.00489446314
485775,485795,489285,20,3490,2,36000,1.00573065903
485794,485801,488523,7,2722,5,3600,1.0025716385
485804,485828,488356,24,2528,5,3600,1.00949367089
485825,485923,488695,98,2772,5,3600,1.03535353535
485917,486042,489541,125,3499,2,36000,1.03572449271
486041,486048,488594,7,2546,5,3600,1.00274941084
486051,486065,489012,14,2947,5,3600,1.00475059382
486062,486137,488629,75,2492,5,3600,1.03009630819
486134,486167,488782,33,2615,5,3600,1.01261950287
486149,486156,489908,7,3752,2,36000,1.00186567164
486165,486224,488664,59,2440,5,3600,1.02418032787
486194,486229,489763,35,3534,2,36000,1.00990379174
486227,486235,488751,8,2516,5,3600,1.00317965024
486238,486243,489016,5,2773,5,3600,1.00180310133
486248,486281,488703,33,2422,5,3600,1.01362510322
486260,486286,489777,26,3491,2,36000,1.00744772272
486280,486292,489893,12,3601,2,36000,1.00333240766
486290,486343,488794,53,2451,5,3600,1.02162382701
486341,486407,488981,66,2574,5,3600,1.02564102564
486344,489549,493156,3205,3607,18,3600,1.88855004159
486349,486426,490051,77,3625,2,36000,1.02124137931
486367,486510,490043,143,3533,2,36000,1.04047551656
486400,486582,489893,182,3311,2,36000,1.05496828753
486419,486587,490390,168,3803,2,36000,1.0441756508
486575,488793,489533,2218,740,70,1200,3.9972972973
486587,486685,489092,98,2407,5,3600,1.04071458247
486666,486672,490613,6,3941,2,36000,1.00152245623
486681,487061,490870,380,3809,2,36000,1.09976371751
486909,487169,493165,260,5996,2,14400,1.04336224149
487012,488762,489248,1750,486,4,356400,4.60082304527
487054,487413,490864,359,3451,2,36000,1.10402781802
487108,487432,491116,324,3684,2,36000,1.08794788274
487160,487452,492149,292,4697,2,36000,1.06216734086
487403,487458,491114,55,3656,2,36000,1.01504376368
487423,487477,491232,54,3755,2,36000,1.01438082557
487442,487502,490989,60,3487,2,36000,1.017206768
487457,487739,491355,282,3616,2,36000,1.07798672566
487473,487802,491261,329,3459,2,36000,1.09511419485
487492,487955,491337,463,3382,2,36000,1.13690124187
487656,489544,589743,1888,100199,32,216000,1.01884250342
487729,488015,491609,286,3594,2,36000,1.0795770729
487794,488062,491739,268,3677,2,36000,1.07288550449
487799,489296,490262,1497,966,2,36000,2.54968944099
487944,488143,491436,199,3293,2,36000,1.06043121773
487978,488149,491859,171,3710,2,36000,1.0460916442
488005,488168,491632,163,3464,2,36000,1.04705542725
488049,488375,491641,326,3266,2,36000,1.09981628904
488115,488275,528873,160,40598,1,360000,1.00394108084
488124,489554,492380,1430,2826,2,72000,1.50601556971
488133,488524,492456,391,3932,2,36000,1.0994404883
488158,488559,492271,401,3712,2,36000,1.10802801724
488253,489070,600069,817,110999,4,144000,1.00736042667
488366,488696,492163,330,3467,2,36000,1.09518315547
488414,489560,495638,1146,6078,2,108000,1.18854886476
488515,488706,492121,191,3415,2,36000,1.05592972182
488549,488714,492572,165,3858,2,36000,1.04276827372
488687,488767,492373,80,3606,2,36000,1.02218524681
488770,488805,491237,35,2432,5,3600,1.01439144737
488802,488997,491678,195,2681,5,3600,1.07273405446
488867,488878,492429,11,3551,2,36000,1.00309771895
488924,488933,492282,9,3349,2,36000,1.00268736936
488984,488991,493352,7,4361,2,36000,1.00160513644
488996,489103,491705,107,2602,5,3600,1.04112221368
489062,489136,493070,74,3934,2,36000,1.01881037112
489129,489174,492535,45,3361,2,36000,1.01338887236
489164,489570,492978,406,3408,2,36000,1.1191314554
489218,489565,491580,347,2015,2,21600,1.17220843672
489251,489259,489813,8,554,4,356400,1.01444043321
489286,489575,493273,289,3698,2,36000,1.07815035154
489546,489581,493302,35,3721,2,36000,1.00940607364
489581,489587,492151,6,2564,5,3600,1.0023400936
489591,489598,492093,7,2495,5,3600,1.00280561122
489602,489608,492296,6,2688,5,3600,1.00223214286
489608,489614,492898,6,3284,2,36000,1.00182704019
489613,489775,492593,162,2818,5,3600,1.05748757984
489771,489789,493328,18,3539,2,36000,1.00508618254
489788,489825,493522,37,3697,2,36000,1.01000811469
489829,489904,492319,75,2415,5,3600,1.03105590062
489900,489910,493665,10,3755,2,36000,1.00266311585
489902,489919,493554,17,3635,2,36000,1.00467675378
489918,490054,493389,136,3335,2,36000,1.04077961019
490048,490062,493567,14,3505,2,36000,1.00399429387
490064,490401,494223,337,3822,2,36000,1.08817373103
490202,490273,498185,71,7912,1,28800,1.00897371082
490395,490624,494070,229,3446,2,36000,1.06645385955
490614,490875,494374,261,3499,2,36000,1.07459274078
490720,490755,494781,35,4026,2,72000,1.0086934923
490867,490882,494480,15,3598,2,36000,1.00416898277
490883,491000,494441,117,3441,2,36000,1.03400174368
490994,491125,494449,131,3324,2,36000,1.03941034898
491033,492138,506431,1105,14293,1,360000,1.07731057161
491037,492177,517775,1140,25598,1,360000,1.04453472928
491080,491591,495955,511,4364,1,10800,1.1170944088
491090,492166,492921,1076,755,2,43200,2.42516556291
491119,491131,495314,12,4183,2,36000,1.00286875448
491120,491244,494679,124,3435,2,36000,1.03609898108
491218,491873,492139,655,266,4,356400,3.46240601504
491235,491250,494839,15,3589,2,36000,1.00417943717
491246,491272,493865,26,2593,5,3600,1.01002699576
491266,491348,494738,82,3390,2,36000,1.02418879056
491342,491366,494797,24,3431,2,36000,1.00699504518
491358,491447,494962,89,3515,2,36000,1.0253200569
491437,491620,495414,183,3794,2,36000,1.04823405377
491513,492182,492639,669,457,1,72000,2.46389496718
491611,491644,495101,33,3457,2,36000,1.009545849
491633,491653,495147,20,3494,2,36000,1.00572409845
491649,491689,495155,40,3466,2,36000,1.0115406809
491687,491717,494266,30,2549,5,3600,1.0117693213
491718,492105,494543,387,2438,5,3600,1.1587366694
491741,491747,495384,6,3637,2,36000,1.0016497113
491861,491867,495350,6,3483,2,36000,1.00172265289
492107,492160,494883,53,2723,5,3600,1.01946382666
492124,492133,495936,9,3803,2,36000,1.00236655272
492153,492171,495740,18,3569,2,36000,1.00504342953
492168,492188,495441,20,3253,2,36000,1.00614817092
492190,492307,494706,117,2399,5,3600,1.04877032097
492274,492282,495880,8,3598,2,36000,1.00222345748
492290,492296,495478,6,3182,2,36000,1.00188560654
492303,492330,494857,27,2527,5,3600,1.01068460625
492334,492604,495044,270,2440,5,3600,1.1106557377
492345,492391,505702,46,13311,1,360000,1.00345578845
492373,492384,495823,11,3439,2,36000,1.00319860425
492432,492442,495920,10,3478,2,36000,1.00287521564
492457,492467,495795,10,3328,2,36000,1.00300480769
492539,492546,495902,7,3356,2,36000,1.00208581645
492575,492583,496039,8,3456,2,36000,1.00231481481
492601,492910,495445,309,2535,5,3600,1.12189349112
492909,493228,495717,319,2489,5,3600,1.12816392125
492914,492990,496320,76,3330,2,36000,1.02282282282
492979,493082,496551,103,3469,2,36000,1.02969155376
493073,493233,496691,160,3458,2,36000,1.04626951995
493237,493243,495849,6,2606,5,3600,1.00230237913
493247,493253,495689,6,2436,5,3600,1.00246305419
493258,493284,495861,26,2577,5,3600,1.01008925107
493273,493313,497073,40,3760,2,36000,1.01063829787
493302,493339,496775,37,3436,2,36000,1.01076833527
493331,493363,497324,32,3961,2,36000,1.00807876799
493353,493534,497456,181,3922,2,36000,1.04614992351
493364,493400,495074,36,1674,2,7200,1.02150537634
493392,493565,497242,173,3677,2,36000,1.04704922491
493524,493579,497020,55,3441,2,36000,1.01598372566
493555,493676,498787,121,5111,2,36000,1.0236744277
493570,493876,497744,306,3868,2,36000,1.0791106515
493668,493881,497292,213,3411,2,36000,1.06244503078
493830,494899,503849,1069,8950,1,360000,1.11944134078
493837,495463,524275,1626,28812,1,360000,1.05643481883
493840,495649,525414,1809,29765,1,360000,1.06077607929
493846,495655,580258,1809,84603,1,360000,1.02138222049
493849,495870,513414,2021,17544,1,360000,1.11519607843
493856,496914,523285,3058,26371,1,360000,1.11596071442
493860,496891,520620,3031,23729,1,360000,1.12773399638
493881,494277,496886,396,2609,5,3600,1.15178229207
494061,494868,496879,807,2011,18,7200,1.40129288911
494074,494282,497868,208,3586,2,36000,1.05800334635
494226,494385,497788,159,3403,2,36000,1.04672347928
494377,494452,498250,75,3798,2,36000,1.01974723539
494441,494460,498174,19,3714,2,36000,1.00511577814
494457,494492,498130,35,3638,2,36000,1.0096206707
494479,494691,497970,212,3279,2,36000,1.06465385788
494681,494749,498714,68,3965,2,36000,1.01715006305
494739,494808,498486,69,3678,2,36000,1.01876019576
494798,494851,498170,53,3319,2,36000,1.01596866526
494843,494873,498559,30,3686,2,36000,1.00813890396
494874,494894,497415,20,2521,5,3600,1.00793335978
494895,495056,497531,161,2475,5,3600,1.06505050505
494964,494973,499688,9,4715,2,36000,1.0019088017
495059,495458,497918,399,2460,5,3600,1.16219512195
495104,495112,498924,8,3812,2,36000,1.00209863589
495150,495158,498595,8,3437,2,36000,1.00232761129
495166,495172,498942,6,3770,2,36000,1.00159151194
495317,495325,499016,8,3691,2,36000,1.0021674343
495351,495361,498774,10,3413,2,36000,1.00292997363
495389,495395,499206,6,3811,2,36000,1.00157438992
495417,495425,499092,8,3667,2,36000,1.00218161985
495443,495452,499071,9,3619,2,36000,1.00248687483
495458,495701,498270,243,2569,5,3600,1.09458933437
495482,495489,498751,7,3262,2,36000,1.00214592275
495704,495728,498180,24,2452,5,3600,1.00978792822
495725,495806,498204,81,2398,5,3600,1.03377814846
495740,495834,499187,94,3353,2,36000,1.02803459588
495798,495860,499151,62,3291,2,36000,1.01883925858
495826,495865,499653,39,3788,2,36000,1.01029567054
495868,495876,498459,8,2583,5,3600,1.00309717383
495879,495947,498382,68,2435,5,3600,1.02792607803
495882,495891,499268,9,3377,2,36000,1.00266508736
495904,495965,499205,61,3240,2,36000,1.01882716049
495922,495987,499690,65,3703,2,36000,1.01755333513
495938,496030,499848,92,3818,2,36000,1.02409638554
496032,496562,499182,530,2620,5,3600,1.20229007634
496041,496702,500176,661,3474,2,36000,1.19027058146
496322,496787,500251,465,3464,2,36000,1.13423787529
496554,496898,500330,344,3432,2,36000,1.10023310023
496695,496903,500914,208,4011,2,36000,1.05185739217
496778,496908,500449,130,3541,2,36000,1.036712793
496911,496920,499539,9,2619,5,3600,1.00343642612
496922,496928,499621,6,2693,5,3600,1.00222799851
496933,496939,499491,6,2552,5,3600,1.00235109718
496943,497253,499787,310,2534,5,3600,1.12233622731
497021,497031,500567,10,3536,2,36000,1.0028280543
497075,497303,501118,228,3815,2,36000,1.05976408912
497245,497335,501414,90,4079,2,36000,1.02206423143
497296,497427,501191,131,3764,2,36000,1.03480340064
497326,497432,500547,106,3115,2,36000,1.03402889246
497435,497543,500053,108,2510,5,3600,1.04302788845
497459,497548,501190,89,3642,2,36000,1.02443712246
497547,497929,500390,382,2461,5,3600,1.15522145469
497746,497756,501351,10,3595,2,36000,1.00278164117
497793,497799,501147,6,3348,2,36000,1.0017921147
497872,497880,501261,8,3381,2,36000,1.00236616386
497926,498185,500737,259,2552,5,3600,1.10148902821
497972,497978,501633,6,3655,2,36000,1.00164158687
498131,498138,501829,7,3691,2,36000,1.00189650501
498172,498178,501770,6,3592,2,36000,1.00167037862
498182,498191,500642,9,2451,5,3600,1.00367197062
498187,498215,501659,28,3444,2,36000,1.0081300813
498213,498282,500765,69,2483,5,3600,1.02778896496
498253,498259,501991,6,3732,2,36000,1.00160771704
498285,498393,500861,108,2468,5,3600,1.04376012966
498399,498470,500886,71,2416,5,3600,1.02938741722
498472,498497,501024,25,2527,5,3600,1.00989315394
498492,499193,501658,701,2465,5,3600,1.28438133874
498492,498571,502055,79,3484,2,36000,1.02267508611
498561,498607,502892,46,4285,2,36000,1.01073512252
498599,498725,502264,126,3539,2,36000,1.03560327776
498715,498762,502477,47,3715,2,36000,1.01265141319
498754,498786,502614,32,3828,2,36000,1.00835945664
498775,498798,502522,23,3724,2,36000,1.00617615467
498790,498935,501858,145,2923,2,36000,1.04960656859
498926,498953,502114,27,3161,2,36000,1.00854160076
498945,499027,502694,82,3667,2,36000,1.02236160349
499017,499082,502634,65,3552,2,36000,1.01829954955
499073,499103,502774,30,3671,2,36000,1.00817216017
499094,499198,502461,104,3263,2,36000,1.03187250996
499152,499204,502393,52,3189,2,36000,1.01630605205
499190,499216,502814,26,3598,2,36000,1.0072262368
499208,499222,502803,14,3581,2,36000,1.00390952248
499210,499279,502857,69,3578,2,36000,1.01928451649
499270,499343,503199,73,3856,2,36000,1.01893153527
499341,499503,502076,162,2573,5,3600,1.06296152351
499506,499551,502236,45,2685,5,3600,1.01675977654
499547,499632,502463,85,2831,5,3600,1.03002472625
499630,499798,502257,168,2459,5,3600,1.06832045547
499661,499699,503008,38,3309,2,36000,1.01148383197
499689,499803,503105,114,3302,2,36000,1.03452453059
499704,499808,503176,104,3368,2,36000,1.03087885986
499805,500065,502659,260,2594,5,3600,1.10023130301
499853,500070,503800,217,3730,2,36000,1.0581769437
500071,500401,502928,330,2527,5,3600,1.13058963197
500183,500263,503853,80,3590,2,36000,1.02228412256
500254,500342,503945,88,3603,2,36000,1.02442409104
500334,500406,503957,72,3551,2,36000,1.0202759786
500410,500749,503259,339,2510,5,3600,1.13505976096
500449,500579,503981,130,3402,2,36000,1.03821281599
500550,500754,504268,204,3514,2,36000,1.05805350028
500569,500872,504352,303,3480,2,36000,1.08706896552
500871,500925,503536,54,2611,5,3600,1.02068173114
500919,500930,504407,11,3477,2,36000,1.00316364682
500932,500939,503419,7,2480,5,3600,1.00282258065
500946,500952,503770,6,2818,5,3600,1.00212916962
500957,500963,503436,6,2473,5,3600,1.00242620299
500967,501035,503484,68,2449,5,3600,1.02776643528
501039,501669,504287,630,2618,5,3600,1.24064171123
501122,501130,504579,8,3449,2,36000,1.0023195129
501152,501158,504597,6,3439,2,36000,1.00174469322
501195,501201,504811,6,3610,2,36000,1.00166204986
501197,501273,504827,76,3554,2,36000,1.02138435566
501270,501362,504878,92,3516,2,36000,1.02616609784
501354,501425,505630,71,4205,2,36000,1.01688466112
501420,501644,504951,224,3307,2,36000,1.06773510735
501639,501674,504924,35,3250,2,36000,1.01076923077
501662,501680,505217,18,3537,2,36000,1.00508905852
501685,501870,504341,185,2471,5,3600,1.0748684743
501771,502002,505672,231,3670,2,36000,1.06294277929
501831,502067,505514,236,3447,2,36000,1.06846533217
501862,502087,505718,225,3631,2,36000,1.06196640044
501994,502092,505495,98,3403,2,36000,1.02879811931
502058,502097,505587,39,3490,2,36000,1.0111747851
502096,502247,504708,151,2461,5,3600,1.06135717188
502114,502125,505649,11,3524,2,36000,1.00312145289
502250,502268,504913,18,2645,5,3600,1.00680529301
502266,502275,506442,9,4167,2,36000,1.00215982721
502271,502435,504891,164,2456,5,3600,1.0667752443
502394,502405,506132,11,3727,2,36000,1.00295143547
502435,502441,505000,6,2559,5,3600,1.00234466589
502445,502478,505841,33,3363,5,3600,1.00981266726
502462,502472,506002,10,3530,2,36000,1.00283286119
502477,502670,505088,193,2418,5,3600,1.07981803143
502478,502489,505557,11,3068,2,36000,1.00358539765
502526,502534,506097,8,3563,2,36000,1.00224529891
502617,502625,506286,8,3661,2,36000,1.0021851953
502636,502646,506306,10,3660,2,36000,1.00273224044
502672,502940,505535,268,2595,5,3600,1.10327552987
502696,502705,506459,9,3754,2,36000,1.00239744273
502776,502785,506204,9,3419,2,36000,1.00263234864
502807,502814,506210,7,3396,2,36000,1.00206124853
502822,502829,506012,7,3183,2,36000,1.00219918316
502860,502869,506432,9,3563,2,36000,1.00252596127
502892,502903,506329,11,3426,2,36000,1.00321074139
502942,503270,505722,328,2452,5,3600,1.13376835237
503012,503116,506651,104,3535,2,36000,1.02942008487
503107,503187,506710,80,3523,2,36000,1.02270791939
503180,503210,506677,30,3467,2,36000,1.00865301413
503200,503275,506803,75,3528,2,36000,1.0212585034
503281,503430,506166,149,2736,5,3600,1.05445906433
503434,503447,506218,13,2771,5,3600,1.00469144713
503445,503495,505935,50,2440,5,3600,1.02049180328
503497,503547,506093,50,2546,5,3600,1.01963864886
503548,503781,506278,233,2497,5,3600,1.09331197437
503784,503968,506493,184,2525,5,3600,1.07287128713
503802,503811,507530,9,3719,2,36000,1.00242000538
503855,503865,507308,10,3443,2,36000,1.0029044438
503950,503992,507333,42,3341,2,36000,1.0125710865
503966,504279,507795,313,3516,2,36000,1.08902161547
503982,504298,507852,316,3554,2,36000,1.08891389983
504269,504303,507942,34,3639,2,36000,1.00934322616
504305,504352,507051,47,2699,5,3600,1.01741385698
504356,504363,508036,7,3673,2,36000,1.00190579907
504367,504608,507032,241,2424,5,3600,1.09942244224
504409,504719,508415,310,3696,2,36000,1.08387445887
504583,504823,509126,240,4303,2,36000,1.05577504067
504599,504839,508310,240,3471,2,36000,1.06914433881
504815,504889,508269,74,3380,2,36000,1.02189349112
504831,504925,508516,94,3591,2,36000,1.02617655249
504881,504935,508319,54,3384,2,36000,1.01595744681
504927,504963,508924,36,3961,2,36000,1.00908861399
504929,505077,505079,148,2,2,3540,15.0
504953,505072,508816,119,3744,2,36000,1.03178418803
505072,505083,507556,11,2473,5,3600,1.00444803882
505083,505089,507658,6,2569,5,3600,1.00233553912
505094,505099,507901,5,2802,5,3600,1.00178443969
505104,505110,507766,6,2656,5,3600,1.00225903614
505115,505507,508003,392,2496,5,3600,1.15705128205
505219,505525,509430,306,3905,2,36000,1.07836107554
505496,505547,509011,51,3464,2,36000,1.01472286374
505516,505552,508975,36,3423,2,36000,1.01051709027
505555,505729,508169,174,2440,5,3600,1.07131147541
505560,505568,509123,8,3555,2,36000,1.00225035162
505590,505599,509035,9,3436,2,36000,1.0026193248
505633,505642,509376,9,3734,2,36000,1.00241028388
505652,505660,509153,8,3493,2,36000,1.00229029488
505675,505735,509318,60,3583,2,36000,1.01674574379
505720,505740,509311,20,3571,2,36000,1.00560067208
505739,505852,508397,113,2545,5,3600,1.04440078585
505852,505947,508386,95,2439,5,3600,1.0389503895
505944,506023,508554,79,2531,5,3600,1.0312129593
506004,506010,509283,6,3273,2,36000,1.00183318057
506019,506104,509343,85,3239,2,36000,1.02624266749
506097,506109,509966,12,3857,2,36000,1.00311122634
506108,506177,508548,69,2371,5,3600,1.02910164488
506133,506139,509949,6,3810,2,36000,1.00157480315
506180,506221,509856,41,3635,5,3600,1.01127922971
506207,506213,509904,6,3691,2,36000,1.00162557572
506221,506229,508802,8,2573,5,3600,1.00310921104
506222,506289,509872,67,3583,2,36000,1.0186994139
506287,506295,509538,8,3243,2,36000,1.00246685168
506293,506405,508820,112,2415,5,3600,1.04637681159
506310,506316,509667,6,3351,2,36000,1.0017905103
506332,506338,509688,6,3350,2,36000,1.00179104478
506406,506504,509140,98,2636,5,3600,1.03717754173
506434,506443,509877,9,3434,2,36000,1.00262085032
506451,506457,509928,6,3471,2,36000,1.00172860847
506467,506473,509975,6,3502,2,36000,1.00171330668
506509,507043,509872,534,2829,5,3600,1.1887592789
506655,506661,509918,6,3257,2,36000,1.00184218606
506681,506687,510096,6,3409,2,36000,1.00176004693
506712,506718,510431,6,3713,2,36000,1.00161594398
506803,506810,510287,7,3477,2,36000,1.0020132298
507040,507062,509639,22,2577,5,3600,1.0085370586
507061,507568,510112,507,2544,5,3600,1.19929245283
507309,507316,510748,7,3432,2,36000,1.00203962704
507334,507340,510622,6,3282,2,36000,1.00182815356
507532,507538,511050,6,3512,2,36000,1.00170842825
507572,507669,510172,97,2503,5,3600,1.03875349581
507674,507777,510318,103,2541,5,3600,1.04053522235
507777,507912,510701,135,2789,5,3600,1.04840444604
507797,507803,511611,6,3808,2,36000,1.00157563025
507853,507859,511449,6,3590,2,36000,1.00167130919
507911,507955,510353,44,2398,5,3600,1.01834862385
507943,508014,511321,71,3307,2,36000,1.02146960992
508013,508047,510447,34,2400,5,3600,1.01416666667
508042,508180,511779,138,3599,2,36000,1.03834398444
508177,508330,510749,153,2419,5,3600,1.06324927656
508269,508276,511641,7,3365,2,36000,1.00208023774
508312,508318,511970,6,3652,2,36000,1.00164293538
508328,508397,512069,69,3672,2,36000,1.01879084967
508393,508408,510875,15,2467,5,3600,1.00608025942
508404,508426,510995,22,2569,5,3600,1.00856364344
508420,508527,512083,107,3556,2,36000,1.03008998875
508521,508559,512105,38,3546,2,36000,1.01071630006
508557,508565,511691,8,3126,5,3600,1.00255918106
508568,508813,511524,245,2711,5,3600,1.09037255625
508813,508935,511349,122,2414,5,3600,1.05053852527
508821,508986,512804,165,3818,2,36000,1.04321634364
508926,509047,512467,121,3420,2,36000,1.03538011696
508982,509134,512662,152,3528,2,36000,1.04308390023
509014,509140,512696,126,3556,2,36000,1.03543307087
509037,509151,512416,114,3265,2,36000,1.03491577335
509125,509164,512707,39,3543,2,36000,1.01100762066
509142,509295,512743,153,3448,2,36000,1.04437354988
509160,509322,512658,162,3336,2,36000,1.04856115108
509287,509329,513049,42,3720,2,36000,1.01129032258
509313,509355,512831,42,3476,2,36000,1.01208285386
509330,509387,512916,57,3529,2,36000,1.01615188439
509347,509441,512798,94,3357,2,36000,1.02800119154
509381,509549,513251,168,3702,2,36000,1.0453808752
509431,509650,513350,219,3700,2,36000,1.05918918919
509539,509655,513237,116,3582,2,36000,1.03238414294
509653,509699,512316,46,2617,5,3600,1.01757737868
509669,509868,513863,199,3995,2,36000,1.04981226533
509692,509873,513538,181,3665,2,36000,1.04938608458
509878,509884,512569,6,2685,5,3600,1.00223463687
509881,509890,513596,9,3706,2,36000,1.00242849433
509882,509895,513813,13,3918,2,36000,1.0033180194
509899,510183,512650,284,2467,5,3600,1.11511957844
509905,509915,513985,10,4070,2,36000,1.00245700246
509922,509930,513603,8,3673,2,36000,1.00217805608
509938,509944,513396,6,3452,2,36000,1.00173812283
509955,509960,513440,5,3480,2,36000,1.00143678161
509970,509978,513537,8,3559,2,36000,1.00224782242
509988,509994,513528,6,3534,2,36000,1.00169779287
510080,510188,517607,108,7419,2,10800,1.01455721795
510096,510107,513427,11,3320,2,36000,1.00331325301
510186,510194,513827,8,3633,5,3600,1.00220203688
510196,510203,512670,7,2467,5,3600,1.0028374544
510207,510213,512674,6,2461,5,3600,1.00243803332
510218,510330,513713,112,3383,5,3600,1.03310671002
510230,512692,520347,2462,7655,2,10800,1.3216198563
510290,510298,513725,8,3427,2,36000,1.00233440327
510314,513064,520187,2750,7123,2,10800,1.38607328373
510330,510364,512841,34,2477,5,3600,1.01372628179
510362,510458,513085,96,2627,5,3600,1.03654358584
510434,510442,513813,8,3371,2,36000,1.00237318303
510454,510712,513285,258,2573,5,3600,1.10027205597
510625,510634,514440,9,3806,2,36000,1.00236468734
510710,510765,513324,55,2559,5,3600,1.02149277061
510717,512697,513822,1980,1125,1,10800,2.76
510751,510759,514262,8,3503,2,36000,1.00228375678
510761,510886,514063,125,3177,5,3600,1.0393452943
510777,512710,513814,1933,1104,1,10800,2.7509057971
510837,513262,514326,2425,1064,1,10800,3.27913533835
510884,511006,513365,122,2359,5,3600,1.05171682916
510888,513268,514361,2380,1093,1,10800,3.17749313815
510940,513340,514446,2400,1106,1,10800,3.16998191682
511007,511360,513877,353,2517,5,3600,1.14024632499
511053,511061,514637,8,3576,2,36000,1.00223713647
511324,511365,514688,41,3323,2,36000,1.01233824857
511365,511536,514045,171,2509,5,3600,1.06815464328
511451,511461,515363,10,3902,2,36000,1.00256278831
511539,511702,514397,163,2695,5,3600,1.06048237477
511613,511622,515255,9,3633,2,36000,1.00247729149
511644,511652,515340,8,3688,2,36000,1.0021691974
511703,511981,514582,278,2601,5,3600,1.10688196847
511779,512080,515728,301,3648,2,36000,1.08251096491
511973,512094,515819,121,3725,2,36000,1.03248322148
512072,512116,515809,44,3693,2,36000,1.01191443271
512087,512328,515990,241,3662,2,36000,1.06581103222
512107,512333,515912,226,3579,2,36000,1.0631461302
512337,512581,515716,244,3135,5,3600,1.07783094099
512420,512427,515606,7,3179,2,36000,1.0022019503
512474,512480,516295,6,3815,2,36000,1.00157273919
512582,512661,515217,79,2556,5,3600,1.03090766823
512661,512669,516435,8,3766,2,36000,1.00212426978
512675,512680,515310,5,2630,5,3600,1.00190114068
512677,512687,516410,10,3723,2,36000,1.00268600591
512685,512853,515429,168,2576,5,3600,1.0652173913
512698,512704,516387,6,3683,2,36000,1.00162910671
512715,512722,516012,7,3290,2,36000,1.00212765957
512747,512753,516215,6,3462,2,36000,1.00173310225
512804,512810,516364,6,3554,2,36000,1.0016882386
512806,512816,516430,10,3614,2,36000,1.00276701716
512837,512843,516184,6,3341,2,36000,1.0017958695
512849,513097,515601,248,2504,5,3600,1.09904153355
512922,512929,516639,7,3710,2,36000,1.00188679245
513052,513058,516700,6,3642,2,36000,1.00164744646
513095,513297,516160,202,2863,5,3600,1.07055536151
513241,513249,517029,8,3780,2,36000,1.00211640212
513259,513335,517069,76,3734,2,36000,1.0203535083
513330,513376,515913,46,2537,5,3600,1.01813165156
513350,513357,516903,7,3546,2,36000,1.00197405527
513372,513451,515978,79,2527,5,3600,1.03126236644
513397,513403,517050,6,3647,2,36000,1.00164518783
513430,513436,517061,6,3625,2,36000,1.00165517241
513449,513539,517230,90,3691,2,36000,1.02438363587
513531,513548,517187,17,3639,2,36000,1.00467161308
513546,513554,516985,8,3431,2,36000,1.00233168173
513546,513996,516435,450,2439,5,3600,1.18450184502
513548,513607,517233,59,3626,2,36000,1.01627137341
513603,513614,517027,11,3413,2,36000,1.00322297099
513618,513736,517076,118,3340,2,36000,1.03532934132
513727,513833,517700,106,3867,2,36000,1.02741143005
513815,513875,517982,60,4107,2,36000,1.0146092038
513817,514056,518343,239,4287,2,36000,1.05574994168
513864,514061,517208,197,3147,2,36000,1.06259930092
513986,514066,517519,80,3453,2,36000,1.02316825948
514067,514135,516592,68,2457,5,3600,1.02767602768
514139,514145,517781,6,3636,5,3600,1.00165016502
514149,514156,516788,7,2632,5,3600,1.00265957447
514160,514166,516712,6,2546,5,3600,1.00235663786
514171,514408,516994,237,2586,5,3600,1.09164733179
514263,514273,517490,10,3217,2,36000,1.00310848617
514406,514594,517090,188,2496,5,3600,1.07532051282
514443,514451,518049,8,3598,2,36000,1.00222345748
514590,515229,517652,639,2423,5,3600,1.26372265786
514641,514647,518042,6,3395,2,36000,1.00176730486
514690,514697,518152,7,3455,2,36000,1.0020260492
515234,515321,517827,87,2506,5,3600,1.03471667997
515256,515262,518945,6,3683,2,36000,1.00162910671
515326,515440,518113,114,2673,5,3600,1.04264870932
515344,515350,518766,6,3416,2,36000,1.00175644028
515366,515372,518957,6,3585,2,36000,1.00167364017
515439,515613,518262,174,2649,5,3600,1.06568516421
515607,515618,519190,11,3572,2,36000,1.00307950728
515623,515728,518185,105,2457,5,3600,1.04273504274
515726,515831,518401,105,2570,5,3600,1.04085603113
515731,515737,519363,6,3626,2,36000,1.00165471594
515813,515819,519405,6,3586,2,36000,1.00167317345
515828,515929,518285,101,2356,5,3600,1.04286926995
515829,515923,519624,94,3701,2,36000,1.02539854093
515912,515990,519642,78,3652,2,36000,1.02135815991
515991,515997,519418,6,3421,2,36000,1.00175387314
515992,516171,518713,179,2542,5,3600,1.07041699449
516014,516020,519273,6,3253,2,36000,1.00184445128
516166,516195,518632,29,2437,5,3600,1.0118998769
516188,516227,519510,39,3283,2,36000,1.01187937862
516217,516306,519679,89,3373,2,36000,1.02638600652
516297,516375,520086,78,3711,2,36000,1.02101859337
516366,516398,519803,32,3405,2,36000,1.0093979442
516389,516421,519728,32,3307,2,36000,1.00967644391
516414,516441,520207,27,3766,2,36000,1.00716941052
516433,516447,520068,14,3621,2,36000,1.00386633527
516442,516453,519028,11,2575,5,3600,1.00427184466
516449,516603,520090,154,3487,2,36000,1.04416403785
516606,516651,519175,45,2524,5,3600,1.01782884311
516643,516711,520446,68,3735,2,36000,1.01820615797
516702,516724,520001,22,3277,2,36000,1.00671345743
516729,516800,519668,71,2868,5,3600,1.02475592748
516801,517005,519471,204,2466,5,3600,1.08272506083
516904,516910,520484,6,3574,2,36000,1.00167879127
516989,516995,520825,6,3830,2,36000,1.00156657963
517006,517040,519417,34,2377,5,3600,1.01430374422
517027,517034,520759,7,3725,2,36000,1.00187919463
517037,517102,519663,65,2561,5,3600,1.02538071066
517043,517061,521103,18,4042,2,36000,1.00445324097
517061,517080,520481,19,3401,2,36000,1.00558659218
517063,517087,520328,24,3241,2,36000,1.00740512188
517079,517107,521081,28,3974,2,36000,1.00704579768
517080,517199,520526,119,3327,2,36000,1.03576795912
517191,517219,520733,28,3514,2,36000,1.00796812749
517210,517241,520734,31,3493,2,36000,1.00887489264
517232,517247,520706,15,3459,2,36000,1.00433651344
517249,517501,521082,252,3581,2,36000,1.07037140464
517494,517531,520982,37,3451,2,36000,1.01072152999
517523,517619,521318,96,3699,2,36000,1.02595296026
517619,517663,520160,44,2497,5,3600,1.01762114537
517660,518196,520923,536,2727,5,3600,1.19655298863
517704,517712,521431,8,3719,2,36000,1.00215111589
517986,518053,521936,67,3883,2,36000,1.01725469997
518044,518060,521909,16,3849,2,36000,1.00415692388
518059,518164,521733,105,3569,2,36000,1.0294200056
518153,518262,521841,109,3579,2,36000,1.03045543448
518263,518269,520970,6,2701,5,3600,1.00222139948
518274,518280,520836,6,2556,5,3600,1.00234741784
518284,518291,521100,7,2809,5,3600,1.00249199003
518295,518301,520930,6,2629,5,3600,1.00228223659
518306,518312,520912,6,2600,5,3600,1.00230769231
518316,518412,520912,96,2500,5,3600,1.0384
518344,518417,522192,73,3775,2,36000,1.01933774834
518419,518643,521416,224,2773,5,3600,1.08077893978
518644,518724,521301,80,2577,5,3600,1.03104384944
518726,519039,521563,313,2524,5,3600,1.12400950872
518767,518777,522123,10,3346,2,36000,1.00298864316
518948,518956,522661,8,3705,2,36000,1.00215924426
518966,519044,522506,78,3462,2,36000,1.02253032929
519189,519195,522737,6,3542,2,36000,1.00169395822
519276,519283,522867,7,3584,2,36000,1.001953125
519367,519373,522737,6,3364,2,36000,1.00178359096
519408,519414,522827,6,3413,2,36000,1.00175798418
519423,519429,522705,6,3276,2,36000,1.00183150183
519511,519517,522653,6,3136,2,36000,1.00191326531
519631,519636,523311,5,3675,2,36000,1.00136054422
519646,519652,523328,6,3676,2,36000,1.00163220892
519681,519687,523312,6,3625,2,36000,1.00165517241
519731,519737,523166,6,3429,2,36000,1.00174978128
519803,519809,523424,6,3615,2,36000,1.00165975104
520004,520011,523796,7,3785,2,36000,1.00184940555
520070,520077,523616,7,3539,2,36000,1.00197795988
520092,520098,523734,6,3636,2,36000,1.00165016502
520094,520104,523314,10,3210,2,36000,1.0031152648
520209,520216,523609,7,3393,2,36000,1.00206307103
520330,520336,523565,6,3229,2,36000,1.00185816042
520448,520454,523855,6,3401,2,36000,1.001764187
520483,520489,523859,6,3370,2,36000,1.00178041543
520499,520505,524645,6,4140,2,36000,1.00144927536
520527,520533,524214,6,3681,2,36000,1.00162999185
520709,520715,524470,6,3755,2,36000,1.00159786951
520739,520745,524173,6,3428,2,36000,1.00175029172
520740,520751,524197,11,3446,2,36000,1.00319210679
520766,520772,524371,6,3599,2,36000,1.00166712976
520826,520832,524516,6,3684,2,36000,1.0016286645
520987,520993,524714,6,3721,2,36000,1.00161246977
521085,521091,525103,6,4012,2,36000,1.00149551346
521086,521097,524714,11,3617,2,36000,1.00304119436
521104,521110,524754,6,3644,2,36000,1.00164654226
521321,521327,525001,6,3674,2,36000,1.00163309744
521432,521438,525189,6,3751,2,36000,1.00159957345
521734,521740,525481,6,3741,2,36000,1.00160384924
521841,521847,525458,6,3611,2,36000,1.00166158959
521909,521915,525496,6,3581,2,36000,1.00167550963
521937,521943,525959,6,4016,2,36000,1.0014940239
522124,522130,525611,6,3481,2,36000,1.00172364263
522200,522206,525995,6,3789,2,36000,1.00158353127
522509,522515,526180,6,3665,2,36000,1.00163710778
522656,522662,526072,6,3410,2,36000,1.00175953079
522672,522678,525846,6,3168,2,36000,1.00189393939
522707,522713,526137,6,3424,2,36000,1.00175233645
522739,522746,526331,7,3585,2,36000,1.0019525802
522741,522752,526357,11,3605,2,36000,1.00305131761
522830,522837,526494,7,3657,2,36000,1.00191413727
522869,522875,526586,6,3711,2,36000,1.00161681487
523168,523174,526914,6,3740,2,36000,1.00160427807
523318,523324,527013,6,3689,2,36000,1.00162645703
523320,523330,527215,10,3885,2,36000,1.00257400257
523321,523335,526799,14,3464,2,36000,1.00404157044
523340,523346,526444,6,3098,2,36000,1.00193673338
523427,523433,527078,6,3645,2,36000,1.00164609053
523567,523574,526831,7,3257,2,36000,1.00214921707
523615,523622,527252,7,3630,2,36000,1.00192837466
523633,523639,527403,6,3764,2,36000,1.00159404888
523735,523741,527293,6,3552,2,36000,1.00168918919
523797,523804,526973,7,3169,2,36000,1.00220889871
523860,523866,527440,6,3574,2,36000,1.00167879127
523862,523872,527222,10,3350,2,36000,1.00298507463
524180,524186,527669,6,3483,2,36000,1.00172265289
524200,524206,527837,6,3631,2,36000,1.00165243735
524216,524222,527548,6,3326,2,36000,1.00180396873
524372,524378,528097,6,3719,2,36000,1.00161333692
524474,524480,527793,6,3313,2,36000,1.00181104739
524518,524524,528174,6,3650,2,36000,1.00164383562
524647,524654,528003,7,3349,2,36000,1.00209017617
524716,524722,528243,6,3521,2,36000,1.00170406135
524718,524728,528527,10,3799,2,36000,1.00263227165
524757,524763,528351,6,3588,2,36000,1.0016722408
525004,525010,529177,6,4167,2,36000,1.00143988481
525106,525112,528450,6,3338,2,36000,1.00179748352
525191,525197,528874,6,3677,2,36000,1.00163176503
525460,525467,528986,7,3519,2,36000,1.00198920148
525482,525488,528955,6,3467,2,36000,1.00173060283
525498,525505,528801,7,3296,2,36000,1.00212378641
525614,525620,529026,6,3406,2,36000,1.00176159718
525848,525854,529275,6,3421,2,36000,1.00175387314
525959,525966,529146,7,3180,2,36000,1.00220125786
525998,526004,529708,6,3704,2,36000,1.00161987041
526074,526080,529800,6,3720,2,36000,1.00161290323
526141,526147,529564,6,3417,2,36000,1.00175592625
526182,526188,529646,6,3458,2,36000,1.001735107
526333,526339,529830,6,3491,2,36000,1.00171870524
526358,526364,529851,6,3487,2,36000,1.0017206768
526449,526455,530592,6,4137,2,36000,1.00145032632
526496,526502,529970,6,3468,2,36000,1.00173010381
526586,526592,530196,6,3604,2,36000,1.00166481687
526801,526807,530412,6,3605,2,36000,1.00166435506
526833,526839,530501,6,3662,2,36000,1.00163844894
526916,526922,530089,6,3167,2,36000,1.00189453742
526975,526982,530423,7,3441,2,36000,1.00203429236
527014,527020,530755,6,3735,2,36000,1.0016064257
527081,527086,530350,5,3264,2,36000,1.00153186275
527219,527225,530982,6,3757,2,36000,1.0015970189
527234,527240,530716,6,3476,2,36000,1.00172612198
527253,527259,530605,6,3346,2,36000,1.00179318589
527295,527301,530475,6,3174,2,36000,1.00189035917
527405,527411,530864,6,3453,2,36000,1.00173761946
527440,527447,530907,7,3460,2,36000,1.00202312139
527550,527556,530763,6,3207,2,36000,1.00187090739
527671,527677,531258,6,3581,2,36000,1.00167550963
527793,527800,531194,7,3394,2,36000,1.00206246317
527838,527844,531378,6,3534,2,36000,1.00169779287
528004,528010,531777,6,3767,2,36000,1.0015927794
528098,528104,531631,6,3527,2,36000,1.00170116246
528177,528183,531618,6,3435,2,36000,1.00174672489
528246,528252,532167,6,3915,2,36000,1.00153256705
528352,528358,531783,6,3425,2,36000,1.00175182482
528450,528456,532003,6,3547,2,36000,1.00169157034
528530,528537,531865,7,3328,2,36000,1.00210336538
528805,528811,532827,6,4016,2,36000,1.0014940239
528878,528884,532227,6,3343,2,36000,1.00179479509
528957,528963,532451,6,3488,2,36000,1.00172018349
528987,528993,532624,6,3631,2,36000,1.00165243735
529030,529036,532321,6,3285,2,36000,1.00182648402
529149,529155,532498,6,3343,2,36000,1.00179479509
529180,529186,532758,6,3572,2,36000,1.00167973124
529281,529287,532584,6,3297,2,36000,1.00181983621
529566,529572,533161,6,3589,2,36000,1.00167177487
529646,529652,533160,6,3508,2,36000,1.00171037628
529710,529716,533596,6,3880,2,36000,1.00154639175
529801,529807,533973,6,4166,2,36000,1.00144023044
529834,529840,533705,6,3865,2,36000,1.00155239327
529851,529857,533399,6,3542,2,36000,1.00169395822
529974,529981,533394,7,3413,2,36000,1.00205098154
530089,530095,533472,6,3377,2,36000,1.0017767249
530198,530204,533749,6,3545,2,36000,1.00169252468
530352,530358,533707,6,3349,2,36000,1.00179157958
530414,530420,533873,6,3453,2,36000,1.00173761946
530430,530436,534040,6,3604,2,36000,1.00166481687
530479,530486,533824,7,3338,2,36000,1.00209706411
530505,530511,534031,6,3520,2,36000,1.00170454545
530595,530601,534317,6,3716,2,36000,1.0016146394
530611,530617,534238,6,3621,2,36000,1.00165700083
530718,530724,534405,6,3681,2,36000,1.00162999185
530755,530761,534171,6,3410,2,36000,1.00175953079
530771,530777,534095,6,3318,2,36000,1.00180831826
530865,530871,534513,6,3642,2,36000,1.00164744646
530908,530914,534522,6,3608,2,36000,1.00166297118
530985,530991,534758,6,3767,2,36000,1.0015927794
531196,531203,534723,7,3520,2,36000,1.00198863636
531261,531267,535331,6,4064,2,36000,1.00147637795
531379,531386,535213,7,3827,2,36000,1.00182910896
531623,531629,535302,6,3673,2,36000,1.00163354206
531640,531646,534871,6,3225,2,36000,1.00186046512
531780,531786,535417,6,3631,2,36000,1.00165243735
531795,531801,535323,6,3522,2,36000,1.00170357751
531866,531873,535535,7,3662,2,36000,1.00191152376
532004,532010,535079,6,3069,2,36000,1.00195503421
532167,532173,535861,6,3688,2,36000,1.00162689805
532227,532234,535549,7,3315,2,36000,1.00211161388
532324,532330,535874,6,3544,2,36000,1.00169300226
532454,532461,536056,7,3595,2,36000,1.00194714882
532501,532507,535963,6,3456,2,36000,1.00173611111
532586,532592,536058,6,3466,2,36000,1.00173110214
532626,532632,536123,6,3491,2,36000,1.00171870524
532766,532773,536634,7,3861,2,36000,1.00181300181
532830,532837,536435,7,3598,2,36000,1.00194552529
533162,533168,536912,6,3744,2,36000,1.0016025641
533163,533174,536692,11,3518,2,36000,1.00312677658
533400,533406,536926,6,3520,2,36000,1.00170454545
533402,533412,537195,10,3783,2,36000,1.00264340471
533480,533486,536837,6,3351,2,36000,1.0017905103
533599,533605,537034,6,3429,2,36000,1.00174978128
533716,533722,537090,6,3368,2,36000,1.00178147268
533717,533728,537213,11,3485,2,36000,1.00315638451
533750,533757,537202,7,3445,2,36000,1.00203193033
533828,533834,537450,6,3616,2,36000,1.00165929204
533881,533887,537579,6,3692,2,36000,1.00162513543
533974,533980,537416,6,3436,2,36000,1.00174621653
534030,534036,537531,6,3495,2,36000,1.0017167382
534045,534051,537884,6,3833,2,36000,1.00156535351
534096,534102,537563,6,3461,2,36000,1.001733603
534173,534179,537902,6,3723,2,36000,1.00161160355
534240,534246,537970,6,3724,2,36000,1.00161117078
534320,534326,537840,6,3514,2,36000,1.00170745589
534407,534413,538148,6,3735,2,36000,1.0016064257
534514,534520,537949,6,3429,2,36000,1.00174978128
534529,534535,537942,6,3407,2,36000,1.00176108013
534724,534730,538408,6,3678,2,36000,1.00163132137
534759,534764,538345,5,3581,2,36000,1.00139625803
534874,534880,538392,6,3512,2,36000,1.00170842825
535082,535088,538667,6,3579,2,36000,1.00167644593
535089,535095,535225,6,130,1,1800,1.04615384615
535216,535222,538625,6,3403,2,36000,1.00176315016
535305,535311,539022,6,3711,2,36000,1.00161681487
535324,535330,538694,6,3364,2,36000,1.00178359096
535339,535345,538794,6,3449,2,36000,1.00173963468
535418,535424,539435,6,4011,2,36000,1.00149588631
535540,535546,539071,6,3525,2,36000,1.00170212766
535552,535558,535681,6,123,1,1800,1.0487804878
535555,535564,539371,9,3807,2,36000,1.00236406619
535866,535872,539075,6,3203,2,36000,1.00187324383
535883,535889,539680,6,3791,2,36000,1.00158269586
535966,535972,539519,6,3547,2,36000,1.00169157034
536060,536066,543023,6,6957,2,36000,1.00086244071
536061,536072,539599,11,3527,2,36000,1.00311879785
536125,536131,539666,6,3535,2,36000,1.00169731259
536370,536376,537002,6,626,1,1800,1.00958466454
536436,536442,539950,6,3508,2,36000,1.00171037628
536638,536644,541237,6,4593,2,36000,1.00130633573
536695,536702,540189,7,3487,2,36000,1.00200745627
536841,536847,540671,6,3824,2,36000,1.00156903766
536912,536918,540417,6,3499,2,36000,1.00171477565
536929,536935,540651,6,3716,2,36000,1.0016146394
537038,537044,540469,6,3425,2,36000,1.00175182482
537091,537097,540468,6,3371,2,36000,1.00177988727
537198,537204,540785,6,3581,2,36000,1.00167550963
537213,537219,540572,6,3353,2,36000,1.00178944229
537214,537225,540616,11,3391,2,36000,1.00324388086
537421,537427,540682,6,3255,2,36000,1.00184331797
537455,537461,540914,6,3453,2,36000,1.00173761946
537532,537538,541248,6,3710,2,36000,1.00161725067
537564,537571,541052,7,3481,2,36000,1.0020109164
537580,537586,541160,6,3574,2,36000,1.00167879127
537843,537849,541183,6,3334,2,36000,1.00179964007
537887,537894,541444,7,3550,2,36000,1.00197183099
537903,537909,541241,6,3332,2,36000,1.00180072029
537944,537950,541401,6,3451,2,36000,1.00173862649
537959,537965,541395,6,3430,2,36000,1.00174927114
537974,537980,541677,6,3697,2,36000,1.00162293752
538151,538157,541626,6,3469,2,36000,1.00172960507
538345,538351,541466,6,3115,2,36000,1.00192616372
538395,538401,541852,6,3451,2,36000,1.00173862649
538411,538418,541961,7,3543,2,36000,1.00197572679
538627,538633,542459,6,3826,2,36000,1.00156821746
538670,538676,542405,6,3729,2,36000,1.00160901046
538691,538697,538823,6,126,1,1800,1.04761904762
538697,538703,542129,6,3426,2,36000,1.00175131349
538726,538732,538791,6,59,1,1800,1.10169491525
538799,538805,542274,6,3469,2,36000,1.00172960507
539024,539030,542972,6,3942,2,36000,1.00152207002
539075,539081,542562,6,3481,2,36000,1.00172364263
539076,539087,542731,11,3644,2,36000,1.00301866081
539126,539132,539236,6,104,1,1800,1.05769230769
539176,539182,539323,6,141,1,1800,1.04255319149
539375,539381,543301,6,3920,2,36000,1.00153061224
539437,539444,543300,7,3856,2,36000,1.0018153527
539522,539528,543012,6,3484,2,36000,1.00172215844
539600,539606,542952,6,3346,2,36000,1.00179318589
539668,539673,543093,5,3420,2,36000,1.0014619883
539686,539692,543160,6,3468,2,36000,1.00173010381
539951,539957,543620,6,3663,2,36000,1.00163800164
540069,540075,540675,6,600,1,1800,1.01
540139,540146,540460,7,314,1,1800,1.02229299363
540193,540199,543817,6,3618,2,36000,1.00165837479
540418,540424,543928,6,3504,2,36000,1.00171232877
540470,540476,543746,6,3270,2,36000,1.00183486239
540471,540482,544284,11,3802,2,36000,1.0028932141
540577,540583,544375,6,3792,2,36000,1.00158227848
540618,540624,544022,6,3398,2,36000,1.00176574456
540653,540659,543926,6,3267,2,36000,1.00183654729
540675,540680,544204,5,3524,2,36000,1.00141884222
540690,540697,543976,7,3279,2,36000,1.00213479719
540791,540797,544206,6,3409,2,36000,1.00176004693
540916,540922,544508,6,3586,2,36000,1.00167317345
541052,541059,544222,7,3163,2,36000,1.00221308884
541161,541168,544846,7,3678,2,36000,1.00190320827
541187,541193,544704,6,3511,2,36000,1.00170891484
541240,541247,544716,7,3469,2,36000,1.00201787259
541256,541262,544710,6,3448,2,36000,1.00174013921
541257,541268,544984,11,3716,2,36000,1.00296017223
541398,541404,545421,6,4017,2,36000,1.00149365198
541413,541419,544672,6,3253,2,36000,1.00184445128
541445,541451,545126,6,3675,2,36000,1.00163265306
541467,541474,545229,7,3755,2,36000,1.00186418109
541628,541634,545314,6,3680,2,36000,1.00163043478
541679,541685,545146,6,3461,2,36000,1.001733603
541854,541860,545361,6,3501,2,36000,1.00171379606
541962,541968,545523,6,3555,2,36000,1.00168776371
542132,542138,545526,6,3388,2,36000,1.00177095632
542278,542284,545724,6,3440,2,36000,1.00174418605
542408,542414,545815,6,3401,2,36000,1.001764187
542461,542467,546374,6,3907,2,36000,1.00153570514
542565,542571,545944,6,3373,2,36000,1.0017788319
542645,542651,542710,6,59,1,1800,1.10169491525
542732,542738,546285,6,3547,2,36000,1.00169157034
542954,542960,546535,6,3575,2,36000,1.00167832168
542973,542979,546367,6,3388,2,36000,1.00177095632
543015,543022,546749,7,3727,2,36000,1.00187818621
543033,543040,546573,7,3533,2,36000,1.00198131899
543072,543078,543170,6,92,1,1800,1.0652173913
543096,543103,546981,7,3878,2,36000,1.00180505415
543161,543167,547017,6,3850,2,36000,1.00155844156
543304,543310,546965,6,3655,2,36000,1.00164158687
543305,543316,546737,11,3421,2,36000,1.00321543408
543620,543627,547184,7,3557,2,36000,1.00196795052
543749,543755,547321,6,3566,2,36000,1.00168255749
543823,543830,546763,7,2933,2,36000,1.00238663484
543931,543937,547642,6,3705,2,36000,1.0016194332
543932,543943,548126,11,4183,2,36000,1.00262969161
543980,543986,547619,6,3633,2,36000,1.00165152766
544027,544033,547639,6,3606,2,36000,1.00166389351
544212,544218,547825,6,3607,2,36000,1.00166343222
544213,544224,547790,11,3566,2,36000,1.00308468873
544231,544238,547751,7,3513,2,36000,1.00199259892
544233,544244,544571,11,327,1,1800,1.03363914373
544290,544296,548228,6,3932,2,36000,1.001525941
544377,544383,548329,6,3946,2,36000,1.00152052712
544510,544517,547892,7,3375,2,36000,1.00207407407
544675,544681,548580,6,3899,2,36000,1.00153885612
544706,544713,548217,7,3504,2,36000,1.00199771689
544722,544728,548200,6,3472,2,36000,1.0017281106
544723,544734,548130,11,3396,2,36000,1.00323910483
544847,544853,548309,6,3456,2,36000,1.00173611111
544986,544993,548369,7,3376,2,36000,1.00207345972
545129,545135,548609,6,3474,2,36000,1.00172711572
545147,545153,548818,6,3665,2,36000,1.00163710778
545232,545238,548728,6,3490,2,36000,1.00171919771
545314,545320,548887,6,3567,2,36000,1.00168208579
545364,545370,549044,6,3674,2,36000,1.00163309744
545423,545429,548889,6,3460,2,36000,1.00173410405
545525,545532,549148,7,3616,2,36000,1.00193584071
545541,545547,549293,6,3746,2,36000,1.00160170849
545726,545733,549130,7,3397,2,36000,1.00206064174
545818,545824,549219,6,3395,2,36000,1.00176730486
545945,545951,549743,6,3792,2,36000,1.00158227848
546285,546291,549722,6,3431,2,36000,1.00174876129
546370,546377,550027,7,3650,2,36000,1.00191780822
546386,546392,550270,6,3878,2,36000,1.00154718927
546535,546542,550058,7,3516,2,36000,1.00199089875
546576,546583,550091,7,3508,2,36000,1.001995439
546740,546747,550100,7,3353,2,36000,1.00208768267
546756,546762,550388,6,3626,2,36000,1.00165471594
546772,546778,550466,6,3688,2,36000,1.00162689805
546967,546974,550396,7,3422,2,36000,1.00204558738
546983,546989,550908,6,3919,2,36000,1.00153100281
547018,547024,550722,6,3698,2,36000,1.00162249865
547186,547193,550800,7,3607,2,36000,1.00194067092
547324,547330,551124,6,3794,2,36000,1.00158144439
547622,547629,551520,7,3891,2,36000,1.00179902339
547642,547648,551019,6,3371,2,36000,1.00177988727
547643,547654,550954,11,3300,2,36000,1.00333333333
547753,547759,551510,6,3751,2,36000,1.00159957345
547791,547797,551129,6,3332,2,36000,1.00180072029
547827,547833,551315,6,3482,2,36000,1.00172314762
547892,547898,551369,6,3471,2,36000,1.00172860847
548129,548135,551975,6,3840,2,36000,1.0015625
548145,548151,552132,6,3981,2,36000,1.00150715901
548201,548207,551996,6,3789,2,36000,1.00158353127
548217,548223,551962,6,3739,2,36000,1.00160470714
548233,548239,551460,6,3221,2,36000,1.00186277554
548313,548319,551996,6,3677,2,36000,1.00163176503
548332,548338,551666,6,3328,2,36000,1.00180288462
548369,548375,551892,6,3517,2,36000,1.00170599943
548583,548589,552206,6,3617,2,36000,1.00165883329
548611,548617,552146,6,3529,2,36000,1.00170019836
548732,548738,552236,6,3498,2,36000,1.00171526587
548822,548828,552272,6,3444,2,36000,1.00174216028
548892,548898,552116,6,3218,2,36000,1.00186451212
548894,548904,552684,10,3780,2,36000,1.00264550265
549049,549055,552732,6,3677,2,36000,1.00163176503
549131,549137,552639,6,3502,2,36000,1.00171330668
549150,549156,552696,6,3540,2,36000,1.00169491525
549219,549225,552856,6,3631,2,36000,1.00165243735
549297,549304,553007,7,3703,2,36000,1.00189035917
549301,549310,554642,9,5332,1,86400,1.00168792198
549726,549732,553024,6,3292,2,36000,1.00182260024
549747,549753,553476,6,3723,2,36000,1.00161160355
550030,550036,553591,6,3555,2,36000,1.00168776371
550059,550065,553236,6,3171,2,36000,1.00189214759
550096,550102,553345,6,3243,2,36000,1.00185013876
550113,550119,553853,6,3734,2,36000,1.00160685592
550272,550278,553775,6,3497,2,36000,1.00171575636
550391,550397,554147,6,3750,2,36000,1.0016
550406,550413,553816,7,3403,2,36000,1.00205700852
550469,550475,553986,6,3511,2,36000,1.00170891484
550725,550731,554193,6,3462,2,36000,1.00173310225
550809,550815,554631,6,3816,2,36000,1.00157232704
550910,550916,554212,6,3296,2,36000,1.00182038835
550957,550963,554384,6,3421,2,36000,1.00175387314
551029,551036,554824,7,3788,2,36000,1.00184794087
551129,551135,554589,6,3454,2,36000,1.00173711639
551131,551141,554461,10,3320,2,36000,1.00301204819
551322,551328,554853,6,3525,2,36000,1.00170212766
551373,551379,554581,6,3202,2,36000,1.00187382886
551461,551467,555355,6,3888,2,36000,1.00154320988
551513,551519,554743,6,3224,2,36000,1.00186104218
551528,551534,555217,6,3683,2,36000,1.00162910671
551669,551675,554810,6,3135,2,36000,1.0019138756
551895,551902,555625,7,3723,2,36000,1.00188020414
551967,551973,555301,6,3328,2,36000,1.00180288462
551982,551988,555827,6,3839,2,36000,1.00156290701
551999,552006,555587,7,3581,2,36000,1.00195476124
552001,552012,555517,11,3505,2,36000,1.00313837375
552118,552125,556042,7,3917,2,36000,1.00178708195
552136,552142,555377,6,3235,2,36000,1.00185471406
552152,552158,556093,6,3935,2,36000,1.00152477764
552208,552214,555711,6,3497,2,36000,1.00171575636
552238,552244,555795,6,3551,2,36000,1.00168966488
552275,552281,556057,6,3776,2,36000,1.00158898305
552641,552648,556282,7,3634,2,36000,1.00192625206
552686,552692,555772,6,3080,2,36000,1.00194805195
552702,552707,556377,5,3670,2,36000,1.00136239782
552735,552741,556311,6,3570,2,36000,1.00168067227
552806,552812,555361,6,2549,5,3600,1.00235386426
552816,552823,555476,7,2653,5,3600,1.00263852243
552827,552834,555415,7,2581,5,3600,1.00271212708
552838,552844,555391,6,2547,5,3600,1.0023557126
552849,552855,555464,6,2609,5,3600,1.0022997317
552857,552863,556472,6,3609,2,36000,1.00166251039
552860,552869,555518,9,2649,5,3600,1.00339750849
552909,552915,556822,6,3907,2,36000,1.00153570514
552910,552921,556545,11,3624,2,36000,1.00303532009
552911,552926,556293,15,3367,2,36000,1.00445500446
552913,552931,556334,18,3403,2,36000,1.00528945048
552914,552936,556686,22,3750,2,36000,1.00586666667
552915,552942,556626,27,3684,2,36000,1.00732899023
552917,552948,556127,31,3179,2,36000,1.00975149418
552918,552953,556751,35,3798,2,36000,1.00921537651
552919,552958,556600,39,3642,2,36000,1.01070840198
552921,552963,556621,42,3658,2,36000,1.01148168398
552922,552969,556216,47,3247,2,36000,1.01447489991
552923,552974,556740,51,3766,2,36000,1.01354221986
552924,552979,556512,55,3533,2,36000,1.01556750637
552926,552984,556600,58,3616,2,36000,1.01603982301
552927,552989,556527,62,3538,2,36000,1.01752402487
552928,552994,556452,66,3458,2,36000,1.01908617698
552930,553000,556595,70,3595,2,36000,1.01947148818
552931,553005,556519,74,3514,2,36000,1.02105862265
552932,553010,556552,78,3542,2,36000,1.0220214568
552934,553015,556272,81,3257,2,36000,1.02486951182
552935,553020,556498,85,3478,2,36000,1.02443933295
552936,553025,556607,89,3582,2,36000,1.02484645449
552938,553030,556609,92,3579,2,36000,1.02570550433
552939,553036,556444,97,3408,2,36000,1.02846244131
552940,553041,556711,101,3670,2,36000,1.02752043597
552941,553046,556622,105,3576,2,36000,1.02936241611
552943,553052,556654,109,3602,2,36000,1.03026096613
552944,553057,556296,113,3239,2,36000,1.0348873109
552945,553062,556250,117,3188,2,36000,1.03670012547
552947,553068,556697,121,3629,2,36000,1.0333425186
553009,553073,556692,64,3619,2,36000,1.01768444322
553025,553078,556580,53,3502,2,36000,1.01513420902
553237,553243,556786,6,3543,2,36000,1.0016934801
553347,553354,556385,7,3031,2,36000,1.00230946882
553480,553486,557151,6,3665,2,36000,1.00163710778
553594,553600,557509,6,3909,2,36000,1.00153491942
553781,553787,557484,6,3697,2,36000,1.00162293752
553820,553826,558303,6,4477,2,36000,1.00134018316
553853,553859,557050,6,3191,2,36000,1.00188028831
553989,553995,557656,6,3661,2,36000,1.00163889648
554150,554156,557689,6,3533,2,36000,1.00169827342
554198,554204,557723,6,3519,2,36000,1.00170502984
554215,554221,557877,6,3656,2,36000,1.00164113786
554389,554394,558038,5,3644,2,36000,1.00137211855
554466,554472,558096,6,3624,2,36000,1.00165562914
554559,554565,554566,6,1,1,288000,1.0
554587,554593,557996,6,3403,2,36000,1.00176315016
554604,554610,558207,6,3597,2,36000,1.00166805671
554624,554630,554648,6,18,1,288000,1.33333333333
554635,554641,558219,6,3578,2,36000,1.00167691448
554747,554753,558478,6,3725,2,36000,1.00161073826
554812,554818,557782,6,2964,2,36000,1.0020242915
554828,554834,558489,6,3655,2,36000,1.00164158687
554858,554864,558662,6,3798,2,36000,1.00157977883
554942,554948,556883,6,1935,1,288000,1.00310077519
555218,555225,559172,7,3947,2,36000,1.00177349886
555304,555310,558364,6,3054,2,36000,1.00196463654
555357,555363,559275,6,3912,2,36000,1.00153374233
555380,555386,558528,6,3142,2,36000,1.00190961171
555520,555526,559104,6,3578,2,36000,1.00167691448
555588,555593,558997,5,3404,2,36000,1.00146886016
555626,555632,559178,6,3546,2,36000,1.00169204738
555713,555720,559267,7,3547,2,36000,1.00197349873
555777,555783,560335,6,4552,2,36000,1.00131810193
555799,555805,559424,6,3619,2,36000,1.00165791655
555830,555837,559841,7,4004,2,36000,1.00174825175
556044,556050,560039,6,3989,2,36000,1.00150413638
556059,556065,559752,6,3687,2,36000,1.0016273393
556098,556104,559476,6,3372,2,36000,1.00177935943
556131,556137,559627,6,3490,2,36000,1.00171919771
556218,556224,560075,6,3851,2,36000,1.00155803687
556252,556258,559739,6,3481,2,36000,1.00172364263
556275,556281,559690,6,3409,2,36000,1.00176004693
556291,556298,559870,7,3572,2,36000,1.00195968645
556310,556316,560050,6,3734,2,36000,1.00160685592
556312,556322,559788,10,3466,2,36000,1.00288517023
556327,556334,559955,7,3621,2,36000,1.00193316763
556343,556349,559788,6,3439,2,36000,1.00174469322
556380,556386,559705,6,3319,2,36000,1.00180777343
556396,556402,560010,6,3608,2,36000,1.00166297118
556446,556453,560059,7,3606,2,36000,1.0019412091
556463,556469,559801,6,3332,2,36000,1.00180072029
556479,556485,559700,6,3215,2,36000,1.00186625194
556501,556507,560058,6,3551,2,36000,1.00168966488
556519,556525,560461,6,3936,2,36000,1.00152439024
556520,556531,559930,11,3399,2,36000,1.00323624595
556537,556543,559995,6,3452,2,36000,1.00173812283
556554,556560,560286,6,3726,2,36000,1.00161030596
556556,556566,559978,10,3412,2,36000,1.00293083236
556582,556589,560413,7,3824,2,36000,1.00183054393
556603,556609,560624,6,4015,2,36000,1.00149439601
556604,556615,559916,11,3301,2,36000,1.00333232354
556605,556620,560502,15,3882,2,36000,1.00386398764
556626,556632,560193,6,3561,2,36000,1.00168491997
556627,556638,560135,11,3497,2,36000,1.00314555333
556629,556643,560238,14,3595,2,36000,1.00389429764
556630,556648,560248,18,3600,2,36000,1.005
556631,556654,560531,23,3877,2,36000,1.00593242198
556660,556666,560134,6,3468,2,36000,1.00173010381
556687,556693,559923,6,3230,2,36000,1.00185758514
556705,556711,560099,6,3388,2,36000,1.00177095632
556706,556717,560286,11,3569,2,36000,1.00308209583
556722,556728,560256,6,3528,2,36000,1.00170068027
556741,556747,560707,6,3960,2,36000,1.00151515152
556757,556763,560477,6,3714,2,36000,1.00161550889
556787,556793,560735,6,3942,2,36000,1.00152207002
556826,556832,560105,6,3273,2,36000,1.00183318057
557053,557059,560303,6,3244,2,36000,1.00184956843
557153,557159,560764,6,3605,2,36000,1.00166435506
557485,557491,561299,6,3808,2,36000,1.00157563025
557511,557517,560787,6,3270,2,36000,1.00183486239
557659,557665,561126,6,3461,2,36000,1.001733603
557691,557697,561402,6,3705,2,36000,1.0016194332
557726,557732,561084,6,3352,2,36000,1.00178997613
557783,557789,561179,6,3390,2,36000,1.0017699115
557794,557801,557811,7,10,2,10800,1.7
557880,557886,561376,6,3490,2,36000,1.00171919771
557951,557957,563370,6,5413,2,10800,1.00110844264
557997,558003,561689,6,3686,2,36000,1.00162778079
558040,558046,561982,6,3936,2,36000,1.00152439024
558099,558105,561600,6,3495,2,36000,1.0017167382
558102,558116,563473,14,5357,2,10800,1.00261340302
558184,558190,563457,6,5267,2,10800,1.00113916841
558198,558204,563509,6,5305,2,10800,1.00113100848
558213,558219,561582,6,3363,2,36000,1.00178412132
558229,558235,561665,6,3430,2,36000,1.00174927114
558245,558251,563516,6,5265,2,10800,1.00113960114
558262,558316,563669,54,5353,2,10800,1.01008780123
558304,558310,561704,6,3394,2,36000,1.00176782557
558366,558373,561655,7,3282,2,36000,1.00213284583
558481,558487,562081,6,3594,2,36000,1.00166944908
558498,558504,562342,6,3838,2,36000,1.00156331423
558530,558536,562013,6,3477,2,36000,1.00172562554
558664,558670,562028,6,3358,2,36000,1.00178677784
558999,559005,562720,6,3715,2,36000,1.00161507402
559103,559109,562705,6,3596,2,36000,1.00166852058
559176,559182,562582,6,3400,2,36000,1.00176470588
559201,559208,562834,7,3626,2,36000,1.00193050193
559269,559275,562893,6,3618,2,36000,1.00165837479
559285,559291,562917,6,3626,2,36000,1.00165471594
559426,559432,563135,6,3703,2,36000,1.00162030786
559481,559487,563090,6,3603,2,36000,1.00166527893
559630,559636,563213,6,3577,2,36000,1.00167738328
559696,559701,563356,5,3655,2,36000,1.00136798906
559712,559718,563634,6,3916,2,36000,1.00153217569
559713,559724,562981,11,3257,2,36000,1.00337734111
559747,559753,563450,6,3697,2,36000,1.00162293752
559763,559769,563441,6,3672,2,36000,1.00163398693
559791,559797,563581,6,3784,2,36000,1.00158562368
559792,559803,563310,11,3507,2,36000,1.00313658397
559811,559817,563260,6,3443,2,36000,1.00174266628
559844,559850,563507,6,3657,2,36000,1.00164068909
559872,559878,563435,6,3557,2,36000,1.00168681473
559921,559927,563540,6,3613,2,36000,1.0016606698
559940,559946,563650,6,3704,2,36000,1.00161987041
559942,559952,563427,10,3475,2,36000,1.00287769784
559957,559964,563460,7,3496,2,36000,1.00200228833
559980,559986,563880,6,3894,2,36000,1.00154083205
560004,560010,563451,6,3441,2,36000,1.00174367916
560021,560027,563516,6,3489,2,36000,1.00171969046
560044,560051,563365,7,3314,2,36000,1.00211225106
560063,560069,563901,6,3832,2,36000,1.001565762
560064,560075,563324,11,3249,2,36000,1.00338565713
560065,560080,563560,15,3480,2,36000,1.00431034483
560085,560091,563409,6,3318,2,36000,1.00180831826
560102,560108,563633,6,3525,2,36000,1.00170212766
560117,560124,563595,7,3471,2,36000,1.00201670988
560137,560143,563696,6,3553,2,36000,1.00168871376
560138,560149,563715,11,3566,2,36000,1.00308468873
560196,560202,563746,6,3544,2,36000,1.00169300226
560242,560249,563756,7,3507,2,36000,1.00199600798
560258,560264,563899,6,3635,2,36000,1.00165061898
560259,560270,563806,11,3536,2,36000,1.00311085973
560295,560301,564300,6,3999,2,36000,1.00150037509
560297,560307,563579,10,3272,2,36000,1.00305623472
560316,560323,564026,7,3703,2,36000,1.00189035917
560335,560341,563674,6,3333,2,36000,1.00180018002
560418,560424,564283,6,3859,2,36000,1.00155480694
560463,560469,564078,6,3609,2,36000,1.00166251039
560481,560488,563726,7,3238,2,36000,1.00216182829
560504,560510,564440,6,3930,2,36000,1.00152671756
560534,560540,563950,6,3410,2,36000,1.00175953079
560625,560631,563969,6,3338,2,36000,1.00179748352
560710,560717,564447,7,3730,2,36000,1.0018766756
560737,560744,564242,7,3498,2,36000,1.00200114351
560767,560773,564506,6,3733,2,36000,1.00160728636
560789,560795,564412,6,3617,2,36000,1.00165883329
561085,561092,564401,7,3309,2,36000,1.00211544273
561130,561136,564878,6,3742,2,36000,1.00160342063
561183,561190,564760,7,3570,2,36000,1.00196078431
561302,561308,564787,6,3479,2,36000,1.00172463352
561377,561384,564633,7,3249,2,36000,1.00215450908
561403,561409,565060,6,3651,2,36000,1.00164338537
561508,561514,565311,6,3797,2,36000,1.00158019489
561509,561520,565424,11,3904,2,36000,1.00281762295
561511,561525,564811,14,3286,2,36000,1.00426049909
561512,561530,564810,18,3280,2,36000,1.00548780488
561513,561535,564838,22,3303,2,36000,1.00666061157
561514,561541,565120,27,3579,2,36000,1.00754400671
561516,561547,564872,31,3325,2,36000,1.00932330827
561517,561552,565196,35,3644,2,36000,1.00960482986
561519,561557,564878,38,3321,2,36000,1.01144233665
561520,561562,565169,42,3607,2,36000,1.01164402551
561584,561590,564819,6,3229,2,36000,1.00185816042
561605,561611,565185,6,3574,2,36000,1.00167879127
561659,561665,565001,6,3336,2,36000,1.00179856115
561675,561681,565185,6,3504,2,36000,1.00171232877
561691,561697,564986,6,3289,2,36000,1.00182426269
561708,561715,565299,7,3584,2,36000,1.001953125
561984,561990,565608,6,3618,2,36000,1.00165837479
562014,562020,565429,6,3409,2,36000,1.00176004693
562030,562036,565422,6,3386,2,36000,1.00177200236
562082,562088,565700,6,3612,2,36000,1.00166112957
562345,562351,565875,6,3524,2,36000,1.00170261067
562585,562591,565827,6,3236,2,36000,1.00185414091
562708,562715,566598,7,3883,2,36000,1.00180272985
562724,562731,566266,7,3535,2,36000,1.00198019802
562836,562842,566373,6,3531,2,36000,1.00169923534
562896,562902,566537,6,3635,2,36000,1.00165061898
562920,562926,566274,6,3348,2,36000,1.0017921147
562985,562991,566400,6,3409,2,36000,1.00176004693
563095,563101,566635,6,3534,2,36000,1.00169779287
563138,563144,566698,6,3554,2,36000,1.0016882386
563215,563221,566898,6,3677,2,36000,1.00163176503
563263,563269,566871,6,3602,2,36000,1.00166574125
563313,563319,566737,6,3418,2,36000,1.00175541252
563329,563335,567009,6,3674,2,36000,1.00163309744
563365,563371,566845,6,3474,2,36000,1.00172711572
563382,563388,566645,6,3257,2,36000,1.00184218606
563420,563426,566756,6,3330,2,36000,1.0018018018
563444,563450,566981,6,3531,2,36000,1.00169923534
563446,563456,566827,10,3371,2,36000,1.00296647879
563447,563461,567054,14,3593,2,36000,1.00389646535
563468,563475,567153,7,3678,2,36000,1.00190320827
563470,563481,567181,11,3700,2,36000,1.00297297297
563471,563486,566977,15,3491,2,36000,1.00429676311
563511,563517,567121,6,3604,2,36000,1.00166481687
563528,563534,566945,6,3411,2,36000,1.00175901495
563547,563554,567285,7,3731,2,36000,1.00187617261
563573,563580,566881,7,3301,2,36000,1.00212056952
563591,563597,567405,6,3808,2,36000,1.00157563025
563592,563603,567421,11,3818,2,36000,1.00288108958
563610,563616,567646,6,4030,2,36000,1.00148883375
563644,563650,567397,6,3747,2,36000,1.00160128102
563646,563656,567157,10,3501,2,36000,1.00285632676
563664,563670,567172,6,3502,2,36000,1.00171330668
563682,563688,567280,6,3592,2,36000,1.00167037862
563700,563706,567337,6,3631,2,36000,1.00165243735
563719,563725,567227,6,3502,2,36000,1.00171330668
563735,563741,567450,6,3709,2,36000,1.00161768671
563748,563754,599693,6,35939,1,36000,1.00016694955
563753,563760,567413,7,3653,2,36000,1.00191623323
563770,563777,567173,7,3396,2,36000,1.00206124853
563812,563818,567762,6,3944,2,36000,1.00152129817
563864,564095,566552,231,2457,1,36000,1.09401709402
563893,563899,567320,6,3421,2,36000,1.00175387314
563904,564100,591861,196,27761,1,36000,1.0070602644
563910,563916,567324,6,3408,2,36000,1.00176056338
563911,563922,567323,11,3401,2,36000,1.00323434284
563957,563963,567643,6,3680,2,36000,1.00163043478
563982,563988,567579,6,3591,2,36000,1.00167084378
564033,564039,567777,6,3738,2,36000,1.00160513644
564082,564088,567720,6,3632,2,36000,1.00165198238
564245,564251,567949,6,3698,2,36000,1.00162249865
564275,564295,592073,20,27778,1,36000,1.00071999424
564283,564289,567869,6,3580,2,36000,1.00167597765
564302,564308,568083,6,3775,2,36000,1.00158940397
564361,564367,565764,6,1397,1,36000,1.00429491768
564404,564410,568013,6,3603,2,36000,1.00166527893
564420,564426,567972,6,3546,2,36000,1.00169204738
564443,564449,567985,6,3536,2,36000,1.00169683258
564458,564464,581354,6,16890,1,36000,1.00035523979
564459,564470,567889,11,3419,2,36000,1.003217315
564505,564511,600514,6,36003,1,36000,1.00016665278
564509,564517,567808,8,3291,2,36000,1.00243087208
564635,564642,567957,7,3315,2,36000,1.00211161388
564763,564769,568367,6,3598,2,36000,1.00166759311
564788,564794,568106,6,3312,2,36000,1.0018115942
564794,564800,567877,6,3077,1,36000,1.00194995125
564812,564818,568247,6,3429,2,36000,1.00174978128
564813,564824,568138,11,3314,2,36000,1.00331925166
564829,564835,568320,6,3485,2,36000,1.00172166428
564833,564841,588312,8,23471,1,36000,1.00034084615
564844,564850,569065,6,4215,2,36000,1.00142348754
564873,564879,568503,6,3624,2,36000,1.00165562914
564890,564897,568205,7,3308,2,36000,1.00211608222
564892,564902,568347,10,3445,2,36000,1.00290275762
564901,565327,590945,426,25618,1,36000,1.01662893278
564948,565074,566464,126,1390,2,3600,1.09064748201
564986,564992,568530,6,3538,2,36000,1.00169587337
565002,565008,568582,6,3574,2,36000,1.00167879127
565061,565068,568817,7,3749,2,36000,1.00186716458
565124,565130,568597,6,3467,2,36000,1.00173060283
565172,565178,568836,6,3658,2,36000,1.00164024057
565190,565196,568584,6,3388,2,36000,1.00177095632
565192,565202,568835,10,3633,2,36000,1.00275254611
565208,565214,569147,6,3933,2,36000,1.00152555301
565300,565306,568614,6,3308,2,36000,1.00181378476
565315,565321,568890,6,3569,2,36000,1.00168114318
565423,565429,568760,6,3331,2,36000,1.00180126088
565440,565446,568868,6,3422,2,36000,1.00175336061
565442,565452,568863,10,3411,2,36000,1.00293169159
565613,565619,569484,6,3865,2,36000,1.00155239327
565654,565711,568522,57,2811,2,7200,1.02027748132
565706,565716,569265,10,3549,2,36000,1.00281769513
565827,565833,569059,6,3226,2,36000,1.00185988841
565876,565882,569259,6,3377,2,36000,1.0017767249
566269,566275,569887,6,3612,2,36000,1.00166112957
566285,566291,569795,6,3504,2,36000,1.00171232877
566374,566381,569874,7,3493,2,36000,1.00200400802
566403,566409,570056,6,3647,2,36000,1.00164518783
566462,566468,567848,6,1380,2,3600,1.00434782609
566538,566544,570195,6,3651,2,36000,1.00164338537
566600,566607,569940,7,3333,2,36000,1.00210021002
566620,566626,568015,6,1389,2,3600,1.00431965443
566639,566651,568064,12,1413,2,3600,1.008492569
566640,566645,570397,5,3752,2,36000,1.0013326226
566656,566662,570131,6,3469,2,36000,1.00172960507
566699,566705,570092,6,3387,2,36000,1.00177147919
566702,566711,568109,9,1398,2,3600,1.00643776824
566711,566752,566765,41,13,2,3600,4.15384615385
566740,566746,570060,6,3314,2,36000,1.00181050091
566761,566767,570401,6,3634,2,36000,1.0016510732
566831,566836,570471,5,3635,2,36000,1.00137551582
566847,566853,569988,6,3135,2,36000,1.0019138756
566872,566879,570714,7,3835,2,36000,1.00182529335
566890,566896,570237,6,3341,2,36000,1.0017958695
566905,566912,570157,7,3245,2,36000,1.00215716487
566947,566953,570483,6,3530,2,36000,1.00169971671
566982,566988,570285,6,3297,2,36000,1.00181983621
566983,566994,570604,11,3610,2,36000,1.00304709141
567011,567017,570713,6,3696,2,36000,1.00162337662
567057,567063,570760,6,3697,2,36000,1.00162293752
567123,567129,570714,6,3585,2,36000,1.00167364017
567157,567163,572335,6,5172,2,36000,1.00116009281
567158,567169,570554,11,3385,2,36000,1.00324963072
567177,567183,570920,6,3737,2,36000,1.00160556596
567178,567189,570729,11,3540,2,36000,1.00310734463
567195,567201,571066,6,3865,2,36000,1.00155239327
567229,567235,571255,6,4020,2,36000,1.00149253731
567283,567289,570665,6,3376,2,36000,1.00177725118
567298,567304,570792,6,3488,2,36000,1.00172018349
567321,567328,570700,7,3372,2,36000,1.00207591934
567338,567345,571172,7,3827,2,36000,1.00182910896
567340,567351,570620,11,3269,2,36000,1.00336494341
567341,567356,570787,15,3431,2,36000,1.00437190324
567401,567407,570652,6,3245,2,36000,1.00184899846
567419,567425,570803,6,3378,2,36000,1.00177619893
567420,567431,571012,11,3581,2,36000,1.00307176766
567437,567443,571143,6,3700,2,36000,1.00162162162
567438,567464,567473,26,9,2,3600,3.5
567452,567458,570720,6,3262,2,36000,1.00183936235
567580,567586,571050,6,3464,2,36000,1.00173210162
567645,567652,571132,7,3480,2,36000,1.00201149425
567661,567667,571295,6,3628,2,36000,1.00165380375
567723,567730,571417,7,3687,2,36000,1.00189856252
567764,567771,571197,7,3426,2,36000,1.00204319907
567780,567786,571392,6,3606,2,36000,1.00166389351
567810,567816,571156,6,3340,2,36000,1.00179640719
567872,567878,571032,6,3154,2,36000,1.00190234623
567892,567898,571946,6,4048,2,36000,1.00148221344
567951,567961,571730,10,3769,2,36000,1.00265322367
567967,567973,571658,6,3685,2,36000,1.00162822252
567985,567991,571710,6,3719,2,36000,1.00161333692
567986,567997,571708,11,3711,2,36000,1.0029641606
568016,568023,571760,7,3737,2,36000,1.00187316029
568088,568094,571610,6,3516,2,36000,1.00170648464
568092,568100,568117,8,17,2,3600,1.47058823529
568109,568115,571560,6,3445,2,36000,1.00174165457
568142,568148,571653,6,3505,2,36000,1.00171184023
568209,568215,571629,6,3414,2,36000,1.00175746924
568251,568257,572009,6,3752,2,36000,1.00159914712
568329,568335,571900,6,3565,2,36000,1.00168302945
568353,568358,571966,5,3608,2,36000,1.00138580931
568368,568374,571940,6,3566,2,36000,1.00168255749
568504,568510,572246,6,3736,2,36000,1.00160599572
568529,568535,569951,6,1416,2,3600,1.00423728814
568533,568541,572218,8,3677,2,36000,1.0021756867
568583,568589,571964,6,3375,2,36000,1.00177777778
568603,568608,572066,5,3458,2,36000,1.0014459225
568604,568614,572279,10,3665,2,36000,1.00272851296
568620,568626,572057,6,3431,2,36000,1.00174876129
568761,568767,572304,6,3537,2,36000,1.00169635284
568818,568824,572430,6,3606,2,36000,1.00166389351
568841,568847,572399,6,3552,2,36000,1.00168918919
568843,568853,572299,10,3446,2,36000,1.00290191526
568866,568872,575033,6,6161,2,36000,1.00097386788
568884,568890,572371,6,3481,2,36000,1.00172364263
568903,568909,572340,6,3431,2,36000,1.00174876129
569062,569069,572716,7,3647,2,36000,1.0019193858
569078,569085,572599,7,3514,2,36000,1.00199203187
569152,569158,572962,6,3804,2,36000,1.00157728707
569262,569268,572964,6,3696,2,36000,1.00162337662
569278,569284,572563,6,3279,2,36000,1.00182982617
569487,569493,572871,6,3378,2,36000,1.00177619893
569798,569804,573105,6,3301,2,36000,1.00181763102
569879,569885,573336,6,3451,2,36000,1.00173862649
569897,569903,573500,6,3597,2,36000,1.00166805671
569943,569949,573538,6,3589,2,36000,1.00167177487
569990,569996,573286,6,3290,2,36000,1.00182370821
570058,570064,573360,6,3296,2,36000,1.00182038835
570073,570080,573227,7,3147,2,36000,1.00222434064
570096,570102,573415,6,3313,2,36000,1.00181104739
570132,570139,573828,7,3689,2,36000,1.00189753321
570161,570167,573433,6,3266,2,36000,1.00183710961
570195,570202,573728,7,3526,2,36000,1.00198525241
570241,570248,573976,7,3728,2,36000,1.0018776824
570285,570292,573899,7,3607,2,36000,1.00194067092
570401,570407,573966,6,3559,2,36000,1.00168586682
570402,570413,574053,11,3640,2,36000,1.00302197802
570477,570482,573958,5,3476,2,36000,1.00143843498
570492,570498,574218,6,3720,2,36000,1.00161290323
570556,570562,574083,6,3521,2,36000,1.00170406135
570606,570612,574181,6,3569,2,36000,1.00168114318
570622,570628,574201,6,3573,2,36000,1.00167926113
570654,570660,573975,6,3315,2,36000,1.00180995475
570670,570676,574310,6,3634,2,36000,1.0016510732
570700,570706,574127,6,3421,2,36000,1.00175387314
570716,570722,574306,6,3584,2,36000,1.00167410714
570717,570728,574071,11,3343,2,36000,1.00329045767
570719,570733,574376,14,3643,2,36000,1.00384298655
570737,570744,574120,7,3376,2,36000,1.00207345972
570739,570750,574404,11,3654,2,36000,1.00301039956
570762,570768,574337,6,3569,2,36000,1.00168114318
570789,570795,574234,6,3439,2,36000,1.00174469322
570806,570812,574683,6,3871,2,36000,1.00154998708
570807,570818,574531,11,3713,2,36000,1.00296256396
570923,570929,574599,6,3670,2,36000,1.00163487738
571014,571020,574538,6,3518,2,36000,1.0017055145
571036,571042,574861,6,3819,2,36000,1.00157109191
571058,571064,574701,6,3637,2,36000,1.0016497113
571077,571083,574513,6,3430,2,36000,1.00174927114
571137,571143,574492,6,3349,2,36000,1.00179157958
571152,571158,574893,6,3735,2,36000,1.0016064257
571168,571174,574537,6,3363,2,36000,1.00178412132
571183,571189,574663,6,3474,2,36000,1.00172711572
571198,571204,574582,6,3378,2,36000,1.00177619893
571259,571265,574977,6,3712,2,36000,1.00161637931
571298,571304,574839,6,3535,2,36000,1.00169731259
571394,571400,574836,6,3436,2,36000,1.00174621653
571421,571427,575052,6,3625,2,36000,1.00165517241
571562,571568,575076,6,3508,2,36000,1.00171037628
571612,571618,575123,6,3505,2,36000,1.00171184023
571631,571637,574965,6,3328,2,36000,1.00180288462
571654,571660,575319,6,3659,2,36000,1.00163979229
571670,571676,575090,6,3414,2,36000,1.00175746924
571712,571718,575071,6,3353,2,36000,1.00178944229
571713,571724,575172,11,3448,2,36000,1.00319025522
571733,571739,575714,6,3975,2,36000,1.00150943396
571763,571769,575439,6,3670,2,36000,1.00163487738
571907,571913,575119,6,3206,2,36000,1.00187149095
571946,571952,575684,6,3732,2,36000,1.00160771704
571963,571969,575518,6,3549,2,36000,1.00169061708
571981,571987,575712,6,3725,2,36000,1.00161073826
571982,571994,575512,12,3518,2,36000,1.00341102899
572011,572017,575905,6,3888,2,36000,1.00154320988
572060,572067,575787,7,3720,2,36000,1.00188172043
572078,572084,575176,6,3092,2,36000,1.00194049159
572220,572226,575616,6,3390,2,36000,1.0017699115
572250,572256,576151,6,3895,2,36000,1.00154043646
572280,572286,575743,6,3457,2,36000,1.00173560891
572305,572311,575659,6,3348,2,36000,1.0017921147
572306,572317,575750,11,3433,2,36000,1.00320419458
572343,572350,575619,7,3269,2,36000,1.00214132762
572345,572356,575955,11,3599,2,36000,1.00305640456
572380,572386,575976,6,3590,2,36000,1.00167130919
572413,572419,576154,6,3735,2,36000,1.0016064257
572435,572441,575915,6,3474,2,36000,1.00172711572
572565,572572,575921,7,3349,2,36000,1.00209017617
572606,572612,576007,6,3395,2,36000,1.00176730486
572719,572726,576326,7,3600,2,36000,1.00194444444
572874,572880,576272,6,3392,2,36000,1.00176886792
572965,572971,576593,6,3622,2,36000,1.00165654335
572966,572977,576340,11,3363,2,36000,1.00327088909
573107,573117,576578,10,3461,2,36000,1.00288933834
573228,573234,576794,6,3560,2,36000,1.00168539326
573288,573294,576700,6,3406,2,36000,1.00176159718
573338,573344,576814,6,3470,2,36000,1.00172910663
573365,573371,576974,6,3603,2,36000,1.00166527893
573419,573425,577222,6,3797,2,36000,1.00158019489
573435,573441,576722,6,3281,2,36000,1.00182871076
573503,573510,576960,7,3450,2,36000,1.00202898551
573539,573545,576994,6,3449,2,36000,1.00173963468
573730,573736,577436,6,3700,2,36000,1.00162162162
573830,573836,577539,6,3703,2,36000,1.00162030786
573902,573908,577405,6,3497,2,36000,1.00171575636
573961,573968,577280,7,3312,2,36000,1.00211352657
573978,573984,577384,6,3400,2,36000,1.00176470588
573979,573990,577711,11,3721,2,36000,1.00295619457
573980,573995,577730,15,3735,2,36000,1.00401606426
574058,574064,577305,6,3241,2,36000,1.00185128047
574075,574081,577658,6,3577,2,36000,1.00167738328
574091,574097,577288,6,3191,2,36000,1.00188028831
574126,574132,577314,6,3182,2,36000,1.00188560654
574142,574148,577721,6,3573,2,36000,1.00167926113
574184,574190,577694,6,3504,2,36000,1.00171232877
574206,574212,577572,6,3360,2,36000,1.00178571429
574221,574227,577976,6,3749,2,36000,1.00160042678
574238,574264,577880,26,3616,2,36000,1.00719026549
574278,574285,613118,7,38833,1,86400,1.00018025906
574310,574317,577974,7,3657,2,36000,1.00191413727
574312,574323,578254,11,3931,2,36000,1.00279827016
574317,574507,625302,190,50795,1,86400,1.00374052564
574326,574527,616056,201,41529,1,86400,1.00483999133
574333,574532,619731,199,45199,1,86400,1.00440275227
574338,574344,578131,6,3787,2,36000,1.00158436757
574339,574542,611403,203,36861,1,86400,1.00550717561
574345,574547,610647,202,36100,1,86400,1.00559556787
574352,574695,621622,343,46927,1,86400,1.00730922497
574378,574384,578199,6,3815,2,36000,1.00157273919
574404,574410,578124,6,3714,2,36000,1.00161550889
574449,574700,630277,251,55577,1,86400,1.00451625672
574460,574715,609351,255,34636,1,86400,1.00736228202
574469,574720,621180,251,46460,1,86400,1.00540249677
574495,574501,578015,6,3514,2,36000,1.00170745589
574515,574521,577799,6,3278,2,36000,1.00183038438
574535,574552,578079,17,3527,2,36000,1.00481996031
574552,574558,578239,6,3681,2,36000,1.00162999185
574553,574564,578137,11,3573,2,36000,1.0030786454
574586,574592,578108,6,3516,2,36000,1.00170648464
574601,574607,578290,6,3683,2,36000,1.00162910671
574665,574671,578283,6,3612,2,36000,1.00166112957
574683,574689,578272,6,3583,2,36000,1.00167457438
574703,574709,578259,6,3550,2,36000,1.00169014085
574842,574848,578574,6,3726,2,36000,1.00161030596
574844,574854,578377,10,3523,2,36000,1.00283848992
574861,574874,612662,13,37788,1,86400,1.00034402456
574862,574868,578548,6,3680,2,36000,1.00163043478
574875,574881,626789,6,51908,1,86400,1.00011558912
574881,574907,625039,26,50132,1,86400,1.00051863081
574889,574912,631402,23,56490,1,86400,1.00040715171
574895,574901,578635,6,3734,2,36000,1.00160685592
574900,575105,618900,205,43795,1,86400,1.00468089965
574968,574975,578541,7,3566,2,36000,1.00196298374
574984,574990,578635,6,3645,2,36000,1.00164609053
575036,575042,578712,6,3670,2,36000,1.00163487738
575055,575061,578541,6,3480,2,36000,1.00172413793
575076,575082,578882,6,3800,2,36000,1.00157894737
575078,575088,578425,10,3337,2,36000,1.00299670363
575093,575099,578651,6,3552,2,36000,1.00168918919
575122,575128,580126,6,4998,2,36000,1.00120048019
575138,575144,578509,6,3365,2,36000,1.00178306092
575176,575182,578594,6,3412,2,36000,1.00175849941
575177,575188,578883,11,3695,2,36000,1.00297699594
575221,575454,631401,233,55947,1,86400,1.00416465583
575320,575326,578848,6,3522,2,36000,1.00170357751
575442,575448,579129,6,3681,2,36000,1.00162999185
575516,575522,578992,6,3470,2,36000,1.00172910663
575531,575537,579126,6,3589,2,36000,1.00167177487
575594,575632,617039,38,41407,1,86400,1.00091771923
575620,575626,579281,6,3655,2,36000,1.00164158687
575621,575637,579313,16,3676,2,36000,1.00435255713
575662,575672,579510,10,3838,2,36000,1.00260552371
575684,575695,579187,11,3492,2,36000,1.00315005727
575714,575723,579200,9,3477,2,36000,1.00258843831
575715,575729,579219,14,3490,2,36000,1.00401146132
575733,575755,624071,22,48316,1,86400,1.00045533571
575745,575760,579114,15,3354,2,36000,1.00447227191
575760,575767,579026,7,3259,2,36000,1.00214789813
575791,575798,579440,7,3642,2,36000,1.00192202087
575906,576381,610345,475,33964,1,86400,1.0139853963
575908,575916,579480,8,3564,2,36000,1.00224466891
575925,576162,579726,237,3564,2,36000,1.0664983165
575927,576338,580180,411,3842,2,36000,1.10697553358
575953,576343,579701,390,3358,2,36000,1.11614055986
575979,576348,580119,369,3771,2,36000,1.09785202864
576009,576354,580001,345,3647,2,36000,1.09459829997
576156,576359,579638,203,3279,2,36000,1.06190911863
576158,576364,579811,206,3447,2,36000,1.05976211198
576274,576369,580075,95,3706,2,36000,1.02563410685
576333,576375,579893,42,3518,2,36000,1.01193860148
576350,576386,579864,36,3478,2,36000,1.01035077631
576528,576534,618731,6,42197,1,86400,1.0001421902
576563,576569,618593,6,42024,1,86400,1.00014277556
576579,576585,580383,6,3798,2,36000,1.00157977883
576595,576601,580947,6,4346,2,36000,1.00138057984
576620,576626,623208,6,46582,1,86400,1.00012880512
576700,576707,580387,7,3680,2,36000,1.00190217391
576723,576729,580217,6,3488,2,36000,1.00172018349
576790,576796,579906,6,3110,2,36000,1.00192926045
576817,576823,580364,6,3541,2,36000,1.0016944366
576962,576969,580575,7,3606,2,36000,1.0019412091
576979,576985,580861,6,3876,2,36000,1.00154798762
576997,577004,580260,7,3256,2,36000,1.00214987715
577225,577231,580683,6,3452,2,36000,1.00173812283
577285,577291,580866,6,3575,2,36000,1.00167832168
577302,577308,580939,6,3631,2,36000,1.00165243735
577321,577326,580711,5,3385,2,36000,1.00147710487
577322,577332,580873,10,3541,2,36000,1.002824061
577385,577391,580949,6,3558,2,36000,1.00168634064
577409,577416,580827,7,3411,2,36000,1.00205218411
577442,577448,580946,6,3498,2,36000,1.00171526587
577540,577546,581527,6,3981,2,36000,1.00150715901
577580,577586,581173,6,3587,2,36000,1.001672707
577626,577632,580908,6,3276,2,7200,1.00183150183
577661,577669,581105,8,3436,2,36000,1.00232828871
577699,577705,581505,6,3800,2,36000,1.00157894737
577715,577722,581273,7,3551,2,36000,1.0019712757
577732,577738,581198,6,3460,2,36000,1.00173410405
577733,577744,581318,11,3574,2,36000,1.003077784
577803,577810,581063,7,3253,2,36000,1.00215185982
577883,577891,581403,8,3512,2,36000,1.00227790433
577976,577985,581651,9,3666,2,36000,1.00245499182
577977,577991,581808,14,3817,2,36000,1.00366780194
578020,578026,581681,6,3655,2,36000,1.00164158687
578085,578090,581652,5,3562,2,36000,1.00140370578
578111,578120,581695,9,3575,2,36000,1.00251748252
578127,578135,581693,8,3558,2,36000,1.00224845419
578147,578154,581644,7,3490,2,36000,1.00200573066
578149,578160,582157,11,3997,2,36000,1.00275206405
578202,578210,581674,8,3464,2,36000,1.00230946882
578244,578250,581596,6,3346,2,36000,1.00179318589
578260,578265,581740,5,3475,2,36000,1.00143884892
578261,578271,581597,10,3326,2,36000,1.00300661455
578280,578286,581855,6,3569,2,36000,1.00168114318
578297,578303,581690,6,3387,2,36000,1.00177147919
578299,578309,581833,10,3524,2,36000,1.00283768445
578377,578388,582091,11,3703,2,36000,1.00297056441
578429,578437,581881,8,3444,2,36000,1.00232288037
578513,578520,582024,7,3504,2,36000,1.00199771689
578548,578554,582839,6,4285,2,36000,1.00140023337
578549,578560,582586,11,4026,2,36000,1.00273224044
578551,578565,582405,14,3840,2,36000,1.00364583333
578577,578585,582242,8,3657,2,36000,1.00218758545
578596,578605,582350,9,3745,2,36000,1.00240320427
578642,578648,582079,6,3431,2,36000,1.00174876129
578643,578654,581909,11,3255,2,36000,1.00337941628
578659,578665,582181,6,3516,2,36000,1.00170648464
578713,578723,582215,10,3492,2,36000,1.00286368843
578848,578859,582204,11,3345,2,36000,1.00328849028
578883,578893,582633,10,3740,2,36000,1.00267379679
578884,578899,582541,15,3642,2,36000,1.00411861614
578996,579003,582395,7,3392,2,36000,1.00206367925
579030,579038,582322,8,3284,2,36000,1.00243605359
579115,579125,582610,10,3485,2,36000,1.00286944046
579131,579137,582810,6,3673,2,36000,1.00163354206
579132,579143,582461,11,3318,2,36000,1.00331525015
579190,579198,582751,8,3553,2,36000,1.00225161835
579206,579212,582734,6,3522,2,36000,1.00170357751
579222,579230,582631,8,3401,2,36000,1.00235224934
579252,579521,847787,269,268266,4,324000,1.00100273609
579284,579292,582721,8,3429,2,36000,1.0023330417
579316,579452,582799,136,3347,2,36000,1.04063340305
579444,579491,582798,47,3307,2,36000,1.01421227699
579481,579649,583021,168,3372,2,36000,1.04982206406
579513,579712,582987,199,3275,2,36000,1.06076335878
579641,579737,583221,96,3484,2,36000,1.02755453502
579704,579822,583129,118,3307,2,36000,1.03568188691
579726,579875,583405,149,3530,2,36000,1.04220963173
579813,579904,583526,91,3622,2,36000,1.02512424075
579867,579917,583298,50,3381,2,36000,1.01478852411
579895,580271,583674,376,3403,2,36000,1.11049074346
579911,580431,583929,520,3498,2,36000,1.14865637507
580004,580436,583701,432,3265,2,36000,1.13231240429
580078,580441,584381,363,3940,2,36000,1.0921319797
580122,580586,584244,464,3658,2,36000,1.12684527064
580137,580394,583923,257,3529,2,36000,1.07282516294
580183,580399,583834,216,3435,2,36000,1.06288209607
580218,580405,583778,187,3373,2,36000,1.0554402609
580261,580410,584226,149,3816,2,36000,1.03904612159
580367,580415,583969,48,3554,2,36000,1.01350590884
580387,580420,583825,33,3405,2,36000,1.00969162996
580389,580425,583741,36,3316,2,36000,1.01085645356
580580,580695,584217,115,3522,2,36000,1.03265190233
580686,580722,584313,36,3591,2,36000,1.01002506266
580716,580838,584436,122,3598,2,36000,1.03390772651
580836,580872,584261,36,3389,2,36000,1.01062260254
580866,580878,584307,12,3429,2,36000,1.00349956255
580867,580885,584613,18,3728,2,36000,1.00482832618
580883,580919,584518,36,3599,2,36000,1.01000277855
580942,580950,584462,8,3512,2,36000,1.00227790433
580962,580968,584492,6,3524,2,36000,1.00170261067
580963,580974,584354,11,3380,2,36000,1.00325443787
580965,580979,584825,14,3846,2,36000,1.00364014561
581067,581074,584175,7,3101,2,36000,1.00225733634
581107,581117,584610,10,3493,2,36000,1.00286286859
581178,581184,617187,6,36003,1,36000,1.00016665278
581180,581210,584663,30,3453,2,36000,1.00868809731
581202,581284,584949,82,3665,2,36000,1.02237380628
581263,583845,609121,2582,25276,1,36000,1.10215223928
581275,581329,584623,54,3294,2,36000,1.01639344262
581314,583851,611446,2537,27595,1,36000,1.0919369451
581320,581366,584906,46,3540,2,36000,1.01299435028
581406,581414,584861,8,3447,2,36000,1.00232085872
581506,581517,585282,11,3765,2,36000,1.00292164675
581529,581538,585279,9,3741,2,36000,1.00240577386
581598,581608,584816,10,3208,2,36000,1.00311720698
581600,581613,585337,13,3724,2,36000,1.00349087003
581646,581655,585358,9,3703,2,36000,1.00243046179
581662,581668,585350,6,3682,2,36000,1.00162954916
581663,581674,585240,11,3566,2,36000,1.00308468873
581680,581686,584969,6,3283,2,36000,1.00182759671
581700,581706,584981,6,3275,2,36000,1.00183206107
581701,581712,584931,11,3219,2,36000,1.00341721031
581703,581717,585313,14,3596,2,36000,1.00389321468
581704,581722,585107,18,3385,2,36000,1.00531757755
581743,581752,585024,9,3272,2,36000,1.00275061125
581809,581819,585556,10,3737,2,36000,1.00267594327
581835,581845,585319,10,3474,2,36000,1.00287852619
581856,581866,585441,10,3575,2,36000,1.0027972028
581882,581892,585615,10,3723,2,36000,1.00268600591
581910,581921,585248,11,3327,2,36000,1.00330628194
582028,582036,585621,8,3585,2,36000,1.00223152022
582082,582091,585534,9,3443,2,36000,1.00261399942
582097,582103,585459,6,3356,2,36000,1.00178784267
582160,582168,585766,8,3598,2,36000,1.00222345748
582182,582192,585944,10,3752,2,36000,1.0026652452
582209,582215,585973,6,3758,2,36000,1.00159659393
582227,582233,585928,6,3695,2,36000,1.00162381597
582246,582253,585947,7,3694,2,36000,1.00189496481
582324,582333,585724,9,3391,2,36000,1.00265408434
582353,582362,585607,9,3245,2,36000,1.00277349769
582398,582407,585774,9,3367,2,36000,1.00267300267
582414,582420,586007,6,3587,2,36000,1.001672707
582462,582472,585953,10,3481,2,36000,1.00287273772
582545,582553,586050,8,3497,2,36000,1.00228767515
582589,582597,586295,8,3698,2,36000,1.00216333153
582611,582621,586016,10,3395,2,36000,1.0029455081
582633,582643,586286,10,3643,2,36000,1.00274499039
582635,582649,586128,14,3479,2,36000,1.00402414487
582723,582733,586228,10,3495,2,36000,1.00286123033
582739,582745,586287,6,3542,2,36000,1.00169395822
582755,582762,586391,7,3629,2,36000,1.00192890603
582801,582809,586341,8,3532,2,36000,1.00226500566
582802,582815,586631,13,3816,2,36000,1.0034067086
582818,582824,586175,6,3351,2,36000,1.0017905103
582840,582850,586077,10,3227,2,36000,1.00309885342
582988,582999,586301,11,3302,2,36000,1.00333131435
583024,583032,586261,8,3229,2,36000,1.00247754723
583132,583140,586561,8,3421,2,36000,1.00233849752
583222,583232,586614,10,3382,2,36000,1.00295683028
583300,583310,586967,10,3657,2,36000,1.00273448182
583406,583416,587193,10,3777,2,36000,1.00264760392
583529,583537,587122,8,3585,2,36000,1.00223152022
583677,583685,587220,8,3535,2,36000,1.00226308345
583703,583712,587162,9,3450,2,36000,1.00260869565
583745,583752,587280,7,3528,2,36000,1.00198412698
583781,583789,587181,8,3392,2,36000,1.00235849057
583829,583837,587341,8,3504,2,36000,1.00228310502
583844,583934,587276,90,3342,2,36000,1.02692998205
583925,583940,587361,15,3421,2,36000,1.00438468284
583940,584186,588036,246,3850,2,36000,1.0638961039
583952,584392,594598,440,10206,18,43200,1.04311189496
583972,584447,588246,475,3799,2,36000,1.1250329034
584175,584473,588180,298,3707,2,36000,1.08038845428
584220,584503,587793,283,3290,2,36000,1.08601823708
584236,584828,588311,592,3483,2,36000,1.16996841803
584252,584836,588223,584,3387,2,36000,1.17242397402
584268,584942,588625,674,3683,2,36000,1.1830029867
584309,584981,588555,672,3574,2,36000,1.18802462227
584324,584993,588607,669,3614,2,36000,1.1851134477
584356,585035,588641,679,3606,2,36000,1.18829728231
584382,585119,588595,737,3476,2,36000,1.21202531646
584439,585252,588985,813,3733,2,36000,1.21778730244
584465,585259,588788,794,3529,2,36000,1.22499291584
584493,585296,588698,803,3402,2,36000,1.23603762493
584518,584621,620663,103,36042,4,36000,1.00285777704
584519,585324,588676,805,3352,2,36000,1.24015513126
584581,584634,620665,53,36031,4,36000,1.00147095557
584612,585331,588751,719,3420,2,36000,1.21023391813
584629,585347,589089,718,3742,2,36000,1.19187600214
584629,584873,620892,244,36019,4,36000,1.0067742025
584630,585361,588730,731,3369,2,36000,1.21697833185
584665,585370,589086,705,3716,2,36000,1.18972012917
584667,585290,621320,623,36030,4,36000,1.01729114627
584704,585633,621683,929,36050,4,36000,1.02576976422
584760,585785,621829,1025,36044,4,36000,1.02843746532
584819,585453,589170,634,3717,2,36000,1.17056766209
584835,585471,588950,636,3479,2,36000,1.18281115263
584836,586273,622294,1437,36021,4,36000,1.03989339552
584864,585545,589411,681,3866,2,36000,1.17615106053
584904,586313,622332,1409,36019,4,36000,1.03911824315
584909,585618,589492,709,3874,2,36000,1.18301497161
584935,585627,589372,692,3745,2,36000,1.18477970628
584951,586977,622999,2026,36022,4,36000,1.05624340681
584951,585777,589487,826,3710,2,36000,1.22264150943
584974,585790,589184,816,3394,2,36000,1.24042427814
584989,585939,589444,950,3505,2,36000,1.27104136947
585028,585956,589484,928,3528,2,36000,1.26303854875
585041,587174,623194,2133,36020,4,36000,1.05921710161
585083,587204,623236,2121,36032,4,36000,1.05886434281
585111,585962,590445,851,4483,2,36000,1.18982824002
585147,587287,623300,2140,36013,4,36000,1.05942298614
585244,585968,589608,724,3640,2,36000,1.1989010989
585253,587353,623116,2100,35763,4,36000,1.05871990605
585261,585984,589671,723,3687,2,36000,1.19609438568
585280,586018,589513,738,3495,2,36000,1.21115879828
585295,586088,589623,793,3535,2,36000,1.2243281471
585295,587805,623820,2510,36015,4,36000,1.0696931834
585312,586139,589533,827,3394,2,36000,1.24366529169
585328,586186,589984,858,3798,2,36000,1.22590837283
585341,588191,624213,2850,36022,4,36000,1.07911831658
585344,586239,589793,895,3554,2,36000,1.25182892515
585360,586298,589805,938,3507,2,36000,1.26746506986
585361,586307,589929,946,3622,2,36000,1.26118166759
585380,590956,613490,5576,22534,4,36000,1.24744830035
585440,593444,629494,8004,36050,4,36000,1.22202496533
585445,586352,589731,907,3379,2,36000,1.26842261024
585460,586403,590010,943,3607,2,36000,1.26143609648
585480,593449,629480,7969,36031,4,36000,1.2211706586
585514,593455,629506,7941,36051,4,36000,1.22027128235
585537,586626,590158,1089,3532,2,36000,1.30832389581
585542,593460,629501,7918,36041,4,36000,1.21969423712
585559,586643,590182,1084,3539,2,36000,1.30630121503
585591,593465,622876,7874,29411,4,36000,1.2677229608
585609,587231,590813,1622,3582,2,36000,1.45281965382
585626,588048,591693,2422,3645,2,36000,1.66447187929
585627,588234,591677,2607,3443,2,36000,1.7571884984
585631,594417,630449,8786,36032,4,36000,1.24383880995
585662,594609,630623,8947,36014,4,36000,1.24843116566
585726,588322,591691,2596,3369,2,36000,1.77055506085
585768,588566,592358,2798,3792,2,36000,1.73786919831
585783,588609,592244,2826,3635,2,36000,1.77744154058
585931,588620,592065,2689,3445,2,36000,1.78055152395
585948,588637,592213,2689,3576,2,36000,1.75195749441
585950,588652,592213,2702,3561,2,36000,1.75877562482
585967,588687,592505,2720,3818,2,36000,1.7124148769
585983,588710,591947,2727,3237,2,36000,1.84244670992
586009,588742,592252,2733,3510,2,36000,1.77863247863
586024,588762,592424,2738,3662,2,36000,1.74767886401
586053,588799,592482,2746,3683,2,36000,1.745587836
586079,588961,592426,2882,3465,2,36000,1.83174603175
586131,588998,592514,2867,3516,2,36000,1.8154152446
586179,589097,592566,2918,3469,2,36000,1.84116460075
586228,589103,592916,2875,3813,2,36000,1.75399947548
586264,589181,592761,2917,3580,2,36000,1.81480446927
586293,589195,592467,2902,3272,2,36000,1.8869193154
586294,589383,593117,3089,3734,2,36000,1.82726298875
586310,589423,593114,3113,3691,2,36000,1.84340287185
586311,589455,593112,3144,3657,2,36000,1.85972108285
586345,589495,593092,3150,3597,2,36000,1.87572977481
586394,589501,592839,3107,3338,2,36000,1.93079688436
586564,589507,593242,2943,3735,2,36000,1.78795180723
586618,589524,593441,2906,3917,2,36000,1.74189430687
586633,589545,593038,2912,3493,2,36000,1.83366733467
586971,589620,593096,2649,3476,2,36000,1.76208285386
587123,589634,593251,2511,3617,2,36000,1.69422173072
587163,589682,593214,2519,3532,2,36000,1.71319365798
587182,589742,593532,2560,3790,2,36000,1.67546174142
587198,589804,593578,2606,3774,2,36000,1.69051404346
587222,589816,593209,2594,3393,2,36000,1.76451517831
587280,589940,593930,2660,3990,2,36000,1.66666666667
587281,589995,593416,2714,3421,2,36000,1.79333528208
587344,590021,593418,2677,3397,2,36000,1.78804827789
587363,590169,593512,2806,3343,2,36000,1.83936583907
587795,590193,593757,2398,3564,2,36000,1.67283950617
588043,590456,594128,2413,3672,2,36000,1.65713507625
588184,590824,594284,2640,3460,2,36000,1.76300578035
588227,591688,595204,3461,3516,2,36000,1.98435722412
588250,591702,595111,3452,3409,2,36000,2.0126136697
588316,591708,594898,3392,3190,2,36000,2.06332288401
588558,591958,595360,3400,3402,2,36000,1.99941211052
588597,592076,595629,3479,3553,2,36000,1.97917253026
588618,592176,595987,3558,3811,2,36000,1.93361322488
588636,592225,595645,3589,3420,2,36000,2.04941520468
588652,592230,596723,3578,4493,2,36000,1.79634987759
588678,592256,595551,3578,3295,2,36000,2.08588770865
588705,592263,595637,3558,3374,2,36000,2.05453467694
588736,592370,595882,3634,3512,2,36000,2.034738041
588755,592436,595982,3681,3546,2,36000,2.03807106599
588793,592442,596243,3649,3801,2,36000,1.96001052355
588953,592479,595728,3526,3249,2,36000,2.08525700215
588988,592494,595914,3506,3420,2,36000,2.02514619883
589088,592516,596010,3428,3494,2,36000,1.9811104751
589090,592525,595908,3435,3383,2,36000,2.01537097251
589172,592577,596303,3405,3726,2,36000,1.91384863124
589189,592772,596431,3583,3659,2,36000,1.97922929762
589219,589225,589317,6,92,1,4260,1.0652173913
589375,592850,596633,3475,3783,2,36000,1.91858313508
589403,589410,589650,7,240,1,4260,1.02916666667
589413,592928,596429,3515,3501,2,36000,2.00399885747
589445,593050,596788,3605,3738,2,36000,1.96441947566
589494,593103,596598,3609,3495,2,36000,2.03261802575
589495,593109,596802,3614,3693,2,36000,1.97860817763
589496,593124,596328,3628,3204,2,36000,2.13233458177
589517,593130,596266,3613,3136,2,36000,2.15210459184
589538,593135,596508,3597,3373,2,36000,2.06640972428
589609,593221,596696,3612,3475,2,36000,2.03942446043
589624,593227,597017,3603,3790,2,36000,1.95065963061
589677,593253,596865,3576,3612,2,36000,1.99003322259
589733,593263,596848,3530,3585,2,36000,1.98465829847
589798,593427,596738,3629,3311,2,36000,2.09604349139
589814,593433,597002,3619,3569,2,36000,2.01400952648
589868,590655,593424,787,2769,32,14400,1.28421812929
589932,593471,596845,3539,3374,2,36000,2.04890337878
589985,593524,597000,3539,3476,2,36000,2.01812428078
590013,593543,596934,3530,3391,2,36000,2.04099085815
590158,593589,597123,3431,3534,2,36000,1.97085455574
590183,593768,597192,3585,3424,2,36000,2.04702102804
590277,590283,590445,6,162,1,4260,1.03703703704
590448,593942,597164,3494,3222,2,36000,2.08441961515
590814,594139,597680,3325,3541,2,36000,1.93900028241
591318,599705,641517,8387,41812,1,360000,1.20058834784
591403,592084,592087,681,3,2,3540,68.4
591465,614043,637420,22578,23377,1,360000,1.96582110622
591639,614220,724664,22581,110444,1,360000,1.20445655717
591679,594295,597913,2616,3618,2,36000,1.72305140962
591695,594614,598322,2919,3708,2,36000,1.78721682848
591696,594619,597800,2923,3181,2,36000,1.91889342974
591736,615294,615296,23558,2,1,360000,2356.0
591884,615307,683650,23423,68343,1,360000,1.34272712641
591927,623219,623612,31292,393,1,72000,80.6234096692
591928,624465,624980,32537,515,1,72000,64.1786407767
591928,624533,624820,32605,287,1,72000,114.606271777
591928,624115,624603,32187,488,1,72000,66.9569672131
591928,624082,624454,32154,372,1,72000,87.435483871
591928,623623,624104,31695,481,1,72000,66.893970894
591948,594624,598140,2676,3516,2,36000,1.76109215017
592066,594630,598343,2564,3713,2,36000,1.69054672771
592170,593439,595013,1269,1574,10,180000,1.80622617535
592217,594635,598143,2418,3508,2,36000,1.68928164196
592218,594640,598111,2422,3471,2,36000,1.69778161913
592248,594645,597965,2397,3320,2,36000,1.72198795181
592265,594909,598261,2644,3352,2,36000,1.78878281623
592361,595025,598669,2664,3644,2,36000,1.731064764
592427,595030,598524,2603,3494,2,36000,1.74499141385
592428,595035,598622,2607,3587,2,36000,1.72679119041
592470,595040,598506,2570,3466,2,36000,1.74148874784
592487,595046,598468,2559,3422,2,36000,1.74780829924
592507,595122,598740,2615,3618,2,36000,1.72277501382
592524,595216,598472,2692,3256,2,36000,1.82678132678
592572,595372,598779,2800,3407,2,36000,1.8218373936
592765,595562,599146,2797,3584,2,36000,1.78041294643
592840,595640,599100,2800,3460,2,36000,1.80924855491
592922,595648,599026,2726,3378,2,36000,1.80698638247
593037,595657,599161,2620,3504,2,36000,1.74771689498
593093,595739,599233,2646,3494,2,36000,1.75729822553
593114,595893,599305,2779,3412,2,36000,1.81447831184
593115,595919,599157,2804,3238,2,36000,1.86596664608
593116,595925,599383,2809,3458,2,36000,1.81231925969
593135,595994,599503,2859,3509,2,36000,1.81476204047
593213,596000,599305,2787,3305,2,36000,1.8432677761
593228,596021,599847,2793,3826,2,36000,1.73000522739
593245,596255,600006,3010,3751,2,36000,1.80245267929
593262,596278,599775,3016,3497,2,36000,1.8624535316
593420,596314,600077,2894,3763,2,36000,1.76906723359
593421,596339,600384,2918,4045,2,36000,1.72138442522
593443,596440,600016,2997,3576,2,36000,1.83808724832
593516,596446,599730,2930,3284,2,36000,1.8922046285
593534,596519,600479,2985,3960,2,36000,1.75378787879
593581,596609,600073,3028,3464,2,36000,1.87413394919
593758,596644,600313,2886,3669,2,36000,1.78659035159
593933,596708,600342,2775,3634,2,36000,1.76362135388
594129,596734,600540,2605,3806,2,36000,1.68444561219
594285,596749,600510,2464,3761,2,36000,1.65514490827
594899,596799,600033,1900,3234,2,36000,1.58750773036
595115,596813,600532,1698,3719,2,36000,1.45657434794
595128,598334,599388,3206,1054,12,288000,4.04174573055
595205,596856,600529,1651,3673,2,36000,1.44949632453
595363,596862,600163,1499,3301,2,36000,1.45410481672
595553,596876,600458,1323,3582,2,36000,1.36934673367
595631,596946,600612,1315,3666,2,36000,1.35870158211
595646,597011,600607,1365,3596,2,36000,1.37958843159
595648,597017,600670,1369,3653,2,36000,1.37476047085
595731,597028,600248,1297,3220,2,36000,1.40279503106
595885,597134,600707,1249,3573,2,36000,1.34956619088
595910,597175,600320,1265,3145,2,36000,1.40222575517
595926,597203,600870,1277,3667,2,36000,1.34824106899
595983,597691,601450,1708,3759,2,36000,1.45437616387
595999,597924,601142,1925,3218,2,36000,1.59819763828
596014,598272,601863,2258,3591,2,36000,1.62879420774
596247,598355,601875,2108,3520,2,36000,1.59886363636
596270,598479,602042,2209,3563,2,36000,1.61998316026
596305,598485,602085,2180,3600,2,36000,1.60555555556
596331,598517,602134,2186,3617,2,36000,1.60436826099
596431,598535,602071,2104,3536,2,36000,1.59502262443
596433,598633,602245,2200,3612,2,36000,1.60908084164
596511,598680,601827,2169,3147,2,36000,1.68922783603
596601,598751,602168,2150,3417,2,36000,1.62920690664
596629,598790,602453,2161,3663,2,36000,1.58995358995
596699,599037,602531,2338,3494,2,36000,1.66914710933
596724,599111,602617,2387,3506,2,36000,1.68083285796
596739,599157,602298,2418,3141,2,36000,1.76981852913
596789,599168,602573,2379,3405,2,36000,1.6986784141
596805,599174,602804,2369,3630,2,36000,1.65261707989
596846,599245,602739,2399,3494,2,36000,1.68660560962
596862,599377,603046,2515,3669,2,36000,1.68547288089
596878,599382,602801,2504,3419,2,36000,1.73237788827
596935,599395,602594,2460,3199,2,36000,1.76899030947
597002,599515,602780,2513,3265,2,36000,1.76967840735
597003,599741,603462,2738,3721,2,36000,1.73582370331
597019,599786,603635,2767,3849,2,36000,1.71888802286
597125,599858,603521,2733,3663,2,36000,1.74610974611
597164,600017,603443,2853,3426,2,36000,1.83274956217
597193,600027,603574,2834,3547,2,36000,1.7989850578
597680,600044,603776,2364,3732,2,36000,1.63344051447
597801,600088,603499,2287,3411,2,36000,1.67047786573
597914,600093,603478,2179,3385,2,36000,1.64372230428
597966,600174,604040,2208,3866,2,36000,1.57113295396
598113,600259,603829,2146,3570,2,36000,1.60112044818
598142,600324,603802,2182,3478,2,36000,1.6273720529
598158,600331,603949,2173,3618,2,36000,1.60060807076
598264,600353,603834,2089,3481,2,36000,1.60011490951
598323,600395,603696,2072,3301,2,36000,1.62768857922
598345,600470,603870,2125,3400,2,36000,1.625
598469,600490,604086,2021,3596,2,36000,1.56201334816
598484,600521,603937,2037,3416,2,36000,1.59631147541
598511,600540,604163,2029,3623,2,36000,1.56003312172
598531,600546,604248,2015,3702,2,36000,1.54430037817
598627,600552,603964,1925,3412,2,36000,1.5641852286
598672,600618,604122,1946,3504,2,36000,1.5553652968
598743,600624,604331,1881,3707,2,36000,1.50741839763
598785,600682,604397,1897,3715,2,36000,1.51063257066
599029,600719,603959,1690,3240,2,36000,1.52160493827
599102,600881,604635,1779,3754,2,36000,1.47389451252
599150,601153,604574,2003,3421,2,36000,1.5855013154
599167,601461,605352,2294,3891,2,36000,1.58956566435
599168,601839,605347,2671,3508,2,36000,1.76140250855
599236,601874,605474,2638,3600,2,36000,1.73277777778
599308,601887,605480,2579,3593,2,36000,1.71778458113
599309,602054,605393,2745,3339,2,36000,1.82210242588
599385,602082,605613,2697,3531,2,36000,1.76380628717
599486,600301,888350,815,288049,16,288000,1.00282937972
599504,602097,605792,2593,3695,2,36000,1.70175913396
599736,602145,605501,2409,3356,2,36000,1.71781883194
599778,602180,605950,2402,3770,2,36000,1.63713527851
599851,602256,606023,2405,3767,2,36000,1.63843907619
600011,602309,605875,2298,3566,2,36000,1.64441951767
600027,602465,606202,2438,3737,2,36000,1.65239496923
600042,602542,606086,2500,3544,2,36000,1.70541760722
600077,602584,606039,2507,3455,2,36000,1.72561505065
600078,602606,606358,2528,3752,2,36000,1.67377398721
600165,602628,606129,2463,3501,2,36000,1.70351328192
600251,602751,606260,2500,3509,2,36000,1.71245369051
600315,602791,606363,2476,3572,2,36000,1.69316909295
600331,602811,606048,2480,3237,2,36000,1.76614148903
600350,602817,606237,2467,3420,2,36000,1.72134502924
600385,603058,606273,2673,3215,2,36000,1.83141524106
600459,603454,606881,2995,3427,2,36000,1.87394222352
600481,603473,607045,2992,3572,2,36000,1.83762597984
600511,603489,607273,2978,3784,2,36000,1.78699788584
600530,603511,606878,2981,3367,2,36000,1.88535788536
600546,603532,607274,2986,3742,2,36000,1.79796900053
600548,603585,608133,3037,4548,2,36000,1.66776605101
600610,603646,606941,3036,3295,2,36000,1.92139605463
600626,603706,607198,3080,3492,2,36000,1.88201603666
600674,603788,607401,3114,3613,2,36000,1.86188762801
600710,603814,607390,3104,3576,2,36000,1.86800894855
600873,603840,607638,2967,3798,2,36000,1.78120063191
601145,603846,607302,2701,3456,2,36000,1.78153935185
601452,603881,607374,2429,3493,2,36000,1.69539078156
601829,603948,607484,2119,3536,2,36000,1.59926470588
601868,603962,607615,2094,3653,2,36000,1.57322748426
601884,603971,607630,2087,3659,2,36000,1.57037441924
602045,603977,607232,1932,3255,2,36000,1.5935483871
602073,604051,607811,1978,3760,2,36000,1.52606382979
602088,604097,607490,2009,3393,2,36000,1.5921013852
602136,604133,607461,1997,3328,2,36000,1.60006009615
602171,604174,607658,2003,3484,2,36000,1.57491389208
602246,604259,608132,2013,3873,2,36000,1.51975213013
602298,604342,608641,2044,4299,2,36000,1.47545940916
602454,604408,608385,1954,3977,2,36000,1.49132511944
602531,604585,608132,2054,3547,2,36000,1.57908091345
602575,604646,608199,2071,3553,2,36000,1.58288770053
602597,605358,609062,2761,3704,2,36000,1.74541036717
602619,605364,609000,2745,3636,2,36000,1.75495049505
602740,605405,608895,2665,3490,2,36000,1.76361031519
602781,605485,609290,2704,3805,2,36000,1.71064388962
602804,605492,609305,2688,3813,2,36000,1.70495672699
602806,605513,609004,2707,3491,2,36000,1.77542251504
603051,605624,609202,2573,3578,2,36000,1.71911682504
603445,605803,609465,2358,3662,2,36000,1.64391043146
603464,605886,609725,2422,3839,2,36000,1.63089346184
603480,605961,609443,2481,3482,2,36000,1.71252153935
603503,606034,609499,2531,3465,2,36000,1.73044733045
603525,606051,609678,2526,3627,2,36000,1.6964433416
603577,606059,609617,2482,3558,2,36000,1.69758291175
603641,606098,609713,2457,3615,2,36000,1.67966804979
603701,606141,609643,2440,3502,2,36000,1.6967447173
603779,606213,609756,2434,3543,2,36000,1.68698842789
603805,606248,609678,2443,3430,2,36000,1.71224489796
603833,606271,609947,2438,3676,2,36000,1.66322089227
603851,606284,609889,2433,3605,2,36000,1.67489597781
603877,606369,610512,2492,4143,2,36000,1.60149650012
603937,606375,610409,2438,4034,2,36000,1.60436291522
603958,606889,610722,2931,3833,2,36000,1.76467518915
603975,606895,610442,2920,3547,2,36000,1.82323089935
603976,606952,610672,2976,3720,2,36000,1.8
604046,607056,610565,3010,3509,2,36000,1.85779424337
604087,607210,610870,3123,3660,2,36000,1.85327868852
604126,607243,610567,3117,3324,2,36000,1.93772563177
604165,607284,610861,3119,3577,2,36000,1.8719597428
604251,607290,610822,3039,3532,2,36000,1.86041902605
604334,607314,610875,2980,3561,2,36000,1.83684358326
604397,607386,610787,2989,3401,2,36000,1.87885915907
604575,607401,610955,2826,3554,2,36000,1.79516038267
604638,607412,611077,2774,3665,2,36000,1.75688949523
