SubmitTime,StartTime,EndTime,QueuedTime,RunTime,NodesRequested,walltime,bslowdown
275,283,3993,8,3710,2,7200,1.00215633423
661,667,4336,6,3669,2,7200,1.00163532298
760,767,4136,7,3369,2,7200,1.00207776788
1070,1076,4540,6,3464,2,7200,1.00173210162
1084,1091,4308,7,3217,2,7200,1.00217594032
1202,1208,4686,6,3478,2,7200,1.00172512938
1235,1242,4467,7,3225,2,7200,1.00217054264
1557,1564,5033,7,3469,2,7200,1.00201787259
2092,2100,5532,8,3432,2,7200,1.00233100233
2165,2171,5954,6,3783,2,7200,1.00158604282
2438,2446,5910,8,3464,2,7200,1.00230946882
2471,2479,5484,8,3005,2,7200,1.00266222962
2586,2592,5795,6,3203,2,7200,1.00187324383
2875,2882,6547,7,3665,2,7200,1.00190995907
3287,3293,6604,6,3311,2,7200,1.00181214135
3996,4003,7282,7,3279,2,7200,1.00213479719
4137,4144,7620,7,3476,2,7200,1.00201380898
4308,4315,7704,7,3389,2,7200,1.00206550605
4338,4344,8034,6,3690,2,7200,1.00162601626
4468,4474,7987,6,3513,2,7200,1.00170794193
4543,4550,8174,7,3624,2,7200,1.00193156733
4687,4693,7900,6,3207,2,7200,1.00187090739
5036,5042,8835,6,3793,2,7200,1.00158186132
5485,5492,9069,7,3577,2,7200,1.00195694716
5533,5539,8737,6,3198,2,7200,1.00187617261
5798,5805,9096,7,3291,2,7200,1.00212701307
5912,5918,9279,6,3361,2,7200,1.00178518298
5957,5963,9268,6,3305,2,7200,1.00181543116
6550,6556,9908,6,3352,2,7200,1.00178997613
6607,6613,9850,6,3237,2,7200,1.00185356812
7285,7291,10990,6,3699,2,7200,1.00162206002
7622,7628,11065,6,3437,2,7200,1.00174570847
7706,7712,11465,6,3753,2,7200,1.00159872102
7901,7907,11046,6,3139,2,7200,1.00191143676
7988,7995,11578,7,3583,2,7200,1.00195367011
8036,8042,11397,6,3355,2,7200,1.00178837556
8176,8182,11592,6,3410,2,7200,1.00175953079
8631,8638,8646,7,8,1,3600,1.5
8739,8745,12065,6,3320,2,7200,1.00180722892
8760,8766,8874,6,108,1,3600,1.05555555556
8836,8842,12032,6,3190,2,7200,1.00188087774
9005,9012,9264,7,252,1,3600,1.02777777778
9070,9076,12302,6,3226,2,7200,1.00185988841
9097,9103,12755,6,3652,2,7200,1.00164293538
9269,9276,12964,7,3688,2,7200,1.00189804772
9284,9290,12480,6,3190,2,7200,1.00188087774
9508,9514,10085,6,571,1,3600,1.01050788091
9852,9860,13232,8,3372,2,7200,1.00237247924
9909,9916,13377,7,3461,2,7200,1.00202253684
10618,10625,10630,7,5,1,3600,1.2
10745,10751,10830,6,79,1,3600,1.07594936709
10962,10969,11207,7,238,1,3600,1.02941176471
10994,11001,14183,7,3182,2,7200,1.00219987429
11049,11055,14837,6,3782,2,7200,1.00158646219
11066,11073,14655,7,3582,2,7200,1.00195421552
11401,11407,14891,6,3484,2,7200,1.00172215844
11467,11474,14744,7,3270,2,7200,1.00214067278
11506,11513,11985,7,472,1,3600,1.01483050847
11581,11587,14829,6,3242,2,7200,1.00185070944
11596,11603,14756,7,3153,2,7200,1.00222010783
12032,12040,15551,8,3511,2,7200,1.00227855312
12065,12073,15371,8,3298,2,7200,1.00242571255
12253,12260,12267,7,7,1,1800,1.4
12303,12309,15595,6,3286,2,7200,1.00182592818
12415,12421,12491,6,70,1,1800,1.08571428571
12481,12487,16346,6,3859,2,7200,1.00155480694
12532,12538,12677,6,139,1,3600,1.04316546763
12759,12765,15815,6,3050,2,7200,1.00196721311
12759,12770,12859,11,89,1,1800,1.12359550562
12807,12813,13332,6,519,1,3600,1.01156069364
12967,12975,16773,8,3798,2,7200,1.00210637177
13232,13239,16569,7,3330,2,7200,1.0021021021
13380,13387,16889,7,3502,2,7200,1.0019988578
13515,13521,13897,6,376,1,1800,1.01595744681
13567,13575,14861,8,1286,1,3600,1.00622083981
14187,14193,17516,6,3323,2,7200,1.00180559735
14647,14654,14660,7,6,1,1800,1.3
14658,14665,18140,7,3475,2,7200,1.00201438849
14745,14751,18829,6,4078,2,7200,1.00147130947
14760,14766,18363,6,3597,2,7200,1.00166805671
14808,14814,14853,6,39,1,1800,1.15384615385
14832,14839,18428,7,3589,2,7200,1.00195040401
14847,14854,18527,7,3673,2,7200,1.00190579907
14893,14900,18018,7,3118,2,7200,1.00224502886
14989,14995,15063,6,68,1,1800,1.08823529412
15375,15381,18984,6,3603,2,7200,1.00166527893
15552,15558,19066,6,3508,2,7200,1.00171037628
15597,15603,19144,6,3541,2,7200,1.0016944366
15736,15743,16094,7,351,1,3600,1.01994301994
15803,15809,16062,6,253,1,1800,1.02371541502
15817,15824,19230,7,3406,2,7200,1.00205519671
16230,16237,16559,7,322,1,3600,1.02173913043
16347,16354,19802,7,3448,2,7200,1.00203016241
16573,16579,19941,6,3362,2,7200,1.00178465199
16774,16782,20381,8,3599,2,7200,1.00222283968
16845,16851,17489,6,638,1,3600,1.00940438871
16892,16898,20424,6,3526,2,7200,1.00170164492
17519,17526,20770,7,3244,2,7200,1.00215782984
18019,18025,21674,6,3649,2,7200,1.00164428611
18143,18150,21699,7,3549,2,7200,1.00197238659
18365,18371,21645,6,3274,2,7200,1.00183262065
18431,18438,21756,7,3318,2,7200,1.00210970464
18528,18534,22033,6,3499,2,7200,1.00171477565
18832,18838,22480,6,3642,2,7200,1.00164744646
18986,18992,22573,6,3581,2,7200,1.00167550963
19067,19073,22376,6,3303,2,7200,1.00181653043
19145,19151,22518,6,3367,2,7200,1.00178200178
19233,19240,22394,7,3154,2,7200,1.00221940393
19802,19808,23052,6,3244,2,7200,1.00184956843
19943,19949,23689,6,3740,2,7200,1.00160427807
20300,20306,20379,6,73,1,1800,1.08219178082
20378,20389,24076,11,3687,2,7200,1.00298345538
20423,20429,23696,6,3267,2,7200,1.00183654729
20600,20606,20695,6,89,1,1800,1.06741573034
20773,20780,24104,7,3324,2,7200,1.00210589651
21151,21158,21519,7,361,1,1800,1.01939058172
21647,21653,25141,6,3488,2,7200,1.00172018349
21677,21684,25461,7,3777,2,7200,1.00185332274
21701,21708,25297,7,3589,2,7200,1.00195040401
21758,21764,25494,6,3730,2,7200,1.00160857909
22036,22042,25594,6,3552,2,7200,1.00168918919
22380,22386,25906,6,3520,2,7200,1.00170454545
22395,22401,26148,6,3747,2,7200,1.00160128102
22482,22489,25854,7,3365,2,7200,1.00208023774
22521,22527,26156,6,3629,2,7200,1.00165334803
22575,22581,25687,6,3106,2,7200,1.00193174501
22596,22603,22642,7,39,1,1800,1.17948717949
23054,23061,26780,7,3719,2,7200,1.0018822264
23138,23146,23221,8,75,1,1800,1.10666666667
23693,23700,27032,7,3332,2,7200,1.00210084034
23708,23715,27085,7,3370,2,7200,1.00207715134
23891,23898,24145,7,247,1,1800,1.02834008097
24078,24085,27807,7,3722,2,7200,1.0018807093
24105,24111,27444,6,3333,2,7200,1.00180018002
25142,25149,28355,7,3206,2,7200,1.00218340611
25299,25305,28356,6,3051,2,7200,1.00196656834
25464,25470,28990,6,3520,2,7200,1.00170454545
25497,25505,28790,8,3285,2,7200,1.00243531202
25596,25603,28746,7,3143,2,7200,1.00222717149
25690,25696,29142,6,3446,2,7200,1.00174114916
25786,25792,26176,6,384,8,3600,1.015625
25855,25862,29208,7,3346,2,7200,1.00209205021
25910,25917,29674,7,3757,2,7200,1.00186318871
26150,26157,29758,7,3601,2,7200,1.00194390447
26165,26171,29930,6,3759,2,7200,1.00159616919
26782,26790,30544,8,3754,2,7200,1.0021310602
27032,27038,30595,6,3557,2,7200,1.00168681473
27086,27093,30617,7,3524,2,7200,1.00198637911
27445,27451,30758,6,3307,2,7200,1.00181433323
27809,27815,31334,6,3519,2,7200,1.00170502984
27865,27872,30186,7,2314,8,3600,1.00302506482
28357,28363,32115,6,3752,2,7200,1.00159914712
28358,28370,31780,12,3410,2,7200,1.00351906158
28750,28757,32170,7,3413,2,7200,1.00205098154
28792,28799,32315,7,3516,2,7200,1.00199089875
28990,28997,32466,7,3469,2,7200,1.00201787259
29144,29150,32395,6,3245,2,7200,1.00184899846
29210,29216,32532,6,3316,2,7200,1.00180940893
29676,29683,33255,7,3572,2,7200,1.00195968645
29761,29767,32973,6,3206,2,7200,1.00187149095
29932,29938,32980,6,3042,2,7200,1.00197238659
30546,30552,33913,6,3361,2,7200,1.00178518298
30597,30605,33917,8,3312,2,7200,1.00241545894
30618,30625,34032,7,3407,2,7200,1.00205459348
30760,30767,34350,7,3583,2,7200,1.00195367011
31338,31345,34669,7,3324,2,7200,1.00210589651
31783,31790,35022,7,3232,2,7200,1.00216584158
32117,32123,35817,6,3694,2,7200,1.00162425555
32171,32177,35696,6,3519,2,7200,1.00170502984
32316,32322,35518,6,3196,2,7200,1.00187734668
32397,32404,35621,7,3217,2,7200,1.00217594032
32469,32475,35772,6,3297,2,7200,1.00181983621
32535,32542,36298,7,3756,2,7200,1.00186368477
32975,32982,36514,7,3532,2,7200,1.00198187995
32990,32996,36409,6,3413,2,7200,1.00175798418
33258,33265,36779,7,3514,2,7200,1.00199203187
33596,33603,33615,7,12,1,7200,1.58333333333
33789,33795,33814,6,19,1,7200,1.31578947368
33914,33921,37080,7,3159,2,7200,1.0022158911
33929,33936,37291,7,3355,2,7200,1.00208643815
34034,34041,37408,7,3367,2,7200,1.00207900208
34353,34360,37649,7,3289,2,7200,1.00212830648
34403,34410,36182,7,1772,8,3600,1.0039503386
34672,34678,37802,6,3124,2,7200,1.0019206146
34746,34752,38236,6,3484,2,7200,1.00172215844
34747,34759,38122,12,3363,2,7200,1.00356824264
34748,34764,37849,16,3085,2,7200,1.00518638574
34750,34770,38140,20,3370,2,7200,1.0059347181
34751,34775,38080,24,3305,2,7200,1.00726172466
34753,34780,38191,27,3411,2,7200,1.00791556728
34754,34787,38189,33,3402,2,7200,1.00970017637
34755,34792,38333,37,3541,2,7200,1.0104490257
34757,34797,38524,40,3727,2,7200,1.01073249262
34758,34803,37867,45,3064,2,7200,1.01468668407
34760,34808,38099,48,3291,2,7200,1.01458523245
34761,34814,38417,53,3603,2,7200,1.01470996392
34762,34819,38360,57,3541,2,7200,1.0160971477
34764,34824,38434,60,3610,2,7200,1.01662049861
34765,34830,38260,65,3430,2,7200,1.01895043732
35025,35034,38643,9,3609,2,7200,1.00249376559
35519,35530,38989,11,3459,2,7200,1.00318010986
35624,35633,38758,9,3125,2,7200,1.00288
35696,35707,39501,11,3794,2,7200,1.00289931471
35775,35784,39239,9,3455,2,7200,1.00260492041
35820,35829,39192,9,3363,2,7200,1.00267618198
36222,36228,36407,6,179,8,3600,1.03351955307
36299,36310,39422,11,3112,2,7200,1.00353470437
36411,36419,40126,8,3707,2,7200,1.00215807931
36516,36522,39961,6,3439,2,7200,1.00174469322
36781,36787,40479,6,3692,2,7200,1.00162513543
37082,37088,40001,6,2913,2,7200,1.00205973223
37292,37299,40940,7,3641,2,7200,1.00192254875
37410,37416,40961,6,3545,2,7200,1.00169252468
37650,37657,41026,7,3369,2,7200,1.00207776788
37804,37811,41439,7,3628,2,7200,1.00192943771
37852,37859,41575,7,3716,2,7200,1.00188374596
37870,37877,40929,7,3052,2,7200,1.00229357798
38081,38088,41560,7,3472,2,7200,1.00201612903
38102,38108,41479,6,3371,2,7200,1.00177988727
38123,38130,41445,7,3315,2,7200,1.00211161388
38141,38152,41777,11,3625,2,7200,1.00303448276
38192,38199,41584,7,3385,2,7200,1.00206794682
38193,38206,41658,13,3452,2,7200,1.00376593279
38238,38246,41322,8,3076,2,7200,1.00260078023
38262,38269,41674,7,3405,2,7200,1.00205580029
38335,38342,41871,7,3529,2,7200,1.00198356475
38361,38368,42077,7,3709,2,7200,1.00188730116
38419,38426,42006,7,3580,2,7200,1.00195530726
38436,38444,42457,8,4013,2,7200,1.00199352106
38526,38532,41688,6,3156,2,7200,1.00190114068
38647,38654,42202,7,3548,2,7200,1.0019729425
38761,38767,42112,6,3345,2,7200,1.00179372197
38990,38997,42295,7,3298,2,7200,1.00212249848
39050,39057,42671,7,3614,2,7200,1.00193691201
39051,39064,42238,13,3174,2,7200,1.0040957782
39052,39069,42710,17,3641,2,7200,1.00466904697
39054,39074,42513,20,3439,2,7200,1.00581564408
39055,39080,42466,25,3386,2,7200,1.00738334318
39057,39204,43076,147,3872,2,7200,1.03796487603
39058,39250,42915,192,3665,2,7200,1.05238744884
39059,39434,43135,375,3701,2,7200,1.1013239665
39061,39513,42945,452,3432,2,7200,1.1317016317
39062,39972,43244,910,3272,2,7200,1.27811735941
39195,40013,43226,818,3213,2,7200,1.25459072518
39239,40138,43701,899,3563,2,7200,1.2523154645
39423,40490,44097,1067,3607,2,7200,1.29581369559
39504,40940,44408,1436,3468,2,7200,1.41407151096
39508,48921,50718,9413,1797,8,3600,6.23817473567
39963,40952,44173,989,3221,2,7200,1.30704750078
40002,40973,44360,971,3387,2,7200,1.28668438146
40128,41038,44638,910,3600,2,7200,1.25277777778
40481,41333,44732,852,3399,2,7200,1.2506619594
40930,41451,44626,521,3175,2,7200,1.16409448819
40945,41459,44882,514,3423,2,7200,1.15016067777
40963,41492,44894,529,3402,2,7200,1.15549676661
41026,41571,44809,545,3238,2,7200,1.16831377393
41324,41587,45280,263,3693,2,7200,1.0712158137
41441,41596,45026,155,3430,2,7200,1.04518950437
41456,41670,45143,214,3473,2,7200,1.06161819752
41480,41686,45135,206,3449,2,7200,1.05972745723
41562,41699,45405,137,3706,2,7200,1.03696708041
41576,41789,45253,213,3464,2,7200,1.06148960739
41592,41884,45153,292,3269,2,7200,1.08932395228
41661,42018,45509,357,3491,2,7200,1.1022629619
41675,42089,45439,414,3350,2,7200,1.12358208955
41690,42125,45356,435,3231,2,7200,1.13463324048
41778,42213,45439,435,3226,2,7200,1.13484190949
41874,42249,45673,375,3424,2,7200,1.10952102804
42006,42308,45923,302,3615,2,7200,1.08354080221
42079,42469,46165,390,3696,2,7200,1.10551948052
42115,42479,46209,364,3730,2,7200,1.09758713137
42205,42524,45712,319,3188,2,7200,1.10006273526
42238,42683,45923,445,3240,2,7200,1.13734567901
42298,42722,46241,424,3519,2,7200,1.12048877522
42458,42927,46183,469,3256,2,7200,1.14404176904
42472,42956,46356,484,3400,2,7200,1.14235294118
42514,43087,46549,573,3462,2,7200,1.16551126516
42674,43147,46665,473,3518,2,7200,1.13445139284
42710,43238,46715,528,3477,2,7200,1.15185504745
42918,43256,46636,338,3380,2,7200,1.1
42948,43714,46656,766,2942,2,7200,1.26036709721
43077,44109,47517,1032,3408,2,7200,1.30281690141
43137,44185,47754,1048,3569,2,7200,1.29363967498
43229,44372,48240,1143,3868,2,7200,1.29550155119
43247,44419,47551,1172,3132,2,7200,1.37420178799
43704,44638,48198,934,3560,2,7200,1.26235955056
44066,45770,95080,1704,49310,1,86400,1.03455688501
44098,47189,96445,3091,49256,1,86400,1.06275377619
44099,44649,48130,550,3481,2,7200,1.15800057455
44146,48141,96616,3995,48475,1,86400,1.08241361527
44174,44744,48275,570,3531,2,7200,1.16142735769
44361,44822,48601,461,3779,2,7200,1.12198994443
44409,44893,48000,484,3107,2,7200,1.15577727712
44628,44906,48105,278,3199,2,7200,1.08690215692
44643,45037,48537,394,3500,2,7200,1.11257142857
44733,45146,48897,413,3751,2,7200,1.11010397227
44808,45154,48742,346,3588,2,7200,1.09643255295
44883,45164,48454,281,3290,2,7200,1.08541033435
44898,45265,48860,367,3595,2,7200,1.10208623088
45025,45291,48662,266,3371,2,7200,1.07890833581
45136,45368,48910,232,3542,2,7200,1.06549971767
45151,45417,48693,266,3276,2,7200,1.0811965812
45166,45450,49172,284,3722,2,7200,1.07630306287
45253,45455,48989,202,3534,2,7200,1.0571590266
45280,45521,49258,241,3737,2,7200,1.06449023281
45358,45685,49796,327,4111,2,7200,1.07954269034
45406,45724,49133,318,3409,2,7200,1.09328248753
45440,45934,49588,494,3654,2,7200,1.13519430761
45441,45941,49224,500,3283,2,7200,1.15229972586
45510,46177,49472,667,3295,2,7200,1.20242792109
45676,46195,49757,519,3562,2,7200,1.1457046603
45715,46222,49810,507,3588,2,7200,1.14130434783
45926,46253,49683,327,3430,2,7200,1.09533527697
45928,46368,49852,440,3484,2,7200,1.12629161883
46168,46561,50121,393,3560,2,7200,1.11039325843
46183,46648,50148,465,3500,2,7200,1.13285714286
46210,46667,49981,457,3314,2,7200,1.13789981895
46243,46677,49835,434,3158,2,7200,1.13742875237
46357,46726,50572,369,3846,2,7200,1.09594383775
47281,48211,49057,930,846,5,7200,2.09929078014
47520,47528,50935,8,3407,2,7200,1.00234810684
47553,47563,51123,10,3560,2,7200,1.00280898876
47755,47766,51215,11,3449,2,7200,1.00318933024
48001,48012,51526,11,3514,2,7200,1.0031303358
48987,48993,52511,6,3518,2,7200,1.0017055145
48988,48999,52335,11,3336,2,7200,1.00329736211
48989,49005,52219,16,3214,2,7200,1.00497822029
48991,49010,52460,19,3450,2,7200,1.00550724638
48992,49015,52366,23,3351,2,7200,1.0068636228
48994,49021,52312,27,3291,2,7200,1.00820419325
48995,49028,52489,33,3461,2,7200,1.00953481653
48996,49033,52282,37,3249,2,7200,1.01138811942
48998,49070,52767,72,3697,2,7200,1.0194752502
48999,49075,52210,76,3135,2,7200,1.02424242424
49000,49145,52899,145,3754,2,7200,1.03862546617
49002,49184,52417,182,3233,2,7200,1.05629446335
49003,49235,52280,232,3045,2,7200,1.07619047619
49004,49264,52502,260,3238,2,7200,1.08029647931
49019,49270,52820,251,3550,2,7200,1.07070422535
49134,49275,52949,141,3674,2,7200,1.03837778987
49173,49280,53021,107,3741,2,7200,1.02860197808
49227,49286,52720,59,3434,2,7200,1.01718112988
49260,49293,52897,33,3604,2,7200,1.00915649279
49474,49480,53568,6,4088,2,7200,1.00146771037
49591,49598,53311,7,3713,2,7200,1.00188526798
49685,49691,52951,6,3260,2,7200,1.0018404908
49760,49767,53313,7,3546,2,7200,1.00197405527
49799,49805,53565,6,3760,2,7200,1.00159574468
49813,49821,53381,8,3560,2,7200,1.00224719101
49837,49844,53567,7,3723,2,7200,1.00188020414
49852,49858,53077,6,3219,2,7200,1.0018639329
49982,49987,53341,5,3354,2,7200,1.0014907573
50117,50123,53567,6,3444,2,7200,1.00174216028
50150,50157,53567,7,3410,2,7200,1.00205278592
50574,50581,54334,7,3753,2,7200,1.00186517453
50938,50947,54329,9,3382,2,7200,1.00266114725
51125,51134,54296,9,3162,2,7200,1.00284629981
51215,51227,54400,12,3173,2,7200,1.00378190986
51528,51537,54975,9,3438,2,7200,1.00261780105
52211,52223,55692,12,3469,2,7200,1.00345921015
52226,52232,55936,6,3704,2,7200,1.00161987041
52284,52294,55744,10,3450,2,7200,1.00289855072
52285,52299,55547,14,3248,2,7200,1.00431034483
52315,52324,55832,9,3508,2,7200,1.00256556442
52336,52348,55885,12,3537,2,7200,1.00339270568
52367,52377,55902,10,3525,2,7200,1.00283687943
52418,52428,56010,10,3582,2,7200,1.00279173646
52460,52472,56210,12,3738,2,7200,1.00321027287
52490,52501,55934,11,3433,2,7200,1.00320419458
52505,52514,55664,9,3150,2,7200,1.00285714286
52520,52527,55703,7,3176,2,7200,1.00220403023
52721,52732,56550,11,3818,2,7200,1.00288108958
52770,52779,56379,9,3600,2,7200,1.0025
52821,52831,56021,10,3190,2,7200,1.00313479624
52866,101998,103921,49132,1923,16,7200,26.5496619865
52899,52909,56154,10,3245,2,7200,1.0030816641
52900,52915,56637,15,3722,2,7200,1.00403009135
52952,52960,56585,8,3625,2,7200,1.00220689655
52953,52967,56498,14,3531,2,7200,1.00396488247
53022,53033,56301,11,3268,2,7200,1.00336597307
53080,53088,56411,8,3323,2,7200,1.00240746314
53314,53322,56835,8,3513,2,7200,1.00227725591
53316,53328,56824,12,3496,2,7200,1.00343249428
53343,53352,56716,9,3364,2,7200,1.00267538644
53379,53393,56953,14,3560,2,7200,1.00393258427
53568,53576,57006,8,3430,2,7200,1.00233236152
53569,53583,57292,14,3709,2,7200,1.00377460232
53571,53588,56884,17,3296,2,7200,1.00515776699
53572,53594,57082,22,3488,2,7200,1.00630733945
53587,53600,57200,13,3600,2,7200,1.00361111111
54297,54307,58021,10,3714,2,7200,1.00269251481
54298,102241,103896,47943,1655,16,7200,29.9685800604
54330,54341,57800,11,3459,2,7200,1.00318010986
54344,54351,57887,7,3536,2,7200,1.00197963801
54359,103942,105168,49583,1226,16,7200,41.442903752
54401,54411,58055,10,3644,2,7200,1.0027442371
54977,54986,58408,9,3422,2,7200,1.00263004091
55549,55559,59168,10,3609,2,7200,1.00277085065
55666,55676,59317,10,3641,2,7200,1.00274649821
55693,55704,59262,11,3558,2,7200,1.00309162451
55708,55715,59084,7,3369,2,7200,1.00207776788
55747,55756,59275,9,3519,2,7200,1.00255754476
55834,55844,59392,10,3548,2,7200,1.00281848929
55888,55898,59268,10,3370,2,7200,1.00296735905
55903,55913,59228,10,3315,2,7200,1.00301659125
55937,55945,59349,8,3404,2,7200,1.00235017626
55938,55952,59478,14,3526,2,7200,1.00397050482
56010,56023,59799,13,3776,2,7200,1.00344279661
56025,56032,59527,7,3495,2,7200,1.00200286123
56158,56167,59454,9,3287,2,7200,1.00273805902
56212,56221,59383,9,3162,2,7200,1.00284629981
56302,56314,59902,12,3588,2,7200,1.00334448161
56380,56390,59868,10,3478,2,7200,1.00287521564
56413,56424,60073,11,3649,2,7200,1.00301452453
56501,56509,59758,8,3249,2,7200,1.00246229609
56552,56561,59639,9,3078,2,7200,1.00292397661
56588,56597,60314,9,3717,2,7200,1.00242130751
56639,56648,59861,9,3213,2,7200,1.00280112045
56717,56728,59995,11,3267,2,7200,1.00336700337
56826,56836,60416,10,3580,2,7200,1.00279329609
56841,56848,60446,7,3598,2,7200,1.00194552529
56886,56896,60168,10,3272,2,7200,1.00305623472
56955,56964,60581,9,3617,2,7200,1.00248824993
57009,57018,60436,9,3418,2,7200,1.00263311878
57084,57093,60746,9,3653,2,7200,1.00246372844
57202,57212,60735,10,3523,2,7200,1.00283848992
57295,57301,60940,6,3639,2,7200,1.00164880462
57356,57363,59511,7,2148,1,7200,1.00325884544
57801,57813,61515,12,3702,2,7200,1.00324149109
57885,60458,60478,2573,20,4,3600,129.65
57888,57898,61014,10,3116,2,7200,1.00320924262
58023,58032,61420,9,3388,2,7200,1.00265643447
58056,58067,61478,11,3411,2,7200,1.00322486074
58409,58419,61905,10,3486,2,7200,1.00286861733
58625,59523,59871,898,348,1,7200,3.58045977011
59087,59096,62236,9,3140,2,7200,1.00286624204
59171,59181,62961,10,3780,2,7200,1.00264550265
59231,59239,63187,8,3948,2,7200,1.00202634245
59264,59275,63042,11,3767,2,7200,1.00292009557
59279,59286,62877,7,3591,2,7200,1.00194931774
59280,59292,62653,12,3361,2,7200,1.00357036596
59319,59329,62808,10,3479,2,7200,1.00287438919
59352,59361,63197,9,3836,2,7200,1.00234619395
59385,59395,62957,10,3562,2,7200,1.00280741157
59400,59407,62938,7,3531,2,7200,1.00198244123
59457,59465,63068,8,3603,2,7200,1.00222037191
59481,59490,63225,9,3735,2,7200,1.00240963855
59529,59538,63413,9,3875,2,7200,1.00232258065
59641,59650,63069,9,3419,2,7200,1.00263234864
59761,59769,62957,8,3188,2,7200,1.00250941029
59800,59811,63122,11,3311,2,7200,1.00332225914
59863,59872,63723,9,3851,2,7200,1.00233705531
59878,59885,63343,7,3458,2,7200,1.0020242915
59905,59911,63561,6,3650,2,7200,1.00164383562
59999,60006,63526,7,3520,2,7200,1.00198863636
60074,60080,63538,6,3458,2,7200,1.001735107
60170,60176,63704,6,3528,2,7200,1.00170068027
60315,60321,63999,6,3678,2,7200,1.00163132137
60417,60423,63648,6,3225,2,7200,1.00186046512
60438,60444,63668,6,3224,2,7200,1.00186104218
60453,60490,63776,37,3286,2,7200,1.01125989044
60529,60536,61281,7,745,1,7200,1.00939597315
60582,60592,64047,10,3455,2,7200,1.00289435601
60736,60746,64308,10,3562,2,7200,1.00280741157
60751,60757,64179,6,3422,2,7200,1.00175336061
60941,60952,64507,11,3555,2,7200,1.00309423347
61016,61027,64581,11,3554,2,7200,1.00309510411
61330,61337,62059,7,722,1,7200,1.00969529086
61422,61431,65065,9,3634,2,7200,1.0024766098
61480,61490,65536,10,4046,2,7200,1.00247157687
61519,61526,64820,7,3294,2,7200,1.0021250759
61907,61913,65482,6,3569,2,7200,1.00168114318
62217,62224,148660,7,86436,4,86400,1.00008098477
62239,62246,66221,7,3975,2,7200,1.00176100629
62654,62661,66297,7,3636,2,7200,1.00192519252
62811,62818,66204,7,3386,2,7200,1.00206733609
62880,62887,66314,7,3427,2,7200,1.00204260286
62940,62947,66150,7,3203,2,7200,1.00218545114
62959,62966,66295,7,3329,2,7200,1.00210273355
62960,62972,66456,12,3484,2,7200,1.00344431688
62975,62981,66479,6,3498,2,7200,1.00171526587
63044,63050,66538,6,3488,2,7200,1.00172018349
63068,63076,66504,8,3428,2,7200,1.00233372229
63070,63081,66689,11,3608,2,7200,1.00304878049
63126,63132,66467,6,3335,2,7200,1.00179910045
63189,63196,66702,7,3506,2,7200,1.0019965773
63204,63211,66535,7,3324,2,7200,1.00210589651
63228,63235,66543,7,3308,2,7200,1.00211608222
63345,63352,66385,7,3033,2,7200,1.00230794593
63415,63421,67171,6,3750,2,7200,1.0016
63433,63549,63613,116,64,4,86400,2.8125
63529,63536,66945,7,3409,2,7200,1.00205338809
63544,63573,67291,29,3718,2,7200,1.00779989242
63562,63625,66744,63,3119,2,7200,1.02019878166
63650,63656,67312,6,3656,2,7200,1.00164113786
63671,63678,67099,7,3421,2,7200,1.00204618533
63707,63714,66838,7,3124,2,7200,1.00224071703
63725,63732,67422,7,3690,2,7200,1.00189701897
63779,63786,67345,7,3559,2,7200,1.00196684462
64002,64009,67447,7,3438,2,7200,1.00203606748
64050,64056,67554,6,3498,2,7200,1.00171526587
64182,64189,68095,7,3906,2,7200,1.0017921147
64309,64315,67652,6,3337,2,7200,1.00179802218
64392,64521,64522,129,1,1,25200,13.0
64392,64526,64527,134,1,1,25200,13.5
64392,64534,64535,142,1,1,25200,14.3
64392,64541,64916,149,375,1,25200,1.39733333333
64393,64599,64600,206,1,1,25200,20.7
64393,64547,64548,154,1,1,25200,15.5
64393,64584,64585,191,1,1,25200,19.2
64393,64571,64572,178,1,1,25200,17.9
64393,64559,64560,166,1,1,25200,16.7
64394,64637,64704,243,67,1,25200,4.62686567164
64394,64709,64953,315,244,1,25200,2.29098360656
64395,64754,64768,359,14,1,25200,26.6428571429
64395,64780,64853,385,73,1,25200,6.27397260274
64395,64716,64717,321,1,1,25200,32.2
64396,64865,64974,469,109,1,25200,5.30275229358
64396,64928,64932,532,4,1,25200,53.6
64396,64956,64972,560,16,1,25200,36.0
64397,64992,65043,595,51,1,25200,12.6666666667
64397,64997,65393,600,396,1,25200,2.51515151515
64398,65056,66684,658,1628,1,25200,1.40417690418
64398,65004,65455,606,451,1,25200,2.34368070953
64398,65426,69386,1028,3960,1,25200,1.2595959596
64398,65405,65414,1007,9,1,25200,101.6
64399,66328,66329,1929,1,1,25200,193.0
64399,66333,66334,1934,1,1,25200,193.5
64399,65942,66468,1543,526,1,25200,3.93346007605
64399,65929,65930,1530,1,1,25200,153.1
64399,65467,65917,1068,450,1,25200,3.37333333333
64400,66341,68098,1941,1757,1,25200,2.1047239613
64400,66392,66393,1992,1,1,25200,199.3
64400,66379,66380,1979,1,1,25200,198.0
64400,66361,66367,1961,6,1,25200,196.7
64401,66431,70350,2030,3919,1,25200,1.51798928298
64401,66418,66419,2017,1,1,25200,201.8
64401,66486,66487,2085,1,1,25200,208.6
64402,66597,66623,2195,26,1,25200,85.4230769231
64402,66500,66513,2098,13,1,25200,162.384615385
64402,66525,66531,2123,6,1,25200,212.9
64402,66567,66585,2165,18,1,25200,121.277777778
64402,66543,66544,2141,1,1,25200,214.2
64403,67466,67467,3063,1,1,25200,306.4
64403,67554,67555,3151,1,1,25200,315.2
64403,67480,67588,3077,108,1,25200,29.4907407407
64404,67693,67695,3289,2,1,25200,329.1
64404,67585,67981,3181,396,1,25200,9.03282828283
64404,67600,67622,3196,22,1,25200,146.272727273
64404,67651,67680,3247,29,1,25200,112.965517241
64404,67635,67639,3231,4,1,25200,323.5
64405,67732,67737,3327,5,1,25200,333.2
64406,67788,73921,3382,6133,1,25200,1.55144301321
64406,70209,70215,5803,6,1,25200,580.9
64406,70198,71208,5792,1010,1,25200,6.73465346535
64406,70204,70205,5798,1,1,25200,579.9
64406,67761,67771,3355,10,1,25200,336.5
64407,70233,71090,5826,857,1,25200,7.79813302217
64407,70215,70225,5808,10,1,25200,581.8
64407,70227,70228,5820,1,1,25200,582.1
64407,70238,70263,5831,25,1,25200,234.24
64408,71116,71117,6708,1,1,25200,670.9
64408,70244,70257,5836,13,1,25200,449.923076923
64408,71102,71104,6694,2,1,25200,669.6
64408,71129,71431,6721,302,1,25200,23.2549668874
64408,70343,70345,5935,2,1,25200,593.7
64409,71220,71221,6811,1,1,25200,681.2
64410,71265,71267,6855,2,1,25200,685.7
64410,71279,71302,6869,23,1,25200,299.652173913
64411,71317,71318,6906,1,1,25200,690.7
64411,71356,71357,6945,1,1,25200,694.6
64411,71329,71344,6918,15,1,25200,462.2
64411,71310,72042,6899,732,1,25200,10.424863388
64412,71458,71646,7046,188,1,25200,38.4787234043
64412,71451,71472,7039,21,1,25200,336.19047619
64412,71382,71437,6970,55,1,25200,127.727272727
64412,71444,71445,7032,1,1,25200,703.3
64413,71484,73109,7071,1625,1,25200,5.35138461538
64413,71705,71706,7292,1,1,25200,729.3
64413,71682,71693,7269,11,1,25200,661.818181818
64413,71658,71670,7245,12,1,25200,604.75
64414,71756,72810,7342,1054,1,25200,7.96584440228
64414,71730,71731,7316,1,1,25200,731.7
64415,71887,72043,7472,156,1,25200,48.8974358974
64415,72060,72891,7645,831,1,25200,10.1997593261
64415,72068,72069,7653,1,1,25200,765.4
64415,72054,72056,7639,2,1,25200,764.1
64416,72648,72649,8232,1,1,25200,823.3
64416,72231,72636,7815,405,1,25200,20.2962962963
64416,72133,72219,7717,86,1,25200,90.7325581395
64416,72093,72122,7677,29,1,25200,265.724137931
64417,72791,72792,8374,1,1,25200,837.5
64417,72677,72779,8260,102,1,25200,81.9803921569
64418,72804,72817,8386,13,1,25200,646.076923077
64418,72844,72854,8426,10,1,25200,843.6
64418,72837,72859,8419,22,1,25200,383.681818182
64419,72880,74489,8461,1609,1,25200,6.25854568055
64419,73613,73617,9194,4,1,25200,919.8
64419,73700,74464,9281,764,1,25200,13.1479057592
64419,72873,72881,8454,8,1,25200,846.2
64419,73630,73631,9211,1,1,25200,921.2
64420,72910,72934,8490,24,1,25200,354.75
64420,72932,72933,8512,1,1,25200,851.3
64420,72903,72920,8483,17,1,25200,500.0
64420,72894,72895,8474,1,1,25200,847.5
64421,73600,73601,9179,1,1,25200,918.0
64421,73539,73540,9118,1,1,25200,911.9
64421,73122,73123,8701,1,1,25200,870.2
64421,73552,73587,9131,35,1,25200,261.885714286
64421,73136,73785,8715,649,1,25200,14.4283513097
64422,73857,73858,9435,1,1,25200,943.6
64422,73844,73845,9422,1,1,25200,942.3
64422,73797,73798,9375,1,1,25200,937.6
64422,73816,73832,9394,16,1,25200,588.125
64423,74234,74235,9811,1,1,25200,981.2
64423,73873,74221,9450,348,1,25200,28.1551724138
64423,73935,74079,9512,144,1,25200,67.0555555556
64423,74091,74427,9668,336,1,25200,29.7738095238
64424,74514,74959,10090,445,1,25200,23.6741573034
64424,74439,74440,10015,1,1,25200,1001.6
64424,74272,79724,9848,5452,1,25200,2.80630961115
64425,75029,75030,10604,1,1,25200,1060.5
64425,74971,74974,10546,3,1,25200,1054.9
64426,75042,75756,10616,714,1,25200,15.8683473389
64426,75831,75878,11405,47,1,25200,243.659574468
64426,74992,74993,10566,1,1,25200,1056.7
64426,75005,75017,10579,12,1,25200,882.583333333
64426,75768,75819,11342,51,1,25200,223.392156863
64427,75891,76069,11464,178,1,25200,65.404494382
64427,78450,78451,14023,1,1,25200,1402.4
64427,76081,76082,11654,1,1,25200,1165.5
64427,75977,101215,11550,25238,1,25200,1.45764323639
64428,78462,78463,14034,1,1,25200,1403.5
64428,76108,80228,11680,4120,1,25200,3.83495145631
64428,78475,78480,14047,5,1,25200,1405.2
64428,78492,78493,14064,1,1,25200,1406.5
64428,76094,76096,11666,2,1,25200,1166.8
64429,79971,79973,15542,2,1,25200,1554.4
64429,79849,79959,15420,110,1,25200,141.181818182
64429,79836,79837,15407,1,1,25200,1540.8
64430,78517,78747,14087,230,1,25200,62.247826087
64430,78759,78760,14329,1,1,25200,1433.0
64430,78772,78773,14342,1,1,25200,1434.3
64431,79118,80867,14687,1749,1,25200,9.39736992567
64431,80064,80065,15633,1,1,25200,1563.4
64431,79736,79824,15305,88,1,25200,174.920454545
64431,78797,79105,14366,308,1,25200,47.6428571429
64431,79999,80052,15568,53,1,25200,294.735849057
64432,80240,105462,15808,25222,1,25200,1.62675442074
64432,80078,80191,15646,113,1,25200,139.460176991
64432,80204,80506,15772,302,1,25200,53.2251655629
64432,80470,80471,16038,1,1,25200,1603.9
64433,80483,82670,16050,2187,1,25200,8.33882030178
64433,80879,80880,16446,1,1,25200,1644.7
64433,80523,80524,16090,1,1,25200,1609.1
64433,82479,82486,18046,7,1,25200,1805.3
64433,80727,81393,16294,666,1,25200,25.4654654655
64434,80549,80567,16115,18,1,25200,896.277777778
64435,80597,80598,16162,1,1,25200,1616.3
64435,80623,80701,16188,78,1,25200,208.538461538
64435,80580,80581,16145,1,1,25200,1614.6
64436,80713,80714,16277,1,1,25200,1627.8
64436,82522,82585,18086,63,1,25200,288.079365079
64437,82236,82323,17799,87,1,25200,205.586206897
64437,82222,82224,17785,2,1,25200,1778.7
64437,80897,82466,16460,1569,1,25200,11.4907584449
64437,81405,82177,16968,772,1,25200,22.9792746114
64437,82189,82210,17752,21,1,25200,846.333333333
64438,82335,82336,17897,1,1,25200,1789.8
64438,82597,82600,18159,3,1,25200,1816.2
64438,82348,82363,17910,15,1,25200,1195.0
64438,82375,87018,17937,4643,1,25200,4.86323497739
64439,82847,82848,18408,1,1,25200,1840.9
64439,82824,82835,18385,11,1,25200,1672.36363636
64439,82624,83278,18185,654,1,25200,28.8058103976
64439,82682,82683,18243,1,1,25200,1824.4
64440,82809,82812,18369,3,1,25200,1837.2
64440,82695,82796,18255,101,1,25200,181.742574257
64440,84132,84133,19692,1,1,25200,1969.3
64440,83291,85716,18851,2425,1,25200,8.77360824742
64440,82861,86183,18421,3322,1,25200,6.54515352197
64441,84173,84174,19732,1,1,25200,1973.3
64441,84186,84237,19745,51,1,25200,388.156862745
64441,84145,84318,19704,173,1,25200,114.895953757
64442,84548,84564,20106,16,1,25200,1257.625
64442,84577,84579,20135,2,1,25200,2013.7
64442,84534,84535,20092,1,1,25200,2009.3
64442,84248,84266,19806,18,1,25200,1101.33333333
64443,84367,86140,19924,1773,1,25200,12.2374506486
64443,84279,84521,19836,242,1,25200,82.9669421488
64443,84330,84331,19887,1,1,25200,1988.8
64444,84603,87599,20159,2996,1,25200,7.72863818425
64444,85890,85891,21446,1,1,25200,2144.7
64444,85904,86331,21460,427,1,25200,51.2576112412
64444,85728,85877,21284,149,1,25200,143.845637584
64445,86223,86224,21778,1,1,25200,2177.9
64445,86152,86199,21707,47,1,25200,462.85106383
64445,86236,86474,21791,238,1,25200,92.5588235294
64445,86196,86362,21751,166,1,25200,132.030120482
64446,86502,86569,22056,67,1,25200,330.194029851
64446,86344,86348,21898,4,1,25200,2190.2
64446,86486,86490,22040,4,1,25200,2204.4
64447,86374,86379,21927,5,1,25200,2193.2
64447,87292,87577,22845,285,1,25200,81.1578947368
64447,86360,86579,21913,219,1,25200,101.059360731
64447,86391,86544,21944,153,1,25200,144.424836601
64447,86556,86558,22109,2,1,25200,2211.1
64448,87316,87410,22868,94,1,25200,244.276595745
64449,86626,87182,22177,556,1,25200,40.8866906475
64449,87048,87049,22599,1,1,25200,2260.0
64449,87030,87031,22581,1,1,25200,2258.2
64450,87073,87074,22623,1,1,25200,2262.4
64450,87194,87304,22744,110,1,25200,207.763636364
64450,87086,87233,22636,147,1,25200,154.986394558
64451,87246,87248,22795,2,1,25200,2279.7
64451,87422,87523,22971,101,1,25200,228.435643564
64451,87261,87280,22810,19,1,25200,1201.52631579
64452,87590,88024,23138,434,1,25200,54.3133640553
64452,87583,87586,23131,3,1,25200,2313.4
64452,87559,87571,23107,12,1,25200,1926.58333333
64452,87537,87547,23085,10,1,25200,2309.5
64453,88569,88575,24116,6,1,25200,2412.2
64453,88036,88358,23583,322,1,25200,74.2391304348
64453,88370,88371,23917,1,1,25200,2391.8
64453,88383,88557,23930,174,1,25200,138.528735632
64454,88606,88832,24152,226,1,25200,107.867256637
64454,88587,88871,24133,284,1,25200,85.9753521127
64454,88847,88923,24393,76,1,25200,321.960526316
64455,88939,88940,24484,1,1,25200,2448.5
64455,88946,88954,24491,8,1,25200,2449.9
64456,88972,88974,24516,2,1,25200,2451.8
64456,88979,88992,24523,13,1,25200,1887.38461538
64456,88987,88989,24531,2,1,25200,2453.3
64456,89083,89164,24627,81,1,25200,305.037037037
64457,89204,89225,24747,21,1,25200,1179.42857143
64457,89008,89009,24551,1,1,25200,2455.2
64457,89001,89051,24544,50,1,25200,491.88
64457,89021,89192,24564,171,1,25200,144.649122807
64458,89211,114427,24753,25216,1,25200,1.98163864213
64458,93294,93332,28836,38,1,25200,759.842105263
64458,89064,89070,24606,6,1,25200,2461.2
64458,89177,89183,24719,6,1,25200,2472.5
64459,89312,89726,24853,414,1,25200,61.0314009662
64459,89739,94948,25280,5209,1,25200,5.85313879823
64459,89237,89300,24778,63,1,25200,394.301587302
64460,95053,95055,30593,2,1,25200,3059.5
64460,94959,95041,30499,82,1,25200,372.93902439
64460,93363,93375,28903,12,1,25200,2409.58333333
64460,91560,93282,27100,1722,1,25200,16.737514518
64460,93388,95988,28928,2600,1,25200,12.1261538462
64461,95101,95530,30640,429,1,25200,72.4219114219
64461,95185,95186,30724,1,1,25200,3072.5
64461,95094,95109,30633,15,1,25200,2043.2
64461,95080,95082,30619,2,1,25200,3062.1
64462,95121,95122,30659,1,1,25200,3066.0
64462,95198,95221,30736,23,1,25200,1337.34782609
64462,95134,95144,30672,10,1,25200,3068.2
64463,95169,95173,30706,4,1,25200,3071.0
64463,96299,98654,31836,2355,1,25200,14.5184713376
64463,96000,96179,31537,179,1,25200,177.184357542
64463,95542,96180,31079,638,1,25200,49.7131661442
64463,95233,96284,30770,1051,1,25200,30.2768791627
64464,96564,96884,32100,320,1,25200,101.3125
64464,96461,96552,31997,91,1,25200,352.615384615
64464,96898,96899,32434,1,1,25200,3243.5
64464,96632,97291,32168,659,1,25200,49.813353566
64465,97089,97091,32624,2,1,25200,3262.6
64465,96911,97076,32446,165,1,25200,197.642424242
64466,97140,97480,32674,340,1,25200,97.1
64467,97740,97741,33273,1,1,25200,3327.4
64467,97696,97726,33229,30,1,25200,1108.63333333
64467,97303,97933,32836,630,1,25200,53.1206349206
64467,97500,97501,33033,1,1,25200,3303.4
64468,97537,97540,33069,3,1,25200,3307.2
64468,97552,97632,33084,80,1,25200,414.55
64468,97664,97667,33196,3,1,25200,3319.9
64468,97644,97647,33176,3,1,25200,3317.9
64469,98666,98838,34197,172,1,25200,199.819767442
64469,98850,98851,34381,1,1,25200,3438.2
64469,97945,101470,33476,3525,1,25200,10.4967375887
64469,97756,100967,33287,3211,1,25200,11.3665524759
64469,98864,99335,34395,471,1,25200,74.025477707
64470,100041,100045,35571,4,1,25200,3557.5
64470,99631,99768,35161,137,1,25200,257.649635036
64470,99347,99619,34877,272,1,25200,129.224264706
64471,101229,101454,36758,225,1,25200,164.368888889
64471,100013,100016,35542,3,1,25200,3554.5
64471,99780,100000,35309,220,1,25200,161.495454545
64471,100689,100703,36218,14,1,25200,2588.0
64472,100063,100192,35591,129,1,25200,276.899224806
64472,100204,100205,35732,1,1,25200,3573.3
64472,100218,100580,35746,362,1,25200,99.7458563536
64472,100592,100643,36120,51,1,25200,709.235294118
64472,100655,100665,36183,10,1,25200,3619.3
64473,101469,101471,36996,2,1,25200,3699.8
64473,100979,101931,36506,952,1,25200,39.3466386555
64473,101943,102046,37470,103,1,25200,364.786407767
64473,100715,125945,36242,25230,1,25200,2.43646452636
64474,102097,102203,37623,106,1,25200,355.933962264
64474,102290,102299,37816,9,1,25200,3782.5
64474,102297,102308,37823,11,1,25200,3439.45454545
64474,102058,102822,37584,764,1,25200,50.1937172775
64474,102092,102111,37618,19,1,25200,1980.89473684
64475,102123,102239,37648,116,1,25200,325.551724138
64475,102311,102312,37836,1,1,25200,3783.7
64475,102215,102216,37740,1,1,25200,3774.1
64476,102228,102511,37752,283,1,25200,134.399293286
64476,102258,102305,37782,47,1,25200,804.872340426
64476,102279,102281,37803,2,1,25200,3780.5
64476,102252,102268,37776,16,1,25200,2362.0
64476,102265,102278,37789,13,1,25200,2907.84615385
64477,102330,102494,37853,164,1,25200,231.81097561
64477,102344,102352,37867,8,1,25200,3787.5
64477,102325,102327,37848,2,1,25200,3785.0
64477,102337,102503,37860,166,1,25200,229.072289157
64478,102703,103214,38225,511,1,25200,75.8043052838
64478,102515,102516,38037,1,1,25200,3803.8
64478,102433,102834,37955,401,1,25200,95.650872818
64478,102364,102421,37886,57,1,25200,665.666666667
64478,102506,102625,38028,119,1,25200,320.56302521
64479,102523,102675,38044,152,1,25200,251.289473684
64479,102834,102835,38355,1,1,25200,3835.6
64479,102530,102596,38051,66,1,25200,577.53030303
64479,102904,103350,38425,446,1,25200,87.1547085202
64480,103105,104651,38625,1546,1,25200,25.9838292367
64480,102644,102870,38164,226,1,25200,169.867256637
64480,102608,102632,38128,24,1,25200,1589.66666667
64480,102690,102691,38210,1,1,25200,3821.1
64480,102637,103871,38157,1234,1,25200,31.9213938412
64481,102878,102880,38397,2,1,25200,3839.9
64481,102847,102866,38366,19,1,25200,2020.26315789
64481,102852,102853,38371,1,1,25200,3837.2
64482,103066,103067,38584,1,1,25200,3858.5
64482,102897,103053,38415,156,1,25200,247.25
64482,103227,103239,38745,12,1,25200,3229.75
64482,102883,103762,38401,879,1,25200,44.6871444824
64483,103362,103364,38879,2,1,25200,3888.1
64483,103251,128497,38768,25246,1,25200,2.53560960152
64484,103487,103526,39003,39,1,25200,1001.07692308
64484,103448,103450,38964,2,1,25200,3896.6
64484,103376,103436,38892,60,1,25200,649.2
64485,103538,103541,39053,3,1,25200,3905.6
64485,103565,103706,39080,141,1,25200,278.163120567
64485,103719,103720,39234,1,1,25200,3923.5
64485,103883,103898,39398,15,1,25200,2627.53333333
64486,103733,104671,39247,938,1,25200,42.8411513859
64486,103775,103778,39289,3,1,25200,3929.2
64486,103790,103797,39304,7,1,25200,3931.1
64487,103929,103930,39442,1,1,25200,3944.3
64487,103924,103925,39437,1,1,25200,3943.8
64487,103947,104148,39460,201,1,25200,197.31840796
64487,103918,103919,39431,1,1,25200,3943.2
64487,103935,103987,39448,52,1,25200,759.615384615
64488,104017,104182,39529,165,1,25200,240.56969697
64488,103971,104084,39483,113,1,25200,350.407079646
64488,104110,104278,39622,168,1,25200,236.845238095
64488,104000,104005,39512,5,1,25200,3951.7
64489,104161,104166,39672,5,1,25200,3967.7
64489,104212,104261,39723,49,1,25200,811.673469388
64489,104096,104097,39607,1,1,25200,3960.8
64490,104191,104193,39701,2,1,25200,3970.3
64490,104197,104199,39707,2,1,25200,3970.9
64490,104245,104279,39755,34,1,25200,1170.26470588
64490,104219,104374,39729,155,1,25200,257.316129032
64491,104274,104275,39783,1,1,25200,3978.4
64491,104298,104382,39807,84,1,25200,474.892857143
64491,104286,104287,39795,1,1,25200,3979.6
64491,104250,104255,39759,5,1,25200,3976.4
64492,104377,104460,39885,83,1,25200,481.542168675
64492,104364,104366,39872,2,1,25200,3987.4
64492,104350,104351,39858,1,1,25200,3985.9
64492,104305,104337,39813,32,1,25200,1245.15625
64493,104386,104412,39893,26,1,25200,1535.34615385
64493,104407,104409,39914,2,1,25200,3991.6
64493,104394,104395,39901,1,1,25200,3990.2
64493,104486,104713,39993,227,1,25200,177.18061674
64493,104421,104475,39928,54,1,25200,740.407407407
64494,104507,104511,40013,4,1,25200,4001.7
64494,104493,104495,39999,2,1,25200,4000.1
64494,104471,104474,39977,3,1,25200,3998.0
64494,104428,111340,39934,6912,1,25200,6.77748842593
64495,104535,104536,40040,1,1,25200,4004.1
64495,104663,105089,40168,426,1,25200,95.2910798122
64495,104548,104703,40053,155,1,25200,259.406451613
64495,104726,104727,40231,1,1,25200,4023.2
64496,104683,104771,40187,88,1,25200,457.670454545
64496,104715,104716,40219,1,1,25200,4022.0
64496,104753,104755,40257,2,1,25200,4025.9
64496,104761,106642,40265,1881,1,25200,22.4061669325
64497,104747,104748,40250,1,1,25200,4025.1
64498,104788,104789,40290,1,1,25200,4029.1
64498,104795,104839,40297,44,1,25200,916.840909091
64498,104802,113231,40304,8429,1,25200,5.78158737691
64499,104851,104872,40352,21,1,25200,1922.52380952
64499,104885,104888,40386,3,1,25200,4038.9
64499,104904,104913,40405,9,1,25200,4041.4
64499,104925,105095,40426,170,1,25200,238.8
64499,105102,105305,40603,203,1,25200,201.014778325
64500,105196,105256,40696,60,1,25200,679.266666667
64500,105180,105569,40680,389,1,25200,105.575835476
64500,105185,109995,40685,4810,1,25200,9.45841995842
64500,105109,105651,40609,542,1,25200,75.9243542435
64501,105190,105576,40689,386,1,25200,106.411917098
64501,105223,108979,40722,3756,1,25200,11.8418530351
64501,105228,105229,40727,1,1,25200,4072.8
64501,105201,105216,40700,15,1,25200,2714.33333333
64501,105218,105230,40717,12,1,25200,3394.08333333
64502,105212,105224,40710,12,1,25200,3393.5
64502,105234,130464,40732,25230,1,25200,2.61442726912
64502,105239,106596,40737,1357,1,25200,31.0198968312
64503,105250,105274,40747,24,1,25200,1698.79166667
64503,105255,105783,40752,528,1,25200,78.1818181818
64503,105261,105391,40758,130,1,25200,314.523076923
64504,105410,105433,40906,23,1,25200,1779.52173913
64504,105285,105286,40781,1,1,25200,4078.2
64504,105403,105405,40899,2,1,25200,4090.1
64504,105290,107156,40786,1866,1,25200,22.857449089
64505,105301,105850,40796,549,1,25200,75.3096539162
64505,105329,105696,40824,367,1,25200,112.237057221
64505,105306,105307,40801,1,1,25200,4080.2
64505,105295,105392,40790,97,1,25200,421.515463918
64506,105336,105483,40830,147,1,25200,278.755102041
64506,105365,105762,40859,397,1,25200,103.919395466
64506,105342,105348,40836,6,1,25200,4084.2
64506,105359,105360,40853,1,1,25200,4085.4
64507,105474,105477,40967,3,1,25200,4097.0
64507,105372,108227,40865,2855,1,25200,15.3134851138
64507,105430,105431,40923,1,1,25200,4092.4
64508,105458,107569,40950,2111,1,25200,20.3983893889
64508,64514,67771,6,3257,2,7200,1.00184218606
64508,105489,105587,40981,98,1,25200,419.173469388
64508,105450,105453,40942,3,1,25200,4094.5
64508,105443,105446,40935,3,1,25200,4093.8
64509,105508,105572,40999,64,1,25200,641.609375
64509,105516,105517,41007,1,1,25200,4100.8
64509,105501,105503,40992,2,1,25200,4099.4
64510,105531,105553,41021,22,1,25200,1865.59090909
64510,105524,105526,41014,2,1,25200,4101.6
64510,105551,105912,41041,361,1,25200,114.686980609
64511,105588,105590,41077,2,1,25200,4107.9
64511,105593,105599,41082,6,1,25200,4108.8
64511,105600,105601,41089,1,1,25200,4109.0
64511,105566,105680,41055,114,1,25200,361.131578947
64511,105581,105661,41070,80,1,25200,514.375
64512,105619,105620,41107,1,1,25200,4110.8
64512,105607,105612,41095,5,1,25200,4110.0
64513,105670,105690,41157,20,1,25200,2058.85
64513,105663,105685,41150,22,1,25200,1871.45454545
64513,105639,109890,41126,4251,1,25200,10.674429546
64513,105644,105653,41131,9,1,25200,4114.0
64513,105632,105761,41119,129,1,25200,319.751937984
64514,105682,105683,41168,1,1,25200,4116.9
64514,105717,105719,41203,2,1,25200,4120.5
64515,105731,106489,41216,758,1,25200,55.3746701847
64515,105709,105772,41194,63,1,25200,654.873015873
64515,105722,105724,41207,2,1,25200,4120.9
64515,105692,105731,41177,39,1,25200,1056.82051282
64515,105704,105763,41189,59,1,25200,699.118644068
64516,105745,110919,41229,5174,1,25200,8.96849632779
64516,105738,105739,41222,1,1,25200,4122.3
64517,105773,105775,41256,2,1,25200,4125.8
64517,105780,105781,41263,1,1,25200,4126.4
64518,105785,105916,41267,131,1,25200,316.015267176
64518,105791,105793,41273,2,1,25200,4127.5
64518,105798,106320,41280,522,1,25200,80.0804597701
64519,105821,131037,41302,25216,1,25200,2.63792829949
64519,105804,105924,41285,120,1,25200,345.041666667
64519,105809,105810,41290,1,1,25200,4129.1
64520,105833,105852,41313,19,1,25200,2175.36842105
64520,105862,105864,41342,2,1,25200,4134.4
64520,105840,105873,41320,33,1,25200,1253.12121212
64520,105814,105816,41294,2,1,25200,4129.6
64521,105869,105871,41348,2,1,25200,4135.0
64521,105876,107020,41355,1144,1,25200,37.1494755245
64522,105891,129118,41369,23227,1,25200,2.78107375038
64522,105884,106177,41362,293,1,25200,142.167235495
64522,105924,105927,41402,3,1,25200,4140.5
64522,105931,105969,41409,38,1,25200,1090.71052632
64523,105952,106002,41429,50,1,25200,829.58
64523,105938,105940,41415,2,1,25200,4141.7
64523,105945,106126,41422,181,1,25200,229.850828729
64524,106039,107096,41515,1057,1,25200,40.2762535478
64524,105981,106032,41457,51,1,25200,813.882352941
64524,106014,106027,41490,13,1,25200,3192.53846154
64524,106600,106601,42076,1,1,25200,4207.7
64525,106139,106141,41614,2,1,25200,4161.6
64525,106153,131367,41628,25214,1,25200,2.6509875466
64525,106046,106533,41521,487,1,25200,86.2587268994
64526,106257,106258,41731,1,1,25200,4173.2
64526,106228,106232,41702,4,1,25200,4170.6
64526,106189,106216,41663,27,1,25200,1544.07407407
64526,106244,106245,41718,1,1,25200,4171.9
64527,106332,106334,41805,2,1,25200,4180.7
64527,106347,106348,41820,1,1,25200,4182.1
64527,106270,106488,41743,218,1,25200,192.481651376
64528,106417,106419,41889,2,1,25200,4189.1
64528,106373,106405,41845,32,1,25200,1308.65625
64529,106576,106738,42047,162,1,25200,260.549382716
64529,106444,106465,41915,21,1,25200,1996.95238095
64529,106500,106502,41971,2,1,25200,4197.3
64530,106582,107115,42052,533,1,25200,79.8968105066
64530,106594,106980,42064,386,1,25200,109.974093264
64530,106608,106609,42078,1,1,25200,4207.9
64531,106613,106702,42082,89,1,25200,473.831460674
64531,106624,106626,42093,2,1,25200,4209.5
64531,106619,106831,42088,212,1,25200,199.528301887
64532,106635,106722,42103,87,1,25200,484.942528736
64532,106630,106631,42098,1,1,25200,4209.9
64532,106646,106648,42114,2,1,25200,4211.6
64532,106641,106796,42109,155,1,25200,272.670967742
64533,106664,106666,42131,2,1,25200,4213.3
64533,106670,106672,42137,2,1,25200,4213.9
64533,106659,106895,42126,236,1,25200,179.5
64534,106689,106836,42155,147,1,25200,287.768707483
64534,106682,107598,42148,916,1,25200,47.0131004367
64534,106694,106861,42160,167,1,25200,253.45508982
64535,106715,106779,42180,64,1,25200,660.0625
64535,106741,106744,42206,3,1,25200,4220.9
64535,106700,106816,42165,116,1,25200,364.49137931
64536,106757,106764,42221,7,1,25200,4222.8
64536,106750,106789,42214,39,1,25200,1083.41025641
64536,106776,106790,42240,14,1,25200,3018.14285714
64537,106806,106809,42269,3,1,25200,4227.2
64537,106818,106885,42281,67,1,25200,632.059701493
64537,106813,106827,42276,14,1,25200,3020.71428571
64538,106847,106857,42309,10,1,25200,4231.9
64538,106829,132070,42291,25241,1,25200,2.67548829286
64538,106842,106896,42304,54,1,25200,784.407407407
64539,106859,107804,42320,945,1,25200,45.7830687831
64539,106854,106856,42315,2,1,25200,4231.7
64539,106878,106893,42339,15,1,25200,2823.6
64540,106890,107367,42350,477,1,25200,89.784067086
64540,106885,106929,42345,44,1,25200,963.386363636
64540,106897,107061,42357,164,1,25200,259.274390244
64541,106909,107068,42368,159,1,25200,267.465408805
64541,106902,106904,42361,2,1,25200,4236.3
64541,106920,106924,42379,4,1,25200,4238.3
64541,106914,107907,42373,993,1,25200,43.6717019134
64542,106943,106945,42401,2,1,25200,4240.3
64542,106936,108104,42394,1168,1,25200,37.2962328767
64543,106948,118877,42405,11929,1,25200,4.55478246291
64543,106992,106994,42449,2,1,25200,4245.1
64544,107028,107162,42484,134,1,25200,318.044776119
64544,107035,107583,42491,548,1,25200,78.5383211679
64544,107004,107021,42460,17,1,25200,2498.64705882
64544,107011,107016,42467,5,1,25200,4247.2
64545,107073,107169,42528,96,1,25200,444.0
64545,107056,107077,42511,21,1,25200,2025.33333333
64545,107040,107044,42495,4,1,25200,4249.9
64546,107110,107155,42564,45,1,25200,946.866666667
64546,107103,108422,42557,1319,1,25200,33.2645943897
64546,107127,107234,42581,107,1,25200,398.953271028
64546,107089,107091,42543,2,1,25200,4254.5
64547,107180,107181,42633,1,1,25200,4263.4
64547,107167,107444,42620,277,1,25200,154.862815884
64547,107173,107238,42626,65,1,25200,656.784615385
64548,107207,107670,42659,463,1,25200,93.1360691145
64548,107187,107526,42639,339,1,25200,126.778761062
64548,107253,107255,42705,2,1,25200,4270.7
64549,107392,107396,42843,4,1,25200,4284.7
64549,107407,108119,42858,712,1,25200,61.1938202247
64549,107267,107381,42718,114,1,25200,375.719298246
64550,107427,107428,42877,1,1,25200,4287.8
64550,107440,107445,42890,5,1,25200,4289.5
64550,107432,107456,42882,24,1,25200,1787.75
64550,107413,108411,42863,998,1,25200,43.9488977956
64551,107475,107526,42924,51,1,25200,842.647058824
64551,107456,107458,42905,2,1,25200,4290.7
64552,107505,107507,42953,2,1,25200,4295.5
64552,107492,107519,42940,27,1,25200,1591.37037037
64552,107480,107619,42928,139,1,25200,309.834532374
64552,107498,109370,42946,1872,1,25200,23.9412393162
64553,107556,107598,43003,42,1,25200,1024.88095238
64553,107551,107554,42998,3,1,25200,4300.1
64554,107540,108948,42986,1408,1,25200,31.5298295455
64554,107533,107553,42979,20,1,25200,2149.95
64554,107546,107548,42992,2,1,25200,4299.4
64555,107564,107600,43009,36,1,25200,1195.69444444
64555,107571,108264,43016,693,1,25200,63.0721500722
64556,107638,108029,43082,391,1,25200,111.184143223
64556,107633,107635,43077,2,1,25200,4307.9
64556,107584,107586,43028,2,1,25200,4303.0
64556,107576,107579,43020,3,1,25200,4302.3
64557,107598,107600,43041,2,1,25200,4304.3
64557,107591,108056,43034,465,1,25200,93.5462365591
64557,107603,107604,43046,1,1,25200,4304.7
64558,107610,107618,43052,8,1,25200,4306.0
64558,107646,107648,43088,2,1,25200,4309.0
64558,107615,112385,43057,4770,1,25200,10.0266247379
64558,107764,107766,43206,2,1,25200,4320.8
64559,107657,107707,43098,50,1,25200,862.96
64559,107651,132113,43092,24462,1,25200,2.76158940397
64560,107683,107685,43123,2,1,25200,4312.5
64560,107697,107812,43137,115,1,25200,376.104347826
64561,107704,107842,43143,138,1,25200,313.630434783
64561,107718,107719,43157,1,1,25200,4315.8
64561,107725,107750,43164,25,1,25200,1727.56
64562,107783,107911,43221,128,1,25200,338.6640625
64563,107788,107792,43225,4,1,25200,4322.9
64563,107796,108392,43233,596,1,25200,73.538590604
64563,107805,107812,43242,7,1,25200,4324.9
64564,107817,107819,43253,2,1,25200,4325.5
64564,107823,107825,43259,2,1,25200,4326.1
64564,107836,108832,43272,996,1,25200,44.4457831325
64565,107848,107942,43283,94,1,25200,461.457446809
64565,107841,107842,43276,1,1,25200,4327.7
64565,107853,107854,43288,1,1,25200,4328.9
64566,107861,107868,43295,7,1,25200,4330.2
64566,107866,107869,43300,3,1,25200,4330.3
64566,107874,109436,43308,1562,1,25200,28.7259923175
64567,107881,107957,43314,76,1,25200,570.921052632
64567,107886,107887,43319,1,1,25200,4332.0
64567,107899,107918,43332,19,1,25200,2281.63157895
64568,107931,107934,43363,3,1,25200,4336.6
64568,107946,109165,43378,1219,1,25200,36.5849056604
64568,107954,107956,43386,2,1,25200,4338.8
64568,107938,107945,43370,7,1,25200,4337.7
64569,107975,107977,43406,2,1,25200,4340.8
64569,107968,107985,43399,17,1,25200,2553.88235294
64569,107961,108047,43392,86,1,25200,505.558139535
64570,107997,109517,43427,1520,1,25200,29.5703947368
64570,108018,108849,43448,831,1,25200,53.2839951865
64570,107989,108764,43419,775,1,25200,57.024516129
64570,108005,108007,43435,2,1,25200,4343.7
64571,108041,108048,43470,7,1,25200,4347.7
64571,108065,108481,43494,416,1,25200,105.552884615
64571,108059,108062,43488,3,1,25200,4349.1
64572,108087,108128,43515,41,1,25200,1062.34146341
64572,108079,108119,43507,40,1,25200,1088.675
64572,108117,108360,43545,243,1,25200,180.197530864
64572,108072,108074,43500,2,1,25200,4350.2
64573,108143,108146,43570,3,1,25200,4357.3
64573,108131,108284,43558,153,1,25200,285.692810458
64573,108136,108315,43563,179,1,25200,244.368715084
64574,108183,133424,43609,25241,1,25200,2.72770492453
64574,108239,108242,43665,3,1,25200,4366.8
64575,108254,133456,43679,25202,1,25200,2.73315609872
64575,108297,108300,43722,3,1,25200,4372.5
64575,108312,108990,43737,678,1,25200,65.5088495575
64576,108405,108772,43829,367,1,25200,120.42506812
64576,108373,109436,43797,1063,1,25200,42.2013170273
64576,108424,108426,43848,2,1,25200,4385.0
64577,108431,108432,43854,1,1,25200,4385.5
64577,108443,108447,43866,4,1,25200,4387.0
64577,108438,108444,43861,6,1,25200,4386.7
64577,108451,108452,43874,1,1,25200,4387.5
64578,108465,109031,43887,566,1,25200,78.538869258
64578,108470,108687,43892,217,1,25200,203.267281106
64579,108489,108491,43910,2,1,25200,4391.2
64579,108496,108499,43917,3,1,25200,4392.0
64579,108477,108500,43898,23,1,25200,1909.60869565
64580,108502,108675,43922,173,1,25200,254.884393064
64580,108518,108521,43938,3,1,25200,4394.1
64580,108511,108512,43931,1,1,25200,4393.2
64581,108552,108581,43971,29,1,25200,1517.24137931
64581,108546,108552,43965,6,1,25200,4397.1
64582,108744,108747,44162,3,1,25200,4416.5
64582,108686,108689,44104,3,1,25200,4410.7
64582,108699,108732,44117,33,1,25200,1337.87878788
64582,108706,108787,44124,81,1,25200,545.740740741
64583,108778,108787,44195,9,1,25200,4420.4
64583,64593,67890,10,3297,2,7200,1.00303306036
64583,108770,108771,44187,1,1,25200,4418.8
64584,108803,108835,44219,32,1,25200,1382.84375
64584,108808,108840,44224,32,1,25200,1383.0
64584,108789,134035,44205,25246,1,25200,2.75097045076
64584,108784,115437,44200,6653,1,25200,7.64361941981
64585,108817,108857,44232,40,1,25200,1106.8
64585,108851,108853,44266,2,1,25200,4426.8
64585,108858,108861,44273,3,1,25200,4427.6
64586,108881,108882,44295,1,1,25200,4429.6
64586,108875,108880,44289,5,1,25200,4429.4
64586,108870,110931,44284,2061,1,25200,22.4866569626
64586,108863,108864,44277,1,1,25200,4427.8
64587,108900,108943,44313,43,1,25200,1031.53488372
64587,108893,108894,44306,1,1,25200,4430.7
64588,108905,108907,44317,2,1,25200,4431.9
64588,108916,108917,44328,1,1,25200,4432.9
64588,108911,108938,44323,27,1,25200,1642.59259259
64589,108928,109116,44339,188,1,25200,236.845744681
64589,108941,111919,44352,2978,1,25200,15.8932169241
64589,108933,108934,44344,1,1,25200,4434.5
64590,108955,108958,44365,3,1,25200,4436.8
64590,108972,109745,44382,773,1,25200,58.4152652005
64590,108960,109976,44370,1016,1,25200,44.6712598425
64590,108967,109199,44377,232,1,25200,192.280172414
64591,108993,108999,44402,6,1,25200,4440.8
64591,109002,112105,44411,3103,1,25200,15.3122784402
64591,108986,128327,44395,19341,1,25200,3.29538286542
64592,109046,109089,44454,43,1,25200,1034.81395349
64592,109011,109014,44419,3,1,25200,4442.2
64592,109039,114296,44447,5257,1,25200,9.45482214191
64593,109101,113420,44508,4319,1,25200,11.3051632322
64593,109262,109263,44669,1,1,25200,4467.0
64593,109210,109279,44617,69,1,25200,647.623188406
64594,109275,112559,44681,3284,1,25200,14.6056638246
64594,109291,109491,44697,200,1,25200,224.485
64594,109383,110498,44789,1115,1,25200,41.1695067265
64595,109448,109453,44853,5,1,25200,4485.8
64595,109453,109455,44858,2,1,25200,4486.0
64595,109465,109494,44870,29,1,25200,1548.24137931
64595,109472,134699,44877,25227,1,25200,2.77892733976
64596,109503,109897,44907,394,1,25200,114.97715736
64596,109523,109524,44927,1,1,25200,4492.8
64597,109536,110666,44939,1130,1,25200,40.7690265487
64597,109657,109667,45060,10,1,25200,4507.0
64597,109680,112160,45083,2480,1,25200,19.1786290323
64597,109530,110349,44933,819,1,25200,55.8632478632
64598,109757,109762,45159,5,1,25200,4516.4
64598,109773,109779,45175,6,1,25200,4518.1
64598,109791,111973,45193,2182,1,25200,21.7117323556
64599,109910,110617,45311,707,1,25200,65.0891089109
64599,110017,135252,45418,25235,1,25200,2.79980186249
64599,109996,110001,45397,5,1,25200,4540.2
64599,110010,110095,45411,85,1,25200,535.247058824
64600,110265,110888,45665,623,1,25200,74.2985553772
64600,110107,110111,45507,4,1,25200,4551.1
64600,110123,110253,45523,130,1,25200,351.176923077
64601,110629,110632,46028,3,1,25200,4603.1
64601,110509,112541,45908,2032,1,25200,23.592519685
64601,110361,111423,45760,1062,1,25200,44.0885122411
64602,110643,110665,46041,22,1,25200,2093.77272727
64602,110677,110679,46075,2,1,25200,4607.7
64602,110683,115845,46081,5162,1,25200,9.92696629213
64602,110692,110883,46090,191,1,25200,242.308900524
64603,110932,111064,46329,132,1,25200,351.977272727
64603,110922,110923,46319,1,1,25200,4632.0
64603,110902,110910,46299,8,1,25200,4630.7
64604,110954,111947,46350,993,1,25200,47.6767371601
64604,110961,110962,46357,1,1,25200,4635.8
64604,110945,110948,46341,3,1,25200,4634.4
64604,110939,110942,46335,3,1,25200,4633.8
64605,111106,111651,46501,545,1,25200,86.3229357798
64605,111077,111095,46472,18,1,25200,2582.77777778
64605,110974,111234,46369,260,1,25200,179.342307692
64606,111352,111643,46746,291,1,25200,161.639175258
64606,111246,111996,46640,750,1,25200,63.1866666667
64606,111153,111154,46547,1,1,25200,4654.8
64606,111167,112188,46561,1021,1,25200,46.6033300686
64607,111440,111581,46833,141,1,25200,333.14893617
64607,111594,111776,46987,182,1,25200,259.17032967
64608,111671,119361,47063,7690,1,25200,7.1200260078
64608,111656,111658,47048,2,1,25200,4705.0
64608,111662,115161,47054,3499,1,25200,14.4478422406
64608,111958,112081,47350,123,1,25200,385.959349593
64609,112013,112051,47404,38,1,25200,1248.47368421
64609,111986,111989,47377,3,1,25200,4738.0
64609,112001,112032,47392,31,1,25200,1529.77419355
64610,112065,113569,47455,1504,1,25200,32.5525265957
64610,112093,112098,47483,5,1,25200,4748.8
64610,112045,112047,47435,2,1,25200,4743.7
64610,112059,112124,47449,65,1,25200,730.984615385
64611,112110,113019,47499,909,1,25200,53.2541254125
64611,112117,112118,47506,1,1,25200,4750.7
64611,112124,112126,47513,2,1,25200,4751.5
64612,112143,112383,47531,240,1,25200,199.045833333
64612,112130,132435,47518,20305,1,25200,3.3402117705
64612,112149,112465,47537,316,1,25200,151.433544304
64613,112207,112208,47594,1,1,25200,4759.5
64613,112199,112204,47586,5,1,25200,4759.1
64613,112172,112175,47559,3,1,25200,4756.2
64614,112224,112419,47610,195,1,25200,245.153846154
64614,112385,137612,47771,25227,1,25200,2.89364569707
64614,112217,112252,47603,35,1,25200,1361.08571429
64615,112390,112396,47775,6,1,25200,4778.1
64615,112427,113004,47812,577,1,25200,83.863084922
64615,112413,112415,47798,2,1,25200,4780.0
64615,112433,112596,47818,163,1,25200,294.36196319
64616,112491,113508,47875,1017,1,25200,48.0747295969
64616,112476,112480,47860,4,1,25200,4786.4
64616,112530,112567,47914,37,1,25200,1295.97297297
64617,112566,113183,47949,617,1,25200,78.7131280389
64617,112553,112555,47936,2,1,25200,4793.8
64617,112574,112579,47957,5,1,25200,4796.2
64617,112581,113435,47964,854,1,25200,57.1639344262
64618,112607,114941,47989,2334,1,25200,21.5608397601
64618,112590,112721,47972,131,1,25200,367.198473282
64618,112733,112751,48115,18,1,25200,2674.05555556
64619,112754,112766,48135,12,1,25200,4012.25
64619,112748,113324,48129,576,1,25200,84.5572916667
64620,112782,112956,48162,174,1,25200,277.793103448
64620,112770,114764,48150,1994,1,25200,25.147442327
64620,112763,112774,48143,11,1,25200,4377.63636364
64620,112775,112840,48155,65,1,25200,741.846153846
64621,112928,113062,48307,134,1,25200,361.5
64621,112788,113596,48167,808,1,25200,60.6126237624
64621,112853,112917,48232,64,1,25200,754.625
64622,113030,113034,48408,4,1,25200,4841.2
64622,113017,113221,48395,204,1,25200,238.230392157
64622,112968,113339,48346,371,1,25200,131.312668464
64623,113096,114992,48473,1896,1,25200,26.56592827
64623,113046,115265,48423,2219,1,25200,22.8219918882
64623,113196,113200,48573,4,1,25200,4857.7
64623,113074,113084,48451,10,1,25200,4846.1
64624,113233,113236,48609,3,1,25200,4861.2
64624,113212,115367,48588,2155,1,25200,23.5466357309
64624,113244,113255,48620,11,1,25200,4421.0
64625,113251,113383,48626,132,1,25200,369.378787879
64625,113267,114653,48642,1386,1,25200,36.0952380952
64824,64833,68541,9,3708,2,7200,1.00242718447
65068,65077,68098,9,3021,2,7200,1.00297914598
65483,65494,68995,11,3501,2,7200,1.00314195944
65538,65547,68822,9,3275,2,7200,1.0027480916
66152,66162,69487,10,3325,2,7200,1.0030075188
66206,66217,69251,11,3034,2,7200,1.0036255768
66221,66233,69724,12,3491,2,7200,1.00343741048
66296,66307,69848,11,3541,2,7200,1.0031064671
66313,66321,69878,8,3557,2,7200,1.00224908631
66328,66399,70076,71,3677,2,7200,1.01930921947
66385,66468,70174,83,3706,2,7200,1.02239611441
66458,66479,69418,21,2939,2,7200,1.00714528751
66472,66493,69775,21,3282,2,7200,1.00639853748
66487,66517,69815,30,3298,2,7200,1.00909642207
66505,66549,69984,44,3435,2,7200,1.01280931587
66539,66555,69988,16,3433,2,7200,1.00466064666
66540,66562,69801,22,3239,2,7200,1.00679221982
66541,66703,70045,162,3342,2,7200,1.04847396768
66623,66636,67449,13,813,1,7200,1.0159901599
66656,66696,67542,40,846,1,7200,1.04728132388
66692,66719,70145,27,3426,2,7200,1.00788091068
66707,66757,70174,50,3417,2,7200,1.01463271876
66747,66849,70102,102,3253,2,7200,1.03135567169
66840,66957,70174,117,3217,2,7200,1.03636928816
66945,67111,70174,166,3063,2,7200,1.05419523343
67102,67183,70174,81,2991,2,7200,1.02708124373
67171,67304,70174,133,2870,2,7200,1.04634146341
67292,67324,70174,32,2850,2,7200,1.01122807018
67313,67357,70174,44,2817,2,7200,1.01561945332
67346,67434,70174,88,2740,2,7200,1.03211678832
67424,67459,70174,35,2715,2,7200,1.01289134438
67448,67566,70174,118,2608,2,7200,1.04524539877
67556,67664,70174,108,2510,2,7200,1.04302788845
67656,67783,70174,127,2391,2,7200,1.05311585111
67773,67902,70174,129,2272,2,7200,1.05677816901
67891,68108,70174,217,2066,2,7200,1.1050338819
67960,67994,68722,34,728,1,7200,1.0467032967
68026,69398,70241,1372,843,1,7200,2.62752075919
68099,68115,70174,16,2059,2,7200,1.00777076251
68100,68553,70174,453,1621,2,7200,1.27945712523
68543,68734,70174,191,1440,2,7200,1.13263888889
68823,68835,70174,12,1339,2,7200,1.00896191187
68998,69007,70174,9,1167,2,7200,1.00771208226
69254,69264,70174,10,910,2,7200,1.01098901099
69419,69430,70174,11,744,2,7200,1.01478494624
69489,69499,70174,10,675,2,7200,1.01481481481
69574,70193,70912,619,719,1,7200,1.86091794159
69727,69736,70174,9,438,2,7200,1.02054794521
69778,69787,70174,9,387,2,7200,1.02325581395
69802,69813,70174,11,361,2,7200,1.03047091413
69816,69827,70174,11,347,2,7200,1.03170028818
69849,69861,70174,12,313,2,7200,1.03833865815
69879,69891,70174,12,283,2,7200,1.04240282686
69988,69996,70174,8,178,2,7200,1.04494382022
69989,70003,70174,14,171,2,7200,1.08187134503
70047,70057,70174,10,117,2,7200,1.08547008547
70080,70089,70174,9,85,2,7200,1.10588235294
70103,70114,70174,11,60,2,7200,1.18333333333
70149,70158,70174,9,16,2,7200,1.5625
70218,70256,73996,38,3740,2,7200,1.01016042781
70219,70262,73622,43,3360,2,7200,1.01279761905
70220,70267,73622,47,3355,2,7200,1.01400894188
70222,70273,73797,51,3524,2,7200,1.01447219069
70223,70278,73374,55,3096,2,7200,1.01776485788
70225,70283,73228,58,2945,2,7200,1.01969439728
70226,70289,73693,63,3404,2,7200,1.01850763807
70228,70294,73488,66,3194,2,7200,1.02066374452
70229,70300,73445,71,3145,2,7200,1.02257551669
70231,70305,73580,74,3275,2,7200,1.02259541985
70232,70311,73956,79,3645,2,7200,1.02167352538
70234,70316,73906,82,3590,2,7200,1.02284122563
70235,70321,73882,86,3561,2,7200,1.02415051952
70236,70327,73636,91,3309,2,7200,1.02750075552
70238,70332,73709,94,3377,2,7200,1.02783535683
70239,70338,73853,99,3515,2,7200,1.02816500711
70241,70363,73683,122,3320,2,7200,1.03674698795
70242,72945,76246,2703,3301,2,7200,1.81884277492
70243,73240,76290,2997,3050,2,7200,1.98262295082
70245,70350,73762,105,3412,2,7200,1.03077373974
70246,73385,76848,3139,3463,2,7200,1.90643950332
70248,73457,76949,3209,3492,2,7200,1.91895761741
70249,73501,76771,3252,3270,2,7200,1.99449541284
70250,73592,77038,3342,3446,2,7200,1.96982008125
70252,73637,77215,3385,3578,2,7200,1.94605925098
70253,73642,76681,3389,3039,2,7200,2.11516946364
70254,73649,76909,3395,3260,2,7200,2.04141104294
70256,73694,77107,3438,3413,2,7200,2.00732493408
70257,73706,77015,3449,3309,2,7200,2.04230885464
70259,73721,77143,3462,3422,2,7200,2.01168907072
70260,73774,76976,3514,3202,2,7200,2.09743910056
70262,73809,76811,3547,3002,2,7200,2.18154563624
70263,73866,77253,3603,3387,2,7200,2.06377325066
70264,73895,77516,3631,3621,2,7200,2.00276166805
70266,73919,77212,3653,3293,2,7200,2.10932280595
70333,70355,71249,22,894,1,7200,1.02460850112
70509,70925,71849,416,924,1,7200,1.45021645022
73232,73968,77671,736,3703,2,7200,1.19875776398
73376,74009,77372,633,3363,2,7200,1.18822479929
73448,74477,77672,1029,3195,2,7200,1.3220657277
73489,76258,79727,2769,3469,2,7200,1.79821274142
73582,76302,79760,2720,3458,2,7200,1.78658183921
73624,76693,79697,3069,3004,2,7200,2.02163781625
73626,76782,80246,3156,3464,2,7200,1.91108545035
73640,76824,80099,3184,3275,2,7200,1.97221374046
73685,76860,80578,3175,3718,2,7200,1.85395373857
73700,76921,80163,3221,3242,2,7200,1.99352251696
73715,76961,80138,3246,3177,2,7200,2.02171860246
73763,76988,80474,3225,3486,2,7200,1.92512908778
73798,77027,80643,3229,3616,2,7200,1.89297566372
73855,77050,80551,3195,3501,2,7200,1.91259640103
73885,77119,80519,3234,3400,2,7200,1.95117647059
73909,77155,80506,3246,3351,2,7200,1.96866606983
73957,77224,80465,3267,3241,2,7200,2.00802221537
73999,77231,80877,3232,3646,2,7200,1.8864509051
74015,80831,94263,6816,13432,4,54000,1.50744490768
74054,80836,91795,6782,10959,4,54000,1.61885208504
76247,77266,80776,1019,3510,2,7200,1.29031339031
76292,77385,81025,1093,3640,2,7200,1.30027472527
76683,77528,80775,845,3247,2,7200,1.26024022174
76773,77683,80928,910,3245,2,7200,1.28043143297
76812,77689,81097,877,3408,2,7200,1.25733568075
76851,79709,82550,2858,2841,2,7200,2.00598380852
76911,79743,83100,2832,3357,2,7200,1.8436103664
76950,79772,83450,2822,3678,2,7200,1.76726481784
76976,80111,83348,3135,3237,2,7200,1.96848934198
77015,80150,83299,3135,3149,2,7200,1.99555414417
77039,80175,83229,3136,3054,2,7200,2.02685003274
77108,80257,83406,3149,3149,2,7200,2.0
77111,81496,91382,4385,9886,20,21599,1.44355654461
77144,80476,83656,3332,3180,2,7200,2.04779874214
77182,83908,94741,6726,10833,20,10799,1.62088064248
77213,80490,83769,3277,3279,2,7200,1.99939005794
77222,91395,102225,14173,10830,20,10799,2.30867959372
77228,80517,83584,3289,3067,2,7200,2.07238343658
77255,80530,83811,3275,3281,2,7200,1.99817128924
77317,91968,99206,14651,7238,24,7199,3.02417794971
77376,80563,84100,3187,3537,2,7200,1.90104608425
77429,99218,106451,21789,7233,24,7199,4.01244296972
77495,106589,113790,29094,7201,24,7199,5.04027218442
77517,80589,83769,3072,3180,2,7200,1.96603773585
77674,80655,84140,2981,3485,2,7200,1.85538020086
77675,80787,84048,3112,3261,2,7200,1.95430849433
78661,80372,89815,1711,9443,4,73800,1.18119241766
79699,80794,84393,1095,3599,2,7200,1.30425118088
79728,80841,84307,1113,3466,2,7200,1.32111944605
79761,80890,84213,1129,3323,2,7200,1.33975323503
80101,80940,84197,839,3257,2,7200,1.2575990175
80140,81037,84499,897,3462,2,7200,1.25909878683
80164,81109,84096,945,2987,2,7200,1.31637094074
80248,82562,86312,2314,3750,2,7200,1.61706666667
80465,83113,86421,2648,3308,2,7200,1.80048367594
80479,83241,86393,2762,3152,2,7200,1.87626903553
80509,83310,86799,2801,3489,2,7200,1.80280882774
80524,83360,86618,2836,3258,2,7200,1.87047268263
80554,83418,86873,2864,3455,2,7200,1.82894356006
80581,83463,86802,2882,3339,2,7200,1.86313267445
80641,83596,87029,2955,3433,2,7200,1.86076318089
80776,83668,86980,2892,3312,2,7200,1.8731884058
80778,83780,87483,3002,3703,2,7200,1.81069403187
80880,83786,87171,2906,3385,2,7200,1.85849335303
80931,83823,87237,2892,3414,2,7200,1.84710017575
81027,84059,87287,3032,3228,2,7200,1.93928128872
81099,84108,87667,3009,3559,2,7200,1.84546220849
82174,89827,133029,7653,43202,4,43200,1.17714457664
82550,84115,87446,1565,3331,2,7200,1.46982888022
83101,84151,87518,1050,3367,2,7200,1.31185031185
83230,84209,87869,979,3660,2,7200,1.2674863388
83302,84225,87586,923,3361,2,7200,1.27462064862
83350,84318,87867,968,3549,2,7200,1.27275288814
83407,84406,87704,999,3298,2,7200,1.30291085506
83452,84511,87761,1059,3250,2,7200,1.32584615385
83584,86324,89549,2740,3225,2,7200,1.8496124031
83659,86405,89794,2746,3389,2,7200,1.81026851579
83770,86433,89780,2663,3347,2,7200,1.79563788467
83772,86595,89914,2823,3319,2,7200,1.85055739681
83814,86633,89893,2819,3260,2,7200,1.86472392638
83865,103908,103909,20043,1,1,240,2004.4
84049,86812,90235,2763,3423,2,7200,1.80718667835
84097,86819,90301,2722,3482,2,7200,1.78173463527
84111,86886,90545,2775,3659,2,7200,1.7584039355
84141,86992,90427,2851,3435,2,7200,1.82998544396
84198,87041,90408,2843,3367,2,7200,1.84437184437
84216,87183,90850,2967,3667,2,7200,1.80910826289
84309,87253,90770,2944,3517,2,7200,1.83707705431
84391,87298,90526,2907,3228,2,7200,1.90055762082
84499,87458,90809,2959,3351,2,7200,1.88301999403
84746,103913,146786,19167,42873,4,86400,1.4470645861
86314,87496,90811,1182,3315,2,7200,1.35656108597
86395,87530,90747,1135,3217,2,7200,1.35281317998
86422,87599,90925,1177,3326,2,7200,1.35387853277
86621,87611,90657,990,3046,2,7200,1.32501641497
86801,87679,90735,878,3056,2,7200,1.28730366492
86816,87716,91001,900,3285,2,7200,1.27397260274
86876,87773,90958,897,3185,2,7200,1.28163265306
86981,87879,91298,898,3419,2,7200,1.26264989763
87029,87886,91126,857,3240,2,7200,1.26450617284
87173,89562,92841,2389,3279,2,7200,1.7285757853
87239,89792,93384,2553,3592,2,7200,1.71074610245
87287,89806,93159,2519,3353,2,7200,1.75126752162
87447,89905,93331,2458,3426,2,7200,1.71745475773
87486,89926,93474,2440,3548,2,7200,1.6877113867
87522,90247,94011,2725,3764,2,7200,1.72396386823
87588,90314,93608,2726,3294,2,7200,1.82756527019
87669,90420,93631,2751,3211,2,7200,1.85674244784
87704,90439,94132,2735,3693,2,7200,1.74059030598
87761,90538,93930,2777,3392,2,7200,1.81869103774
87870,90557,93892,2687,3335,2,7200,1.80569715142
87871,90669,93890,2798,3221,2,7200,1.86867432474
89551,90747,94090,1196,3343,2,7200,1.35776248878
89783,90758,94264,975,3506,2,7200,1.27809469481
89797,90782,94322,985,3540,2,7200,1.27824858757
89897,90820,94182,923,3362,2,7200,1.2745389649
89915,90826,94158,911,3332,2,7200,1.27340936375
90237,90862,94405,625,3543,2,7200,1.17640417725
90303,90937,94143,634,3206,2,7200,1.19775421085
90411,90969,94203,558,3234,2,7200,1.17254174397
90429,91013,94588,584,3575,2,7200,1.16335664336
90528,91137,94364,609,3227,2,7200,1.18872017354
90545,91310,94782,765,3472,2,7200,1.22033410138
90659,91808,95340,1149,3532,2,7200,1.32531143828
90738,91813,95232,1075,3419,2,7200,1.31441942088
90752,91973,95344,1221,3371,2,7200,1.36220706022
90773,91979,95586,1206,3607,2,7200,1.33434987524
90812,91984,95456,1172,3472,2,7200,1.33755760369
90813,91989,95275,1176,3286,2,7200,1.35788192331
90852,92853,96435,2001,3582,2,7200,1.55862646566
90927,93172,97193,2245,4021,2,7200,1.55831882616
90960,93343,96606,2383,3263,2,7200,1.73030953111
91002,93396,96533,2394,3137,2,7200,1.7631495059
91129,93485,96567,2356,3082,2,7200,1.76443867618
91300,93619,97032,2319,3413,2,7200,1.67946088485
92001,106463,106473,14462,10,32,10800,1447.2
92040,106492,106497,14452,5,32,10800,1445.7
92098,106508,106513,14410,5,32,10800,1441.5
92219,106524,106531,14305,7,32,10800,1431.2
92261,106542,106547,14281,5,32,10800,1428.6
92297,106559,106564,14262,5,32,10800,1426.7
92842,93643,96943,801,3300,2,7200,1.24272727273
93161,93901,97265,740,3364,2,7200,1.21997621879
93332,93907,97234,575,3327,2,7200,1.17282837391
93386,93942,97139,556,3197,2,7200,1.17391304348
93476,94024,97197,548,3173,2,7200,1.17270721714
93610,94102,97480,492,3378,2,7200,1.14564831261
93634,94144,97789,510,3645,2,7200,1.13991769547
93893,94155,98250,262,4095,2,7200,1.06398046398
93894,94170,97810,276,3640,2,7200,1.07582417582
93930,94194,97397,264,3203,2,7200,1.08242272869
94015,94215,97721,200,3506,2,7200,1.0570450656
94093,94274,97317,181,3043,2,7200,1.05948077555
94135,94280,97645,145,3365,2,7200,1.04309063893
94149,94287,97748,138,3461,2,7200,1.03987286911
94164,94334,98047,170,3713,2,7200,1.04578507945
94185,94376,97677,191,3301,2,7200,1.05786125417
94206,94418,97736,212,3318,2,7200,1.063893912
94266,94601,97872,335,3271,2,7200,1.10241516356
94323,94793,98005,470,3212,2,7200,1.14632627646
94365,95244,98680,879,3436,2,7200,1.25582072177
94407,95288,98940,881,3652,2,7200,1.24123767798
94592,95352,98817,760,3465,2,7200,1.21933621934
94785,95358,98595,573,3237,2,7200,1.17701575533
95038,103814,103822,8776,8,1,3600,878.4
95233,95468,98965,235,3497,2,7200,1.06720045754
95279,95598,98743,319,3145,2,7200,1.10143084261
95342,96192,99280,850,3088,2,7200,1.27525906736
95356,96446,99441,1090,2995,2,7200,1.36393989983
95459,96544,99871,1085,3327,2,7200,1.32611962729
95588,96578,100208,990,3630,2,7200,1.27272727273
96437,96618,100093,181,3475,2,7200,1.05208633094
96536,96955,100384,419,3429,2,7200,1.1221930592
96569,97044,100287,475,3243,2,7200,1.14646931853
96608,97151,100134,543,2983,2,7200,1.1820315119
96945,97205,100851,260,3646,2,7200,1.07131102578
97032,97211,100613,179,3402,2,7200,1.05261610817
97138,97246,100361,108,3115,2,7200,1.03467094703
97195,97278,100460,83,3182,2,7200,1.02608422376
97209,97329,100755,120,3426,2,7200,1.0350262697
97233,97410,100784,177,3374,2,7200,1.05245998814
97266,97495,100856,229,3361,2,7200,1.06813448378
97320,97657,100955,337,3298,2,7200,1.1021831413
97398,97689,101057,291,3368,2,7200,1.08640142518
97482,97732,101239,250,3507,2,7200,1.07128599943
97648,97748,101155,100,3407,2,7200,1.02935133549
97678,97762,101687,84,3925,2,7200,1.02140127389
97723,97801,100876,78,3075,2,7200,1.02536585366
97737,97823,101209,86,3386,2,7200,1.02539870053
97752,97883,100902,131,3019,2,7200,1.04339185161
97791,98017,101535,226,3518,2,7200,1.06424104605
97812,98059,101451,247,3392,2,7200,1.07281839623
97875,98261,101889,386,3628,2,7200,1.10639470783
98007,98606,101915,599,3309,2,7200,1.18102145663
98049,98692,102079,643,3387,2,7200,1.18984351934
98252,98755,102072,503,3317,2,7200,1.15164305095
98592,103832,103840,5240,8,1,1800,524.8
98600,98828,102222,228,3394,2,7200,1.06717737183
98681,98952,102384,271,3432,2,7200,1.07896270396
98744,98977,102755,233,3778,2,7200,1.06167284277
98819,99293,102671,474,3378,2,7200,1.14031971581
98940,103850,103960,4910,110,1,3600,45.6363636364
98943,99456,102533,513,3077,2,7200,1.16672083198
98967,99882,103144,915,3262,2,7200,1.28050275904
99283,100105,103159,822,3054,2,7200,1.26915520629
99442,100145,103329,703,3184,2,7200,1.22079145729
99873,100224,103747,351,3523,2,7200,1.09963099631
100095,100299,103711,204,3412,2,7200,1.05978898007
100137,100373,103491,236,3118,2,7200,1.07568954458
100209,100396,103494,187,3098,2,7200,1.06036152356
100288,100472,103945,184,3473,2,7200,1.05298013245
100363,100625,104220,262,3595,2,7200,1.07287899861
100387,100767,104233,380,3466,2,7200,1.10963646855
100462,100796,104040,334,3244,2,7200,1.10295930949
100615,100863,104453,248,3590,2,7200,1.06908077994
100756,100869,104086,113,3217,2,7200,1.03512589369
100786,100888,104300,102,3412,2,7200,1.02989449004
100852,100914,104695,62,3781,2,7200,1.01639777837
100867,100968,104817,101,3849,2,7200,1.02624058197
100882,101069,104888,187,3819,2,7200,1.04896569783
100903,101167,104209,264,3042,2,7200,1.08678500986
100957,101222,104458,265,3236,2,7200,1.08189122373
101059,101250,105054,191,3804,2,7200,1.05021030494
101158,101462,105036,304,3574,2,7200,1.08505875769
101212,101482,105249,270,3767,2,7200,1.071675073
101242,101547,105185,305,3638,2,7200,1.08383727323
101453,101699,105071,246,3372,2,7200,1.07295373665
101537,101900,105230,363,3330,2,7200,1.10900900901
101690,101926,105272,236,3346,2,7200,1.07053197848
101892,102003,105683,111,3680,2,7200,1.03016304348
101916,102009,105665,93,3656,2,7200,1.02543763676
102075,102085,105260,10,3175,2,7200,1.0031496063
102090,102235,105746,145,3511,2,7200,1.04129877528
102225,102247,105488,22,3241,2,7200,1.00678802839
102386,102395,105412,9,3017,2,7200,1.00298309579
102537,102545,106261,8,3716,2,7200,1.00215285253
102672,102683,106090,11,3407,2,7200,1.0032286469
102756,102767,106461,11,3694,2,7200,1.00297780184
103147,103157,106791,10,3634,2,7200,1.00275178866
103162,103171,106560,9,3389,2,7200,1.00265565063
103331,103341,106631,10,3290,2,7200,1.00303951368
103493,103503,106807,10,3304,2,7200,1.00302663438
103508,103515,107064,7,3549,2,7200,1.00197238659
103713,103726,106857,13,3131,2,7200,1.00415202811
103749,103758,107460,9,3702,2,7200,1.00243111831
103938,106468,106580,2530,112,1,3600,23.5892857143
103947,103957,107391,10,3434,2,7200,1.00291205591
103983,103991,104062,8,71,1,1800,1.11267605634
104044,104053,107281,9,3228,2,7200,1.00278810409
104089,104103,107766,14,3663,2,7200,1.00382200382
104091,106474,106724,2383,250,1,3600,10.532
104213,104226,107604,13,3378,2,7200,1.00384843102
104228,104235,107640,7,3405,2,7200,1.00205580029
104242,104293,107409,51,3116,2,7200,1.01636713736
104272,104281,104371,9,90,1,1800,1.1
104302,104311,107742,9,3431,2,7200,1.00262314194
104456,104465,107912,9,3447,2,7200,1.00261096606
104471,104478,108085,7,3607,2,7200,1.00194067092
104697,104707,108193,10,3486,2,7200,1.00286861733
104820,104829,108466,9,3637,2,7200,1.00247456695
104822,106479,106857,1657,378,1,1800,5.3835978836
104891,104899,108366,8,3467,2,7200,1.00230747044
105038,105049,108777,11,3728,2,7200,1.00295064378
105056,105066,108543,10,3477,2,7200,1.00287604257
105071,105083,108521,12,3438,2,7200,1.0034904014
105185,105268,108898,83,3630,2,7200,1.02286501377
105233,105274,108635,41,3361,2,7200,1.01219875037
105251,105279,108523,28,3244,2,7200,1.00863131936
105266,105313,108938,47,3625,2,7200,1.01296551724
105281,105318,108716,37,3398,2,7200,1.01088875809
105414,105424,108231,10,2807,2,7200,1.00356252227
105489,105496,109007,7,3511,2,7200,1.00199373398
105667,105676,109051,9,3375,2,7200,1.00266666667
105684,105699,108969,15,3270,2,7200,1.00458715596
105748,105758,109341,10,3583,2,7200,1.0027909573
106092,106102,109722,10,3620,2,7200,1.00276243094
106186,106485,106556,299,71,1,1800,5.21126760563
106263,106277,109982,14,3705,2,7200,1.00377867746
106462,106564,109866,102,3302,2,7200,1.03089036947
106561,106571,110085,10,3514,2,7200,1.00284575982
106635,106653,110073,18,3420,2,7200,1.00526315789
106719,106734,106994,15,260,1,3600,1.05769230769
106785,106791,106881,6,90,1,1800,1.06666666667
106794,106800,110146,6,3346,2,7200,1.00179318589
106808,106836,110037,28,3201,2,7200,1.00874726648
106861,106872,109979,11,3107,2,7200,1.00354039266
106963,106969,107523,6,554,1,3600,1.01083032491
107067,107079,110761,12,3682,2,7200,1.00325909832
107223,107246,107824,23,578,1,3600,1.03979238754
107285,107291,110655,6,3364,2,7200,1.00178359096
107307,107380,107742,73,362,1,1800,1.20165745856
107394,107400,110590,6,3190,2,7200,1.00188087774
107412,107420,110893,8,3473,2,7200,1.00230348402
107462,107469,110884,7,3415,2,7200,1.00204978038
107467,107487,107494,20,7,1,1800,2.7
107608,107622,111072,14,3450,2,7200,1.00405797101
107641,107664,110865,23,3201,2,7200,1.00718525461
107648,107669,107708,21,39,1,1800,1.53846153846
107744,107750,111136,6,3386,2,7200,1.00177200236
107770,107778,111185,8,3407,2,7200,1.00234810684
107910,107919,107995,9,76,1,1800,1.11842105263
107916,107926,111296,10,3370,2,7200,1.00296735905
108089,108098,111375,9,3277,2,7200,1.0027464144
108200,108206,111421,6,3215,2,7200,1.00186625194
108237,108246,111492,9,3246,2,7200,1.00277264325
108251,108277,111885,26,3608,1,3600,1.00720620843
108320,108327,108418,7,91,1,3600,1.07692307692
108369,108379,112171,10,3792,2,7200,1.0026371308
108473,108484,111996,11,3512,2,7200,1.00313211845
108524,108534,111515,10,2981,2,7200,1.003354579
108525,108541,111608,16,3067,2,7200,1.00521682426
108538,108566,108806,28,240,1,3600,1.11666666667
108547,108558,111567,11,3009,2,7200,1.00365569957
108573,108594,108850,21,256,1,1800,1.08203125
108638,108647,112712,9,4065,2,7200,1.00221402214
108719,108728,112373,9,3645,2,7200,1.0024691358
108779,108795,112247,16,3452,2,7200,1.00463499421
108817,108844,108884,27,40,1,1800,1.675
108900,108923,112123,23,3200,2,7200,1.0071875
108940,108949,112268,9,3319,2,7200,1.00271166014
108972,108980,112468,8,3488,2,7200,1.00229357798
109008,109019,112366,11,3347,2,7200,1.00328652525
109053,109063,112713,10,3650,2,7200,1.00273972603
109104,109128,109647,24,519,1,3600,1.04624277457
109119,109176,109252,57,76,1,1800,1.75
109345,109353,112528,8,3175,2,7200,1.00251968504
109727,109733,113077,6,3344,2,7200,1.00179425837
109853,109902,110148,49,246,1,1800,1.19918699187
109868,109877,113596,9,3719,2,7200,1.00242000538
109980,109991,113596,11,3605,2,7200,1.00305131761
109994,110003,113042,9,3039,2,7200,1.00296150049
110039,110049,113299,10,3250,2,7200,1.00307692308
110076,110085,113626,9,3541,2,7200,1.0025416549
110090,110097,113677,7,3580,2,7200,1.00195530726
110148,110158,113596,10,3438,2,7200,1.00290866783
110591,110602,114072,11,3470,2,7200,1.00317002882
110658,110667,113994,9,3327,2,7200,1.00270513977
110763,110774,114213,11,3439,2,7200,1.00319860425
110868,110878,113893,10,3015,2,7200,1.00331674959
110886,110895,114563,9,3668,2,7200,1.00245365322
110901,110908,114463,7,3555,2,7200,1.00196905767
111073,111083,114596,10,3513,2,7200,1.00284656988
111139,111146,114704,7,3558,2,7200,1.00196739741
111187,111196,114528,9,3332,2,7200,1.00270108043
111298,111309,114578,11,3269,2,7200,1.00336494341
111376,111387,114420,11,3033,2,7200,1.00362677217
111424,111433,114702,9,3269,2,7200,1.00275313552
111493,111503,114806,10,3303,2,7200,1.00302755071
111517,111526,115034,9,3508,2,7200,1.00256556442
111568,111579,115119,11,3540,2,7200,1.00310734463
111610,111621,115139,11,3518,2,7200,1.00312677658
111682,111788,124251,106,12463,1,18000,1.00850517532
111757,111895,124790,138,12895,1,18000,1.01070182241
111791,111931,125405,140,13474,1,18000,1.01039038148
111999,112007,115165,8,3158,2,7200,1.00253324889
112003,112019,112104,16,85,1,3600,1.18823529412
112126,112138,115229,12,3091,2,7200,1.00388223876
112174,112184,115313,10,3129,2,7200,1.00319590924
112242,112272,112520,30,248,1,3600,1.12096774194
112249,112260,115570,11,3310,2,7200,1.00332326284
112269,112280,115830,11,3550,2,7200,1.00309859155
112369,112377,115962,8,3585,2,7200,1.00223152022
112384,112397,116046,13,3649,2,7200,1.0035626199
112471,112484,115977,13,3493,2,7200,1.00372172917
112531,112539,115793,8,3254,2,7200,1.0024585126
113040,113052,116475,12,3423,2,7200,1.00350569676
113042,113089,116646,47,3557,2,7200,1.01321338206
113057,113310,116990,253,3680,2,7200,1.06875
113077,113394,116929,317,3535,2,7200,1.08967468175
113096,113336,114079,240,743,1,3600,1.32301480485
113301,113446,116823,145,3377,2,7200,1.04293751851
113597,113603,117028,6,3425,2,7200,1.00175182482
113599,113610,116645,11,3035,2,7200,1.00362438221
113600,113615,117133,15,3518,2,7200,1.00426378624
113627,113634,117252,7,3618,2,7200,1.00193477059
113675,113682,116756,7,3074,2,7200,1.00227716331
113895,113901,116920,6,3019,2,7200,1.00198741305
113997,114004,117166,7,3162,2,7200,1.00221378874
114072,114078,117419,6,3341,2,7200,1.0017958695
114215,114221,117536,6,3315,2,7200,1.00180995475
114423,114429,117709,6,3280,2,7200,1.00182926829
114465,114471,117709,6,3238,2,7200,1.00185299568
114531,114537,117709,6,3172,2,7200,1.00189155107
114564,114571,117709,7,3138,2,7200,1.0022307202
114579,114585,117709,6,3124,2,7200,1.0019206146
114597,114603,117709,6,3106,2,7200,1.00193174501
114705,114711,117709,6,2998,2,7200,1.00200133422
114706,114718,117709,12,2991,2,7200,1.00401203611
114808,114816,117709,8,2893,2,7200,1.00276529554
115037,115043,117709,6,2666,2,7200,1.00225056264
115122,115128,117709,6,2581,2,7200,1.00232468036
115143,115149,117709,6,2560,2,7200,1.00234375
115167,115173,117709,6,2536,2,7200,1.0023659306
115231,115237,117709,6,2472,2,7200,1.00242718447
115315,115321,117709,6,2388,2,7200,1.00251256281
115571,115577,117709,6,2132,2,7200,1.00281425891
115795,115802,117709,7,1907,2,7200,1.00367068694
115832,115838,117709,6,1871,2,7200,1.00320684126
115964,115971,117709,7,1738,2,7200,1.00402761795
115979,115985,117709,6,1724,2,7200,1.00348027842
116049,116055,117709,6,1654,2,7200,1.00362756953
116477,116484,117709,7,1225,2,7200,1.00571428571
116597,116604,120412,7,3808,1,36000,1.00183823529
116648,116655,117709,7,1054,2,7200,1.00664136622
116650,116663,117709,13,1046,2,7200,1.01242829828
116652,116668,120574,16,3906,1,36000,1.00409626216
116758,116765,117709,7,944,2,7200,1.00741525424
116824,116830,117709,6,879,2,7200,1.00682593857
116923,116931,117709,8,778,2,7200,1.01028277635
116938,116944,117709,6,765,2,7200,1.00784313725
116997,117003,117709,6,706,2,7200,1.00849858357
117030,117036,117709,6,673,2,7200,1.00891530461
117135,117141,117709,6,568,2,7200,1.01056338028
117168,117174,117709,6,535,2,7200,1.01121495327
117255,117262,117709,7,447,2,7200,1.01565995526
117301,117308,120822,7,3514,5,36000,1.00199203187
117833,117839,117871,6,32,2,7200,1.1875
117834,117845,117877,11,32,2,7200,1.34375
117835,117851,117883,16,32,2,7200,1.5
117837,117856,117888,19,32,2,7200,1.59375
117838,117861,117893,23,32,2,7200,1.71875
117840,117867,117899,27,32,2,7200,1.84375
117841,117873,117906,32,33,2,7200,1.9696969697
117842,117879,117911,37,32,2,7200,2.15625
117844,117884,117917,40,33,2,7200,2.21212121212
117845,117890,117922,45,32,2,7200,2.40625
117847,117895,117932,48,37,2,7200,2.2972972973
117848,117900,117933,52,33,2,7200,2.57575757576
117849,117906,117938,57,32,2,7200,2.78125
117851,117911,117943,60,32,2,7200,2.875
117853,117917,117949,64,32,2,7200,3.0
117854,117922,117954,68,32,2,7200,3.125
117855,117927,117959,72,32,2,7200,3.25
117857,117933,117965,76,32,2,7200,3.375
117858,117938,117970,80,32,2,7200,3.5
117860,117944,117976,84,32,2,7200,3.625
117861,117949,117982,88,33,2,7200,3.66666666667
117862,117954,117986,92,32,2,7200,3.875
117864,117960,117992,96,32,2,7200,4.0
117865,117965,117998,100,33,2,7200,4.0303030303
117867,117971,118003,104,32,2,7200,4.25
117868,117979,118011,111,32,2,7200,4.46875
117869,117984,118016,115,32,2,7200,4.59375
117871,117989,118021,118,32,2,7200,4.6875
117872,117995,118028,123,33,2,7200,4.72727272727
117874,118000,118032,126,32,2,7200,4.9375
118794,118800,402917,6,284117,10,540000,1.00002111806
118887,118893,124991,6,6098,16,10800,1.00098392916
119025,119031,173060,6,54029,4,54000,1.00011105147
119050,119056,166552,6,47496,4,54000,1.00012632643
119167,119173,136854,6,17681,16,21600,1.00033934732
119305,119313,119759,8,446,1,10800,1.01793721973
119350,119356,132530,6,13174,16,14400,1.00045544254
119746,119752,119824,6,72,2,28800,1.08333333333
119796,119802,119805,6,3,4,3600,1.0
119946,119952,121160,6,1208,4,3600,1.00496688742
120158,120165,120183,7,18,2,3600,1.38888888889
120203,120220,120356,17,136,1,1810,1.125
120203,120214,120353,11,139,1,1810,1.07913669065
120203,120209,120351,6,142,1,1810,1.04225352113
120204,120226,120241,22,15,1,1810,2.46666666667
120204,120232,120359,28,127,1,1810,1.22047244094
120205,120242,120252,37,10,1,1810,4.7
120205,120237,120250,32,13,1,1810,3.46153846154
120205,120248,120256,43,8,1,1810,5.1
120271,120277,121356,6,1079,4,3600,1.00556070436
120466,120472,121447,6,975,1,1810,1.00615384615
120490,120496,121458,6,962,1,1810,1.00623700624
120495,120507,121446,12,939,1,1810,1.01277955272
120502,120513,121457,11,944,1,1810,1.01165254237
120570,120576,120625,6,49,2,3600,1.12244897959
120714,120720,120753,6,33,2,7200,1.18181818182
120716,120727,120759,11,32,2,7200,1.34375
120717,120732,120764,15,32,2,7200,1.46875
120718,120737,120770,19,33,2,7200,1.57575757576
120720,120743,120775,23,32,2,7200,1.71875
120721,120750,120782,29,32,2,7200,1.90625
120723,120755,120787,32,32,2,7200,2.0
120724,120761,120793,37,32,2,7200,2.15625
120725,120766,120798,41,32,2,7200,2.28125
120727,120771,120803,44,32,2,7200,2.375
120729,120777,120809,48,32,2,7200,2.5
120730,120782,120815,52,33,2,7200,2.57575757576
120731,120788,120820,57,32,2,7200,2.78125
120733,120793,120822,60,29,2,7200,3.06896551724
120734,120799,120822,65,23,2,7200,3.82608695652
120736,120804,120822,68,18,2,7200,4.77777777778
120737,120809,120822,72,13,2,7200,6.53846153846
120738,120815,120822,77,7,2,7200,8.4
120740,120820,120822,80,2,2,7200,8.2
120866,120872,156908,6,36036,4,36000,1.00016650017
120878,120885,124642,7,3757,2,7200,1.00186318871
120879,120891,124236,12,3345,2,7200,1.00358744395
120881,120896,124416,15,3520,2,7200,1.00426136364
120882,120901,124734,19,3833,2,7200,1.00495695278
120883,120907,124374,24,3467,2,7200,1.00692241131
120885,120912,124607,27,3695,2,7200,1.00730717185
120886,120918,124353,32,3435,2,7200,1.00931586608
120888,120924,124467,36,3543,2,7200,1.01016088061
120889,120929,124111,40,3182,2,7200,1.01257071025
120890,120934,124222,44,3288,2,7200,1.01338199513
120892,120940,124447,48,3507,2,7200,1.01368691189
120893,120945,124074,52,3129,2,7200,1.01661872803
120895,120951,124087,56,3136,2,7200,1.01785714286
120897,120956,124918,59,3962,2,7200,1.01489146896
120898,120962,124633,64,3671,2,7200,1.01743394171
121040,121047,121119,7,72,2,28800,1.09722222222
121198,121204,121268,6,64,2,28800,1.09375
121389,121396,121448,7,52,4,28800,1.13461538462
121527,121533,121583,6,50,8,28800,1.12
121577,121584,121600,7,16,1,3010,1.4375
121671,121677,122639,6,962,1,1810,1.00623700624
121679,121685,122652,6,967,1,1810,1.00620475698
121685,121691,122654,6,963,1,1810,1.0062305296
121692,121698,122658,6,960,1,1810,1.00625
121812,121818,121819,6,1,2,86400,1.0
121861,121867,121879,6,12,8,28800,1.5
121882,121888,121950,6,62,2,28800,1.09677419355
121909,121915,121920,6,5,1,3010,1.1
122130,122136,122199,6,63,2,28800,1.09523809524
122273,122279,122378,6,99,2,28800,1.06060606061
122426,122433,122535,7,102,2,28800,1.06862745098
122665,122672,123963,7,1291,2,28800,1.00542215337
122676,122993,127860,317,4867,20,7199,1.06513252517
122795,122801,122808,6,7,1,3010,1.3
123246,123425,313000,179,189575,10,576000,1.00094421733
123595,123603,123974,8,371,1,550,1.02156334232
124070,133101,134106,9031,1005,4,3600,9.98606965174
124078,124087,127747,9,3660,2,7200,1.00245901639
124093,124099,127874,6,3775,2,7200,1.00158940397
124114,124123,127135,9,3012,2,7200,1.00298804781
124225,124234,127758,9,3524,2,7200,1.002553916
124240,124247,127916,7,3669,2,7200,1.00190787681
124308,151664,192968,27356,41304,4,43200,1.66230873523
124310,171280,185868,46970,14588,4,43200,4.2197696737
124354,124360,127752,6,3392,2,7200,1.00176886792
124375,124381,128043,6,3662,2,7200,1.00163844894
124417,124423,128005,6,3582,2,7200,1.00167504188
124445,133112,133113,8667,1,4,3600,866.8
124450,124456,127666,6,3210,2,7200,1.00186915888
124467,124474,127730,7,3256,2,7200,1.00214987715
124605,134775,221221,10170,86446,4,86400,1.11764569789
124609,124615,127972,6,3357,2,7200,1.0017873101
124635,124641,127865,6,3224,2,7200,1.00186104218
124650,124656,128203,6,3547,2,7200,1.00169157034
124679,125560,133084,881,7524,20,10799,1.11709197236
124719,127872,138681,3153,10809,20,10799,1.29170135998
124737,124746,128201,9,3455,2,7200,1.00260492041
124738,134645,208458,9907,73813,4,73800,1.13421754975
124748,124755,125505,7,750,1,1750,1.00933333333
124761,124767,125549,6,782,1,1750,1.00767263427
124766,124802,125589,36,787,1,1750,1.0457433291
124773,125602,126364,829,762,1,1750,2.08792650919
124789,125958,126742,1169,784,1,1750,2.49107142857
124918,124930,128446,12,3516,2,7200,1.00341296928
124992,133117,133769,8125,652,4,3600,13.4616564417
125889,133096,134059,7207,963,32,10800,8.48390446521
125941,134071,134412,8130,341,32,10800,24.8416422287
125979,131580,131634,5601,54,2,3600,104.722222222
126334,126377,127144,43,767,1,1750,1.05606258149
126334,126754,127509,420,755,1,1750,1.55629139073
126335,127156,127911,821,755,1,1750,2.08741721854
126339,127924,128155,1585,231,1,3540,7.86147186147
126702,128167,130196,1465,2029,1,3540,1.72203055692
126781,128602,128783,1821,181,1,3540,11.0607734807
126830,128773,129013,1943,240,1,3540,9.09583333333
126867,127521,128346,654,825,1,1810,1.79272727273
126879,128795,129257,1916,462,1,3540,5.14718614719
126892,127748,128590,856,842,1,1810,2.01662707838
126900,127760,128583,860,823,1,1810,2.04495747266
126912,127778,127789,866,11,1,1810,79.7272727273
126955,129154,129521,2199,367,1,3540,6.99182561308
127003,129269,129752,2266,483,1,3540,5.69151138716
127048,129533,129991,2485,458,1,3540,6.42576419214
127095,129765,130247,2670,482,1,3540,6.53941908714
127137,127147,129101,10,1954,2,7200,1.00511770727
127144,129784,130250,2640,466,1,3540,6.6652360515
127194,130688,131170,3494,482,1,3540,8.2489626556
127275,131049,131575,3774,526,1,3540,8.17490494297
127343,127801,127805,458,4,1,1810,46.2
127353,127818,127822,465,4,1,1810,46.9
127359,127835,127840,476,5,1,1810,48.1
127365,127852,127857,487,5,1,1810,49.2
127476,131182,131401,3706,219,1,3540,17.9223744292
127497,193494,487873,65997,294379,1,345600,1.22419058425
127669,127679,130821,10,3142,2,7200,1.00318268619
127732,127743,131306,11,3563,2,7200,1.00308728599
127732,131379,131568,3647,189,1,3540,20.2962962963
127750,127772,131684,22,3912,2,7200,1.00562372188
127765,127785,130955,20,3170,2,7200,1.00630914826
127767,127879,131371,112,3492,2,7200,1.03207331042
127866,127886,131128,20,3242,2,7200,1.00616903146
127880,127931,131400,51,3469,2,7200,1.01470164312
127899,133107,133227,5208,120,4,3540,44.4
127919,127984,131264,65,3280,2,7200,1.01981707317
127950,131419,131514,3469,95,1,3540,37.5157894737
127974,128017,131025,43,3008,2,7200,1.01429521277
128006,128054,130094,48,2040,2,7200,1.02352941176
128045,128213,132093,168,3880,2,7200,1.04329896907
128202,128220,131749,18,3529,2,7200,1.00510059507
128216,128339,128378,123,39,2,7200,4.15384615385
128240,128358,128760,118,402,1,1690,1.29353233831
128251,128509,128946,258,437,1,1690,1.59038901602
128262,128595,128998,333,403,1,1690,1.82630272953
128302,170536,176602,42234,6066,16,10800,7.96241345203
128379,128389,131967,10,3578,2,7200,1.00279485746
128448,128458,131624,10,3166,2,7200,1.0031585597
128924,128958,129772,34,814,1,1810,1.04176904177
128968,129011,129834,43,823,1,1810,1.05224787363
129015,129026,129848,11,822,1,1810,1.01338199513
129093,129131,129142,38,11,1,1810,4.45454545455
129101,129113,132702,12,3589,2,7200,1.00334354974
129668,134551,171232,4883,36681,2,144000,1.13312068919
129799,129846,130661,47,815,1,1810,1.05766871166
129815,129860,130676,45,816,1,1810,1.05514705882
129845,130003,130431,158,428,1,1690,1.3691588785
130077,130914,135883,837,4969,20,7199,1.168444355
130097,130107,132847,10,2740,2,7200,1.00364963504
130179,133468,133476,3289,8,1,172800,329.7
130305,133489,133496,3184,7,1,172800,319.1
130664,134563,160525,3899,25962,14,57600,1.15018103382
130693,258046,265279,127353,7233,24,7199,18.6072169224
130726,265296,272524,134570,7228,24,7199,19.6178749308
130785,272535,279769,141750,7234,24,7199,20.5949682057
130823,130833,134499,10,3666,2,7200,1.00272776869
130888,162530,163080,31642,550,4,7200,58.5309090909
130924,135898,143138,4974,7240,20,7199,1.68701657459
130958,130967,134033,9,3066,2,7200,1.00293542074
130965,173613,180814,42648,7201,20,7199,6.92251076239
131016,194187,201405,63171,7218,20,7199,9.75187032419
131017,136871,156794,5854,19923,8,57600,1.29383125031
131027,131037,134361,10,3324,2,7200,1.00300842359
131129,131141,134286,12,3145,2,7200,1.00381558029
131267,131277,134700,10,3423,2,7200,1.00292141396
131310,131319,134706,9,3387,2,7200,1.00265721878
131373,131386,134771,13,3385,2,7200,1.00384047267
131403,131412,134756,9,3344,2,7200,1.00269138756
131625,131636,134704,11,3068,2,7200,1.00358539765
131685,131696,132539,11,843,2,7200,1.01304863582
131752,131761,135451,9,3690,2,7200,1.00243902439
131758,133125,134633,1367,1508,4,3600,1.90649867374
131968,132106,133826,138,1720,2,7200,1.08023255814
132094,132551,135973,457,3422,2,7200,1.13354763296
132137,134568,215274,2431,80706,8,86400,1.03012167621
132141,134574,215276,2433,80702,8,86400,1.03014795172
132147,135536,215278,3389,79742,8,86400,1.04249956108
132151,135541,215279,3390,79738,8,86400,1.04251423412
132161,133239,134757,1078,1518,4,3600,1.71014492754
132540,132714,136304,174,3590,2,7200,1.04846796657
132650,134556,134558,1906,2,1,25200,190.8
132650,134584,134585,1934,1,1,25200,193.5
132650,134579,134580,1929,1,1,25200,193.0
132651,134596,134597,1945,1,1,25200,194.6
132651,134591,134983,1940,392,1,25200,5.94897959184
132652,134610,134611,1958,1,1,25200,195.9
132652,134617,134618,1965,1,1,25200,196.6
132652,134624,134625,1972,1,1,25200,197.3
132653,134657,134915,2004,258,1,25200,8.76744186047
132653,134650,134723,1997,73,1,25200,28.3561643836
132654,134715,134717,2061,2,1,25200,206.3
132654,134747,134748,2093,1,1,25200,209.4
132655,134761,134836,2106,75,1,25200,29.08
132655,134787,134900,2132,113,1,25200,19.8672566372
132655,134754,134770,2099,16,1,25200,132.1875
132656,134851,134852,2195,1,1,25200,219.6
132656,134844,134847,2188,3,1,25200,219.1
132656,134856,134873,2200,17,1,25200,130.411764706
132657,134884,134936,2227,52,1,25200,43.8269230769
132658,134948,136645,2290,1697,1,25200,2.34944018857
132658,134995,135005,2337,10,1,25200,234.7
132658,134912,135326,2254,414,1,25200,6.44444444444
132658,134927,135439,2269,512,1,25200,5.431640625
132659,135018,139466,2359,4448,1,25200,1.53035071942
132659,135264,135709,2605,445,1,25200,6.85393258427
132659,135338,135339,2679,1,1,25200,268.0
132660,135357,135936,2697,579,1,25200,5.65803108808
132660,135891,135892,3231,1,1,25200,323.2
132661,135979,135980,3318,1,1,25200,331.9
132661,135918,137805,3257,1887,1,25200,2.72602013778
132661,135948,135949,3287,1,1,25200,328.8
132661,135961,135967,3300,6,1,25200,330.6
132662,136019,136021,3357,2,1,25200,335.9
132662,135993,135994,3331,1,1,25200,333.2
132663,136074,136087,3411,13,1,25200,263.384615385
132663,136079,136085,3416,6,1,25200,342.2
132663,136033,140235,3370,4202,1,25200,1.80199904807
132664,136097,136116,3433,19,1,25200,181.684210526
132664,136104,136131,3440,27,1,25200,128.407407407
132665,136132,136133,3467,1,1,25200,346.8
132665,136125,136226,3460,101,1,25200,35.2574257426
132665,136109,136111,3444,2,1,25200,344.6
132666,136157,136178,3491,21,1,25200,167.238095238
132666,136190,136194,3524,4,1,25200,352.8
132666,136150,136552,3484,402,1,25200,9.66666666667
132667,136206,136233,3539,27,1,25200,132.074074074
132667,136245,136246,3578,1,1,25200,357.9
132668,136270,136271,3602,1,1,25200,360.3
132668,136283,136288,3615,5,1,25200,362.0
132669,136300,136309,3631,9,1,25200,364.0
132669,136565,136567,3896,2,1,25200,389.8
132669,136307,143240,3638,6933,1,25200,1.52473676619
132669,136321,137421,3652,1100,1,25200,4.32
132670,136580,136585,3910,5,1,25200,391.5
132670,136597,136610,3927,13,1,25200,303.076923077
132670,136622,136623,3952,1,1,25200,395.3
132671,136657,136687,3986,30,1,25200,133.866666667
132671,136636,137615,3965,979,1,25200,5.05005107252
132671,137592,137593,4921,1,1,25200,492.2
132671,136700,136716,4029,16,1,25200,252.8125
132672,137599,137600,4927,1,1,25200,492.8
132672,137611,137971,4939,360,1,25200,14.7194444444
132672,137604,137606,4932,2,1,25200,493.4
132673,137623,137624,4950,1,1,25200,495.1
132674,137644,137646,4970,2,1,25200,497.2
132674,137658,137685,4984,27,1,25200,185.592592593
132675,137690,138464,5015,774,1,25200,7.47932816537
132675,137677,137678,5002,1,1,25200,500.3
132676,137697,137699,5021,2,1,25200,502.3
132676,138500,138502,5824,2,1,25200,582.6
132676,138477,138487,5801,10,1,25200,581.1
132677,138578,138601,5901,23,1,25200,257.565217391
132677,138527,138585,5850,58,1,25200,101.862068966
132677,138565,138566,5888,1,1,25200,588.9
132678,138597,138791,5919,194,1,25200,31.5103092784
132678,138628,140309,5950,1681,1,25200,4.53955978584
132678,138803,138816,6125,13,1,25200,472.153846154
132679,138842,138843,6163,1,1,25200,616.4
132679,138835,138846,6156,11,1,25200,560.636363636
132679,140963,140965,8284,2,1,25200,828.6
132680,140990,142090,8310,1100,1,25200,8.55454545455
132681,141408,142287,8727,879,1,25200,10.9283276451
132681,141131,141590,8450,459,1,25200,19.4095860566
132681,141348,141349,8667,1,1,25200,866.8
132682,141552,141553,8870,1,1,25200,887.1
132682,141602,142015,8920,413,1,25200,22.598062954
132683,141622,141652,8939,30,1,25200,298.966666667
132683,141664,141753,8981,89,1,25200,101.91011236
132684,141891,141892,9207,1,1,25200,920.8
132684,141607,141609,8923,2,1,25200,892.5
132684,141766,141878,9082,112,1,25200,82.0892857143
132685,142042,142065,9357,23,1,25200,407.826086957
132685,141905,141917,9220,12,1,25200,769.333333333
132685,142028,142029,9343,1,1,25200,934.4
132686,142053,142064,9367,11,1,25200,852.545454545
132686,142082,142084,9396,2,1,25200,939.8
132686,142087,142096,9401,9,1,25200,941.0
132686,142096,142100,9410,4,1,25200,941.4
132687,142117,144145,9430,2028,1,25200,5.64990138067
132687,142103,142104,9416,1,1,25200,941.7
132687,142110,143107,9423,997,1,25200,10.4513540622
132688,142212,142213,9524,1,1,25200,952.5
132688,142153,142181,9465,28,1,25200,339.035714286
132688,142122,142140,9434,18,1,25200,525.111111111
132689,142239,143117,9550,878,1,25200,11.8769931663
132689,142193,142195,9504,2,1,25200,950.6
132689,142299,142300,9610,1,1,25200,961.1
132690,142313,142363,9623,50,1,25200,193.46
132690,142375,142377,9685,2,1,25200,968.7
132691,142451,142452,9760,1,1,25200,976.1
132691,142437,142439,9746,2,1,25200,974.8
132691,142403,142425,9712,22,1,25200,442.454545455
132691,142458,142899,9767,441,1,25200,23.1473922902
132692,142469,142653,9777,184,1,25200,54.1358695652
132692,142476,142932,9784,456,1,25200,22.4561403509
132692,142463,142464,9771,1,1,25200,977.2
132693,142666,149849,9973,7183,1,25200,2.38841709592
132693,142481,142482,9788,1,1,25200,978.9
132693,142506,143027,9813,521,1,25200,19.8349328215
132694,142911,142912,10217,1,1,25200,1021.8
132694,142925,142926,10231,1,1,25200,1023.2
132695,142945,142946,10250,1,1,25200,1025.1
132695,142952,142954,10257,2,1,25200,1025.9
132696,142967,142968,10271,1,1,25200,1027.2
132696,142985,142998,10289,13,1,25200,792.461538462
132696,142995,143049,10299,54,1,25200,191.722222222
132696,142990,143824,10294,834,1,25200,13.3429256595
132697,143016,143243,10319,227,1,25200,46.4581497797
132697,143008,143052,10311,44,1,25200,235.340909091
132697,143046,168252,10349,25206,1,25200,1.41057684678
132698,143129,143132,10431,3,1,25200,1043.4
132698,143122,143124,10424,2,1,25200,1042.6
132699,143101,143103,10402,2,1,25200,1040.4
132699,143061,146218,10362,3157,1,25200,4.28222996516
132699,143068,143070,10369,2,1,25200,1037.1
132699,143084,143089,10385,5,1,25200,1039.0
132700,143134,143135,10434,1,1,25200,1043.5
132700,143253,143383,10553,130,1,25200,82.1769230769
132700,143141,143143,10441,2,1,25200,1044.3
132701,143153,143154,10452,1,1,25200,1045.3
132701,143260,143536,10559,276,1,25200,39.2572463768
132701,143395,143396,10694,1,1,25200,1069.5
132702,143409,143410,10707,1,1,25200,1070.8
132702,143435,143773,10733,338,1,25200,32.7544378698
132703,143895,143896,11192,1,1,25200,1119.3
132703,143837,143893,11134,56,1,25200,199.821428571
132703,143549,145566,10846,2017,1,25200,6.37729300942
132703,143785,143883,11082,98,1,25200,114.081632653
132704,143905,144027,11201,122,1,25200,92.8114754098
132704,143912,144234,11208,322,1,25200,35.8074534161
132704,144039,169265,11335,25226,1,25200,1.44933798462
132705,144246,144247,11541,1,1,25200,1154.2
132705,144272,146553,11567,2281,1,25200,6.07102148181
132705,144157,144937,11452,780,1,25200,15.6820512821
132705,132859,135679,154,2820,2,7200,1.05460992908
132706,144310,144311,11604,1,1,25200,1160.5
132706,144298,144299,11592,1,1,25200,1159.3
132706,144279,144285,11573,6,1,25200,1157.9
132707,144323,144344,11616,21,1,25200,554.142857143
132707,144386,144388,11679,2,1,25200,1168.1
132707,144356,144358,11649,2,1,25200,1165.1
132708,144400,144484,11692,84,1,25200,140.19047619
132708,144497,144498,11789,1,1,25200,1179.0
132709,146250,146315,13541,65,1,25200,209.323076923
132709,146237,146238,13528,1,1,25200,1352.9
132710,146515,146517,13805,2,1,25200,1380.7
132710,146500,148249,13790,1749,1,25200,8.88450543168
132710,146508,146535,13798,27,1,25200,512.037037037
132710,146333,147180,13623,847,1,25200,17.0838252656
132711,146651,146652,13940,1,1,25200,1394.1
132711,146547,146665,13836,118,1,25200,118.254237288
132711,146664,146681,13953,17,1,25200,821.764705882
132712,146872,147583,14160,711,1,25200,20.9156118143
132712,146678,146681,13966,3,1,25200,1396.9
132712,146699,146700,13987,1,1,25200,1398.8
132712,146671,151689,13959,5018,1,25200,3.78178557194
132713,147193,147205,14480,12,1,25200,1207.66666667
132714,146857,146860,14143,3,1,25200,1414.6
132714,146740,146845,14026,105,1,25200,134.580952381
132714,147217,150638,14503,3421,1,25200,5.23940368313
132715,148262,148264,15547,2,1,25200,1554.9
132715,148276,148448,15561,172,1,25200,91.4709302326
132715,147595,150098,14880,2503,1,25200,6.94486616061
132715,148460,148461,15745,1,1,25200,1574.6
132716,148486,148538,15770,52,1,25200,304.269230769
132716,148473,148474,15757,1,1,25200,1575.8
132716,148550,148551,15834,1,1,25200,1583.5
132717,148563,148578,15846,15,1,25200,1057.4
132717,148593,148595,15876,2,1,25200,1587.8
132717,148625,148642,15908,17,1,25200,936.764705882
132718,148654,148891,15936,237,1,25200,68.2405063291
132718,150650,150651,17932,1,1,25200,1793.3
132718,152481,152482,19763,1,1,25200,1976.4
132719,151701,154851,18982,3150,1,25200,7.02603174603
132719,150663,152468,17944,1805,1,25200,10.9412742382
132720,153359,153360,20639,1,1,25200,2064.0
132720,153135,153183,20415,48,1,25200,426.3125
132720,152674,153123,19954,449,1,25200,45.4409799555
132720,152506,152662,19786,156,1,25200,127.833333333
132721,153195,153351,20474,156,1,25200,132.243589744
132721,153365,153366,20644,1,1,25200,2064.5
132721,153372,153373,20651,1,1,25200,2065.2
132722,153384,153387,20662,3,1,25200,2066.5
132722,153391,153469,20669,78,1,25200,265.987179487
132722,153377,153625,20655,248,1,25200,84.2862903226
132723,153412,153415,20689,3,1,25200,2069.2
132723,153481,153486,20758,5,1,25200,2076.3
132723,153427,153654,20704,227,1,25200,92.2070484581
132724,153637,153922,20913,285,1,25200,74.3789473684
132724,153667,153669,20943,2,1,25200,2094.5
132724,153503,153660,20779,157,1,25200,133.350318471
132725,154398,154494,21673,96,1,25200,226.760416667
132726,153934,153935,21208,1,1,25200,2120.9
132727,153971,154543,21244,572,1,25200,38.1398601399
132727,154383,154385,21656,2,1,25200,2165.8
132727,154377,154378,21650,1,1,25200,2165.1
132728,154417,154418,21689,1,1,25200,2169.0
132728,154431,154583,21703,152,1,25200,143.782894737
132728,154512,154626,21784,114,1,25200,192.087719298
132729,154555,154575,21826,20,1,25200,1092.3
132729,154562,154563,21833,1,1,25200,2183.4
132729,154550,154553,21821,3,1,25200,2182.4
132730,154593,154605,21863,12,1,25200,1822.91666667
132730,154581,154687,21851,106,1,25200,207.141509434
132730,154588,154596,21858,8,1,25200,2186.6
132731,154600,155059,21869,459,1,25200,48.6448801743
132731,154617,154620,21886,3,1,25200,2188.9
132731,154608,155009,21877,401,1,25200,55.5561097257
132732,154798,154981,22066,183,1,25200,121.579234973
132732,154639,154640,21907,1,1,25200,2190.8
132732,154632,154638,21900,6,1,25200,2190.6
132733,154675,154934,21942,259,1,25200,85.7181467181
132733,154662,154663,21929,1,1,25200,2193.0
132733,154700,154791,21967,91,1,25200,242.395604396
132733,154650,154965,21917,315,1,25200,70.5777777778
132735,154833,154834,22098,1,1,25200,2209.9
132735,154815,154826,22080,11,1,25200,2008.27272727
132736,163093,163096,30357,3,1,25200,3036.0
132736,163135,163138,30399,3,1,25200,3040.2
132736,163109,163123,30373,14,1,25200,2170.5
132737,163249,163272,30512,23,1,25200,1327.60869565
132737,163285,163340,30548,55,1,25200,556.418181818
132737,163150,163236,30413,86,1,25200,354.639534884
132738,168382,168388,35644,6,1,25200,3565.0
132738,163548,163555,30810,7,1,25200,3081.7
132738,163352,163530,30614,178,1,25200,172.988764045
132738,168369,168370,35631,1,1,25200,3563.2
132739,163580,163618,30841,38,1,25200,812.605263158
132739,163631,188864,30892,25233,1,25200,2.22426980541
132739,163567,163568,30828,1,1,25200,3082.9
132740,170565,176067,37825,5502,1,25200,7.87477280989
132740,168400,168835,35660,435,1,25200,82.9770114943
132740,168355,168356,35615,1,1,25200,3561.6
132740,168264,168343,35524,79,1,25200,450.670886076
132741,171249,174085,38508,2836,1,25200,14.5782792666
132741,168848,170553,36107,1705,1,25200,22.1771260997
132741,171244,171258,38503,14,1,25200,2751.21428571
132742,171270,171360,38528,90,1,25200,429.088888889
132742,171373,171376,38631,3,1,25200,3863.4
132742,171400,171860,38658,460,1,25200,85.0391304348
132743,171872,171875,39129,3,1,25200,3913.2
132743,171887,171902,39144,15,1,25200,2610.6
132743,171915,171917,39172,2,1,25200,3917.4
132744,174097,174098,41353,1,1,25200,4135.4
132744,174110,174120,41366,10,1,25200,4137.6
132744,174132,174155,41388,23,1,25200,1800.47826087
132745,174167,174170,41422,3,1,25200,4142.5
132745,174183,175202,41438,1019,1,25200,41.6653581943
132745,175229,175864,42484,635,1,25200,67.9039370079
132745,175215,175217,42470,2,1,25200,4247.2
132746,175877,178341,43131,2464,1,25200,18.5044642857
132746,176079,176277,43333,198,1,25200,219.853535354
132746,176290,176384,43544,94,1,25200,464.234042553
132747,176756,177428,44009,672,1,25200,66.4895833333
132747,176396,176730,43649,334,1,25200,131.685628743
132747,176743,176744,43996,1,1,25200,4399.7
132747,177441,177443,44694,2,1,25200,4469.6
132748,177493,177658,44745,165,1,25200,272.181818182
132749,177671,177672,44922,1,1,25200,4492.3
132750,177842,178495,45092,653,1,25200,70.0535987749
132750,178033,178034,45283,1,1,25200,4528.4
132750,177684,178021,44934,337,1,25200,134.335311573
132751,178131,178134,45380,3,1,25200,4538.3
132751,178117,178119,45366,2,1,25200,4536.8
132751,178071,178105,45320,34,1,25200,1333.94117647
132752,178260,178263,45508,3,1,25200,4551.1
132752,178245,178248,45493,3,1,25200,4549.6
132752,178146,178232,45394,86,1,25200,528.837209302
132752,180869,181078,48117,209,1,25200,231.224880383
132753,178275,181871,45522,3596,1,25200,13.6590656285
132753,178513,178514,45760,1,1,25200,4576.1
132753,178353,182427,45600,4074,1,25200,12.1929307806
132754,180875,181060,48121,185,1,25200,261.113513514
132754,180853,181222,48099,369,1,25200,131.349593496
132754,178526,180855,45772,2329,1,25200,20.6530699871
132754,180858,180864,48104,6,1,25200,4811.0
132755,180891,180916,48136,25,1,25200,1926.44
132755,180880,181167,48125,287,1,25200,168.682926829
132756,180885,180888,48129,3,1,25200,4813.2
132756,180896,180897,48140,1,1,25200,4814.1
132756,180902,181184,48146,282,1,25200,171.730496454
132757,180913,180914,48156,1,1,25200,4815.7
132757,180920,181410,48163,490,1,25200,99.2918367347
132757,180907,181072,48150,165,1,25200,292.818181818
132758,180926,180939,48168,13,1,25200,3706.23076923
132758,180931,180998,48173,67,1,25200,720.0
132758,180936,206147,48178,25211,1,25200,2.91099123399
132759,180942,182213,48183,1271,1,25200,38.9095200629
132759,180954,181107,48195,153,1,25200,316.0
132759,180961,180974,48202,13,1,25200,3708.84615385
132759,180949,180950,48190,1,1,25200,4819.1
132760,180995,181019,48235,24,1,25200,2010.79166667
132760,180967,180983,48207,16,1,25200,3013.9375
132760,180987,181905,48227,918,1,25200,53.5348583878
132761,181091,181092,48330,1,1,25200,4833.1
132761,181073,181074,48312,1,1,25200,4831.3
132761,181010,181135,48249,125,1,25200,386.992
132761,181031,181168,48270,137,1,25200,353.335766423
132762,181105,181122,48343,17,1,25200,2844.70588235
132762,181134,181455,48372,321,1,25200,151.691588785
132762,181096,181097,48334,1,1,25200,4833.5
132763,181112,181161,48349,49,1,25200,987.714285714
132763,181119,181133,48356,14,1,25200,3455.0
132764,181160,181346,48396,186,1,25200,261.193548387
132764,181175,181184,48411,9,1,25200,4842.0
132764,181153,181156,48389,3,1,25200,4839.2
132764,181168,181363,48404,195,1,25200,249.225641026
132765,181359,181490,48594,131,1,25200,371.946564885
132765,181187,181641,48422,454,1,25200,107.656387665
132765,181182,181250,48417,68,1,25200,713.014705882
132766,181422,181423,48656,1,1,25200,4865.7
132766,181389,181955,48623,566,1,25200,86.906360424
132766,181375,181377,48609,2,1,25200,4861.1
132766,181437,181940,48671,503,1,25200,97.7614314115
132767,181641,181664,48874,23,1,25200,2125.95652174
132767,181636,181706,48869,70,1,25200,699.128571429
132767,181502,181667,48735,165,1,25200,296.363636364
132768,181657,181658,48889,1,1,25200,4889.0
132768,181646,183492,48878,1846,1,25200,27.4777898158
132768,181652,181928,48884,276,1,25200,178.115942029
132769,181663,184049,48894,2386,1,25200,21.4920368818
132769,181706,181708,48937,2,1,25200,4893.9
132769,181701,181726,48932,25,1,25200,1958.28
132770,181674,182736,48904,1062,1,25200,47.0489642185
132770,181717,181718,48947,1,1,25200,4894.8
132770,181668,181671,48898,3,1,25200,4890.1
132771,181695,181696,48924,1,1,25200,4892.5
132771,181679,181680,48908,1,1,25200,4890.9
132771,181685,181874,48914,189,1,25200,259.804232804
132771,181690,181703,48919,13,1,25200,3764.0
132772,181725,181727,48953,2,1,25200,4895.5
132772,181730,206946,48958,25216,1,25200,2.94154505076
132773,181757,181829,48984,72,1,25200,681.333333333
132773,134891,136105,2118,1214,4,144120,2.74464579901
132773,181786,181787,49013,1,1,25200,4901.4
132774,181741,181742,48967,1,1,25200,4896.8
132774,181746,181800,48972,54,1,25200,907.888888889
132774,181791,181794,49017,3,1,25200,4902.0
132775,181762,181764,48987,2,1,25200,4898.9
132775,181768,181783,48993,15,1,25200,3267.2
132775,181773,182075,48998,302,1,25200,163.245033113
132776,181837,181845,49061,8,1,25200,4906.9
132776,181802,183038,49026,1236,1,25200,40.6650485437
132776,181808,181810,49032,2,1,25200,4903.4
132777,181831,181832,49054,1,1,25200,4905.5
132778,181965,182196,49187,231,1,25200,213.930735931
132778,181849,181853,49071,4,1,25200,4907.5
132778,182055,182186,49277,131,1,25200,377.160305344
132778,181960,182033,49182,73,1,25200,674.726027397
132779,181855,182062,49076,207,1,25200,238.082125604
132779,181860,182118,49081,258,1,25200,191.236434109
132779,181865,181866,49086,1,1,25200,4908.7
132780,181873,181878,49093,5,1,25200,4909.8
132780,181884,181955,49104,71,1,25200,692.605633803
132781,181897,181900,49116,3,1,25200,4911.9
132781,181902,181904,49121,2,1,25200,4912.3
132781,181908,182128,49127,220,1,25200,224.304545455
132782,181926,181933,49144,7,1,25200,4915.1
132782,181913,181961,49131,48,1,25200,1024.5625
132783,181936,181937,49153,1,1,25200,4915.4
132783,181942,181943,49159,1,1,25200,4916.0
132783,181949,182070,49166,121,1,25200,407.330578512
132784,181978,181981,49194,3,1,25200,4919.7
132784,181972,182029,49188,57,1,25200,863.947368421
132784,181983,182104,49199,121,1,25200,407.603305785
132784,181954,181958,49170,4,1,25200,4917.4
132785,182001,182004,49216,3,1,25200,4921.9
132785,181994,181996,49209,2,1,25200,4921.1
132785,181988,182032,49203,44,1,25200,1119.25
132786,182036,189108,49250,7072,1,25200,7.96408371041
132786,182014,182350,49228,336,1,25200,147.511904762
132786,182007,182085,49221,78,1,25200,632.038461538
132786,182021,182024,49235,3,1,25200,4923.8
132787,182043,182047,49256,4,1,25200,4926.0
132787,182063,182064,49276,1,1,25200,4927.7
132787,182050,182057,49263,7,1,25200,4927.0
132788,182089,182090,49301,1,1,25200,4930.2
132788,182070,182072,49282,2,1,25200,4928.4
132788,182077,182280,49289,203,1,25200,243.802955665
132788,182082,182659,49294,577,1,25200,86.431542461
132789,182094,182215,49305,121,1,25200,408.479338843
132789,182100,182102,49311,2,1,25200,4931.3
132789,182107,182108,49318,1,1,25200,4931.9
132790,182125,182128,49335,3,1,25200,4933.8
132790,182113,183749,49323,1636,1,25200,31.1485330073
132790,182131,182132,49341,1,1,25200,4934.2
132791,182151,182152,49360,1,1,25200,4936.1
132791,182144,182146,49353,2,1,25200,4935.5
132792,182168,182194,49376,26,1,25200,1900.07692308
132792,182181,182183,49389,2,1,25200,4939.1
132792,182162,190265,49370,8103,1,25200,7.0928051339
132792,182157,182213,49365,56,1,25200,882.517857143
132793,182195,182205,49402,10,1,25200,4941.2
132793,182214,182462,49421,248,1,25200,200.278225806
132793,182207,182423,49414,216,1,25200,229.768518519
132794,182237,182597,49443,360,1,25200,138.341666667
132794,182219,182780,49425,561,1,25200,89.1016042781
132794,182243,186520,49449,4277,1,25200,12.5616086042
132795,182362,182707,49567,345,1,25200,144.672463768
132795,182292,182360,49497,68,1,25200,728.897058824
132795,182372,182385,49577,13,1,25200,3814.61538462
132796,182397,184771,49601,2374,1,25200,21.8934288121
132796,182436,182438,49640,2,1,25200,4964.2
132796,182443,182458,49647,15,1,25200,3310.8
132797,182471,207689,49674,25218,1,25200,2.96978348798
132797,182462,182475,49665,13,1,25200,3821.38461538
132797,182478,183660,49681,1182,1,25200,43.0313028765
132798,182536,183020,49738,484,1,25200,103.76446281
132798,182487,182488,49689,1,1,25200,4969.0
132798,182500,182524,49702,24,1,25200,2071.91666667
132799,182609,182747,49810,138,1,25200,361.942028986
132799,182671,182672,49872,1,1,25200,4987.3
132800,182707,182728,49907,21,1,25200,2377.52380952
132800,182732,182733,49932,1,1,25200,4993.3
132800,182740,184468,49940,1728,1,25200,29.900462963
132800,182719,182720,49919,1,1,25200,4992.0
132801,182747,182841,49946,94,1,25200,532.340425532
132801,182754,183279,49953,525,1,25200,96.1485714286
132801,182761,182762,49960,1,1,25200,4996.1
132802,182774,183134,49972,360,1,25200,139.811111111
132802,182793,183005,49991,212,1,25200,236.806603774
132802,182854,182860,50052,6,1,25200,5005.8
132803,183018,185646,50215,2628,1,25200,20.1076864536
132803,182896,183284,50093,388,1,25200,130.105670103
132804,183033,183034,50229,1,1,25200,5023.0
132804,183054,183057,50250,3,1,25200,5025.3
132805,183069,183071,50264,2,1,25200,5026.6
132805,183076,184972,50271,1896,1,25200,27.5142405063
132805,183061,183064,50256,3,1,25200,5025.9
132806,183095,183181,50289,86,1,25200,585.755813953
132806,183146,183149,50340,3,1,25200,5034.3
132807,183161,183220,50354,59,1,25200,854.457627119
132807,183208,183210,50401,2,1,25200,5040.3
132807,183194,183196,50387,2,1,25200,5038.9
132807,183223,183241,50416,18,1,25200,2801.88888889
132808,183246,183585,50438,339,1,25200,149.784660767
132808,183232,183234,50424,2,1,25200,5042.6
132808,183253,183353,50445,100,1,25200,505.45
132809,183292,183363,50483,71,1,25200,712.028169014
132809,183312,183317,50503,5,1,25200,5050.8
132810,183342,183347,50532,5,1,25200,5053.7
132810,183366,183367,50556,1,1,25200,5055.7
132811,183385,187160,50574,3775,1,25200,14.3970860927
132811,183380,183514,50569,134,1,25200,378.380597015
132812,183392,183400,50580,8,1,25200,5058.8
132812,183412,183433,50600,21,1,25200,2410.52380952
132812,183480,183482,50668,2,1,25200,5067.0
132812,183445,183467,50633,22,1,25200,2302.5
132813,183504,183508,50691,4,1,25200,5069.5
132813,183511,184132,50698,621,1,25200,82.6392914654
132814,183520,183559,50706,39,1,25200,1301.15384615
132814,183571,183638,50757,67,1,25200,758.567164179
132814,183596,183597,50782,1,1,25200,5078.3
132814,183528,183584,50714,56,1,25200,906.607142857
132815,183603,188317,50788,4714,1,25200,11.7738650827
132816,183654,183755,50838,101,1,25200,504.346534653
132817,183672,184072,50855,400,1,25200,128.1375
132817,183679,208914,50862,25235,1,25200,3.01553398058
132817,183761,183762,50944,1,1,25200,5094.5
132818,183768,183861,50950,93,1,25200,548.849462366
132819,183799,183826,50980,27,1,25200,1889.14814815
132819,183794,183811,50975,17,1,25200,2999.52941176
132820,183827,207657,51007,23830,1,25200,3.14045321024
132820,183821,184082,51001,261,1,25200,196.406130268
132820,183811,183812,50991,1,1,25200,5099.2
132820,183816,184974,50996,1158,1,25200,45.0379965458
132821,183832,183833,51011,1,1,25200,5101.2
132821,183845,183846,51024,1,1,25200,5102.5
132821,183839,183887,51018,48,1,25200,1063.875
132822,183861,183908,51039,47,1,25200,1086.93617021
132822,183868,183879,51046,11,1,25200,4641.54545455
132822,183850,184024,51028,174,1,25200,294.264367816
132822,183855,183900,51033,45,1,25200,1135.06666667
132823,183873,183874,51050,1,1,25200,5105.1
132823,183881,184965,51058,1084,1,25200,48.1014760148
132823,183888,184381,51065,493,1,25200,104.580121704
132824,183902,209138,51078,25236,1,25200,3.02401331431
132824,183909,183932,51085,23,1,25200,2222.08695652
132825,183939,184128,51114,189,1,25200,271.444444444
132825,183923,183924,51098,1,1,25200,5109.9
132825,183916,183920,51091,4,1,25200,5109.5
132826,183946,183948,51120,2,1,25200,5112.2
132826,183951,183952,51125,1,1,25200,5112.6
132827,183999,184021,51172,22,1,25200,2327.0
132827,183967,183997,51140,30,1,25200,1705.66666667
132828,184040,184063,51212,23,1,25200,2227.60869565
132828,184009,184011,51181,2,1,25200,5118.3
132828,184023,184537,51195,514,1,25200,100.601167315
132829,184062,184064,51233,2,1,25200,5123.5
132829,184033,184417,51204,384,1,25200,134.34375
132829,184075,184142,51246,67,1,25200,765.865671642
132830,184245,184341,51415,96,1,25200,536.572916667
132830,184081,184299,51251,218,1,25200,236.096330275
132830,184100,184102,51270,2,1,25200,5127.2
132830,184093,184096,51263,3,1,25200,5126.6
132831,184285,184423,51454,138,1,25200,373.855072464
132831,184311,184313,51480,2,1,25200,5148.2
132831,184397,184611,51566,214,1,25200,241.962616822
132832,184129,185030,51297,901,1,25200,57.9334073252
132832,184108,184109,51276,1,1,25200,5127.7
132833,184136,184304,51303,168,1,25200,306.375
132833,184143,184327,51310,184,1,25200,279.858695652
132834,184230,184232,51396,2,1,25200,5139.8
132834,184157,184217,51323,60,1,25200,856.383333333
132834,184404,184437,51570,33,1,25200,1563.72727273
132834,184150,184273,51316,123,1,25200,418.203252033
132835,184421,184436,51586,15,1,25200,3440.06666667
132835,184411,184419,51576,8,1,25200,5158.4
132835,184430,184432,51595,2,1,25200,5159.7
132836,184318,184331,51482,13,1,25200,3961.15384615
132836,184326,184393,51490,67,1,25200,769.507462687
132836,184347,209590,51511,25243,1,25200,3.04060531633
132836,184340,184342,51504,2,1,25200,5150.6
132837,184390,184392,51553,2,1,25200,5155.5
132837,184359,184378,51522,19,1,25200,2712.68421053
132837,184354,184409,51517,55,1,25200,937.672727273
132838,184442,184444,51604,2,1,25200,5160.6
132838,184454,184471,51616,17,1,25200,3037.23529412
132838,184460,184504,51622,44,1,25200,1174.22727273
132838,184437,185352,51599,915,1,25200,57.3923497268
132839,184472,184630,51633,158,1,25200,327.791139241
132839,184465,184929,51626,464,1,25200,112.262931034
132839,184480,184482,51641,2,1,25200,5164.3
132840,184516,184518,51676,2,1,25200,5167.8
132840,184494,185462,51654,968,1,25200,54.3615702479
132840,184487,184645,51647,158,1,25200,327.879746835
132841,184550,184552,51709,2,1,25200,5171.1
132841,184564,196394,51723,11830,1,25200,5.37218934911
132841,184542,185591,51701,1049,1,25200,50.285986654
132842,184644,184660,51802,16,1,25200,3238.625
132842,184623,184625,51781,2,1,25200,5178.3
132843,184651,184655,51808,4,1,25200,5181.2
132843,184674,184678,51831,4,1,25200,5183.5
132843,184667,185186,51824,519,1,25200,100.853564547
132843,184658,184794,51815,136,1,25200,381.992647059
132844,184722,184815,51878,93,1,25200,558.827956989
132844,184690,184710,51846,20,1,25200,2593.3
132844,184783,184785,51939,2,1,25200,5194.1
132845,184805,184848,51960,43,1,25200,1209.37209302
132845,184797,185956,51952,1159,1,25200,45.8248490078
132845,184941,185045,52096,104,1,25200,501.923076923
132846,184991,184993,52145,2,1,25200,5214.7
132846,184984,185045,52138,61,1,25200,855.721311475
132846,184996,185331,52150,335,1,25200,156.671641791
132846,184977,185253,52131,276,1,25200,189.880434783
132847,184845,184846,51998,1,1,25200,5199.9
132847,184826,184827,51979,1,1,25200,5198.0
132847,184833,185294,51986,461,1,25200,113.767895879
132848,184865,184868,52017,3,1,25200,5202.0
132848,184880,185524,52032,644,1,25200,81.7950310559
132848,184858,184976,52010,118,1,25200,441.762711864
132849,185005,185836,52156,831,1,25200,63.7629362214
132849,185042,185044,52193,2,1,25200,5219.5
132849,133781,137139,932,3358,2,7200,1.27754615843
132850,185081,185082,52231,1,1,25200,5223.2
132850,185056,185078,52206,22,1,25200,2374.0
132850,185068,185070,52218,2,1,25200,5222.0
132850,185063,185070,52213,7,1,25200,5222.0
132851,185087,185136,52236,49,1,25200,1067.04081633
132851,185099,185124,52248,25,1,25200,2090.92
132851,185093,185229,52242,136,1,25200,385.132352941
132852,185136,186536,52284,1400,1,25200,38.3457142857
132852,185148,185151,52296,3,1,25200,5229.9
132852,185175,185176,52323,1,1,25200,5232.4
132853,185232,186603,52379,1371,1,25200,39.2049598833
132853,185198,185220,52345,22,1,25200,2380.31818182
132853,185189,185226,52336,37,1,25200,1415.48648649
132854,185246,185279,52392,33,1,25200,1588.63636364
132854,185253,185831,52399,578,1,25200,91.6557093426
132854,185239,185240,52385,1,1,25200,5238.6
132855,185265,185267,52410,2,1,25200,5241.2
132855,185293,185644,52438,351,1,25200,150.396011396
132855,185279,185280,52424,1,1,25200,5242.5
132856,185306,185308,52450,2,1,25200,5245.2
132856,185313,185727,52457,414,1,25200,127.707729469
132856,185325,185326,52469,1,1,25200,5247.0
132856,185298,185300,52442,2,1,25200,5244.4
132857,185345,185353,52488,8,1,25200,5249.6
132857,185352,190165,52495,4813,1,25200,11.9069187617
132858,185386,210105,52528,24719,1,25200,3.12500505684
132858,185370,185371,52512,1,1,25200,5251.3
132858,185364,185366,52506,2,1,25200,5250.8
132859,185393,185449,52534,56,1,25200,939.107142857
132859,185462,185464,52603,2,1,25200,5260.5
132859,185474,185476,52615,2,1,25200,5261.7
132860,185488,185489,52628,1,1,25200,5262.9
132860,185501,185611,52641,110,1,25200,479.554545455
132860,185533,185660,52673,127,1,25200,415.748031496
132861,185663,185665,52802,2,1,25200,5280.4
132861,185676,185678,52815,2,1,25200,5281.7
132861,185670,185691,52809,21,1,25200,2515.71428571
132862,185705,185708,52843,3,1,25200,5284.6
132862,185698,185808,52836,110,1,25200,481.327272727
132862,185682,185683,52820,1,1,25200,5282.1
132863,185540,186033,52677,493,1,25200,107.84989858
132863,185623,185625,52760,2,1,25200,5276.2
132863,185603,185612,52740,9,1,25200,5274.9
132864,185644,186563,52780,919,1,25200,58.4319912949
132865,185721,185727,52856,6,1,25200,5286.2
132865,185658,185741,52793,83,1,25200,637.060240964
132865,185710,185712,52845,2,1,25200,5284.7
132866,185744,185811,52878,67,1,25200,790.223880597
132866,185739,187317,52873,1578,1,25200,34.5063371356
132867,185751,185752,52884,1,1,25200,5288.5
132867,185777,185782,52910,5,1,25200,5291.5
132867,185758,185778,52891,20,1,25200,2645.55
132868,185811,185911,52943,100,1,25200,530.43
132868,185790,186998,52922,1208,1,25200,44.809602649
132869,185843,186762,52974,919,1,25200,58.6430903156
132869,185825,185846,52956,21,1,25200,2522.71428571
132869,185830,185833,52961,3,1,25200,5296.4
132869,185850,187362,52981,1512,1,25200,36.0403439153
132870,185870,185887,53000,17,1,25200,3118.64705882
132870,185855,185856,52985,1,1,25200,5298.6
132870,185863,186634,52993,771,1,25200,69.7328145266
132871,185881,185882,53010,1,1,25200,5301.1
132871,185886,186329,53015,443,1,25200,120.67268623
132871,185897,185921,53026,24,1,25200,2210.41666667
132871,185892,185893,53021,1,1,25200,5302.2
132872,185915,186226,53043,311,1,25200,171.556270096
132872,185921,186078,53049,157,1,25200,338.891719745
132872,185909,185952,53037,43,1,25200,1234.41860465
132873,185929,186130,53056,201,1,25200,264.960199005
132873,185984,185985,53111,1,1,25200,5311.2
132874,186010,211249,53136,25239,1,25200,3.10531320575
132874,185949,185950,53075,1,1,25200,5307.6
132875,185969,185972,53094,3,1,25200,5309.7
132875,185962,211208,53087,25246,1,25200,3.10278856056
132875,185974,186722,53099,748,1,25200,71.9879679144
132876,186090,186498,53214,408,1,25200,131.426470588
132876,186045,186798,53169,753,1,25200,71.609561753
132876,186159,186160,53283,1,1,25200,5328.4
132876,186143,186147,53267,4,1,25200,5327.1
132877,186205,186206,53328,1,1,25200,5332.9
132877,186192,186193,53315,1,1,25200,5331.6
132877,186172,186180,53295,8,1,25200,5330.3
132878,186230,186422,53352,192,1,25200,278.875
132878,186243,186799,53365,556,1,25200,96.9802158273
132878,186342,186369,53464,27,1,25200,1981.14814815
132879,186382,186384,53503,2,1,25200,5350.5
132879,186395,186396,53516,1,1,25200,5351.7
132879,186408,186561,53529,153,1,25200,350.862745098
132880,186475,186481,53595,6,1,25200,5360.1
132880,186434,186437,53554,3,1,25200,5355.7
132881,186523,186558,53642,35,1,25200,1533.62857143
132881,186511,186514,53630,3,1,25200,5363.3
132881,186493,186510,53612,17,1,25200,3154.64705882
132882,186537,186540,53655,3,1,25200,5365.8
132882,186547,186550,53665,3,1,25200,5366.8
132882,186555,186556,53673,1,1,25200,5367.4
132882,186530,186613,53648,83,1,25200,647.361445783
132883,186576,211815,53693,25239,1,25200,3.12738222592
132883,186569,193664,53686,7095,1,25200,8.56673713883
132883,186562,186571,53679,9,1,25200,5368.8
132884,186587,186622,53703,35,1,25200,1535.37142857
132884,186581,186616,53697,35,1,25200,1535.2
132884,186594,186636,53710,42,1,25200,1279.80952381
132885,186637,188651,53752,2014,1,25200,27.6891757696
132885,186616,186619,53731,3,1,25200,5373.4
132885,186625,186627,53740,2,1,25200,5374.2
132885,186632,186634,53747,2,1,25200,5374.9
132886,186645,186648,53759,3,1,25200,5376.2
132886,186650,186653,53764,3,1,25200,5376.7
132887,186782,186783,53895,1,1,25200,5389.6
132887,186775,186823,53888,48,1,25200,1123.66666667
132887,186795,186825,53908,30,1,25200,1797.93333333
132888,186810,186812,53922,2,1,25200,5392.4
132888,186816,187005,53928,189,1,25200,286.333333333
132888,186658,186659,53770,1,1,25200,5377.1
132889,186676,187685,53787,1009,1,25200,54.307234886
132889,186669,186671,53780,2,1,25200,5378.2
132889,186664,189671,53775,3007,1,25200,18.8832723645
132890,186681,186891,53791,210,1,25200,257.147619048
132890,186694,205392,53804,18698,1,25200,3.87752700824
132890,186734,186741,53844,7,1,25200,5385.1
132890,186687,187451,53797,764,1,25200,71.414921466
132891,186842,186844,53951,2,1,25200,5395.3
132891,186824,190072,53933,3248,1,25200,17.6049876847
132891,186835,186839,53944,4,1,25200,5394.8
132892,186851,192528,53959,5677,1,25200,10.5048441078
132892,186858,186900,53966,42,1,25200,1285.9047619
132892,186903,191596,54011,4693,1,25200,12.5088429576
132893,186913,186984,54020,71,1,25200,761.845070423
132893,187015,187211,54122,196,1,25200,277.132653061
132893,187010,188428,54117,1418,1,25200,39.1643159379
132893,186996,186998,54103,2,1,25200,5410.5
132894,187023,188137,54129,1114,1,25200,49.5897666068
132894,187172,187177,54278,5,1,25200,5428.3
132895,187202,187229,54307,27,1,25200,2012.37037037
132895,187224,212441,54329,25217,1,25200,3.15445929333
132895,187242,187605,54347,363,1,25200,150.716253444
132895,187330,187333,54435,3,1,25200,5443.8
132896,187375,188506,54479,1131,1,25200,49.1688770999
132896,187345,187346,54449,1,1,25200,5445.0
132896,187358,188199,54462,841,1,25200,65.7586206897
132897,187492,190320,54595,2828,1,25200,20.3051626591
132897,187601,187604,54704,3,1,25200,5470.7
132897,187463,187475,54566,12,1,25200,4548.16666667
132898,187617,187622,54719,5,1,25200,5472.4
132898,187698,187701,54800,3,1,25200,5480.3
132898,187622,190118,54724,2496,1,25200,22.9246794872
132898,187634,188353,54736,719,1,25200,77.1279554937
132899,188003,188005,55104,2,1,25200,5510.6
132899,187713,187795,54814,82,1,25200,669.463414634
132899,187808,213026,54909,25218,1,25200,3.17737330478
132900,188022,188669,55122,647,1,25200,86.1962905719
132900,188149,189366,55249,1217,1,25200,46.3976992605
132900,188008,188142,55108,134,1,25200,412.253731343
132901,188232,188253,55331,21,1,25200,2635.80952381
132901,188155,190734,55254,2579,1,25200,22.4245831718
132901,188211,188214,55310,3,1,25200,5531.3
132901,188265,188267,55364,2,1,25200,5536.6
132902,188365,188374,55463,9,1,25200,5547.2
132902,188329,188535,55427,206,1,25200,270.063106796
132902,188280,193708,55378,5428,1,25200,11.202284451
132903,188441,188447,55538,6,1,25200,5554.4
132903,188459,188460,55556,1,1,25200,5555.7
132903,188386,188387,55483,1,1,25200,5548.4
132903,188399,188540,55496,141,1,25200,394.588652482
132904,188533,188813,55629,280,1,25200,199.675
132904,188518,188521,55614,3,1,25200,5561.7
132904,188472,189597,55568,1125,1,25200,50.3937777778
132905,188548,188569,55643,21,1,25200,2650.66666667
132905,188593,190090,55688,1497,1,25200,38.1997327989
132905,188554,189154,55649,600,1,25200,93.7483333333
132906,188789,188931,55883,142,1,25200,394.542253521
132906,188681,188978,55775,297,1,25200,188.794612795
132906,188664,189221,55758,557,1,25200,101.104129264
132907,188825,188827,55918,2,1,25200,5592.0
132907,188794,188991,55887,197,1,25200,284.69035533
132907,188840,192553,55933,3713,1,25200,16.0640991112
132907,188876,197165,55969,8289,1,25200,7.75220171311
132908,188899,188901,55991,2,1,25200,5599.3
132908,188918,188961,56010,43,1,25200,1303.55813953
132908,188894,189053,55986,159,1,25200,353.113207547
132909,188973,188976,56064,3,1,25200,5606.7
132909,188944,188994,56035,50,1,25200,1121.7
132909,188988,189070,56079,82,1,25200,684.890243902
132910,189010,190112,56100,1102,1,25200,51.9074410163
132910,188995,190582,56085,1587,1,25200,36.3402646503
132910,189002,189009,56092,7,1,25200,5609.9
132911,189065,211447,56154,22382,1,25200,3.50889107318
132911,189048,189332,56137,284,1,25200,198.665492958
132912,189082,189488,56170,406,1,25200,139.349753695
132912,189215,189221,56303,6,1,25200,5630.9
132912,189121,189124,56209,3,1,25200,5621.2
132913,189170,189403,56257,233,1,25200,242.446351931
132913,189163,189202,56250,39,1,25200,1443.30769231
132913,189150,189151,56237,1,1,25200,5623.8
132914,189258,189941,56344,683,1,25200,83.494875549
132914,190353,190357,57439,4,1,25200,5744.3
132914,189240,189246,56326,6,1,25200,5633.2
132914,189234,214473,56320,25239,1,25200,3.23146717382
132915,189344,189556,56429,212,1,25200,267.174528302
132915,189393,190420,56478,1027,1,25200,55.9931840312
132915,189378,189380,56463,2,1,25200,5646.5
132916,189468,189472,56552,4,1,25200,5655.6
132916,189500,189505,56584,5,1,25200,5658.9
132916,189488,190139,56572,651,1,25200,87.9001536098
132916,189416,189456,56500,40,1,25200,1413.5
132917,189610,191992,56693,2382,1,25200,24.8005877414
132917,189569,189715,56652,146,1,25200,389.02739726
132917,189517,190340,56600,823,1,25200,69.772782503
132918,190369,190379,57451,10,1,25200,5746.1
132918,190333,190349,57415,16,1,25200,3589.4375
132918,190361,191337,57443,976,1,25200,59.8555327869
132919,190457,190477,57538,20,1,25200,2877.9
132919,190432,190445,57513,13,1,25200,4425.07692308
132919,190391,192258,57472,1867,1,25200,31.783074451
132920,190715,191428,57795,713,1,25200,82.0589060309
132920,190489,190633,57569,144,1,25200,400.784722222
132920,190645,190702,57725,57,1,25200,1013.71929825
132921,191664,191807,58743,143,1,25200,411.79020979
132921,191350,191652,58429,302,1,25200,194.473509934
132921,191423,191426,58502,3,1,25200,5850.5
132921,191299,191410,58378,111,1,25200,526.927927928
132922,191438,193482,58516,2044,1,25200,29.6281800391
132922,191464,193134,58542,1670,1,25200,36.0550898204
132922,191445,191451,58523,6,1,25200,5852.9
132923,191819,191822,58896,3,1,25200,5889.9
132923,192540,192542,59617,2,1,25200,5961.9
132923,191835,193803,58912,1968,1,25200,30.9349593496
132923,192554,192560,59631,6,1,25200,5963.7
132924,192566,192649,59642,83,1,25200,719.578313253
132924,192573,193860,59649,1287,1,25200,47.3473193473
132944,149295,150449,16351,1154,4,144060,15.1689774697
133369,134423,134431,1054,8,32,10800,106.2
133434,134444,134448,1010,4,32,10800,101.4
133497,134460,134464,963,4,32,10800,96.7
133592,134476,134481,884,5,32,10800,88.9
133644,134492,134497,848,5,32,10800,85.3
133698,134514,134518,816,4,32,10800,82.0
133753,134530,134534,777,4,32,10800,78.1
133790,134545,134550,755,5,32,10800,76.0
133828,133835,137397,7,3562,2,7200,1.0019651881
134036,134043,137282,7,3239,2,7200,1.00216116085
134090,134118,134452,28,334,4,3600,1.08383233533
134190,134197,134431,7,234,1,3540,1.02991452991
134191,134210,134231,19,21,1,550,1.90476190476
134191,134203,134231,12,28,1,550,1.42857142857
134191,134243,134249,52,6,1,550,5.8
134290,134297,138107,7,3810,2,7200,1.00183727034
134362,134369,137476,7,3107,2,7200,1.00225297715
134421,134431,134832,10,401,1,1690,1.02493765586
134421,134436,134838,15,402,1,1690,1.03731343284
134422,134449,134876,27,427,1,1690,1.06323185012
134422,134467,134877,45,410,1,1690,1.10975609756
134500,134507,137539,7,3032,2,7200,1.00230870712
134586,138862,140951,4276,2089,1,3540,3.04691239828
134663,138869,139053,4206,184,1,3540,23.8586956522
134702,134708,138150,6,3442,2,7200,1.00174317257
134713,139079,139321,4366,242,1,3540,19.041322314
134717,134729,137327,12,2598,2,7200,1.00461893764
134718,134734,138306,16,3572,2,7200,1.00447928331
134757,134768,138634,11,3866,2,7200,1.00284531816
134767,139346,139825,4579,479,1,3540,10.5594989562
134772,134782,138426,10,3644,2,7200,1.0027442371
134840,139479,139861,4639,382,1,3540,13.1439790576
134890,139837,140344,4947,507,1,3540,10.7573964497
134944,140253,140736,5309,483,1,3540,11.9917184265
134995,140321,140828,5326,507,1,3540,11.5049309665
135045,140356,140829,5311,473,1,3540,12.2283298097
135095,140841,141336,5746,495,1,3540,12.6080808081
135166,176625,230659,41459,54034,4,54000,1.76727615946
135170,140846,141396,5676,550,1,3540,11.32
135314,136118,158929,804,22811,4,86400,1.03524615317
135372,140867,141092,5495,225,1,3540,25.4222222222
135379,136866,159643,1487,22777,8,345600,1.06528515608
135415,135530,135686,115,156,2,600,1.73717948718
135422,135451,135879,29,428,1,1690,1.06775700935
135423,135703,136057,280,354,1,1690,1.79096045198
135423,135698,136059,275,361,1,1690,1.76177285319
135423,135721,136055,298,334,1,1690,1.89221556886
135453,135460,139353,7,3893,2,7200,1.00179809915
135588,138816,142445,3228,3629,4,3600,1.88950124001
135681,135688,138494,7,2806,2,7200,1.00249465431
135802,141361,141539,5559,178,1,3540,32.2303370787
135976,135986,139432,10,3446,2,7200,1.00290191526
135978,138698,138804,2720,106,4,3540,26.6603773585
136029,141935,142041,5906,106,1,3540,56.7169811321
136205,136238,136276,33,38,1,1690,1.86842105263
136307,136314,139708,7,3394,2,7200,1.00206246317
136527,150462,151652,13935,1190,4,144120,12.7100840336
136720,136728,137162,8,434,1,1690,1.01843317972
136720,137160,137581,440,421,1,1690,2.04513064133
136720,137155,137581,435,426,1,1690,2.02112676056
136721,137174,137579,453,405,1,1690,2.11851851852
136792,170541,171268,33749,727,16,7200,47.4222833563
137088,138693,143693,1605,5000,20,7199,1.321
137141,137148,138422,7,1274,2,7200,1.00549450549
137244,143160,149272,5916,6112,20,10799,1.96793193717
137282,137294,140416,12,3122,2,7200,1.00384368994
137327,137339,140459,12,3120,2,7200,1.00384615385
137399,137409,140707,10,3298,2,7200,1.00303214069
137477,137489,141243,12,3754,2,7200,1.0031965903
137482,139874,141801,2392,1927,1,1800,2.24130773223
137534,154544,342636,17010,188092,18,198000,1.09043446824
137540,137551,140610,11,3059,2,7200,1.00359594639
137579,143171,315974,5592,172803,1,172800,1.0323605493
137595,143178,315985,5583,172807,1,172800,1.03230771902
137701,137983,138409,282,426,1,1690,1.66197183099
137701,137711,138139,10,428,1,1690,1.02336448598
137702,138421,138822,719,401,1,1690,2.79301745636
137702,138152,138553,450,401,1,1690,2.12219451372
138109,138119,141729,10,3610,2,7200,1.0027700831
138151,138162,141006,11,2844,2,7200,1.00386779184
138307,138319,141902,12,3583,2,7200,1.00334914876
138425,138434,141369,9,2935,2,7200,1.00306643952
138440,138446,141598,6,3152,2,7200,1.0019035533
138466,148673,148720,10207,47,8,3600,218.170212766
138497,138507,141775,10,3268,2,7200,1.00305997552
138598,138614,138616,16,2,1,1800,1.8
138635,138646,141992,11,3346,2,7200,1.00328750747
138816,138828,138829,12,1,1,1800,1.3
138857,143705,154533,4848,10828,20,10799,1.4477281123
138947,139066,139067,119,1,1,1800,12.0
139196,139333,139334,137,1,1,1800,13.8
139355,139365,142215,10,2850,2,7200,1.00350877193
139433,139444,140252,11,808,2,7200,1.01361386139
139710,139720,140623,10,903,2,7200,1.01107419712
140254,140264,143474,10,3210,2,7200,1.0031152648
140417,140428,143832,11,3404,2,7200,1.00323149236
140462,140472,143792,10,3320,2,7200,1.00301204819
140612,140622,143028,10,2406,2,7200,1.00415627598
140626,140748,140855,122,107,1,1800,2.14018691589
140627,140635,141809,8,1174,2,7200,1.00681431005
140708,140719,144367,11,3648,2,7200,1.00301535088
141006,141018,144946,12,3928,2,7200,1.00305498982
141154,150029,258034,8875,108005,16,108000,1.08217212166
141248,141255,144781,7,3526,2,7200,1.00198525241
141299,144523,144690,3224,167,1,3540,20.3053892216
141371,141382,141904,11,522,2,7200,1.02107279693
141600,141615,144693,15,3078,2,7200,1.00487329435
141604,144702,145784,3098,1082,1,3540,3.86321626617
141673,144949,145084,3276,135,1,3540,25.2666666667
141709,145096,145262,3387,166,1,3540,21.4036144578
141732,141741,142192,9,451,2,7200,1.0199556541
141746,145273,145611,3527,338,1,3540,11.4349112426
141777,141787,145250,10,3463,2,7200,1.00288766965
141810,141821,145293,11,3472,2,7200,1.00316820276
141815,145578,145857,3763,279,1,3540,14.4874551971
141852,145623,145972,3771,349,1,3540,11.8051575931
141887,145797,146125,3910,328,1,3540,12.9207317073
141903,141914,145274,11,3360,2,7200,1.00327380952
141918,141930,145189,12,3259,2,7200,1.00368211108
141923,145869,146219,3946,350,1,3540,12.2742857143
141923,192661,194374,50738,1713,1,108000,30.6193812026
141959,145985,146314,4026,329,1,3540,13.2370820669
141993,142004,145625,11,3621,2,7200,1.00303783485
141994,146138,146488,4144,350,1,3540,12.84
142071,146230,146496,4159,266,1,3540,16.6353383459
142125,142136,142199,11,63,1,550,1.1746031746
142182,146326,146479,4144,153,1,3540,28.0849673203
142195,142205,145455,10,3250,2,7200,1.00307692308
142215,142232,145200,17,2968,2,7200,1.0057277628
142233,142979,143154,746,175,1,1800,5.26285714286
142323,152793,152803,10470,10,16,108000,1048.0
142355,146533,146657,4178,124,1,3540,34.6935483871
142521,146798,146884,4277,86,4,3540,50.7325581395
142542,149290,404188,6748,254898,8,345600,1.02647333443
142561,146565,146639,4004,74,1,3540,55.1081081081
142815,142974,143011,159,37,2,1200,5.2972972973
142934,143165,219205,231,76040,4,216000,1.0030378748
143031,143040,146467,9,3427,2,7200,1.00262620368
143070,143077,144263,7,1186,1,1740,1.00590219224
143476,143486,147044,10,3558,2,7200,1.00281056773
143509,143516,143587,7,71,2,1200,1.0985915493
143673,143710,203307,37,59597,4,144000,1.00062083662
143795,143804,144115,9,311,2,7200,1.02893890675
143834,143843,146893,9,3050,2,7200,1.00295081967
144117,144127,147425,10,3298,2,7200,1.00303214069
144369,144379,147610,10,3231,2,7200,1.00309501702
144694,144709,147000,15,2291,2,7200,1.00654735923
144784,144793,148294,9,3501,2,7200,1.00257069409
144947,144958,149034,11,4076,2,7200,1.00269872424
145190,145201,148816,11,3615,2,7200,1.0030428769
145205,145211,148133,6,2922,2,7200,1.00205338809
145250,145262,148691,12,3429,2,7200,1.00349956255
145277,145286,148804,9,3518,2,7200,1.00255827175
145295,145305,148647,10,3342,2,7200,1.00299222023
145457,145467,149266,10,3799,2,7200,1.00263227165
145625,145637,149696,12,4059,2,7200,1.0029563932
145895,146694,146759,799,65,1,3600,13.2923076923
146278,152251,152371,5973,120,2,86400,50.775
146298,152383,152987,6085,604,2,86400,11.0745033113
146359,146490,146501,131,11,1,7200,12.9090909091
146470,146479,149874,9,3395,2,7200,1.00265095729
146685,149284,150017,2599,733,16,7200,4.54570259209
146895,146905,149917,10,3012,2,7200,1.00332005312
147003,147012,150602,9,3590,2,7200,1.00250696379
147045,147056,150998,11,3942,2,7200,1.00279046169
147427,147438,150982,11,3544,2,7200,1.00310383747
147611,147622,151020,11,3398,2,7200,1.00323719835
147625,147631,148810,6,1179,1,1740,1.00508905852
148134,148145,151588,11,3443,2,7200,1.00319488818
148297,148307,150270,10,1963,2,7200,1.0050942435
148487,148494,148497,7,3,4,300,1.0
148649,148661,152223,12,3562,2,7200,1.00336889388
148658,149301,154782,643,5481,1,108000,1.11731435869
148658,149861,154784,1203,4923,1,108000,1.24436319317
148658,148903,154779,245,5876,1,108000,1.04169503063
148659,150110,154787,1451,4677,1,108000,1.31024160787
148667,148733,148734,66,1,4,300,6.7
148694,148703,152069,9,3366,2,7200,1.00267379679
148805,148816,151211,11,2395,2,7200,1.00459290188
148820,148830,152138,10,3308,2,7200,1.00302297461
149037,149046,152398,9,3352,2,7200,1.0026849642
149268,149278,152880,10,3602,2,7200,1.00277623542
149353,190152,196846,40799,6694,5,10800,7.09486106961
149699,149708,153241,9,3533,2,7200,1.00254741013
149876,149886,153665,10,3779,2,7200,1.0026462027
149918,149930,153317,12,3387,2,7200,1.00354295837
150272,176631,221297,26359,44666,4,54000,1.59013567367
150273,150282,153666,9,3384,2,7200,1.00265957447
150333,180831,209687,30498,28856,4,54000,2.05690324369
150605,150613,154066,8,3453,2,7200,1.00231682595
150767,152999,153348,2232,349,2,86400,7.39541547278
150985,150994,154563,9,3569,2,7200,1.00252171477
151000,151010,154493,10,3483,2,7200,1.00287108814
151021,151032,154361,11,3329,2,7200,1.00330429558
151213,151224,153275,11,2051,2,7200,1.00536323745
151351,196858,203921,45507,7063,5,10800,7.44301288404
151589,151600,155358,11,3758,2,7200,1.00292708888
151685,180848,267260,29163,86412,4,86400,1.33748784891
151820,199190,206144,47370,6954,5,10800,7.81190681622
151984,267266,267281,115282,15,4,86400,7686.46666667
152029,199367,206329,47338,6962,5,10800,7.79948290721
152068,152080,153802,12,1722,2,7200,1.00696864111
152140,152150,155546,10,3396,2,7200,1.00294464075
152224,152235,155846,11,3611,2,7200,1.00304624758
152337,173072,199177,20735,26105,4,144000,1.79429228117
152399,152409,152935,10,526,2,7200,1.01901140684
152666,176615,193552,23949,16937,4,144000,2.41400484147
152884,152892,156519,8,3627,2,7200,1.00220567963
152938,152948,156191,10,3243,2,7200,1.0030835646
153242,153253,156452,11,3199,2,7200,1.00343857455
153278,153288,155877,10,2589,2,7200,1.00386249517
153320,153329,156703,9,3374,2,7200,1.00266745702
153666,153681,157174,15,3493,2,7200,1.00429430289
153681,153688,157247,7,3559,2,7200,1.00196684462
153804,153811,157130,7,3319,2,7200,1.002109069
154011,207124,213392,53113,6268,5,10800,9.47367581366
154069,154080,154640,11,560,2,7200,1.01964285714
154364,154371,156330,7,1959,2,7200,1.00357325166
154496,154505,158023,9,3518,2,7200,1.00255827175
154565,154576,157727,11,3151,2,7200,1.00349095525
154640,154657,156803,17,2146,2,7200,1.00792171482
154828,154840,240014,12,85174,1,108000,1.00014088806
154829,154858,239943,29,85085,1,108000,1.00034083563
154829,154851,238688,22,83837,1,108000,1.00026241397
154829,154846,238749,17,83903,1,108000,1.00020261492
154841,154976,238481,135,83505,1,108000,1.00161666966
154841,154946,239039,105,84093,1,108000,1.0012486176
154841,154865,240283,24,85418,1,108000,1.00028097122
154842,154993,239723,151,84730,1,108000,1.00178213148
154849,155021,240527,172,85506,1,108000,1.00201155474
154850,158948,243692,4098,84744,1,108000,1.04835740583
154850,158942,242742,4092,83800,1,108000,1.04883054893
154850,155071,239094,221,84023,1,108000,1.0026302322
155361,155370,158002,9,2632,2,7200,1.00341945289
155547,155558,159073,11,3515,2,7200,1.00312944523
155848,157441,161000,1593,3559,2,7200,1.44759763979
155878,157508,158394,1630,886,2,7200,2.83972911964
156194,157575,159076,1381,1501,2,7200,1.9200532978
156332,157642,158288,1310,646,2,7200,3.02786377709
156456,157709,161117,1253,3408,2,7200,1.36766431925
156521,157738,161062,1217,3324,2,7200,1.36612515042
156705,157745,161098,1040,3353,2,7200,1.31016999702
156804,157812,160957,1008,3145,2,7200,1.32050874404
157132,157879,159459,747,1580,2,7200,1.47278481013
157177,157925,161465,748,3540,2,7200,1.21129943503
157249,157992,160798,743,2806,2,7200,1.26478973628
157731,157997,161677,266,3680,2,7200,1.0722826087
158005,158025,161499,20,3474,2,7200,1.00575705239
158025,158035,161393,10,3358,2,7200,1.00297796307
158290,158300,161631,10,3331,2,7200,1.00300210147
158396,158407,161832,11,3425,2,7200,1.00321167883
158614,159654,164594,1040,4940,20,7199,1.21052631579
158669,161666,173601,2997,11935,20,14399,1.25111018014
158712,164607,170524,5895,5917,20,10799,1.99628189961
159076,159085,161236,9,2151,2,7200,1.00418410042
159091,159098,162633,7,3535,2,7200,1.00198019802
159338,159660,159662,322,2,2,3540,32.4
159461,159472,162294,11,2822,2,7200,1.00389794472
160801,160808,163981,7,3173,2,7200,1.00220611409
160960,160967,164745,7,3778,2,7200,1.00185283219
161002,161009,164873,7,3864,2,7200,1.0018115942
161065,161072,164298,7,3226,2,7200,1.00216986981
161101,161109,161687,8,578,2,7200,1.01384083045
161119,161126,164469,7,3343,2,7200,1.00209392761
161240,161247,164088,7,2841,2,7200,1.00246392115
161396,161403,164382,7,2979,2,7200,1.00234978181
161468,161475,164816,7,3341,2,7200,1.00209518108
161501,161508,165237,7,3729,2,7200,1.00187717887
161633,161641,162851,8,1210,2,7200,1.00661157025
161678,161685,165394,7,3709,2,7200,1.00188730116
161693,161700,165197,7,3497,2,7200,1.00200171576
161834,161842,165306,8,3464,2,7200,1.00230946882
162259,176620,263035,14361,86415,4,86400,1.16618642597
162296,162303,165810,7,3507,2,7200,1.00199600798
162636,162643,165377,7,2734,2,7200,1.00256035113
162741,171290,199354,8549,28064,4,86400,1.30462514253
162793,171285,183776,8492,12491,8,345600,1.67984949163
162853,162860,165333,7,2473,2,7200,1.00283057016
163981,163993,167070,12,3077,2,7200,1.0038999025
164090,164097,167939,7,3842,2,7200,1.00182196773
164300,164306,167996,6,3690,2,7200,1.00162601626
164384,164391,168042,7,3651,2,7200,1.00191728294
164471,164479,167994,8,3515,2,7200,1.00227596017
164745,164751,168347,6,3596,2,7200,1.00166852058
164817,164824,168244,7,3420,2,7200,1.00204678363
164874,164881,168187,7,3306,2,7200,1.00211736237
164993,193146,226767,28153,33621,1,71940,1.83736355254
165199,165206,168957,7,3751,2,7200,1.00186616902
165239,165245,168602,6,3357,2,7200,1.0017873101
165309,165317,168863,8,3546,2,7200,1.00225606317
165336,165343,168985,7,3642,2,7200,1.00192202087
165378,165385,168665,7,3280,2,7200,1.00213414634
165396,165403,167991,7,2588,2,7200,1.00270479134
165690,165697,165745,7,48,1,1740,1.14583333333
165811,165819,169400,8,3581,2,7200,1.00223401285
167073,167080,170271,7,3191,2,7200,1.0021936697
167076,167087,167119,11,32,1,550,1.34375
167555,167562,167591,7,29,1,1740,1.24137931034
167940,167946,171000,6,3054,2,7200,1.00196463654
167993,168001,168260,8,259,2,7200,1.03088803089
168008,168015,171540,7,3525,2,7200,1.0019858156
168010,168021,171157,11,3136,2,7200,1.00350765306
168045,168052,171466,7,3414,2,7200,1.00205038079
168190,168197,171408,7,3211,2,7200,1.00218000623
168215,168222,168259,7,37,1,550,1.18918918919
168244,168251,171681,7,3430,2,7200,1.00204081633
168262,168271,171408,9,3137,2,7200,1.0028689831
168349,168362,172093,13,3731,2,7200,1.00348432056
168605,168615,171917,10,3302,2,7200,1.0030284676
168668,168678,172265,10,3587,2,7200,1.002787845
168856,168863,170229,7,1366,1,1750,1.00512445095
168864,168875,171291,11,2416,2,7200,1.00455298013
168960,168970,172468,10,3498,2,7200,1.00285877644
168987,168997,172371,10,3374,2,7200,1.00296384114
169002,169009,170379,7,1370,1,1750,1.00510948905
169404,169413,171179,9,1766,2,7200,1.00509626274
170274,170283,174344,9,4061,2,7200,1.00221620291
171003,171012,174786,9,3774,2,7200,1.00238473768
171159,171169,174636,10,3467,2,7200,1.00288433804
171180,171191,174805,11,3614,2,7200,1.00304371887
171291,171302,174463,11,3161,2,7200,1.00347991142
171409,171419,174761,10,3342,2,7200,1.00299222023
171410,171425,175181,15,3756,2,7200,1.00399361022
171467,171478,175344,11,3866,2,7200,1.00284531816
171540,171552,175289,12,3737,2,7200,1.00321113192
171684,171693,175163,9,3470,2,7200,1.00259365994
171918,171928,175263,10,3335,2,7200,1.00299850075
172090,172105,175537,15,3432,2,7200,1.00437062937
172267,172277,175728,10,3451,2,7200,1.00289771081
172372,172384,175570,12,3186,2,7200,1.00376647834
172472,172481,175136,9,2655,2,7200,1.00338983051
174005,181196,216302,7191,35106,1,108000,1.20483678004
174006,181262,216982,7256,35720,1,108000,1.20313549832
174006,181201,216574,7195,35373,1,108000,1.20340372601
174006,181234,216339,7228,35105,1,108000,1.20589659593
174348,174357,177899,9,3542,2,7200,1.00254093732
174465,174475,177677,10,3202,2,7200,1.00312304809
174639,174648,178210,9,3562,2,7200,1.00252667041
174759,174773,177946,14,3173,2,7200,1.00441222818
174786,174798,178494,12,3696,2,7200,1.00324675325
174807,174817,177885,10,3068,2,7200,1.00325945241
175138,175148,178544,10,3396,2,7200,1.00294464075
175165,175175,178574,10,3399,2,7200,1.00294204178
175183,175198,178353,15,3155,2,7200,1.00475435816
175264,175275,178940,11,3665,2,7200,1.00300136426
175291,175302,178774,11,3472,2,7200,1.00316820276
175345,175355,178908,10,3553,2,7200,1.00281452294
175537,175549,178597,12,3048,2,7200,1.00393700787
175570,175582,178905,12,3323,2,7200,1.0036111947
175730,175741,178982,11,3241,2,7200,1.00339401419
177678,177690,181075,12,3385,2,7200,1.0035450517
177885,177897,181459,12,3562,2,7200,1.00336889388
177900,177911,181212,11,3301,2,7200,1.00333232354
177948,177963,181301,15,3338,2,7200,1.00449370881
178210,178222,181426,12,3204,2,7200,1.00374531835
178355,178365,178910,10,545,2,7200,1.01834862385
178496,178506,181743,10,3237,2,7200,1.0030892802
178547,178556,182190,9,3634,2,7200,1.0024766098
178578,178587,181420,9,2833,2,7200,1.00317684433
178599,178609,181797,10,3188,2,7200,1.00313676286
178776,178786,182260,10,3474,2,7200,1.00287852619
178906,178917,182716,11,3799,2,7200,1.00289549882
178921,178927,182536,6,3609,2,7200,1.00166251039
178922,178934,182689,12,3755,2,7200,1.00319573901
178943,178953,182144,10,3191,2,7200,1.00313381385
178985,178994,182206,9,3212,2,7200,1.00280199253
179740,180826,180835,1086,9,16,7200,109.5
181077,181084,181835,7,751,2,7200,1.00932090546
181213,181220,184917,7,3697,2,7200,1.0018934271
181303,181310,184599,7,3289,2,7200,1.00212830648
181424,181430,185310,6,3880,2,7200,1.00154639175
181435,189684,193293,8249,3609,1,3600,3.28567470213
181439,181445,185197,6,3752,2,7200,1.00159914712
181460,181467,184809,7,3342,2,7200,1.00209455416
181745,181780,185273,35,3493,2,7200,1.01002004008
181799,181820,184429,21,2609,2,7200,1.00804906094
181835,181844,185517,9,3673,2,7200,1.0024503131
182146,182175,185882,29,3707,2,7200,1.0078230375
182194,182202,185563,8,3361,2,7200,1.00238024398
182209,182232,185806,23,3574,2,7200,1.00643536654
182263,182270,185469,7,3199,2,7200,1.00218818381
182537,182543,185789,6,3246,2,7200,1.00184842884
182690,182702,186090,12,3388,2,7200,1.00354191263
182717,182725,186228,8,3503,2,7200,1.00228375678
184433,184449,187987,16,3538,2,7200,1.004522329
184604,184611,188173,7,3562,2,7200,1.0019651881
184812,184819,187474,7,2655,2,7200,1.00263653484
184919,184925,187596,6,2671,2,7200,1.00224634968
185000,189714,189725,4714,11,1,1800,429.545454545
185200,185207,188216,7,3009,2,7200,1.00232635427
185275,185285,188771,10,3486,2,7200,1.00286861733
185314,185320,188803,6,3483,2,7200,1.00172265289
185341,189719,189921,4378,202,1,3600,22.6732673267
185470,185481,188887,11,3406,2,7200,1.00322959483
185518,185525,188914,7,3389,2,7200,1.00206550605
185566,185572,188881,6,3309,2,7200,1.00181323663
185792,185804,189473,12,3669,2,7200,1.00327064595
185807,185818,188878,11,3060,2,7200,1.00359477124
185885,185904,189697,19,3793,2,7200,1.00500922752
186093,186099,189984,6,3885,2,7200,1.00154440154
186231,186238,189909,7,3671,2,7200,1.00190683737
187478,187485,190545,7,3060,2,7200,1.0022875817
187598,187607,190915,9,3308,2,7200,1.00272067715
187989,187996,191185,7,3189,2,7200,1.00219504547
188176,188183,191677,7,3494,2,7200,1.00200343446
188218,188225,191659,7,3434,2,7200,1.00203843914
188775,188782,192413,7,3631,2,7200,1.00192784357
188805,188811,192205,6,3394,2,7200,1.00176782557
188880,188886,192164,6,3278,2,7200,1.00183038438
188895,188906,192411,11,3505,2,7200,1.00313837375
188897,188911,192738,14,3827,2,7200,1.00365821793
188917,188924,192337,7,3413,2,7200,1.00205098154
189474,189481,192924,7,3443,2,7200,1.00203311066
189660,193720,194176,4060,456,16,7200,9.90350877193
189700,189707,192872,7,3165,2,7200,1.00221169036
189910,189916,192973,6,3057,2,7200,1.00196270854
189973,189980,190053,7,73,1,1800,1.09589041096
189987,189993,193663,6,3670,2,7200,1.00163487738
190054,190063,190340,9,277,1,3600,1.03249097473
190295,190302,190395,7,93,1,1800,1.0752688172
190548,190555,193616,7,3061,2,7200,1.00228683437
190577,190585,191289,8,704,1,3600,1.01136363636
190920,190927,194488,7,3561,2,7200,1.00196573996
190941,191609,191987,668,378,1,1800,2.7671957672
191188,191194,194722,6,3528,2,7200,1.00170068027
191662,191670,195253,8,3583,2,7200,1.00223276584
191680,191687,194875,7,3188,2,7200,1.002195734
192170,192176,195659,6,3483,2,7200,1.00172265289
192181,192270,192500,89,230,1,3600,1.38695652174
192207,192215,195841,8,3626,2,7200,1.00220628792
192340,192347,195782,7,3435,2,7200,1.00203784571
192414,192420,196008,6,3588,2,7200,1.0016722408
192428,192435,196100,7,3665,2,7200,1.00190995907
192621,192627,192954,6,327,1,3600,1.01834862385
192668,192675,192682,7,7,1,1800,1.4
192682,192692,192764,10,72,1,1800,1.13888888889
192742,192749,195739,7,2990,2,7200,1.00234113712
192834,192841,192881,7,40,1,1800,1.175
192877,192884,196405,7,3521,2,7200,1.00198807157
192926,192933,196137,7,3204,2,7200,1.00218476904
192981,192988,196383,7,3395,2,7200,1.00206185567
192988,192994,193080,6,86,1,1800,1.06976744186
193094,193101,193176,7,75,1,1800,1.09333333333
193127,217911,246732,24784,28821,16,28800,1.85992852434
193127,246744,275578,53617,28834,16,28800,2.85950613859
193128,275584,304390,82456,28806,16,28800,3.86245920989
193129,333244,362093,140115,28849,16,28800,5.85684079171
193129,304403,333232,111274,28829,16,28800,4.85979395747
193130,362104,390939,168974,28835,16,28800,6.86003121207
193131,433489,462322,240358,28833,16,28800,9.33621197933
193131,404641,433477,211510,28836,16,28800,8.33492856152
193132,462334,491158,269202,28824,16,28800,10.3395087427
193133,493489,522323,300356,28834,16,28800,11.416730249
193246,193253,193741,7,488,1,3600,1.0143442623
193405,193412,193551,7,139,1,3600,1.05035971223
193525,193532,193892,7,360,1,1800,1.01944444444
193621,193626,194754,5,1128,2,7200,1.00443262411
193666,193673,197314,7,3641,2,7200,1.00192254875
193686,193751,194098,65,347,1,3600,1.18731988473
193769,193815,194020,46,205,1,1800,1.2243902439
194346,194386,195179,40,793,1,3600,1.05044136192
194491,194498,197639,7,3141,2,7200,1.00222858962
194723,194730,198230,7,3500,2,7200,1.002
194756,194763,198325,7,3562,2,7200,1.0019651881
194876,194883,197765,7,2882,2,7200,1.00242886884
195136,195189,195229,53,40,1,1800,2.325
195258,195264,197152,6,1888,2,7200,1.0031779661
195518,195524,195592,6,68,1,1800,1.08823529412
195663,195669,199029,6,3360,2,7200,1.00178571429
195725,195734,199342,9,3608,1,3600,1.00249445676
195741,195748,199494,7,3746,2,7200,1.0018686599
195783,195790,199439,7,3649,2,7200,1.00191833379
195843,195849,198875,6,3026,2,7200,1.0019828156
196009,196015,199710,6,3695,2,7200,1.00162381597
196102,196109,199731,7,3622,2,7200,1.0019326339
196138,196145,199623,7,3478,2,7200,1.00201265095
196336,196343,196581,7,238,1,1800,1.02941176471
196385,196392,199803,7,3411,2,7200,1.00205218411
196406,196412,199647,6,3235,2,7200,1.00185471406
197154,197165,200524,11,3359,2,7200,1.00327478416
197316,197323,200572,7,3249,2,7200,1.00215450908
197643,197650,201106,7,3456,2,7200,1.00202546296
197766,197773,201413,7,3640,2,7200,1.00192307692
198233,198240,201711,7,3471,2,7200,1.00201670988
198326,198333,198673,7,340,2,7200,1.02058823529
198675,198682,202593,7,3911,2,7200,1.00178982357
198877,198884,202595,7,3711,2,7200,1.00188628402
199031,199038,202595,7,3557,2,7200,1.00196795052
199441,199447,202798,6,3351,2,7200,1.0017905103
199461,199467,199548,6,81,1,3600,1.07407407407
199496,199508,203086,12,3578,2,7200,1.00335382895
199520,201416,206357,1896,4941,20,7199,1.38372799029
199630,199637,202594,7,2957,2,7200,1.00236726412
199648,199655,199798,7,143,2,7200,1.04895104895
199687,200558,200796,871,238,1,3600,4.65966386555
199705,206158,217899,6453,11741,20,14399,1.54961246913
199712,199719,203357,7,3638,2,7200,1.00192413414
199733,199739,202969,6,3230,2,7200,1.00185758514
199748,206368,213359,6620,6991,20,10799,1.94693176942
199799,199805,203123,6,3318,2,7200,1.00180831826
199814,199821,203115,7,3294,2,7200,1.0021250759
200018,201422,205059,1404,3637,2,3600,1.38603244432
200524,200532,204594,8,4062,2,7200,1.00196947317
200576,200583,204595,7,4012,2,7200,1.0017447657
201103,201111,201539,8,428,1,3600,1.01869158879
201109,201118,201681,9,563,2,7200,1.01598579041
201416,201429,204930,13,3501,2,7200,1.00371322479
201683,201690,204930,7,3240,2,7200,1.00216049383
201751,201758,204930,7,3172,2,7200,1.00220680958
202596,202602,204930,6,2328,2,7200,1.00257731959
202598,202616,204679,18,2063,2,7200,1.00872515754
202599,202621,204930,22,2309,2,7200,1.00952793417
202600,202626,204930,26,2304,2,7200,1.01128472222
202799,202810,204930,11,2120,2,7200,1.00518867925
202976,202983,204930,7,1947,2,7200,1.00359527478
203089,203098,204930,9,1832,2,7200,1.00491266376
203116,203127,204930,11,1803,2,7200,1.00610094287
203131,203138,204930,7,1792,2,7200,1.00390625
203360,203369,204930,9,1561,2,7200,1.00576553491
203412,204943,206789,1531,1846,10,86400,1.82936078007
204917,204924,205419,7,495,1,1800,1.01414141414
205172,205180,211716,8,6536,2,28800,1.00122399021
205339,205452,212790,113,7338,2,28800,1.01539929136
205651,205662,207047,11,1385,1,1750,1.00794223827
205768,205775,205840,7,65,1,550,1.10769230769
205774,205781,206008,7,227,1,1800,1.03083700441
205824,205830,205941,6,111,2,1800,1.05405405405
205998,206005,206073,7,68,1,540,1.10294117647
206207,206342,206516,135,174,2,1800,1.77586206897
206391,206399,207112,8,713,1,144000,1.01122019635
206419,206425,207108,6,683,1,36000,1.00878477306
206426,206433,206503,7,70,1,550,1.1
206571,206578,207953,7,1375,1,1750,1.00509090909
206841,206847,207260,6,413,20,86400,1.01452784504
207154,207750,208022,596,272,2,3600,3.19117647059
207294,207300,208885,6,1585,30,86400,1.00378548896
207439,208470,208620,1031,150,4,300,7.87333333333
207591,207669,207737,78,68,1,550,2.14705882353
207631,208631,208786,1000,155,4,300,7.45161290323
207693,213370,218450,5677,5080,20,7199,2.11751968504
207770,207965,209329,195,1364,1,1750,1.14296187683
207860,208034,211297,174,3263,2,3600,1.05332516089
208162,208897,215186,735,6289,5,10800,1.11687072667
208366,208803,208886,437,83,1,540,6.26506024096
208422,219238,225521,10816,6283,5,10800,2.72147063505
208534,208798,208877,264,79,1,550,4.3417721519
209228,209234,209288,6,54,1,540,1.11111111111
209580,209587,209685,7,98,30,86400,1.07142857143
209612,209699,296124,87,86425,4,86400,1.00100665317
209713,209720,209780,7,60,1,550,1.11666666667
209755,213376,255519,3621,42143,4,72000,1.08592174264
209796,209802,212793,6,2991,2,7200,1.00200601805
209798,209808,212529,10,2721,2,7200,1.00367511944
209799,209814,212640,15,2826,2,7200,1.00530785563
209800,209819,212979,19,3160,2,7200,1.00601265823
209802,209825,212681,23,2856,2,7200,1.00805322129
209803,209831,212549,28,2718,2,7200,1.01030169242
209804,209836,212675,32,2839,2,7200,1.0112715745
209806,209841,212769,35,2928,2,7200,1.01195355191
209807,209847,212429,40,2582,2,7200,1.01549186677
209808,209852,212801,44,2949,2,7200,1.01492031197
209810,209857,212663,47,2806,2,7200,1.01674982181
209811,209863,212566,52,2703,2,7200,1.01923788383
209813,209868,212904,55,3036,2,7200,1.01811594203
209814,209873,212496,59,2623,2,7200,1.02249332825
209815,209879,212872,64,2993,2,7200,1.02138322753
209817,209884,212789,67,2905,2,7200,1.0230636833
209818,209889,212516,71,2627,2,7200,1.02702702703
209819,211310,214065,1491,2755,2,7200,1.54119782214
209821,211728,214508,1907,2780,2,7200,1.68597122302
209822,212441,215179,2619,2738,2,7200,1.9565376187
209823,212453,215294,2630,2841,2,7200,1.92573037663
209825,212509,215907,2684,3398,2,7200,1.78987639788
209826,212527,215229,2701,2702,2,7200,1.99962990377
209828,212562,215863,2734,3301,2,7200,1.82823386852
209829,212579,215479,2750,2900,2,7200,1.94827586207
209830,212652,215494,2822,2842,2,7200,1.99296270232
209832,212675,215485,2843,2810,2,7200,2.01174377224
209833,212688,215362,2855,2674,2,7200,2.06768885565
209834,212695,215194,2861,2499,2,7200,2.14485794318
209836,212781,215932,2945,3151,2,7200,1.93462392891
210019,210117,210146,98,29,1,550,4.37931034483
210536,226081,231142,15545,5061,5,10800,4.07152736613
211703,211710,213260,7,1550,1,1810,1.00451612903
211736,211742,213295,6,1553,1,1810,1.00386349002
212354,212361,212417,7,56,1,550,1.125
212539,212545,212699,6,154,4,1800,1.03896103896
212767,212801,731230,34,518429,1,518400,1.00006558275
212768,213387,731821,619,518434,1,518400,1.00119398033
212768,213381,731788,613,518407,1,518400,1.0011824686
212768,212807,731243,39,518436,1,518400,1.00007522626
212769,213403,731860,634,518457,1,518400,1.00122285937
212769,213409,731826,640,518417,1,518400,1.00123452742
212769,213392,731823,623,518431,1,518400,1.00120170283
212769,213398,731815,629,518417,1,518400,1.00121330898
212770,213426,731863,656,518437,1,518400,1.00126534179
212770,213420,731858,650,518438,1,518400,1.00125376612
212770,213415,731825,645,518410,1,518400,1.00124418896
212771,214085,732527,1314,518442,1,518400,1.00253451688
212771,213431,731846,660,518415,1,518400,1.00127311131
212771,214080,732531,1309,518451,1,518400,1.00252482877
212772,215220,733635,2448,518415,1,518400,1.00472208559
212772,215264,733694,2492,518430,1,518400,1.00480682059
212772,214485,732923,1713,518438,1,518400,1.00330415595
212772,215291,733707,2519,518416,1,518400,1.00485903213
212773,215308,733730,2535,518422,1,518400,1.00488983878
212773,215314,733742,2541,518428,1,518400,1.00490135564
212773,215326,733770,2553,518444,1,518400,1.00492435056
212774,215557,733969,2783,518412,1,518400,1.00536831709
212774,215563,734015,2789,518452,1,518400,1.00537947582
212774,216277,734704,3503,518427,1,518400,1.00675697832
212774,216272,734718,3498,518446,1,518400,1.00674708649
212775,216283,734734,3508,518451,1,518400,1.00676630964
212775,216288,734721,3513,518433,1,518400,1.00677618902
212775,216316,734767,3541,518451,1,518400,1.00682996079
212802,212814,212844,12,30,1,550,1.4
212822,212828,212870,6,42,2,1200,1.14285714286
212909,212915,215902,6,2987,2,7200,1.00200870439
212981,212988,216288,7,3300,2,7200,1.00212121212
213381,215203,215276,1822,73,1,540,25.9589041096
213459,215285,215454,1826,169,8,1800,11.8047337278
213460,215208,215252,1748,44,1,540,40.7272727273
213501,215214,215279,1713,65,1,540,27.3538461538
213864,215465,226969,1601,11504,8,345600,1.1391689847
214067,214073,216837,6,2764,2,7200,1.002170767
214175,215303,216259,1128,956,4,144120,2.17991631799
214223,214522,215546,299,1024,2,3600,1.2919921875
214509,214516,217872,7,3356,2,7200,1.00208581645
214847,215298,221401,451,6103,20,10799,1.07389808291
214905,232344,236874,17439,4530,5,10800,4.84966887417
215179,215185,217640,6,2455,2,7200,1.00244399185
215197,215227,218131,30,2904,2,7200,1.01033057851
215230,215236,217904,6,2668,2,7200,1.00224887556
215296,215320,218318,24,2998,2,7200,1.00800533689
215365,215374,218131,9,2757,2,7200,1.00326441785
215482,215490,218189,8,2699,2,7200,1.00296406076
215496,215503,218527,7,3024,2,7200,1.00231481481
215498,215510,218509,12,2999,2,7200,1.00400133378
215863,216585,220985,722,4400,2,28800,1.16409090909
215864,215875,218573,11,2698,2,7200,1.00407709414
215903,215914,218838,11,2924,2,7200,1.0037619699
215918,215924,218621,6,2697,2,7200,1.0022246941
215933,215944,218621,11,2677,2,7200,1.00410907733
216292,216300,218925,8,2625,2,7200,1.00304761905
216361,218461,244596,2100,26135,14,43200,1.08035201837
216508,218007,220152,1499,2145,4,144120,1.69883449883
216558,221412,247270,4854,25858,8,43200,1.18771753423
216717,217916,217995,1199,79,4,345600,16.1772151899
216840,216849,219473,9,2624,2,7200,1.00342987805
217198,217204,253218,6,36014,1,36000,1.00016660188
217407,218467,218552,1060,85,2,3600,13.4705882353
217429,218472,218739,1043,267,2,3600,4.9063670412
217564,218477,218572,913,95,2,3600,10.6105263158
217644,217653,220255,9,2602,2,7200,1.00345887779
217877,217883,220657,6,2774,2,7200,1.0021629416
217906,217923,221037,17,3114,2,7200,1.00545921644
218134,218142,221039,8,2897,2,7200,1.00276147739
218135,218148,220883,13,2735,2,7200,1.00475319927
218193,218200,220972,7,2772,2,7200,1.00252525253
218320,218330,221138,10,2808,2,7200,1.00356125356
218512,218521,221319,9,2798,2,7200,1.00321658327
218529,218539,221285,10,2746,2,7200,1.0036416606
218575,218581,221518,6,2937,2,7200,1.00204290092
218623,218629,221592,6,2963,2,7200,1.00202497469
218625,218636,221526,11,2890,2,7200,1.00380622837
218772,218778,218927,6,149,2,3600,1.04026845638
218818,218942,219009,124,67,2,3600,2.85074626866
218844,218850,221423,6,2573,2,7200,1.00233190828
218895,219020,219171,125,151,2,3600,1.82781456954
218901,219183,219226,282,43,2,3600,7.55813953488
218928,218935,221896,7,2961,2,7200,1.00236406619
219357,220164,286190,807,66026,4,72000,1.01222245782
219476,219483,222421,7,2938,2,7200,1.00238257318
219843,220504,220509,661,5,2,3600,66.6
219859,220521,220522,662,1,2,3600,66.3
220189,220200,220201,11,1,1,3600,1.2
220194,220212,220213,18,1,1,3600,1.9
220259,220265,222829,6,2564,2,7200,1.0023400936
220307,221232,224456,925,3224,4,144000,1.28691066998
220658,220664,223512,6,2848,2,7200,1.00210674157
220883,220891,224033,8,3142,2,7200,1.00254614895
220883,247398,254153,26515,6755,5,10800,4.92524056255
220973,220979,223612,6,2633,2,7200,1.00227876946
220985,221418,365436,433,144018,6,144000,1.00300656862
221039,221045,223882,6,2837,2,7200,1.00211491012
221054,221061,223863,7,2802,2,7200,1.00249821556
221141,221147,223828,6,2681,2,7200,1.00223797091
221146,221153,227313,7,6160,2,28800,1.00113636364
221228,221310,257952,82,36642,4,108000,1.00223786911
221288,221294,223877,6,2583,2,7200,1.00232288037
221320,221328,224065,8,2737,2,7200,1.00292290829
221337,221423,255514,86,34091,4,54000,1.00252265994
221362,244618,255509,23256,10891,4,54000,3.13534110734
221368,221429,222244,61,815,1,1810,1.07484662577
221426,221436,224427,10,2991,2,7200,1.00334336342
221519,221526,224474,7,2948,2,7200,1.00237449118
221533,221541,224320,8,2779,2,7200,1.00287873336
221593,221599,224639,6,3040,2,7200,1.00197368421
221862,221870,222164,8,294,1,1800,1.02721088435
221897,221903,224948,6,3045,2,7200,1.00197044335
222115,222174,222258,59,84,1,540,1.70238095238
222424,222430,225168,6,2738,2,7200,1.00219138057
222469,241897,349942,19428,108045,16,108000,1.1798139664
222719,223529,224340,810,811,1,1810,1.99876695438
222720,224005,224810,1285,805,1,1810,2.59627329193
222720,223999,224810,1279,811,1,1810,2.57706535142
222720,224336,225155,1616,819,1,1810,2.97313797314
222832,222839,225169,7,2330,2,7200,1.00300429185
223516,223522,225169,6,1647,2,7200,1.00364298725
223615,223621,225169,6,1548,2,7200,1.00387596899
223676,223894,223988,218,94,2,3600,3.31914893617
223749,247282,316343,23533,69061,4,216000,1.34075672232
223831,223837,225170,6,1333,2,7200,1.00450112528
223864,223870,225170,6,1300,2,7200,1.00461538462
223878,223886,225170,8,1284,2,7200,1.0062305296
223893,223901,225170,8,1269,2,7200,1.00630417652
223960,254294,259490,30334,5196,5,10800,6.83795227098
224034,224040,225170,6,1130,2,7200,1.00530973451
224067,224073,225170,6,1097,2,7200,1.00546946217
224322,224328,225170,6,842,2,7200,1.00712589074
224431,224437,225170,6,733,2,7200,1.00818553888
224476,224483,225170,7,687,2,7200,1.01018922853
224618,224821,224883,203,62,4,36000,4.27419354839
224642,224648,225170,6,522,2,7200,1.01149425287
224951,224957,225170,6,213,2,7200,1.02816901408
225040,225048,225658,8,610,2,3600,1.0131147541
225077,225145,225242,68,97,4,36000,1.70103092784
225096,225544,234239,448,8695,1,108000,1.05152386429
225145,225248,225341,103,93,2,3600,2.10752688172
225236,225242,228489,6,3247,2,7200,1.00184785956
225238,225255,228622,17,3367,2,7200,1.00504900505
225239,225260,228795,21,3535,2,7200,1.00594059406
225241,225265,228418,24,3153,2,7200,1.00761179829
225243,225271,228698,28,3427,2,7200,1.00817041144
225245,225276,228520,31,3244,2,7200,1.00955610358
225246,225282,228489,36,3207,2,7200,1.01122544434
225248,225287,228604,39,3317,2,7200,1.0117576123
225250,225295,228382,45,3087,2,7200,1.01457725948
225252,225300,228564,48,3264,2,7200,1.01470588235
225253,225305,228773,52,3468,2,7200,1.01499423299
225255,225311,228698,56,3387,2,7200,1.01653380573
225257,225316,228685,59,3369,2,7200,1.01751261502
225258,225322,228405,64,3083,2,7200,1.02075900097
225260,225327,228356,67,3029,2,7200,1.02211951139
225357,225363,225391,6,28,4,36000,1.21428571429
225407,254744,262109,29337,7365,5,14400,4.983299389
225472,225479,225594,7,115,2,3600,1.06086956522
225481,225520,225709,39,189,2,3600,1.20634920635
225524,225532,225800,8,268,2,3600,1.02985074627
225713,225720,226112,7,392,2,3600,1.01785714286
225954,225975,226068,21,93,2,3600,1.22580645161
225960,225980,226416,20,436,2,3600,1.04587155963
225974,225988,226119,14,131,2,3600,1.10687022901
225992,225998,226023,6,25,4,36000,1.24
226051,227502,239591,1451,12089,20,14399,1.12002647034
226065,226124,226182,59,58,2,3600,2.01724137931
226149,226195,226379,46,184,1,3540,1.25
226314,226321,226467,7,146,1,3540,1.04794520548
226347,226354,226548,7,194,1,3540,1.03608247423
226394,226401,226638,7,237,1,3540,1.02953586498
226418,239603,671623,13185,432020,20,432000,1.0305194204
226425,226432,226531,7,99,1,550,1.07070707071
226435,226442,227811,7,1369,2,3600,1.00511322133
226465,226472,226674,7,202,1,3540,1.03465346535
226521,226543,226777,22,234,1,3540,1.09401709402
226542,226549,227410,7,861,1,1810,1.0081300813
226561,226568,226927,7,359,1,3540,1.01949860724
226598,226604,226996,6,392,1,3540,1.01530612245
226634,226640,227010,6,370,1,3540,1.01621621622
226667,226674,227042,7,368,1,3540,1.01902173913
226694,226720,226920,26,200,2,3600,1.13
226716,226932,227211,216,279,2,3600,1.77419354839
226726,226734,227490,8,756,1,1810,1.01058201058
226746,226779,227062,33,283,1,3540,1.11660777385
226781,227823,228405,1042,582,2,3600,2.79037800687
226886,226893,227057,7,164,1,3540,1.04268292683
226923,244859,280998,17936,36139,4,36000,1.49630592988
227038,227045,227069,7,24,1,550,1.29166666667
227040,228443,228520,1403,77,1,3540,19.2207792208
227085,228448,228522,1363,74,1,3540,19.4189189189
227217,227223,227312,6,89,1,550,1.06741573034
227446,243703,272549,16257,28846,2,28800,1.56357900575
227496,228424,228425,928,1,2,600,92.9
227505,247292,265006,19787,17714,2,28800,2.11702608107
227570,228556,228632,986,76,1,540,13.9736842105
227890,228551,228922,661,371,1,1690,2.78167115903
227951,275665,277288,47714,1623,20,7199,30.3986444855
228013,277299,284517,49286,7218,20,7199,7.82820725963
228355,239614,423171,11259,183557,2,183540,1.06133789504
228358,228366,231745,8,3379,2,7200,1.00236756437
228385,228391,231545,6,3154,2,7200,1.00190234623
228406,228412,231335,6,2923,2,7200,1.0020526856
228420,228431,231643,11,3212,2,7200,1.00342465753
228492,228505,231744,13,3239,2,7200,1.00401358444
228493,228510,232152,17,3642,2,7200,1.00466776496
228500,228536,228537,36,1,2,600,3.7
228523,228529,232113,6,3584,2,7200,1.00167410714
228568,228574,231751,6,3177,2,7200,1.00188857413
228603,228615,231581,12,2966,2,7200,1.004045853
228624,228636,231592,12,2956,2,7200,1.00405953992
228687,228693,232332,6,3639,2,7200,1.00164880462
228701,228708,232311,7,3603,2,7200,1.00194282542
228703,228715,231758,12,3043,2,7200,1.00394347683
228775,228782,232236,7,3454,2,7200,1.00202663578
228798,228805,232113,7,3308,2,7200,1.00211608222
229641,230671,230926,1030,255,2,3600,5.03921568627
229678,230676,230808,998,132,2,3600,8.56060606061
229766,229773,229998,7,225,1,3540,1.03111111111
229935,230010,230186,75,176,1,3540,1.42613636364
229979,230198,230430,219,232,1,3540,1.94396551724
230026,230442,230900,416,458,1,3540,1.90829694323
230096,230820,231188,724,368,1,3540,2.96739130435
230118,236886,241886,6768,5000,20,7199,2.3536
230140,230825,231310,685,485,1,3540,2.41237113402
230185,230912,231371,727,459,1,3540,2.58387799564
230225,255530,255532,25305,2,16,14400,2530.7
230233,230938,231428,705,490,1,3540,2.4387755102
230276,230943,231405,667,462,1,3540,2.44372294372
230320,231154,231645,834,491,1,3540,2.69857433809
230397,231159,231686,762,527,1,3540,2.44592030361
230583,231165,231386,582,221,1,3540,3.6334841629
230882,231170,231269,288,99,1,3540,3.90909090909
230890,231201,231274,311,73,1,550,5.2602739726
230931,231175,231273,244,98,1,3540,3.48979591837
231029,231282,231333,253,51,1,550,5.96078431373
231337,235686,239043,4349,3357,2,7200,2.29550193625
231548,235752,238697,4204,2945,2,7200,2.42750424448
231584,235786,239061,4202,3275,2,7200,2.28305343511
231598,235853,239432,4255,3579,2,7200,2.1888795753
231646,235859,238816,4213,2957,2,7200,2.42475481907
231746,235888,239274,4142,3386,2,7200,2.2232722977
231761,235893,239183,4132,3290,2,7200,2.25592705167
231762,235924,239247,4162,3323,2,7200,2.25248269636
231763,235929,239007,4166,3078,2,7200,2.3534762833
231884,231891,232337,7,446,2,7200,1.01569506726
232116,235954,239611,3838,3657,2,7200,2.04949412086
232117,235959,239270,3842,3311,2,7200,2.16037450921
232153,236001,239109,3848,3108,2,7200,2.2380952381
232240,236006,239407,3766,3401,2,7200,2.10732137607
232311,236042,239117,3731,3075,2,7200,2.21333333333
232336,236047,239333,3711,3286,2,7200,2.12933657943
233571,233578,233615,7,37,1,550,1.18918918919
234491,244613,244847,10122,234,4,345600,44.2564102564
234518,234525,235465,7,940,1,1810,1.00744680851
234685,234692,235668,7,976,1,1810,1.00717213115
234985,234992,235942,7,950,1,1810,1.00736842105
235112,235119,235179,7,60,1,550,1.11666666667
236131,236139,236161,8,22,1,550,1.36363636364
236175,236182,236223,7,41,1,550,1.17073170732
236846,236853,236888,7,35,1,550,1.2
237074,237081,237132,7,51,1,550,1.13725490196
237709,237716,238572,7,856,1,1750,1.00817757009
237944,239060,240643,1116,1583,1,6610,1.70499052432
238306,239608,275653,1302,36045,4,36000,1.03612151477
238450,240294,276324,1844,36030,4,36000,1.05117957258
238699,238709,241762,10,3053,2,7200,1.00327546675
238819,238828,242089,9,3261,2,7200,1.0027598896
239008,239020,242283,12,3263,2,7200,1.0036775973
239047,239055,242587,8,3532,2,7200,1.00226500566
239061,239073,242614,12,3541,2,7200,1.0033888732
239109,239121,242370,12,3249,2,7200,1.00369344414
239124,239130,242538,6,3408,2,7200,1.00176056338
239184,239195,242433,11,3238,2,7200,1.00339715874
239249,239259,242192,10,2933,2,7200,1.00340947835
239273,239282,242367,9,3085,2,7200,1.00291734198
239288,239294,242702,6,3408,2,7200,1.00176056338
239335,239345,242801,10,3456,2,7200,1.00289351852
239410,239420,242961,10,3541,2,7200,1.002824061
239434,239445,242627,11,3182,2,7200,1.00345694532
239614,239623,243189,9,3566,2,7200,1.00252383623
239955,241907,669259,1952,427352,6,604800,1.00456766319
240045,244608,383044,4563,138436,6,604800,1.03296107949
241765,241775,245090,10,3315,2,7200,1.00301659125
242089,242100,245745,11,3645,2,7200,1.00301783265
242191,242204,245617,13,3413,2,7200,1.00380896572
242284,242295,245482,11,3187,2,7200,1.00345152181
242371,242378,245703,7,3325,2,7200,1.00210526316
242372,242385,245863,13,3478,2,7200,1.00373778033
242435,242446,245921,11,3475,2,7200,1.00316546763
242540,242550,245422,10,2872,2,7200,1.00348189415
242590,242598,245865,8,3267,2,7200,1.00244872972
242617,242626,246199,9,3573,2,7200,1.00251889169
242632,242638,245901,6,3263,2,7200,1.00183879865
242704,242714,246089,10,3375,2,7200,1.00296296296
242803,242813,245998,10,3185,2,7200,1.00313971743
242962,242972,246452,10,3480,2,7200,1.00287356322
243190,243201,246483,11,3282,2,7200,1.00335161487
245092,245102,248258,10,3156,2,7200,1.00316856781
245423,245434,248977,11,3543,2,7200,1.00310471352
245483,245494,248824,11,3330,2,7200,1.0033033033
245618,245628,248876,10,3248,2,7200,1.00307881773
245705,245715,249216,10,3501,2,7200,1.00285632676
245746,245757,249322,11,3565,2,7200,1.003085554
245863,245875,249177,12,3302,2,7200,1.00363416111
245878,245884,249230,6,3346,2,7200,1.00179318589
245905,245914,249100,9,3186,2,7200,1.00282485876
245923,245933,249066,10,3133,2,7200,1.00319182892
245954,247287,247289,1333,2,2,3540,133.5
246000,246010,249493,10,3483,2,7200,1.00287108814
246090,246101,249214,11,3113,2,7200,1.0035335689
246201,246211,249325,10,3114,2,7200,1.00321130379
246453,246465,249774,12,3309,2,7200,1.00362647325
246486,246494,249852,8,3358,2,7200,1.00238237046
248259,248269,251398,10,3129,2,7200,1.00319590924
248827,248836,252276,9,3440,2,7200,1.00261627907
248878,248887,251706,9,2819,2,7200,1.0031926215
248977,248989,252568,12,3579,2,7200,1.00335289187
249067,249078,252429,11,3351,2,7200,1.00328260221
249103,249112,252317,9,3205,2,7200,1.00280811232
249177,249188,252737,11,3549,2,7200,1.00309946464
249216,249225,252370,9,3145,2,7200,1.00286168521
249217,249232,252052,15,2820,2,7200,1.00531914894
249232,249242,252439,10,3197,2,7200,1.00312793244
249322,249333,252301,11,2968,2,7200,1.00370619946
249337,249343,252691,6,3348,2,7200,1.0017921147
249496,249504,252893,8,3389,2,7200,1.00236057834
249775,249787,252835,12,3048,2,7200,1.00393700787
249853,249865,253243,12,3378,2,7200,1.00355239787
251401,251408,255088,7,3680,2,7200,1.00190217391
251707,251714,255004,7,3290,2,7200,1.00212765957
252005,254164,254282,2159,118,4,345600,19.2966101695
252052,252059,255437,7,3378,2,7200,1.00207223209
252278,252285,255485,7,3200,2,7200,1.0021875
252301,252309,254978,8,2669,2,7200,1.00299737729
252319,252326,255557,7,3231,2,7200,1.00216651192
252373,252379,256014,6,3635,2,7200,1.00165061898
252433,252439,255561,6,3122,2,7200,1.00192184497
252447,252454,255277,7,2823,2,7200,1.0024796316
252570,252577,255847,7,3270,2,7200,1.00214067278
252693,252699,256245,6,3546,2,7200,1.00169204738
252738,252744,255967,6,3223,2,7200,1.00186161961
252744,252751,252799,7,48,1,540,1.14583333333
252837,252844,256079,7,3235,2,7200,1.00216383308
252894,252900,256244,6,3344,2,7200,1.00179425837
253134,253142,253144,8,2,1,540,1.0
253216,253224,253262,8,38,1,540,1.21052631579
253246,253252,256420,6,3168,2,7200,1.00189393939
253305,253312,253364,7,52,1,550,1.13461538462
253610,253617,253656,7,39,1,550,1.17948717949
254980,254987,258014,7,3027,2,7200,1.00231252065
255006,255013,258360,7,3347,2,7200,1.00209142516
255090,255096,258381,6,3285,2,7200,1.00182648402
255279,255285,258785,6,3500,2,7200,1.00171428571
255438,255444,258749,6,3305,2,7200,1.00181543116
255486,255492,258646,6,3154,2,7200,1.00190234623
255558,255564,258806,6,3242,2,7200,1.00185070944
255572,255578,258870,6,3292,2,7200,1.00182260024
255850,255857,259058,7,3201,2,7200,1.00218681662
255970,255976,259358,6,3382,2,7200,1.00177409817
256015,256021,259532,6,3511,2,7200,1.00170891484
256081,256087,259365,6,3278,2,7200,1.00183038438
256246,256252,259732,6,3480,2,7200,1.00172413793
256247,256258,259288,11,3030,2,7200,1.00363036304
256421,256427,259623,6,3196,2,7200,1.00187734668
256784,256791,256843,7,52,1,550,1.13461538462
257193,257200,257222,7,22,1,540,1.31818181818
257658,257664,257668,6,4,1,540,1.0
258019,258024,261181,5,3157,2,7200,1.00158378207
258361,258367,261710,6,3343,2,7200,1.00179479509
258382,258389,261697,7,3308,2,7200,1.00211608222
258649,258655,261349,6,2694,2,7200,1.00222717149
258751,258757,261885,6,3128,2,7200,1.00191815857
258787,258793,261895,6,3102,2,7200,1.00193423598
258808,258814,262151,6,3337,2,7200,1.00179802218
258870,258877,261986,7,3109,2,7200,1.00225152782
259059,259066,262106,7,3040,2,7200,1.00230263158
259135,259143,259209,8,66,1,550,1.12121212121
259291,259297,262404,6,3107,2,7200,1.00193112327
259359,259366,262557,7,3191,2,7200,1.0021936697
259374,259380,262724,6,3344,2,7200,1.00179425837
259533,259539,262882,6,3343,2,7200,1.00179479509
259626,259632,263384,6,3752,2,7200,1.00159914712
259734,259740,262717,6,2977,2,7200,1.0020154518
259740,259746,326815,6,67069,10,82800,1.00008946011
261182,261188,264421,6,3233,2,7200,1.00185586143
261350,261356,264412,6,3056,2,7200,1.00196335079
261698,261704,264944,6,3240,2,7200,1.00185185185
261713,261719,265240,6,3521,2,7200,1.00170406135
261887,261893,265104,6,3211,2,7200,1.00186857677
261902,261908,264894,6,2986,2,7200,1.00200937709
261989,261996,265345,7,3349,2,7200,1.00209017617
262109,262115,265461,6,3346,2,7200,1.00179318589
262153,262160,265392,7,3232,2,7200,1.00216584158
262406,262412,265664,6,3252,2,7200,1.00184501845
262559,262565,265850,6,3285,2,7200,1.00182648402
262718,262724,266551,6,3827,2,7200,1.00156780768
262733,262739,265946,6,3207,2,7200,1.00187090739
262885,262892,266207,7,3315,2,7200,1.00211161388
263389,263396,266622,7,3226,2,7200,1.00216986981
264413,264419,268090,6,3671,2,7200,1.00163443203
264428,264434,267627,6,3193,2,7200,1.00187911055
264896,264903,268276,7,3373,2,7200,1.00207530388
264947,264953,268081,6,3128,2,7200,1.00191815857
265104,265110,267860,6,2750,2,7200,1.00218181818
265242,265248,268272,6,3024,2,7200,1.00198412698
265347,265353,268494,6,3141,2,7200,1.00191021968
265395,265401,269074,6,3673,2,7200,1.00163354206
265463,265473,268971,10,3498,2,7200,1.00285877644
265664,265671,268356,7,2685,2,7200,1.00260707635
265850,265857,269191,7,3334,2,7200,1.00209958008
265946,265954,269511,8,3557,2,7200,1.00224908631
266211,266217,269450,6,3233,2,7200,1.00185586143
266553,266559,269896,6,3337,2,7200,1.00179802218
266625,266632,270354,7,3722,2,7200,1.0018807093
267627,267634,271138,7,3504,2,7200,1.00199771689
267837,267844,267851,7,7,1,3600,1.4
267862,267868,271384,6,3516,2,7200,1.00170648464
267965,267971,268082,6,111,1,3600,1.05405405405
268084,268092,270966,8,2874,2,7200,1.0027835769
268098,268105,271751,7,3646,2,7200,1.00191991223
268214,268220,268475,6,255,1,3600,1.02352941176
268273,268279,271489,6,3210,2,7200,1.00186915888
268287,268293,271846,6,3553,2,7200,1.00168871376
268356,268362,271071,6,2709,2,7200,1.00221483942
268497,268503,272056,6,3553,2,7200,1.00168871376
268721,268727,269304,6,577,1,3600,1.01039861352
268972,268978,272444,6,3466,2,7200,1.00173110214
269077,269083,272595,6,3512,2,7200,1.00170842825
269194,269200,272731,6,3531,2,7200,1.00169923534
269452,269458,272789,6,3331,2,7200,1.00180126088
269512,269518,272808,6,3290,2,7200,1.00182370821
269847,269854,273461,7,3607,1,3600,1.00194067092
269899,269905,272804,6,2899,2,7200,1.0020696792
270356,270362,273625,6,3263,2,7200,1.00183879865
270969,270975,274203,6,3228,2,7200,1.00185873606
271074,271080,274099,6,3019,2,7200,1.00198741305
271140,271146,274418,6,3272,2,7200,1.00183374083
271386,271392,274616,6,3224,2,7200,1.00186104218
271399,271405,271413,6,8,1,1800,1.4
271491,271497,274254,6,2757,2,7200,1.00217627856
271560,271567,271639,7,72,1,1800,1.09722222222
271737,271743,271853,6,110,1,3600,1.05454545455
271752,271758,275302,6,3544,2,7200,1.00169300226
271848,271854,274911,6,3057,2,7200,1.00196270854
271875,271881,271972,6,91,1,1800,1.06593406593
271985,271991,272512,6,521,1,3600,1.01151631478
272059,272065,275283,6,3218,2,7200,1.00186451212
272446,272452,275889,6,3437,2,7200,1.00174570847
272596,272603,276127,7,3524,2,7200,1.00198637911
272666,272672,273052,6,380,1,1800,1.01578947368
272731,272737,275843,6,3106,2,7200,1.00193174501
272752,272758,273439,6,681,1,3600,1.00881057269
272791,272797,276155,6,3358,2,7200,1.00178677784
272806,272812,276406,6,3594,2,7200,1.00166944908
272821,272827,275725,6,2898,2,7200,1.00207039337
273574,273580,273903,6,323,1,3600,1.01857585139
273626,273632,276388,6,2756,2,7200,1.00217706821
273742,273748,273756,6,8,1,1800,1.4
273933,273939,273978,6,39,1,1800,1.15384615385
274035,274041,274404,6,363,1,3600,1.01652892562
274100,274106,277140,6,3034,2,7200,1.00197758734
274188,274194,274269,6,75,1,1800,1.08
274205,274212,277479,7,3267,2,7200,1.00214263851
274254,274261,274460,7,199,1,3600,1.0351758794
274256,274268,277447,12,3179,2,7200,1.00377477194
274422,274428,277314,6,2886,2,7200,1.00207900208
274581,274587,274997,6,410,1,3600,1.01463414634
274617,274623,277700,6,3077,2,7200,1.00194995125
274698,274704,275629,6,925,1,3600,1.00648648649
274911,274917,277758,6,2841,2,7200,1.00211193242
275041,275047,275299,6,252,1,1800,1.02380952381
275284,275290,278514,6,3224,2,7200,1.00186104218
275288,275297,276174,9,877,1,3600,1.0102622577
275305,275311,278230,6,2919,2,7200,1.00205549846
275725,275731,279304,6,3573,2,7200,1.00167926113
275845,275851,279171,6,3320,2,7200,1.00180722892
275890,275896,279041,6,3145,2,7200,1.00190779014
276130,276136,280026,6,3890,2,7200,1.00154241645
276157,276163,279534,6,3371,2,7200,1.00177988727
276389,276396,279830,7,3434,2,7200,1.00203843914
276407,276413,279117,6,2704,2,7200,1.00221893491
277143,277149,280462,6,3313,2,7200,1.00181104739
277314,277320,280463,6,3143,2,7200,1.00190900414
277449,277455,280494,6,3039,2,7200,1.00197433366
277482,277488,280800,6,3312,2,7200,1.0018115942
277698,277704,280783,6,3079,2,7200,1.00194868464
277761,277767,281024,6,3257,2,7200,1.00184218606
278233,278239,281159,6,2920,2,7200,1.00205479452
278515,278521,281659,6,3138,2,7200,1.00191204589
279044,279050,282535,6,3485,2,7200,1.00172166428
279119,279125,282197,6,3072,2,7200,1.001953125
279173,279179,282156,6,2977,2,7200,1.0020154518
279305,279312,282471,7,3159,2,7200,1.0022158911
279469,279475,279547,6,72,1,1800,1.08333333333
279537,279543,282721,6,3178,2,7200,1.00188797986
279769,279775,279863,6,88,1,1800,1.06818181818
279832,279838,283098,6,3260,2,7200,1.0018404908
280027,280033,282934,6,2901,2,7200,1.00206825233
280387,280393,280755,6,362,1,1800,1.01657458564
280463,280469,283668,6,3199,2,7200,1.00187558612
280465,280475,283584,10,3109,2,7200,1.00321646832
280498,280504,283679,6,3175,2,7200,1.00188976378
280786,280792,283762,6,2970,2,7200,1.00202020202
280801,280807,283798,6,2991,2,7200,1.00200601805
281026,281032,284021,6,2989,2,7200,1.00200736032
281161,281167,284143,6,2976,2,7200,1.00201612903
281661,281667,285074,6,3407,2,7200,1.00176108013
281965,281971,283827,6,1856,2,3600,1.00323275862
282044,282050,282090,6,40,1,1800,1.15
282157,282164,285285,7,3121,2,7200,1.00224287087
282199,282206,285162,7,2956,2,7200,1.00236806495
282315,282322,282395,7,73,1,1800,1.09589041096
282473,282479,285471,6,2992,2,7200,1.00200534759
282536,282543,285507,7,2964,2,7200,1.00236167341
282722,282728,285921,6,3193,2,7200,1.00187911055
282935,282942,285792,7,2850,2,7200,1.00245614035
283101,283107,286381,6,3274,2,7200,1.00183262065
283186,283193,283440,7,247,1,1800,1.02834008097
283585,283591,287061,6,3470,2,7200,1.00172910663
283669,283675,286673,6,2998,2,7200,1.00200133422
283685,283691,286484,6,2793,2,7200,1.00214822771
283766,283773,287299,7,3526,2,7200,1.00198525241
283802,283809,287342,7,3533,2,7200,1.00198131899
284024,284030,287405,6,3375,2,7200,1.00177777778
284144,284150,287233,6,3083,2,7200,1.00194615634
284161,284167,289022,6,4855,20,7199,1.00123583934
284223,284229,295279,6,11050,20,14399,1.00054298643
285079,285085,287913,6,2828,2,7200,1.00212164074
285163,285169,288307,6,3138,2,7200,1.00191204589
285289,285296,288355,7,3059,2,7200,1.00228832952
285472,285479,288905,7,3426,2,7200,1.00204319907
285509,285515,288812,6,3297,2,7200,1.00181983621
285794,285800,289184,6,3384,2,7200,1.00177304965
285923,285929,289238,6,3309,2,7200,1.00181323663
286384,286390,289547,6,3157,2,7200,1.00190053849
286486,286493,289537,7,3044,2,7200,1.00229960578
286537,286544,293783,7,7239,24,7199,1.00096698439
286606,288368,289951,1762,1583,24,43199,2.11307643714
286671,289033,332274,2362,43241,24,43199,1.05462408362
286675,286682,289641,7,2959,2,7200,1.00236566408
286726,293800,301024,7074,7224,20,7199,1.9792358804
286785,289962,333181,3177,43219,20,43199,1.07350933617
286851,295291,302510,8440,7219,20,7199,2.16913699958
287063,287071,290428,8,3357,2,7200,1.00238308013
287235,287242,290589,7,3347,2,7200,1.00209142516
287301,287308,290768,7,3460,2,7200,1.00202312139
287343,287350,290276,7,2926,2,7200,1.0023923445
287406,287412,290587,6,3175,2,7200,1.00188976378
287914,287921,291149,7,3228,2,7200,1.0021685254
288311,288318,291830,7,3512,2,7200,1.00199316629
288355,288362,291280,7,2918,2,7200,1.00239890336
288813,288820,292160,7,3340,2,7200,1.00209580838
288906,288912,291650,6,2738,2,7200,1.00219138057
289185,289192,292114,7,2922,2,7200,1.00239561944
289239,289247,292219,8,2972,2,7200,1.00269179004
289412,289968,304405,556,14437,4,36000,1.03851215627
289540,289547,292490,7,2943,2,7200,1.00237852531
289555,289563,292877,8,3314,2,7200,1.00241400121
289643,289649,292912,6,3263,2,7200,1.00183879865
290277,290284,293436,7,3152,2,7200,1.00222081218
290354,290361,326477,7,36116,4,36000,1.00019381991
290431,290437,293227,6,2790,2,7200,1.00215053763
290590,290597,293882,7,3285,2,7200,1.00213089802
290592,290604,293863,12,3259,2,7200,1.00368211108
290771,290778,293874,7,3096,2,7200,1.00226098191
291137,291144,291180,7,36,2,604800,1.19444444444
291150,291156,294362,6,3206,2,7200,1.00187149095
291259,291265,600120,6,308855,2,604800,1.00001942659
291282,291289,294348,7,3059,2,7200,1.00228832952
291305,291664,896491,359,604827,2,604800,1.00059355816
291375,293246,868093,1871,574847,2,604800,1.0032547791
291398,293451,844132,2053,550681,2,604800,1.00372811119
291447,293805,644789,2358,350984,2,604800,1.00671825496
291651,291658,294688,7,3030,2,7200,1.00231023102
291832,291839,295039,7,3200,2,7200,1.0021875
292021,292175,293229,154,1054,2,3600,1.14611005693
292114,292120,295463,6,3343,2,7200,1.00179479509
292162,292169,295480,7,3311,2,7200,1.0021141649
292222,292229,295236,7,3007,2,7200,1.00232790156
292493,292499,295676,6,3177,2,7200,1.00188857413
292879,292885,296070,6,3185,2,7200,1.00188383046
292915,292921,296070,6,3149,2,7200,1.00190536678
293064,302538,324367,9474,21829,4,36000,1.43400980347
293228,293239,296342,11,3103,2,7200,1.00354495649
293438,293444,296697,6,3253,2,7200,1.00184445128
293449,293794,295331,345,1537,2,3600,1.22446324008
293563,302522,302639,8959,117,4,345600,77.5726495726
293865,293874,297651,9,3777,2,7200,1.00238284353
293880,293886,297153,6,3267,2,7200,1.00183654729
293895,293901,297271,6,3370,2,7200,1.00178041543
294350,294356,297669,6,3313,2,7200,1.00181104739
294362,296142,310014,1780,13872,2,28800,1.1283160323
294365,294372,297754,7,3382,2,7200,1.00206978119
294691,294697,297842,6,3145,2,7200,1.00190779014
295041,295048,297966,7,2918,2,7200,1.00239890336
295236,295244,298536,8,3292,2,7200,1.00243013366
295410,302543,355393,7133,52850,4,72000,1.13496688742
295465,295472,298844,7,3372,2,7200,1.00207591934
295482,295490,299126,8,3636,2,7200,1.00220022002
295679,295685,298980,6,3295,2,7200,1.00182094082
295763,296136,298395,373,2259,2,3600,1.16511730854
295785,327742,336376,31957,8634,16,14400,4.70129719713
295942,304563,318980,8621,14417,4,14400,1.5979746133
296010,304580,311554,8570,6974,4,14400,2.22885001434
296071,296077,299097,6,3020,2,7200,1.00198675497
296072,296083,299171,11,3088,2,7200,1.00356217617
296345,296352,299742,7,3390,2,7200,1.00206489676
296699,296706,299886,7,3180,2,7200,1.00220125786
296935,365947,373150,69012,7203,24,7199,10.5810079134
296990,301035,302372,4045,1337,24,43199,4.02543006731
297155,297162,300452,7,3290,2,7200,1.00212765957
297273,297281,300369,8,3088,2,7200,1.00259067358
297539,302651,304551,5112,1900,4,36120,3.69052631579
297653,297661,301107,8,3446,2,7200,1.00232153221
297671,297677,300972,6,3295,2,7200,1.00182094082
297755,297761,301138,6,3377,2,7200,1.0017767249
297846,297852,301142,6,3290,2,7200,1.00182370821
297930,302385,328554,4455,26169,14,43200,1.17023959647
297969,297975,301290,6,3315,2,7200,1.00180995475
298255,302390,328906,4135,26516,8,43200,1.15594358123
298330,298336,298337,6,1,2,600,1.0
298538,298545,301765,7,3220,2,7200,1.00217391304
298846,298852,302571,6,3719,2,7200,1.00161333692
298920,298927,299064,7,137,1,1800,1.05109489051
298983,298989,301772,6,2783,2,7200,1.00215594682
299100,299107,302519,7,3412,2,7200,1.00205158265
299131,299138,302562,7,3424,2,7200,1.00204439252
299174,299180,302294,6,3114,2,7200,1.00192678227
299746,299753,303131,7,3378,2,7200,1.00207223209
299887,299898,303620,11,3722,2,7200,1.00295540032
300372,300380,304041,8,3661,2,7200,1.0021851953
300374,300386,302120,12,1734,1,3600,1.00692041522
300453,300463,303658,10,3195,2,7200,1.00312989045
300575,302527,458488,1952,155961,4,216000,1.0125159495
300642,301041,316627,399,15586,1,216000,1.02559989734
300765,304418,304491,3653,73,4,600,51.0410958904
300804,302132,439697,1328,137565,1,216000,1.00965361829
300938,303100,303161,2162,61,1,550,36.4426229508
300972,300984,304499,12,3515,2,7200,1.00341394026
301108,301119,304042,11,2923,2,7200,1.00376325693
301140,301151,304481,11,3330,2,7200,1.0033033033
301155,301161,304083,6,2922,2,7200,1.00205338809
301213,302532,380632,1319,78100,4,216000,1.01688860435
301240,303037,303088,1797,51,2,600,36.2352941176
301294,301302,304185,8,2883,2,7200,1.00277488727
301678,323420,323422,21742,2,4,3600,2174.4
301767,301777,305610,10,3833,2,7200,1.00260892252
301782,301789,305514,7,3725,2,7200,1.00187919463
301816,302395,303025,579,630,2,600,1.91904761905
302297,302306,305462,9,3156,2,7200,1.00285171103
302521,303105,303153,584,48,1,28800,13.1666666667
302521,303173,303189,652,16,1,28800,41.75
302522,303178,303179,656,1,1,28800,65.7
302522,303198,303199,676,1,1,28800,67.7
302522,303209,303210,687,1,1,28800,68.8
302522,303218,303219,696,1,1,28800,69.7
302522,303230,303231,708,1,1,28800,70.9
302523,302550,305427,27,2877,2,7200,1.00938477581
302523,303258,303259,735,1,1,28800,73.6
302523,303250,303251,727,1,1,28800,72.8
302523,303238,303239,715,1,1,28800,71.6
302565,302573,305759,8,3186,2,7200,1.00251098556
302580,302586,305896,6,3310,2,7200,1.00181268882
303139,303145,306461,6,3316,2,7200,1.00180940893
303325,303331,310642,6,7311,1,7200,1.00082068117
303623,303632,306809,9,3177,2,7200,1.00283286119
303659,303669,307134,10,3465,2,7200,1.00288600289
304045,304052,307048,7,2996,2,7200,1.0023364486
304046,304060,307331,14,3271,2,7200,1.00428003669
304085,304095,306730,10,2635,2,7200,1.00379506641
304190,304196,306927,6,2731,2,7200,1.00219699744
304237,304503,304568,266,65,4,600,5.09230769231
304301,310038,310527,5737,489,2,600,12.7321063395
304481,304494,307389,13,2895,2,7200,1.00449050086
304502,304512,307899,10,3387,2,7200,1.00295246531
305432,305439,308433,7,2994,2,7200,1.00233800935
305465,305475,308514,10,3039,2,7200,1.0032905561
305515,305526,308970,11,3444,2,7200,1.00319396051
305613,305621,308759,8,3138,2,7200,1.00254939452
305761,305771,308807,10,3036,2,7200,1.00329380764
305898,305908,309485,10,3577,2,7200,1.0027956388
306011,306680,306694,669,14,1,28800,48.7857142857
306033,306039,306419,6,380,1,600,1.01578947368
306465,306474,309773,9,3299,2,7200,1.00272809942
306573,313017,334454,6444,21437,4,54000,1.30060176331
306732,306741,309865,9,3124,2,7200,1.0028809219
306810,306821,310275,11,3454,2,7200,1.00318471338
306812,310025,310026,3213,1,2,300,321.4
306931,306939,310137,8,3198,2,7200,1.00250156348
307051,307060,309955,9,2895,2,7200,1.00310880829
307135,307146,310225,11,3079,2,7200,1.0035725885
307334,307343,310409,9,3066,2,7200,1.00293542074
307389,310031,311052,2642,1021,1,28800,3.58765915769
307389,310539,311806,3150,1267,1,28800,3.4861878453
307390,310652,313426,3262,2774,1,28800,2.17591925018
307390,312252,318558,4862,6306,1,28800,1.77101173486
307390,310544,312240,3154,1696,1,28800,2.85966981132
307390,311954,314959,4564,3005,1,28800,2.51880199667
307390,311064,314604,3674,3540,1,28800,2.03785310734
307391,313028,322685,5637,9657,1,28800,1.58372165269
307391,314616,326804,7225,12188,1,28800,1.59279619298
307391,313022,326809,5631,13787,1,28800,1.40842822949
307391,307400,310752,9,3352,2,7200,1.0026849642
307900,307911,310708,11,2797,2,7200,1.00393278513
307950,323434,323435,15484,1,4,3600,1548.5
308271,311565,323408,3294,11843,4,345600,1.27813898505
308416,323447,324869,15031,1422,4,3600,11.570323488
308436,308445,312229,9,3784,2,7200,1.00237843552
308511,313012,397663,4501,84651,4,86400,1.0531712561
308517,308526,311990,9,3464,2,7200,1.00259815242
308717,324881,326206,16164,1325,4,3600,13.199245283
308761,308770,311915,9,3145,2,7200,1.00286168521
308808,308819,312138,11,3319,2,7200,1.00331425128
308966,328923,334177,19957,5254,5,10800,4.79843928435
308971,308983,312186,12,3203,2,7200,1.00374648767
309167,332301,405600,23134,73299,4,86400,1.31561139988
309478,326218,328064,16740,1846,4,3600,10.068255688
309487,309497,312854,10,3357,2,7200,1.00297885016
309773,309785,313591,12,3806,2,7200,1.00315291645
309867,309877,312941,10,3064,2,7200,1.00326370757
309897,328199,330669,18302,2470,4,3600,8.40971659919
309957,309967,313201,10,3234,2,7200,1.00309214595
310126,326491,327731,16365,1240,4,1200,14.1975806452
310138,310148,313613,10,3465,2,7200,1.00288600289
310193,328577,330983,18384,2406,4,3600,8.64089775561
310228,310237,313600,9,3363,2,7200,1.00267618198
310276,310287,313206,11,2919,2,7200,1.00376841384
310411,310421,313645,10,3224,2,7200,1.00310173697
310710,310720,313933,10,3213,2,7200,1.00311235605
310756,310763,313873,7,3110,2,7200,1.00225080386
311511,311818,311942,307,124,1,600,3.47580645161
311523,315377,344207,3854,28830,2,28800,1.13368019424
311918,311927,315089,9,3162,2,7200,1.00284629981
311993,312002,314859,9,2857,2,7200,1.00315015751
312141,312150,315459,9,3309,2,7200,1.00271985494
312189,312198,316199,9,4001,2,7200,1.00224943764
312231,312241,315782,10,3541,2,7200,1.002824061
312261,332307,408080,20046,75773,4,86400,1.26455333694
312857,312865,316134,8,3269,2,7200,1.00244723157
312943,312953,315932,10,2979,2,7200,1.00335683115
313169,313438,315367,269,1929,1,1800,1.13945049248
313204,313212,316571,8,3359,2,7200,1.00238166121
313218,313224,316551,6,3327,2,7200,1.00180342651
313354,317255,331236,3901,13981,4,144000,1.27902152922
313594,313604,317074,10,3470,2,7200,1.00288184438
313608,313615,316437,7,2822,2,7200,1.00248051028
313623,313629,316763,6,3134,2,7200,1.00191448628
313644,313658,316681,14,3023,2,7200,1.0046311611
313876,313886,317171,10,3285,2,7200,1.00304414003
313936,313945,316933,9,2988,2,7200,1.00301204819
313996,373161,380362,59165,7201,20,7199,9.21621996945
314088,375497,382731,61409,7234,20,7199,9.48894111142
314242,333193,441230,18951,108037,4,108000,1.17541212733
314863,314871,317665,8,2794,2,7200,1.00286327845
315091,315100,318347,9,3247,2,7200,1.00277178934
315460,315470,318736,10,3266,2,7200,1.00306184936
315785,315793,319111,8,3318,2,7200,1.00241109102
315935,315943,319132,8,3189,2,7200,1.00250862339
316136,316144,319185,8,3041,2,7200,1.00263071358
316199,316206,319202,7,2996,2,7200,1.0023364486
316393,334461,398494,18068,64033,4,216000,1.28216700764
316440,316446,319906,6,3460,2,7200,1.00173410405
316514,318992,751025,2478,432033,6,432000,1.00573567297
316553,316560,319496,7,2936,2,7200,1.00238419619
316571,316577,319961,6,3384,2,7200,1.00177304965
316640,333198,765206,16558,432008,6,432000,1.03832799393
316682,316689,319957,7,3268,2,7200,1.00214198286
316766,316773,320163,7,3390,2,7200,1.00206489676
316934,316941,320423,7,3482,2,7200,1.00201033889
316958,333203,765220,16245,432017,6,432000,1.03760268693
317075,317081,320030,6,2949,2,7200,1.002034588
317112,334189,766195,17077,432006,6,432000,1.03952954357
317174,317180,320344,6,3164,2,7200,1.00189633375
317207,336388,768427,19181,432039,6,432000,1.04439645495
317557,317563,317720,6,157,1,1800,1.03821656051
317591,332285,375486,14694,43201,24,43199,1.34013101549
317667,317674,321177,7,3503,2,7200,1.00199828718
317883,334209,370560,16326,36351,4,144000,1.44912106957
318217,318224,318384,7,160,1,600,1.04375
318350,318356,321521,6,3165,2,7200,1.0018957346
318738,318745,322025,7,3280,2,7200,1.00213414634
318857,318863,318866,6,3,2,300,1.0
319115,319121,322168,6,3047,2,7200,1.00196914998
319133,319139,322432,6,3293,2,7200,1.00182204677
319187,319193,322495,6,3302,2,7200,1.00181708056
319205,319215,322347,10,3132,2,7200,1.00319284802
319461,319468,319471,7,3,2,172800,1.0
319502,319508,322781,6,3273,2,7200,1.00183318057
319621,324379,677177,4758,352798,3,431940,1.01348647101
319629,328572,512138,8943,183566,3,183540,1.04871817221
319652,319658,339864,6,20206,2,172800,1.0002969415
319909,319917,323151,8,3234,2,7200,1.00247371676
319957,319968,323107,11,3139,2,7200,1.00350430073
319971,319978,323083,7,3105,2,7200,1.00225442834
320033,320041,323375,8,3334,2,7200,1.0023995201
320166,320174,323456,8,3282,2,7200,1.00243753809
320346,320356,323680,10,3324,2,7200,1.00300842359
320425,320434,323612,9,3178,2,7200,1.00283196979
320549,328918,440496,8369,111578,3,111540,1.07500582552
320657,331157,331163,10500,6,2,172800,1050.6
321180,321188,324228,8,3040,2,7200,1.00263157895
321353,324385,329622,3032,5237,1,39540,1.57895741837
321524,321533,324654,9,3121,2,7200,1.00288369112
322024,322037,325254,13,3217,2,7200,1.00404103202
322172,322181,325257,9,3076,2,7200,1.00292587776
322252,331163,331167,8911,4,2,172800,891.5
322342,331180,331185,8838,5,2,172800,884.3
322349,322358,325827,9,3469,2,7200,1.00259440761
322433,322444,325383,11,2939,2,7200,1.00374276965
322496,322507,325964,11,3457,2,7200,1.00318194967
322782,322792,325991,10,3199,2,7200,1.00312597687
323084,323095,325924,11,2829,2,7200,1.00388829975
323108,323118,326331,10,3213,2,7200,1.00311235605
323153,323164,326425,11,3261,2,7200,1.00337319841
323376,323386,326742,10,3356,2,7200,1.00297973778
323457,323468,326321,11,2853,2,7200,1.00385559061
323614,323625,326986,11,3361,2,7200,1.00327283547
323683,323691,327159,8,3468,2,7200,1.00230680507
323929,328583,329780,4654,1197,4,3600,4.888053467
323950,333265,334449,9315,1184,4,3600,8.86739864865
324230,324240,327457,10,3217,2,7200,1.00310848617
324655,324666,327975,11,3309,2,7200,1.00332426715
324836,328566,331146,3730,2580,4,144600,2.44573643411
325258,325267,327975,9,2708,2,7200,1.00332348597
325259,325274,327975,15,2701,2,7200,1.0055534987
325386,325395,327975,9,2580,2,7200,1.00348837209
325828,325839,327975,11,2136,2,7200,1.00514981273
325924,325936,327975,12,2039,2,7200,1.00588523786
325966,325976,327975,10,1999,2,7200,1.00500250125
325993,326002,327975,9,1973,2,7200,1.00456158135
326324,326333,327977,9,1644,2,7200,1.00547445255
326339,326346,327975,7,1629,2,7200,1.00429711479
326426,326436,327975,10,1539,2,7200,1.0064977258
326745,326754,327975,9,1221,2,7200,1.00737100737
326989,326999,327975,10,976,2,7200,1.01024590164
327160,327171,327975,11,804,2,7200,1.01368159204
327458,327469,327975,11,506,2,7200,1.02173913043
328027,328034,330974,7,2940,2,7200,1.00238095238
328030,328046,331296,16,3250,2,7200,1.00492307692
328033,328056,331166,23,3110,2,7200,1.00739549839
328036,328069,331413,33,3344,2,7200,1.00986842105
328038,328079,331392,41,3313,2,7200,1.01237549049
328041,328090,331175,49,3085,2,7200,1.01588330632
328044,328101,331298,57,3197,2,7200,1.01782921489
328047,328112,331305,65,3193,2,7200,1.02035703101
328049,328122,331224,73,3102,2,7200,1.02353320438
328052,328133,330971,81,2838,2,7200,1.02854122622
328055,328144,331630,89,3486,2,7200,1.02553069421
328058,328154,331062,96,2908,2,7200,1.03301237964
328060,328165,331451,105,3286,2,7200,1.03195374315
328063,328183,331040,120,2857,2,7200,1.04200210011
328066,328890,332071,824,3181,2,7200,1.25903803835
330972,330982,333997,10,3015,2,7200,1.00331674959
331025,331031,333967,6,2936,2,7200,1.00204359673
331041,331053,334049,12,2996,2,7200,1.00400534045
331063,331074,334199,11,3125,2,7200,1.00352
331168,331174,334149,6,2975,2,7200,1.00201680672
331186,332291,376218,1105,43927,4,144600,1.02515537141
331207,331213,334215,6,3002,2,7200,1.00199866755
331242,331249,334425,7,3176,2,7200,1.00220403023
331274,331282,334734,8,3452,2,7200,1.0023174971
331313,331320,334387,7,3067,2,7200,1.00228236061
331375,331381,334511,6,3130,2,7200,1.00191693291
331416,331422,334369,6,2947,2,7200,1.00203596878
331433,332296,334140,863,1844,4,144000,1.46800433839
331455,331461,334466,6,3005,2,7200,1.00199667221
331593,331600,334660,7,3060,2,7200,1.0022875817
331631,331638,334762,7,3124,2,7200,1.00224071703
331706,331713,335274,7,3561,2,7200,1.00196573996
332400,333250,333253,850,3,2,3540,85.3
332870,334467,473646,1597,139179,4,144000,1.01147443221
333185,334229,354276,1044,20047,2,172800,1.0520776176
333897,333903,336677,6,2774,2,7200,1.0021629416
333998,334005,337028,7,3023,2,7200,1.00231558055
334151,334157,337379,6,3222,2,7200,1.00186219739
334217,334223,337183,6,2960,2,7200,1.00202702703
334345,334352,337266,7,2914,2,7200,1.00240219629
334390,334396,337507,6,3111,2,7200,1.00192864031
334425,334431,337729,6,3298,2,7200,1.00181928441
334512,334518,337379,6,2861,2,7200,1.00209716882
334604,336393,403824,1789,67431,10,86400,1.0265308241
334661,334668,337847,7,3179,2,7200,1.0022019503
334708,334720,337712,12,2992,2,7200,1.00401069519
334737,334744,337813,7,3069,2,7200,1.00228087325
334782,334788,338165,6,3377,2,7200,1.0017767249
334939,334945,338018,6,3073,2,7200,1.00195248942
335276,335282,338458,6,3176,2,7200,1.00188916877
337031,337037,340391,6,3354,2,7200,1.00178890877
337160,337166,340092,6,2926,2,7200,1.002050581
337267,337274,340750,7,3476,2,7200,1.00201380898
337383,337390,340435,7,3045,2,7200,1.00229885057
337595,337601,340703,6,3102,2,7200,1.00193423598
337630,337637,340810,7,3173,2,7200,1.00220611409
337686,337692,340689,6,2997,2,7200,1.002002002
337730,337737,340557,7,2820,2,7200,1.0024822695
337847,337854,340868,7,3014,2,7200,1.00232249502
338018,338024,341336,6,3312,2,7200,1.0018115942
338177,338184,341407,7,3223,2,7200,1.00217188954
338324,338331,341649,7,3318,2,7200,1.00210970464
338460,338466,341355,6,2889,2,7200,1.0020768432
339923,339929,342859,6,2930,2,7200,1.00204778157
340094,340100,343089,6,2989,2,7200,1.00200736032
340198,340204,343532,6,3328,2,7200,1.00180288462
340439,340445,343626,6,3181,2,7200,1.00188619931
340543,340550,343669,7,3119,2,7200,1.00224430907
340690,340697,343710,7,3013,2,7200,1.00232326585
340729,340735,343904,6,3169,2,7200,1.00189334175
340779,340785,343965,6,3180,2,7200,1.00188679245
340869,340875,343920,6,3045,2,7200,1.00197044335
340944,340950,344415,6,3465,2,7200,1.00173160173
341320,341326,344079,6,2753,2,7200,1.00217944061
341339,341344,344843,5,3499,2,7200,1.00142897971
341411,341417,344544,6,3127,2,7200,1.00191877199
341778,341784,345276,6,3492,2,7200,1.00171821306
343015,343026,343027,11,1,1,240,1.2
343015,343021,346334,6,3313,2,7200,1.00181104739
343090,343096,346395,6,3299,2,7200,1.00181873295
343231,343237,346454,6,3217,2,7200,1.0018650917
343534,343540,346669,6,3129,2,7200,1.00191754554
343650,343656,346922,6,3266,2,7200,1.00183710961
343688,343694,346622,6,2928,2,7200,1.00204918033
343804,343811,346443,7,2632,2,7200,1.00265957447
343906,343912,347030,6,3118,2,7200,1.00192431046
343965,343972,347111,7,3139,2,7200,1.00223000956
344055,344065,347249,10,3184,2,7200,1.00314070352
344169,344175,347325,6,3150,2,7200,1.0019047619
344431,344437,347623,6,3186,2,7200,1.00188323917
344846,344852,348184,6,3332,2,7200,1.00180072029
345275,345282,348603,7,3321,2,7200,1.00210779886
346076,346082,348910,6,2828,2,7200,1.00212164074
346238,346244,349109,6,2865,2,7200,1.00209424084
346337,346343,349560,6,3217,2,7200,1.0018650917
346444,346451,349243,7,2792,2,7200,1.00250716332
346624,346631,349647,7,3016,2,7200,1.00232095491
346865,346871,349557,6,2686,2,7200,1.00223380491
347009,347015,350589,6,3574,2,7200,1.00167879127
347044,347050,350326,6,3276,2,7200,1.00183150183
347060,347071,350125,11,3054,2,7200,1.00360183366
347234,347240,350239,6,2999,2,7200,1.00200066689
347327,347333,350668,6,3335,2,7200,1.00179910045
347411,347417,350226,6,2809,2,7200,1.00213599146
347624,347630,350828,6,3198,2,7200,1.00187617261
347799,347816,349159,17,1343,1,28800,1.01265822785
347799,347822,350018,23,2196,1,28800,1.01047358834
347799,347805,348630,6,825,1,28800,1.00727272727
347799,347810,348845,11,1035,1,28800,1.01062801932
347800,348865,351256,1065,2391,1,28800,1.44542032622
347800,348649,351417,849,2768,1,28800,1.30671965318
347800,349254,352834,1454,3580,1,28800,1.4061452514
347800,349171,352832,1371,3661,1,28800,1.37448784485
347801,349260,352835,1459,3575,1,28800,1.40811188811
347801,349569,352836,1768,3267,1,28800,1.54116926844
348186,348192,351221,6,3029,2,7200,1.00198085177
348604,348609,351415,5,2806,2,7200,1.00178189594
348928,348936,352091,8,3155,2,7200,1.00253565769
349223,349229,352250,6,3021,2,7200,1.00198609732
349372,349378,352111,6,2733,2,7200,1.00219538968
349573,349579,352613,6,3034,2,7200,1.00197758734
349687,349693,352900,6,3207,2,7200,1.00187090739
350095,350102,353166,7,3064,2,7200,1.0022845953
350130,350142,353299,12,3157,2,7200,1.00380107697
350244,350250,353418,6,3168,2,7200,1.00189393939
350273,350280,353209,7,2929,2,7200,1.00238989416
350327,350333,353573,6,3240,2,7200,1.00185185185
350471,350478,361410,7,10932,1,10800,1.00064032199
350606,350613,353357,7,2744,2,7200,1.00255102041
350777,350784,353827,7,3043,2,7200,1.00230036149
350828,350834,353751,6,2917,2,7200,1.00205690778
351418,351424,354135,6,2711,2,7200,1.00221320546
351649,351655,354802,6,3147,2,7200,1.00190657769
352112,352118,355482,6,3364,2,7200,1.00178359096
352204,352211,355062,7,2851,2,7200,1.00245527885
352613,352620,355528,7,2908,2,7200,1.00240715268
352837,352843,353670,6,827,1,28800,1.00725513906
352838,352871,355638,33,2767,1,28800,1.01192627394
352838,352849,353867,11,1018,1,28800,1.01080550098
352838,352861,354236,23,1375,1,28800,1.01672727273
352838,352866,355058,28,2192,1,28800,1.01277372263
352839,352888,362869,49,9981,1,28800,1.00490932772
352839,352877,355245,38,2368,1,28800,1.0160472973
352839,352882,357501,43,4619,1,28800,1.00930937432
352839,352893,359085,54,6192,1,28800,1.00872093023
352840,352898,361115,58,8217,1,28800,1.00705853718
352903,352909,355846,6,2937,2,7200,1.00204290092
353092,353098,356068,6,2970,2,7200,1.00202020202
353172,353179,356271,7,3092,2,7200,1.00226390686
353301,353308,356554,7,3246,2,7200,1.00215650031
353359,353366,356323,7,2957,2,7200,1.00236726412
353576,353582,356640,6,3058,2,7200,1.00196206671
353659,353665,356698,6,3033,2,7200,1.00197823937
353752,353758,356561,6,2803,2,7200,1.00214056368
353830,353836,357375,6,3539,2,7200,1.00169539418
353983,353989,357053,6,3064,2,7200,1.00195822454
354233,354239,354246,6,7,1,3600,1.3
354359,354365,354474,6,109,1,3600,1.05504587156
354527,354533,357456,6,2923,2,7200,1.0020526856
354604,354610,354871,6,261,1,3600,1.02298850575
354804,354810,358339,6,3529,2,7200,1.00170019836
355113,355119,355694,6,575,1,3600,1.01043478261
355217,355223,478384,6,123161,1,172800,1.00004871672
355243,355250,470805,7,115555,1,172800,1.00006057721
355441,355447,358360,6,2913,2,7200,1.00205973223
355528,355534,358770,6,3236,2,7200,1.00185414091
355847,355853,359269,6,3416,2,7200,1.00175644028
356084,356090,358879,6,2789,2,7200,1.00215130871
356178,356184,359365,6,3181,2,7200,1.00188619931
356233,356239,359865,6,3626,1,3600,1.00165471594
356325,356331,359414,6,3083,2,7200,1.00194615634
356557,356563,359591,6,3028,2,7200,1.00198150594
356592,356599,359908,7,3309,2,7200,1.00211544273
356697,356703,359905,6,3202,2,7200,1.00187382886
356821,356827,359994,6,3167,2,7200,1.00189453742
357055,357062,359906,7,2844,2,7200,1.00246132208
357133,357140,360214,7,3074,2,7200,1.00227716331
357377,357383,360699,6,3316,2,7200,1.00180940893
357596,357602,360678,6,3076,2,7200,1.00195058518
357802,357809,357817,7,8,1,1800,1.5
357964,357970,358041,6,71,1,1800,1.08450704225
358133,358139,358251,6,112,1,3600,1.05357142857
358247,358255,358345,8,90,1,1800,1.08888888889
358342,358348,361187,6,2839,2,7200,1.00211342022
358383,358389,358635,6,246,1,3600,1.0243902439
358709,358715,361798,6,3083,2,7200,1.00194615634
358790,358796,362325,6,3529,2,7200,1.00170019836
358795,358809,359192,14,383,1,1800,1.0365535248
358871,358877,359472,6,595,1,3600,1.01008403361
359185,359198,362503,13,3305,2,7200,1.00393343419
359269,359275,362440,6,3165,2,7200,1.0018957346
359417,359423,362595,6,3172,2,7200,1.00189155107
359612,359619,363099,7,3480,2,7200,1.00201149425
359910,359916,363079,6,3163,2,7200,1.00189693329
359912,359923,362973,11,3050,2,7200,1.00360655738
359966,359972,359979,6,7,1,1800,1.3
359976,359982,363075,6,3093,2,7200,1.00193986421
360011,360017,363222,6,3205,2,7200,1.00187207488
360019,360030,360252,11,222,1,3600,1.04954954955
360217,360223,363080,6,2857,2,7200,1.00210010501
360220,360241,363161,21,2920,2,7200,1.00719178082
360257,360263,360303,6,40,1,1800,1.15
360554,360561,360866,7,305,1,3600,1.02295081967
360609,360615,363670,6,3055,2,7200,1.00196399345
360641,360647,360758,6,111,1,3600,1.05405405405
360674,360680,360761,6,81,1,1800,1.07407407407
360702,360708,363495,6,2787,2,7200,1.00215285253
360778,360784,363856,6,3072,1,10800,1.001953125
360889,360895,361133,6,238,1,3600,1.02521008403
361165,361171,361644,6,473,1,3600,1.01268498943
361359,361365,361627,6,262,1,1800,1.02290076336
361426,361433,362191,7,758,1,3600,1.0092348285
361736,361742,364542,6,2800,2,7200,1.00214285714
361801,361807,364710,6,2903,2,7200,1.00206682742
362327,362333,365349,6,3016,2,7200,1.00198938992
362504,362510,365572,6,3062,2,7200,1.00195950359
362646,362652,365803,6,3151,2,7200,1.00190415741
362946,362952,365930,6,2978,2,7200,1.00201477502
362978,362984,365932,6,2948,2,7200,1.00203527815
363083,363089,366166,6,3077,2,7200,1.00194995125
363086,363096,366239,10,3143,2,7200,1.00318167356
363118,363124,366196,6,3072,2,7200,1.001953125
363163,363169,366078,6,2909,2,7200,1.00206256446
363237,363247,366392,10,3145,2,7200,1.00317965024
363402,363408,365871,6,2463,1,10800,1.00243605359
363495,363502,366581,7,3079,2,7200,1.00227346541
363673,363679,366710,6,3031,2,7200,1.0019795447
364071,364077,367327,6,3250,2,7200,1.00184615385
364712,364718,367665,6,2947,2,7200,1.00203596878
365205,365212,368148,7,2936,2,7200,1.00238419619
365352,365359,368369,7,3010,2,7200,1.0023255814
365575,365581,368787,6,3206,2,7200,1.00187149095
365836,365842,368901,6,3059,2,7200,1.0019614253
365934,365940,368963,6,3023,2,7200,1.00198478333
366024,366094,366168,70,74,1,1800,1.94594594595
366105,366111,369365,6,3254,2,7200,1.00184388445
366180,366186,369568,6,3382,2,7200,1.00177409817
366240,366246,369349,6,3103,2,7200,1.00193361263
366330,366336,369562,6,3226,2,7200,1.00185988841
366359,366369,369500,10,3131,2,7200,1.00319386777
366391,366397,369809,6,3412,2,7200,1.00175849941
366583,366589,369563,6,2974,2,7200,1.00201748487
366783,366789,366880,6,91,1,1800,1.06593406593
366821,366827,369743,6,2916,2,7200,1.00205761317
367330,367336,370543,6,3207,2,7200,1.00187090739
367344,367350,367715,6,365,1,1800,1.01643835616
367350,367676,367698,326,22,2,36000,15.8181818182
367977,367983,370876,6,2893,2,7200,1.00207397166
368193,368199,371311,6,3112,2,7200,1.00192802057
368370,368376,371483,6,3107,2,7200,1.00193112327
368747,368753,371865,6,3112,2,7200,1.00192802057
368903,368909,372117,6,3208,2,7200,1.00187032419
369029,369035,372922,6,3887,2,7200,1.00154360689
369207,369213,369254,6,41,1,1800,1.14634146341
369242,369249,372319,7,3070,2,7200,1.00228013029
369329,369335,372780,6,3445,2,7200,1.00174165457
369368,369374,372614,6,3240,2,7200,1.00185185185
369397,369403,372542,6,3139,2,7200,1.00191143676
369479,369515,369589,36,74,1,1800,1.48648648649
369502,369508,372787,6,3279,2,7200,1.00182982617
369567,369579,372874,12,3295,2,7200,1.00364188164
369744,369750,372756,6,3006,2,7200,1.00199600798
370170,370176,370425,6,249,1,1800,1.02409638554
370253,370259,373503,6,3244,2,7200,1.00184956843
370545,370551,373926,6,3375,2,7200,1.00177777778
371029,371035,373850,6,2815,2,7200,1.00213143872
371059,371065,374096,6,3031,2,7200,1.0019795447
371202,371208,371311,6,103,2,10800,1.05825242718
371327,371333,371771,6,438,2,36000,1.01369863014
371486,371492,374139,6,2647,2,7200,1.00226671704
371832,371838,375008,6,3170,2,7200,1.00189274448
371867,371874,375009,7,3135,2,7200,1.00223285486
371998,372004,372273,6,269,2,36000,1.02230483271
372117,372123,375427,6,3304,2,7200,1.00181598063
372327,372333,375263,6,2930,2,7200,1.00204778157
372519,372525,375907,6,3382,2,7200,1.00177409817
372558,372564,375780,6,3216,2,7200,1.00186567164
372705,372712,375846,7,3134,2,7200,1.00223356733
372735,372771,372791,36,20,2,36000,2.8
372780,372786,375698,6,2912,2,7200,1.00206043956
372876,372882,376061,6,3179,2,7200,1.00188738597
372892,372904,376050,12,3146,2,7200,1.00381436745
373217,373223,373398,6,175,2,180,1.03428571429
373269,373275,376319,6,3044,2,7200,1.00197109067
373427,373433,375959,6,2526,2,36000,1.00237529691
373830,373836,374434,6,598,2,36000,1.01003344482
373853,373859,377287,6,3428,2,7200,1.00175029172
374075,374082,377313,7,3231,2,7200,1.00216651192
374114,374120,377427,6,3307,2,7200,1.00181433323
374307,374313,377261,6,2948,2,7200,1.00203527815
374994,375000,378226,6,3226,2,7200,1.00185988841
375010,375021,378199,11,3178,2,7200,1.00346129641
375196,375202,406469,6,31267,2,36000,1.00019189561
375266,375272,378537,6,3265,2,7200,1.00183767228
375428,375434,378545,6,3111,2,7200,1.00192864031
375551,375557,379012,6,3455,2,7200,1.0017366136
375783,375789,378947,6,3158,2,7200,1.00189993667
375849,375855,379556,6,3701,2,7200,1.00162118346
375921,375927,378874,6,2947,2,7200,1.00203596878
375999,376005,376127,6,122,2,36000,1.04918032787
376002,376011,379268,9,3257,2,7200,1.00276327909
376067,376073,378889,6,2816,2,7200,1.00213068182
376300,376306,406290,6,29984,2,36000,1.00020010672
376311,376317,592327,6,216010,8,216000,1.00002777649
376320,376326,379489,6,3163,2,7200,1.00189693329
376429,376436,376964,7,528,2,36000,1.01325757576
376813,376975,377044,162,69,2,36000,3.34782608696
377008,377055,406352,47,29297,2,36000,1.00160425982
377013,377134,377168,121,34,4,144000,4.55882352941
377034,377040,380372,6,3332,2,7200,1.00180072029
377102,377180,406542,78,29362,2,36000,1.00265649479
377289,377295,380393,6,3098,2,7200,1.00193673338
377306,377324,377713,18,389,4,144000,1.04627249357
377346,377352,380613,6,3261,2,7200,1.0018399264
377431,377437,380356,6,2919,2,7200,1.00205549846
377719,377725,377974,6,249,4,144000,1.02409638554
377867,377873,380986,6,3113,2,7200,1.00192740122
378106,378112,471786,6,93674,4,144000,1.00006405192
378228,378234,381298,6,3064,2,7200,1.00195822454
378444,378450,381528,6,3078,2,7200,1.00194931774
378543,378549,381718,6,3169,2,7200,1.00189334175
378874,378880,382171,6,3291,2,7200,1.00182315406
378949,378955,381825,6,2870,2,7200,1.00209059233
379054,379060,382187,6,3127,2,7200,1.00191877199
379098,379111,382571,13,3460,2,7200,1.00375722543
379227,379233,382104,6,2871,2,7200,1.00208986416
379434,379572,429163,138,49591,2,82800,1.002782763
379456,379462,382555,6,3093,2,7200,1.00193986421
379558,379565,382999,7,3434,2,7200,1.00203843914
380125,380131,382979,6,2848,2,7200,1.00210674157
380218,380374,380410,156,36,1,28800,5.33333333333
380375,380380,383681,5,3301,2,7200,1.00151469252
380428,380434,383430,6,2996,2,7200,1.00200267023
380615,380621,384022,6,3401,2,7200,1.001764187
380730,380737,388520,7,7783,4,144000,1.00089939612
380988,380994,383692,6,2698,2,7200,1.00222386953
381258,381265,381301,7,36,4,345600,1.19444444444
381367,381373,384754,6,3381,2,7200,1.00177462289
381380,381386,381416,6,30,1,28800,1.2
381433,381439,383557,6,2118,4,172800,1.00283286119
381529,381535,384606,6,3071,2,7200,1.00195376099
381627,381633,382542,6,909,4,172800,1.00660066007
381680,381686,384477,6,2791,2,7200,1.00214976711
381828,381834,385166,6,3332,2,7200,1.00180072029
381907,381913,388520,6,6607,4,144300,1.00090812774
382081,382087,382578,6,491,2,1200,1.01221995927
382174,382180,385597,6,3417,2,7200,1.00175592625
382191,382198,385162,7,2964,2,7200,1.00236167341
382266,382272,385150,6,2878,2,7200,1.0020847811
382543,382549,385826,6,3277,2,7200,1.00183094294
382572,382578,385595,6,3017,2,7200,1.00198873053
382674,382680,382810,6,130,2,3600,1.04615384615
382945,382951,386046,6,3095,2,7200,1.00193861066
383002,383008,386257,6,3249,2,7200,1.00184672207
383130,383136,383160,6,24,1,28800,1.25
383490,383496,386645,6,3149,2,7200,1.00190536678
383698,383703,386767,5,3064,2,7200,1.00163185379
383745,383752,387343,7,3591,2,7200,1.00194931774
383816,383822,385288,6,1466,1,7200,1.00409276944
383976,383982,383984,6,2,2,172800,1.0
384025,384031,387082,6,3051,2,7200,1.00196656834
384025,384036,384037,11,1,1,900,1.2
384027,384042,386057,15,2015,2,172800,1.00744416873
384142,384148,384389,6,241,2,3600,1.02489626556
384479,384485,387851,6,3366,2,7200,1.00178253119
384756,384762,388164,6,3402,2,7200,1.00176366843
384849,384855,387988,6,3133,2,7200,1.00191509735
384926,384932,384935,6,3,1,3600,1.0
385152,385158,388339,6,3181,2,7200,1.00188619931
385169,385181,388611,12,3430,2,7200,1.00349854227
385324,385330,574469,6,189139,18,198000,1.0000317227
385354,385360,385363,6,3,1,3600,1.0
385385,385391,388273,6,2882,2,7200,1.00208188758
385411,385417,385420,6,3,1,3600,1.0
385567,385577,385597,10,20,1,3600,1.5
385596,385602,388485,6,2883,2,7200,1.00208116545
385658,385665,388674,7,3009,2,7200,1.00232635427
385756,385768,388810,12,3042,2,7200,1.00394477318
385756,385762,385803,6,41,1,3600,1.14634146341
386049,386056,389419,7,3363,2,7200,1.00208147487
386136,386142,410203,6,24061,2,172800,1.00024936619
386177,386184,387341,7,1157,4,3600,1.00605012965
386378,386384,389082,6,2698,2,7200,1.00222386953
386465,386470,389585,5,3115,2,7200,1.00160513644
386471,386477,386499,6,22,1,3600,1.27272727273
386545,386657,389198,112,2541,8,14400,1.04407713499
386549,386555,386580,6,25,1,3600,1.24
386769,386775,389463,6,2688,2,7200,1.00223214286
386862,386868,389884,6,3016,2,7200,1.00198938992
386873,386969,386972,96,3,1,10800,9.9
387194,387200,387333,6,133,2,1800,1.04511278195
387220,387344,388530,124,1186,4,144600,1.10455311973
387343,387351,390514,8,3163,2,7200,1.00252924439
387386,387392,387393,6,1,1,3600,1.0
387484,387490,388160,6,670,1,3600,1.00895522388
387819,387825,390956,6,3131,2,7200,1.00191632066
387872,387879,390921,7,3042,2,7200,1.00230111769
388167,388174,391391,7,3217,2,7200,1.00217594032
388275,388281,391637,6,3356,2,7200,1.00178784267
388341,388347,391169,6,2822,2,7200,1.00212615167
388613,388619,391354,6,2735,2,7200,1.00219378428
388689,388703,388941,14,238,2,1800,1.05882352941
388690,388697,391515,7,2818,2,7200,1.00248403123
388700,417886,423565,29186,5679,24,7199,6.1392850854
388750,389097,432308,347,43211,24,43199,1.00803036264
388797,390964,417874,2167,26910,24,43199,1.08052768488
388811,388818,391996,7,3178,2,7200,1.00220264317
388848,388855,388858,7,3,1,3600,1.0
388890,423576,430808,34686,7232,20,7199,5.79618362832
388948,430819,438053,41871,7234,20,7199,6.78808404755
388968,388974,392297,6,3323,2,7200,1.00180559735
389007,432319,439553,43312,7234,20,7199,6.98728227813
389084,389090,392235,6,3145,2,7200,1.00190779014
389467,389473,392728,6,3255,2,7200,1.00184331797
389585,389592,392404,7,2812,2,7200,1.00248933144
389885,389893,393101,8,3208,2,7200,1.00249376559
390078,390085,393266,7,3181,2,7200,1.00220056586
390390,390398,393512,8,3114,2,7200,1.00256904303
390781,390788,393892,7,3104,2,7200,1.00225515464
390935,390947,392284,12,1337,1,28800,1.00897531788
390935,390952,392745,17,1793,1,28800,1.00948131623
390935,390941,392044,6,1103,1,28800,1.00543970988
390935,390958,393884,23,2926,1,28800,1.00786056049
390936,390976,394147,40,3171,1,28800,1.01261431725
390936,390970,394559,34,3589,1,28800,1.00947339092
390960,390982,394083,22,3101,2,7200,1.00709448565
391030,391036,394241,6,3205,2,7200,1.00187207488
391358,391365,394796,7,3431,2,7200,1.00204022151
391429,391435,401569,6,10134,4,144300,1.00059206631
391501,391651,393897,150,2246,4,144000,1.06678539626
391519,391525,394565,6,3040,2,7200,1.00197368421
391639,391645,394667,6,3022,2,7200,1.00198544011
391695,394159,493723,2464,99564,1,108000,1.02474790085
392000,392006,395189,6,3183,2,7200,1.00188501414
392036,394171,400248,2135,6077,5,10800,1.35132466678
392105,392112,395415,7,3303,2,7200,1.0021192855
392237,392244,395520,7,3276,2,7200,1.00213675214
392329,392336,395325,7,2989,2,7200,1.00234192037
392409,392416,395724,7,3308,2,7200,1.00211608222
392670,392677,392795,7,118,1,600,1.0593220339
392819,394571,469987,1752,75416,1,108000,1.02323114458
392876,392882,393556,6,674,1,3600,1.00890207715
393017,393023,394347,6,1324,1,3600,1.00453172205
393102,393108,396029,6,2921,2,7200,1.00205409106
393126,416792,589622,23666,172830,4,172800,1.13693224556
393264,589634,589643,196370,9,4,172800,19637.9
393269,393276,396259,7,2983,2,7200,1.00234663091
393304,589656,589662,196352,6,4,172800,19635.8
393379,393385,393592,6,207,1,600,1.02898550725
393509,393516,396327,7,2811,2,7200,1.002490217
394083,394089,397315,6,3226,2,7200,1.00185988841
394156,394165,401550,9,7385,4,144000,1.00121868653
394560,409956,421469,15396,11513,1,28800,2.33727091114
394560,409516,421467,14956,11951,1,28800,2.25144339386
394560,409522,421468,14962,11946,1,28800,2.25246944584
394560,409961,421470,15401,11509,1,28800,2.33817012773
394561,409983,421473,15422,11490,1,28800,2.34221061793
394561,409977,421472,15416,11495,1,28800,2.34110482819
394561,409966,421471,15405,11505,1,28800,2.33898305085
394561,409972,421472,15411,11500,1,28800,2.34008695652
394562,409994,421475,15432,11481,1,28800,2.34413378626
394562,409988,421474,15426,11486,1,28800,2.34302629288
394567,394578,397483,11,2905,2,7200,1.00378657487
394799,394806,398070,7,3264,2,7200,1.00214460784
395325,395331,398544,6,3213,2,7200,1.00186741363
395523,395529,398464,6,2935,2,7200,1.00204429302
396031,396038,399329,7,3291,2,7200,1.00212701307
396049,402921,403732,6872,811,8,3600,9.47348951911
396052,403831,404630,7779,799,8,3600,10.7359198999
396056,401308,402903,5252,1595,16,3600,4.29278996865
396061,402915,404562,6854,1647,16,3600,5.16150576806
396064,404573,407261,8509,2688,32,3600,4.16555059524
396068,407273,409944,11205,2671,32,3600,5.1950580307
396262,396270,399323,8,3053,2,7200,1.0026203734
396330,396337,399717,7,3380,2,7200,1.00207100592
397230,397676,401295,446,3619,4,3600,1.12323846366
397486,397492,400638,6,3146,2,7200,1.00190718373
398467,398473,401890,6,3417,2,7200,1.00175592625
398825,398832,398909,7,77,2,3600,1.09090909091
399229,399236,402032,7,2796,2,7200,1.00250357654
399326,399333,402392,7,3059,2,7200,1.00228832952
399465,399472,399683,7,211,2,3600,1.03317535545
399717,399725,403087,8,3362,2,7200,1.00237953599
399817,399824,399955,7,131,2,3600,1.0534351145
400517,403837,404206,3320,369,2,3600,9.9972899729
400841,406364,406624,5523,260,2,3600,22.2423076923
401892,401900,404683,8,2783,2,7200,1.00287459576
401907,401915,405796,8,3881,2,7200,1.0020613244
402015,402021,405043,6,3022,2,7200,1.00198544011
402034,402040,405450,6,3410,2,7200,1.00175953079
402095,439570,445054,37475,5484,5,10800,7.83351568198
402106,402112,405175,6,3063,2,7200,1.00195886386
402238,402244,405125,6,2881,2,7200,1.0020826102
402319,402334,405422,15,3088,2,7200,1.00485751295
402394,402401,405165,7,2764,2,7200,1.00253256151
402565,413334,1016498,10769,603164,8,604800,1.01785418228
402589,402596,405549,7,2953,2,7200,1.00237047071
402622,402629,406269,7,3640,2,7200,1.00192307692
403032,421486,981713,18454,560227,8,604800,1.03294021888
403088,403095,406570,7,3475,2,7200,1.00201438849
403112,403118,406722,6,3604,2,7200,1.00166481687
403530,403536,407121,6,3585,2,7200,1.00167364017
403578,403584,406413,6,2829,2,7200,1.00212089077
403653,403660,406462,7,2802,2,7200,1.00249821556
403731,403747,406810,16,3063,2,7200,1.00522363696
403776,404218,407556,442,3338,2,7200,1.13241461953
403828,404695,408094,867,3399,2,7200,1.25507502207
403842,405055,408094,1213,3039,2,7200,1.39914445541
403905,405137,408153,1232,3016,2,7200,1.40848806366
404004,405177,407847,1173,2670,2,7200,1.4393258427
404074,410015,476614,5941,66599,10,72000,1.08920554363
404104,438070,513000,33966,74930,6,216000,1.45330308288
404471,407341,666584,2870,259243,8,259200,1.01107069429
404684,405187,408363,503,3176,2,7200,1.15837531486
405041,411282,519696,6241,108414,4,259200,1.05756636597
405046,405434,408734,388,3300,2,7200,1.11757575758
405061,405461,408332,400,2871,2,7200,1.13932427726
405063,413023,555075,7960,142052,4,259200,1.05603581787
405127,405560,408771,433,3211,2,7200,1.13484895671
405144,405807,409238,663,3431,2,7200,1.193238123
405159,406281,409125,1122,2844,2,7200,1.39451476793
405175,406424,409946,1249,3522,2,7200,1.35462805224
405177,406475,409720,1298,3245,2,7200,1.4
405191,406555,409505,1364,2950,2,7200,1.46237288136
405244,413165,416780,7921,3615,4,3600,3.19114799447
405390,406582,410078,1192,3496,2,7200,1.3409610984
405423,406636,409975,1213,3339,2,7200,1.36328241989
405453,406733,409875,1280,3142,2,7200,1.40738383195
405454,406823,409992,1369,3169,2,7200,1.43199747554
405551,407133,410158,1582,3025,2,7200,1.52297520661
405632,407567,410586,1935,3019,2,7200,1.64094070884
405748,406518,407329,770,811,2,900,1.94944512947
405799,407858,410734,2059,2876,2,7200,1.71592489569
406097,406302,406364,205,62,2,600,4.3064516129
406129,406376,406600,247,224,2,600,2.10267857143
406172,406482,406523,310,41,2,600,8.56097560976
406197,406513,406752,316,239,2,600,2.32217573222
406272,408091,411216,1819,3125,2,7200,1.58208
406414,408097,411142,1683,3045,2,7200,1.55270935961
406465,408105,411358,1640,3253,2,7200,1.50415001537
406576,408110,410898,1534,2788,2,7200,1.55021520803
406651,406658,406659,7,1,2,600,1.0
406724,408164,411104,1440,2940,2,7200,1.48979591837
406741,406747,406748,6,1,2,600,1.0
406803,415762,444882,8959,29120,4,72000,1.30765796703
406813,408343,411283,1530,2940,2,7200,1.52040816327
406820,419458,439629,12638,20171,2,36000,1.62654305686
406837,406843,406868,6,25,2,600,1.24
406882,444888,471094,38006,26206,4,72000,2.45027856216
406885,406892,407023,7,131,2,600,1.0534351145
406888,421480,457496,14592,36016,2,36000,1.40515326522
406892,432354,605183,25462,172829,4,172800,1.14732481239
406934,423182,459216,16248,36034,2,36000,1.45090747627
406963,605190,605207,198227,17,4,172800,11661.4117647
406998,411154,411271,4156,117,2,3600,36.5213675214
407030,605214,605224,198184,10,4,172800,19819.4
407042,423587,459606,16545,36019,2,36000,1.45934090341
407124,408376,411589,1252,3213,2,7200,1.3896669779
407557,408746,411696,1189,2950,2,7200,1.40305084746
407849,408783,412042,934,3259,2,7200,1.28659097883
407992,409138,412137,1146,2999,2,7200,1.38212737579
408088,409251,412876,1163,3625,2,7200,1.32082758621
408090,438803,611623,30713,172820,4,172800,1.17771669946
408103,409732,413236,1629,3504,2,7200,1.46489726027
408152,611629,611645,203477,16,4,86400,12718.3125
408154,409887,412760,1733,2873,2,7200,1.60320222764
408169,409999,413323,1830,3324,2,7200,1.55054151625
408222,611652,611669,203430,17,4,86400,11967.4705882
408334,410004,412994,1670,2990,2,7200,1.55852842809
408364,410010,413153,1646,3143,2,7200,1.52370346802
408737,410020,413380,1283,3360,2,7200,1.3818452381
408773,410026,413012,1253,2986,2,7200,1.41962491628
409128,410031,413295,903,3264,2,7200,1.27665441176
409239,410036,413222,797,3186,2,7200,1.2501569366
409310,438065,445224,28755,7159,8,7200,5.0166224333
409508,410043,413312,535,3269,2,7200,1.1636586112
409721,410049,413153,328,3104,2,7200,1.10567010309
409878,410054,412642,176,2588,2,7200,1.06800618238
409946,410090,413294,144,3204,2,7200,1.04494382022
409976,410170,413063,194,2893,2,7200,1.06705841687
409991,410214,413201,223,2987,2,7200,1.07465684633
410080,410598,413905,518,3307,2,7200,1.15663743574
410161,410745,413624,584,2879,2,7200,1.20284821118
410588,410909,413843,321,2934,2,7200,1.10940695297
410735,411115,414311,380,3196,2,7200,1.11889862328
410901,411294,414720,393,3426,2,7200,1.11471103327
411106,411370,414625,264,3255,2,7200,1.08110599078
411144,411601,414594,457,2993,2,7200,1.15268960909
411219,411708,414727,489,3019,2,7200,1.16197416363
411286,412054,415180,768,3126,2,7200,1.24568138196
411361,412149,415405,788,3256,2,7200,1.24201474201
411592,412653,415945,1061,3292,2,7200,1.32229647631
411698,412772,415829,1074,3057,2,7200,1.35132482826
412044,412889,415866,845,2977,2,7200,1.28384279476
412137,413074,415925,937,2851,2,7200,1.32865661172
412643,413248,416241,605,2993,2,7200,1.20213832275
412763,413305,416283,542,2978,2,7200,1.18200134318
412877,413323,416388,446,3065,2,7200,1.14551386623
412995,413636,416336,641,2700,2,7200,1.23740740741
413013,413854,417211,841,3357,2,7200,1.25052129878
413064,414324,417561,1260,3237,2,7200,1.38924930491
413154,414606,417783,1452,3177,2,7200,1.45703493862
413155,414636,417904,1481,3268,2,7200,1.45318237454
413200,414731,417911,1531,3180,2,7200,1.48144654088
413224,414738,417927,1514,3189,2,7200,1.47475697711
413239,415191,418302,1952,3111,2,7200,1.62745098039
413296,415417,418389,2121,2972,2,7200,1.71366083445
413298,415840,418804,2542,2964,2,7200,1.85762483131
413316,415878,418881,2562,3003,2,7200,1.85314685315
413330,415937,418964,2607,3027,2,7200,1.86124876115
413381,415958,419441,2577,3483,2,7200,1.7398794143
413625,416253,419006,2628,2753,2,7200,1.95459498729
413845,416294,419480,2449,3186,2,7200,1.76867545512
413908,416347,419341,2439,2994,2,7200,1.81462925852
414315,416400,419459,2085,3059,2,7200,1.68159529258
414595,417222,420644,2627,3422,2,7200,1.76767971946
414628,417573,420617,2945,3044,2,7200,1.96747700394
414721,417795,420828,3074,3033,2,7200,2.01351796901
414736,417915,421075,3179,3160,2,7200,2.00601265823
415181,417922,421057,2741,3135,2,7200,1.87432216906
415406,417939,420780,2533,2841,2,7200,1.8915874692
418394,418400,421519,6,3119,2,7200,1.00192369349
418781,426650,426652,7869,2,2,3540,787.1
418806,418812,422042,6,3230,2,7200,1.00185758514
418884,418891,422274,7,3383,2,7200,1.00206916938
418965,418972,422033,7,3061,2,7200,1.00228683437
419007,419014,422117,7,3103,2,7200,1.00225588141
419342,419349,422683,7,3334,2,7200,1.00209958008
419444,419451,422404,7,2953,2,7200,1.00237047071
419462,419470,422617,8,3147,2,7200,1.00254210359
419483,419492,422366,9,2874,2,7200,1.00313152401
420052,439565,441277,19513,1712,8,3600,12.3977803738
420618,420628,423761,10,3133,2,7200,1.00319182892
420645,420655,423567,10,2912,2,7200,1.00343406593
420783,420791,423667,8,2876,2,7200,1.00278164117
420831,420840,424081,9,3241,2,7200,1.0027769207
421060,421068,424282,8,3214,2,7200,1.00248911014
421078,421088,424386,10,3298,2,7200,1.00303214069
421473,426669,455475,5196,28806,1,28800,1.18037908769
421473,429174,458011,7701,28837,1,28800,1.26705274474
421473,427167,456002,5694,28835,1,28800,1.19746835443
421474,429180,458015,7706,28835,1,28800,1.26724466794
421474,439508,468332,18034,28824,1,28800,1.62565917291
421474,439575,468419,18101,28844,1,28800,1.62754819026
421475,439581,468418,18106,28837,1,28800,1.62787391199
421475,439592,468410,18117,28818,1,28800,1.62866958151
421475,439597,468429,18122,28832,1,28800,1.62853773585
421475,439586,468421,18111,28835,1,28800,1.6280908618
421520,421530,424612,10,3082,2,7200,1.00324464633
422035,422045,425358,10,3313,2,7200,1.00301841232
422050,422057,425340,7,3283,2,7200,1.00213219616
422119,422130,425562,11,3432,2,7200,1.00320512821
422275,422286,425578,11,3292,2,7200,1.00334143378
422369,422377,425821,8,3444,2,7200,1.00232288037
422407,422417,425849,10,3432,2,7200,1.00291375291
422618,422628,425634,10,3006,2,7200,1.00332667997
422684,422695,425692,11,2997,2,7200,1.003670337
423568,423582,426637,14,3055,2,7200,1.00458265139
423670,423676,426752,6,3076,2,7200,1.00195058518
423763,423769,427032,6,3263,2,7200,1.00183879865
424082,424088,427054,6,2966,2,7200,1.0020229265
424283,424290,427526,7,3236,2,7200,1.0021631644
424388,424396,427511,8,3115,2,7200,1.0025682183
424614,424620,427580,6,2960,2,7200,1.00202702703
425342,425348,428558,6,3210,2,7200,1.00186915888
425360,425366,428550,6,3184,2,7200,1.00188442211
425565,425572,428643,7,3071,2,7200,1.00227938782
425579,425586,428778,7,3192,2,7200,1.00219298246
425610,426663,427155,1053,492,1,1800,3.14024390244
425636,425643,428792,7,3149,2,7200,1.00222292791
425693,425700,428743,7,3043,2,7200,1.00230036149
425822,425828,428989,6,3161,2,7200,1.0018981335
425849,425856,428844,7,2988,2,7200,1.00234270415
426637,426643,429946,6,3303,2,7200,1.00181653043
426754,426763,430120,9,3357,2,7200,1.00268096515
427034,427044,430164,10,3120,2,7200,1.00320512821
427055,427065,429929,10,2864,2,7200,1.00349162011
427512,427523,430697,11,3174,2,7200,1.00346565848
427527,427537,430662,10,3125,2,7200,1.0032
427584,427592,430676,8,3084,2,7200,1.00259403372
428553,428561,431302,8,2741,2,7200,1.00291864283
428568,428574,431706,6,3132,2,7200,1.00191570881
428646,428654,431759,8,3105,2,7200,1.00257648953
428745,428755,432187,10,3432,2,7200,1.00291375291
428781,428790,431743,9,2953,2,7200,1.00304774805
428795,428803,431642,8,2839,2,7200,1.00281789362
428846,428857,431976,11,3119,2,7200,1.0035267714
428993,429000,432434,7,3434,2,7200,1.00203843914
429401,439647,439648,10246,1,1,240,1024.7
429933,429941,433132,8,3191,2,7200,1.00250705108
429948,429957,433131,9,3174,2,7200,1.00283553875
430124,430131,433284,7,3153,2,7200,1.00222010783
430166,430177,433583,11,3406,2,7200,1.00322959483
430652,439641,440176,8989,535,1,1800,17.8018691589
430653,439602,440099,8949,497,1,1800,19.0060362173
430653,438903,439496,8250,593,1,1800,14.9123102867
430665,430674,434482,9,3808,2,7200,1.00236344538
430680,430688,433478,8,2790,2,7200,1.00286738351
430698,430710,434095,12,3385,2,7200,1.0035450517
430792,439608,440470,8816,862,1,1800,11.2273781903
430792,438909,439707,8117,798,1,1800,11.171679198
430792,438081,438891,7289,810,2,1800,9.9987654321
430793,432325,432342,1532,17,4,1800,91.1176470588
431304,431314,434301,10,2987,2,7200,1.00334784064
431643,431654,434418,11,2764,2,7200,1.00397973951
431709,431718,434722,9,3004,2,7200,1.00299600533
431745,431754,434993,9,3239,2,7200,1.00277863538
431763,431772,434845,9,3073,2,7200,1.00292873414
431979,431988,434909,9,2921,2,7200,1.0030811366
432190,432198,435280,8,3082,2,7200,1.00259571707
432437,432445,435447,8,3002,2,7200,1.00266489007
432941,438075,438791,5134,716,4,1800,8.17039106145
433132,433143,436236,11,3093,2,7200,1.00355641772
433146,433152,436087,6,2935,2,7200,1.00204429302
433285,433296,436556,11,3260,2,7200,1.00337423313
433480,433495,436456,15,2961,2,7200,1.00506585613
433585,433594,437117,9,3523,2,7200,1.00255464093
434097,434107,437292,10,3185,2,7200,1.00313971743
434304,434313,437618,9,3305,2,7200,1.00272314675
434422,434431,437448,9,3017,2,7200,1.00298309579
434485,434494,437426,9,2932,2,7200,1.00306957708
434722,434733,437832,11,3099,2,7200,1.00354953211
434845,434857,437936,12,3079,2,7200,1.00389736928
434911,434921,437998,10,3077,2,7200,1.00324991875
434995,435004,437831,9,2827,2,7200,1.00318358684
435281,435293,438473,12,3180,2,7200,1.00377358491
435449,435459,438494,10,3035,2,7200,1.00329489292
436090,436098,439269,8,3171,2,7200,1.00252286345
436237,436247,439602,10,3355,2,7200,1.00298062593
436459,436467,439304,8,2837,2,7200,1.00281988016
436559,436568,439729,9,3161,2,7200,1.00284720025
437119,437129,440390,10,3261,2,7200,1.003066544
437293,437304,440796,11,3492,2,7200,1.00315005727
437428,437437,440529,9,3092,2,7200,1.00291073739
437449,437460,440898,11,3438,2,7200,1.00319953461
437620,437630,441000,10,3370,2,7200,1.00296735905
437834,437842,441098,8,3256,2,7200,1.00245700246
437835,437849,441129,14,3280,2,7200,1.00426829268
437938,437949,440838,11,2889,2,7200,1.00380754586
438001,438014,440907,13,2893,2,7200,1.00449360525
438474,438484,442054,10,3570,2,7200,1.00280112045
438494,438505,441411,11,2906,2,7200,1.00378527185
439271,439280,442222,9,2942,2,7200,1.00305914344
439307,439316,442289,9,2973,2,7200,1.00302724521
439605,439615,442324,10,2709,2,7200,1.00369139904
439731,439738,442516,7,2778,2,7200,1.00251979842
440395,440401,444009,6,3608,2,7200,1.00166297118
440530,440536,443574,6,3038,2,7200,1.00197498354
440684,440691,440697,7,6,1,3600,1.3
440798,440805,443455,7,2650,2,7200,1.00264150943
440811,440817,440926,6,109,1,3600,1.05504587156
440840,440847,443826,7,2979,2,7200,1.00234978181
440902,440909,443688,7,2779,2,7200,1.00251889169
440916,440923,444004,7,3081,2,7200,1.00227198961
441002,441009,443782,7,2773,2,7200,1.00252434187
441059,441066,441322,7,256,1,3600,1.02734375
441101,441108,443896,7,2788,2,7200,1.0025107604
441131,441138,444167,7,3029,2,7200,1.00231099373
441413,441420,444721,7,3301,2,7200,1.00212056952
441558,441565,442000,7,435,1,3600,1.01609195402
442054,442061,445161,7,3100,2,7200,1.00225806452
442222,442228,445741,6,3513,2,7200,1.00170794193
442291,442298,445458,7,3160,2,7200,1.00221518987
442324,442330,445279,6,2949,2,7200,1.002034588
442516,442524,445571,8,3047,2,7200,1.00262553331
442541,442547,442552,6,5,1,3600,1.1
442670,442676,442754,6,78,1,3600,1.07692307692
442888,442894,443133,6,239,1,3600,1.02510460251
443385,443391,443761,6,370,1,3600,1.01621621622
443457,443463,446514,6,3051,2,7200,1.00196656834
443574,443580,446959,6,3379,2,7200,1.00177567328
443691,443698,446682,7,2984,2,7200,1.0023458445
443781,443788,447150,7,3362,2,7200,1.00208209399
443829,443836,446892,7,3056,2,7200,1.00229057592
443898,443905,446968,7,3063,2,7200,1.00228534117
444007,444014,447164,7,3150,2,7200,1.00222222222
444022,444028,447024,6,2996,2,7200,1.00200267023
444169,444175,447239,6,3064,2,7200,1.00195822454
444197,444204,444212,7,8,1,1800,1.5
444222,444229,444235,7,6,1,3600,1.3
444347,444355,444427,8,72,1,1800,1.11111111111
444349,444362,444470,13,108,1,3600,1.12037037037
444563,444570,444680,7,110,1,3600,1.06363636364
444597,444604,444854,7,250,1,3600,1.028
444621,444629,444719,8,90,1,1800,1.08888888889
444724,444732,448163,8,3431,2,7200,1.00233168173
444810,444817,445068,7,251,1,3600,1.02788844622
445084,445090,445519,6,429,1,3600,1.01398601399
445144,445151,445375,7,224,1,1800,1.03125
445163,445170,448292,7,3122,2,7200,1.00224215247
445280,445287,448385,7,3098,2,7200,1.00225952227
445311,445317,445878,6,561,1,3600,1.01069518717
445461,445467,448523,6,3056,2,7200,1.00196335079
445575,445581,448673,6,3092,2,7200,1.00194049159
445743,445749,448595,6,2846,2,7200,1.00210822207
446018,446025,446031,7,6,1,1800,1.3
446039,446045,446050,6,5,1,3600,1.1
446161,446167,446278,6,111,1,3600,1.05405405405
446165,446173,446213,8,40,1,1800,1.2
446404,446410,446651,6,241,1,3600,1.02489626556
446417,446424,446500,7,76,1,1800,1.09210526316
446512,446518,449110,6,2592,2,7200,1.00231481481
446683,446689,450046,6,3357,2,7200,1.0017873101
446740,446746,446825,6,79,1,3600,1.07594936709
446894,446900,449725,6,2825,2,7200,1.00212389381
446896,446906,447284,10,378,1,3600,1.02645502646
446956,446962,447199,6,237,1,3600,1.0253164557
446960,446968,450129,8,3161,2,7200,1.00253084467
446973,446979,447144,6,165,1,1800,1.03636363636
446974,446985,450067,11,3082,2,7200,1.00356911097
447025,447032,450673,7,3641,2,7200,1.00192254875
447151,447159,449878,8,2719,2,7200,1.00294225818
447166,447172,450026,6,2854,2,7200,1.00210231254
447241,447248,450095,7,2847,2,7200,1.00245872849
447495,447501,447956,6,455,1,3600,1.01318681319
448164,448171,451240,7,3069,2,7200,1.00228087325
448294,448300,451291,6,2991,2,7200,1.00200601805
448387,448393,451540,6,3147,2,7200,1.00190657769
448526,448532,451649,6,3117,2,7200,1.00192492782
448598,448604,451694,6,3090,2,7200,1.00194174757
448676,448683,451667,7,2984,2,7200,1.0023458445
449112,449118,452166,6,3048,2,7200,1.00196850394
449728,449734,452802,6,3068,2,7200,1.00195567145
449878,449884,452806,6,2922,2,7200,1.00205338809
450028,450034,452907,6,2873,2,7200,1.00208840933
450046,450053,452929,7,2876,2,7200,1.00243393602
450067,450073,453085,6,3012,2,7200,1.00199203187
450097,450104,453221,7,3117,2,7200,1.00224574912
450130,450136,452925,6,2789,2,7200,1.00215130871
450674,450682,453401,8,2719,2,7200,1.00294225818
451243,451249,454028,6,2779,2,7200,1.00215905002
451294,451300,454489,6,3189,2,7200,1.00188146754
451543,451550,454652,7,3102,2,7200,1.00225660864
451652,451658,454812,6,3154,2,7200,1.00190234623
451670,451676,454575,6,2899,2,7200,1.0020696792
451697,451703,454754,6,3051,2,7200,1.00196656834
451828,451834,451909,6,75,1,1800,1.08
452128,452136,452221,8,85,1,1800,1.09411764706
452169,452176,455370,7,3194,2,7200,1.00219160927
452682,452688,453051,6,363,1,1800,1.01652892562
452803,452809,455903,6,3094,2,7200,1.00193923723
452818,452824,456091,6,3267,2,7200,1.00183654729
452908,452914,455869,6,2955,2,7200,1.00203045685
452926,452932,455802,6,2870,2,7200,1.00209059233
452941,452947,456271,6,3324,2,7200,1.00180505415
453088,453094,456022,6,2928,2,7200,1.00204918033
453223,453229,456467,6,3238,2,7200,1.00185299568
453403,453410,456609,7,3199,2,7200,1.00218818381
454031,454037,456932,6,2895,2,7200,1.00207253886
454121,454128,454167,7,39,1,1800,1.17948717949
454392,454398,454471,6,73,1,1800,1.08219178082
454491,454497,457865,6,3368,2,7200,1.00178147268
454577,454583,457706,6,3123,2,7200,1.00192122959
454655,454661,457779,6,3118,2,7200,1.00192431046
454757,454763,457790,6,3027,2,7200,1.00198216056
454814,454820,457703,6,2883,2,7200,1.00208116545
455055,455062,455308,7,246,1,1800,1.02845528455
455371,455377,458884,6,3507,2,7200,1.00171086399
455806,455813,458592,7,2779,2,7200,1.00251889169
455869,455875,458885,6,3010,2,7200,1.00199335548
455906,455913,459022,7,3109,2,7200,1.00225152782
456023,456030,459471,7,3441,2,7200,1.00203429236
456092,456100,459490,8,3390,2,7200,1.00235988201
456273,456280,459191,7,2911,2,7200,1.00240467193
456468,456474,459696,6,3222,2,7200,1.00186219739
456609,456616,459436,7,2820,2,7200,1.0024822695
456934,456940,459762,6,2822,2,7200,1.00212615167
457708,457715,460963,7,3248,2,7200,1.00215517241
457709,457721,460752,12,3031,2,7200,1.00395908941
457781,457787,460924,6,3137,2,7200,1.0019126554
457796,457802,461130,6,3328,2,7200,1.00180288462
457865,457871,461773,6,3902,2,7200,1.00153767299
458594,458600,461631,6,3031,2,7200,1.0019795447
458885,458892,461929,7,3037,2,7200,1.00230490616
458887,458899,462279,12,3380,2,7200,1.00355029586
459023,459030,462296,7,3266,2,7200,1.00214329455
459194,459201,461941,7,2740,2,7200,1.00255474453
459438,459445,462641,7,3196,2,7200,1.0021902378
459474,459481,462907,7,3426,2,7200,1.00204319907
459491,459499,462828,8,3329,2,7200,1.00240312406
459699,459706,462938,7,3232,2,7200,1.00216584158
459765,459772,462573,7,2801,2,7200,1.00249910746
460751,460758,463834,7,3076,2,7200,1.0022756827
460927,460933,464025,6,3092,2,7200,1.00194049159
460963,460969,464033,6,3064,2,7200,1.00195822454
461131,461139,463938,8,2799,2,7200,1.00285816363
461634,461641,464986,7,3345,2,7200,1.00209267564
461775,461781,464964,6,3183,2,7200,1.00188501414
461933,461940,465155,7,3215,2,7200,1.00217729393
461947,461954,465338,7,3384,2,7200,1.00206855792
462026,462032,463992,6,1960,16,3600,1.00306122449
462281,462289,465788,8,3499,2,7200,1.00228636753
462299,462306,465329,7,3023,2,7200,1.00231558055
462576,462582,465692,6,3110,2,7200,1.00192926045
462642,462649,466434,7,3785,2,7200,1.00184940555
462831,462838,466239,7,3401,2,7200,1.00205821817
462909,462915,466141,6,3226,2,7200,1.00185988841
462939,462945,465973,6,3028,2,7200,1.00198150594
463739,463746,463748,7,2,1,25200,1.0
463740,463769,464206,29,437,1,25200,1.06636155606
463740,463757,463758,17,1,1,25200,1.8
463741,463786,463787,45,1,1,25200,4.6
463741,463780,463781,39,1,1,25200,4.0
463742,463791,463792,49,1,1,25200,5.0
463743,463798,463799,55,1,1,25200,5.6
463743,463809,463810,66,1,1,25200,6.7
463744,463817,464327,73,510,1,25200,1.1431372549
463744,463827,463828,83,1,1,25200,8.4
463744,463822,464106,78,284,1,25200,1.27464788732
463745,463845,463861,100,16,1,25200,7.25
463746,463863,464008,117,145,1,25200,1.80689655172
463746,463858,463930,112,72,1,25200,2.55555555556
463747,463873,463880,126,7,1,25200,13.3
463747,463904,463922,157,18,1,25200,9.72222222222
463748,463935,463937,187,2,1,25200,18.9
463748,463943,463944,195,1,1,25200,19.6
463749,463976,463977,227,1,1,25200,22.8
463749,463969,464413,220,444,1,25200,1.4954954955
463749,463962,463963,213,1,1,25200,21.4
463751,464042,464842,291,800,1,25200,1.36375
463751,464021,464524,270,503,1,25200,1.53677932406
463752,464047,464294,295,247,1,25200,2.19433198381
463755,464310,464317,555,7,1,25200,56.2
463757,464329,464439,572,110,1,25200,6.2
463757,464334,464335,577,1,1,25200,57.8
463760,464426,464428,666,2,1,25200,66.8
463761,464440,464441,679,1,1,25200,68.0
463761,464455,489662,694,25207,1,25200,1.02753203475
463762,464460,465997,698,1537,1,25200,1.45413142485
463764,464536,464552,772,16,1,25200,49.25
463765,464565,464568,800,3,1,25200,80.3
463766,464594,464595,828,1,1,25200,82.9
463767,464608,464610,841,2,1,25200,84.3
463768,464622,464652,854,30,1,25200,29.4666666667
463769,464664,464665,895,1,1,25200,89.6
463772,464692,464758,920,66,1,25200,14.9393939394
463772,464678,464679,906,1,1,25200,90.7
463774,464770,464771,996,1,1,25200,99.7
463775,464784,464786,1009,2,1,25200,101.1
463776,464798,466345,1022,1547,1,25200,1.66063348416
463779,464924,464925,1145,1,1,25200,114.6
463779,464913,464996,1134,83,1,25200,14.6626506024
463779,464919,464920,1140,1,1,25200,114.1
463780,464933,464934,1153,1,1,25200,115.4
463780,464968,465091,1188,123,1,25200,10.6585365854
463781,464979,464996,1198,17,1,25200,71.4705882353
463781,464991,464992,1210,1,1,25200,121.1
463782,465017,465018,1235,1,1,25200,123.6
463782,465009,465010,1227,1,1,25200,122.8
463782,464997,465027,1215,30,1,25200,41.5
463783,465022,465034,1239,12,1,25200,104.25
463783,465030,465035,1247,5,1,25200,125.2
463784,465049,467753,1265,2704,1,25200,1.46782544379
463784,465042,466057,1258,1015,1,25200,2.239408867
463784,465054,465055,1270,1,1,25200,127.1
463785,465060,465084,1275,24,1,25200,54.125
463786,465098,465776,1312,678,1,25200,2.93510324484
463787,465105,465106,1318,1,1,25200,131.9
463788,465162,465164,1374,2,1,25200,137.6
463788,465132,465150,1344,18,1,25200,75.6666666667
463789,465182,465363,1393,181,1,25200,8.69613259669
463790,465188,465189,1398,1,1,25200,139.9
463794,465353,465417,1559,64,1,25200,25.359375
463794,465348,466867,1554,1519,1,25200,2.02304147465
463795,465380,490608,1585,25228,1,25200,1.0628270176
463797,465430,465432,1633,2,1,25200,163.5
463798,465458,490673,1660,25215,1,25200,1.06583382907
463805,465680,465681,1875,1,1,25200,187.6
463808,465790,465791,1982,1,1,25200,198.3
463809,465824,468096,2015,2272,1,25200,1.88688380282
463811,465950,465951,2139,1,1,25200,214.0
463812,465974,465975,2162,1,1,25200,216.3
463812,465989,466001,2177,12,1,25200,182.416666667
463813,465994,465995,2181,1,1,25200,218.2
463813,466007,466136,2194,129,1,25200,18.007751938
463814,466019,466020,2205,1,1,25200,220.6
463814,466014,466017,2200,3,1,25200,220.3
463814,466025,469836,2211,3811,1,25200,1.58016268696
463816,466059,466128,2243,69,1,25200,33.5072463768
463817,466073,466100,2256,27,1,25200,84.5555555556
463818,466112,466419,2294,307,1,25200,8.47231270358
463818,466118,466119,2300,1,1,25200,230.1
463819,466140,466142,2321,2,1,25200,232.3
463820,466165,466394,2345,229,1,25200,11.2401746725
463820,466159,491394,2339,25235,1,25200,1.09268872598
463826,466376,466516,2550,140,1,25200,19.2142857143
463826,466362,466364,2536,2,1,25200,253.8
463827,466406,466407,2579,1,1,25200,258.0
463828,466420,466421,2592,1,1,25200,259.3
463829,466434,466435,2605,1,1,25200,260.6
463829,466439,466443,2610,4,1,25200,261.4
463829,466452,466691,2623,239,1,25200,11.9748953975
463830,466465,466469,2635,4,1,25200,263.9
463831,466481,466482,2650,1,1,25200,265.1
463831,466495,466657,2664,162,1,25200,17.4444444444
463833,466533,466853,2700,320,1,25200,9.4375
463835,463852,467063,17,3211,2,7200,1.00529430084
463837,466669,466671,2832,2,1,25200,283.4
463838,466704,466723,2866,19,1,25200,151.842105263
463838,466697,466700,2859,3,1,25200,286.2
463839,466717,466825,2878,108,1,25200,27.6481481481
463840,466735,466806,2895,71,1,25200,41.7746478873
463842,466822,466938,2980,116,1,25200,26.6896551724
463843,466837,467415,2994,578,1,25200,6.17993079585
463844,466880,466991,3036,111,1,25200,28.3513513514
463844,466865,466884,3021,19,1,25200,160.0
463845,466896,466898,3051,2,1,25200,305.3
463845,466902,466903,3057,1,1,25200,305.8
463846,466910,466913,3064,3,1,25200,306.7
463846,466926,466928,3080,2,1,25200,308.2
463848,466972,466973,3124,1,1,25200,312.5
463848,466959,466964,3111,5,1,25200,311.6
463848,466954,466956,3106,2,1,25200,310.8
463849,466980,467890,3131,910,1,25200,4.44065934066
463849,466985,467242,3136,257,1,25200,13.2023346304
463850,467003,467119,3153,116,1,25200,28.1810344828
463852,467090,467091,3238,1,1,25200,323.9
463852,467085,467086,3233,1,1,25200,323.4
463854,467121,467905,3267,784,1,25200,5.16709183673
463854,467116,467559,3262,443,1,25200,8.36343115124
463855,467136,467138,3281,2,1,25200,328.3
463856,467164,467284,3308,120,1,25200,28.5666666667
463858,467255,467625,3397,370,1,25200,10.1810810811
463860,467296,467321,3436,25,1,25200,138.44
463861,467334,467614,3473,280,1,25200,13.4035714286
463864,467432,467588,3568,156,1,25200,23.8717948718
463868,467571,467627,3703,56,1,25200,67.125
463869,467605,467783,3736,178,1,25200,21.9887640449
463870,467632,467698,3762,66,1,25200,58.0
463871,467644,467645,3773,1,1,25200,377.4
463871,467639,468083,3768,444,1,25200,9.48648648649
463871,467650,467652,3779,2,1,25200,378.1
463872,467679,467836,3807,157,1,25200,25.2484076433
463873,467710,469198,3837,1488,1,25200,3.57862903226
463875,467771,467773,3896,2,1,25200,389.8
463876,467785,468825,3909,1040,1,25200,4.75865384615
463876,467799,467972,3923,173,1,25200,23.676300578
463878,467850,493087,3972,25237,1,25200,1.15738796212
463880,467903,467905,4023,2,1,25200,402.5
463880,467917,467918,4037,1,1,25200,403.8
463880,467925,467928,4045,3,1,25200,404.8
463881,467930,467931,4049,1,1,25200,405.0
463881,467945,469015,4064,1070,1,25200,4.79813084112
463882,467950,467951,4068,1,1,25200,406.9
463883,467987,467997,4104,10,1,25200,411.4
463883,467992,467993,4109,1,1,25200,411.0
463884,468016,468017,4132,1,1,25200,413.3
463884,468024,468449,4140,425,1,25200,10.7411764706
463884,468003,468006,4119,3,1,25200,412.2
463887,468113,468115,4226,2,1,25200,422.8
463887,468101,468103,4214,2,1,25200,421.6
463889,468166,468167,4277,1,1,25200,427.8
463889,468153,468194,4264,41,1,25200,105.0
463889,468161,468167,4272,6,1,25200,427.8
463890,468184,468295,4294,111,1,25200,39.6846846847
463890,468179,468180,4289,1,1,25200,429.0
463890,468191,468194,4301,3,1,25200,430.4
463891,468211,468338,4320,127,1,25200,35.0157480315
463891,468206,468207,4315,1,1,25200,431.6
463891,468196,468197,4305,1,1,25200,430.6
463893,468240,468314,4347,74,1,25200,59.7432432432
463894,468307,468309,4413,2,1,25200,441.5
463895,468321,468520,4426,199,1,25200,23.2412060302
463895,468328,469010,4433,682,1,25200,7.5
463896,468344,468464,4448,120,1,25200,38.0666666667
463897,468356,468359,4459,3,1,25200,446.2
463898,468385,468386,4487,1,1,25200,448.8
463899,468399,468400,4500,1,1,25200,450.1
463900,468413,468468,4513,55,1,25200,83.0545454545
463900,468428,468457,4528,29,1,25200,157.137931034
463901,468435,468438,4534,3,1,25200,453.7
463901,468446,469120,4545,674,1,25200,7.74332344214
463901,468440,468454,4539,14,1,25200,325.214285714
463902,468464,468898,4562,434,1,25200,11.5115207373
463902,468459,469190,4557,731,1,25200,7.23392612859
463903,468477,468547,4574,70,1,25200,66.3428571429
463903,468472,472807,4569,4335,1,25200,2.05397923875
463904,468501,468502,4597,1,1,25200,459.8
463904,468496,471423,4592,2927,1,25200,2.56884181756
463905,468519,468536,4614,17,1,25200,272.411764706
463905,468507,468528,4602,21,1,25200,220.142857143
463906,468546,468580,4640,34,1,25200,137.470588235
463906,468534,470180,4628,1646,1,25200,3.81166464156
463907,468559,471569,4652,3010,1,25200,2.54551495017
463907,468572,468573,4665,1,1,25200,466.6
463908,468578,468579,4670,1,1,25200,467.1
463908,468583,468608,4675,25,1,25200,188.0
463909,468605,468723,4696,118,1,25200,40.7966101695
463909,468600,471208,4691,2608,1,25200,2.79869631902
463909,468594,468596,4685,2,1,25200,468.7
463910,468616,468619,4706,3,1,25200,470.9
463910,468611,469317,4701,706,1,25200,7.65864022663
463910,468622,469088,4712,466,1,25200,11.1115879828
463911,468633,468638,4722,5,1,25200,472.7
463911,468638,468639,4727,1,1,25200,472.8
463911,468627,468836,4716,209,1,25200,23.5645933014
463912,468655,471610,4743,2955,1,25200,2.60507614213
463912,468649,469171,4737,522,1,25200,10.0747126437
463912,468644,468645,4732,1,1,25200,473.3
463913,468661,468662,4748,1,1,25200,474.9
463913,468679,468682,4766,3,1,25200,476.9
463914,468695,471359,4781,2664,1,25200,2.79466966967
463914,468690,468693,4776,3,1,25200,477.9
463914,468684,468689,4770,5,1,25200,477.5
463915,468712,468713,4797,1,1,25200,479.8
463915,468706,468829,4791,123,1,25200,39.9512195122
463916,468731,468734,4815,3,1,25200,481.8
463916,468717,468801,4801,84,1,25200,58.1547619048
463916,468725,468726,4809,1,1,25200,481.0
463917,468747,469232,4830,485,1,25200,10.9587628866
463917,468736,468767,4819,31,1,25200,156.451612903
463918,468771,468772,4853,1,1,25200,485.4
463918,468766,468876,4848,110,1,25200,45.0727272727
463918,468752,468753,4834,1,1,25200,483.5
463919,468777,468784,4858,7,1,25200,486.5
463919,468784,468786,4865,2,1,25200,486.7
463919,468789,468796,4870,7,1,25200,487.7
463920,468807,468808,4887,1,1,25200,488.8
463921,468830,468869,4909,39,1,25200,126.871794872
463921,468819,472651,4898,3832,1,25200,2.27818371608
463921,468814,469010,4893,196,1,25200,25.9642857143
463922,468855,468857,4933,2,1,25200,493.5
463922,468837,468959,4915,122,1,25200,41.2868852459
463922,468842,468845,4920,3,1,25200,492.3
463923,468860,469619,4937,759,1,25200,7.5046113307
463923,468868,468956,4945,88,1,25200,57.1931818182
463923,468873,468874,4950,1,1,25200,495.1
463924,468885,468888,4961,3,1,25200,496.4
463924,468880,468987,4956,107,1,25200,47.3177570093
463924,468893,473216,4969,4323,1,25200,2.14943326394
463925,468913,468917,4988,4,1,25200,499.2
463926,468926,469085,5000,159,1,25200,32.4465408805
463926,468933,468934,5007,1,1,25200,500.8
463927,469024,469026,5097,2,1,25200,509.9
463927,469029,469177,5102,148,1,25200,35.472972973
463927,469018,494258,5091,25240,1,25200,1.20170364501
463928,469035,469039,5107,4,1,25200,511.1
463928,469047,469065,5119,18,1,25200,285.388888889
463929,469053,469090,5124,37,1,25200,139.486486486
463929,469058,469060,5129,2,1,25200,513.1
463929,469063,469065,5134,2,1,25200,513.6
463930,469071,470330,5141,1259,1,25200,5.08339952343
463930,469084,476558,5154,7474,1,25200,1.68959058068
463931,469095,469203,5164,108,1,25200,48.8148148148
463931,469089,469090,5158,1,1,25200,515.9
463931,469108,469109,5177,1,1,25200,517.8
463932,469126,469190,5194,64,1,25200,82.15625
463932,469119,469186,5187,67,1,25200,78.4179104478
463933,469138,469140,5205,2,1,25200,520.7
463934,469163,469710,5229,547,1,25200,10.5594149909
463934,469183,494416,5249,25233,1,25200,1.20802124202
463935,469201,469203,5266,2,1,25200,526.8
463935,469195,469199,5260,4,1,25200,526.4
463936,469207,469208,5271,1,1,25200,527.2
463936,469218,469220,5282,2,1,25200,528.4
463937,469225,469227,5288,2,1,25200,529.0
463938,469403,469404,5465,1,1,25200,546.6
463939,469422,469423,5483,1,1,25200,548.4
463939,469427,469428,5488,1,1,25200,548.9
463939,469416,470029,5477,613,1,25200,9.93474714519
463940,469231,469705,5291,474,1,25200,12.1624472574
463940,469236,469237,5296,1,1,25200,529.7
463941,469247,469477,5306,230,1,25200,24.0695652174
463941,469242,469343,5301,101,1,25200,53.4851485149
463941,463950,467080,9,3130,2,7200,1.00287539936
463942,469276,469277,5334,1,1,25200,533.5
463942,469265,469351,5323,86,1,25200,62.8953488372
463942,469271,469277,5329,6,1,25200,533.5
463943,469301,469302,5358,1,1,25200,535.9
463944,469307,494539,5363,25232,1,25200,1.21254755866
463944,469319,469507,5375,188,1,25200,29.5904255319
463945,469324,469325,5379,1,1,25200,538.0
463946,469337,469342,5391,5,1,25200,539.6
463947,469368,469369,5421,1,1,25200,542.2
463947,469373,469390,5426,17,1,25200,320.176470588
463948,469385,469387,5437,2,1,25200,543.9
463948,469440,494644,5492,25204,1,25200,1.21790192033
463949,469445,469511,5496,66,1,25200,84.2727272727
463950,469471,469472,5521,1,1,25200,552.2
463951,469498,469703,5547,205,1,25200,28.0585365854
463952,469525,469527,5573,2,1,25200,557.5
463953,469530,469533,5577,3,1,25200,558.0
463954,469548,477661,5594,8113,1,25200,1.6895106619
463955,469585,470677,5630,1092,1,25200,6.15567765568
463956,469715,469744,5759,29,1,25200,199.586206897
463957,469751,469752,5794,1,1,25200,579.5
463958,472946,472977,8988,31,1,25200,290.935483871
463958,469759,469875,5801,116,1,25200,51.0086206897
463960,469888,469890,5928,2,1,25200,593.0
463963,469914,470817,5951,903,1,25200,7.59025470653
463964,471221,471247,7257,26,1,25200,280.115384615
463964,471106,471234,7142,128,1,25200,56.796875
463965,471259,471265,7294,6,1,25200,730.0
463965,471290,471292,7325,2,1,25200,732.7
463965,471246,496472,7281,25226,1,25200,1.28863077777
463965,471277,471278,7312,1,1,25200,731.3
463966,471357,471375,7391,18,1,25200,411.611111111
463966,471304,471345,7338,41,1,25200,179.975609756
463966,471372,472311,7406,939,1,25200,8.88711395101
463967,471451,471482,7484,31,1,25200,242.419354839
463967,471459,471918,7492,459,1,25200,17.3224400871
463967,471443,471446,7476,3,1,25200,747.9
463968,471509,471511,7541,2,1,25200,754.3
463968,471525,471806,7557,281,1,25200,27.8932384342
463968,471495,471497,7527,2,1,25200,752.9
463969,471586,471589,7617,3,1,25200,762.0
463969,471601,471602,7632,1,1,25200,763.3
463969,471614,472103,7645,489,1,25200,16.6339468303
463970,471635,471636,7665,1,1,25200,766.6
463975,472162,472164,8187,2,1,25200,818.9
463975,472129,472150,8154,21,1,25200,389.285714286
463975,472115,472117,8140,2,1,25200,814.2
463976,472404,472408,8428,4,1,25200,843.2
463976,472176,472177,8200,1,1,25200,820.1
463976,472201,472279,8225,78,1,25200,106.448717949
463977,472434,472439,8457,5,1,25200,846.2
463977,472427,472713,8450,286,1,25200,30.5454545455
463978,472489,472854,8511,365,1,25200,24.3178082192
463979,472867,472934,8888,67,1,25200,133.656716418
463979,472855,472856,8876,1,1,25200,887.7
463980,472887,472891,8907,4,1,25200,891.1
463980,472915,473476,8935,561,1,25200,16.926916221
463981,472989,473036,9008,47,1,25200,192.659574468
463981,473048,473050,9067,2,1,25200,906.9
463981,473062,473077,9081,15,1,25200,606.4
463981,473090,473092,9109,2,1,25200,911.1
463982,473104,473108,9122,4,1,25200,912.6
463982,473488,473489,9506,1,1,25200,950.7
463982,473121,473834,9139,713,1,25200,13.8176718093
463983,473501,473543,9518,42,1,25200,227.619047619
463983,473556,473570,9573,14,1,25200,684.785714286
463983,473583,473585,9600,2,1,25200,960.2
463984,475055,475057,11071,2,1,25200,1107.3
463984,473597,474210,9613,613,1,25200,16.6818923328
463984,474223,475043,10239,820,1,25200,13.4865853659
463985,475623,475625,11638,2,1,25200,1164.0
463985,475069,475072,11084,3,1,25200,1108.7
463985,475084,475610,11099,526,1,25200,22.1007604563
463986,475637,475820,11651,183,1,25200,64.6666666667
463986,475954,475961,11968,7,1,25200,1197.5
463986,475832,475834,11846,2,1,25200,1184.8
463987,475880,475942,11893,62,1,25200,192.822580645
463987,475974,476019,11987,45,1,25200,267.377777778
463987,475846,475867,11859,21,1,25200,565.714285714
463988,476032,476083,12044,51,1,25200,237.156862745
463988,476095,476097,12107,2,1,25200,1210.9
463989,476570,476572,12581,2,1,25200,1258.3
463989,476135,501355,12146,25220,1,25200,1.48160190325
463990,487898,488135,23908,237,1,25200,101.877637131
463990,487885,487886,23895,1,1,25200,2389.6
463990,476584,501801,12594,25217,1,25200,1.49942499108
463991,488445,488447,24454,2,1,25200,2445.6
463991,488147,488433,24156,286,1,25200,85.4615384615
464016,498389,498390,34373,1,1,25200,3437.4
464017,499268,499334,35251,66,1,25200,535.106060606
464017,489674,489677,25657,3,1,25200,2566.0
464018,490826,491696,26808,870,1,25200,31.8137931034
464018,490370,490815,26352,445,1,25200,60.2179775281
464018,489689,490358,25671,669,1,25200,39.3721973094
464019,491436,491450,27417,14,1,25200,1959.35714286
464019,491431,491432,27412,1,1,25200,2741.3
464019,494655,494657,30636,2,1,25200,3063.8
464020,494669,496681,30649,2012,1,25200,16.2331013917
464020,498182,498278,34162,96,1,25200,356.854166667
464020,498289,498294,34269,5,1,25200,3427.4
464021,499295,499299,35274,4,1,25200,3527.8
464021,498317,498376,34296,59,1,25200,582.288135593
464022,498420,498920,34398,500,1,25200,69.796
464023,498933,498934,34910,1,1,25200,3491.1
464023,498945,499036,34922,91,1,25200,384.758241758
464023,499048,499059,35025,11,1,25200,3185.09090909
464024,499070,499282,35046,212,1,25200,166.311320755
464024,499255,502097,35231,2842,1,25200,13.3965517241
464025,499310,501039,35285,1729,1,25200,21.4077501446
464025,499361,499440,35336,79,1,25200,448.291139241
464025,499347,499499,35322,152,1,25200,233.381578947
464026,499464,501174,35438,1710,1,25200,21.7239766082
464026,499366,499451,35340,85,1,25200,416.764705882
464026,499456,499458,35430,2,1,25200,3543.2
464027,499606,499608,35579,2,1,25200,3558.1
464027,499476,524710,35449,25234,1,25200,2.40481096933
464027,499511,499594,35484,83,1,25200,428.518072289
464028,499620,499640,35592,20,1,25200,1780.6
464028,499698,499700,35670,2,1,25200,3567.2
464028,464035,467029,7,2994,2,7200,1.00233800935
464028,499652,499685,35624,33,1,25200,1080.51515152
464029,499711,499764,35682,53,1,25200,674.245283019
464029,500714,500717,36685,3,1,25200,3668.8
464029,499775,500539,35746,764,1,25200,47.7879581152
464030,501051,501053,37021,2,1,25200,3702.3
464030,500729,501145,36699,416,1,25200,89.21875
464031,501064,501065,37033,1,1,25200,3703.4
464031,501157,501290,37126,133,1,25200,280.142857143
464031,501187,501365,37156,178,1,25200,209.741573034
464031,501077,526317,37046,25240,1,25200,2.4677496038
464032,501328,501330,37296,2,1,25200,3729.8
464032,501302,501304,37270,2,1,25200,3727.2
464033,501356,501375,37323,19,1,25200,1965.36842105
464033,501342,501344,37309,2,1,25200,3731.1
464033,501367,501482,37334,115,1,25200,325.643478261
464034,501403,501405,37369,2,1,25200,3737.1
464034,501417,504286,37383,2869,1,25200,14.0299756013
464034,501388,501392,37354,4,1,25200,3735.8
464034,501377,526605,37343,25228,1,25200,2.48022039004
464035,501623,502172,37588,549,1,25200,69.4663023679
464035,501608,501611,37573,3,1,25200,3757.6
464035,501493,501597,37458,104,1,25200,361.173076923
464036,501813,501838,37777,25,1,25200,1512.08
464036,501864,502168,37828,304,1,25200,125.434210526
464036,501851,501853,37815,2,1,25200,3781.7
464037,501920,501923,37883,3,1,25200,3788.6
464037,501925,502293,37888,368,1,25200,103.956521739
464038,501942,501954,37904,12,1,25200,3159.66666667
464038,501936,503328,37898,1392,1,25200,28.2255747126
464038,501931,502011,37893,80,1,25200,474.6625
464039,501965,501974,37926,9,1,25200,3793.5
464039,501955,501963,37916,8,1,25200,3792.4
464039,501947,506309,37908,4362,1,25200,9.69050894085
464040,502017,502110,37977,93,1,25200,409.35483871
464040,501989,502006,37949,17,1,25200,2233.29411765
464040,501974,502862,37934,888,1,25200,43.7184684685
464041,502108,502148,38067,40,1,25200,952.675
464041,502024,502410,37983,386,1,25200,99.4015544041
464041,502122,507584,38081,5462,1,25200,7.97198828268
464042,502177,502270,38135,93,1,25200,411.053763441
464042,502160,502165,38118,5,1,25200,3812.3
464043,464060,466949,17,2889,2,7200,1.00588438906
464043,502188,503296,38145,1108,1,25200,35.4268953069
464043,502197,502200,38154,3,1,25200,3815.7
464043,502183,502186,38140,3,1,25200,3814.3
464044,502295,503641,38251,1346,1,25200,29.4182763744
464044,502281,502283,38237,2,1,25200,3823.9
464044,502213,503281,38169,1068,1,25200,36.7387640449
464045,502338,502401,38293,63,1,25200,608.825396825
464045,502306,502308,38261,2,1,25200,3826.3
464045,502320,502326,38275,6,1,25200,3828.1
464046,502413,503698,38367,1285,1,25200,30.8575875486
464078,464908,468544,830,3636,16,3600,1.22827282728
464904,464941,467952,37,3011,2,7200,1.01228827632
464905,464946,467900,41,2954,2,7200,1.01387948544
464907,464952,468039,45,3087,2,7200,1.01457725948
464908,464957,467955,49,2998,2,7200,1.01634422949
464910,464963,468105,53,3142,2,7200,1.01686823679
464967,464986,468252,19,3266,2,7200,1.00581751378
464988,465004,467973,16,2969,2,7200,1.00538901987
465156,465169,468552,13,3383,2,7200,1.00384274313
465330,465340,468559,10,3219,2,7200,1.00310655483
465345,465366,468138,21,2772,2,7200,1.00757575758
465695,465701,468745,6,3044,2,7200,1.00197109067
465791,465797,469136,6,3339,2,7200,1.00179694519
465974,465982,469074,8,3092,2,7200,1.00258732212
466142,466154,469134,12,2980,2,7200,1.00402684564
466242,466251,469337,9,3086,2,7200,1.00291639663
466437,466447,469538,10,3091,2,7200,1.00323519896
466951,466967,470015,16,3048,2,7200,1.00524934383
467033,467042,470261,9,3219,2,7200,1.00279589935
467066,467072,469852,6,2780,2,7200,1.00215827338
467081,467098,470429,17,3331,2,7200,1.0051035725
467902,467912,471141,10,3229,2,7200,1.00309693404
467953,467965,470880,12,2915,2,7200,1.00411663808
467968,467979,471506,11,3527,2,7200,1.00311879785
467983,468011,471817,28,3806,2,7200,1.00735680504
468041,468051,470996,10,2945,2,7200,1.00339558574
468107,468121,471568,14,3447,2,7200,1.00406150276
468140,468148,471318,8,3170,2,7200,1.00252365931
468256,468266,471464,10,3198,2,7200,1.00312695435
468554,468567,471775,13,3208,2,7200,1.00405236908
468569,468674,471873,105,3199,2,7200,1.03282275711
468746,468760,471834,14,3074,2,7200,1.00455432661
469079,469102,472063,23,2961,2,7200,1.00776764607
469133,469145,472063,12,2918,2,7200,1.00411240576
469148,469158,472063,10,2905,2,7200,1.00344234079
469342,469357,472063,15,2706,2,7200,1.00554323725
469541,469555,472063,14,2508,2,7200,1.00558213716
469609,469722,649736,113,180014,4,216000,1.00062772895
469709,506183,513397,36474,7214,20,7199,6.05600221791
469744,513409,520642,43665,7233,20,7199,7.03691414351
469803,491170,506171,21367,15001,20,43199,2.42437170855
469854,469861,472063,7,2202,2,7200,1.00317892825
469856,513782,517277,43926,3495,24,7199,13.5682403433
469913,471930,588409,2017,116479,4,216000,1.01731642614
469939,471863,493472,1924,21609,24,21599,1.08903697533
469980,476621,498235,6641,21614,24,21599,1.30725455723
470018,470041,472063,23,2022,2,7200,1.01137487636
470262,470269,472063,7,1794,2,7200,1.00390189521
470434,470441,472063,7,1622,2,7200,1.00431565968
470622,471847,471851,1225,4,32,14400,122.9
470882,470889,472063,7,1174,2,7200,1.00596252129
470996,471004,472063,8,1059,2,7200,1.00755429651
471145,471152,472063,7,911,2,7200,1.00768386389
471320,471328,472063,8,735,2,7200,1.01088435374
471465,471472,472063,7,591,2,7200,1.01184433164
471508,471517,472063,9,546,2,7200,1.01648351648
471571,471578,472063,7,485,2,7200,1.01443298969
471776,471784,472063,8,279,2,7200,1.02867383513
471818,471825,472063,7,238,2,7200,1.02941176471
471833,471840,472063,7,223,2,7200,1.03139013453
471875,471881,472063,6,182,2,7200,1.03296703297
472250,472256,472666,6,410,2,7200,1.01463414634
472252,472269,472665,17,396,2,7200,1.04292929293
472255,472279,472665,24,386,2,7200,1.0621761658
472258,472292,472665,34,373,2,7200,1.09115281501
472260,472303,472665,43,362,2,7200,1.11878453039
472263,472313,472665,50,352,2,7200,1.14204545455
472266,472324,472665,58,341,2,7200,1.17008797654
472269,472335,472665,66,330,2,7200,1.2
472271,472345,472665,74,320,2,7200,1.23125
472274,472356,472665,82,309,2,7200,1.26537216828
472277,472367,472665,90,298,2,7200,1.30201342282
472279,472377,472665,98,288,2,7200,1.34027777778
472282,472388,472665,106,277,2,7200,1.38267148014
472285,472399,472665,114,266,2,7200,1.42857142857
472288,472416,472665,128,249,2,7200,1.5140562249
472684,472691,478558,7,5867,2,14400,1.00119311403
472687,472704,479430,17,6726,2,14400,1.0025275052
472690,472714,479508,24,6794,2,14400,1.0035325287
472692,472725,479865,33,7140,2,14400,1.00462184874
472695,472736,480008,41,7272,2,14400,1.00563806381
472698,472748,480086,50,7338,2,14400,1.00681384573
472701,472758,479757,57,6999,2,14400,1.00814402057
472703,472769,479087,66,6318,2,14400,1.01044634378
472706,472780,479262,74,6482,2,14400,1.01141622956
472709,472790,479720,81,6930,2,14400,1.01168831169
472711,472801,480313,90,7512,2,14400,1.01198083067
472714,472812,479844,98,7032,2,14400,1.01393629124
472717,472823,479030,106,6207,2,14400,1.01707749315
472720,472833,479384,113,6551,2,14400,1.01724927492
472722,472844,479891,122,7047,2,14400,1.01731233149
472900,491175,491216,18275,41,4,345600,446.731707317
473702,494551,782578,20849,288027,4,288000,1.07238557496
474361,491180,491221,16819,41,4,345600,411.219512195
474435,489410,498169,14975,8759,1,288000,2.70967005366
477550,477556,477562,6,6,2,3600,1.2
477617,477624,477897,7,273,2,3600,1.02564102564
477920,477927,478010,7,83,2,3600,1.0843373494
478003,478010,478017,7,7,2,3600,1.4
478097,478103,478334,6,231,2,3600,1.02597402597
478217,478225,484117,8,5892,2,14400,1.00135777325
478347,478354,478357,7,3,2,3600,1.0
478406,478414,478476,8,62,2,3600,1.12903225806
478478,478485,478637,7,152,2,3600,1.04605263158
478663,478669,479150,6,481,2,3600,1.01247401247
478956,478963,485873,7,6910,2,14400,1.0010130246
479032,479045,485500,13,6455,2,14400,1.00201394268
479104,479110,486235,6,7125,2,14400,1.00084210526
479175,479182,479808,7,626,2,3600,1.01118210863
479191,479276,486347,85,7071,2,14400,1.01202093056
479223,479396,486964,173,7568,2,14400,1.02285940803
479385,479520,486265,135,6745,2,14400,1.0200148258
479433,479732,486416,299,6684,2,14400,1.0447336924
479510,479769,486382,259,6613,2,14400,1.03916528051
479576,479859,487349,283,7490,2,14400,1.03778371162
479714,479877,487133,163,7256,2,14400,1.02246416759
479758,479907,487348,149,7441,2,14400,1.0200241903
479866,480021,487379,155,7358,2,14400,1.02106550693
480010,480098,486871,88,6773,2,14400,1.01299276539
480088,480330,486181,242,5851,2,14400,1.0413604512
480121,480127,480302,6,175,2,3600,1.03428571429
480382,480389,480572,7,183,2,3600,1.03825136612
480586,480593,480740,7,147,2,3600,1.04761904762
480748,480755,481050,7,295,2,3600,1.02372881356
480862,501915,568852,21053,66937,10,68400,1.31451962293
481110,481117,481510,7,393,2,3600,1.01781170483
481991,481998,483759,7,1761,2,3600,1.0039750142
484120,484129,491195,9,7066,2,14400,1.00127370507
484247,493484,501903,9237,8419,16,14400,2.09716118304
485120,485512,492567,392,7055,2,14400,1.05556343019
485511,485885,492674,374,6789,2,14400,1.05508911474
485784,486196,493059,412,6863,2,14400,1.06003205595
485883,486251,493392,368,7141,2,14400,1.05153339868
486117,486278,493329,161,7051,2,14400,1.02283364062
486201,486359,492097,158,5738,2,14400,1.02753572673
486266,486394,493237,128,6843,2,14400,1.01870524624
486344,486429,493528,85,7099,2,14400,1.0119735174
486383,486885,493246,502,6361,2,14400,1.07891840906
486427,486976,493822,549,6846,2,14400,1.08019281332
486724,487150,493201,426,6051,2,14400,1.07040158651
486964,487365,494262,401,6897,2,14400,1.05814122082
487349,487370,495269,21,7899,2,14400,1.00265856438
487377,487392,495033,15,7641,2,14400,1.00196309384
490381,502423,809349,12042,306926,1,345600,1.03923421281
491198,491208,498187,10,6979,2,14400,1.00143287004
491739,491746,499344,7,7598,2,14400,1.00092129508
492100,492109,498393,9,6284,2,14400,1.00143220878
492568,492579,499235,11,6656,2,14400,1.00165264423
492878,492885,500452,7,7567,2,14400,1.00092506938
493157,493163,499733,6,6570,2,14400,1.00091324201
493203,493210,499234,7,6024,2,14400,1.00116201859
493254,493260,499443,6,6183,2,14400,1.00097040272
493330,493337,499517,7,6180,2,14400,1.00113268608
493393,493400,500129,7,6729,2,14400,1.00104027344
493529,493539,500740,10,7201,2,14400,1.00138869601
493648,493655,500746,7,7091,2,14400,1.00098716683
493908,493915,500692,7,6777,2,14400,1.00103290542
494262,494268,501257,6,6989,2,14400,1.00085849192
495036,495042,501870,6,6828,2,14400,1.00087873462
495456,498252,513770,2796,15518,16,18000,1.18017785797
495673,495680,495759,7,79,1,900,1.08860759494
495677,495686,495687,9,1,1,900,1.0
495825,495831,495912,6,81,1,900,1.07407407407
495868,495875,495877,7,2,1,900,1.0
495881,495888,495959,7,71,1,900,1.0985915493
495945,495952,495953,7,1,1,900,1.0
496271,496277,496345,6,68,1,900,1.08823529412
496437,496445,496513,8,68,1,900,1.11764705882
496560,496566,496638,6,72,1,900,1.08333333333
496770,496776,496848,6,72,1,900,1.08333333333
497210,498246,505221,1036,6975,10,86400,1.14853046595
498190,498197,504947,7,6750,2,14400,1.00103703704
498394,498401,505159,7,6758,2,14400,1.00103580941
498541,500551,500678,2010,127,1,600,16.8267716535
498977,498983,505224,6,6241,2,14400,1.00096138439
499250,499262,505859,12,6597,2,14400,1.00181900864
499346,499353,506440,7,7087,2,14400,1.000987724
499460,499471,506161,11,6690,2,14400,1.00164424514
499570,499576,506204,6,6628,2,14400,1.00090525045
499735,499745,506304,10,6559,2,14400,1.00152462266
499981,500145,506161,164,6016,2,14400,1.0272606383
500303,500463,507196,160,6733,2,14400,1.02376355265
500475,500703,506834,228,6131,2,14400,1.03718806068
500742,500751,507255,9,6504,2,14400,1.00138376384
500844,500851,507034,7,6183,2,14400,1.0011321365
501259,501269,507473,10,6204,2,14400,1.00161186331
501867,501882,508604,15,6722,2,14400,1.00223147873
504948,504954,512146,6,7192,2,14400,1.00083426029
505183,505190,505193,7,3,2,3540,1.0
505224,505230,511641,6,6411,2,14400,1.00093589144
505849,505855,513068,6,7213,2,14400,1.00083183142
505930,505940,512510,10,6570,2,14400,1.00152207002
506161,506168,511890,7,5722,2,14400,1.00122334848
506205,506211,512785,6,6574,2,14400,1.00091268634
506307,506313,512763,6,6450,2,14400,1.00093023256
506691,506698,513536,7,6838,2,14400,1.00102369114
506850,506856,513543,6,6687,2,14400,1.00089726335
507035,507041,513717,6,6676,2,14400,1.00089874176
507191,507198,507250,7,52,10,86400,1.13461538462
507197,507205,513182,8,5977,2,14400,1.00133846411
507256,507263,513674,7,6411,2,14400,1.00109187334
507376,507382,508934,6,1552,10,86400,1.00386597938
507476,507482,514723,6,7241,2,14400,1.00082861483
508257,508264,515161,7,6897,2,14400,1.00101493403
508672,508678,515029,6,6351,2,14400,1.00094473311
510842,510848,511337,6,489,10,86400,1.01226993865
511642,511651,518302,9,6651,2,14400,1.00135317997
512027,512033,519396,6,7363,2,14400,1.00081488524
512147,512153,518521,6,6368,2,14400,1.00094221106
512529,512535,519898,6,7363,2,14400,1.00081488524
512640,512647,519399,7,6752,2,14400,1.00103672986
512787,512794,519796,7,7002,2,14400,1.00099971437
513070,513076,520119,6,7043,2,14400,1.0008519097
513184,513190,520179,6,6989,2,14400,1.00085849192
513553,513559,519701,6,6142,2,14400,1.00097688049
513682,513689,521107,7,7418,2,14400,1.00094365058
513805,513811,520419,6,6608,2,14400,1.00090799031
513821,533969,538695,20148,4726,20,7199,5.26322471435
513877,522335,565540,8458,43205,20,43199,1.19576437912
513913,513919,520377,6,6458,2,14400,1.00092908021
513933,517289,538920,3356,21631,24,21599,1.15514770468
513968,520653,533958,6685,13305,24,21599,1.50244269072
514614,514621,520994,7,6373,2,14400,1.00109838381
515032,515038,522064,6,7026,2,14400,1.00085397096
515465,515472,522516,7,7044,2,14400,1.00099375355
515794,515801,515802,7,1,1,240,1.0
517132,517138,524389,6,7251,2,14400,1.00082747207
517134,517150,524033,16,6883,2,14400,1.00232456778
517137,517161,523464,24,6303,2,14400,1.00380771061
517140,517173,524144,33,6971,2,14400,1.00473389758
517143,517184,523785,41,6601,2,14400,1.00621118012
518303,518309,524837,6,6528,2,14400,1.00091911765
518522,518529,525838,7,7309,2,14400,1.00095772335
518907,518914,525291,7,6377,2,14400,1.00109769484
519352,519359,526778,7,7419,2,14400,1.00094352339
519411,519418,525869,7,6451,2,14400,1.00108510308
519736,519743,527132,7,7389,2,14400,1.00094735418
519814,520389,527625,575,7236,2,14400,1.07946379215
520121,520431,528192,310,7761,2,14400,1.03994330627
520208,520659,528104,451,7445,2,14400,1.06057756884
520379,520664,527617,285,6953,2,14400,1.04098950093
520463,521005,528142,542,7137,2,14400,1.07594227266
520995,521118,527142,123,6024,2,14400,1.02041832669
521226,522080,529064,854,6984,2,14400,1.12227949599
521858,522340,529492,482,7152,2,14400,1.06739373602
522519,522526,529262,7,6736,2,14400,1.0010391924
523328,523334,529567,6,6233,2,14400,1.00096261832
523466,523472,530498,6,7026,2,14400,1.00085397096
523712,523719,530553,7,6834,2,14400,1.00102429031
524034,524040,530576,6,6536,2,14400,1.00091799266
524145,524151,531364,6,7213,2,14400,1.00083183142
524839,524846,531610,7,6764,2,14400,1.0010348906
525841,525847,533030,6,7183,2,14400,1.00083530558
525904,525910,532091,6,6181,2,14400,1.00097071671
525933,525940,533249,7,7309,2,14400,1.00095772335
526165,526171,532364,6,6193,2,14400,1.00096883578
526733,526739,534499,6,7760,2,14400,1.00077319588
526874,526881,533322,7,6441,2,14400,1.00108678777
527023,527029,530637,6,3608,1,3600,1.00166297118
527064,527070,534033,6,6963,2,14400,1.00086169754
527147,527154,533859,7,6705,2,14400,1.00104399702
527550,527556,534044,6,6488,2,14400,1.00092478422
527634,527640,534554,6,6914,2,14400,1.00086780445
528145,528151,534966,6,6815,2,14400,1.00088041086
528328,528334,535027,6,6693,2,14400,1.00089645899
529065,529071,535958,6,6887,2,14400,1.00087120662
529391,529397,535925,6,6528,2,14400,1.00091911765
529567,529574,536199,7,6625,2,14400,1.00105660377
530087,530094,536310,7,6216,2,14400,1.00112612613
530499,530505,536873,6,6368,2,14400,1.00094221106
530577,530583,537907,6,7324,2,14400,1.00081922447
530592,530599,530607,7,8,1,1800,1.5
530742,530749,530821,7,72,1,1800,1.09722222222
530748,530755,530869,7,114,1,3600,1.06140350877
530911,530917,531026,6,109,1,3600,1.05504587156
530999,531006,531259,7,253,1,3600,1.02766798419
531020,531026,531118,6,92,1,1800,1.0652173913
531156,531162,531410,6,248,1,3600,1.02419354839
531362,531369,538713,7,7344,2,14400,1.00095315904
531484,531491,531883,7,392,1,3600,1.01785714286
531543,531549,531754,6,205,1,1800,1.02926829268
531611,531617,538007,6,6390,2,14400,1.00093896714
531638,531645,532207,7,562,1,3600,1.01245551601
532342,532348,539225,6,6877,2,14400,1.00087247346
532380,532386,532394,6,8,1,1800,1.4
532381,532398,538842,17,6444,2,14400,1.00263811297
532384,532403,532408,19,5,1,3600,2.4
532516,532522,532601,6,79,1,3600,1.07594936709
532527,532533,532572,6,39,1,1800,1.15384615385
532725,532731,532997,6,266,1,3600,1.02255639098
532772,532778,532851,6,73,1,1800,1.08219178082
532829,532836,539788,7,6952,2,14400,1.00100690449
533037,533043,533151,6,108,1,3600,1.05555555556
533240,533246,533596,6,350,1,3600,1.01714285714
533250,533256,540329,6,7073,2,14400,1.00084829634
533276,533282,533516,6,234,1,3600,1.02564102564
533316,533322,533481,6,159,1,1800,1.03773584906
533324,533330,539801,6,6471,2,14400,1.00092721372
533667,533674,540476,7,6802,2,14400,1.00102910909
533811,533817,534266,6,449,1,3600,1.01336302895
533916,533922,540836,6,6914,2,14400,1.00086780445
534021,534027,541434,6,7407,2,14400,1.00081004455
534051,534057,540054,6,5997,2,14400,1.00100050025
534086,534093,534101,7,8,1,3600,1.5
534218,534224,534365,6,141,1,3600,1.04255319149
534500,534506,534761,6,255,1,3600,1.02352941176
534556,534562,541096,6,6534,2,14400,1.00091827365
534968,534975,542125,7,7150,2,14400,1.00097902098
534994,535001,536125,7,1124,1,3600,1.00622775801
535392,535398,541426,6,6028,2,14400,1.00099535501
535961,535968,541998,7,6030,2,14400,1.00116086235
536062,536069,542542,7,6473,2,14400,1.00108141511
536311,536318,542367,7,6049,2,14400,1.00115721607
536645,536651,543273,6,6622,2,14400,1.00090607067
536666,536673,536678,7,5,1,3600,1.2
536794,536800,536878,6,78,1,3600,1.07692307692
536876,536883,543397,7,6514,2,14400,1.00107460854
537013,537019,537601,6,582,1,3600,1.01030927835
537601,537607,544412,6,6805,2,14400,1.00088170463
537860,537867,538502,7,635,1,3600,1.01102362205
538008,538014,544458,6,6444,2,14400,1.0009310987
538624,538630,538703,6,73,1,1800,1.08219178082
538678,538685,545190,7,6505,2,14400,1.00107609531
538843,538850,545471,7,6621,2,14400,1.00105724211
538928,538934,539018,6,84,1,1800,1.07142857143
539165,539171,545955,6,6784,2,14400,1.00088443396
539476,539483,539840,7,357,1,1800,1.01960784314
539792,539798,546359,6,6561,2,14400,1.00091449474
539966,539972,546948,6,6976,2,14400,1.00086009174
540329,540335,547623,6,7288,2,14400,1.00082327113
540443,540449,547277,6,6828,2,14400,1.00087873462
540527,540533,547606,6,7073,2,14400,1.00084829634
540841,540847,547728,6,6881,2,14400,1.00087196628
540937,540943,540982,6,39,1,1800,1.15384615385
541063,541069,547667,6,6598,2,14400,1.00090936647
541207,541213,541286,6,73,1,1800,1.08219178082
541331,541338,548464,7,7126,2,14400,1.00098231827
541442,541448,547907,6,6459,2,14400,1.00092893637
541866,541872,542119,6,247,1,1800,1.02429149798
541999,542005,548889,6,6884,2,14400,1.00087158629
542288,542294,549145,6,6851,2,14400,1.00087578456
542543,542549,549668,6,7119,2,14400,1.000842815
542657,542663,549469,6,6806,2,14400,1.00088157508
543276,543282,550072,6,6790,2,14400,1.00088365243
543399,543405,549513,6,6108,2,14400,1.00098231827
544459,544465,551106,6,6641,2,14400,1.00090347839
545100,545106,551470,6,6364,2,14400,1.00094280327
545235,545241,552375,6,7134,2,14400,1.00084104289
545641,545648,553387,7,7739,2,14400,1.00090450963
545786,545792,553009,6,7217,2,14400,1.00083137038
546255,546261,552671,6,6410,2,14400,1.00093603744
546689,546695,553717,6,7022,2,14400,1.00085445742
546956,546962,553775,6,6813,2,14400,1.00088066931
547278,547284,554151,6,6867,2,14400,1.00087374399
547612,547618,554151,6,6533,2,14400,1.0009184142
547669,547676,554151,7,6475,2,14400,1.00108108108
547725,547731,554151,6,6420,2,14400,1.00093457944
547908,547914,554151,6,6237,2,14400,1.00096200096
548597,548603,554151,6,5548,2,14400,1.0010814708
548892,548898,554151,6,5253,2,14400,1.00114220445
549147,549154,554151,7,4997,2,14400,1.0014008405
549466,549473,554151,7,4678,2,14400,1.00149636597
549514,549520,554151,6,4631,2,14400,1.0012956165
549842,549850,554151,8,4301,2,14400,1.00186003255
550460,550467,554151,7,3684,2,14400,1.00190010858
551193,551199,554151,6,2952,2,14400,1.00203252033
551472,551479,554151,7,2672,2,14400,1.00261976048
552152,552159,639009,7,86850,1,108000,1.00008059873
552237,552244,623108,7,70864,1,108000,1.00009878076
552331,552337,553001,6,664,1,3600,1.00903614458
552376,552382,554151,6,1769,2,14400,1.00339174675
552632,552639,554151,7,1512,2,14400,1.00462962963
552779,552786,554151,7,1365,2,14400,1.00512820513
553122,553128,554151,6,1023,2,14400,1.00586510264
553236,553244,554151,8,907,2,14400,1.00882028666
553718,553724,554151,6,427,2,14400,1.01405152225
553860,553866,554151,6,285,2,14400,1.02105263158
554411,554422,561861,11,7439,2,14400,1.00147869337
554413,554428,561459,15,7031,2,14400,1.00213340919
554415,554438,561909,23,7471,2,14400,1.00307857047
554418,554444,561702,26,7258,2,14400,1.00358225406
554420,554455,561987,35,7532,2,14400,1.00464684015
554422,554460,561197,38,6737,2,14400,1.0056404928
554425,554471,561999,46,7528,2,14400,1.00611052072
554426,554476,561728,50,7252,2,14400,1.00689464975
554429,554487,561588,58,7101,2,14400,1.00816786368
554430,554492,561828,62,7336,2,14400,1.00845147219
554433,554503,561012,70,6509,2,14400,1.01075434014
554434,554508,561227,74,6719,2,14400,1.01101354368
554437,554519,561130,82,6611,2,14400,1.01240356981
554439,554525,562244,86,7719,2,14400,1.01114133955
554441,554537,561763,96,7226,2,14400,1.01328535843
554443,554542,562032,99,7490,2,14400,1.0132176235
554445,554553,561627,108,7074,2,14400,1.01526717557
554447,554558,561229,111,6671,2,14400,1.01663918453
554450,554569,561575,119,7006,2,14400,1.01698544105
554451,554574,561856,123,7282,2,14400,1.01689096402
554454,554585,562081,131,7496,2,14400,1.01747598719
554455,554590,561312,135,6722,2,14400,1.02008330854
554458,554601,561905,143,7304,2,14400,1.01957831325
554460,554606,561984,146,7378,2,14400,1.01978856059
554462,554617,561560,155,6943,2,14400,1.02232464353
554464,554622,561494,158,6872,2,14400,1.02299185099
554466,554633,561928,167,7295,2,14400,1.02289239205
554468,554638,560775,170,6137,2,14400,1.02770083102
554471,554649,561234,178,6585,2,14400,1.02703113136
554472,554654,561113,182,6459,2,14400,1.02817773649
554475,554665,561587,190,6922,2,14400,1.02744871424
554476,554670,561565,194,6895,2,14400,1.02813633067
554479,554681,561382,202,6701,2,14400,1.03014475451
554480,554686,562216,206,7530,2,14400,1.02735723772
554483,554697,561709,214,7012,2,14400,1.0305191101
554484,554702,561765,218,7063,2,14400,1.0308650715
554487,554713,561356,226,6643,2,14400,1.03402077375
554488,554718,561445,230,6727,2,14400,1.03419057529
554491,554729,561972,238,7243,2,14400,1.03285931244
554493,554735,561426,242,6691,2,14400,1.03616798685
561014,561020,567829,6,6809,2,14400,1.00088118666
561029,561038,567713,9,6675,2,14400,1.00134831461
561067,561073,567982,6,6909,2,14400,1.00086843248
561112,561118,568039,6,6921,2,14400,1.00086692674
561175,561182,568202,7,7020,2,14400,1.000997151
561199,561205,568431,6,7226,2,14400,1.0008303349
561244,561251,568338,7,7087,2,14400,1.000987724
561246,561257,568388,11,7131,2,14400,1.00154256065
561314,561321,568402,7,7081,2,14400,1.00098856094
561356,561363,568461,7,7098,2,14400,1.00098619329
561386,561392,568347,6,6955,2,14400,1.00086268871
561428,561434,568273,6,6839,2,14400,1.00087732125
561464,561470,568397,6,6927,2,14400,1.00086617583
561496,561503,568703,7,7200,2,14400,1.00097222222
561559,561567,569085,8,7518,2,14400,1.0010641128
561575,561581,568805,6,7224,2,14400,1.00083056478
561591,561597,568973,6,7376,2,14400,1.00081344902
561593,561604,568700,11,7096,2,14400,1.00155016911
561595,561614,568471,19,6857,2,14400,1.00277089106
561597,561620,568490,23,6870,2,14400,1.00334788937
561650,561657,568736,7,7079,2,14400,1.00098884023
561665,561671,568337,6,6666,2,14400,1.00090009001
561701,561707,569175,6,7468,2,14400,1.00080342796
561716,561722,568931,6,7209,2,14400,1.00083229297
561719,561734,568810,15,7076,2,14400,1.00211984172
561734,561740,568927,6,7187,2,14400,1.00083484068
561765,561771,569521,6,7750,2,14400,1.00077419355
561780,561786,569189,6,7403,2,14400,1.00081048224
561858,561864,568718,6,6854,2,14400,1.00087540123
561873,561879,569044,6,7165,2,14400,1.00083740405
561920,561927,568991,7,7064,2,14400,1.00099093998
561935,561941,568995,6,7054,2,14400,1.00085058123
561973,561980,568842,7,6862,2,14400,1.00102011075
561988,561995,568831,7,6836,2,14400,1.00102399064
562004,562010,568921,6,6911,2,14400,1.00086818116
562034,562041,569218,7,7177,2,14400,1.00097533788
562082,562089,569410,7,7321,2,14400,1.00095615353
562157,562164,569531,7,7367,2,14400,1.00095018325
562217,562223,569579,6,7356,2,14400,1.00081566069
562244,562250,569571,6,7321,2,14400,1.00081956017
567634,567640,574608,6,6968,2,14400,1.00086107922
567715,567721,574786,6,7065,2,14400,1.0008492569
567983,567990,575368,7,7378,2,14400,1.0009487666
568040,568046,575279,6,7233,2,14400,1.00082953131
568207,568213,575639,6,7426,2,14400,1.00080797199
568276,568282,575248,6,6966,2,14400,1.00086132644
568341,568348,575282,7,6934,2,14400,1.00100951832
568355,568361,575218,6,6857,2,14400,1.00087501823
568372,568379,575808,7,7429,2,14400,1.00094225333
568390,568397,574835,7,6438,2,14400,1.00108729419
568406,568412,576011,6,7599,2,14400,1.00078957758
568433,568440,575516,7,7076,2,14400,1.00098925947
568478,568484,576065,6,7581,2,14400,1.00079145231
568493,568499,576140,6,7641,2,14400,1.00078523753
568544,568553,575826,9,7273,2,14400,1.0012374536
568568,568574,575493,6,6919,2,14400,1.00086717734
568673,568679,575381,6,6702,2,14400,1.00089525515
568696,568703,575725,7,7022,2,14400,1.00099686699
568713,568724,575054,11,6330,2,14400,1.00173775671
568728,568734,575764,6,7030,2,14400,1.00085348506
568744,568756,575933,12,7177,2,14400,1.0016720078
568807,568813,575566,6,6753,2,14400,1.000888494
568837,568843,575678,6,6835,2,14400,1.00087783467
568838,568849,576059,11,7210,2,14400,1.00152565881
568889,568895,575859,6,6964,2,14400,1.00086157381
568922,568929,576322,7,7393,2,14400,1.00094684161
568938,568949,576158,11,7209,2,14400,1.00152587044
568953,568959,575519,6,6560,2,14400,1.00091463415
568992,568999,575584,7,6585,2,14400,1.00106302202
569007,569013,576096,6,7083,2,14400,1.00084709869
569026,569033,576181,7,7148,2,14400,1.00097929491
569047,569053,575799,6,6746,2,14400,1.00088941595
569086,569093,575852,7,6759,2,14400,1.00103565616
569163,569170,576655,7,7485,2,14400,1.00093520374
569193,569200,576405,7,7205,2,14400,1.00097154754
569220,569227,576170,7,6943,2,14400,1.00100820971
569412,569419,576682,7,7263,2,14400,1.00096378907
569524,569530,576361,6,6831,2,14400,1.0008783487
569574,569581,577114,7,7533,2,14400,1.00092924466
569589,569595,576689,6,7094,2,14400,1.00084578517
573107,573113,580323,6,7210,20,7199,1.00083217753
573141,596323,603546,23182,7223,20,7199,4.20946974941
573179,575946,619165,2767,43219,20,43199,1.06402276776
573258,574847,596482,1589,21635,24,21599,1.07344580541
573558,575596,581661,2038,6065,24,7199,1.33602638087
574612,574619,582071,7,7452,2,14400,1.00093934514
574787,574793,582326,6,7533,2,14400,1.00079649542
574886,574893,582196,7,7303,2,14400,1.0009585102
574931,574938,581474,7,6536,2,14400,1.00107099143
575084,575090,582070,6,6980,2,14400,1.00085959885
575123,575130,582404,7,7274,2,14400,1.00096233159
575249,575256,582161,7,6905,2,14400,1.00101375815
575273,575280,582450,7,7170,2,14400,1.0009762901
575290,575303,583104,13,7801,2,14400,1.00166645302
575353,575359,582243,6,6884,2,14400,1.00087158629
575386,575392,582908,6,7516,2,14400,1.00079829697
575405,580367,587708,4962,7341,5,10800,1.67592970985
575443,575450,582098,7,6648,2,14400,1.00105294826
575518,575524,582016,6,6492,2,14400,1.00092421442
575533,575539,582344,6,6805,2,14400,1.00088170463
575578,576022,582939,444,6917,2,14400,1.06418967761
575579,576071,583269,492,7198,2,14400,1.06835232009
575642,576078,582946,436,6868,2,14400,1.06348281887
575681,576107,583275,426,7168,2,14400,1.05943080357
575731,576152,582825,421,6673,2,14400,1.06309006444
575764,576169,582721,405,6552,2,14400,1.06181318681
575815,576182,583326,367,7144,2,14400,1.05137178052
575830,576192,583115,362,6923,2,14400,1.05228946988
575868,576334,583648,466,7314,2,14400,1.06371342631
575883,576373,582801,490,6428,2,14400,1.07622899813
575900,576416,583594,516,7178,2,14400,1.07188631931
575936,576667,583495,731,6828,2,14400,1.10705916813
576014,576693,584164,679,7471,2,14400,1.09088475438
576062,576700,583389,638,6689,2,14400,1.09538047541
576097,577125,584040,1028,6915,2,14400,1.14866232827
576143,580334,587648,4191,7314,2,14400,1.57301066448
576175,580340,587416,4165,7076,2,14400,1.58860938383
576190,580345,587091,4155,6746,2,14400,1.61592054551
576307,580350,587595,4043,7245,2,14400,1.55804002761
576325,580356,587216,4031,6860,2,14400,1.58760932945
576397,580361,587587,3964,7226,2,14400,1.54857459175
576437,581673,588682,5236,7009,5,10800,1.74703952062
576560,581678,588843,5118,7165,5,14400,1.71430565248
576696,581683,588802,4987,7119,5,14400,1.70051973592
577323,581689,587782,4366,6093,5,10800,1.71655998687
577583,581694,589094,4111,7400,5,10800,1.55554054054
582021,582027,589379,6,7352,2,14400,1.00081610446
582073,582085,589033,12,6948,2,14400,1.00172711572
582088,582094,589246,6,7152,2,14400,1.00083892617
582121,582128,589207,7,7079,2,14400,1.00098884023
582163,582169,590100,6,7931,2,14400,1.00075652503
582198,582204,589207,6,7003,2,14400,1.00085677567
582246,582252,589308,6,7056,2,14400,1.00085034014
582345,582351,589208,6,6857,2,14400,1.00087501823
582359,582367,589445,8,7078,2,14400,1.00113026279
582425,582431,589685,6,7254,2,14400,1.00082712986
582452,582459,589809,7,7350,2,14400,1.00095238095
582635,582641,589777,6,7136,2,14400,1.00084080717
582722,582728,589666,6,6938,2,14400,1.00086480254
582751,582758,590026,7,7268,2,14400,1.00096312603
582778,582815,589708,37,6893,2,14400,1.0053677644
582826,582837,589808,11,6971,2,14400,1.00157796586
582911,582920,590311,9,7391,2,14400,1.0012176972
582956,582962,590686,6,7724,2,14400,1.00077679959
583013,583019,589942,6,6923,2,14400,1.0008666763
583121,583127,590240,6,7113,2,14400,1.00084352594
583139,583145,590382,6,7237,2,14400,1.00082907282
583251,583280,590017,29,6737,2,14400,1.00430458661
583266,583287,590132,21,6845,2,14400,1.0030679328
583329,583338,590692,9,7354,2,14400,1.00122382377
583389,583400,590650,11,7250,2,14400,1.00151724138
583497,583506,590955,9,7449,2,14400,1.00120821587
583597,583606,590734,9,7128,2,14400,1.00126262626
583873,583880,591199,7,7319,2,14400,1.00095641481
584042,584051,591078,9,7027,2,14400,1.00128077416
585219,589106,610738,3887,21632,20,21599,1.1796875
585308,587103,594208,1795,7105,2,14400,1.25263898663
585309,588426,595411,3117,6985,2,14400,1.44624194703
585311,589050,595900,3739,6850,2,14400,1.54583941606
585312,589225,596285,3913,7060,2,14400,1.55424929178
585314,589230,596156,3916,6926,2,14400,1.56540571759
585397,588421,594674,3024,6253,24,7199,1.48360786822
585488,594697,596305,9209,1608,24,7199,6.72699004975
587653,589235,596353,1582,7118,2,14400,1.22225344198
588424,588829,588830,405,1,1,25200,40.6
588424,588814,588817,390,3,1,25200,39.3
588425,589111,589491,686,380,1,25200,2.80526315789
588425,589530,589531,1105,1,1,25200,110.6
588425,589504,589505,1079,1,1,25200,108.0
588426,589555,589556,1129,1,1,25200,113.0
588426,589594,589721,1168,127,1,25200,10.1968503937
588427,589673,589985,1246,312,1,25200,4.99358974359
588427,589679,589680,1252,1,1,25200,125.3
588427,589684,589685,1257,1,1,25200,125.8
588427,589696,589712,1269,16,1,25200,80.3125
588428,589702,589769,1274,67,1,25200,20.0149253731
588428,589725,589726,1297,1,1,25200,129.8
588428,589713,589716,1285,3,1,25200,128.8
588428,589707,589850,1279,143,1,25200,9.94405594406
588429,589754,589814,1325,60,1,25200,23.0833333333
588429,589743,589744,1314,1,1,25200,131.5
588429,589730,589749,1301,19,1,25200,69.4736842105
588429,589748,589749,1319,1,1,25200,132.0
588430,589782,593775,1352,3993,1,25200,1.33859253694
588430,589766,590468,1336,702,1,25200,2.90313390313
588430,589777,589789,1347,12,1,25200,113.25
588430,589771,593292,1341,3521,1,25200,1.38085771088
588430,589759,590274,1329,515,1,25200,3.58058252427
588431,589815,589821,1384,6,1,25200,139.0
588431,589801,589802,1370,1,1,25200,137.1
588431,589789,589790,1358,1,1,25200,135.9
588432,589822,589823,1390,1,1,25200,139.1
588432,589840,589850,1408,10,1,25200,141.8
588432,589827,594321,1395,4494,1,25200,1.31041388518
588433,589845,589846,1412,1,1,25200,141.3
588433,589865,589867,1432,2,1,25200,143.4
588433,589851,589852,1418,1,1,25200,141.9
588434,589881,589903,1447,22,1,25200,66.7727272727
588434,589888,589899,1454,11,1,25200,133.181818182
588434,589876,589877,1442,1,1,25200,144.3
588434,589870,615090,1436,25220,1,25200,1.05693893735
588435,589900,589931,1465,31,1,25200,48.2580645161
588435,589914,589918,1479,4,1,25200,148.3
588436,589950,589956,1514,6,1,25200,152.0
588436,589926,589928,1490,2,1,25200,149.2
588436,589945,589974,1509,29,1,25200,53.0344827586
588437,589955,589994,1518,39,1,25200,39.9230769231
588437,589968,589969,1531,1,1,25200,153.2
588437,589963,589964,1526,1,1,25200,152.7
588437,589985,589991,1548,6,1,25200,155.4
588437,589973,589974,1536,1,1,25200,153.7
588438,590019,592084,1581,2065,1,25200,1.76561743341
588438,590014,615229,1576,25215,1,25200,1.06250247868
588438,589996,590007,1558,11,1,25200,142.636363636
588439,590048,592403,1609,2355,1,25200,1.68322717622
588439,590042,590043,1603,1,1,25200,160.4
588439,590030,590037,1591,7,1,25200,159.8
588439,590025,590026,1586,1,1,25200,158.7
588440,590053,590092,1613,39,1,25200,42.358974359
588440,590076,590078,1636,2,1,25200,163.8
588440,590058,590078,1618,20,1,25200,81.9
588440,590069,590071,1629,2,1,25200,163.1
588440,590064,590067,1624,3,1,25200,162.7
588441,590081,590648,1640,567,1,25200,3.89241622575
588441,590094,590095,1653,1,1,25200,165.4
588441,590100,590102,1659,2,1,25200,166.1
588442,590110,590113,1668,3,1,25200,167.1
588442,590117,590118,1675,1,1,25200,167.6
588442,590122,590162,1680,40,1,25200,43.0
588443,590151,590152,1708,1,1,25200,170.9
588443,590139,591579,1696,1440,1,25200,2.17777777778
588443,590157,590415,1714,258,1,25200,7.64341085271
588443,590162,590163,1719,1,1,25200,172.0
588444,590178,590179,1734,1,1,25200,173.5
588444,590185,590225,1741,40,1,25200,44.525
588445,590190,590521,1745,331,1,25200,6.27190332326
588445,590201,590222,1756,21,1,25200,84.619047619
588445,590206,590207,1761,1,1,25200,176.2
588445,590196,595592,1751,5396,1,25200,1.32449962936
588446,590263,593339,1817,3076,1,25200,1.59070221066
588446,590258,590259,1812,1,1,25200,181.3
588446,590233,590235,1787,2,1,25200,178.9
588447,590245,590247,1798,2,1,25200,180.0
588447,590274,592021,1827,1747,1,25200,2.04579278764
588447,590269,590270,1822,1,1,25200,182.3
588447,590240,590242,1793,2,1,25200,179.5
588448,590281,590282,1833,1,1,25200,183.4
588448,590286,590343,1838,57,1,25200,33.2456140351
588448,590315,591088,1867,773,1,25200,3.41526520052
588449,590304,590305,1855,1,1,25200,185.6
588449,590327,590328,1878,1,1,25200,187.9
588450,590364,590384,1914,20,1,25200,96.7
588450,590345,590373,1895,28,1,25200,68.6785714286
588450,590351,590352,1901,1,1,25200,190.2
588450,590339,590340,1889,1,1,25200,189.0
588451,590396,590397,1945,1,1,25200,194.6
588451,590391,590394,1940,3,1,25200,194.3
588451,590384,590392,1933,8,1,25200,194.1
588451,590369,590371,1918,2,1,25200,192.0
588452,590403,596089,1951,5686,1,25200,1.34312346113
588452,590416,590443,1964,27,1,25200,73.7407407407
588452,590409,590411,1957,2,1,25200,195.9
588453,590452,590515,1999,63,1,25200,32.7301587302
588453,590428,590430,1975,2,1,25200,197.7
588453,590433,590434,1980,1,1,25200,198.1
588454,590484,590487,2030,3,1,25200,203.3
588454,590464,590467,2010,3,1,25200,201.3
588455,590489,591307,2034,818,1,25200,3.48655256724
588455,590507,591528,2052,1021,1,25200,3.00979431929
588455,590502,590771,2047,269,1,25200,8.60966542751
588456,590538,615771,2082,25233,1,25200,1.0825109975
588456,590533,591725,2077,1192,1,25200,2.74244966443
588459,590742,615988,2283,25246,1,25200,1.09043016716
588459,590671,591250,2212,579,1,25200,4.82037996546
588459,590748,590750,2289,2,1,25200,229.1
588459,590666,590719,2207,53,1,25200,42.641509434
588460,590701,595476,2241,4775,1,25200,1.46931937173
588460,590706,590707,2246,1,1,25200,224.7
588460,590677,590681,2217,4,1,25200,222.1
588461,590719,615940,2258,25221,1,25200,1.08952856746
588461,590724,590726,2263,2,1,25200,226.5
588462,590760,591305,2298,545,1,25200,5.21651376147
588462,590770,590773,2308,3,1,25200,231.1
588462,590765,590766,2303,1,1,25200,230.4
588462,590776,590777,2314,1,1,25200,231.5
588463,590794,591003,2331,209,1,25200,12.1531100478
588463,590789,597913,2326,7124,1,25200,1.32650196519
588463,590783,591657,2320,874,1,25200,3.65446224256
588465,590811,592475,2346,1664,1,25200,2.40985576923
588465,590806,598063,2341,7257,1,25200,1.32258509026
588467,590971,591166,2504,195,1,25200,13.841025641
588467,590963,590964,2496,1,1,25200,249.7
588467,590976,590977,2509,1,1,25200,251.0
588468,591005,597352,2537,6347,1,25200,1.39971640145
588468,591019,591092,2551,73,1,25200,35.9452054795
588470,591098,593558,2628,2460,1,25200,2.06829268293
588470,591105,591127,2635,22,1,25200,120.772727273
588470,591093,591094,2623,1,1,25200,262.4
588471,591121,591387,2650,266,1,25200,10.962406015
588471,591128,591134,2657,6,1,25200,266.3
588471,591110,591111,2639,1,1,25200,264.0
588472,591147,591148,2675,1,1,25200,267.6
588472,591140,599263,2668,8123,1,25200,1.32845008002
588473,591181,591183,2708,2,1,25200,271.0
588473,591174,591298,2701,124,1,25200,22.7822580645
588474,591217,591788,2743,571,1,25200,5.80385288967
588474,591222,591224,2748,2,1,25200,275.0
588474,591210,591268,2736,58,1,25200,48.1724137931
588475,591250,616483,2775,25233,1,25200,1.1099750327
588476,591279,591402,2803,123,1,25200,23.7886178862
588476,591286,591784,2810,498,1,25200,6.64257028112
588476,591264,591267,2788,3,1,25200,279.1
588477,591318,591326,2841,8,1,25200,284.9
588477,591311,591885,2834,574,1,25200,5.93728222997
588478,591330,591332,2852,2,1,25200,285.4
588478,591344,592038,2866,694,1,25200,5.12968299712
588478,591349,591359,2871,10,1,25200,288.1
588479,591375,591379,2896,4,1,25200,290.0
588480,591417,591418,2937,1,1,25200,293.8
588480,591405,591406,2925,1,1,25200,292.6
588480,591410,591414,2930,4,1,25200,293.4
588481,591440,591441,2959,1,1,25200,296.0
588481,591435,591437,2954,2,1,25200,295.6
588481,591423,593698,2942,2275,1,25200,2.29318681319
588482,591460,591832,2978,372,1,25200,9.00537634409
588482,591455,591833,2973,378,1,25200,8.86507936508
588484,591570,591571,3086,1,1,25200,308.7
588484,591546,591553,3062,7,1,25200,306.9
588484,591565,592830,3081,1265,1,25200,3.43557312253
588485,591596,591597,3111,1,1,25200,311.2
588485,591619,591620,3134,1,1,25200,313.5
588485,591590,591607,3105,17,1,25200,183.647058824
588486,591633,591816,3147,183,1,25200,18.1967213115
588487,591716,591722,3229,6,1,25200,323.5
588487,591671,591690,3184,19,1,25200,168.578947368
588488,591755,591892,3267,137,1,25200,24.8467153285
588488,591737,591742,3249,5,1,25200,325.4
588488,591742,591949,3254,207,1,25200,16.7198067633
588489,591797,591812,3308,15,1,25200,221.533333333
588490,591826,592029,3336,203,1,25200,17.4334975369
588490,591804,591806,3314,2,1,25200,331.6
588490,591819,617057,3329,25238,1,25200,1.13190427134
588491,591846,604859,3355,13013,1,25200,1.25781910397
588491,591839,593229,3348,1390,1,25200,3.40863309353
588492,591857,591889,3365,32,1,25200,106.15625
588493,591897,591899,3404,2,1,25200,340.6
588493,591904,593030,3411,1126,1,25200,4.02930728242
588493,591922,591925,3429,3,1,25200,343.2
588493,591914,591949,3421,35,1,25200,98.7428571429
588494,591951,591952,3457,1,1,25200,345.8
588494,591943,591944,3449,1,1,25200,345.0
588495,591971,594486,3476,2515,1,25200,2.38210735586
588495,591965,596540,3470,4575,1,25200,1.75846994536
588495,591976,592554,3481,578,1,25200,7.02249134948
588497,592063,592064,3566,1,1,25200,356.7
588497,592058,592060,3561,2,1,25200,356.3
588497,592050,592051,3553,1,1,25200,355.4
588497,592045,592596,3548,551,1,25200,7.43920145191
588497,592038,592043,3541,5,1,25200,354.6
588498,592082,593165,3584,1083,1,25200,4.30932594645
588498,592090,594191,3592,2101,1,25200,2.70966206568
588499,592102,592104,3603,2,1,25200,360.5
588500,592130,592366,3630,236,1,25200,16.3813559322
588501,592184,592185,3683,1,1,25200,368.4
588503,592304,592305,3801,1,1,25200,380.2
588504,592361,617576,3857,25215,1,25200,1.15296450525
588504,592350,592484,3846,134,1,25200,29.7014925373
588504,592344,593743,3840,1399,1,25200,3.74481772695
588504,592339,592344,3835,5,1,25200,384.0
588504,592356,592393,3852,37,1,25200,105.108108108
588505,592373,592374,3868,1,1,25200,386.9
588505,592378,592762,3873,384,1,25200,11.0859375
588505,592391,592430,3886,39,1,25200,100.641025641
588505,592386,592418,3881,32,1,25200,122.28125
588505,592367,596671,3862,4304,1,25200,1.89730483271
588506,592402,592456,3896,54,1,25200,73.1481481481
588506,592416,592742,3910,326,1,25200,12.9938650307
588507,592449,592490,3942,41,1,25200,97.1463414634
588507,592443,593395,3936,952,1,25200,5.13445378151
588507,592436,592438,3929,2,1,25200,393.1
588507,592423,592426,3916,3,1,25200,391.9
588508,592461,592492,3953,31,1,25200,128.516129032
588508,592473,592480,3965,7,1,25200,397.2
588509,592501,592677,3992,176,1,25200,23.6818181818
588509,592508,593757,3999,1249,1,25200,4.20176140913
588509,592488,593045,3979,557,1,25200,8.14362657092
588510,592513,592802,4003,289,1,25200,14.8512110727
588510,592519,592524,4009,5,1,25200,401.4
588510,592524,592525,4014,1,1,25200,401.5
588511,592566,592617,4055,51,1,25200,80.5098039216
588511,592550,593037,4039,487,1,25200,9.29363449692
588512,592609,597900,4097,5291,1,25200,1.77433377433
588513,592634,592638,4121,4,1,25200,412.5
588513,592650,594562,4137,1912,1,25200,3.16370292887
588514,592689,592692,4175,3,1,25200,417.8
588515,592704,592706,4189,2,1,25200,419.1
588515,592718,592719,4203,1,1,25200,420.4
588515,592732,592733,4217,1,1,25200,421.8
588516,592746,592747,4230,1,1,25200,423.1
588516,592760,592766,4244,6,1,25200,425.0
588517,592780,593922,4263,1142,1,25200,4.73292469352
588517,592791,597055,4274,4264,1,25200,2.00234521576
588518,592819,592822,4301,3,1,25200,430.4
588518,592804,592823,4286,19,1,25200,226.578947368
588519,592846,593116,4327,270,1,25200,17.0259259259
588519,592854,592863,4335,9,1,25200,434.4
588519,592834,592971,4315,137,1,25200,32.496350365
588520,592859,592860,4339,1,1,25200,434.0
588521,592921,592922,4400,1,1,25200,440.1
588521,592907,592908,4386,1,1,25200,438.7
588522,592935,593023,4413,88,1,25200,51.1477272727
588523,592985,593196,4462,211,1,25200,22.1469194313
588524,593035,593141,4511,106,1,25200,43.5566037736
588525,593054,593241,4529,187,1,25200,25.2192513369
588525,593049,593055,4524,6,1,25200,453.0
588525,593062,593951,4537,889,1,25200,6.10348706412
588525,593075,601507,4550,8432,1,25200,1.53961100569
588527,593129,593533,4602,404,1,25200,12.3910891089
588527,593155,593530,4628,375,1,25200,13.3413333333
588528,593181,597483,4653,4302,1,25200,2.08158995816
588529,593226,593227,4697,1,1,25200,469.8
588529,593240,593349,4711,109,1,25200,44.2201834862
588529,593208,593213,4679,5,1,25200,468.4
588530,593260,593267,4730,7,1,25200,473.7
588530,593252,593317,4722,65,1,25200,73.6461538462
588531,593304,594121,4773,817,1,25200,6.84210526316
588531,593285,594080,4754,795,1,25200,6.97987421384
588532,593329,594192,4797,863,1,25200,6.55851680185
588532,593357,593360,4825,3,1,25200,482.8
588533,593364,593404,4831,40,1,25200,121.775
588533,593376,593401,4843,25,1,25200,194.72
588534,593424,596388,4890,2964,1,25200,2.64979757085
588534,593407,593410,4873,3,1,25200,487.6
588534,593419,594740,4885,1321,1,25200,4.69795609387
588535,593445,593497,4910,52,1,25200,95.4230769231
588537,593510,593514,4973,4,1,25200,497.7
588537,593526,593889,4989,363,1,25200,14.7438016529
588537,593542,593545,5005,3,1,25200,500.8
588538,593554,594344,5016,790,1,25200,7.34936708861
588538,593562,598161,5024,4599,1,25200,2.09241139378
588539,593591,593598,5052,7,1,25200,505.9
588539,593609,597646,5070,4037,1,25200,2.2558830815
588539,593575,593578,5036,3,1,25200,503.9
588541,593710,594434,5169,724,1,25200,8.13950276243
588542,593760,593764,5218,4,1,25200,522.2
588543,593774,593777,5231,3,1,25200,523.4
588544,593804,593828,5260,24,1,25200,220.166666667
588544,593799,599413,5255,5614,1,25200,1.93605272533
588544,593793,594043,5249,250,1,25200,21.996
588545,593856,594940,5311,1084,1,25200,5.89944649446
588545,593842,593843,5297,1,1,25200,529.8
588547,593906,599915,5359,6009,1,25200,1.89182892328
588547,593935,593938,5388,3,1,25200,539.1
588548,593950,594193,5402,243,1,25200,23.2304526749
588548,593964,594759,5416,795,1,25200,7.81257861635
588550,594055,594058,5505,3,1,25200,550.8
588550,594070,596157,5520,2087,1,25200,3.64494489698
588551,594097,594099,5546,2,1,25200,554.8
588552,594133,594213,5581,80,1,25200,70.7625
588552,594126,594222,5574,96,1,25200,59.0625
588554,594223,594226,5669,3,1,25200,567.2
588554,594211,594216,5657,5,1,25200,566.2
588554,594205,594249,5651,44,1,25200,129.431818182
588555,594230,594984,5675,754,1,25200,8.52652519894
588555,594241,594242,5686,1,1,25200,568.7
588555,594247,594248,5692,1,1,25200,569.3
588555,594253,594309,5698,56,1,25200,102.75
588556,594270,594874,5714,604,1,25200,10.4602649007
588556,594264,594265,5708,1,1,25200,570.9
588556,594277,594279,5721,2,1,25200,572.3
588556,594282,594283,5726,1,1,25200,572.7
588557,594288,594292,5731,4,1,25200,573.5
588557,594300,594301,5743,1,1,25200,574.4
588557,594293,595019,5736,726,1,25200,8.90082644628
588558,594325,594328,5767,3,1,25200,577.0
588558,594338,594344,5780,6,1,25200,578.6
588558,594318,594635,5760,317,1,25200,19.1703470032
588558,594312,594652,5754,340,1,25200,17.9235294118
588559,594345,594347,5786,2,1,25200,578.8
588559,594350,594351,5791,1,1,25200,579.2
588559,594358,594360,5799,2,1,25200,580.1
588559,594363,594366,5804,3,1,25200,580.7
588560,594396,609545,5836,15149,1,25200,1.38523994983
588560,594388,594640,5828,252,1,25200,24.126984127
588560,594371,594372,5811,1,1,25200,581.2
588560,594383,594387,5823,4,1,25200,582.7
588561,594401,594402,5840,1,1,25200,584.1
588561,594409,594410,5848,1,1,25200,584.9
588561,594423,594437,5862,14,1,25200,419.714285714
588562,594454,594598,5892,144,1,25200,41.9166666667
588562,594449,594470,5887,21,1,25200,281.333333333
588563,594498,594501,5935,3,1,25200,593.8
588563,594482,594579,5919,97,1,25200,62.0206185567
588564,594527,594604,5963,77,1,25200,78.4415584416
588565,594577,596898,6012,2321,1,25200,3.59026281775
588566,594614,605131,6048,10517,1,25200,1.57506893601
588566,594607,594608,6041,1,1,25200,604.2
588566,594619,594620,6053,1,1,25200,605.4
588566,594592,594595,6026,3,1,25200,602.9
588567,594632,594662,6065,30,1,25200,203.166666667
588567,594627,594628,6060,1,1,25200,606.1
588567,594645,595828,6078,1183,1,25200,6.13778529163
588568,594658,594666,6090,8,1,25200,609.8
588568,594664,594697,6096,33,1,25200,185.727272727
588568,594710,594713,6142,3,1,25200,614.5
588568,594671,594822,6103,151,1,25200,41.417218543
588569,594676,594677,6107,1,1,25200,610.8
588569,594689,594861,6120,172,1,25200,36.5813953488
588569,594684,594769,6115,85,1,25200,72.9411764706
588570,594725,594729,6155,4,1,25200,615.9
588570,594785,595337,6215,552,1,25200,12.259057971
588570,594716,594717,6146,1,1,25200,614.7
588571,594754,599601,6183,4847,1,25200,2.27563441304
588571,594741,595538,6170,797,1,25200,8.74153074028
588572,594771,619997,6199,25226,1,25200,1.24573852375
588573,594835,594838,6262,3,1,25200,626.5
588573,594851,595097,6278,246,1,25200,26.5203252033
588574,595149,595153,6575,4,1,25200,657.9
588574,594857,594858,6283,1,1,25200,628.4
588574,594877,594880,6303,3,1,25200,630.6
588575,594903,597117,6328,2214,1,25200,3.85817524842
588575,594891,594968,6316,77,1,25200,83.025974026
588576,594954,594959,6378,5,1,25200,638.3
588577,594985,595899,6408,914,1,25200,8.01094091904
588577,594998,595001,6421,3,1,25200,642.4
588577,594990,594993,6413,3,1,25200,641.6
588578,595003,595004,6425,1,1,25200,642.6
588578,595011,599950,6433,4939,1,25200,2.30249038267
588579,595030,595031,6451,1,1,25200,645.2
588579,595042,595125,6463,83,1,25200,78.8674698795
588579,595154,595155,6575,1,1,25200,657.6
588580,595166,595167,6586,1,1,25200,658.7
588581,595063,595343,6482,280,1,25200,24.15
588582,595113,595116,6531,3,1,25200,653.4
588582,595128,595133,6546,5,1,25200,655.1
588583,595191,596352,6608,1161,1,25200,6.69164513351
588583,595142,595154,6559,12,1,25200,547.583333333
588584,595196,595197,6612,1,1,25200,661.3
588584,595210,595211,6626,1,1,25200,662.7
588585,595238,595402,6653,164,1,25200,41.5670731707
588586,595304,595305,6718,1,1,25200,671.9
588587,595356,597501,6769,2145,1,25200,4.15571095571
588587,595349,595367,6762,18,1,25200,376.666666667
588588,595361,595362,6773,1,1,25200,677.4
588588,595381,595390,6793,9,1,25200,680.2
588589,595427,595654,6838,227,1,25200,31.1233480176
588589,595419,595485,6830,66,1,25200,104.484848485
588590,595444,595445,6854,1,1,25200,685.5
588590,595432,595433,6842,1,1,25200,684.3
588591,595469,595470,6878,1,1,25200,687.9
588592,595489,596455,6897,966,1,25200,8.1397515528
588592,595500,596012,6908,512,1,25200,14.4921875
588593,595518,595530,6925,12,1,25200,578.083333333
588593,595530,595531,6937,1,1,25200,693.8
588594,595550,596283,6956,733,1,25200,10.4897680764
588594,595563,595568,6969,5,1,25200,697.4
588595,595599,595608,7004,9,1,25200,701.3
588595,595582,595583,6987,1,1,25200,698.8
588596,595612,595613,7016,1,1,25200,701.7
588596,595607,595624,7011,17,1,25200,413.411764706
588597,595630,595631,7033,1,1,25200,703.4
588597,595638,595639,7041,1,1,25200,704.2
588597,595643,595644,7046,1,1,25200,704.7
588598,595667,595714,7069,47,1,25200,151.404255319
588598,595674,595730,7076,56,1,25200,127.357142857
588599,595697,595698,7098,1,1,25200,709.9
588600,595750,595753,7150,3,1,25200,715.3
588600,595731,595734,7131,3,1,25200,713.4
588601,595768,596069,7167,301,1,25200,24.8106312292
588601,595755,595756,7154,1,1,25200,715.5
588602,595791,597426,7189,1635,1,25200,5.39694189602
588603,595803,595804,7200,1,1,25200,720.1
588604,595846,600368,7242,4522,1,25200,2.6015037594
588607,595920,595921,7313,1,1,25200,731.4
588607,595915,595960,7308,45,1,25200,163.4
588609,595977,595980,7368,3,1,25200,737.1
588610,595996,597008,7386,1012,1,25200,8.29841897233
588611,596035,597465,7424,1430,1,25200,6.19160839161
588613,596089,596090,7476,1,1,25200,747.7
588613,596102,596103,7489,1,1,25200,749.0
588613,596115,596313,7502,198,1,25200,38.8888888889
588613,596084,596350,7471,266,1,25200,29.0864661654
588615,596170,596173,7555,3,1,25200,755.8
588616,596175,596176,7559,1,1,25200,756.0
588616,596190,596539,7574,349,1,25200,22.7020057307
588620,596315,596316,7695,1,1,25200,769.6
588620,596302,596305,7682,3,1,25200,768.5
588621,596345,596346,7724,1,1,25200,772.5
588621,596329,596691,7708,362,1,25200,22.2928176796
588621,596334,596808,7713,474,1,25200,17.2721518987
588622,596356,596357,7734,1,1,25200,773.5
588622,596374,596667,7752,293,1,25200,27.457337884
588622,596368,596414,7746,46,1,25200,169.391304348
588623,596403,596620,7780,217,1,25200,36.8525345622
588623,596385,596389,7762,4,1,25200,776.6
588624,596420,596462,7796,42,1,25200,186.619047619
588624,596409,596411,7785,2,1,25200,778.7
588625,596438,596443,7813,5,1,25200,781.8
588625,596431,597135,7806,704,1,25200,12.0880681818
588625,596444,597383,7819,939,1,25200,9.32694355698
588626,596454,596455,7828,1,1,25200,782.9
588626,596467,596663,7841,196,1,25200,41.0051020408
588627,596472,596490,7845,18,1,25200,436.833333333
588628,596495,596706,7867,211,1,25200,38.2843601896
588628,596513,596589,7885,76,1,25200,104.75
588628,596519,602082,7891,5563,1,25200,2.41847923782
588629,596536,596537,7907,1,1,25200,790.8
588629,596524,596529,7895,5,1,25200,790.0
588629,596547,596553,7918,6,1,25200,792.4
588629,596530,596811,7901,281,1,25200,29.1174377224
588629,596541,598667,7912,2126,1,25200,4.72154280339
588630,596569,596570,7939,1,1,25200,794.0
588630,596552,598419,7922,1867,1,25200,5.24317086235
588630,596558,596559,7928,1,1,25200,792.9
588630,596563,598797,7933,2234,1,25200,4.55102954342
588631,596580,596742,7949,162,1,25200,50.0679012346
588631,596575,596586,7944,11,1,25200,723.181818182
588631,596585,597954,7954,1369,1,25200,6.81008035062
591584,591701,591704,117,3,2,3540,12.0
597365,597372,604768,7,7396,2,14400,1.00094645754
597366,597378,604703,12,7325,2,14400,1.00163822526
597368,597384,604056,16,6672,2,14400,1.00239808153
597369,597389,604467,20,7078,2,14400,1.00282565697
597371,597395,604598,24,7203,2,14400,1.00333194502
597372,597400,604400,28,7000,2,14400,1.004
597374,597407,604263,33,6856,2,14400,1.00481330222
597375,597412,604874,37,7462,2,14400,1.00495845618
597377,597418,604778,41,7360,2,14400,1.00557065217
597378,597423,604309,45,6886,2,14400,1.00653499855
597380,597429,604622,49,7193,2,14400,1.00681217851
597381,597434,604866,53,7432,2,14400,1.007131324
597383,597439,604657,56,7218,2,14400,1.00775838182
597385,597445,604149,60,6704,2,14400,1.00894988067
597386,597450,604753,64,7303,2,14400,1.00876352184
597388,597456,604918,68,7462,2,14400,1.00911283838
597389,597461,604460,72,6999,2,14400,1.01028718388
597391,597467,605164,76,7697,2,14400,1.00987397687
597392,597472,604661,80,7189,2,14400,1.01112811239
597394,597477,604076,83,6599,2,14400,1.01257766328
597395,597483,604378,88,6895,2,14400,1.01276287165
597397,597488,604929,91,7441,2,14400,1.01222953904
597398,597494,605066,96,7572,2,14400,1.01267828843
597400,597499,604484,99,6985,2,14400,1.01417322835
597401,597506,604816,105,7310,2,14400,1.01436388509
597403,597511,605213,108,7702,2,14400,1.01402233186
597405,597517,604473,112,6956,2,14400,1.01610120759
597406,597522,604657,116,7135,2,14400,1.01625788367
597408,597527,605044,119,7517,2,14400,1.01583078356
600151,600158,734131,7,133973,10,136800,1.00005224933
602201,602207,602209,6,2,1,240,1.0
603989,603999,610733,10,6734,2,14400,1.00148500149
604058,604064,610600,6,6536,2,14400,1.00091799266
604079,604086,610902,7,6816,2,14400,1.00102699531
604151,604157,611221,6,7064,2,14400,1.00084937712
604384,604390,611591,6,7201,2,14400,1.00083321761
604401,604407,611421,6,7014,2,14400,1.00085543199
604461,604468,611407,7,6939,2,14400,1.00100879089
604477,604483,611885,6,7402,2,14400,1.00081059173
604478,604489,611192,11,6703,2,14400,1.00164105624
604479,604495,611592,16,7097,2,14400,1.00225447372
604494,604501,611113,7,6612,2,14400,1.00105868119
604599,604606,611902,7,7296,2,14400,1.00095942982
604623,604629,611793,6,7164,2,14400,1.00083752094
604659,604665,611474,6,6809,2,14400,1.00088118666
604661,604671,611577,10,6906,2,14400,1.00144801622
604676,604686,611728,10,7042,2,14400,1.00142005112
604677,604691,612033,14,7342,2,14400,1.00190683737
604701,604707,611904,6,7197,2,14400,1.0008336807
604755,604761,612092,6,7331,2,14400,1.00081844223
604770,604776,612093,6,7317,2,14400,1.0008200082
604785,604791,612054,6,7263,2,14400,1.00082610492
