SubmitTime,StartTime,EndTime,QueuedTime,RunTime,NodesRequested,walltime,bslowdown
47,52,549,5,497,2,7200,1.01006036217
63,70,559,7,489,2,7200,1.01431492843
64,77,490,13,413,2,7200,1.03147699758
90,96,599,6,503,2,7200,1.01192842942
136,143,696,7,553,2,7200,1.01265822785
152,158,637,6,479,2,7200,1.01252609603
238,244,738,6,494,2,7200,1.01214574899
254,260,761,6,501,2,7200,1.0119760479
300,306,817,6,511,2,7200,1.01174168297
316,322,840,6,518,2,7200,1.01158301158
384,390,879,6,489,2,7200,1.01226993865
424,431,970,7,539,2,7200,1.01298701299
446,453,986,7,533,2,7200,1.01313320826
462,468,1009,6,541,2,7200,1.01109057301
494,500,1029,6,529,2,7200,1.01134215501
509,515,1013,6,498,2,7200,1.01204819277
525,531,1004,6,473,2,7200,1.01268498943
553,559,1057,6,498,2,7200,1.01204819277
569,575,1086,6,511,2,7200,1.01174168297
603,610,1131,7,521,2,7200,1.01343570058
641,647,1144,6,497,2,7200,1.01207243461
699,706,1247,7,541,2,7200,1.01293900185
740,746,1247,6,501,2,7200,1.0119760479
765,771,1284,6,513,2,7200,1.01169590643
820,827,1339,7,512,2,7200,1.013671875
843,849,1344,6,495,2,7200,1.01212121212
883,889,1428,6,539,2,7200,1.01113172542
972,978,1428,6,450,2,7200,1.01333333333
988,994,1497,6,503,2,7200,1.01192842942
1007,1013,1470,6,457,2,7200,1.01312910284
1023,1029,1491,6,462,2,7200,1.01298701299
1025,1036,1548,11,512,2,7200,1.021484375
1041,1047,1554,6,507,2,7200,1.01183431953
1060,1066,1539,6,473,2,7200,1.01268498943
1088,1094,1588,6,494,2,7200,1.01214574899
1134,1140,1634,6,494,2,7200,1.01214574899
1150,1156,1562,6,406,2,7200,1.01477832512
1249,1256,1805,7,549,2,7200,1.01275045537
1251,1262,1658,11,396,2,7200,1.02777777778
1285,1291,1770,6,479,2,7200,1.01252609603
1341,1347,1837,6,490,2,7200,1.01224489796
1357,1363,1852,6,489,2,7200,1.01226993865
1388,18878,36244,17490,17366,32,28800,2.00714038927
1431,1437,1916,6,479,2,7200,1.01252609603
1432,1443,1937,11,494,2,7200,1.02226720648
1473,1479,1957,6,478,2,7200,1.01255230126
1495,1501,2006,6,505,2,7200,1.01188118812
1510,1517,2027,7,510,2,7200,1.0137254902
1542,1548,1988,6,440,2,7200,1.01363636364
1558,1564,2037,6,473,2,7200,1.01268498943
1560,1571,2016,11,445,2,7200,1.02471910112
1575,1582,2087,7,505,2,7200,1.01386138614
1591,1598,2115,7,517,2,7200,1.01353965184
1638,1644,2120,6,476,2,7200,1.01260504202
1660,1667,2162,7,495,2,7200,1.01414141414
1774,1780,2275,6,495,2,7200,1.01212121212
1809,1815,2291,6,476,2,7200,1.01260504202
1840,1847,2435,7,588,2,7200,1.0119047619
1856,1862,2434,6,572,2,7200,1.01048951049
1921,1928,2442,7,514,2,7200,1.01361867704
1940,1947,2435,7,488,2,7200,1.0143442623
1959,1966,2465,7,499,2,7200,1.01402805611
1991,1998,2554,7,556,2,7200,1.01258992806
2010,2016,2475,6,459,2,7200,1.01307189542
2026,2032,2516,6,484,2,7200,1.01239669421
2042,2048,2558,6,510,2,7200,1.01176470588
2044,2055,2587,11,532,2,7200,1.02067669173
2090,2096,2600,6,504,2,7200,1.0119047619
2119,2125,2771,6,646,2,7200,1.0092879257
2134,2141,2750,7,609,2,7200,1.01149425287
2166,2172,2768,6,596,2,7200,1.01006711409
2277,2283,2778,6,495,2,7200,1.01212121212
2293,2299,2934,6,635,2,7200,1.0094488189
2437,2443,2958,6,515,2,7200,1.01165048544
2439,2450,2940,11,490,2,7200,1.02244897959
2440,2455,2940,15,485,2,7200,1.03092783505
2456,2462,3005,6,543,2,7200,1.01104972376
2472,2478,2936,6,458,2,7200,1.01310043668
2488,2494,2996,6,502,2,7200,1.01195219124
2519,2525,3005,6,480,2,7200,1.0125
2556,2562,3076,6,514,2,7200,1.01167315175
2572,2578,3096,6,518,2,7200,1.01158301158
2591,2598,3097,7,499,2,7200,1.01402805611
2607,2613,3078,6,465,2,7200,1.01290322581
2752,2758,3281,6,523,2,7200,1.01147227533
2771,2777,3220,6,443,2,7200,1.01354401806
2787,2793,3178,6,385,2,7200,1.01558441558
2789,2800,3309,11,509,2,7200,1.02161100196
2936,2943,3439,7,496,2,7200,1.01411290323
2937,2950,3303,13,353,2,7200,1.03682719547
2953,2960,3462,7,502,2,7200,1.01394422311
2955,2966,3487,11,521,2,7200,1.02111324376
2971,2977,3491,6,514,2,7200,1.01167315175
2999,3005,3461,6,456,2,7200,1.01315789474
3015,3022,3532,7,510,2,7200,1.0137254902
3017,3029,3539,12,510,2,7200,1.02352941176
3079,3086,3553,7,467,2,7200,1.01498929336
3080,3092,3629,12,537,2,7200,1.02234636872
3100,3106,3617,6,511,2,7200,1.01174168297
3102,3113,3607,11,494,2,7200,1.02226720648
3182,3188,3680,6,492,2,7200,1.01219512195
3223,3229,3744,6,515,2,7200,1.01165048544
3284,3290,3799,6,509,2,7200,1.01178781925
3307,3313,3821,6,508,2,7200,1.01181102362
3322,3329,3836,7,507,2,7200,1.01380670611
3442,3448,3931,6,483,2,7200,1.01242236025
3464,3470,3964,6,494,2,7200,1.01214574899
3466,3477,3945,11,468,2,7200,1.0235042735
3491,3498,4003,7,505,2,7200,1.01386138614
3493,3504,4059,11,555,2,7200,1.01981981982
3534,3540,4058,6,518,2,7200,1.01158301158
3550,3556,4092,6,536,2,7200,1.01119402985
3565,3572,4034,7,462,2,7200,1.01515151515
3609,3615,4099,6,484,2,7200,1.01239669421
3625,3631,4141,6,510,2,7200,1.01176470588
3640,3647,4169,7,522,2,7200,1.01340996169
3684,3690,4192,6,502,2,7200,1.01195219124
3746,3753,4250,7,497,2,7200,1.01408450704
3801,3807,4310,6,503,2,7200,1.01192842942
3823,3830,4217,7,387,2,7200,1.0180878553
3839,3845,4378,6,533,2,7200,1.01125703565
3931,3937,4448,6,511,2,7200,1.01174168297
3947,3953,4432,6,479,2,7200,1.01252609603
3966,3972,4500,6,528,2,7200,1.01136363636
4007,4013,4546,6,533,2,7200,1.01125703565
4038,4044,4541,6,497,2,7200,1.01207243461
4060,4066,4561,6,495,2,7200,1.01212121212
4062,4072,4584,10,512,2,7200,1.01953125
4096,4102,4611,6,509,2,7200,1.01178781925
4112,4118,4653,6,535,2,7200,1.01121495327
4143,4149,4637,6,488,2,7200,1.01229508197
4172,4178,4653,6,475,2,7200,1.01263157895
4194,4200,4709,6,509,2,7200,1.01178781925
4219,4225,4732,6,507,2,7200,1.01183431953
4253,4259,4767,6,508,2,7200,1.01181102362
4315,4321,4842,6,521,2,7200,1.01151631478
4380,4386,4939,6,553,2,7200,1.01084990958
4436,4442,4963,6,521,2,7200,1.01151631478
4452,4458,4964,6,506,2,7200,1.01185770751
4501,4507,4978,6,471,2,7200,1.0127388535
4545,4551,5084,6,533,2,7200,1.01125703565
4561,4567,5067,6,500,2,7200,1.012
4577,4583,5078,6,495,2,7200,1.01212121212
4593,4599,5105,6,506,2,7200,1.01185770751
4615,4621,5179,6,558,2,7200,1.01075268817
4640,4646,5183,6,537,2,7200,1.01117318436
4656,4663,5219,7,556,2,7200,1.01258992806
4658,4669,5166,11,497,2,7200,1.02213279678
4713,4720,5211,7,491,2,7200,1.01425661914
4736,4743,5215,7,472,2,7200,1.01483050847
4770,4776,5297,6,521,2,7200,1.01151631478
4844,4850,5356,6,506,2,7200,1.01185770751
4942,4948,5474,6,526,2,7200,1.01140684411
4968,4975,5481,7,506,2,7200,1.01383399209
4969,4981,5510,12,529,2,7200,1.02268431002
4985,4993,5523,8,530,2,7200,1.01509433962
5068,5074,5557,6,483,2,7200,1.01242236025
5084,5091,5583,7,492,2,7200,1.01422764228
5100,5106,5585,6,479,2,7200,1.01252609603
5116,5123,5626,7,503,2,7200,1.01391650099
5169,5175,5694,6,519,2,7200,1.01156069364
5185,5191,5661,6,470,2,7200,1.01276595745
5186,5197,5747,11,550,2,7200,1.02
5215,5221,5714,6,493,2,7200,1.0121703854
5231,5238,5767,7,529,2,7200,1.01323251418
5233,5244,5754,11,510,2,7200,1.02156862745
5301,5307,5810,6,503,2,7200,1.01192842942
5359,5366,5922,7,556,2,7200,1.01258992806
5476,5482,5982,6,500,2,7200,1.012
5492,5498,6000,6,502,2,7200,1.01195219124
5514,5521,5942,7,421,2,7200,1.01662707838
5530,5536,6095,6,559,2,7200,1.01073345259
5558,5565,6040,7,475,2,7200,1.01473684211
5587,5594,6075,7,481,2,7200,1.01455301455
5588,5601,6131,13,530,2,7200,1.02452830189
5629,5636,6184,7,548,2,7200,1.01277372263
5663,5669,6172,6,503,2,7200,1.01192842942
5698,5704,6206,6,502,2,7200,1.01195219124
5717,5723,6245,6,522,2,7200,1.01149425287
5751,5758,6276,7,518,2,7200,1.01351351351
5767,5773,6271,6,498,2,7200,1.01204819277
5783,5789,6260,6,471,2,7200,1.0127388535
5814,5821,6321,7,500,2,7200,1.014
5925,5931,6455,6,524,2,7200,1.01145038168
5944,5950,6448,6,498,2,7200,1.01204819277
5985,5991,6480,6,489,2,7200,1.01226993865
6004,6010,6493,6,483,2,7200,1.01242236025
6044,6050,6538,6,488,2,7200,1.01229508197
6079,6086,6577,7,491,2,7200,1.01425661914
6098,6104,6562,6,458,2,7200,1.01310043668
6135,6141,6661,6,520,2,7200,1.01153846154
6175,6181,6683,6,502,2,7200,1.01195219124
6191,6197,6699,6,502,2,7200,1.01195219124
6207,6213,6737,6,524,2,7200,1.01145038168
6248,6254,6737,6,483,2,7200,1.01242236025
6264,6270,6767,6,497,2,7200,1.01207243461
6280,6286,6782,6,496,2,7200,1.01209677419
6281,6293,6766,12,473,2,7200,1.02536997886
6322,6328,6805,6,477,2,7200,1.01257861635
6451,6457,6967,6,510,2,7200,1.01176470588
6467,6473,6952,6,479,2,7200,1.01252609603
6483,6489,6995,6,506,2,7200,1.01185770751
6499,6505,7006,6,501,2,7200,1.0119760479
6542,6548,7033,6,485,2,7200,1.01237113402
6564,6571,7122,7,551,2,7200,1.01270417423
6580,6587,7131,7,544,2,7200,1.01286764706
6663,6670,7181,7,511,2,7200,1.01369863014
6685,6692,7173,7,481,2,7200,1.01455301455
6701,6708,7223,7,515,2,7200,1.01359223301
6739,6745,7250,6,505,2,7200,1.01188118812
6741,6752,7270,11,518,2,7200,1.02123552124
6769,6775,7156,6,381,2,7200,1.0157480315
6771,6782,7288,11,506,2,7200,1.02173913043
6786,6793,7271,7,478,2,7200,1.01464435146
6809,6815,7315,6,500,2,7200,1.012
6956,6962,7375,6,413,2,7200,1.01452784504
6972,6978,7557,6,579,2,7200,1.0103626943
6997,7004,7453,7,449,2,7200,1.01559020045
7013,7019,7516,6,497,2,7200,1.01207243461
7035,7041,7519,6,478,2,7200,1.01255230126
7124,7131,7635,7,504,2,7200,1.01388888889
7140,7146,7650,6,504,2,7200,1.0119047619
7159,7165,7630,6,465,2,7200,1.01290322581
7175,7181,7738,6,557,2,7200,1.01077199282
7191,7197,7700,6,503,2,7200,1.01192842942
7225,7231,7772,6,541,2,7200,1.01109057301
7253,7259,7806,6,547,2,7200,1.01096892139
7273,7279,7791,6,512,2,7200,1.01171875
7274,7285,7826,11,541,2,7200,1.02033271719
7290,7296,7786,6,490,2,7200,1.01224489796
7318,7324,7861,6,537,2,7200,1.01117318436
7377,7383,7884,6,501,2,7200,1.0119760479
7457,7463,7934,6,471,2,7200,1.0127388535
7519,7525,8038,6,513,2,7200,1.01169590643
7535,7541,8060,6,519,2,7200,1.01156069364
7560,7566,8050,6,484,2,7200,1.01239669421
7634,7640,8149,6,509,2,7200,1.01178781925
7650,7657,8198,7,541,2,7200,1.01293900185
7666,7672,8189,6,517,2,7200,1.01160541586
7704,7710,8214,6,504,2,7200,1.0119047619
7741,7747,8235,6,488,2,7200,1.01229508197
7775,7781,8276,6,495,2,7200,1.01212121212
7791,7798,8202,7,404,2,7200,1.01732673267
7793,7804,8273,11,469,2,7200,1.02345415778
7809,7815,8282,6,467,2,7200,1.01284796574
7828,7834,8351,6,517,2,7200,1.01160541586
7862,7868,8361,6,493,2,7200,1.0121703854
7887,7894,8343,7,449,2,7200,1.01559020045
7937,7943,8461,6,518,2,7200,1.01158301158
8042,8048,8543,6,495,2,7200,1.01212121212
8058,8064,8594,6,530,2,7200,1.01132075472
8074,8080,8603,6,523,2,7200,1.01147227533
8150,8158,8623,8,465,2,7200,1.01720430108
8194,8200,8673,6,473,2,7200,1.01268498943
8210,8216,8736,6,520,2,7200,1.01153846154
8212,8223,8694,11,471,2,7200,1.02335456476
8227,8234,8778,7,544,2,7200,1.01286764706
8243,8249,8762,6,513,2,7200,1.01169590643
8275,8281,8711,6,430,2,7200,1.01395348837
8291,8297,8830,6,533,2,7200,1.01125703565
8292,8303,8834,11,531,2,7200,1.02071563089
8345,8352,8854,7,502,2,7200,1.01394422311
8361,8367,8868,6,501,2,7200,1.0119760479
8377,8383,8762,6,379,2,7200,1.01583113456
8463,8470,8929,7,459,2,7200,1.01525054466
8547,8553,9043,6,490,2,7200,1.01224489796
8596,8602,9093,6,491,2,7200,1.01221995927
8612,8618,9154,6,536,2,7200,1.01119402985
8628,8634,9144,6,510,2,7200,1.01176470588
8647,8654,12256,7,3602,1,3600,1.0019433648
8677,8684,9202,7,518,2,7200,1.01351351351
8697,8703,9179,6,476,2,7200,1.01260504202
8716,8722,9231,6,509,2,7200,1.01178781925
8738,8744,9268,6,524,2,7200,1.01145038168
8766,8773,9323,7,550,2,7200,1.01272727273
8768,8779,9277,11,498,2,7200,1.02208835341
8784,8790,9341,6,551,2,7200,1.0108892922
8834,8841,9331,7,490,2,7200,1.01428571429
8849,8856,9339,7,483,2,7200,1.01449275362
8865,8871,9382,6,511,2,7200,1.01174168297
8881,8887,9393,6,506,2,7200,1.01185770751
8934,8940,9431,6,491,2,7200,1.01221995927
9048,9054,9502,6,448,2,7200,1.01339285714
9097,9104,9600,7,496,2,7200,1.01411290323
9147,9153,9629,6,476,2,7200,1.01260504202
9163,9169,9673,6,504,2,7200,1.0119047619
9182,9189,9705,7,516,2,7200,1.01356589147
9204,9211,9722,7,511,2,7200,1.01369863014
9235,9242,9721,7,479,2,7200,1.01461377871
9273,9279,9834,6,555,2,7200,1.01081081081
9288,9296,9800,8,504,2,7200,1.01587301587
9326,9332,9855,6,523,2,7200,1.01147227533
9342,9348,9873,6,525,2,7200,1.01142857143
9344,9356,9901,12,545,2,7200,1.02201834862
9345,9361,9910,16,549,2,7200,1.029143898
9383,9390,9837,7,447,2,7200,1.01565995526
9400,9406,9952,6,546,2,7200,1.01098901099
9434,9440,9781,6,341,2,7200,1.01759530792
9505,9511,10079,6,568,2,7200,1.01056338028
9604,9610,10093,6,483,2,7200,1.01242236025
9632,9639,10181,7,542,2,7200,1.01291512915
9676,9682,10185,6,503,2,7200,1.01192842942
9707,9713,10230,6,517,2,7200,1.01160541586
9723,9730,10221,7,491,2,7200,1.01425661914
9725,9736,10219,11,483,2,7200,1.02277432712
9784,9791,10311,7,520,2,7200,1.01346153846
9803,9809,10330,6,521,2,7200,1.01151631478
9837,9843,10345,6,502,2,7200,1.01195219124
9853,9859,10361,6,502,2,7200,1.01195219124
9869,9875,10339,6,464,2,7200,1.01293103448
9885,9891,10354,6,463,2,7200,1.01295896328
9904,9910,10436,6,526,2,7200,1.01140684411
9920,9926,10463,6,537,2,7200,1.01117318436
9954,9960,10458,6,498,2,7200,1.01204819277
10083,10090,10608,7,518,2,7200,1.01351351351
10099,10106,10603,7,497,2,7200,1.01408450704
10183,10189,10745,6,556,2,7200,1.01079136691
10198,10205,10716,7,511,2,7200,1.01369863014
10221,10227,10738,6,511,2,7200,1.01174168297
10237,10243,10765,6,522,2,7200,1.01149425287
10239,10250,10743,11,493,2,7200,1.02231237323
10313,10319,10800,6,481,2,7200,1.01247401247
10332,10338,10829,6,491,2,7200,1.01221995927
10348,10354,10833,6,479,2,7200,1.01252609603
10350,10361,10863,11,502,2,7200,1.0219123506
10366,10373,10889,7,516,2,7200,1.01356589147
10367,10379,10908,12,529,2,7200,1.02268431002
10439,10445,10929,6,484,2,7200,1.01239669421
10461,10468,11005,7,537,2,7200,1.01303538175
10477,10483,10987,6,504,2,7200,1.0119047619
10606,10613,11142,7,529,2,7200,1.01323251418
10622,10628,11108,6,480,2,7200,1.0125
10717,10725,11230,8,505,2,7200,1.01584158416
10740,10746,11247,6,501,2,7200,1.0119760479
10756,10762,11273,6,511,2,7200,1.01174168297
10757,10768,11282,11,514,2,7200,1.02140077821
10773,10779,11309,6,530,2,7200,1.01132075472
10801,10808,11308,7,500,2,7200,1.014
10833,10839,11329,6,490,2,7200,1.01224489796
10849,10855,11352,6,497,2,7200,1.01207243461
10865,10871,11380,6,509,2,7200,1.01178781925
10893,10899,11422,6,523,2,7200,1.01147227533
10912,10918,11398,6,480,2,7200,1.0125
10931,10937,11339,6,402,2,7200,1.01492537313
10990,10996,11519,6,523,2,7200,1.01147227533
11009,11015,11545,6,530,2,7200,1.01132075472
11111,11117,11597,6,480,2,7200,1.0125
11145,11151,11698,6,547,2,7200,1.01096892139
11234,11240,11746,6,506,2,7200,1.01185770751
11250,11256,11783,6,527,2,7200,1.01138519924
11275,11282,11793,7,511,2,7200,1.01369863014
11291,11297,11813,6,516,2,7200,1.01162790698
11310,11317,11872,7,555,2,7200,1.01261261261
11312,11324,11715,12,391,2,7200,1.03069053708
11331,11337,11845,6,508,2,7200,1.01181102362
11347,11353,11843,6,490,2,7200,1.01224489796
11363,11369,11888,6,519,2,7200,1.01156069364
11382,11388,11853,6,465,2,7200,1.01290322581
11401,11407,11907,6,500,2,7200,1.012
11423,11429,11938,6,509,2,7200,1.01178781925
11522,11529,12029,7,500,2,7200,1.014
11547,11553,12060,6,507,2,7200,1.01183431953
11600,11606,12114,6,508,2,7200,1.01181102362
11701,11707,12194,6,487,2,7200,1.01232032854
11717,11723,12219,6,496,2,7200,1.01209677419
11749,11755,12273,6,518,2,7200,1.01158301158
11786,11792,12298,6,506,2,7200,1.01185770751
11802,11808,12288,6,480,2,7200,1.0125
11818,11824,12351,6,527,2,7200,1.01138519924
11847,11854,12301,7,447,2,7200,1.01565995526
11848,11860,12332,12,472,2,7200,1.02542372881
11864,11871,12397,7,526,2,7200,1.01330798479
11880,11886,12405,6,519,2,7200,1.01156069364
11896,11902,12390,6,488,2,7200,1.01229508197
11912,11918,12428,6,510,2,7200,1.01176470588
11940,11947,12503,7,556,2,7200,1.01258992806
12033,12039,12527,6,488,2,7200,1.01229508197
12064,12070,12587,6,517,2,7200,1.01160541586
12117,12123,12673,6,550,2,7200,1.01090909091
12197,12203,12709,6,506,2,7200,1.01185770751
12218,12225,12233,7,8,1,1800,1.5
12222,12232,12757,10,525,2,7200,1.01904761905
12274,12281,12807,7,526,2,7200,1.01330798479
12290,12297,12838,7,541,2,7200,1.01293900185
12307,12312,12830,5,518,2,7200,1.00965250965
12308,12319,12773,11,454,2,7200,1.02422907489
12333,12339,12910,6,571,2,7200,1.01050788091
12355,12362,12907,7,545,2,7200,1.0128440367
12367,12373,12487,6,114,1,3600,1.05263157895
12371,12380,12457,9,77,1,1800,1.11688311688
12393,12399,12895,6,496,2,7200,1.01209677419
12409,12416,12889,7,473,2,7200,1.01479915433
12411,12422,12942,11,520,2,7200,1.02115384615
12430,12436,12840,6,404,2,7200,1.01485148515
12504,12510,12988,6,478,2,7200,1.01255230126
12529,12535,13088,6,553,2,7200,1.01084990958
12582,12589,12707,7,118,1,3600,1.0593220339
12591,12597,13113,6,516,2,7200,1.01162790698
12609,12616,12878,7,262,1,3600,1.02671755725
12657,12664,12764,7,100,1,1800,1.07
12675,12682,13179,7,497,2,7200,1.01408450704
12712,12719,13236,7,517,2,7200,1.01353965184
12762,12768,13211,6,443,2,7200,1.01354401806
12778,12784,13269,6,485,2,7200,1.01237113402
12809,12816,13326,7,510,2,7200,1.0137254902
12834,12842,13376,8,534,2,7200,1.01498127341
12836,12849,13109,13,260,1,3600,1.05
12850,12858,13397,8,539,2,7200,1.01484230056
12852,12864,13368,12,504,2,7200,1.02380952381
12893,12899,13404,6,505,2,7200,1.01188118812
12909,12916,13389,7,473,2,7200,1.01479915433
12911,12923,13438,12,515,2,7200,1.02330097087
12927,12934,13352,7,418,2,7200,1.01674641148
12946,12953,13469,7,516,2,7200,1.01356589147
12993,12999,13519,6,520,2,7200,1.01153846154
13092,13099,13567,7,468,2,7200,1.01495726496
13117,13123,13644,6,521,2,7200,1.01151631478
13117,13129,13711,12,582,1,3600,1.0206185567
13182,13189,13705,7,516,2,7200,1.01356589147
13213,13220,13707,7,487,2,7200,1.01437371663
13215,13227,13613,12,386,1,1800,1.0310880829
13239,13246,13723,7,477,2,7200,1.01467505241
13273,13280,13811,7,531,2,7200,1.0131826742
13329,13335,13753,6,418,2,7200,1.01435406699
13342,13348,13918,6,570,1,3600,1.01052631579
13354,13360,13709,6,349,2,7200,1.01719197708
13370,13376,13881,6,505,2,7200,1.01188118812
13386,13392,13914,6,522,2,7200,1.01149425287
13402,13408,13918,6,510,2,7200,1.01176470588
13404,13414,13832,10,418,2,7200,1.02392344498
13420,13426,13906,6,480,2,7200,1.0125
13442,13448,13952,6,504,2,7200,1.0119047619
13473,13479,13970,6,491,2,7200,1.01221995927
13523,13529,14001,6,472,2,7200,1.01271186441
13569,13575,14095,6,520,2,7200,1.01153846154
13647,13654,14152,7,498,2,7200,1.0140562249
13709,13715,14212,6,497,2,7200,1.01207243461
13711,13722,14227,11,505,2,7200,1.02178217822
13712,13727,14218,15,491,2,7200,1.03054989817
13729,13734,14216,5,482,2,7200,1.01037344398
13757,13763,14234,6,471,2,7200,1.0127388535
13812,13818,14294,6,476,2,7200,1.01260504202
13834,13840,14351,6,511,2,7200,1.01174168297
13884,13890,14339,6,449,2,7200,1.01336302895
13909,13915,14421,6,506,2,7200,1.01185770751
13925,13936,14446,11,510,2,7200,1.02156862745
13927,13942,14431,15,489,2,7200,1.03067484663
13955,13962,14481,7,519,2,7200,1.01348747592
13975,13981,14502,6,521,2,7200,1.01151631478
14003,14009,14450,6,441,2,7200,1.01360544218
14098,14104,14609,6,505,2,7200,1.01188118812
14154,14160,14665,6,505,2,7200,1.01188118812
14216,14222,14709,6,487,2,7200,1.01232032854
14217,14229,14234,12,5,1,3600,1.7
14233,14240,14759,7,519,2,7200,1.01348747592
14235,14246,14744,11,498,2,7200,1.02208835341
14236,14252,14746,16,494,2,7200,1.03238866397
14242,14263,14270,21,7,1,1800,2.8
14252,14258,14757,6,499,2,7200,1.0120240481
14299,14305,14789,6,484,2,7200,1.01239669421
14337,14343,14424,6,81,1,3600,1.07407407407
14342,14350,14836,8,486,2,7200,1.01646090535
14358,14364,14863,6,499,2,7200,1.0120240481
14409,14415,14453,6,38,1,1800,1.15789473684
14423,14429,14972,6,543,2,7200,1.01104972376
14439,14446,14933,7,487,2,7200,1.01437371663
14455,14461,14978,6,517,2,7200,1.01160541586
14456,14467,14992,11,525,2,7200,1.02095238095
14485,14491,14989,6,498,2,7200,1.01204819277
14504,14510,14983,6,473,2,7200,1.01268498943
14557,14563,14818,6,255,1,3600,1.02352941176
14611,14617,15152,6,535,2,7200,1.01121495327
14622,14628,14702,6,74,1,1800,1.08108108108
14667,14673,15156,6,483,2,7200,1.01242236025
14714,14720,15194,6,474,2,7200,1.01265822785
14727,14735,14820,8,85,1,3600,1.09411764706
14749,14755,15300,6,545,2,7200,1.01100917431
14750,14762,15261,12,499,2,7200,1.02404809619
14766,14773,15240,7,467,2,7200,1.01498929336
14768,14779,15325,11,546,2,7200,1.02014652015
14793,14799,15208,6,409,2,7200,1.01466992665
14840,14846,15390,6,544,2,7200,1.01102941176
14865,14871,15284,6,413,2,7200,1.01452784504
14936,14942,15457,6,515,2,7200,1.01165048544
14947,14953,15193,6,240,1,3600,1.025
14977,14983,15497,6,514,2,7200,1.01167315175
14993,14999,15405,6,406,2,7200,1.01477832512
14995,15006,15414,11,408,2,7200,1.02696078431
14996,15012,15481,16,469,2,7200,1.03411513859
15003,15018,15499,15,481,2,7200,1.03118503119
15116,15122,15631,6,509,1,3600,1.01178781925
15157,15163,15681,6,518,2,7200,1.01158301158
15158,15169,15687,11,518,2,7200,1.02123552124
15196,15202,15688,6,486,2,7200,1.01234567901
15212,15218,15742,6,524,2,7200,1.01145038168
15243,15249,15740,6,491,2,7200,1.01221995927
15265,15272,15761,7,489,2,7200,1.01431492843
15288,15294,15718,6,424,2,7200,1.0141509434
15296,15303,15566,7,263,1,1800,1.02661596958
15304,15310,15854,6,544,2,7200,1.01102941176
15329,15335,15845,6,510,2,7200,1.01176470588
15388,15394,15897,6,503,2,7200,1.01192842942
15407,15413,15929,6,516,2,7200,1.01162790698
15423,15429,15978,6,549,2,7200,1.01092896175
15460,15466,16008,6,542,2,7200,1.0110701107
15477,15484,15947,7,463,1,3600,1.0151187905
15486,15492,15986,6,494,2,7200,1.01214574899
15502,15508,15898,6,390,2,7200,1.01538461538
15503,15514,16026,11,512,2,7200,1.021484375
15684,15690,16085,6,395,2,7200,1.01518987342
15700,15706,16262,6,556,2,7200,1.01079136691
15702,15712,16177,10,465,2,7200,1.02150537634
15721,15727,16247,6,520,2,7200,1.01153846154
15743,15749,16230,6,481,2,7200,1.01247401247
15745,15756,16224,11,468,2,7200,1.0235042735
15764,15771,16161,7,390,2,7200,1.01794871795
15850,15856,16346,6,490,2,7200,1.01224489796
15866,15872,16385,6,513,2,7200,1.01169590643
15900,15906,16357,6,451,2,7200,1.0133037694
15902,15913,16427,11,514,2,7200,1.02140077821
15933,15939,16407,6,468,2,7200,1.01282051282
15980,15986,16466,6,480,2,7200,1.0125
15996,16002,16494,6,492,2,7200,1.01219512195
16011,16018,16510,7,492,2,7200,1.01422764228
16031,16037,16546,6,509,2,7200,1.01178781925
16089,16096,16596,7,500,2,7200,1.014
16163,16170,16661,7,491,2,7200,1.01425661914
16179,16185,16702,6,517,2,7200,1.01160541586
16226,16232,16702,6,470,2,7200,1.01276595745
16242,16248,16729,6,481,2,7200,1.01247401247
16258,16265,16754,7,489,2,7200,1.01431492843
16274,16280,16791,6,511,2,7200,1.01174168297
16348,16354,16872,6,518,2,7200,1.01158301158
16364,16370,16881,6,511,2,7200,1.01174168297
16389,16395,16929,6,534,2,7200,1.01123595506
16411,16417,16824,6,407,2,7200,1.01474201474
16430,16436,16763,6,327,2,7200,1.01834862385
16470,16477,16972,7,495,2,7200,1.01414141414
16496,16502,16881,6,379,2,7200,1.01583113456
16512,16518,17062,6,544,2,7200,1.01102941176
16549,16556,17086,7,530,2,7200,1.01320754717
16599,16605,17151,6,546,2,7200,1.01098901099
16663,16671,17144,8,473,2,7200,1.01691331924
16704,16710,17215,6,505,2,7200,1.01188118812
16706,16717,17227,11,510,2,7200,1.02156862745
16731,16738,17244,7,506,2,7200,1.01383399209
16756,16762,17278,6,516,2,7200,1.01162790698
16772,16778,17287,6,509,2,7200,1.01178781925
16794,16801,17304,7,503,2,7200,1.01391650099
16828,16835,17321,7,486,2,7200,1.01440329218
16875,16881,17376,6,495,2,7200,1.01212121212
16891,16898,17418,7,520,2,7200,1.01346153846
16893,16905,17413,12,508,2,7200,1.02362204724
16930,16937,17428,7,491,2,7200,1.01425661914
16974,16980,17533,6,553,2,7200,1.01084990958
17066,17072,17472,6,400,2,7200,1.015
17088,17094,17591,6,497,2,7200,1.01207243461
17147,17153,17698,6,545,2,7200,1.01100917431
17163,17169,17645,6,476,2,7200,1.01260504202
17218,17224,17777,6,553,2,7200,1.01084990958
17234,17240,17749,6,509,2,7200,1.01178781925
17250,17256,17736,6,480,2,7200,1.0125
17282,17288,17762,6,474,2,7200,1.01265822785
17298,17304,17796,6,492,2,7200,1.01219512195
17313,17320,17827,7,507,2,7200,1.01380670611
17329,17335,17828,6,493,2,7200,1.0121703854
17379,17385,17937,6,552,2,7200,1.01086956522
17416,17423,17938,7,515,2,7200,1.01359223301
17432,17439,17961,7,522,2,7200,1.01340996169
17434,17445,17822,11,377,2,7200,1.02917771883
17475,17481,17993,6,512,2,7200,1.01171875
17536,17543,18011,7,468,2,7200,1.01495726496
17595,17601,18116,6,515,2,7200,1.01165048544
17648,17654,18128,6,474,2,7200,1.01265822785
17701,17708,18227,7,519,2,7200,1.01348747592
17738,17744,18248,6,504,2,7200,1.0119047619
17754,17760,18256,6,496,2,7200,1.01209677419
17770,17776,18289,6,513,2,7200,1.01169590643
17786,17792,18309,6,517,2,7200,1.01160541586
17802,17808,18385,6,577,2,7200,1.01039861352
17824,17830,18334,6,504,2,7200,1.0119047619
17840,17846,18323,6,477,2,7200,1.01257861635
17842,17852,18237,10,385,2,7200,1.02597402597
17940,17946,18451,6,505,2,7200,1.01188118812
17942,17953,18458,11,505,2,7200,1.02178217822
17964,17970,18489,6,519,2,7200,1.01156069364
17995,18002,18458,7,456,2,7200,1.01535087719
18014,18021,18514,7,493,2,7200,1.01419878296
18119,18125,18632,6,507,2,7200,1.01183431953
18135,18140,18607,5,467,2,7200,1.01070663812
18230,18236,18630,6,394,2,7200,1.0152284264
18246,18253,18727,7,474,2,7200,1.01476793249
18262,18268,18764,6,496,2,7200,1.01209677419
18264,18274,18808,10,534,2,7200,1.01872659176
18292,18298,18770,6,472,2,7200,1.01271186441
18311,18317,18804,6,487,2,7200,1.01232032854
18327,18333,18841,6,508,2,7200,1.01181102362
18343,18349,18824,6,475,2,7200,1.01263157895
18386,18393,18818,7,425,2,7200,1.01647058824
18454,18462,19015,8,553,2,7200,1.01446654611
18470,18477,18999,7,522,2,7200,1.01340996169
18472,18483,18974,11,491,2,7200,1.02240325866
18491,18497,19011,6,514,2,7200,1.01167315175
18516,18522,19041,6,519,2,7200,1.01156069364
18612,18619,19123,7,504,2,7200,1.01388888889
18634,18640,19088,6,448,2,7200,1.01339285714
18636,18647,19075,11,428,2,7200,1.02570093458
18731,18738,19270,7,532,2,7200,1.01315789474
18766,18772,19303,6,531,2,7200,1.01129943503
18782,18788,19283,6,495,2,7200,1.01212121212
18807,18813,19325,6,512,2,7200,1.01171875
18823,18830,19329,7,499,2,7200,1.01402805611
18825,18836,19195,11,359,2,7200,1.03064066852
18841,18847,19357,6,510,2,7200,1.01176470588
18843,18854,19377,11,523,2,7200,1.02103250478
18879,36256,53531,17377,17275,32,28800,2.00590448625
18978,18984,19463,6,479,2,7200,1.01252609603
19003,19009,19494,6,485,2,7200,1.01237113402
19019,19025,19584,6,559,2,7200,1.01073345259
19021,19032,19563,11,531,2,7200,1.02071563089
19043,19049,19579,6,530,2,7200,1.01132075472
19077,19083,19471,6,388,2,7200,1.01546391753
19093,19099,19613,6,514,2,7200,1.01167315175
19128,19134,19622,6,488,2,7200,1.01229508197
19199,19205,19716,6,511,2,7200,1.01174168297
19273,19280,19822,7,542,2,7200,1.01291512915
19289,19295,19745,6,450,2,7200,1.01333333333
19305,19311,19818,6,507,2,7200,1.01183431953
19327,19333,19836,6,503,2,7200,1.01192842942
19343,19349,19830,6,481,2,7200,1.01247401247
19359,19365,19860,6,495,2,7200,1.01212121212
19381,19387,19875,6,488,2,7200,1.01229508197
19468,19474,19985,6,511,2,7200,1.01174168297
19483,19490,19953,7,463,2,7200,1.0151187905
19500,19505,20022,5,517,2,7200,1.00967117988
19568,19574,20086,6,512,2,7200,1.01171875
19584,19590,20082,6,492,2,7200,1.01219512195
19600,19606,20132,6,526,2,7200,1.01140684411
19616,19622,20184,6,562,2,7200,1.01067615658
19632,19638,20167,6,529,2,7200,1.01134215501
19718,19725,20256,7,531,2,7200,1.0131826742
19750,19756,20260,6,504,2,7200,1.0119047619
19821,19827,20339,6,512,2,7200,1.01171875
19823,19834,19913,11,79,1,1800,1.13924050633
19838,19845,20262,7,417,2,7200,1.01678657074
19840,19851,20333,11,482,2,7200,1.02282157676
19841,19857,20301,16,444,2,7200,1.03603603604
19864,19871,20389,7,518,2,7200,1.01351351351
19880,19886,20398,6,512,2,7200,1.01171875
19957,19964,20442,7,478,2,7200,1.01464435146
19988,19995,20518,7,523,2,7200,1.01338432122
20026,20033,20543,7,510,2,7200,1.0137254902
20085,20092,20617,7,525,2,7200,1.01333333333
20101,20108,20628,7,520,2,7200,1.01346153846
20135,20141,20670,6,529,2,7200,1.01134215501
20140,20149,20249,9,100,1,1800,1.09
20169,20175,20669,6,494,2,7200,1.01214574899
20188,20195,20698,7,503,2,7200,1.01391650099
20260,20267,20782,7,515,2,7200,1.01359223301
20276,20282,20755,6,473,2,7200,1.01268498943
20278,20289,20801,11,512,2,7200,1.021484375
20303,20309,20857,6,548,2,7200,1.01094890511
20338,20344,20842,6,498,2,7200,1.01204819277
20353,20360,20836,7,476,2,7200,1.01470588235
20391,20398,20911,7,513,2,7200,1.01364522417
20407,20413,20902,6,489,2,7200,1.01226993865
20444,20450,20955,6,505,2,7200,1.01188118812
20521,20527,21011,6,484,2,7200,1.01239669421
20547,20553,21070,6,517,2,7200,1.01160541586
20621,20627,21120,6,493,2,7200,1.0121703854
20637,20643,21176,6,533,2,7200,1.01125703565
20671,20677,21153,6,476,2,7200,1.01260504202
20673,20685,21185,12,500,2,7200,1.024
20701,20707,21231,6,524,2,7200,1.01145038168
20711,20718,21089,7,371,1,1800,1.01886792453
20757,20763,21261,6,498,2,7200,1.01204819277
20785,20791,21227,6,436,2,7200,1.01376146789
20804,20811,21272,7,461,2,7200,1.01518438178
20839,20845,21331,6,486,2,7200,1.01234567901
20855,20862,21366,7,504,2,7200,1.01388888889
20871,20877,21331,6,454,2,7200,1.01321585903
20906,20912,21401,6,489,2,7200,1.01226993865
20922,20928,21389,6,461,2,7200,1.01301518438
20959,20965,21454,6,489,2,7200,1.01226993865
21015,21021,21532,6,511,2,7200,1.01174168297
21071,21077,21605,6,528,2,7200,1.01136363636
21124,21130,21636,6,506,2,7200,1.01185770751
21155,21162,21689,7,527,2,7200,1.01328273245
21181,21187,21663,6,476,2,7200,1.01260504202
21198,21205,21688,7,483,2,7200,1.01449275362
21237,21243,21753,6,510,2,7200,1.01176470588
21239,21249,21771,10,522,2,7200,1.01915708812
21264,21270,21769,6,499,2,7200,1.0120240481
21280,21286,21802,6,516,2,7200,1.01162790698
21333,21340,21823,7,483,2,7200,1.01449275362
21334,21347,21848,13,501,2,7200,1.02594810379
21369,21375,21875,6,500,2,7200,1.012
21391,21397,21935,6,538,2,7200,1.01115241636
21407,21413,21958,6,545,2,7200,1.01100917431
21457,21463,22008,6,545,2,7200,1.01100917431
21534,21540,22067,6,527,2,7200,1.01138519924
21608,21615,22122,7,507,2,7200,1.01380670611
21640,21646,22011,6,365,2,7200,1.01643835616
21665,21671,22179,6,508,2,7200,1.01181102362
21690,21696,22192,6,496,2,7200,1.01209677419
21692,21704,22182,12,478,2,7200,1.02510460251
21757,21763,22283,6,520,2,7200,1.01153846154
21773,21780,22161,7,381,2,7200,1.01837270341
21774,21787,22320,13,533,2,7200,1.0243902439
21806,21812,22259,6,447,2,7200,1.01342281879
21828,21834,22396,6,562,2,7200,1.01067615658
21850,21856,22345,6,489,2,7200,1.01226993865
21878,21884,22420,6,536,2,7200,1.01119402985
21937,21943,22449,6,506,2,7200,1.01185770751
21962,21969,22325,7,356,2,7200,1.01966292135
22012,22018,22506,6,488,2,7200,1.01229508197
22014,22025,22536,11,511,2,7200,1.02152641879
22069,22076,22592,7,516,2,7200,1.01356589147
22125,22131,22664,6,533,2,7200,1.01125703565
22166,22172,22561,6,389,2,7200,1.01542416452
22173,22180,22223,7,43,1,1800,1.16279069767
22182,22188,22663,6,475,2,7200,1.01263157895
22198,22205,22761,7,556,2,7200,1.01258992806
22200,22212,22773,12,561,2,7200,1.02139037433
22262,22268,22772,6,504,2,7200,1.0119047619
22287,22293,22802,6,509,2,7200,1.01178781925
22321,22329,22788,8,459,2,7200,1.0174291939
22337,22343,22842,6,499,2,7200,1.0120240481
22353,22359,22818,6,459,2,7200,1.01307189542
22400,22407,22909,7,502,2,7200,1.01394422311
22422,22429,22930,7,501,2,7200,1.01397205589
22449,22455,22538,6,83,1,1800,1.07228915663
22450,22461,22971,11,510,2,7200,1.02156862745
22509,22515,23053,6,538,2,7200,1.01115241636
22537,22548,23105,11,557,2,7200,1.0197486535
22563,22569,23104,6,535,2,7200,1.01121495327
22594,22600,23081,6,481,2,7200,1.01247401247
22665,22672,23147,7,475,2,7200,1.01473684211
22667,22680,23223,13,543,2,7200,1.02394106814
22766,22773,23272,7,499,2,7200,1.01402805611
22782,22788,23259,6,471,2,7200,1.0127388535
22784,22795,23274,11,479,2,7200,1.02296450939
22800,22806,23339,6,533,2,7200,1.01125703565
22816,22822,23324,6,502,2,7200,1.01195219124
22831,22838,23289,7,451,2,7200,1.0155210643
22847,22853,23384,6,531,2,7200,1.01129943503
22912,22918,23407,6,489,2,7200,1.01226993865
22934,22941,23446,7,505,2,7200,1.01386138614
22975,22981,23462,6,481,2,7200,1.01247401247
23055,23061,23557,6,496,2,7200,1.01209677419
23083,23089,23493,6,404,2,7200,1.01485148515
23106,23113,23609,7,496,2,7200,1.01411290323
23107,23120,23593,13,473,2,7200,1.02748414376
23132,23139,23385,7,246,1,1800,1.02845528455
23151,23157,23586,6,429,2,7200,1.01398601399
23225,23231,23649,6,418,2,7200,1.01435406699
23262,23269,23712,7,443,2,7200,1.0158013544
23279,23285,23753,6,468,2,7200,1.01282051282
23280,23291,23782,11,491,2,7200,1.02240325866
23296,23302,23807,6,505,2,7200,1.01188118812
23328,23334,23887,6,553,2,7200,1.01084990958
23343,23350,23861,7,511,2,7200,1.01369863014
23387,23393,23869,6,476,2,7200,1.01260504202
23409,23416,23897,7,481,2,7200,1.01455301455
23450,23456,23905,6,449,2,7200,1.01336302895
23466,23473,23960,7,487,2,7200,1.01437371663
23497,23504,24011,7,507,2,7200,1.01380670611
23559,23567,24078,8,511,2,7200,1.0156555773
23588,23595,24128,7,533,2,7200,1.01313320826
23604,23610,24107,6,497,2,7200,1.01207243461
23620,23626,24140,6,514,2,7200,1.01167315175
23651,23658,24162,7,504,2,7200,1.01388888889
23716,23722,24213,6,491,2,7200,1.01221995927
23757,23764,24260,7,496,2,7200,1.01411290323
23785,23791,24283,6,492,2,7200,1.01219512195
23810,23817,24334,7,517,2,7200,1.01353965184
23863,23869,24349,6,480,2,7200,1.0125
23879,23886,24394,7,508,2,7200,1.01377952756
23895,23901,24407,6,506,2,7200,1.01185770751
23911,23917,24398,6,481,2,7200,1.01247401247
23913,23923,24430,10,507,2,7200,1.01972386588
23963,23969,24526,6,557,2,7200,1.01077199282
24015,24023,24505,8,482,2,7200,1.01659751037
24080,24087,24604,7,517,2,7200,1.01353965184
24109,24115,24612,6,497,2,7200,1.01207243461
24131,24137,24629,6,492,2,7200,1.01219512195
24147,24153,24651,6,498,2,7200,1.01204819277
24166,24172,24636,6,464,2,7200,1.01293103448
24216,24222,24754,6,532,2,7200,1.01127819549
24262,24268,24794,6,526,2,7200,1.01140684411
24287,24293,24798,6,505,2,7200,1.01188118812
24337,24343,24854,6,511,2,7200,1.01174168297
24353,24359,24864,6,505,2,7200,1.01188118812
24396,24402,24923,6,521,2,7200,1.01151631478
24412,24418,24930,6,512,2,7200,1.01171875
24414,24425,24960,11,535,2,7200,1.02056074766
24433,24439,24922,6,483,2,7200,1.01242236025
24507,24513,25070,6,557,2,7200,1.01077199282
24529,24535,25069,6,534,2,7200,1.01123595506
24606,24612,25128,6,516,2,7200,1.01162790698
24622,24628,25122,6,494,2,7200,1.01214574899
24638,24644,25104,6,460,2,7200,1.01304347826
24640,24652,25125,12,473,2,7200,1.02536997886
24656,24664,25201,8,537,2,7200,1.01489757914
24757,24763,25274,6,511,2,7200,1.01174168297
24798,24804,25285,6,481,2,7200,1.01247401247
24814,24821,25349,7,528,2,7200,1.01325757576
24855,24861,25384,6,523,2,7200,1.01147227533
24871,24877,25384,6,507,2,7200,1.01183431953
24927,24934,25421,7,487,2,7200,1.01437371663
24928,24941,25456,13,515,2,7200,1.02524271845
24944,24950,25475,6,525,2,7200,1.01142857143
24963,24971,25480,8,509,2,7200,1.01571709234
25071,25078,25568,7,490,2,7200,1.01428571429
25073,25085,25602,12,517,2,7200,1.02321083172
25108,25114,25601,6,487,2,7200,1.01232032854
25124,25130,25633,6,503,2,7200,1.01192842942
25140,25146,25657,6,511,2,7200,1.01174168297
25141,25152,25636,11,484,2,7200,1.02272727273
25203,25211,25684,8,473,2,7200,1.01691331924
25278,25284,25836,6,552,2,7200,1.01086956522
25294,25300,25821,6,521,2,7200,1.01151631478
25352,25359,25882,7,523,2,7200,1.01338432122
25387,25393,25921,6,528,2,7200,1.01136363636
25389,25401,25768,12,367,2,7200,1.03269754768
25423,25430,25951,7,521,2,7200,1.01343570058
25460,25467,25967,7,500,2,7200,1.014
25476,25483,26001,7,518,2,7200,1.01351351351
25492,25498,26043,6,545,2,7200,1.01100917431
25572,25578,26119,6,541,2,7200,1.01109057301
25604,25611,26120,7,509,2,7200,1.0137524558
25605,25618,26133,13,515,2,7200,1.02524271845
25637,25643,26134,6,491,2,7200,1.01221995927
25638,25649,26139,11,490,2,7200,1.02244897959
25661,25667,26144,6,477,2,7200,1.01257861635
25686,25692,26229,6,537,2,7200,1.01117318436
25772,25778,26319,6,541,2,7200,1.01109057301
25825,25831,26339,6,508,2,7200,1.01181102362
25841,25847,26367,6,520,2,7200,1.01153846154
25885,25891,26370,6,479,2,7200,1.01252609603
25925,25931,26446,6,515,2,7200,1.01165048544
25953,25960,26462,7,502,2,7200,1.01394422311
25970,25976,26479,6,503,2,7200,1.01192842942
26004,26010,26492,6,482,2,7200,1.01244813278
26048,26054,26537,6,483,2,7200,1.01242236025
26122,26128,26598,6,470,2,7200,1.01276595745
26123,26135,26639,12,504,2,7200,1.02380952381
26140,26146,26642,6,496,2,7200,1.01209677419
26141,26152,26659,11,507,2,7200,1.02169625247
26143,26158,26660,15,502,2,7200,1.02988047809
26159,26165,26708,6,543,2,7200,1.01104972376
26233,26239,26775,6,536,2,7200,1.01119402985
26323,26329,26860,6,531,2,7200,1.01129943503
26342,26348,26868,6,520,2,7200,1.01153846154
26370,26377,26890,7,513,2,7200,1.01364522417
26386,26392,26752,6,360,2,7200,1.01666666667
26451,26457,26922,6,465,2,7200,1.01290322581
26467,26473,26959,6,486,2,7200,1.01234567901
26483,26489,26908,6,419,2,7200,1.01431980907
26499,26505,27019,6,514,2,7200,1.01167315175
26539,26546,26914,7,368,2,7200,1.01902173913
26601,26608,27120,7,512,2,7200,1.013671875
26642,26648,27140,6,492,2,7200,1.01219512195
26644,26655,27199,11,544,2,7200,1.02022058824
26663,26669,27221,6,552,2,7200,1.01086956522
26664,26676,27161,12,485,2,7200,1.02474226804
26711,26717,27225,6,508,2,7200,1.01181102362
26755,26761,27271,6,510,2,7200,1.01176470588
26777,26783,27151,6,368,2,7200,1.01630434783
26863,26871,27271,8,400,2,7200,1.02
26879,26885,27396,6,511,2,7200,1.01174168297
26895,26901,27415,6,514,2,7200,1.01167315175
26912,26919,27409,7,490,2,7200,1.01428571429
26928,26933,27449,5,516,2,7200,1.00968992248
26929,26939,27425,10,486,2,7200,1.02057613169
26964,26970,27375,6,405,2,7200,1.01481481481
27022,27030,27531,8,501,2,7200,1.01596806387
27121,27128,27618,7,490,2,7200,1.01428571429
27143,27149,27660,6,511,2,7200,1.01174168297
27160,27167,27661,7,494,2,7200,1.01417004049
27176,27182,27593,6,411,2,7200,1.01459854015
27201,27208,27709,7,501,2,7200,1.01397205589
27223,27230,27761,7,531,2,7200,1.0131826742
27239,27245,27782,6,537,2,7200,1.01117318436
27274,27281,27780,7,499,2,7200,1.01402805611
27275,27288,27800,13,512,2,7200,1.025390625
27377,27383,27881,6,498,2,7200,1.01204819277
27400,27406,27904,6,498,2,7200,1.01204819277
27416,27422,27931,6,509,2,7200,1.01178781925
27417,27428,27912,11,484,2,7200,1.02272727273
27433,27441,27909,8,468,2,7200,1.01709401709
27453,27459,27948,6,489,2,7200,1.01226993865
27533,27539,28060,6,521,2,7200,1.01151631478
27598,27605,28120,7,515,2,7200,1.01359223301
27620,27626,28105,6,479,2,7200,1.01252609603
27664,27670,28167,6,497,2,7200,1.01207243461
27666,27676,28190,10,514,2,7200,1.01945525292
27712,27718,28122,6,404,2,7200,1.01485148515
27765,27771,28277,6,506,2,7200,1.01185770751
27784,27790,28211,6,421,2,7200,1.01425178147
27786,27798,28271,12,473,2,7200,1.02536997886
27802,27808,28330,6,522,2,7200,1.01149425287
27885,27891,28424,6,533,2,7200,1.01125703565
27907,27913,28374,6,461,2,7200,1.01301518438
27923,27929,28440,6,511,2,7200,1.01174168297
27925,27935,28369,10,434,2,7200,1.02304147465
27941,27947,28283,6,336,2,7200,1.01785714286
27957,27963,28485,6,522,2,7200,1.01149425287
28064,28070,28629,6,559,2,7200,1.01073345259
28108,28114,28570,6,456,2,7200,1.01315789474
28124,28130,28644,6,514,2,7200,1.01167315175
28126,28137,28691,11,554,2,7200,1.01985559567
28169,28175,28680,6,505,2,7200,1.01188118812
28195,28201,28698,6,497,2,7200,1.01207243461
28214,28220,28698,6,478,2,7200,1.01255230126
28276,28282,28803,6,521,2,7200,1.01151631478
28292,28298,28745,6,447,2,7200,1.01342281879
28294,28305,28831,11,526,2,7200,1.02091254753
28334,28340,28817,6,477,2,7200,1.01257861635
28372,28378,28876,6,498,2,7200,1.01204819277
28388,28394,28906,6,512,2,7200,1.01171875
28428,28434,28824,6,390,2,7200,1.01538461538
28446,28453,28953,7,500,2,7200,1.014
28487,28493,28997,6,504,2,7200,1.0119047619
28573,28580,29097,7,517,2,7200,1.01353965184
28632,28638,29034,6,396,2,7200,1.01515151515
28648,28654,29158,6,504,2,7200,1.0119047619
28683,28689,29088,6,399,2,7200,1.01503759398
28699,28705,29169,6,464,2,7200,1.01293103448
28700,28711,29102,11,391,2,7200,1.02813299233
28702,28717,29218,15,501,2,7200,1.02994011976
28749,28756,29248,7,492,2,7200,1.01422764228
28808,28815,29309,7,494,2,7200,1.01417004049
28824,28830,29335,6,505,2,7200,1.01188118812
28840,28847,29388,7,541,2,7200,1.01293900185
28842,28853,29344,11,491,2,7200,1.02240325866
28879,28887,29269,8,382,2,7200,1.02094240838
28908,28914,29416,6,502,2,7200,1.01195219124
28955,28961,29455,6,494,2,7200,1.01214574899
29001,29007,29559,6,552,2,7200,1.01086956522
29036,29043,29529,7,486,2,7200,1.01440329218
29091,29098,29595,7,497,2,7200,1.01408450704
29108,29113,29614,5,501,2,7200,1.00998003992
29109,29119,29641,10,522,2,7200,1.01915708812
29162,29169,29669,7,500,2,7200,1.014
29166,29175,39678,9,10503,1,14400,1.00085689803
29178,29184,29712,6,528,2,7200,1.01136363636
29221,29229,29721,8,492,2,7200,1.0162601626
29250,29256,29765,6,509,2,7200,1.01178781925
29255,29326,29402,71,76,6,600,1.93421052632
29272,29278,29671,6,393,2,7200,1.01526717557
29313,29319,29836,6,517,2,7200,1.01160541586
29338,29344,29847,6,503,2,7200,1.01192842942
29354,29360,29905,6,545,2,7200,1.01100917431
29391,29398,29851,7,453,2,7200,1.01545253863
29420,29427,29949,7,522,2,7200,1.01340996169
29457,29465,29881,8,416,2,7200,1.01923076923
29532,29538,30045,6,507,2,7200,1.01183431953
29563,29569,30050,6,481,2,7200,1.01247401247
29598,29605,30094,7,489,2,7200,1.01431492843
29617,29623,30175,6,552,2,7200,1.01086956522
29645,29651,30100,6,449,2,7200,1.01336302895
29671,29678,30043,7,365,2,7200,1.01917808219
29687,29693,30187,6,494,2,7200,1.01214574899
29715,29722,30201,7,479,2,7200,1.01461377871
29731,29737,30265,6,528,2,7200,1.01136363636
29768,29774,30263,6,489,2,7200,1.01226993865
29817,131046,135998,101229,4952,16,86400,21.4420436187
29840,29846,30355,6,509,2,7200,1.01178781925
29856,29862,30319,6,457,2,7200,1.01312910284
29858,29869,30410,11,541,2,7200,1.02033271719
29883,29889,30415,6,526,2,7200,1.01140684411
29908,29916,30408,8,492,2,7200,1.0162601626
29952,29958,30486,6,528,2,7200,1.01136363636
30048,30054,30524,6,470,2,7200,1.01276595745
30049,30061,30492,12,431,2,7200,1.02784222738
30065,30073,30557,8,484,2,7200,1.01652892562
30097,30104,30621,7,517,2,7200,1.01353965184
30113,30119,30552,6,433,2,7200,1.01385681293
30178,30184,30705,6,521,2,7200,1.01151631478
30194,30200,30682,6,482,2,7200,1.01244813278
30210,30217,30721,7,504,2,7200,1.01388888889
30266,30272,30798,6,526,2,7200,1.01140684411
30267,30279,30787,12,508,2,7200,1.02362204724
30323,30330,30818,7,488,2,7200,1.0143442623
30358,30364,30855,6,491,2,7200,1.01221995927
30411,30418,30960,7,542,2,7200,1.01291512915
30413,30425,30905,12,480,2,7200,1.025
30429,30435,30871,6,436,2,7200,1.01376146789
30488,30494,30997,6,503,2,7200,1.01192842942
30504,30510,31001,6,491,2,7200,1.01221995927
30526,30533,31020,7,487,2,7200,1.01437371663
30554,30561,31084,7,523,2,7200,1.01338432122
30570,30577,31032,7,455,2,7200,1.01538461538
30623,30629,31130,6,501,2,7200,1.0119760479
30685,30692,31186,7,494,2,7200,1.01417004049
30707,30713,31095,6,382,2,7200,1.01570680628
30723,30729,31223,6,494,2,7200,1.01214574899
30788,30794,31354,6,560,2,7200,1.01071428571
30805,30811,31335,6,524,2,7200,1.01145038168
30821,30827,31334,6,507,2,7200,1.01183431953
30858,30864,31358,6,494,2,7200,1.01214574899
30874,30880,31383,6,503,2,7200,1.01192842942
30909,30915,31411,6,496,2,7200,1.01209677419
30964,30971,31385,7,414,2,7200,1.01690821256
30999,31006,31502,7,496,2,7200,1.01411290323
31015,31021,31414,6,393,2,7200,1.01526717557
31031,31037,31525,6,488,2,7200,1.01229508197
31047,31054,31525,7,471,2,7200,1.01486199575
31088,31094,31624,6,530,2,7200,1.01132075472
31104,31111,31599,7,488,2,7200,1.0143442623
31135,31142,31660,7,518,2,7200,1.01351351351
31188,31195,31750,7,555,2,7200,1.01261261261
31225,31233,31770,8,537,2,7200,1.01489757914
31336,31344,31826,8,482,2,7200,1.01659751037
31338,31351,31834,13,483,2,7200,1.02691511387
31357,31363,31686,6,323,2,7200,1.01857585139
31373,31380,31869,7,489,2,7200,1.01431492843
31389,31396,31878,7,482,2,7200,1.01452282158
31391,31403,31966,12,563,2,7200,1.02131438721
31413,31420,31799,7,379,2,7200,1.01846965699
31429,31436,31967,7,531,2,7200,1.0131826742
31503,31509,32012,6,503,2,7200,1.01192842942
31529,31536,32057,7,521,2,7200,1.01343570058
31531,31542,32047,11,505,2,7200,1.02178217822
31602,31608,32068,6,460,2,7200,1.01304347826
31627,31634,32088,7,454,2,7200,1.0154185022
31662,31668,32158,6,490,2,7200,1.01224489796
31690,31696,32213,6,517,2,7200,1.01160541586
31752,31759,32299,7,540,2,7200,1.01296296296
31771,31777,32281,6,504,2,7200,1.0119047619
31803,31809,32332,6,523,2,7200,1.01147227533
31828,31834,32337,6,503,2,7200,1.01192842942
31844,31850,32370,6,520,2,7200,1.01153846154
31872,31878,32377,6,499,2,7200,1.0120240481
31888,31894,32392,6,498,2,7200,1.01204819277
31971,31978,32480,7,502,2,7200,1.01394422311
31973,31984,32467,11,483,2,7200,1.02277432712
32017,32023,32460,6,437,2,7200,1.01372997712
32051,32057,32532,6,475,2,7200,1.01263157895
32067,32073,32607,6,534,2,7200,1.01123595506
32083,32089,32498,6,409,2,7200,1.01466992665
32099,32105,32604,6,499,2,7200,1.0120240481
32161,32167,32697,6,530,2,7200,1.01132075472
32216,32223,32724,7,501,2,7200,1.01397205589
32284,32290,32790,6,500,2,7200,1.012
32301,32307,32803,6,496,2,7200,1.01209677419
32335,32341,32861,6,520,2,7200,1.01153846154
32351,32358,32865,7,507,2,7200,1.01380670611
32373,32379,32909,6,530,2,7200,1.01132075472
32389,32396,32930,7,534,2,7200,1.01310861423
32405,32411,32937,6,526,2,7200,1.01140684411
32464,32470,32968,6,498,2,7200,1.01204819277
32480,32487,32921,7,434,2,7200,1.01612903226
32496,32502,33012,6,510,2,7200,1.01176470588
32512,32518,33031,6,513,2,7200,1.01169590643
32534,32540,33008,6,468,2,7200,1.01282051282
32608,32614,33142,6,528,2,7200,1.01136363636
32610,32622,33159,12,537,2,7200,1.02234636872
32699,32705,33212,6,507,2,7200,1.01183431953
32727,32734,33233,7,499,2,7200,1.01402805611
32792,32799,33314,7,515,2,7200,1.01359223301
32808,32814,33343,6,529,2,7200,1.01134215501
32864,32871,33345,7,474,2,7200,1.01476793249
32880,32887,33424,7,537,2,7200,1.01303538175
32911,32917,33358,6,441,2,7200,1.01360544218
32927,32934,33466,7,532,2,7200,1.01315789474
32944,32950,33448,6,498,2,7200,1.01204819277
32945,32957,33509,12,552,2,7200,1.02173913043
32971,32977,33486,6,509,2,7200,1.01178781925
33011,33019,33565,8,546,2,7200,1.01465201465
33027,33033,33544,6,511,2,7200,1.01174168297
33043,33049,33582,6,533,2,7200,1.01125703565
33145,33152,33643,7,491,2,7200,1.01425661914
33161,33167,33613,6,446,2,7200,1.0134529148
33214,33220,33720,6,500,2,7200,1.012
33235,33241,41968,6,8727,2,21600,1.00068752149
33236,33248,33619,12,371,2,7200,1.03234501348
33316,33323,33803,7,480,2,7200,1.01458333333
33345,33351,33869,6,518,2,7200,1.01158301158
33361,33367,33892,6,525,2,7200,1.01142857143
33362,33373,33888,11,515,2,7200,1.0213592233
33427,33433,33932,6,499,2,7200,1.0120240481
33452,33458,33945,6,487,2,7200,1.01232032854
33468,33475,33996,7,521,2,7200,1.01343570058
33490,33496,34001,6,505,2,7200,1.01188118812
33512,33518,34044,6,526,2,7200,1.01140684411
33547,33554,34014,7,460,2,7200,1.0152173913
33569,33575,33966,6,391,2,7200,1.01534526854
33585,33591,34115,6,524,2,7200,1.01145038168
33605,33611,36258,6,2647,4,5400,1.00226671704
33616,33622,34145,6,523,2,7200,1.01147227533
33632,33638,34147,6,509,2,7200,1.01178781925
33648,33654,34180,6,526,2,7200,1.01140684411
33722,33728,34228,6,500,2,7200,1.012
33805,33812,34364,7,552,2,7200,1.01268115942
33873,33880,34409,7,529,2,7200,1.01323251418
33889,33896,34424,7,528,2,7200,1.01325757576
33905,33913,34436,8,523,2,7200,1.01529636711
33937,33943,34449,6,506,2,7200,1.01185770751
33953,33959,34447,6,488,2,7200,1.01229508197
33969,33975,34506,6,531,2,7200,1.01129943503
34000,34007,34482,7,475,2,7200,1.01473684211
34016,34022,34535,6,513,2,7200,1.01169590643
34018,34028,34507,10,479,2,7200,1.02087682672
34021,106490,125483,72469,18993,20,82799,4.81556362871
34046,34052,34594,6,542,2,7200,1.0110701107
34117,34124,34657,7,533,2,7200,1.01313320826
34149,34155,34679,6,524,2,7200,1.01145038168
34151,34162,34655,11,493,2,7200,1.02231237323
34167,106496,126411,72329,19915,20,82799,4.63188551343
34182,34188,34645,6,457,2,7200,1.01312910284
34232,34238,34721,6,483,2,7200,1.01242236025
34288,106501,124870,72213,18369,20,86399,4.93124285481
34358,113098,135102,78740,22004,20,86399,4.57844028358
34367,34373,34885,6,512,2,7200,1.01171875
34409,114917,123674,80508,8757,20,86399,10.1935594382
34414,34421,34938,7,517,2,7200,1.01353965184
34430,34436,34793,6,357,2,7200,1.01680672269
34446,34453,34896,7,443,2,7200,1.0158013544
34462,34469,34978,7,509,2,7200,1.0137524558
34464,34475,34950,11,475,2,7200,1.02315789474
34486,34493,34968,7,475,2,7200,1.01473684211
34508,34515,35011,7,496,2,7200,1.01411290323
34510,34523,35060,13,537,2,7200,1.02420856611
34538,34545,35011,7,466,2,7200,1.01502145923
34597,34604,35085,7,481,2,7200,1.01455301455
34647,34654,35133,7,479,2,7200,1.01461377871
34664,34671,35173,7,502,2,7200,1.01394422311
34665,34677,35236,12,559,2,7200,1.02146690519
34681,34689,35182,8,493,2,7200,1.01622718053
34726,34733,35229,7,496,2,7200,1.01411290323
34797,34804,35305,7,501,2,7200,1.01397205589
34887,34894,35280,7,386,2,7200,1.01813471503
34903,34909,35414,6,505,2,7200,1.01188118812
34923,124741,124908,89818,167,20,7199,538.832335329
34940,34946,35360,6,414,2,7200,1.01449275362
34956,34962,35484,6,522,2,7200,1.01149425287
34972,34979,35463,7,484,2,7200,1.01446280992
34988,34994,35506,6,512,2,7200,1.01171875
35014,35020,35413,6,393,2,7200,1.01526717557
35015,35027,35520,12,493,2,7200,1.02434077079
35062,35069,35576,7,507,2,7200,1.01380670611
35087,35093,35618,6,525,2,7200,1.01142857143
35137,35144,35647,7,503,2,7200,1.01391650099
35175,35181,35717,6,536,2,7200,1.01119402985
35191,35198,35683,7,485,2,7200,1.01443298969
35231,35237,35725,6,488,2,7200,1.01229508197
35247,35253,35720,6,467,2,7200,1.01284796574
35282,35289,35774,7,485,2,7200,1.01443298969
35307,35314,35823,7,509,2,7200,1.0137524558
35363,35369,35900,6,531,2,7200,1.01129943503
35416,35423,35817,7,394,2,7200,1.01776649746
35417,35430,35851,13,421,2,7200,1.03087885986
35467,35473,35950,6,477,2,7200,1.01257861635
35486,35492,35978,6,486,2,7200,1.01234567901
35508,35514,36017,6,503,2,7200,1.01192842942
35524,35530,36041,6,511,2,7200,1.01174168297
35580,35586,36077,6,491,2,7200,1.01221995927
35620,35627,36113,7,486,2,7200,1.01440329218
35652,35658,36120,6,462,2,7200,1.01298701299
35687,35693,36187,6,494,2,7200,1.01214574899
35721,35727,36214,6,487,2,7200,1.01232032854
35723,35735,36220,12,485,2,7200,1.02474226804
35741,35747,36212,6,465,2,7200,1.01290322581
35779,35785,36277,6,492,2,7200,1.01219512195
35819,35825,36352,6,527,2,7200,1.01138519924
35835,35841,36382,6,541,2,7200,1.01109057301
35854,35860,36331,6,471,2,7200,1.0127388535
35904,35910,36419,6,509,2,7200,1.01178781925
35955,35961,36496,6,535,2,7200,1.01121495327
35980,35986,36526,6,540,2,7200,1.01111111111
36021,36027,36521,6,494,2,7200,1.01214574899
36043,36049,36595,6,546,2,7200,1.01098901099
36081,36087,36589,6,502,2,7200,1.01195219124
36115,36121,36652,6,531,2,7200,1.01129943503
36131,36137,36627,6,490,2,7200,1.01224489796
36190,36196,36557,6,361,2,7200,1.01662049861
36215,36221,36755,6,534,2,7200,1.01123595506
36216,36228,36767,12,539,2,7200,1.02226345083
36233,36239,36698,6,459,2,7200,1.01307189542
36257,131071,131072,94814,1,32,28800,9481.5
36279,36285,36741,6,456,2,7200,1.01315789474
36335,36341,36815,6,474,2,7200,1.01265822785
36354,36360,36888,6,528,2,7200,1.01136363636
36386,36392,36783,6,391,2,7200,1.01534526854
36423,36429,36964,6,535,2,7200,1.01121495327
36472,36607,96555,135,59948,4,329400,1.00225195169
36500,36506,36996,6,490,2,7200,1.01224489796
36525,36532,37020,7,488,2,7200,1.0143442623
36541,36547,37079,6,532,2,7200,1.01127819549
36561,36567,37072,6,505,2,7200,1.01188118812
36592,36598,37080,6,482,2,7200,1.01244813278
36608,36614,37157,6,543,2,7200,1.01104972376
36630,36636,37175,6,539,2,7200,1.01113172542
36655,36661,37166,6,505,2,7200,1.01188118812
36702,36708,37167,6,459,2,7200,1.01307189542
36746,36752,37230,6,478,2,7200,1.01255230126
36762,36768,37146,6,378,2,7200,1.01587301587
36777,36783,37333,6,550,2,7200,1.01090909091
36793,36800,37293,7,493,2,7200,1.01419878296
36819,36825,37355,6,530,2,7200,1.01132075472
36877,37171,46952,294,9781,6,31200,1.03005827625
36893,36899,37373,6,474,2,7200,1.01265822785
36895,46963,46979,10068,16,6,31200,630.25
36967,36973,37472,6,499,2,7200,1.0120240481
36998,37005,37498,7,493,2,7200,1.01419878296
37023,37030,37551,7,521,2,7200,1.01343570058
37076,37082,37578,6,496,2,7200,1.01209677419
37092,37099,37596,7,497,2,7200,1.01408450704
37094,37105,37475,11,370,2,7200,1.02972972973
37151,37157,37681,6,524,2,7200,1.01145038168
37169,37177,37684,8,507,2,7200,1.0157790927
37171,37184,37700,13,516,2,7200,1.02519379845
37173,37189,37678,16,489,2,7200,1.0327198364
37191,37198,37678,7,480,2,7200,1.01458333333
37232,37238,37763,6,525,2,7200,1.01142857143
37297,37303,37638,6,335,2,7200,1.01791044776
37334,37340,37875,6,535,2,7200,1.01121495327
37360,37366,37875,6,509,2,7200,1.01178781925
37376,37382,37856,6,474,2,7200,1.01265822785
37474,37480,37990,6,510,2,7200,1.01176470588
37490,37496,38055,6,559,2,7200,1.01073345259
37505,37512,38024,7,512,2,7200,1.013671875
37555,37561,38043,6,482,2,7200,1.01244813278
37580,37587,38098,7,511,2,7200,1.01369863014
37599,37606,38164,7,558,2,7200,1.01254480287
37643,37649,38129,6,480,2,7200,1.0125
37681,37687,38165,6,478,2,7200,1.01255230126
37683,37694,38199,11,505,2,7200,1.02178217822
37699,37705,38088,6,383,2,7200,1.01566579634
37701,37711,38237,10,526,2,7200,1.01901140684
37716,37723,38202,7,479,2,7200,1.01461377871
37766,37772,38269,6,497,2,7200,1.01207243461
37859,37865,38359,6,494,2,7200,1.01214574899
37878,37885,38345,7,460,2,7200,1.0152173913
37880,37892,38464,12,572,2,7200,1.02097902098
37994,38000,38496,6,496,2,7200,1.01209677419
38028,38034,38569,6,535,2,7200,1.01121495327
38047,38054,38579,7,525,2,7200,1.01333333333
38063,38069,38522,6,453,2,7200,1.01324503311
38092,38099,38601,7,502,2,7200,1.01394422311
38108,38114,38608,6,494,2,7200,1.01214574899
38133,38139,38616,6,477,2,7200,1.01257861635
38167,38174,38691,7,517,2,7200,1.01353965184
38169,38181,38681,12,500,2,7200,1.024
38204,38210,38712,6,502,2,7200,1.01195219124
38205,38217,38755,12,538,2,7200,1.02230483271
38240,38247,38771,7,524,2,7200,1.01335877863
38271,38277,38782,6,505,2,7200,1.01188118812
38303,38479,54199,176,15720,2,18000,1.01119592875
38349,38356,38853,7,497,2,7200,1.01408450704
38365,38371,38888,6,517,2,7200,1.01160541586
38466,38472,38976,6,504,2,7200,1.0119047619
38498,38504,39000,6,496,2,7200,1.01209677419
38526,38532,39047,6,515,2,7200,1.01165048544
38573,38579,39098,6,519,2,7200,1.01156069364
38588,38595,39061,7,466,2,7200,1.01502145923
38604,38611,39089,7,478,2,7200,1.01464435146
38621,38627,39158,6,531,2,7200,1.01129943503
38623,38633,38994,10,361,2,7200,1.02770083102
38684,38691,39204,7,513,2,7200,1.01364522417
38700,38706,39209,6,503,2,7200,1.01192842942
38716,38722,39213,6,491,2,7200,1.01221995927
38757,38763,39282,6,519,2,7200,1.01156069364
38776,38782,39334,6,552,2,7200,1.01086956522
38792,38798,39318,6,520,2,7200,1.01153846154
38857,38863,39389,6,526,2,7200,1.01140684411
38891,38897,39402,6,505,2,7200,1.01188118812
38977,38984,39492,7,508,2,7200,1.01377952756
38997,39003,39514,6,511,2,7200,1.01174168297
39013,39019,39554,6,535,2,7200,1.01121495327
39050,39056,39501,6,445,2,7200,1.01348314607
39066,39072,39494,6,422,2,7200,1.01421800948
39091,39097,39593,6,496,2,7200,1.01209677419
39107,39113,39585,6,472,2,7200,1.01271186441
39160,39166,39665,6,499,2,7200,1.0120240481
39206,39212,39723,6,511,2,7200,1.01174168297
39222,39228,39721,6,493,2,7200,1.0121703854
39224,39234,39755,10,521,2,7200,1.01919385797
39286,39292,39822,6,530,2,7200,1.01132075472
39320,39326,39794,6,468,2,7200,1.01282051282
39336,39342,39817,6,475,2,7200,1.01263157895
39392,39398,39870,6,472,2,7200,1.01271186441
39408,39414,39917,6,503,2,7200,1.01192842942
39494,39500,40055,6,555,2,7200,1.01081081081
39510,39516,39997,6,481,2,7200,1.01247401247
39512,39523,40042,11,519,2,7200,1.02119460501
39528,39534,40028,6,494,2,7200,1.01214574899
39556,39562,40048,6,486,2,7200,1.01234567901
39587,39594,40069,7,475,2,7200,1.01473684211
39603,39609,40104,6,495,2,7200,1.01212121212
39668,39674,40226,6,552,2,7200,1.01086956522
39724,39730,40224,6,494,2,7200,1.01214574899
39726,39738,40285,12,547,2,7200,1.02193784278
39757,39763,40212,6,449,2,7200,1.01336302895
39798,39804,40335,6,531,2,7200,1.01129943503
39820,39826,40361,6,535,2,7200,1.01121495327
39836,39842,40331,6,489,2,7200,1.01226993865
39870,39876,40296,6,420,2,7200,1.01428571429
39920,39926,40406,6,480,2,7200,1.0125
40000,40006,40518,6,512,2,7200,1.01171875
40027,41060,113087,1033,72027,16,72000,1.01434184403
40031,40039,40536,8,497,2,7200,1.01609657948
40047,40053,40553,6,500,2,7200,1.012
40063,40070,40558,7,488,2,7200,1.0143442623
40065,40076,40500,11,424,2,7200,1.02594339623
40081,40087,40540,6,453,2,7200,1.01324503311
40106,40112,40614,6,502,2,7200,1.01195219124
40135,40302,58314,167,18012,2,18000,1.00927159671
40214,40220,40747,6,527,2,7200,1.01138519924
40230,40237,40760,7,523,2,7200,1.01338432122
40232,40243,40754,11,511,2,7200,1.02152641879
40288,40294,40806,6,512,2,7200,1.01171875
40304,40310,40834,6,524,2,7200,1.01145038168
40335,40342,40771,7,429,2,7200,1.01631701632
40351,40357,40837,6,480,2,7200,1.0125
40367,40373,40862,6,489,2,7200,1.01226993865
40411,40417,40911,6,494,2,7200,1.01214574899
40503,40509,40974,6,465,2,7200,1.01290322581
40522,40529,41029,7,500,2,7200,1.014
40538,40545,41058,7,513,2,7200,1.01364522417
40557,40563,41065,6,502,2,7200,1.01195219124
40558,40569,41009,11,440,2,7200,1.025
40574,40581,41053,7,472,2,7200,1.01483050847
40615,40622,41156,7,534,2,7200,1.01310861423
40750,40757,41224,7,467,2,7200,1.01498929336
40767,40773,41311,6,538,2,7200,1.01115241636
40768,40779,41211,11,432,2,7200,1.02546296296
40784,40790,41315,6,525,2,7200,1.01142857143
40810,40816,41319,6,503,2,7200,1.01192842942
40838,40844,41344,6,500,2,7200,1.012
40840,40850,41376,10,526,2,7200,1.01901140684
40865,40871,41403,6,532,2,7200,1.01127819549
40912,40918,41423,6,505,2,7200,1.01188118812
40979,40985,41507,6,522,2,7200,1.01149425287
41013,41019,41513,6,494,2,7200,1.01214574899
41032,41038,41558,6,520,2,7200,1.01153846154
41054,41066,41562,12,496,2,7200,1.02419354839
41071,41078,41566,7,488,2,7200,1.0143442623
41072,41084,41576,12,492,2,7200,1.0243902439
41159,41165,41687,6,522,2,7200,1.01149425287
41215,41222,41747,7,525,2,7200,1.01333333333
41231,41237,41658,6,421,2,7200,1.01425178147
41314,41320,41854,6,534,2,7200,1.01123595506
41330,41337,41796,7,459,2,7200,1.01525054466
41332,41344,41843,12,499,2,7200,1.02404809619
41348,41354,41828,6,474,2,7200,1.01265822785
41379,41386,41927,7,541,2,7200,1.01293900185
41405,41412,41915,7,503,2,7200,1.01391650099
41427,41433,41908,6,475,2,7200,1.01263157895
41510,41517,42043,7,526,2,7200,1.01330798479
41526,41533,41980,7,447,2,7200,1.01565995526
41561,41568,42080,7,512,2,7200,1.013671875
41578,41584,42064,6,480,2,7200,1.0125
41579,41590,42037,11,447,2,7200,1.02460850112
41581,41596,42127,15,531,2,7200,1.02824858757
41625,52163,53100,10538,937,16,108000,12.2465314835
41661,41668,42204,7,536,2,7200,1.01305970149
41690,41697,42202,7,505,2,7200,1.01386138614
41752,41758,42276,6,518,2,7200,1.01158301158
41798,41806,42169,8,363,2,7200,1.02203856749
41830,41836,42373,6,537,2,7200,1.01117318436
41846,41853,42360,7,507,2,7200,1.01380670611
41862,41868,42366,6,498,2,7200,1.01204819277
41912,41918,42430,6,512,2,7200,1.01171875
41928,41934,42372,6,438,2,7200,1.01369863014
41930,41940,42453,10,513,2,7200,1.01949317739
41982,41989,42487,7,498,2,7200,1.0140562249
42038,42045,42588,7,543,2,7200,1.01289134438
42054,42060,42434,6,374,2,7200,1.01604278075
42070,42076,42542,6,466,2,7200,1.01287553648
42086,42092,42598,6,506,2,7200,1.01185770751
42130,42136,42639,6,503,2,7200,1.01192842942
42174,42180,42693,6,513,2,7200,1.01169590643
42205,42211,42711,6,500,2,7200,1.012
42207,42218,42757,11,539,2,7200,1.02040816327
42278,42284,42784,6,500,2,7200,1.012
42362,42368,42814,6,446,2,7200,1.0134529148
42378,42384,42927,6,543,2,7200,1.01104972376
42380,42390,42868,10,478,2,7200,1.02092050209
42381,42395,42861,14,466,2,7200,1.03004291845
42431,42438,42956,7,518,2,7200,1.01351351351
42447,42453,42957,6,504,2,7200,1.0119047619
42463,42469,42940,6,471,2,7200,1.0127388535
42489,42495,43024,6,529,2,7200,1.01134215501
42545,42551,43038,6,487,2,7200,1.01232032854
42592,42598,43105,6,507,2,7200,1.01183431953
42608,42614,43106,6,492,2,7200,1.01219512195
42642,42649,43100,7,451,2,7200,1.0155210643
42695,42701,43194,6,493,2,7200,1.0121703854
42714,42721,43213,7,492,2,7200,1.01422764228
42761,42767,43271,6,504,2,7200,1.0119047619
42786,42792,43304,6,512,2,7200,1.01171875
42818,42824,43330,6,506,2,7200,1.01185770751
42864,42870,43380,6,510,2,7200,1.01176470588
42880,42886,43419,6,533,2,7200,1.01125703565
42930,42936,43435,6,499,2,7200,1.0120240481
42946,42952,43464,6,512,2,7200,1.01171875
42963,42969,43391,6,422,2,7200,1.01421800948
42965,42976,43510,11,534,2,7200,1.02059925094
43027,43033,43515,6,482,2,7200,1.01244813278
43043,43049,43569,6,520,2,7200,1.01153846154
43102,43108,43593,6,485,2,7200,1.01237113402
43118,43124,43626,6,502,2,7200,1.01195219124
43119,43130,43630,11,500,2,7200,1.022
43197,43203,43705,6,502,2,7200,1.01195219124
43216,43223,43704,7,481,2,7200,1.01455301455
43275,43281,43692,6,411,2,7200,1.01459854015
43306,43312,43769,6,457,2,7200,1.01312910284
43334,43340,43855,6,515,2,7200,1.01165048544
43384,43390,43869,6,479,2,7200,1.01252609603
43400,43406,43912,6,506,2,7200,1.01185770751
43422,43429,43876,7,447,2,7200,1.01565995526
43438,43444,43843,6,399,2,7200,1.01503759398
43467,43473,43972,6,499,2,7200,1.0120240481
43513,43520,44022,7,502,2,7200,1.01394422311
43529,43535,44055,6,520,2,7200,1.01153846154
43573,43579,44090,6,511,2,7200,1.01174168297
43595,43601,44076,6,475,2,7200,1.01263157895
43630,43636,44037,6,401,2,7200,1.01496259352
43646,43652,44160,6,508,2,7200,1.01181102362
43695,43701,44157,6,456,2,7200,1.01315789474
43712,43717,44239,5,522,2,7200,1.00957854406
43713,43723,44232,10,509,2,7200,1.01964636542
43772,43778,44269,6,491,2,7200,1.01221995927
43846,43852,44393,6,541,2,7200,1.01109057301
43862,43868,44383,6,515,2,7200,1.01165048544
43879,43885,44422,6,537,2,7200,1.01117318436
43880,43891,44366,11,475,2,7200,1.02315789474
43915,43921,44421,6,500,2,7200,1.012
43974,43980,44506,6,526,2,7200,1.01140684411
44024,44030,44579,6,549,2,7200,1.01092896175
44040,44046,44550,6,504,2,7200,1.0119047619
44059,44065,44556,6,491,2,7200,1.01221995927
44078,44084,44556,6,472,2,7200,1.01271186441
44094,44100,44604,6,504,2,7200,1.0119047619
44159,44165,44684,6,519,2,7200,1.01156069364
44175,44181,44689,6,508,2,7200,1.01181102362
44234,44240,44701,6,461,2,7200,1.01301518438
44250,44256,44768,6,512,2,7200,1.01171875
44272,44278,44782,6,504,2,7200,1.0119047619
44370,44378,44879,8,501,2,7200,1.01596806387
44387,44393,44870,6,477,2,7200,1.01257861635
44402,44409,44862,7,453,2,7200,1.01545253863
44425,44431,44971,6,540,2,7200,1.01111111111
44427,44438,44912,11,474,2,7200,1.02320675105
44510,44517,45070,7,553,2,7200,1.01265822785
44553,44560,45099,7,539,2,7200,1.01298701299
44570,44576,45109,6,533,2,7200,1.01125703565
44571,44582,45109,11,527,2,7200,1.02087286528
44587,44593,45088,6,495,2,7200,1.01212121212
44606,44613,45111,7,498,2,7200,1.0140562249
44687,44693,45180,6,487,2,7200,1.01232032854
44703,44709,45200,6,491,2,7200,1.01221995927
44704,44715,45229,11,514,2,7200,1.02140077821
44772,44779,45271,7,492,2,7200,1.01422764228
44788,44795,45294,7,499,2,7200,1.01402805611
44865,44872,45357,7,485,2,7200,1.01443298969
44882,44888,45402,6,514,2,7200,1.01167315175
44883,44895,45404,12,509,2,7200,1.02357563851
44915,44921,45397,6,476,2,7200,1.01260504202
44974,44980,45487,6,507,2,7200,1.01183431953
45072,45079,45580,7,501,2,7200,1.01397205589
45091,45099,45588,8,489,2,7200,1.0163599182
45108,45114,45595,6,481,2,7200,1.01247401247
45124,45131,45631,7,500,2,7200,1.014
45126,45137,45656,11,519,2,7200,1.02119460501
45127,45143,45662,16,519,2,7200,1.03082851638
45183,45190,45685,7,495,2,7200,1.01414141414
45203,45209,45697,6,488,2,7200,1.01229508197
45231,45237,45729,6,492,2,7200,1.01219512195
45275,45281,45780,6,499,2,7200,1.0120240481
45297,45304,45815,7,511,2,7200,1.01369863014
45359,45366,45883,7,517,2,7200,1.01353965184
45400,45406,45917,6,511,2,7200,1.01174168297
45416,45423,45904,7,481,2,7200,1.01455301455
45418,45429,45902,11,473,2,7200,1.02325581395
45492,45499,45991,7,492,2,7200,1.01422764228
45584,45591,46044,7,453,2,7200,1.01545253863
45600,45607,46096,7,489,2,7200,1.01431492843
45602,45613,46127,11,514,2,7200,1.02140077821
45633,45640,46149,7,509,2,7200,1.0137524558
45659,45665,46159,6,494,2,7200,1.01214574899
45675,45681,46206,6,525,2,7200,1.01142857143
45691,45697,46190,6,493,2,7200,1.0121703854
45707,45713,46234,6,521,2,7200,1.01151631478
45732,45738,46246,6,508,2,7200,1.01181102362
45782,45788,46303,6,515,2,7200,1.01165048544
45819,45826,46335,7,509,2,7200,1.0137524558
45885,45891,46449,6,558,2,7200,1.01075268817
45906,45912,46413,6,501,2,7200,1.0119760479
45922,45928,46422,6,494,2,7200,1.01214574899
45993,45999,46508,6,509,2,7200,1.01178781925
46049,46055,46586,6,531,2,7200,1.01129943503
46098,46105,46649,7,544,2,7200,1.01286764706
46130,46137,46637,7,500,2,7200,1.014
46152,46158,46651,6,493,2,7200,1.0121703854
46168,46174,46618,6,444,2,7200,1.01351351351
46193,46200,46747,7,547,2,7200,1.01279707495
46209,46217,46731,8,514,2,7200,1.01556420233
46238,46244,46746,6,502,2,7200,1.01195219124
46254,46260,46717,6,457,2,7200,1.01312910284
46307,46313,46840,6,527,2,7200,1.01138519924
46338,46344,46811,6,467,2,7200,1.01284796574
46415,46421,46911,6,490,2,7200,1.01224489796
46431,46437,46932,6,495,2,7200,1.01212121212
46453,46460,47032,7,572,2,7200,1.01223776224
46512,46519,47069,7,550,2,7200,1.01272727273
46589,46596,47120,7,524,2,7200,1.01335877863
46621,46627,47078,6,451,2,7200,1.0133037694
46640,46646,47192,6,546,2,7200,1.01098901099
46656,46662,47183,6,521,2,7200,1.01151631478
46657,46668,47193,11,525,2,7200,1.02095238095
46719,46726,47261,7,535,2,7200,1.01308411215
46735,46742,47276,7,534,2,7200,1.01310861423
46752,46758,47246,6,488,2,7200,1.01229508197
46753,46764,47263,11,499,2,7200,1.02204408818
46812,46818,47311,6,493,2,7200,1.0121703854
46844,46850,47340,6,490,2,7200,1.01224489796
46915,46921,47398,6,477,2,7200,1.01257861635
46934,46940,47457,6,517,2,7200,1.01160541586
47036,47042,47564,6,522,2,7200,1.01149425287
47073,47079,47573,6,494,2,7200,1.01214574899
47089,47095,47595,6,500,2,7200,1.012
47123,47129,47623,6,494,2,7200,1.01214574899
47185,47191,47720,6,529,2,7200,1.01134215501
47201,47207,47630,6,423,2,7200,1.01418439716
47203,47214,47604,11,390,2,7200,1.02820512821
47249,47256,47802,7,546,2,7200,1.01282051282
47266,47272,47794,6,522,2,7200,1.01149425287
47267,47278,47783,11,505,2,7200,1.02178217822
47283,47289,47828,6,539,2,7200,1.01113172542
47315,47321,47828,6,507,2,7200,1.01183431953
47343,47349,47871,6,522,2,7200,1.01149425287
47402,47409,47894,7,485,2,7200,1.01443298969
47440,103179,131186,55739,28007,48,28800,2.99018102617
47462,47468,47981,6,513,2,7200,1.01169590643
47566,47572,48067,6,495,2,7200,1.01212121212
47582,47588,48134,6,546,2,7200,1.01098901099
47598,47605,48101,7,496,2,7200,1.01411290323
47614,47620,48136,6,516,2,7200,1.01162790698
47631,47637,48170,6,533,2,7200,1.01125703565
47646,47653,48113,7,460,2,7200,1.0152173913
47723,47730,48227,7,497,2,7200,1.01408450704
47786,47792,48292,6,500,2,7200,1.012
47802,47808,48255,6,447,2,7200,1.01342281879
47818,47824,48365,6,541,2,7200,1.01109057301
47834,47840,48327,6,487,2,7200,1.01232032854
47836,47846,48363,10,517,2,7200,1.01934235977
47873,47879,48394,6,515,2,7200,1.01165048544
47898,47905,48430,7,525,2,7200,1.01333333333
47985,47991,48496,6,505,2,7200,1.01188118812
48068,48075,48479,7,404,2,7200,1.01732673267
48103,48109,48587,6,478,2,7200,1.01255230126
48119,48125,48525,6,400,2,7200,1.015
48138,48145,48651,7,506,2,7200,1.01383399209
48140,48151,48592,11,441,2,7200,1.02494331066
48159,53543,82389,5384,28846,32,28800,1.18664632878
48171,48178,48627,7,449,2,7200,1.01559020045
48230,48236,48747,6,511,2,7200,1.01174168297
48258,48265,48692,7,427,2,7200,1.01639344262
48296,48302,48830,6,528,2,7200,1.01136363636
48330,48336,48891,6,555,2,7200,1.01081081081
48365,48371,48879,6,508,2,7200,1.01181102362
48381,48387,48882,6,495,2,7200,1.01212121212
48397,48403,48926,6,523,2,7200,1.01147227533
48434,48440,48989,6,549,2,7200,1.01092896175
48481,48487,49043,6,556,2,7200,1.01079136691
48500,48506,49008,6,502,2,7200,1.01195219124
48528,48534,49047,6,513,2,7200,1.01169590643
48591,48597,49091,6,494,2,7200,1.01214574899
48607,48613,49148,6,535,2,7200,1.01121495327
48629,48636,49156,7,520,2,7200,1.01346153846
48654,48661,49188,7,527,2,7200,1.01328273245
48695,48702,49267,7,565,2,7200,1.01238938053
48743,53111,197129,4368,144018,16,144000,1.03032954214
48751,48758,49272,7,514,2,7200,1.01361867704
48834,48841,49257,7,416,2,7200,1.01682692308
48881,48888,49383,7,495,2,7200,1.01414141414
48898,48904,49396,6,492,2,7200,1.01219512195
48900,48910,49395,10,485,2,7200,1.0206185567
48931,48938,49422,7,484,2,7200,1.01446280992
48993,49000,49488,7,488,2,7200,1.0143442623
49012,49019,49485,7,466,2,7200,1.01502145923
49047,49054,49562,7,508,2,7200,1.01377952756
49063,49069,49579,6,510,2,7200,1.01176470588
49094,49101,49588,7,487,2,7200,1.01437371663
49150,49157,49656,7,499,2,7200,1.01402805611
49166,49172,49683,6,511,2,7200,1.01174168297
49191,49198,49708,7,510,2,7200,1.0137254902
49259,49266,49756,7,490,2,7200,1.01428571429
49276,49282,49794,6,512,2,7200,1.01171875
49277,49288,49792,11,504,2,7200,1.02182539683
49385,49391,49870,6,479,2,7200,1.01252609603
49401,49407,49896,6,489,2,7200,1.01226993865
49403,49415,49927,12,512,2,7200,1.0234375
49425,49431,49913,6,482,2,7200,1.01244813278
49488,49495,49979,7,484,2,7200,1.01446280992
49503,49510,50038,7,528,2,7200,1.01325757576
49565,49571,50076,6,505,2,7200,1.01188118812
49581,49587,50105,6,518,2,7200,1.01158301158
49597,49603,50132,6,529,2,7200,1.01134215501
49659,49665,50186,6,521,2,7200,1.01151631478
49685,49691,50186,6,495,2,7200,1.01212121212
49710,49716,50277,6,561,2,7200,1.01069518717
49760,49766,50335,6,569,2,7200,1.01054481547
49794,49801,50283,7,482,2,7200,1.01452282158
49810,49816,50325,6,509,2,7200,1.01178781925
49872,49878,50359,6,481,2,7200,1.01247401247
49901,49907,50407,6,500,2,7200,1.012
49917,49924,50410,7,486,2,7200,1.01440329218
49933,49939,50472,6,533,2,7200,1.01125703565
49983,49989,50540,6,551,2,7200,1.0108892922
50042,50048,50564,6,516,2,7200,1.01162790698
50079,50086,50454,7,368,2,7200,1.01902173913
50108,50114,50625,6,511,2,7200,1.01174168297
50136,50143,50577,7,434,2,7200,1.01612903226
50189,50196,50668,7,472,2,7200,1.01483050847
50191,50203,50754,12,551,2,7200,1.02177858439
50280,50287,50680,7,393,2,7200,1.01781170483
50296,50303,50818,7,515,2,7200,1.01359223301
50328,50335,50836,7,501,2,7200,1.01397205589
50344,50350,50861,6,511,2,7200,1.01174168297
50363,50369,50874,6,505,2,7200,1.01188118812
50410,50416,50942,6,526,2,7200,1.01140684411
50412,50423,50893,11,470,2,7200,1.02340425532
50458,50465,50978,7,513,2,7200,1.01364522417
50474,50481,51030,7,549,2,7200,1.01275045537
50543,50549,51047,6,498,2,7200,1.01204819277
50568,50574,51088,6,514,2,7200,1.01167315175
50584,50590,51157,6,567,2,7200,1.01058201058
50628,50634,51158,6,524,2,7200,1.01145038168
50671,50678,51192,7,514,2,7200,1.01361867704
50687,50693,51144,6,451,2,7200,1.0133037694
50751,50757,50759,6,2,4,7200,1.0
50758,50765,51206,7,441,2,7200,1.01587301587
50820,50827,51206,7,379,2,7200,1.01846965699
50839,50847,51206,8,359,2,7200,1.02228412256
50865,50871,51206,6,335,2,7200,1.01791044776
50881,50887,51206,6,319,2,7200,1.01880877743
50897,50903,51206,6,303,2,7200,1.0198019802
50944,50950,51206,6,256,2,7200,1.0234375
50981,50987,51206,6,219,2,7200,1.02739726027
51034,51040,51206,6,166,2,7200,1.03614457831
51050,51056,51206,6,150,2,7200,1.04
51091,51097,51206,6,109,2,7200,1.05504587156
51147,51153,51206,6,53,2,7200,1.11320754717
51163,51169,51206,6,37,2,7200,1.16216216216
51166,51176,51206,10,30,2,7200,1.33333333333
51195,51201,51206,6,5,2,7200,1.1
51635,51642,52168,7,526,2,7200,1.01330798479
51636,51648,52132,12,484,2,7200,1.02479338843
51638,51654,52180,16,526,2,7200,1.03041825095
51645,51660,52166,15,506,2,7200,1.02964426877
51651,51665,52164,14,499,2,7200,1.02805611222
51658,51672,52127,14,455,2,7200,1.03076923077
51665,51677,52195,12,518,2,7200,1.02316602317
51672,51684,52226,12,542,2,7200,1.0221402214
51673,51690,52262,17,572,2,7200,1.02972027972
51680,51696,52129,16,433,2,7200,1.03695150115
51687,51702,52198,15,496,2,7200,1.03024193548
51694,51708,52132,14,424,2,7200,1.03301886792
51700,51714,52239,14,525,2,7200,1.02666666667
51707,51720,52245,13,525,2,7200,1.02476190476
51714,51725,52241,11,516,2,7200,1.02131782946
51716,51732,52273,16,541,2,7200,1.02957486137
51723,51737,52259,14,522,2,7200,1.02681992337
51729,51743,52246,14,503,2,7200,1.02783300199
51736,51748,52260,12,512,2,7200,1.0234375
51743,51755,52227,12,472,2,7200,1.02542372881
51745,51761,52277,16,516,2,7200,1.03100775194
51751,51767,52273,16,506,2,7200,1.03162055336
51758,51773,52299,15,526,2,7200,1.02851711027
51765,51780,52265,15,485,2,7200,1.03092783505
51772,51785,52278,13,493,2,7200,1.02636916836
51779,51791,52291,12,500,2,7200,1.024
51780,51797,52269,17,472,2,7200,1.03601694915
51787,52138,52695,351,557,2,7200,1.63016157989
51794,52145,52656,351,511,2,7200,1.68688845401
51887,52182,52183,295,1,4,7200,29.6
52136,52150,52666,14,516,2,7200,1.02713178295
52143,52156,52647,13,491,2,7200,1.02647657841
52149,52175,52694,26,519,2,7200,1.05009633911
52152,131326,203343,79174,72017,16,72000,2.09937931322
52156,52191,52664,35,473,2,7200,1.07399577167
52174,52197,52731,23,534,2,7200,1.04307116105
52191,52203,52654,12,451,2,7200,1.0266075388
52198,52210,52701,12,491,2,7200,1.02443991853
52200,52215,52731,15,516,2,7200,1.02906976744
52207,52238,52725,31,487,2,7200,1.0636550308
52214,52244,52769,30,525,2,7200,1.05714285714
52236,52251,52751,15,500,2,7200,1.03
52247,52257,52776,10,519,2,7200,1.01926782274
52249,52263,52791,14,528,2,7200,1.02651515152
52256,52270,52785,14,515,2,7200,1.02718446602
52263,52276,52794,13,518,2,7200,1.0250965251
52270,52281,52693,11,412,2,7200,1.02669902913
52277,52289,52818,12,529,2,7200,1.02268431002
52278,52294,52818,16,524,2,7200,1.03053435115
52285,52301,52797,16,496,2,7200,1.03225806452
52292,52306,52806,14,500,2,7200,1.028
52299,52313,52841,14,528,2,7200,1.02651515152
52306,52318,52792,12,474,2,7200,1.0253164557
52313,52324,52472,11,148,2,7200,1.07432432432
52314,52330,52831,16,501,2,7200,1.03193612774
52321,52336,52788,15,452,2,7200,1.03318584071
52328,52483,53008,155,525,2,7200,1.29523809524
52335,52660,53165,325,505,2,7200,1.64356435644
52482,52667,53165,185,498,2,7200,1.37148594378
52657,52673,53200,16,527,2,7200,1.03036053131
52664,52681,53199,17,518,2,7200,1.03281853282
52671,52686,53183,15,497,2,7200,1.03018108652
52677,52704,53238,27,534,2,7200,1.05056179775
52684,52712,53249,28,537,2,7200,1.052141527
52702,52717,53239,15,522,2,7200,1.02873563218
52709,52724,53215,15,491,2,7200,1.03054989817
52715,52737,53250,22,513,2,7200,1.04288499025
52722,52743,53259,21,516,2,7200,1.04069767442
52734,52749,53230,15,481,2,7200,1.03118503119
52741,52762,53242,21,480,2,7200,1.04375
52758,52781,53274,23,493,2,7200,1.04665314402
52759,52787,53268,28,481,2,7200,1.05821205821
52777,52797,53325,20,528,2,7200,1.03787878788
52784,52804,53336,20,532,2,7200,1.03759398496
52796,52809,53310,13,501,2,7200,1.02594810379
52803,52816,53374,13,558,2,7200,1.02329749104
52810,52821,53363,11,542,2,7200,1.02029520295
52811,52827,53338,16,511,2,7200,1.0313111546
52818,52833,53329,15,496,2,7200,1.03024193548
52825,52839,53345,14,506,2,7200,1.02766798419
52832,52845,53334,13,489,2,7200,1.02658486708
52839,52852,53361,13,509,2,7200,1.02554027505
52840,52859,53333,19,474,2,7200,1.04008438819
52857,53020,53523,163,503,2,7200,1.324055666
52859,53177,53701,318,524,2,7200,1.60687022901
53017,53183,53686,166,503,2,7200,1.33001988072
53176,53195,53668,19,473,2,7200,1.04016913319
53183,53211,53772,28,561,2,7200,1.04991087344
53195,53217,53689,22,472,2,7200,1.04661016949
53207,53227,53691,20,464,2,7200,1.04310344828
53214,53241,53745,27,504,2,7200,1.05357142857
53217,53787,53788,570,1,4,7200,57.1
53226,53249,53708,23,459,2,7200,1.05010893246
53238,53255,53756,17,501,2,7200,1.03393213573
53250,53262,53750,12,488,2,7200,1.02459016393
53252,53267,53785,15,518,2,7200,1.02895752896
53258,53274,53772,16,498,2,7200,1.03212851406
53276,53282,53764,6,482,2,7200,1.01244813278
53278,53289,53790,11,501,2,7200,1.02195608782
53279,53294,53776,15,482,2,7200,1.03112033195
53286,53322,53878,36,556,2,7200,1.06474820144
53293,53336,53843,43,507,2,7200,1.08481262327
53320,53343,53745,23,402,2,7200,1.05721393035
53332,53349,53845,17,496,2,7200,1.03427419355
53339,53355,53826,16,471,2,7200,1.03397027601
53346,53361,53862,15,501,2,7200,1.02994011976
53353,53367,53846,14,479,2,7200,1.02922755741
53360,53374,53536,14,162,2,7200,1.08641975309
53367,53379,53880,12,501,2,7200,1.02395209581
53373,53385,53874,12,489,2,7200,1.0245398773
53375,53391,53831,16,440,2,7200,1.03636363636
53382,53535,53889,153,354,2,7200,1.43220338983
53389,53549,54056,160,507,2,7200,1.31558185404
53537,53680,54170,143,490,2,7200,1.29183673469
53549,53698,54210,149,512,2,7200,1.291015625
53676,53705,54169,29,464,2,7200,1.0625
53699,53710,54234,11,524,2,7200,1.02099236641
53701,53716,54172,15,456,2,7200,1.03289473684
53707,53723,54171,16,448,2,7200,1.03571428571
53714,53757,54274,43,517,2,7200,1.083172147
53721,53762,54272,41,510,2,7200,1.08039215686
53754,53768,54273,14,505,2,7200,1.02772277228
53761,53774,54291,13,517,2,7200,1.0251450677
53768,53780,54280,12,500,2,7200,1.024
53769,53792,54286,23,494,2,7200,1.04655870445
53776,53799,54295,23,496,2,7200,1.04637096774
53794,53806,54316,12,510,2,7200,1.02352941176
53796,53811,54302,15,491,2,7200,1.03054989817
53803,53817,54318,14,501,2,7200,1.02794411178
53809,53838,54328,29,490,2,7200,1.05918367347
53814,135117,209018,81303,73901,16,144000,2.10016102624
53816,53845,54360,29,515,2,7200,1.05631067961
53833,53854,54337,21,483,2,7200,1.04347826087
53840,53861,54341,21,480,2,7200,1.04375
53852,53866,54365,14,499,2,7200,1.02805611222
53859,53873,54395,14,522,2,7200,1.02681992337
53866,53886,54379,20,493,2,7200,1.04056795132
53873,53893,54362,20,469,2,7200,1.04264392324
53885,53898,54345,13,447,2,7200,1.02908277405
53892,53904,54406,12,502,2,7200,1.02390438247
53893,54069,54603,176,534,2,7200,1.32958801498
53900,54180,54683,280,503,2,7200,1.55666003976
54069,54187,54693,118,506,2,7200,1.23320158103
54180,54192,54677,12,485,2,7200,1.02474226804
54187,54198,54612,11,414,2,7200,1.02657004831
54189,54210,54683,21,473,2,7200,1.044397463
54195,54221,54719,26,498,2,7200,1.05220883534
54207,54246,54702,39,456,2,7200,1.08552631579
54220,54283,54791,63,508,2,7200,1.12401574803
54242,54289,54793,47,504,2,7200,1.09325396825
54268,54694,54695,426,1,4,7200,42.7
54280,54295,54720,15,425,2,7200,1.03529411765
54287,54302,54823,15,521,2,7200,1.02879078695
54294,54307,54811,13,504,2,7200,1.02579365079
54301,54314,54822,13,508,2,7200,1.02559055118
54302,54319,54826,17,507,2,7200,1.03353057199
54309,54325,54831,16,506,2,7200,1.03162055336
54316,54332,54849,16,517,2,7200,1.03094777563
54323,54338,54823,15,485,2,7200,1.03092783505
54341,54348,54826,7,478,2,7200,1.01464435146
54343,54354,54863,11,509,2,7200,1.02161100196
54344,54360,54851,16,491,2,7200,1.03258655804
54351,54366,54864,15,498,2,7200,1.03012048193
54358,54372,54858,14,486,2,7200,1.02880658436
54365,54380,54922,15,542,2,7200,1.02767527675
54372,54385,54913,13,528,2,7200,1.02462121212
54378,54391,54909,13,518,2,7200,1.0250965251
54385,54396,54800,11,404,2,7200,1.02722772277
54387,54407,54890,20,483,2,7200,1.04140786749
54394,54418,54931,24,513,2,7200,1.04678362573
54406,54615,55110,209,495,2,7200,1.42222222222
54418,54623,55144,205,521,2,7200,1.39347408829
54613,54688,55189,75,501,2,7200,1.1497005988
54629,54705,55201,76,496,2,7200,1.15322580645
54688,54711,55204,23,493,2,7200,1.04665314402
54706,54717,54921,11,204,2,7200,1.05392156863
54707,54723,55197,16,474,2,7200,1.03375527426
54714,54730,55229,16,499,2,7200,1.03206412826
54721,54737,55170,16,433,2,7200,1.03695150115
54728,54802,55326,74,524,2,7200,1.14122137405
54735,54808,55298,73,490,2,7200,1.14897959184
54799,54815,55187,16,372,2,7200,1.04301075269
54806,54823,55381,17,558,2,7200,1.03046594982
54823,54833,55332,10,499,2,7200,1.02004008016
54824,54840,55359,16,519,2,7200,1.03082851638
54831,54845,55324,14,479,2,7200,1.02922755741
54838,54851,55363,13,512,2,7200,1.025390625
54845,54857,55340,12,483,2,7200,1.0248447205
54852,54863,55409,11,546,2,7200,1.02014652015
54853,54869,55390,16,521,2,7200,1.03071017274
54860,54875,55395,15,520,2,7200,1.02884615385
54867,54881,55358,14,477,2,7200,1.02935010482
54874,54887,55396,13,509,2,7200,1.02554027505
54881,54892,55397,11,505,2,7200,1.02178217822
54882,54901,55363,19,462,2,7200,1.04112554113
54899,54921,55476,22,555,2,7200,1.03963963964
54900,54927,55395,27,468,2,7200,1.05769230769
54918,54935,55466,17,531,2,7200,1.03201506591
54925,54940,55424,15,484,2,7200,1.03099173554
54931,54946,55424,15,478,2,7200,1.03138075314
54938,55121,55636,183,515,2,7200,1.35533980583
54945,55161,55673,216,512,2,7200,1.421875
55119,55182,55664,63,482,2,7200,1.13070539419
55134,55140,55141,6,1,1,900,1.0
55148,55155,58864,7,3709,1,14400,1.00188730116
55149,55413,62627,264,7214,1,14400,1.03659550873
55149,55219,63077,70,7858,1,14400,1.00890811911
55149,56176,59107,1027,2931,1,14400,1.35039235756
55149,55225,58528,76,3303,1,14400,1.02300938541
55149,56536,62978,1387,6442,1,14400,1.21530580565
55150,57260,59370,2110,2110,1,14400,2.0
55150,56728,59407,1578,2679,1,14400,1.58902575588
55150,57461,62309,2311,4848,1,14400,1.47669141914
55150,57253,63042,2103,5789,1,14400,1.36327517706
55151,58879,60828,3728,1949,1,14400,2.91277578245
55151,57466,58636,2315,1170,1,14400,2.97863247863
55151,58539,61200,3388,2661,1,14400,2.27320556182
55151,58647,59479,3496,832,1,14400,5.20192307692
55158,55200,55692,42,492,2,7200,1.08536585366
55180,55206,55712,26,506,2,7200,1.05138339921
55198,55213,55725,15,512,2,7200,1.029296875
55215,55231,55769,16,538,2,7200,1.02973977695
55216,55240,55690,24,450,2,7200,1.05333333333
55228,55309,55822,81,513,2,7200,1.15789473684
55240,55335,55785,95,450,2,7200,1.21111111111
55305,55342,55896,37,554,2,7200,1.06678700361
55333,55348,55815,15,467,2,7200,1.03211991435
55339,55408,56164,69,756,1,900,1.09126984127
55340,55354,55752,14,398,2,7200,1.0351758794
55346,55369,55892,23,523,2,7200,1.04397705545
55353,55376,55871,23,495,2,7200,1.04646464646
55365,55381,55870,16,489,2,7200,1.0327198364
55372,55387,55760,15,373,2,7200,1.04021447721
55379,55393,55799,14,406,2,7200,1.03448275862
55386,55401,55905,15,504,2,7200,1.02976190476
55404,55420,55917,16,497,2,7200,1.03219315895
55405,55425,55878,20,453,2,7200,1.04415011038
55418,55431,55829,13,398,2,7200,1.03266331658
55424,55437,55831,13,394,2,7200,1.03299492386
55431,55443,55953,12,510,2,7200,1.02352941176
55433,55449,55932,16,483,2,7200,1.033126294
55440,55478,55980,38,502,2,7200,1.07569721116
55447,55488,56003,41,515,2,7200,1.07961165049
55474,55648,56126,174,478,2,7200,1.3640167364
55486,55676,56173,190,497,2,7200,1.38229376258
55645,55685,56202,40,517,2,7200,1.07736943907
55673,55701,56243,28,542,2,7200,1.05166051661
55685,55709,56228,24,519,2,7200,1.04624277457
55697,55724,56194,27,470,2,7200,1.05744680851
55709,55737,56229,28,492,2,7200,1.05691056911
55721,55763,56284,42,521,2,7200,1.08061420345
55738,55771,56259,33,488,2,7200,1.06762295082
55760,55780,56233,20,453,2,7200,1.04415011038
55767,55796,56199,29,403,2,7200,1.07196029777
55779,55811,56315,32,504,2,7200,1.06349206349
55796,55827,56367,31,540,2,7200,1.05740740741
55809,55834,56394,25,560,2,7200,1.04464285714
55826,55841,56340,15,499,2,7200,1.03006012024
55833,55849,56291,16,442,2,7200,1.03619909502
55840,55881,56369,41,488,2,7200,1.08401639344
55847,55888,56345,41,457,2,7200,1.08971553611
55880,55896,56408,16,512,2,7200,1.03125
55887,55903,56386,16,483,2,7200,1.033126294
55904,55909,56390,5,481,2,7200,1.0103950104
55905,55916,56474,11,558,2,7200,1.01971326165
55907,55929,56447,22,518,2,7200,1.04247104247
55914,55943,56423,29,480,2,7200,1.06041666667
55926,55964,56472,38,508,2,7200,1.07480314961
55943,55992,56506,49,514,2,7200,1.0953307393
55961,56014,56512,53,498,2,7200,1.10642570281
55988,56137,56646,149,509,2,7200,1.29273084479
56011,56185,56717,174,532,2,7200,1.32706766917
56133,56205,56661,72,456,2,7200,1.15789473684
56182,56213,56740,31,527,2,7200,1.05882352941
56204,56220,56739,16,519,2,7200,1.03082851638
56211,56239,56734,28,495,2,7200,1.05656565657
56218,56247,56755,29,508,2,7200,1.05708661417
56240,56252,56739,12,487,2,7200,1.02464065708
56242,56259,56781,17,522,2,7200,1.03256704981
56249,56272,56778,23,506,2,7200,1.04545454545
56256,56296,56797,40,501,2,7200,1.07984031936
56268,56303,56773,35,470,2,7200,1.07446808511
56296,56327,56859,31,532,2,7200,1.05827067669
56303,56351,56703,48,352,2,7200,1.13636363636
56325,56358,56860,33,502,2,7200,1.06573705179
56345,63034,76146,6689,13112,16,36000,1.51014338011
56348,56379,56900,31,521,2,7200,1.05950095969
56353,131088,131098,74735,10,16,36000,7474.5
56355,56386,56821,31,435,2,7200,1.07126436782
56358,131094,141168,74736,10074,16,36000,8.4187016081
56377,56397,56895,20,498,2,7200,1.04016064257
56384,56404,56902,20,498,2,7200,1.04016064257
56396,56411,56878,15,467,2,7200,1.03211991435
56403,56419,56918,16,499,2,7200,1.03206412826
56420,56436,56940,16,504,2,7200,1.03174603175
56422,56458,56940,36,482,2,7200,1.07468879668
56434,56484,56944,50,460,2,7200,1.10869565217
56456,56490,56987,34,497,2,7200,1.06841046278
56484,56519,56952,35,433,2,7200,1.08083140878
56491,56525,57034,34,509,2,7200,1.06679764244
56519,56659,57213,140,554,2,7200,1.25270758123
56520,56673,57198,153,525,2,7200,1.29142857143
56658,56715,57212,57,497,2,7200,1.11468812877
56670,56735,57205,65,470,2,7200,1.13829787234
56714,56745,57241,31,496,2,7200,1.0625
56731,56753,57259,22,506,2,7200,1.04347826087
56743,56758,57266,15,508,2,7200,1.02952755906
56761,56768,57225,7,457,2,7200,1.01531728665
56763,56775,57311,12,536,2,7200,1.0223880597
56764,56785,57212,21,427,2,7200,1.04918032787
56771,56791,57318,20,527,2,7200,1.03795066414
56783,56797,57230,14,433,2,7200,1.03233256351
56790,56809,57280,19,471,2,7200,1.04033970276
56797,56833,57297,36,464,2,7200,1.0775862069
56809,56870,57353,61,483,2,7200,1.12629399586
56832,56877,57299,45,422,2,7200,1.10663507109
56858,131113,131160,74255,47,16,108000,1580.89361702
56867,131171,131216,74304,45,16,108000,1652.2
56870,56890,57385,20,495,2,7200,1.0404040404
56875,131227,131264,74352,37,16,108000,2010.51351351
56877,56906,57360,29,454,2,7200,1.06387665198
56880,131275,131315,74395,40,16,108000,1860.875
56889,56913,57412,24,499,2,7200,1.04809619238
56907,56920,57436,13,516,2,7200,1.02519379845
56908,56929,57444,21,515,2,7200,1.04077669903
56915,56951,57453,36,502,2,7200,1.07171314741
56932,56957,57444,25,487,2,7200,1.05133470226
56949,56963,57404,14,441,2,7200,1.03174603175
56956,56969,57450,13,481,2,7200,1.02702702703
56963,56999,57520,36,521,2,7200,1.06909788868
56965,57046,57535,81,489,2,7200,1.16564417178
56998,57209,57701,211,492,2,7200,1.42886178862
57042,57217,57617,175,400,2,7200,1.4375
57205,57223,57752,18,529,2,7200,1.03402646503
57212,57229,57738,17,509,2,7200,1.03339882122
57219,57235,57764,16,529,2,7200,1.03024574669
57226,57241,57565,15,324,2,7200,1.0462962963
57233,57246,57685,13,439,2,7200,1.02961275626
57250,57272,57763,22,491,2,7200,1.04480651731
57252,57278,57815,26,537,2,7200,1.04841713222
57269,57291,57701,22,410,2,7200,1.05365853659
57276,57309,57699,33,390,2,7200,1.08461538462
57288,57315,57822,27,507,2,7200,1.05325443787
57296,59118,59223,1822,105,1,36000,18.3523809524
57301,59234,59325,1933,91,1,36000,22.2417582418
57306,57322,57701,16,379,2,7200,1.04221635884
57308,59336,59405,2028,69,1,3600,30.3913043478
57312,57329,57788,17,459,2,7200,1.03703703704
57319,57364,57806,45,442,2,7200,1.10180995475
57326,57372,57866,46,494,2,7200,1.09311740891
57364,57397,57890,33,493,2,7200,1.06693711968
57371,57416,57756,45,340,2,7200,1.13235294118
57394,57423,57928,29,505,2,7200,1.05742574257
57416,57448,57967,32,519,2,7200,1.06165703276
57423,57455,57955,32,500,2,7200,1.064
57451,57472,57976,21,504,2,7200,1.04166666667
57453,57478,57965,25,487,2,7200,1.05133470226
57470,57531,58031,61,500,2,7200,1.122
57477,57548,57900,71,352,2,7200,1.20170454545
57531,57576,58088,45,512,2,7200,1.087890625
57543,57629,58135,86,506,2,7200,1.16996047431
57576,57697,58222,121,525,2,7200,1.23047619048
57598,80394,85160,22796,4766,6,16800,5.78304657994
57625,57710,58199,85,489,2,7200,1.17382413088
57660,76158,80371,18498,4213,12,16800,5.39069546641
57695,57717,58154,22,437,2,7200,1.05034324943
57707,57723,58215,16,492,2,7200,1.0325203252
57714,57729,58227,15,498,2,7200,1.03012048193
57720,57749,58293,29,544,2,7200,1.05330882353
57727,57763,58327,36,564,2,7200,1.06382978723
57750,57769,58270,19,501,2,7200,1.0379241517
57762,57777,58258,15,481,2,7200,1.03118503119
57769,57782,58288,13,506,2,7200,1.0256916996
57786,57800,58326,14,526,2,7200,1.02661596958
57788,57818,58303,30,485,2,7200,1.0618556701
57800,57826,58303,26,477,2,7200,1.05450733753
57817,57834,58328,17,494,2,7200,1.03441295547
57824,57877,58384,53,507,2,7200,1.10453648915
57831,57902,58400,71,498,2,7200,1.14257028112
57874,57911,58454,37,543,2,7200,1.06813996317
57897,57939,58357,42,418,2,7200,1.1004784689
57909,57967,58452,58,485,2,7200,1.11958762887
57937,57976,58403,39,427,2,7200,1.09133489461
57965,57982,58473,17,491,2,7200,1.03462321792
57977,57989,58484,12,495,2,7200,1.02424242424
57978,58042,58472,64,430,2,7200,1.1488372093
57985,58099,58574,114,475,2,7200,1.24
58039,58146,58566,107,420,2,7200,1.25476190476
58098,58165,58660,67,495,2,7200,1.13535353535
58147,58210,58692,63,482,2,7200,1.13070539419
58164,58226,58637,62,411,2,7200,1.15085158151
58207,58233,58727,26,494,2,7200,1.05263157895
58225,58241,58748,16,507,2,7200,1.0315581854
58232,58269,58758,37,489,2,7200,1.07566462168
58238,58281,58759,43,478,2,7200,1.089958159
58266,58299,58710,33,411,2,7200,1.0802919708
58278,58306,58786,28,480,2,7200,1.05833333333
58296,58314,58735,18,421,2,7200,1.04275534442
58302,58320,58825,18,505,2,7200,1.03564356436
58315,58330,58833,15,503,2,7200,1.02982107356
58316,58338,58854,22,516,2,7200,1.04263565891
58328,58344,58880,16,536,2,7200,1.02985074627
58360,58366,58811,6,445,2,7200,1.01348314607
58362,58373,58858,11,485,2,7200,1.02268041237
58363,58395,58922,32,527,2,7200,1.06072106262
58370,58411,58885,41,474,2,7200,1.0864978903
58393,58417,58913,24,496,2,7200,1.04838709677
58410,58464,58973,54,509,2,7200,1.10609037328
58417,58470,58836,53,366,2,7200,1.14480874317
58460,58484,58990,24,506,2,7200,1.04743083004
58467,58491,58993,24,502,2,7200,1.04780876494
58479,58497,59009,18,512,2,7200,1.03515625
58486,58577,59079,91,502,2,7200,1.1812749004
58493,58585,59119,92,534,2,7200,1.17228464419
58573,58654,59146,81,492,2,7200,1.16463414634
58585,58672,59191,87,519,2,7200,1.1676300578
58655,58703,59202,48,499,2,7200,1.09619238477
58672,58721,59211,49,490,2,7200,1.1
58705,58739,59251,34,512,2,7200,1.06640625
58717,58746,59239,29,493,2,7200,1.05882352941
58740,58759,59259,19,500,2,7200,1.038
58746,58770,59121,24,351,2,7200,1.06837606838
58759,58776,59278,17,502,2,7200,1.03386454183
58765,58797,59335,32,538,2,7200,1.0594795539
58772,58822,59326,50,504,2,7200,1.09920634921
58795,58837,59230,42,393,2,7200,1.10687022901
58822,58844,59351,22,507,2,7200,1.04339250493
58835,58852,59365,17,513,2,7200,1.03313840156
58841,58866,59357,25,491,2,7200,1.05091649695
58848,58872,59372,24,500,2,7200,1.048
58866,58891,59077,25,186,2,7200,1.13440860215
58883,58897,59370,14,473,2,7200,1.02959830867
58890,58924,59389,34,465,2,7200,1.07311827957
58896,58933,59485,37,552,2,7200,1.06702898551
58924,58984,59505,60,521,2,7200,1.11516314779
58931,59001,59508,70,507,2,7200,1.13806706114
58985,59008,59483,23,475,2,7200,1.04842105263
58997,59020,59550,23,530,2,7200,1.04339622642
59004,59088,59486,84,398,2,7200,1.21105527638
59016,59096,59562,80,466,2,7200,1.17167381974
59085,59130,59621,45,491,2,7200,1.0916496945
59092,59136,59616,44,480,2,7200,1.09166666667
59130,59157,59610,27,453,2,7200,1.05960264901
59132,59203,59711,71,508,2,7200,1.13976377953
59155,59213,59732,58,519,2,7200,1.11175337187
59203,59223,59757,20,534,2,7200,1.03745318352
59210,59241,59597,31,356,2,7200,1.08707865169
59222,59251,59741,29,490,2,7200,1.05918367347
59240,59262,59695,22,433,2,7200,1.05080831409
59246,59270,59758,24,488,2,7200,1.04918032787
59258,59290,59785,32,495,2,7200,1.06464646465
59271,59342,59838,71,496,2,7200,1.14314516129
59288,59348,59852,60,504,2,7200,1.11904761905
59342,59363,59839,21,476,2,7200,1.04411764706
59349,59370,59864,21,494,2,7200,1.04251012146
59361,59377,59855,16,478,2,7200,1.03347280335
59368,59384,59930,16,546,2,7200,1.0293040293
59374,59389,59886,15,497,2,7200,1.03018108652
59381,59401,59950,20,549,2,7200,1.0364298725
59398,59416,59872,18,456,2,7200,1.03947368421
59399,59491,59985,92,494,2,7200,1.18623481781
59417,59497,59987,80,490,2,7200,1.16326530612
59487,59503,60037,16,534,2,7200,1.02996254682
59493,59509,59991,16,482,2,7200,1.03319502075
59500,59516,60031,16,515,2,7200,1.03106796117
59507,59522,60030,15,508,2,7200,1.02952755906
59514,59563,60127,49,564,2,7200,1.08687943262
59521,59574,60115,53,541,2,7200,1.09796672828
59559,59609,60128,50,519,2,7200,1.09633911368
59571,59622,60081,51,459,2,7200,1.11111111111
59604,59630,60160,26,530,2,7200,1.04905660377
59622,59636,60128,14,492,2,7200,1.02845528455
59629,59706,60232,77,526,2,7200,1.1463878327
59645,59722,60203,77,481,2,7200,1.16008316008
59704,59743,60212,39,469,2,7200,1.08315565032
59722,59752,60256,30,504,2,7200,1.05952380952
59739,59769,60274,30,505,2,7200,1.05940594059
59751,59775,60243,24,468,2,7200,1.05128205128
59769,59796,60247,27,451,2,7200,1.05986696231
59775,59849,60385,74,536,2,7200,1.13805970149
59793,59857,60364,64,507,2,7200,1.12623274162
59847,59863,60416,16,553,2,7200,1.02893309222
59854,59870,60386,16,516,2,7200,1.03100775194
59860,59877,60343,17,466,2,7200,1.0364806867
59877,59883,60394,6,511,2,7200,1.01174168297
59879,59899,60371,20,472,2,7200,1.04237288136
59880,59941,60406,61,465,2,7200,1.1311827957
59898,59961,60478,63,517,2,7200,1.12185686654
59941,59996,60513,55,517,2,7200,1.10638297872
59959,60003,60479,44,476,2,7200,1.09243697479
59990,60756,65596,766,4840,1,43200,1.15826446281
59997,60008,60413,11,405,2,7200,1.02716049383
59999,60041,60541,42,500,2,7200,1.084
60005,60048,60553,43,505,2,7200,1.08514851485
60039,60054,60560,15,506,2,7200,1.02964426877
60045,60094,60621,49,527,2,7200,1.09297912713
60052,60126,60615,74,489,2,7200,1.15132924335
60091,60139,60642,48,503,2,7200,1.09542743539
60129,60144,60645,15,501,2,7200,1.02994011976
60136,60151,60650,15,499,2,7200,1.03006012024
60143,60172,60589,29,417,2,7200,1.06954436451
60150,60215,60680,65,465,2,7200,1.13978494624
60172,60223,60704,51,481,2,7200,1.10602910603
60211,60243,60753,32,510,2,7200,1.06274509804
60223,60255,60754,32,499,2,7200,1.06412825651
60240,60262,60748,22,486,2,7200,1.04526748971
60252,60269,60757,17,488,2,7200,1.03483606557
60259,60286,60776,27,490,2,7200,1.05510204082
60266,60355,60847,89,492,2,7200,1.18089430894
60284,60375,60866,91,491,2,7200,1.18533604888
60353,60382,60896,29,514,2,7200,1.05642023346
60376,60397,60932,21,535,2,7200,1.03925233645
60394,60403,60890,9,487,2,7200,1.01848049281
60396,60411,60781,15,370,2,7200,1.04054054054
60402,60418,60899,16,481,2,7200,1.03326403326
60409,60424,60906,15,482,2,7200,1.03112033195
60416,60431,60928,15,497,2,7200,1.03018108652
60423,60490,61011,67,521,2,7200,1.12859884837
60430,60496,61001,66,505,2,7200,1.13069306931
60489,60525,61029,36,504,2,7200,1.07142857143
60496,60552,61000,56,448,2,7200,1.125
60524,60564,61031,40,467,2,7200,1.08565310493
60552,60571,61083,19,512,2,7200,1.037109375
60564,60600,61082,36,482,2,7200,1.07468879668
60571,60626,61093,55,467,2,7200,1.11777301927
60597,60632,61150,35,518,2,7200,1.06756756757
60625,60653,61131,28,478,2,7200,1.05857740586
60632,60659,61162,27,503,2,7200,1.05367793241
60650,60667,61168,17,501,2,7200,1.03393213573
60656,60692,61097,36,405,2,7200,1.08888888889
60663,60717,61215,54,498,2,7200,1.10843373494
60691,60762,61193,71,431,2,7200,1.16473317865
60714,60769,61248,55,479,2,7200,1.11482254697
60762,60774,61258,12,484,2,7200,1.02479338843
60769,60780,61308,11,528,2,7200,1.02083333333
60771,60787,61289,16,502,2,7200,1.03187250996
60788,60793,61270,5,477,2,7200,1.01048218029
60789,60858,61401,69,543,2,7200,1.1270718232
60791,60878,61409,87,531,2,7200,1.16384180791
60855,60902,61417,47,515,2,7200,1.09126213592
60878,60909,61411,31,502,2,7200,1.06175298805
60900,60915,61366,15,451,2,7200,1.0332594235
60907,60921,61409,14,488,2,7200,1.02868852459
60914,60940,61482,26,542,2,7200,1.0479704797
60921,60947,61313,26,366,2,7200,1.07103825137
60938,61011,61502,73,491,2,7200,1.14867617108
60945,61018,61554,73,536,2,7200,1.13619402985
61009,61025,61489,16,464,2,7200,1.03448275862
61016,61041,61537,25,496,2,7200,1.05040322581
61033,61047,61543,14,496,2,7200,1.02822580645
61040,61094,61576,54,482,2,7200,1.11203319502
61047,61100,61585,53,485,2,7200,1.10927835052
61090,61108,61587,18,479,2,7200,1.0375782881
61097,61114,61594,17,480,2,7200,1.03541666667
61104,61142,61657,38,515,2,7200,1.07378640777
61111,61162,61587,51,425,2,7200,1.12
61138,61174,61712,36,538,2,7200,1.06691449814
61161,61180,61600,19,420,2,7200,1.04523809524
61173,61206,61731,33,525,2,7200,1.06285714286
61180,61213,61700,33,487,2,7200,1.06776180698
61202,61229,61720,27,491,2,7200,1.0549898167
61209,61259,61713,50,454,2,7200,1.11013215859
61231,61270,61778,39,508,2,7200,1.07677165354
61259,61281,61740,22,459,2,7200,1.04793028322
61266,61301,61806,35,505,2,7200,1.06930693069
61278,61319,61829,41,510,2,7200,1.08039215686
61301,61325,61715,24,390,2,7200,1.06153846154
61318,61377,61900,59,523,2,7200,1.11281070746
61325,61412,61886,87,474,2,7200,1.1835443038
61373,61420,61918,47,498,2,7200,1.09437751004
61412,61426,61740,14,314,2,7200,1.04458598726
61419,61432,61927,13,495,2,7200,1.02626262626
61436,61442,61947,6,505,2,7200,1.01188118812
61437,61493,61935,56,442,2,7200,1.12669683258
61439,61500,61986,61,486,2,7200,1.12551440329
61493,61515,62014,22,499,2,7200,1.04408817635
61500,61548,62085,48,537,2,7200,1.08938547486
61512,61554,62066,42,512,2,7200,1.08203125
61545,61566,62049,21,483,2,7200,1.04347826087
61552,61587,62117,35,530,2,7200,1.06603773585
61564,61597,62076,33,479,2,7200,1.06889352818
61586,61603,62118,17,515,2,7200,1.03300970874
61593,61609,61985,16,376,2,7200,1.04255319149
61600,61615,62097,15,482,2,7200,1.03112033195
61617,61623,62048,6,425,2,7200,1.01411764706
61618,61669,62164,51,495,2,7200,1.10303030303
61620,61711,62214,91,503,2,7200,1.18091451292
61669,61723,62227,54,504,2,7200,1.10714285714
61707,61730,62220,23,490,2,7200,1.04693877551
61719,61735,62230,16,495,2,7200,1.03232323232
61726,61742,62248,16,506,2,7200,1.03162055336
61733,61748,62240,15,492,2,7200,1.03048780488
61740,61755,62160,15,405,2,7200,1.03703703704
61747,61761,62249,14,488,2,7200,1.02868852459
61753,61789,62255,36,466,2,7200,1.07725321888
61760,61818,62340,58,522,2,7200,1.11111111111
61787,61841,62341,54,500,2,7200,1.108
61815,61897,62352,82,455,2,7200,1.18021978022
61837,61911,62448,74,537,2,7200,1.13780260708
61897,61929,62432,32,503,2,7200,1.06361829026
61909,61938,62449,29,511,2,7200,1.05675146771
61926,61946,62457,20,511,2,7200,1.03913894325
61938,61959,62444,21,485,2,7200,1.04329896907
61945,61998,62510,53,512,2,7200,1.103515625
61957,62003,62451,46,448,2,7200,1.10267857143
61995,62025,62576,30,551,2,7200,1.05444646098
62012,62060,62553,48,493,2,7200,1.09736308316
62024,62066,62464,42,398,2,7200,1.10552763819
62057,62079,62561,22,482,2,7200,1.04564315353
62064,62087,62602,23,515,2,7200,1.04466019417
62076,62096,62572,20,476,2,7200,1.04201680672
62088,62108,62669,20,561,2,7200,1.03565062389
62095,62128,62620,33,492,2,7200,1.06707317073
62107,62135,62679,28,544,2,7200,1.05147058824
62124,62171,62717,47,546,2,7200,1.08608058608
62131,62179,62706,48,527,2,7200,1.09108159393
62174,62225,62742,51,517,2,7200,1.09864603482
62176,62232,62731,56,499,2,7200,1.1122244489
62225,62238,62708,13,470,2,7200,1.02765957447
62232,62244,62714,12,470,2,7200,1.02553191489
62238,62251,62757,13,506,2,7200,1.0256916996
62240,62259,62734,19,475,2,7200,1.04
62247,62266,62750,19,484,2,7200,1.03925619835
62259,62272,62811,13,539,2,7200,1.0241187384
62266,62352,62887,86,535,2,7200,1.16074766355
62267,62357,62657,90,300,2,7200,1.3
62348,62363,62900,15,537,2,7200,1.02793296089
62364,62444,62954,80,510,2,7200,1.1568627451
62366,62455,62859,89,404,2,7200,1.2202970297
62441,62462,62939,21,477,2,7200,1.04402515723
62453,62467,62956,14,489,2,7200,1.02862985685
62460,62474,62817,14,343,2,7200,1.04081632653
62466,62479,62889,13,410,2,7200,1.03170731707
62473,62485,63025,12,540,2,7200,1.02222222222
62475,62522,63057,47,535,2,7200,1.08785046729
62482,62566,62995,84,429,2,7200,1.1958041958
62520,62572,63079,52,507,2,7200,1.10256410256
62564,62583,63102,19,519,2,7200,1.0366088632
62580,62590,63132,10,542,2,7200,1.0184501845
62582,62613,63104,31,491,2,7200,1.06313645621
62588,62632,63124,44,492,2,7200,1.08943089431
62611,62639,63128,28,489,2,7200,1.0572597137
62628,62669,63154,41,485,2,7200,1.08453608247
62635,62681,63168,46,487,2,7200,1.09445585216
62668,62690,63120,22,430,2,7200,1.0511627907
62680,62718,63183,38,465,2,7200,1.08172043011
62687,62724,63222,37,498,2,7200,1.07429718876
62715,62731,63225,16,494,2,7200,1.03238866397
62722,62737,63188,15,451,2,7200,1.0332594235
62729,62744,63276,15,532,2,7200,1.02819548872
62746,62753,63247,7,494,2,7200,1.01417004049
62747,62760,63296,13,536,2,7200,1.02425373134
62749,62767,63247,18,480,2,7200,1.0375
62756,62773,63173,17,400,2,7200,1.0425
62763,62822,63281,59,459,2,7200,1.12854030501
62769,62830,63189,61,359,2,7200,1.16991643454
62818,62870,63352,52,482,2,7200,1.10788381743
62830,62899,63394,69,495,2,7200,1.13939393939
62868,62905,63399,37,494,2,7200,1.07489878543
62896,62911,63438,15,527,2,7200,1.0284629981
62903,62950,63483,47,533,2,7200,1.08818011257
62910,62965,63486,55,521,2,7200,1.10556621881
62953,62971,63502,18,531,2,7200,1.03389830508
62965,63007,63565,42,558,2,7200,1.0752688172
62972,63041,63565,69,524,2,7200,1.13167938931
63005,63054,63551,49,497,2,7200,1.0985915493
63038,63068,63551,30,483,2,7200,1.06211180124
63050,63090,63617,40,527,2,7200,1.07590132827
63068,63113,63589,45,476,2,7200,1.09453781513
63090,63121,63621,31,500,2,7200,1.062
63113,63133,63637,20,504,2,7200,1.03968253968
63129,63139,63650,10,511,2,7200,1.01956947162
63131,63144,63655,13,511,2,7200,1.02544031311
63138,63151,63615,13,464,2,7200,1.02801724138
63145,63165,63670,20,505,2,7200,1.0396039604
63146,63179,63644,33,465,2,7200,1.07096774194
63164,63187,63737,23,550,2,7200,1.04181818182
63176,63195,63683,19,488,2,7200,1.03893442623
63183,63201,63733,18,532,2,7200,1.03383458647
63195,63206,63734,11,528,2,7200,1.02083333333
63196,63234,63675,38,441,2,7200,1.08616780045
63203,63241,63765,38,524,2,7200,1.07251908397
63236,63259,63800,23,541,2,7200,1.04251386322
63237,63264,63749,27,485,2,7200,1.05567010309
63255,63288,63787,33,499,2,7200,1.06613226453
63261,63294,63781,33,487,2,7200,1.06776180698
63284,63309,63796,25,487,2,7200,1.05133470226
63291,63365,63891,74,526,2,7200,1.14068441065
63308,63405,63914,97,509,2,7200,1.1905697446
63362,63412,63959,50,547,2,7200,1.09140767824
63406,63450,63921,44,471,2,7200,1.09341825902
63422,63495,64027,73,532,2,7200,1.13721804511
63450,63503,64023,53,520,2,7200,1.10192307692
63493,63513,63888,20,375,2,7200,1.05333333333
63500,63563,64125,63,562,2,7200,1.11209964413
63512,63568,64040,56,472,2,7200,1.1186440678
63561,63577,64081,16,504,2,7200,1.03174603175
63568,63582,64112,14,530,2,7200,1.02641509434
63575,63600,63989,25,389,2,7200,1.06426735219
63591,63626,64144,35,518,2,7200,1.06756756757
63598,63633,64172,35,539,2,7200,1.06493506494
63626,63638,64134,12,496,2,7200,1.02419354839
63633,63649,64152,16,503,2,7200,1.03180914513
63634,63655,64165,21,510,2,7200,1.04117647059
63646,63661,64141,15,480,2,7200,1.03125
63653,63667,64011,14,344,2,7200,1.04069767442
63660,63682,64141,22,459,2,7200,1.04793028322
63667,63689,64066,22,377,2,7200,1.05835543767
63683,63695,64203,12,508,2,7200,1.02362204724
63685,63745,64260,60,515,2,7200,1.11650485437
63691,63750,64224,59,474,2,7200,1.12447257384
63744,63756,64243,12,487,2,7200,1.02464065708
63746,63764,64316,18,552,2,7200,1.03260869565
63753,63776,64258,23,482,2,7200,1.04771784232
63759,63793,64304,34,511,2,7200,1.06653620352
63776,63800,64264,24,464,2,7200,1.05172413793
63788,63808,64304,20,496,2,7200,1.04032258065
63800,63814,64247,14,433,2,7200,1.03233256351
63816,63900,64399,84,499,2,7200,1.16833667335
63818,63906,64410,88,504,2,7200,1.1746031746
63896,63925,64434,29,509,2,7200,1.05697445972
63903,63932,64428,29,496,2,7200,1.05846774194
63925,63971,64519,46,548,2,7200,1.08394160584
63932,64001,64520,69,519,2,7200,1.13294797688
63970,64023,64534,53,511,2,7200,1.10371819961
63997,64036,64572,39,536,2,7200,1.07276119403
64019,64042,64552,23,510,2,7200,1.04509803922
64035,64052,64593,17,541,2,7200,1.0314232902
64042,64079,64560,37,481,2,7200,1.07692307692
64048,64093,64612,45,519,2,7200,1.08670520231
64076,64123,64622,47,499,2,7200,1.09418837675
64093,64137,64643,44,506,2,7200,1.08695652174
64120,64146,64648,26,502,2,7200,1.05179282869
64133,64152,64686,19,534,2,7200,1.03558052434
64145,64158,64659,13,501,2,7200,1.02594810379
64152,64164,64682,12,518,2,7200,1.02316602317
64168,64175,64705,7,530,2,7200,1.01320754717
64170,64182,64664,12,482,2,7200,1.02489626556
64171,64189,64693,18,504,2,7200,1.03571428571
64178,64215,64700,37,485,2,7200,1.07628865979
64185,64236,64742,51,506,2,7200,1.10079051383
64212,64254,64651,42,397,2,7200,1.10579345088
64234,64262,64730,28,468,2,7200,1.05982905983
64251,64270,64790,19,520,2,7200,1.03653846154
64258,64276,64807,18,531,2,7200,1.03389830508
64270,64281,64802,11,521,2,7200,1.02111324376
64271,64316,64864,45,548,2,7200,1.08211678832
64287,64321,64797,34,476,2,7200,1.07142857143
64314,64327,64843,13,516,2,7200,1.02519379845
64321,64410,64906,89,496,2,7200,1.17943548387
64327,64422,64916,95,494,2,7200,1.19230769231
64406,64439,64938,33,499,2,7200,1.06613226453
64418,64445,64964,27,519,2,7200,1.05202312139
64435,64530,65034,95,504,2,7200,1.18849206349
64441,64536,65053,95,517,2,7200,1.18375241779
64531,64545,65078,14,533,2,7200,1.02626641651
64533,64564,65074,31,510,2,7200,1.06078431373
64545,64571,65070,26,499,2,7200,1.05210420842
64562,64583,64959,21,376,2,7200,1.05585106383
64569,64605,65114,36,509,2,7200,1.07072691552
64581,64623,65147,42,524,2,7200,1.08015267176
64603,64633,65179,30,546,2,7200,1.05494505495
64621,64654,65172,33,518,2,7200,1.06370656371
64633,64660,65165,27,505,2,7200,1.05346534653
64655,64668,65176,13,508,2,7200,1.02559055118
64656,64674,65178,18,504,2,7200,1.03571428571
64663,64680,65167,17,487,2,7200,1.03490759754
64670,64694,65173,24,479,2,7200,1.05010438413
64677,64702,65205,25,503,2,7200,1.04970178926
64694,64708,65205,14,497,2,7200,1.02816901408
64701,64714,65207,13,493,2,7200,1.02636916836
64708,64721,65253,13,532,2,7200,1.02443609023
64715,64741,65249,26,508,2,7200,1.05118110236
64716,64753,65258,37,505,2,7200,1.07326732673
64743,64801,65231,58,430,2,7200,1.13488372093
64750,64810,65309,60,499,2,7200,1.12024048096
64798,64817,65309,19,492,2,7200,1.03861788618
64811,64823,65291,12,468,2,7200,1.02564102564
64817,64854,65366,37,512,2,7200,1.072265625
64819,64875,65316,56,441,2,7200,1.12698412698
64852,64917,65432,65,515,2,7200,1.12621359223
64858,82403,106479,17545,24076,64,57600,1.72873400897
64874,64928,65460,54,532,2,7200,1.1015037594
64918,64950,65464,32,514,2,7200,1.06225680934
64934,64971,65463,37,492,2,7200,1.07520325203
64946,64978,65485,32,507,2,7200,1.06311637081
64969,65045,65530,76,485,2,7200,1.15670103093
64975,65064,65571,89,507,2,7200,1.17554240631
65045,65082,65561,37,479,2,7200,1.07724425887
65062,65089,65586,27,497,2,7200,1.05432595573
65080,65095,65489,15,394,2,7200,1.03807106599
65087,65125,65676,38,551,2,7200,1.06896551724
65103,65158,65674,55,516,2,7200,1.10658914729
65125,65176,65688,51,512,2,7200,1.099609375
65158,65183,65486,25,303,2,7200,1.08250825083
65175,65188,65742,13,554,2,7200,1.02346570397
65182,65195,65705,13,510,2,7200,1.02549019608
65184,65200,65705,16,505,2,7200,1.03168316832
65191,65206,65706,15,500,2,7200,1.03
65197,65212,65717,15,505,2,7200,1.0297029703
65215,65221,65701,6,480,2,7200,1.0125
65216,65227,65719,11,492,2,7200,1.02235772358
65218,65233,65738,15,505,2,7200,1.0297029703
65225,65243,65749,18,506,2,7200,1.03557312253
65232,65261,65738,29,477,2,7200,1.0607966457
65244,65267,65730,23,463,2,7200,1.04967602592
65261,65273,65730,12,457,2,7200,1.02625820569
65263,65303,65784,40,481,2,7200,1.08316008316
65270,65320,65699,50,379,2,7200,1.13192612137
65303,65326,65866,23,540,2,7200,1.04259259259
65320,65333,65796,13,463,2,7200,1.02807775378
65321,65377,65893,56,516,2,7200,1.10852713178
65337,65443,65853,106,410,2,7200,1.25853658537
65375,65471,65973,96,502,2,7200,1.19123505976
65440,65479,66003,39,524,2,7200,1.07442748092
65468,65484,65965,16,481,2,7200,1.03326403326
65475,65497,65962,22,465,2,7200,1.04731182796
65481,65503,65991,22,488,2,7200,1.04508196721
65494,65509,66000,15,491,2,7200,1.03054989817
65501,65543,66048,42,505,2,7200,1.08316831683
65516,65572,66074,56,502,2,7200,1.11155378486
65539,65582,66123,43,541,2,7200,1.07948243993
65572,65597,66063,25,466,2,7200,1.05364806867
65579,65608,66097,29,489,2,7200,1.05930470348
65596,65685,66208,89,523,2,7200,1.17017208413
65608,65692,66179,84,487,2,7200,1.17248459959
65683,65699,66091,16,392,2,7200,1.04081632653
65690,65712,66222,22,510,2,7200,1.0431372549
65707,65719,66228,12,509,2,7200,1.02357563851
65708,65724,66206,16,482,2,7200,1.03319502075
65715,65730,66259,15,529,2,7200,1.02835538752
65722,65735,66250,13,515,2,7200,1.02524271845
65729,65741,66277,12,536,2,7200,1.0223880597
65736,65748,66220,12,472,2,7200,1.02542372881
65737,65754,66222,17,468,2,7200,1.03632478632
65744,65761,66100,17,339,2,7200,1.05014749263
65751,65766,66273,15,507,2,7200,1.02958579882
65758,65772,66273,14,501,2,7200,1.02794411178
65765,65778,66276,13,498,2,7200,1.02610441767
65772,65784,66316,12,532,2,7200,1.02255639098
65788,65795,66277,7,482,2,7200,1.01452282158
65790,65808,66318,18,510,2,7200,1.03529411765
65792,65864,66334,72,470,2,7200,1.15319148936
65804,65878,66402,74,524,2,7200,1.14122137405
65863,65904,66422,41,518,2,7200,1.07915057915
65875,65973,66491,98,518,2,7200,1.18918918919
65903,65979,66493,76,514,2,7200,1.14785992218
65973,65986,66482,13,496,2,7200,1.02620967742
65980,66002,66523,22,521,2,7200,1.04222648752
65996,66011,66496,15,485,2,7200,1.03092783505
66003,66018,66490,15,472,2,7200,1.03177966102
66010,66060,66557,50,497,2,7200,1.10060362173
66016,66074,66635,58,561,2,7200,1.10338680927
66060,66085,66584,25,499,2,7200,1.0501002004
66072,66116,66541,44,425,2,7200,1.10352941176
66084,66121,66497,37,376,2,7200,1.09840425532
66112,66128,66599,16,471,2,7200,1.03397027601
66128,66135,66661,7,526,2,7200,1.01330798479
66130,66191,66686,61,495,2,7200,1.12323232323
66131,66219,66690,88,471,2,7200,1.18683651805
66190,66226,66735,36,509,2,7200,1.07072691552
66218,66233,66724,15,491,2,7200,1.03054989817
66225,66240,66727,15,487,2,7200,1.03080082136
66232,66245,66713,13,468,2,7200,1.02777777778
66239,66251,66726,12,475,2,7200,1.02526315789
66246,66263,66775,17,512,2,7200,1.033203125
66262,66272,66773,10,501,2,7200,1.01996007984
66263,66285,66785,22,500,2,7200,1.044
66270,66290,66838,20,548,2,7200,1.03649635036
66282,66297,66860,15,563,2,7200,1.02664298401
66289,66302,66823,13,521,2,7200,1.02495201536
66296,66308,66643,12,335,2,7200,1.03582089552
66302,66329,66810,27,481,2,7200,1.05613305613
66304,66336,66822,32,486,2,7200,1.0658436214
66327,66346,66873,19,527,2,7200,1.03605313093
66343,66413,66915,70,502,2,7200,1.13944223108
66344,66435,66914,91,479,2,7200,1.18997912317
66408,66495,66981,87,486,2,7200,1.17901234568
66431,66502,66973,71,471,2,7200,1.15074309979
66495,66508,67044,13,536,2,7200,1.02425373134
66502,66515,67009,13,494,2,7200,1.02631578947
66504,66521,67022,17,501,2,7200,1.03393213573
66516,66528,67033,12,505,2,7200,1.02376237624
66533,66539,67074,6,535,2,7200,1.01121495327
66534,66553,67023,19,470,2,7200,1.04042553191
66536,66570,66999,34,429,2,7200,1.07925407925
66553,66596,67112,43,516,2,7200,1.08333333333
66570,66611,67140,41,529,2,7200,1.0775047259
66593,66647,67155,54,508,2,7200,1.1062992126
66610,66655,67201,45,546,2,7200,1.08241758242
66643,66673,67203,30,530,2,7200,1.05660377358
66655,66699,67205,44,506,2,7200,1.08695652174
66671,66706,67144,35,438,2,7200,1.0799086758
66699,66726,67198,27,472,2,7200,1.05720338983
66706,66736,67190,30,454,2,7200,1.06607929515
66723,66743,67287,20,544,2,7200,1.03676470588
66736,66748,67238,12,490,2,7200,1.02448979592
66742,66755,67309,13,554,2,7200,1.02346570397
66744,66785,67289,41,504,2,7200,1.08134920635
66760,66792,67305,32,513,2,7200,1.06237816764
66783,66799,67356,16,557,2,7200,1.02872531418
66789,66822,67316,33,494,2,7200,1.06680161943
66796,66834,67326,38,492,2,7200,1.07723577236
66819,66841,67391,22,550,2,7200,1.04
66831,66850,67351,19,501,2,7200,1.0379241517
66838,66872,67403,34,531,2,7200,1.06403013183
66854,66885,67371,31,486,2,7200,1.06378600823
66872,66926,67371,54,445,2,7200,1.12134831461
66884,66933,67299,49,366,2,7200,1.13387978142
66922,66985,67489,63,504,2,7200,1.125
66929,66994,67486,65,492,2,7200,1.13211382114
66983,67011,67532,28,521,2,7200,1.0537428023
66990,67021,67494,31,473,2,7200,1.06553911205
67011,67034,67531,23,497,2,7200,1.046277666
67018,67040,67562,22,522,2,7200,1.04214559387
67030,67047,67538,17,491,2,7200,1.03462321792
67037,67056,67572,19,516,2,7200,1.03682170543
67044,67086,67595,42,509,2,7200,1.08251473477
67056,67124,67637,68,513,2,7200,1.13255360624
67084,67152,67604,68,452,2,7200,1.15044247788
67123,67159,67648,36,489,2,7200,1.0736196319
67149,67166,67668,17,502,2,7200,1.03386454183
67156,67202,67715,46,513,2,7200,1.08966861598
67163,67211,67729,48,518,2,7200,1.09266409266
67201,67218,67598,17,380,2,7200,1.04473684211
67208,67223,67685,15,462,2,7200,1.03246753247
67215,67229,67747,14,518,2,7200,1.02702702703
67222,67251,67757,29,506,2,7200,1.05731225296
67228,67299,67834,71,535,2,7200,1.13271028037
67250,67306,67758,56,452,2,7200,1.12389380531
67299,67313,67819,14,506,2,7200,1.02766798419
67305,67320,67804,15,484,2,7200,1.03099173554
67312,67327,67862,15,535,2,7200,1.02803738318
67319,67334,67832,15,498,2,7200,1.03012048193
67326,67341,67885,15,544,2,7200,1.02757352941
67333,67348,67827,15,479,2,7200,1.03131524008
67349,67355,67858,6,503,2,7200,1.01192842942
67351,67363,67938,12,575,2,7200,1.02086956522
67352,67368,67846,16,478,2,7200,1.03347280335
67359,67375,67816,16,441,2,7200,1.03628117914
67366,67380,67862,14,482,2,7200,1.02904564315
67373,67387,67814,14,427,2,7200,1.03278688525
67380,67392,67895,12,503,2,7200,1.02385685885
67396,67403,67938,7,535,2,7200,1.01308411215
67398,67416,67940,18,524,2,7200,1.03435114504
67399,67498,68019,99,521,2,7200,1.19001919386
67417,67505,67991,88,486,2,7200,1.18106995885
67497,67512,68045,15,533,2,7200,1.02814258912
67512,67543,68038,31,495,2,7200,1.06262626263
67514,67550,68057,36,507,2,7200,1.07100591716
67542,67555,68063,13,508,2,7200,1.02559055118
67549,67574,68137,25,563,2,7200,1.04440497336
67565,67584,68108,19,524,2,7200,1.03625954198
67572,67607,68109,35,502,2,7200,1.06972111554
67584,67614,68099,30,485,2,7200,1.0618556701
67606,67621,68118,15,497,2,7200,1.03018108652
67622,67649,68165,27,516,2,7200,1.0523255814
67624,67660,68147,36,487,2,7200,1.07392197125
67646,67681,68219,35,538,2,7200,1.06505576208
67658,67697,68183,39,486,2,7200,1.08024691358
67679,67727,68276,48,549,2,7200,1.08743169399
67697,67741,68222,44,481,2,7200,1.09147609148
67724,67760,68154,36,394,2,7200,1.09137055838
67740,67769,68223,29,454,2,7200,1.06387665198
67757,67776,68123,19,347,2,7200,1.05475504323
67769,67816,68295,47,479,2,7200,1.09812108559
67785,67826,68340,41,514,2,7200,1.07976653696
67813,67833,68267,20,434,2,7200,1.04608294931
67825,67838,68252,13,414,2,7200,1.03140096618
67841,67849,68365,8,516,2,7200,1.01550387597
67843,67855,68342,12,487,2,7200,1.02464065708
67844,67861,68382,17,521,2,7200,1.03262955854
67851,67868,68327,17,459,2,7200,1.03703703704
67858,67875,68368,17,493,2,7200,1.03448275862
67865,67880,68364,15,484,2,7200,1.03099173554
67872,67887,68366,15,479,2,7200,1.03131524008
67888,67898,68415,10,517,2,7200,1.01934235977
67889,67907,68414,18,507,2,7200,1.03550295858
67896,67949,68503,53,554,2,7200,1.09566787004
67903,67955,68454,52,499,2,7200,1.10420841683
67912,124885,229784,56973,104899,6,108000,1.54312243205
67919,136025,229787,68106,93762,6,108000,1.72637102451
67924,136031,229788,68107,93757,6,108000,1.72642042727
67946,67962,68474,16,512,2,7200,1.03125
67962,68003,68497,41,494,2,7200,1.08299595142
67963,68031,68548,68,517,2,7200,1.13152804642
68002,68050,68590,48,540,2,7200,1.08888888889
68030,68057,68581,27,524,2,7200,1.05152671756
68051,68069,68571,18,502,2,7200,1.03585657371
68052,68076,68581,24,505,2,7200,1.04752475248
68070,68111,68570,41,459,2,7200,1.08932461874
68071,68121,68678,50,557,2,7200,1.08976660682
68108,68126,68643,18,517,2,7200,1.03481624758
68120,68133,68584,13,451,2,7200,1.0288248337
68122,68140,68624,18,484,2,7200,1.03719008264
68138,68149,68653,11,504,2,7200,1.02182539683
68139,68160,68662,21,502,2,7200,1.04183266932
68146,68167,68665,21,498,2,7200,1.0421686747
68158,68177,68704,19,527,2,7200,1.03605313093
68165,68195,68717,30,522,2,7200,1.05747126437
68181,68231,68757,50,526,2,7200,1.09505703422
68193,68238,68737,45,499,2,7200,1.09018036072
68231,68243,68726,12,483,2,7200,1.0248447205
68247,68264,68755,17,491,2,7200,1.03462321792
68248,68279,68762,31,483,2,7200,1.06418219462
68260,68288,68800,28,512,2,7200,1.0546875
68278,68306,68857,28,551,2,7200,1.05081669691
68293,68339,68840,46,501,2,7200,1.09181636727
68305,68353,68882,48,529,2,7200,1.09073724008
68338,68360,68900,22,540,2,7200,1.04074074074
68354,68376,68886,22,510,2,7200,1.0431372549
68356,68383,68919,27,536,2,7200,1.05037313433
68373,68388,68880,15,492,2,7200,1.03048780488
68380,68395,68903,15,508,2,7200,1.02952755906
68396,68403,68909,7,506,2,7200,1.01383399209
68398,68426,68943,28,517,2,7200,1.05415860735
68399,68432,68924,33,492,2,7200,1.06707317073
68422,68466,68981,44,515,2,7200,1.0854368932
68429,68486,68931,57,445,2,7200,1.12808988764
68466,68509,68914,43,405,2,7200,1.10617283951
68483,68516,69080,33,564,2,7200,1.0585106383
68506,68560,69106,54,546,2,7200,1.0989010989
68521,68582,69074,61,492,2,7200,1.12398373984
68559,68588,68985,29,397,2,7200,1.07304785894
68582,68595,69066,13,471,2,7200,1.02760084926
68599,68606,69061,7,455,2,7200,1.01538461538
68600,68612,69103,12,491,2,7200,1.02443991853
68602,68618,69128,16,510,2,7200,1.03137254902
68608,68636,69135,28,499,2,7200,1.05611222445
68615,68655,69164,40,509,2,7200,1.07858546169
68633,68665,68951,32,286,2,7200,1.11188811189
68655,68674,69152,19,478,2,7200,1.03974895397
68671,68681,69190,10,509,2,7200,1.01964636542
68673,68711,69217,38,506,2,7200,1.07509881423
68680,68718,69199,38,481,2,7200,1.079002079
68707,68729,69251,22,522,2,7200,1.04214559387
68714,68738,69231,24,493,2,7200,1.04868154158
68730,68749,69256,19,507,2,7200,1.03747534517
68737,68767,69256,30,489,2,7200,1.06134969325
68749,68774,69249,25,475,2,7200,1.05263157895
68766,68779,69305,13,526,2,7200,1.0247148289
68782,68812,69305,30,493,2,7200,1.06085192698
68784,68852,69389,68,537,2,7200,1.12662942272
68811,68869,69362,58,493,2,7200,1.11764705882
68850,68892,69378,42,486,2,7200,1.08641975309
68865,68899,69327,34,428,2,7200,1.07943925234
68888,68904,69431,16,527,2,7200,1.03036053131
68895,68913,69420,18,507,2,7200,1.03550295858
68911,68920,69449,9,529,2,7200,1.01701323251
68912,68927,69383,15,456,2,7200,1.03289473684
68919,68932,69438,13,506,2,7200,1.0256916996
68926,68939,69474,13,535,2,7200,1.02429906542
68933,68944,69418,11,474,2,7200,1.02320675105
68934,68951,69440,17,489,2,7200,1.03476482618
68950,68958,69469,8,511,2,7200,1.0156555773
68952,68965,69368,13,403,2,7200,1.03225806452
68954,68993,69491,39,498,2,7200,1.07831325301
68960,69000,69496,40,496,2,7200,1.08064516129
68988,69073,69598,85,525,2,7200,1.1619047619
69004,69080,69566,76,486,2,7200,1.15637860082
69068,69087,69529,19,442,2,7200,1.04298642534
69080,69094,69588,14,494,2,7200,1.02834008097
69096,69116,69606,20,490,2,7200,1.04081632653
69098,69123,69623,25,500,2,7200,1.05
69115,69140,69654,25,514,2,7200,1.0486381323
69122,69146,69699,24,553,2,7200,1.04339963834
69138,69164,69662,26,498,2,7200,1.05220883534
69145,69176,69645,31,469,2,7200,1.06609808102
69162,69202,69692,40,490,2,7200,1.08163265306
69174,69211,69750,37,539,2,7200,1.06864564007
69200,69229,69628,29,399,2,7200,1.07268170426
69207,69243,69732,36,489,2,7200,1.0736196319
69224,69261,69581,37,320,2,7200,1.115625
69242,69268,69733,26,465,2,7200,1.05591397849
69258,69273,69766,15,493,2,7200,1.03042596349
69265,69280,69796,15,516,2,7200,1.02906976744
69271,69317,69786,46,469,2,7200,1.09808102345
69278,69322,69788,44,466,2,7200,1.09442060086
69316,69339,69816,23,477,2,7200,1.04821802935
69318,69374,69903,56,529,2,7200,1.10586011342
69339,69381,69773,42,392,2,7200,1.10714285714
69372,69390,69881,18,491,2,7200,1.0366598778
69379,69397,69876,18,479,2,7200,1.0375782881
69394,69404,69877,10,473,2,7200,1.02114164905
69396,69430,69949,34,519,2,7200,1.0655105973
69403,69437,69948,34,511,2,7200,1.06653620352
69425,69444,69929,19,485,2,7200,1.03917525773
69432,69451,69908,19,457,2,7200,1.04157549234
69448,69458,69904,10,446,2,7200,1.02242152466
69450,69465,70015,15,550,2,7200,1.02727272727
69457,69481,70014,24,533,2,7200,1.04502814259
69464,69487,69935,23,448,2,7200,1.05133928571
69481,69503,69962,22,459,2,7200,1.04793028322
69497,69510,69993,13,483,2,7200,1.02691511387
69499,69541,70085,42,544,2,7200,1.07720588235
69505,69579,70100,74,521,2,7200,1.14203454894
69539,69594,70100,55,506,2,7200,1.10869565217
69577,69601,70081,24,480,2,7200,1.05
69593,69611,70100,18,489,2,7200,1.03680981595
69600,69617,70130,17,513,2,7200,1.03313840156
69606,69635,70142,29,507,2,7200,1.05719921105
69613,69642,70121,29,479,2,7200,1.06054279749
69634,69657,69963,23,306,2,7200,1.07516339869
69641,69666,70162,25,496,2,7200,1.05040322581
69653,69675,70171,22,496,2,7200,1.04435483871
69666,69704,70196,38,492,2,7200,1.07723577236
69681,69710,70264,29,554,2,7200,1.0523465704
69703,69744,70260,41,516,2,7200,1.07945736434
69710,69751,70252,41,501,2,7200,1.08183632735
69742,69763,70269,21,506,2,7200,1.04150197628
69748,69778,70298,30,520,2,7200,1.05769230769
69761,69784,70307,23,523,2,7200,1.04397705545
69778,69798,70238,20,440,2,7200,1.04545454545
69794,69805,70292,11,487,2,7200,1.02258726899
69796,69812,70317,16,505,2,7200,1.03168316832
69802,69828,70275,26,447,2,7200,1.0581655481
69809,69888,70416,79,528,2,7200,1.14962121212
69817,131082,151069,61265,19987,15,21600,4.06524240756
69827,69895,70428,68,533,2,7200,1.12757973734
69890,69901,70297,11,396,2,7200,1.02777777778
69892,69915,70424,23,509,2,7200,1.04518664047
69899,69922,70411,23,489,2,7200,1.04703476483
69911,69927,70435,16,508,2,7200,1.03149606299
69918,69941,70424,23,483,2,7200,1.04761904762
69933,69948,70468,15,520,2,7200,1.02884615385
69940,69960,70469,20,509,2,7200,1.03929273084
69947,69967,70428,20,461,2,7200,1.04338394794
69959,69974,70467,15,493,2,7200,1.03042596349
69976,69982,70376,6,394,2,7200,1.0152284264
69978,70006,70500,28,494,2,7200,1.05668016194
69979,70026,70539,47,513,2,7200,1.09161793372
70002,70033,70515,31,482,2,7200,1.0643153527
70024,70093,70558,69,465,2,7200,1.14838709677
70040,70100,70581,60,481,2,7200,1.12474012474
70089,70112,70641,23,529,2,7200,1.04347826087
70096,70117,70601,21,484,2,7200,1.04338842975
70112,70124,70605,12,481,2,7200,1.02494802495
70113,70133,70593,20,460,2,7200,1.04347826087
70120,70142,70651,22,509,2,7200,1.04322200393
70132,70155,70654,23,499,2,7200,1.04609218437
70139,70174,70649,35,475,2,7200,1.07368421053
70154,70183,70732,29,549,2,7200,1.05282331512
70172,70209,70659,37,450,2,7200,1.08222222222
70179,70250,70717,71,467,2,7200,1.15203426124
70210,70264,70751,54,487,2,7200,1.11088295688
70249,70272,70768,23,496,2,7200,1.04637096774
70261,70279,70784,18,505,2,7200,1.03564356436
70277,70286,70790,9,504,2,7200,1.01785714286
70279,70293,70778,14,485,2,7200,1.02886597938
70286,70304,70757,18,453,2,7200,1.03973509934
70292,70311,70796,19,485,2,7200,1.03917525773
70299,70316,70854,17,538,2,7200,1.03159851301
70312,70323,70826,11,503,2,7200,1.02186878728
70327,70334,70813,7,479,2,7200,1.01461377871
70329,70388,70884,59,496,2,7200,1.1189516129
70331,70423,70905,92,482,2,7200,1.19087136929
70385,70430,70960,45,530,2,7200,1.08490566038
70423,70437,70945,14,508,2,7200,1.02755905512
70440,70447,70933,7,486,2,7200,1.01440329218
70442,70454,70755,12,301,2,7200,1.03986710963
70443,70459,70989,16,530,2,7200,1.03018867925
70450,70465,70945,15,480,2,7200,1.03125
70457,70479,71029,22,550,2,7200,1.04
70464,70486,70939,22,453,2,7200,1.04856512141
70476,70491,70965,15,474,2,7200,1.03164556962
70483,70512,70994,29,482,2,7200,1.0601659751
70499,70527,70928,28,401,2,7200,1.06982543641
70511,70552,71050,41,498,2,7200,1.08232931727
70523,70571,71072,48,501,2,7200,1.09580838323
70549,70593,71049,44,456,2,7200,1.09649122807
70566,70605,71104,39,499,2,7200,1.07815631263
70589,70614,71069,25,455,2,7200,1.05494505495
70605,70621,71129,16,508,2,7200,1.03149606299
70612,70654,71140,42,486,2,7200,1.08641975309
70619,70661,71166,42,505,2,7200,1.08316831683
70652,70668,71184,16,516,2,7200,1.03100775194
70659,70673,71183,14,510,2,7200,1.02745098039
70675,70683,71187,8,504,2,7200,1.01587301587
70677,70729,71150,52,421,2,7200,1.12351543943
70679,70745,71258,66,513,2,7200,1.12865497076
70728,70764,71264,36,500,2,7200,1.072
70745,70771,71262,26,491,2,7200,1.05295315682
70761,70776,71187,15,411,2,7200,1.03649635036
70768,70783,71262,15,479,2,7200,1.03131524008
70775,70790,71365,15,575,2,7200,1.02608695652
70782,70797,71063,15,266,2,7200,1.05639097744
70789,70804,71207,15,403,2,7200,1.03722084367
70805,70811,71299,6,488,2,7200,1.01229508197
70806,70825,71297,19,472,2,7200,1.04025423729
70808,70838,71332,30,494,2,7200,1.06072874494
70825,70866,71369,41,503,2,7200,1.08151093439
70837,70896,71421,59,525,2,7200,1.11238095238
70863,70917,71423,54,506,2,7200,1.10671936759
70891,70941,71460,50,519,2,7200,1.09633911368
70914,70948,71471,34,523,2,7200,1.06500956023
70941,70955,71436,14,481,2,7200,1.02910602911
70948,70962,71413,14,451,2,7200,1.0310421286
70955,70967,71487,12,520,2,7200,1.02307692308
70961,70974,71497,13,523,2,7200,1.02485659656
70963,70981,71477,18,496,2,7200,1.03629032258
70979,71002,71498,23,496,2,7200,1.04637096774
70981,71009,71518,28,509,2,7200,1.05500982318
70998,71042,71602,44,560,2,7200,1.07857142857
71005,71061,71617,56,556,2,7200,1.10071942446
71041,71068,71519,27,451,2,7200,1.05986696231
71059,71074,71595,15,521,2,7200,1.02879078695
71066,71081,71577,15,496,2,7200,1.03024193548
71082,71088,71580,6,492,2,7200,1.01219512195
71083,71116,71559,33,443,2,7200,1.07449209932
71085,71142,71670,57,528,2,7200,1.10795454545
71113,71152,71691,39,539,2,7200,1.07235621521
71141,71163,71644,22,481,2,7200,1.04573804574
71156,71178,71607,22,429,2,7200,1.05128205128
71163,71195,71704,32,509,2,7200,1.06286836935
71176,71202,71708,26,506,2,7200,1.05138339921
71193,71207,71657,14,450,2,7200,1.03111111111
71209,71217,71684,8,467,2,7200,1.01713062099
71211,71224,71718,13,494,2,7200,1.02631578947
71213,71271,71735,58,464,2,7200,1.125
71219,71278,71751,59,473,2,7200,1.12473572939
71268,71283,71774,15,491,2,7200,1.03054989817
71275,71291,71781,16,490,2,7200,1.03265306122
71291,71310,71820,19,510,2,7200,1.03725490196
71293,71316,71821,23,505,2,7200,1.04554455446
71310,71344,71843,34,499,2,7200,1.06813627255
71317,71377,71753,60,376,2,7200,1.15957446809
71343,71384,71937,41,553,2,7200,1.07414104882
71376,71426,71770,50,344,2,7200,1.14534883721
71383,71433,71931,50,498,2,7200,1.10040160643
71425,71440,71946,15,506,2,7200,1.02964426877
71432,71449,71962,17,513,2,7200,1.03313840156
71439,71472,71967,33,495,2,7200,1.06666666667
71446,71482,71981,36,499,2,7200,1.07214428858
71469,71490,71998,21,508,2,7200,1.04133858268
71485,71500,72001,15,501,2,7200,1.02994011976
71487,71509,72048,22,539,2,7200,1.04081632653
71499,71516,71978,17,462,2,7200,1.0367965368
71506,71529,72022,23,493,2,7200,1.04665314402
71522,71536,72028,14,492,2,7200,1.02845528455
71529,71571,72054,42,483,2,7200,1.08695652174
71535,71589,71983,54,394,2,7200,1.13705583756
71568,71596,72010,28,414,2,7200,1.06763285024
71586,71607,72066,21,459,2,7200,1.04575163399
71601,71614,72115,13,501,2,7200,1.02594810379
71603,71621,72129,18,508,2,7200,1.03543307087
71610,71629,72120,19,491,2,7200,1.03869653768
71617,71656,72197,39,541,2,7200,1.07208872458
71632,71669,72171,37,502,2,7200,1.07370517928
71655,71689,72214,34,525,2,7200,1.06476190476
71667,71695,72160,28,465,2,7200,1.06021505376
71688,71704,72167,16,463,2,7200,1.03455723542
71695,71717,72264,22,547,2,7200,1.04021937843
71702,71724,72216,22,492,2,7200,1.04471544715
71714,71731,72248,17,517,2,7200,1.03288201161
71730,71763,72264,33,501,2,7200,1.06586826347
71731,71747,72179,16,432,2,7200,1.03703703704
71743,71770,72233,27,463,2,7200,1.05831533477
71761,71783,72292,22,509,2,7200,1.04322200393
71777,71789,72159,12,370,2,7200,1.03243243243
71778,71797,72290,19,493,2,7200,1.03853955375
71785,71832,72376,47,544,2,7200,1.08639705882
71797,71839,72347,42,508,2,7200,1.08267716535
71830,71855,72374,25,519,2,7200,1.04816955684
71846,71943,72428,97,485,2,7200,1.2
71853,71950,72465,97,515,2,7200,1.18834951456
71939,71959,72462,20,503,2,7200,1.03976143141
71945,71974,72455,29,481,2,7200,1.06029106029
71961,71981,72424,20,443,2,7200,1.04514672686
71973,71990,72460,17,470,2,7200,1.03617021277
71980,71997,72500,17,503,2,7200,1.0337972167
71996,72003,72483,7,480,2,7200,1.01458333333
71997,72016,72500,19,484,2,7200,1.03925619835
71999,72010,72525,11,515,2,7200,1.0213592233
72006,72023,72458,17,435,2,7200,1.03908045977
72013,72035,72484,22,449,2,7200,1.04899777283
72029,72042,72575,13,533,2,7200,1.0243902439
72030,72060,72604,30,544,2,7200,1.05514705882
72037,72067,72476,30,409,2,7200,1.07334963325
72060,72079,72555,19,476,2,7200,1.03991596639
72067,72128,72672,61,544,2,7200,1.11213235294
72082,72135,72639,53,504,2,7200,1.10515873016
72126,72142,72627,16,485,2,7200,1.03298969072
72133,72171,72683,38,512,2,7200,1.07421875
72148,72178,72687,30,509,2,7200,1.05893909627
72171,72185,72679,14,494,2,7200,1.02834008097
72178,72190,72720,12,530,2,7200,1.02264150943
72194,72200,72584,6,384,2,7200,1.015625
72196,72209,72694,13,485,2,7200,1.02680412371
72197,72226,72579,29,353,2,7200,1.0821529745
72209,72233,72727,24,494,2,7200,1.04858299595
72221,72245,72760,24,515,2,7200,1.04660194175
72237,72260,72787,23,527,2,7200,1.04364326376
72244,72275,72750,31,475,2,7200,1.06526315789
72256,72281,72808,25,527,2,7200,1.04743833017
72273,72302,72843,29,541,2,7200,1.05360443623
72289,72309,72842,20,533,2,7200,1.03752345216
72301,72358,72879,57,521,2,7200,1.1094049904
72308,72385,72886,77,501,2,7200,1.15369261477
72355,72392,72902,37,510,2,7200,1.07254901961
72383,72437,72927,54,490,2,7200,1.11020408163
72390,72444,73012,54,568,2,7200,1.09507042254
72437,72467,72985,30,518,2,7200,1.05791505792
72444,72474,73002,30,528,2,7200,1.05681818182
72466,72479,72914,13,435,2,7200,1.02988505747
72473,72486,72972,13,486,2,7200,1.02674897119
72490,72496,73010,6,514,2,7200,1.01167315175
72491,72502,72966,11,464,2,7200,1.02370689655
72493,72508,72990,15,482,2,7200,1.03112033195
72500,72515,73060,15,545,2,7200,1.02752293578
72507,72520,72988,13,468,2,7200,1.02777777778
72513,72527,72974,14,447,2,7200,1.03131991051
72520,72538,73047,18,509,2,7200,1.03536345776
72527,72567,73035,40,468,2,7200,1.08547008547
72543,72587,72956,44,369,2,7200,1.11924119241
72565,72594,73073,29,479,2,7200,1.06054279749
72583,72601,73082,18,481,2,7200,1.03742203742
72598,72616,73087,18,471,2,7200,1.03821656051
72600,72639,73175,39,536,2,7200,1.07276119403
72612,72651,73139,39,488,2,7200,1.07991803279
72635,72684,73172,49,488,2,7200,1.10040983607
72650,72690,73227,40,537,2,7200,1.07448789572
72683,72698,73104,15,406,2,7200,1.03694581281
72690,72705,73276,15,571,2,7200,1.02626970228
72706,72714,73207,8,493,2,7200,1.01622718053
72708,72733,73211,25,478,2,7200,1.05230125523
72709,72739,73223,30,484,2,7200,1.06198347107
72732,72762,73253,30,491,2,7200,1.06109979633
72739,72772,73293,33,521,2,7200,1.06333973129
72760,72799,73331,39,532,2,7200,1.07330827068
72772,72820,73354,48,534,2,7200,1.08988764045
72795,72854,73361,59,507,2,7200,1.11637080868
72818,72861,73399,43,538,2,7200,1.07992565056
72856,72891,73340,35,449,2,7200,1.07795100223
72857,72898,73375,41,477,2,7200,1.08595387841
72890,72914,73328,24,414,2,7200,1.05797101449
72897,72925,73448,28,523,2,7200,1.05353728489
72913,72939,73442,26,503,2,7200,1.05168986083
72925,72968,73523,43,555,2,7200,1.07747747748
72937,72978,73482,41,504,2,7200,1.08134920635
72969,72985,73508,16,523,2,7200,1.03059273423
72976,72992,73454,16,462,2,7200,1.03463203463
72983,72999,73515,16,516,2,7200,1.03100775194
72989,73004,73554,15,550,2,7200,1.02727272727
73006,73012,73546,6,534,2,7200,1.01123595506
73008,73020,73519,12,499,2,7200,1.02404809619
73009,73027,73534,18,507,2,7200,1.03550295858
73016,73032,73527,16,495,2,7200,1.03232323232
73023,73048,73535,25,487,2,7200,1.05133470226
73030,73059,73539,29,480,2,7200,1.06041666667
73045,73073,73590,28,517,2,7200,1.05415860735
73058,73085,73575,27,490,2,7200,1.05510204082
73070,73094,73491,24,397,2,7200,1.0604534005
73086,73101,73618,15,517,2,7200,1.02901353965
73092,73116,73579,24,463,2,7200,1.05183585313
73099,73151,73518,52,367,2,7200,1.1416893733
73112,73184,73609,72,425,2,7200,1.16941176471
73148,73191,73711,43,520,2,7200,1.08269230769
73181,73220,73642,39,422,2,7200,1.09241706161
73186,96949,122025,23763,25076,2,43200,1.9476391769
73188,73227,73707,39,480,2,7200,1.08125
73220,73236,73717,16,481,2,7200,1.03326403326
73227,73243,73720,16,477,2,7200,1.03354297694
73234,73266,73730,32,464,2,7200,1.06896551724
73241,73288,73718,47,430,2,7200,1.10930232558
73250,76645,80076,3395,3431,2,18000,1.98950743224
73267,73305,73809,38,504,2,7200,1.0753968254
73284,73339,73833,55,494,2,7200,1.11133603239
73302,73346,73864,44,518,2,7200,1.08494208494
73338,73353,73662,15,309,2,7200,1.04854368932
73345,73367,73871,22,504,2,7200,1.04365079365
73352,73374,73747,22,373,2,7200,1.05898123324
73364,73387,73885,23,498,2,7200,1.04618473896
73380,73411,73794,31,383,2,7200,1.08093994778
73387,73454,73976,67,522,2,7200,1.12835249042
73410,73461,73927,51,466,2,7200,1.10944206009
73453,73468,73934,15,466,2,7200,1.0321888412
73469,73495,74017,26,522,2,7200,1.04980842912
73471,73502,73979,31,477,2,7200,1.06498951782
73494,73521,73930,27,409,2,7200,1.06601466993
73500,73528,74052,28,524,2,7200,1.0534351145
73522,73535,74083,13,548,2,7200,1.02372262774
73524,73540,74073,16,533,2,7200,1.03001876173
73531,73547,74004,16,457,2,7200,1.03501094092
73538,73552,74053,14,501,2,7200,1.02794411178
73545,73559,74082,14,523,2,7200,1.02676864245
73552,73564,74105,12,541,2,7200,1.02218114603
73568,73575,74058,7,483,2,7200,1.01449275362
73570,73581,74096,11,515,2,7200,1.0213592233
73572,73587,74084,15,497,2,7200,1.03018108652
73579,73594,74074,15,480,2,7200,1.03125
73586,73599,74097,13,498,2,7200,1.02610441767
73592,73606,74082,14,476,2,7200,1.02941176471
73599,73621,74098,22,477,2,7200,1.04612159329
73615,73630,74171,15,541,2,7200,1.02772643253
73617,73655,74126,38,471,2,7200,1.08067940552
73629,73675,74173,46,498,2,7200,1.09236947791
73651,73719,74260,68,541,2,7200,1.12569316081
73672,73726,74282,54,556,2,7200,1.09712230216
73716,73733,74234,17,501,2,7200,1.03393213573
73723,73738,74235,15,497,2,7200,1.03018108652
73739,73747,74123,8,376,2,7200,1.02127659574
73741,73752,74271,11,519,2,7200,1.02119460501
73748,73759,74273,11,514,2,7200,1.02140077821
73749,73806,74308,57,502,2,7200,1.11354581673
73756,73822,74248,66,426,2,7200,1.15492957746
73805,73846,74358,41,512,2,7200,1.080078125
73821,73876,74396,55,520,2,7200,1.10576923077
73843,73883,74378,40,495,2,7200,1.08080808081
73877,73897,74429,20,532,2,7200,1.03759398496
73892,73939,74420,47,481,2,7200,1.09771309771
73894,73946,74314,52,368,2,7200,1.14130434783
73938,73951,74508,13,557,2,7200,1.02333931777
73945,73988,74498,43,510,2,7200,1.08431372549
73960,73995,74357,35,362,2,7200,1.09668508287
73988,74016,74551,28,535,2,7200,1.0523364486
73995,74029,74557,34,528,2,7200,1.06439393939
74016,74064,74448,48,384,2,7200,1.125
74029,74071,74552,42,481,2,7200,1.08731808732
74062,74076,74611,14,535,2,7200,1.0261682243
74078,74085,74522,7,437,2,7200,1.01601830664
74080,74092,74592,12,500,2,7200,1.024
74082,74099,74619,17,520,2,7200,1.03269230769
74089,74105,74619,16,514,2,7200,1.03112840467
74096,74112,74565,16,453,2,7200,1.0353200883
74103,74117,74632,14,515,2,7200,1.02718446602
74120,74127,74646,7,519,2,7200,1.01348747592
74121,74134,74601,13,467,2,7200,1.0278372591
74123,74139,74674,16,535,2,7200,1.02990654206
74130,74146,74601,16,455,2,7200,1.03516483516
74137,74151,74638,14,487,2,7200,1.02874743326
74144,74159,74594,15,435,2,7200,1.03448275862
74151,74184,74586,33,402,2,7200,1.08208955224
74158,74191,74706,33,515,2,7200,1.0640776699
74184,74245,74749,61,504,2,7200,1.12103174603
74191,74253,74777,62,524,2,7200,1.11832061069
74245,74260,74761,15,501,2,7200,1.02994011976
74252,74272,74705,20,433,2,7200,1.04618937644
74268,74283,74789,15,506,2,7200,1.02964426877
74270,74290,74791,20,501,2,7200,1.03992015968
74282,74297,74797,15,500,2,7200,1.03
74289,74321,74847,32,526,2,7200,1.0608365019
74304,74328,74837,24,509,2,7200,1.04715127701
74317,74369,74851,52,482,2,7200,1.10788381743
74329,74375,74915,46,540,2,7200,1.08518518519
74366,74390,74888,24,498,2,7200,1.04819277108
74373,74408,74816,35,408,2,7200,1.08578431373
74390,74432,74956,42,524,2,7200,1.08015267176
74408,74441,74982,33,541,2,7200,1.06099815157
74429,74460,74954,31,494,2,7200,1.06275303644
74441,74510,75010,69,500,2,7200,1.138
74459,74520,75030,61,510,2,7200,1.11960784314
74508,74535,75049,27,514,2,7200,1.05252918288
74524,74563,75057,39,494,2,7200,1.07894736842
74531,74570,75080,39,510,2,7200,1.07647058824
74559,74575,75063,16,488,2,7200,1.03278688525
74566,74582,74910,16,328,2,7200,1.0487804878
74581,74598,74650,17,52,2,7200,1.32692307692
74583,74605,75112,22,507,2,7200,1.04339250493
74595,74612,75103,17,491,2,7200,1.03462321792
74602,74619,75123,17,504,2,7200,1.03373015873
74618,74626,75055,8,429,2,7200,1.01864801865
74620,74633,75120,13,487,2,7200,1.02669404517
74622,74638,75169,16,531,2,7200,1.03013182674
74634,74646,75131,12,485,2,7200,1.02474226804
74635,74652,75154,17,502,2,7200,1.03386454183
74642,74659,75094,17,435,2,7200,1.03908045977
74658,74666,75174,8,508,2,7200,1.0157480315
74660,74672,75094,12,422,2,7200,1.02843601896
74662,74686,75184,24,498,2,7200,1.04819277108
74669,74717,75222,48,505,2,7200,1.09504950495
74686,74724,75252,38,528,2,7200,1.07196969697
74714,74761,75212,47,451,2,7200,1.10421286031
74730,74773,75306,43,533,2,7200,1.08067542214
74757,74789,75275,32,486,2,7200,1.0658436214
74770,74801,75314,31,513,2,7200,1.0604288499
74786,74808,75263,22,455,2,7200,1.04835164835
74798,74815,75323,17,508,2,7200,1.03346456693
74805,74827,75357,22,530,2,7200,1.04150943396
74821,74849,75391,28,542,2,7200,1.05166051661
74827,74859,75337,32,478,2,7200,1.06694560669
74845,74866,75285,21,419,2,7200,1.05011933174
74857,74900,75396,43,496,2,7200,1.08669354839
74873,74922,75403,49,481,2,7200,1.10187110187
74901,74929,75450,28,521,2,7200,1.0537428023
74918,74966,75471,48,505,2,7200,1.09504950495
74933,74973,75507,40,534,2,7200,1.07490636704
74961,74994,75468,33,474,2,7200,1.06962025316
74974,75022,75527,48,505,2,7200,1.09504950495
74995,75043,75521,48,478,2,7200,1.10041841004
75023,75061,75572,38,511,2,7200,1.07436399217
75040,75068,75551,28,483,2,7200,1.05797101449
75062,75075,75582,13,507,2,7200,1.02564102564
75069,75080,75588,11,508,2,7200,1.02165354331
75070,75092,75592,22,500,2,7200,1.044
75077,75106,75622,29,516,2,7200,1.05620155039
75089,75111,75677,22,566,2,7200,1.03886925795
75105,75118,75566,13,448,2,7200,1.02901785714
75107,75125,75646,18,521,2,7200,1.03454894434
75114,75132,75273,18,141,2,7200,1.12765957447
75121,75139,75640,18,501,2,7200,1.03592814371
75127,75146,75662,19,516,2,7200,1.03682170543
75143,75166,75708,23,542,2,7200,1.04243542435
75145,75196,75700,51,504,2,7200,1.10119047619
75162,75234,75777,72,543,2,7200,1.13259668508
75196,75275,75793,79,518,2,7200,1.15250965251
75233,75288,75791,55,503,2,7200,1.10934393638
75271,75319,75864,48,545,2,7200,1.0880733945
75283,75349,75872,66,523,2,7200,1.12619502868
75317,75369,75868,52,499,2,7200,1.10420841683
75345,75403,75929,58,526,2,7200,1.1102661597
75367,75480,75925,113,445,2,7200,1.25393258427
75406,75539,76042,133,503,2,7200,1.26441351889
75476,75564,76069,88,505,2,7200,1.17425742574
75535,75584,76095,49,511,2,7200,1.09589041096
75563,75600,76128,37,528,2,7200,1.07007575758
75581,75607,76152,26,545,2,7200,1.04770642202
75598,75634,76172,36,538,2,7200,1.06691449814
75605,75652,76222,47,570,2,7200,1.08245614035
75633,75659,76130,26,471,2,7200,1.05520169851
75650,75673,76157,23,484,2,7200,1.04752066116
75657,75689,76178,32,489,2,7200,1.0654396728
75669,75712,76179,43,467,2,7200,1.09207708779
75686,75720,76232,34,512,2,7200,1.06640625
75709,75789,76300,80,511,2,7200,1.15655577299
75727,75803,76181,76,378,2,7200,1.20105820106
75786,75809,76283,23,474,2,7200,1.04852320675
75798,75877,76309,79,432,2,7200,1.18287037037
75805,75884,76435,79,551,2,7200,1.14337568058
75875,75889,76387,14,498,2,7200,1.0281124498
75882,75937,76336,55,399,2,7200,1.13784461153
75889,75944,76391,55,447,2,7200,1.12304250559
75937,76054,76572,117,518,2,7200,1.22586872587
75944,76081,76607,137,526,2,7200,1.26045627376
76051,76108,76604,57,496,2,7200,1.11491935484
76079,76140,76658,61,518,2,7200,1.11776061776
76106,76147,76643,41,496,2,7200,1.08266129032
76140,76163,76622,23,459,2,7200,1.05010893246
76146,76168,76651,22,483,2,7200,1.04554865424
76159,76176,76704,17,528,2,7200,1.0321969697
76165,76181,76682,16,501,2,7200,1.03193612774
76172,76188,76693,16,505,2,7200,1.03168316832
76179,76195,76721,16,526,2,7200,1.03041825095
76186,76200,76735,14,535,2,7200,1.0261682243
76204,76210,76712,6,502,2,7200,1.01195219124
76206,76235,76766,29,531,2,7200,1.05461393597
76207,76245,76608,38,363,2,7200,1.10468319559
76235,76295,76673,60,378,2,7200,1.15873015873
76242,76313,76789,71,476,2,7200,1.14915966387
76291,76322,76718,31,396,2,7200,1.07828282828
76308,76348,76673,40,325,2,7200,1.12307692308
76321,76400,76766,79,366,2,7200,1.21584699454
76343,76407,76881,64,474,2,7200,1.13502109705
76397,76447,76856,50,409,2,7200,1.12224938875
76404,76584,77009,180,425,2,7200,1.42352941176
76442,76616,77113,174,497,2,7200,1.35010060362
76580,76623,77143,43,520,2,7200,1.08269230769
76614,76628,77134,14,506,2,7200,1.02766798419
76620,76635,77126,15,491,2,7200,1.03054989817
76627,76640,77171,13,531,2,7200,1.02448210923
76634,76655,77182,21,527,2,7200,1.03984819734
76636,76664,77173,28,509,2,7200,1.05500982318
76653,76671,77176,18,505,2,7200,1.03564356436
76670,76685,77197,15,512,2,7200,1.029296875
76672,76690,77221,18,531,2,7200,1.03389830508
76684,76697,77186,13,489,2,7200,1.02658486708
76685,76705,77056,20,351,2,7200,1.05698005698
76692,76715,77241,23,526,2,7200,1.04372623574
76704,76724,77245,20,521,2,7200,1.03838771593
76711,76731,77116,20,385,2,7200,1.05194805195
76723,76738,77227,15,489,2,7200,1.03067484663
76730,76747,77209,17,462,2,7200,1.0367965368
76737,76778,77284,41,506,2,7200,1.08102766798
76744,76783,77273,39,490,2,7200,1.07959183673
76777,76802,77273,25,471,2,7200,1.05307855626
76779,76868,77393,89,525,2,7200,1.16952380952
76801,76893,77425,92,532,2,7200,1.17293233083
76866,77022,77513,156,491,2,7200,1.31771894094
76888,77068,77589,180,521,2,7200,1.34548944338
77021,77125,77633,104,508,2,7200,1.20472440945
77070,77132,77642,62,510,2,7200,1.12156862745
77124,77139,77665,15,526,2,7200,1.02851711027
77131,77146,77636,15,490,2,7200,1.0306122449
77138,77154,77626,16,472,2,7200,1.03389830508
77145,77183,77677,38,494,2,7200,1.07692307692
77152,77190,77744,38,554,2,7200,1.06859205776
77179,77195,77613,16,418,2,7200,1.03827751196
77186,77202,77724,16,522,2,7200,1.030651341
77193,77207,77694,14,487,2,7200,1.02874743326
77200,77214,77736,14,522,2,7200,1.02681992337
77207,77220,77759,13,539,2,7200,1.0241187384
77214,77233,77753,19,520,2,7200,1.03653846154
77220,77239,77731,19,492,2,7200,1.03861788618
77233,77253,77764,20,511,2,7200,1.03913894325
77239,77260,77767,21,507,2,7200,1.04142011834
77252,77284,77761,32,477,2,7200,1.06708595388
77269,77290,77787,21,497,2,7200,1.04225352113
77281,77297,77829,16,532,2,7200,1.03007518797
77287,77405,77822,118,417,2,7200,1.2829736211
77294,77438,77939,144,501,2,7200,1.2874251497
77401,77526,78071,125,545,2,7200,1.22935779817
77434,77602,78056,168,454,2,7200,1.37004405286
77525,77625,78109,100,484,2,7200,1.20661157025
77600,77638,78159,38,521,2,7200,1.07293666027
77622,77645,78118,23,473,2,7200,1.04862579281
77635,77652,78166,17,514,2,7200,1.03307392996
77641,77659,78139,18,480,2,7200,1.0375
77648,77677,78156,29,479,2,7200,1.06054279749
77655,77689,78200,34,511,2,7200,1.06653620352
77673,77705,78273,32,568,2,7200,1.05633802817
77685,77737,78226,52,489,2,7200,1.1063394683
77702,77744,78234,42,490,2,7200,1.08571428571
77736,77751,78156,15,405,2,7200,1.03703703704
77743,77758,78302,15,544,2,7200,1.02757352941
77749,77765,78264,16,499,2,7200,1.03206412826
77756,77772,78285,16,513,2,7200,1.03118908382
77763,77779,78235,16,456,2,7200,1.0350877193
77770,77784,78320,14,536,2,7200,1.02611940299
77777,77791,78284,14,493,2,7200,1.02839756592
77784,77799,78322,15,523,2,7200,1.02868068834
77791,77834,78349,43,515,2,7200,1.08349514563
77798,77840,78338,42,498,2,7200,1.0843373494
77831,77952,78454,121,502,2,7200,1.24103585657
77838,78068,78452,230,384,2,7200,1.59895833333
77950,78084,78591,134,507,2,7200,1.26429980276
78066,78121,78558,55,437,2,7200,1.12585812357
78084,78130,78586,46,456,2,7200,1.10087719298
78117,78151,78536,34,385,2,7200,1.08831168831
78129,78168,78649,39,481,2,7200,1.08108108108
78151,78173,78661,22,488,2,7200,1.04508196721
78164,78180,78643,16,463,2,7200,1.03455723542
78170,78185,78696,15,511,2,7200,1.02935420744
78177,78212,78681,35,469,2,7200,1.07462686567
78184,78238,78733,54,495,2,7200,1.10909090909
78212,78252,78755,40,503,2,7200,1.07952286282
78235,78257,78670,22,413,2,7200,1.05326876513
78252,78277,78799,25,522,2,7200,1.04789272031
78254,78286,78807,32,521,2,7200,1.06142034549
78277,78297,78823,20,526,2,7200,1.03802281369
78284,78302,78558,18,256,2,7200,1.0703125
78296,78314,78786,18,472,2,7200,1.03813559322
78303,78332,78788,29,456,2,7200,1.06359649123
78310,78339,78791,29,452,2,7200,1.06415929204
78332,78350,78878,18,528,2,7200,1.03409090909
78339,78362,78846,23,484,2,7200,1.04752066116
78357,78464,78988,107,524,2,7200,1.20419847328
78358,78471,78982,113,511,2,7200,1.22113502935
78460,78548,79010,88,462,2,7200,1.19047619048
78466,78570,79128,104,558,2,7200,1.18637992832
78547,78575,79125,28,550,2,7200,1.05090909091
78569,78598,79046,29,448,2,7200,1.06473214286
78571,78605,79098,34,493,2,7200,1.06896551724
78593,78654,79134,61,480,2,7200,1.12708333333
78600,78662,79175,62,513,2,7200,1.12085769981
78654,78673,79213,19,540,2,7200,1.03518518519
78661,78682,79198,21,516,2,7200,1.04069767442
78668,78692,79180,24,488,2,7200,1.04918032787
78680,78708,79173,28,465,2,7200,1.06021505376
78692,78744,79247,52,503,2,7200,1.10337972167
78704,78767,79281,63,514,2,7200,1.12256809339
78743,78798,79285,55,487,2,7200,1.11293634497
78765,78805,79375,40,570,2,7200,1.0701754386
78799,78812,79328,13,516,2,7200,1.02519379845
78801,78817,79346,16,529,2,7200,1.03024574669
78808,78824,79321,16,497,2,7200,1.03219315895
78815,78834,79337,19,503,2,7200,1.03777335984
78821,78859,79342,38,483,2,7200,1.07867494824
78834,78890,79450,56,560,2,7200,1.1
78856,78994,79537,138,543,2,7200,1.25414364641
78889,79001,79504,112,503,2,7200,1.2226640159
78990,79022,79564,32,542,2,7200,1.05904059041
78997,79059,79500,62,441,2,7200,1.14058956916
79020,79110,79588,90,478,2,7200,1.18828451883
79058,79138,79630,80,492,2,7200,1.16260162602
79106,79145,79658,39,513,2,7200,1.07602339181
79134,79152,79683,18,531,2,7200,1.03389830508
79141,79185,79585,44,400,2,7200,1.11
79148,79192,79730,44,538,2,7200,1.08178438662
79181,79197,79722,16,525,2,7200,1.03047619048
79188,79211,79729,23,518,2,7200,1.0444015444
79195,79224,79774,29,550,2,7200,1.05272727273
79212,79259,79760,47,501,2,7200,1.09381237525
79224,79294,79783,70,489,2,7200,1.14314928425
79257,79301,79801,44,500,2,7200,1.088
79290,79333,79830,43,497,2,7200,1.08651911469
79297,79339,79846,42,507,2,7200,1.08284023669
79330,79350,79883,20,533,2,7200,1.03752345216
79337,79357,79870,20,513,2,7200,1.03898635478
79349,79364,79769,15,405,2,7200,1.03703703704
79356,79388,79894,32,506,2,7200,1.06324110672
79362,79462,79948,100,486,2,7200,1.20576131687
79385,79511,80031,126,520,2,7200,1.24230769231
79460,79519,80043,59,524,2,7200,1.11259541985
79509,79549,80050,40,501,2,7200,1.07984031936
79515,79576,80075,61,499,2,7200,1.12224448898
79549,79596,80091,47,495,2,7200,1.09494949495
79571,79604,80050,33,446,2,7200,1.07399103139
79600,79642,80150,42,508,2,7200,1.08267716535
79601,79671,80149,70,478,2,7200,1.14644351464
79640,79695,80233,55,538,2,7200,1.10223048327
79668,79735,80261,67,526,2,7200,1.12737642586
79690,79742,80251,52,509,2,7200,1.1021611002
79734,79747,80231,13,484,2,7200,1.02685950413
79741,79773,80296,32,523,2,7200,1.06118546845
79748,79781,80291,33,510,2,7200,1.06470588235
79770,79789,80293,19,504,2,7200,1.0376984127
79777,79795,80255,18,460,2,7200,1.03913043478
79789,79813,80309,24,496,2,7200,1.04838709677
79796,79841,80315,45,474,2,7200,1.09493670886
79808,79858,80373,50,515,2,7200,1.09708737864
79841,79882,80284,41,402,2,7200,1.10199004975
79853,79896,80403,43,507,2,7200,1.08481262327
79881,79906,80447,25,541,2,7200,1.04621072089
79893,79960,80450,67,490,2,7200,1.13673469388
79910,80043,80579,133,536,2,7200,1.24813432836
79959,80055,80544,96,489,2,7200,1.1963190184
80039,80062,80554,23,492,2,7200,1.04674796748
80051,80067,80531,16,464,2,7200,1.03448275862
80058,80087,80573,29,486,2,7200,1.05967078189
80065,80092,80632,27,540,2,7200,1.05
80087,80104,80642,17,538,2,7200,1.03159851301
80089,80161,80679,72,518,2,7200,1.138996139
80101,80168,80660,67,492,2,7200,1.13617886179
80160,80242,80745,82,503,2,7200,1.16302186879
80167,80250,80744,83,494,2,7200,1.16801619433
80242,80263,80774,21,511,2,7200,1.04109589041
80249,80270,80780,21,510,2,7200,1.04117647059
80261,80277,80741,16,464,2,7200,1.03448275862
80268,80296,80838,28,542,2,7200,1.05166051661
80275,80303,80783,28,480,2,7200,1.05833333333
80298,80310,80818,12,508,2,7200,1.02362204724
80300,80315,80841,15,526,2,7200,1.02851711027
80307,80322,80846,15,524,2,7200,1.0286259542
80314,80329,80830,15,501,2,7200,1.02994011976
80321,80384,80886,63,502,2,7200,1.12549800797
80327,80389,80806,62,417,2,7200,1.14868105516
80381,80402,80913,21,511,2,7200,1.04109589041
80388,80407,80906,19,499,2,7200,1.0380761523
80400,80415,80888,15,473,2,7200,1.03171247357
80407,80459,80972,52,513,2,7200,1.10136452242
80414,80466,81005,52,539,2,7200,1.09647495362
80457,80544,80932,87,388,2,7200,1.22422680412
80464,80556,81066,92,510,2,7200,1.18039215686
80539,80566,81081,27,515,2,7200,1.05242718447
80552,80586,80984,34,398,2,7200,1.08542713568
80564,80592,81067,28,475,2,7200,1.05894736842
80586,80644,81166,58,522,2,7200,1.11111111111
80588,80654,81148,66,494,2,7200,1.13360323887
80642,80672,81205,30,533,2,7200,1.05628517824
80654,80691,81181,37,490,2,7200,1.07551020408
80671,80753,81265,82,512,2,7200,1.16015625
80688,80759,81268,71,509,2,7200,1.1394891945
80753,80764,81259,11,495,2,7200,1.02222222222
80754,80786,81282,32,496,2,7200,1.06451612903
80761,80793,81304,32,511,2,7200,1.0626223092
80784,80800,81334,16,534,2,7200,1.02996254682
80791,80818,81300,27,482,2,7200,1.05601659751
80798,80830,81340,32,510,2,7200,1.06274509804
80815,80842,81340,27,498,2,7200,1.05421686747
80827,80851,81342,24,491,2,7200,1.04887983707
80844,80858,81347,14,489,2,7200,1.02862985685
80846,80863,81374,17,511,2,7200,1.03326810176
80858,80898,81449,40,551,2,7200,1.07259528131
80860,80904,81320,44,416,2,7200,1.10576923077
80898,80918,81434,20,516,2,7200,1.03875968992
80905,80924,81433,19,509,2,7200,1.0373280943
80917,80944,81449,27,505,2,7200,1.05346534653
80924,80984,81538,60,554,2,7200,1.1083032491
80941,80995,81456,54,461,2,7200,1.11713665944
80979,81018,81515,39,497,2,7200,1.07847082495
80991,81078,81623,87,545,2,7200,1.15963302752
81014,81085,81611,71,526,2,7200,1.13498098859
81073,81093,81586,20,493,2,7200,1.04056795132
81080,81161,81646,81,485,2,7200,1.16701030928
81097,81178,81596,81,418,2,7200,1.19377990431
81157,81193,81693,36,500,2,7200,1.072
81174,81218,81727,44,509,2,7200,1.08644400786
81192,81272,81660,80,388,2,7200,1.20618556701
81214,81279,81750,65,471,2,7200,1.13800424628
81268,81286,81787,18,501,2,7200,1.03592814371
81275,81295,81832,20,537,2,7200,1.03724394786
81282,81312,81809,30,497,2,7200,1.06036217304
81294,81319,81832,25,513,2,7200,1.04873294347
81312,81332,81828,20,496,2,7200,1.04032258065
81318,81346,81883,28,537,2,7200,1.052141527
81331,81353,81883,22,530,2,7200,1.04150943396
81349,81360,81848,11,488,2,7200,1.02254098361
81351,81365,81897,14,532,2,7200,1.02631578947
81358,81372,81918,14,546,2,7200,1.02564102564
81364,81386,81881,22,495,2,7200,1.04444444444
81371,81445,81959,74,514,2,7200,1.1439688716
81383,81452,81959,69,507,2,7200,1.13609467456
81443,81460,81991,17,531,2,7200,1.03201506591
81450,81466,81972,16,506,2,7200,1.03162055336
81457,81473,82019,16,546,2,7200,1.0293040293
81463,81527,81959,64,432,2,7200,1.14814814815
81470,81551,82066,81,515,2,7200,1.1572815534
81524,81598,81928,74,330,2,7200,1.22424242424
81547,81608,82123,61,515,2,7200,1.11844660194
81596,81623,82117,27,494,2,7200,1.05465587045
81608,81635,82158,27,523,2,7200,1.05162523901
81620,81658,82162,38,504,2,7200,1.0753968254
81637,81672,82157,35,485,2,7200,1.07216494845
81655,81705,82161,50,456,2,7200,1.10964912281
81672,81740,82231,68,491,2,7200,1.13849287169
81705,81762,82240,57,478,2,7200,1.11924686192
81738,81800,82356,62,556,2,7200,1.11151079137
81761,81821,82348,60,527,2,7200,1.11385199241
81799,81841,82391,42,550,2,7200,1.07636363636
81817,81848,82362,31,514,2,7200,1.06031128405
81839,81853,82382,14,529,2,7200,1.02646502836
81846,81860,82371,14,511,2,7200,1.02739726027
81853,81893,82378,40,485,2,7200,1.0824742268
81860,81900,82405,40,505,2,7200,1.07920792079
81893,81905,82412,12,507,2,7200,1.02366863905
81900,81912,82396,12,484,2,7200,1.02479338843
81901,81930,82434,29,504,2,7200,1.05753968254
81908,81940,82451,32,511,2,7200,1.0626223092
81926,81970,82469,44,499,2,7200,1.08817635271
81938,81976,82518,38,542,2,7200,1.07011070111
81966,81983,82442,17,459,2,7200,1.03703703704
81973,81990,82490,17,500,2,7200,1.034
81980,82003,82469,23,466,2,7200,1.04935622318
81986,82031,82560,45,529,2,7200,1.08506616257
81999,82078,82522,79,444,2,7200,1.17792792793
82026,82129,82643,103,514,2,7200,1.20038910506
82075,82135,82666,60,531,2,7200,1.11299435028
82129,82169,82741,40,572,2,7200,1.06993006993
82146,82176,82686,30,510,2,7200,1.05882352941
82168,82181,82671,13,490,2,7200,1.02653061224
82175,82188,82641,13,453,2,7200,1.02869757174
82182,82243,82757,61,514,2,7200,1.1186770428
82183,82252,82747,69,495,2,7200,1.13939393939
82243,82360,82863,117,503,2,7200,1.23260437376
82250,82368,82888,118,520,2,7200,1.22692307692
82356,82374,82871,18,497,2,7200,1.03621730382
82368,82383,82886,15,503,2,7200,1.02982107356
82375,82390,82819,15,429,2,7200,1.03496503497
82382,82397,82878,15,481,2,7200,1.03118503119
82388,82409,82892,21,483,2,7200,1.04347826087
82406,82416,82945,10,529,2,7200,1.01890359168
82407,82423,82903,16,480,2,7200,1.03333333333
82414,82430,82935,16,505,2,7200,1.03168316832
82421,82446,82939,25,493,2,7200,1.05070993915
82428,82454,82994,26,540,2,7200,1.04814814815
82445,82463,82932,18,469,2,7200,1.03837953092
82452,82481,82979,29,498,2,7200,1.05823293173
82459,82486,82995,27,509,2,7200,1.05304518664
82481,82503,83049,22,546,2,7200,1.04029304029
82483,82530,83084,47,554,2,7200,1.08483754513
82500,82537,83047,37,510,2,7200,1.07254901961
82528,82573,83068,45,495,2,7200,1.09090909091
82535,82653,83161,118,508,2,7200,1.23228346457
82573,82659,83143,86,484,2,7200,1.17768595041
82653,82678,83047,25,369,2,7200,1.06775067751
82671,82685,83158,14,473,2,7200,1.02959830867
82678,82698,83219,20,521,2,7200,1.03838771593
82685,82753,83228,68,475,2,7200,1.14315789474
82697,82760,83234,63,474,2,7200,1.13291139241
82751,82769,83256,18,487,2,7200,1.03696098563
82758,82831,83350,73,519,2,7200,1.14065510597
82765,82874,83403,109,529,2,7200,1.20604914934
82829,82884,83389,55,505,2,7200,1.10891089109
82873,82891,83439,18,548,2,7200,1.03284671533
82880,82897,83439,17,542,2,7200,1.03136531365
82887,82904,83342,17,438,2,7200,1.03881278539
82894,82909,83420,15,511,2,7200,1.02935420744
82900,82916,83408,16,492,2,7200,1.0325203252
82907,82944,83447,37,503,2,7200,1.07355864811
82924,82951,83340,27,389,2,7200,1.06940874036
82941,82956,83439,15,483,2,7200,1.03105590062
82948,82963,83443,15,480,2,7200,1.03125
82955,82991,83528,36,537,2,7200,1.06703910615
82962,83006,83524,44,518,2,7200,1.08494208494
82990,83012,83520,22,508,2,7200,1.04330708661
83002,83060,83558,58,498,2,7200,1.11646586345
83009,83065,83576,56,511,2,7200,1.1095890411
83057,83072,83566,15,494,2,7200,1.03036437247
83064,83081,83590,17,509,2,7200,1.03339882122
83071,83096,83465,25,369,2,7200,1.06775067751
83078,83155,83680,77,525,2,7200,1.14666666667
83095,83171,83586,76,415,2,7200,1.18313253012
83154,83177,83676,23,499,2,7200,1.04609218437
83171,83231,83705,60,474,2,7200,1.12658227848
83178,83240,83710,62,470,2,7200,1.13191489362
83227,83247,83792,20,545,2,7200,1.03669724771
83239,83269,83806,30,537,2,7200,1.05586592179
83246,83352,83754,106,402,2,7200,1.26368159204
83268,83359,83807,91,448,2,7200,1.203125
83349,83366,83889,17,523,2,7200,1.03250478011
83355,83400,83912,45,512,2,7200,1.087890625
83362,83415,83947,53,532,2,7200,1.09962406015
83401,83422,83925,21,503,2,7200,1.04174950298
83418,83432,83978,14,546,2,7200,1.02564102564
83420,83450,83932,30,482,2,7200,1.0622406639
83432,83456,83926,24,470,2,7200,1.05106382979
83449,83462,83977,13,515,2,7200,1.02524271845
83456,83468,83986,12,518,2,7200,1.02316602317
83463,83475,84014,12,539,2,7200,1.02226345083
83464,83482,84010,18,528,2,7200,1.03409090909
83471,83532,84051,61,519,2,7200,1.11753371869
83478,83538,84037,60,499,2,7200,1.12024048096
83532,83545,84051,13,506,2,7200,1.0256916996
83539,83570,84099,31,529,2,7200,1.05860113422
83546,83579,84102,33,523,2,7200,1.06309751434
83568,83589,84080,21,491,2,7200,1.04276985743
83585,83598,84100,13,502,2,7200,1.02589641434
83587,83605,84117,18,512,2,7200,1.03515625
83594,83688,84209,94,521,2,7200,1.18042226488
83601,83695,84208,94,513,2,7200,1.18323586745
83686,83717,84241,31,524,2,7200,1.05916030534
83693,83724,84226,31,502,2,7200,1.06175298805
83716,83767,84282,51,515,2,7200,1.09902912621
83722,83804,84274,82,470,2,7200,1.17446808511
83766,83818,84316,52,498,2,7200,1.10441767068
83799,83824,84355,25,531,2,7200,1.04708097928
83816,83901,84451,85,550,2,7200,1.15454545455
83823,83924,84459,101,535,2,7200,1.18878504673
83898,83937,84420,39,483,2,7200,1.08074534161
83926,83942,84454,16,512,2,7200,1.03125
83933,83950,84461,17,511,2,7200,1.03326810176
83940,83959,84442,19,483,2,7200,1.03933747412
83947,83989,84486,42,497,2,7200,1.08450704225
83959,83995,84486,36,491,2,7200,1.0733197556
83987,84002,84561,15,559,2,7200,1.02683363148
83994,84021,84538,27,517,2,7200,1.05222437137
84000,84028,84535,28,507,2,7200,1.05522682446
84018,84049,84516,31,467,2,7200,1.06638115632
84024,84062,84607,38,545,2,7200,1.06972477064
84047,84068,84573,21,505,2,7200,1.04158415842
84059,84092,84599,33,507,2,7200,1.0650887574
84062,136008,136014,51946,6,16,259200,5195.2
84066,84111,84501,45,390,2,7200,1.11538461538
84088,84117,84583,29,466,2,7200,1.06223175966
84111,84122,84604,11,482,2,7200,1.02282157676
84117,84129,84671,12,542,2,7200,1.0221402214
84119,84220,84743,101,523,2,7200,1.1931166348
84126,84227,84779,101,552,2,7200,1.18297101449
84216,84238,84767,22,529,2,7200,1.0415879017
84223,84252,84729,29,477,2,7200,1.0607966457
84235,84286,84804,51,518,2,7200,1.09845559846
84253,84295,84833,42,538,2,7200,1.0780669145
84286,84328,84853,42,525,2,7200,1.08
84293,84367,84901,74,534,2,7200,1.13857677903
84326,84432,84919,106,487,2,7200,1.21765913758
84364,84454,84936,90,482,2,7200,1.1867219917
84428,84463,84894,35,431,2,7200,1.08120649652
84451,84470,84966,19,496,2,7200,1.03830645161
84468,84477,84982,9,505,2,7200,1.01782178218
84470,84482,84982,12,500,2,7200,1.024
84477,84498,85012,21,514,2,7200,1.04085603113
84478,84503,84971,25,468,2,7200,1.05341880342
84495,84513,85060,18,547,2,7200,1.03290676417
84502,84529,84980,27,451,2,7200,1.05986696231
84509,84547,85043,38,496,2,7200,1.07661290323
84526,84554,85098,28,544,2,7200,1.05147058824
84544,84573,85119,29,546,2,7200,1.05311355311
84551,84585,85059,34,474,2,7200,1.07172995781
84568,84595,85090,27,495,2,7200,1.05454545455
84580,84611,85116,31,505,2,7200,1.06138613861
84592,84618,85158,26,540,2,7200,1.04814814815
84610,84624,85153,14,529,2,7200,1.02646502836
84617,84683,85196,66,513,2,7200,1.12865497076
84633,84742,85225,109,483,2,7200,1.22567287785
84682,84756,85267,74,511,2,7200,1.14481409002
84741,84779,85278,38,499,2,7200,1.07615230461
84754,84791,85267,37,476,2,7200,1.07773109244
84776,84816,85322,40,506,2,7200,1.0790513834
84788,84845,85344,57,499,2,7200,1.11422845691
84816,84865,85416,49,551,2,7200,1.0889292196
84844,84907,85418,63,511,2,7200,1.12328767123
84862,84914,85438,52,524,2,7200,1.09923664122
84905,84932,85460,27,528,2,7200,1.05113636364
84912,84948,85442,36,494,2,7200,1.07287449393
84929,84979,85501,50,522,2,7200,1.09578544061
84946,84986,85485,40,499,2,7200,1.08016032064
84979,84993,85515,14,522,2,7200,1.02681992337
84986,85000,85503,14,503,2,7200,1.02783300199
84993,85005,85500,12,495,2,7200,1.02424242424
85000,85024,85549,24,525,2,7200,1.04571428571
85002,85056,85550,54,494,2,7200,1.10931174089
85019,85071,85550,52,479,2,7200,1.10855949896
85052,85076,85610,24,534,2,7200,1.04494382022
85070,85102,85624,32,522,2,7200,1.06130268199
85077,85111,85564,34,453,2,7200,1.07505518764
85099,85129,85613,30,484,2,7200,1.06198347107
85111,85136,85618,25,482,2,7200,1.05186721992
85128,85164,85641,36,477,2,7200,1.07547169811
85135,85171,85677,36,506,2,7200,1.07114624506
85163,85176,85646,13,470,2,7200,1.02765957447
85170,85183,85694,13,511,2,7200,1.02544031311
85177,85188,85703,11,515,2,7200,1.0213592233
85178,85208,85737,30,529,2,7200,1.05671077505
85185,85238,85717,53,479,2,7200,1.11064718163
85208,85279,85797,71,518,2,7200,1.13706563707
85236,85284,85795,48,511,2,7200,1.0939334638
85280,85291,85826,11,535,2,7200,1.02056074766
85281,85334,85782,53,448,2,7200,1.11830357143
85288,85357,85851,69,494,2,7200,1.13967611336
85332,85428,85930,96,502,2,7200,1.19123505976
85359,85435,85782,76,347,2,7200,1.21902017291
85374,86718,86897,1344,179,2,21600,8.50837988827
85428,85451,85939,23,488,2,7200,1.04713114754
85435,85458,85957,23,499,2,7200,1.04609218437
85448,85472,85984,24,512,2,7200,1.046875
85454,85497,85980,43,483,2,7200,1.08902691511
85472,85512,85973,40,461,2,7200,1.08676789588
85494,85518,85973,24,455,2,7200,1.05274725275
85512,85524,86079,12,555,2,7200,1.02162162162
85519,85531,86006,12,475,2,7200,1.02526315789
85535,85560,85981,25,421,2,7200,1.0593824228
85537,85568,86084,31,516,2,7200,1.06007751938
85560,85573,86098,13,525,2,7200,1.02476190476
85567,85580,86053,13,473,2,7200,1.02748414376
85574,85622,86145,48,523,2,7200,1.09177820268
85580,85629,86156,49,527,2,7200,1.09297912713
85619,85636,86154,17,518,2,7200,1.03281853282
85626,85641,86187,15,546,2,7200,1.02747252747
85633,85653,86173,20,520,2,7200,1.03846153846
85639,85660,86145,21,485,2,7200,1.04329896907
85656,85689,86203,33,514,2,7200,1.06420233463
85658,85705,86229,47,524,2,7200,1.08969465649
85686,85715,86212,29,497,2,7200,1.0583501006
85703,85729,86219,26,490,2,7200,1.05306122449
85715,85749,86294,34,545,2,7200,1.0623853211
85727,85794,86287,67,493,2,7200,1.13590263692
85745,85799,86324,54,525,2,7200,1.10285714286
85793,85808,86344,15,536,2,7200,1.02798507463
85795,85815,86287,20,472,2,7200,1.04237288136
85807,85838,86367,31,529,2,7200,1.05860113422
85823,85864,86379,41,515,2,7200,1.07961165049
85835,85943,86486,108,543,2,7200,1.19889502762
85863,85951,86457,88,506,2,7200,1.17391304348
85938,85969,86439,31,470,2,7200,1.06595744681
85950,85984,86498,34,514,2,7200,1.06614785992
85968,85990,86502,22,512,2,7200,1.04296875
85980,85997,86537,17,540,2,7200,1.03148148148
85987,86002,86514,15,512,2,7200,1.029296875
85993,86009,86528,16,519,2,7200,1.03082851638
86010,86017,86517,7,500,2,7200,1.014
86012,86065,86590,53,525,2,7200,1.10095238095
86014,86091,86622,77,531,2,7200,1.1450094162
86062,86098,86588,36,490,2,7200,1.07346938776
86090,86110,86597,20,487,2,7200,1.04106776181
86097,86156,86686,59,530,2,7200,1.11132075472
86109,86162,86655,53,493,2,7200,1.10750507099
86153,86169,86665,16,496,2,7200,1.03225806452
86160,86174,86686,14,512,2,7200,1.02734375
86166,86184,86697,18,513,2,7200,1.0350877193
86173,86199,86728,26,529,2,7200,1.04914933837
86189,86216,86717,27,501,2,7200,1.05389221557
86196,86224,86706,28,482,2,7200,1.05809128631
86214,86230,86781,16,551,2,7200,1.02903811252
86221,86241,86779,20,538,2,7200,1.03717472119
86227,86299,86823,72,524,2,7200,1.13740458015
86240,86304,86813,64,509,2,7200,1.1257367387
86299,86311,86808,12,497,2,7200,1.02414486922
86301,86335,86854,34,519,2,7200,1.0655105973
86308,86356,86859,48,503,2,7200,1.09542743539
86335,86379,86894,44,515,2,7200,1.0854368932
86357,86391,86657,34,266,2,7200,1.12781954887
86374,86451,86970,77,519,2,7200,1.14836223507
86386,86469,86967,83,498,2,7200,1.16666666667
86451,86498,87015,47,517,2,7200,1.09090909091
86468,86510,87028,42,518,2,7200,1.08108108108
86496,86517,86996,21,479,2,7200,1.04384133612
86509,86527,87050,18,523,2,7200,1.034416826
86515,86534,87019,19,485,2,7200,1.03917525773
86528,86541,87062,13,521,2,7200,1.02495201536
86545,86552,87054,7,502,2,7200,1.01394422311
86546,86600,87100,54,500,2,7200,1.108
86548,86606,87140,58,534,2,7200,1.10861423221
86597,86614,87155,17,541,2,7200,1.0314232902
86603,86634,87131,31,497,2,7200,1.06237424547
86610,86666,87191,56,525,2,7200,1.10666666667
86633,86673,87165,40,492,2,7200,1.08130081301
86666,86679,87156,13,477,2,7200,1.02725366876
86673,86698,87225,25,527,2,7200,1.04743833017
86680,86703,87221,23,518,2,7200,1.0444015444
86697,86710,87207,13,497,2,7200,1.02615694165
86714,86729,87211,15,482,2,7200,1.03112033195
86716,86741,87251,25,510,2,7200,1.04901960784
86728,86790,87290,62,500,2,7200,1.124
86740,86798,87321,58,523,2,7200,1.11089866157
86789,86820,87257,31,437,2,7200,1.0709382151
86796,86827,87339,31,512,2,7200,1.060546875
86819,86836,87335,17,499,2,7200,1.03406813627
86825,86866,87423,41,557,2,7200,1.07360861759
86832,86873,87376,41,503,2,7200,1.08151093439
86865,86905,87426,40,521,2,7200,1.07677543186
86872,86913,87414,41,501,2,7200,1.08183632735
86904,87008,87530,104,522,2,7200,1.19923371648
86911,87027,87535,116,508,2,7200,1.22834645669
87007,87040,87564,33,524,2,7200,1.06297709924
87024,87063,87586,39,523,2,7200,1.07456978967
87036,87070,87609,34,539,2,7200,1.06307977737
87059,87077,87611,18,534,2,7200,1.03370786517
87066,87112,87631,46,519,2,7200,1.08863198459
87074,87143,87626,69,483,2,7200,1.14285714286
87112,87152,87669,40,517,2,7200,1.07736943907
87140,87167,87639,27,472,2,7200,1.05720338983
87157,87173,87665,16,492,2,7200,1.0325203252
87164,87180,87674,16,494,2,7200,1.03238866397
87171,87202,87740,31,538,2,7200,1.05762081784
87178,87223,87736,45,513,2,7200,1.08771929825
87200,87234,87760,34,526,2,7200,1.06463878327
87223,87241,87714,18,473,2,7200,1.03805496829
87230,87263,87800,33,537,2,7200,1.06145251397
87237,87270,87760,33,490,2,7200,1.06734693878
87259,87302,87785,43,483,2,7200,1.08902691511
87266,87347,87838,81,491,2,7200,1.1649694501
87299,87354,87859,55,505,2,7200,1.10891089109
87343,87383,87904,40,521,2,7200,1.07677543186
87350,87388,87909,38,521,2,7200,1.07293666027
87383,87395,87913,12,518,2,7200,1.02316602317
87400,87406,87914,6,508,2,7200,1.01181102362
87402,87413,87897,11,484,2,7200,1.02272727273
87403,87418,87888,15,470,2,7200,1.03191489362
87410,87425,87906,15,481,2,7200,1.03118503119
87417,87436,87897,19,461,2,7200,1.04121475054
87424,87442,87983,18,541,2,7200,1.03327171904
87436,87542,88050,106,508,2,7200,1.20866141732
87443,87549,88088,106,539,2,7200,1.19666048237
87539,87576,88082,37,506,2,7200,1.07312252964
87546,87598,88082,52,484,2,7200,1.10743801653
87574,87621,88140,47,519,2,7200,1.09055876686
87596,87628,88180,32,552,2,7200,1.05797101449
87619,87638,88142,19,504,2,7200,1.0376984127
87635,87645,88164,10,519,2,7200,1.01926782274
87637,87652,88085,15,433,2,7200,1.03464203233
87644,87677,88185,33,508,2,7200,1.06496062992
87651,87684,88163,33,479,2,7200,1.06889352818
87673,87691,88192,18,501,2,7200,1.03592814371
87680,87726,88213,46,487,2,7200,1.09445585216
87687,87748,88262,61,514,2,7200,1.1186770428
87725,87754,88245,29,491,2,7200,1.05906313646
87748,87772,88270,24,498,2,7200,1.04819277108
87755,87777,88270,22,493,2,7200,1.04462474645
87772,87798,88321,26,523,2,7200,1.04971319312
87789,87812,88297,23,485,2,7200,1.04742268041
87795,87849,88351,54,502,2,7200,1.10756972112
87807,87871,88400,64,529,2,7200,1.12098298677
87846,87899,88366,53,467,2,7200,1.11349036403
87868,87908,88435,40,527,2,7200,1.07590132827
87896,87914,88401,18,487,2,7200,1.03696098563
87908,87921,88429,13,508,2,7200,1.02559055118
87910,87926,88434,16,508,2,7200,1.03149606299
87917,87933,88428,16,495,2,7200,1.03232323232
87924,87938,88381,14,443,2,7200,1.0316027088
87941,87948,88471,7,523,2,7200,1.01338432122
87943,87995,88503,52,508,2,7200,1.10236220472
87944,88062,88574,118,512,2,7200,1.23046875
87993,88094,88620,101,526,2,7200,1.19201520913
88058,88099,88604,41,505,2,7200,1.08118811881
88091,88105,88642,14,537,2,7200,1.0260707635
88098,88111,88599,13,488,2,7200,1.02663934426
88105,88152,88646,47,494,2,7200,1.0951417004
88106,88159,88653,53,494,2,7200,1.10728744939
88150,88175,88727,25,552,2,7200,1.04528985507
88157,88181,88670,24,489,2,7200,1.0490797546
88173,88191,88694,18,503,2,7200,1.03578528827
88180,88198,88739,18,541,2,7200,1.03327171904
88192,88205,88722,13,517,2,7200,1.0251450677
88199,88225,88706,26,481,2,7200,1.05405405405
88201,88257,88764,56,507,2,7200,1.11045364892
88223,88274,88794,51,520,2,7200,1.09807692308
88257,88282,88775,25,493,2,7200,1.05070993915
88274,88287,88794,13,507,2,7200,1.02564102564
88281,88310,88782,29,472,2,7200,1.06144067797
88288,88333,88852,45,519,2,7200,1.08670520231
88309,88363,88879,54,516,2,7200,1.10465116279
88332,88378,88891,46,513,2,7200,1.08966861598
88360,88393,88912,33,519,2,7200,1.06358381503
88377,88412,88951,35,539,2,7200,1.06493506494
88390,88418,88933,28,515,2,7200,1.05436893204
88412,88441,88954,29,513,2,7200,1.05653021442
88419,88446,88930,27,484,2,7200,1.05578512397
88437,88453,88976,16,523,2,7200,1.03059273423
88443,88458,88979,15,521,2,7200,1.02879078695
88460,88484,89027,24,543,2,7200,1.04419889503
88462,88515,88972,53,457,2,7200,1.11597374179
88479,88586,89083,107,497,2,7200,1.2152917505
88513,88611,89111,98,500,2,7200,1.196
88582,88618,89129,36,511,2,7200,1.07045009785
88610,88632,89121,22,489,2,7200,1.04498977505
88617,88654,89153,37,499,2,7200,1.07414829659
88629,88661,89163,32,502,2,7200,1.06374501992
88652,88668,89177,16,509,2,7200,1.03143418468
88659,88682,89170,23,488,2,7200,1.04713114754
88676,88706,89243,30,537,2,7200,1.05586592179
88677,88718,89146,41,428,2,7200,1.09579439252
88705,88734,89278,29,544,2,7200,1.05330882353
88717,88741,89245,24,504,2,7200,1.04761904762
88729,88751,89224,22,473,2,7200,1.04651162791
88742,88776,89311,34,535,2,7200,1.06355140187
88749,88787,89276,38,489,2,7200,1.07770961145
88772,88794,89299,22,505,2,7200,1.04356435644
88784,88806,89334,22,528,2,7200,1.04166666667
88791,88811,89322,20,511,2,7200,1.03913894325
88808,88864,89321,56,457,2,7200,1.12253829322
88809,88891,89405,82,514,2,7200,1.15953307393
88863,88903,89437,40,534,2,7200,1.07490636704
88891,88925,89379,34,454,2,7200,1.07488986784
88898,88942,89400,44,458,2,7200,1.096069869
88921,88949,89462,28,513,2,7200,1.05458089669
88938,88963,89464,25,501,2,7200,1.0499001996
88945,88970,89460,25,490,2,7200,1.05102040816
88963,88984,89499,21,515,2,7200,1.04077669903
88970,88991,89482,21,491,2,7200,1.04276985743
88987,88997,89558,10,561,2,7200,1.01782531194
88989,89040,89542,51,502,2,7200,1.1015936255
88995,89095,89583,100,488,2,7200,1.20491803279
89039,89123,89625,84,502,2,7200,1.16733067729
89093,89133,89632,40,499,2,7200,1.08016032064
89121,89141,89640,20,499,2,7200,1.04008016032
89133,89158,89671,25,513,2,7200,1.04873294347
89140,89165,89680,25,515,2,7200,1.04854368932
89157,89175,89690,18,515,2,7200,1.03495145631
89164,89182,89690,18,508,2,7200,1.03543307087
89171,89188,89693,17,505,2,7200,1.03366336634
89188,89236,89726,48,490,2,7200,1.09795918367
89189,89255,89767,66,512,2,7200,1.12890625
89233,89262,89802,29,540,2,7200,1.0537037037
89250,89288,89774,38,486,2,7200,1.07818930041
89262,89295,89788,33,493,2,7200,1.06693711968
89285,89311,89809,26,498,2,7200,1.05220883534
89292,89323,89823,31,500,2,7200,1.062
89309,89333,89865,24,532,2,7200,1.04511278195
89321,89338,89798,17,460,2,7200,1.03695652174
89333,89345,89847,12,502,2,7200,1.02390438247
89350,89392,89817,42,425,2,7200,1.09882352941
89351,89412,89902,61,490,2,7200,1.12448979592
89390,89419,89913,29,494,2,7200,1.05870445344
89407,89448,89935,41,487,2,7200,1.0841889117
89419,89473,89974,54,501,2,7200,1.10778443114
89447,89480,89978,33,498,2,7200,1.06626506024
89470,89485,89963,15,478,2,7200,1.03138075314
89476,89494,90013,18,519,2,7200,1.03468208092
89483,89511,90004,28,493,2,7200,1.05679513185
89490,89555,90073,65,518,2,7200,1.12548262548
89512,89570,90117,58,547,2,7200,1.10603290676
89550,89595,90156,45,561,2,7200,1.08021390374
89567,89637,90156,70,519,2,7200,1.13487475915
89595,89643,90140,48,497,2,7200,1.09657947686
89634,89653,90182,19,529,2,7200,1.0359168242
89640,89683,90179,43,496,2,7200,1.08669354839
89653,89693,90197,40,504,2,7200,1.07936507937
89680,89702,90233,22,531,2,7200,1.04143126177
89693,89707,90259,14,552,2,7200,1.02536231884
89710,89717,90167,7,450,2,7200,1.01555555556
89711,89738,90222,27,484,2,7200,1.05578512397
89713,89779,90277,66,498,2,7200,1.13253012048
89735,89785,90286,50,501,2,7200,1.0998003992
89779,89801,90193,22,392,2,7200,1.05612244898
89786,89810,90321,24,511,2,7200,1.0469667319
89798,89816,90324,18,508,2,7200,1.03543307087
89810,89823,90316,13,493,2,7200,1.02636916836
89812,89830,90272,18,442,2,7200,1.0407239819
89819,89837,90354,18,517,2,7200,1.03481624758
89825,89859,90370,34,511,2,7200,1.06653620352
89842,89877,90391,35,514,2,7200,1.06809338521
89859,89914,90428,55,514,2,7200,1.10700389105
89876,89925,90434,49,509,2,7200,1.09626719057
89909,89947,90441,38,494,2,7200,1.07692307692
89922,89976,90469,54,493,2,7200,1.10953346856
89944,89986,90529,42,543,2,7200,1.0773480663
89972,89992,90472,20,480,2,7200,1.04166666667
89984,90016,90500,32,484,2,7200,1.06611570248
89991,90025,90546,34,521,2,7200,1.06525911708
90019,90084,90582,65,498,2,7200,1.13052208835
90020,90129,90621,109,492,2,7200,1.22154471545
90085,90152,90675,67,523,2,7200,1.12810707457
90128,90168,90690,40,522,2,7200,1.07662835249
90151,90173,90656,22,483,2,7200,1.04554865424
90163,90180,90670,17,490,2,7200,1.03469387755
90170,90191,90711,21,520,2,7200,1.04038461538
90177,90198,90697,21,499,2,7200,1.04208416834
90189,90204,90725,15,521,2,7200,1.02879078695
90196,90212,90677,16,465,2,7200,1.03440860215
90212,90234,90745,22,511,2,7200,1.04305283757
90214,90245,90764,31,519,2,7200,1.05973025048
90231,90271,90803,40,532,2,7200,1.07518796992
90243,90285,90824,42,539,2,7200,1.07792207792
90271,90292,90742,21,450,2,7200,1.04666666667
90283,90299,90804,16,505,2,7200,1.03168316832
90290,90329,90853,39,524,2,7200,1.07442748092
90297,90336,90855,39,519,2,7200,1.07514450867
90325,90341,90856,16,515,2,7200,1.03106796117
90331,90366,90905,35,539,2,7200,1.06493506494
90348,90382,90903,34,521,2,7200,1.06525911708
90365,90403,90907,38,504,2,7200,1.0753968254
90382,90439,90957,57,518,2,7200,1.11003861004
90400,90447,90935,47,488,2,7200,1.09631147541
90438,90454,90979,16,525,2,7200,1.03047619048
90445,90481,90955,36,474,2,7200,1.07594936709
90452,90487,91002,35,515,2,7200,1.06796116505
90479,90511,91021,32,510,2,7200,1.06274509804
90486,90541,91036,55,495,2,7200,1.11111111111
90513,90558,91077,45,519,2,7200,1.08670520231
90541,90595,91105,54,510,2,7200,1.10588235294
90553,90633,91106,80,473,2,7200,1.16913319239
90592,90667,91189,75,522,2,7200,1.14367816092
90630,90682,91203,52,521,2,7200,1.09980806142
90668,90688,91203,20,515,2,7200,1.03883495146
90680,90693,91207,13,514,2,7200,1.02529182879
90687,90703,91198,16,495,2,7200,1.03232323232
90694,90710,91194,16,484,2,7200,1.03305785124
90710,90723,91252,13,529,2,7200,1.02457466919
90712,90737,91249,25,512,2,7200,1.048828125
90719,90754,91278,35,524,2,7200,1.06679389313
90736,90761,91230,25,469,2,7200,1.05330490405
90754,90777,91296,23,519,2,7200,1.04431599229
90760,90815,91351,55,536,2,7200,1.1026119403
90773,90822,91324,49,502,2,7200,1.09760956175
90811,90837,91363,26,526,2,7200,1.04942965779
90818,90865,91395,47,530,2,7200,1.08867924528
90835,90872,91390,37,518,2,7200,1.07142857143
90868,90879,91399,11,520,2,7200,1.02115384615
90870,90915,91459,45,544,2,7200,1.08272058824
90876,90921,91438,45,517,2,7200,1.08704061896
90915,90926,91428,11,502,2,7200,1.0219123506
90922,90947,91472,25,525,2,7200,1.04761904762
90923,90968,91492,45,524,2,7200,1.0858778626
90946,90975,91494,29,519,2,7200,1.05587668593
90963,90990,91488,27,498,2,7200,1.05421686747
90975,91014,91466,39,452,2,7200,1.08628318584
90987,91033,91560,46,527,2,7200,1.08728652751
91010,91048,91585,38,537,2,7200,1.07076350093
91032,91089,91587,57,498,2,7200,1.11445783133
91044,91117,91621,73,504,2,7200,1.14484126984
91087,91124,91624,37,500,2,7200,1.074
91115,91201,91706,86,505,2,7200,1.1702970297
91122,91208,91709,86,501,2,7200,1.17165668663
91197,91214,91654,17,440,2,7200,1.03863636364
91204,91220,91693,16,473,2,7200,1.03382663848
91211,91226,91728,15,502,2,7200,1.02988047809
91218,91232,91722,14,490,2,7200,1.02857142857
91235,91241,91761,6,520,2,7200,1.01153846154
91237,91261,91778,24,517,2,7200,1.04642166344
91238,91267,91772,29,505,2,7200,1.05742574257
91261,91289,91846,28,557,2,7200,1.05026929982
91268,91308,91833,40,525,2,7200,1.07619047619
91285,91336,91828,51,492,2,7200,1.10365853659
91307,91363,91862,56,499,2,7200,1.1122244489
91335,91374,91876,39,502,2,7200,1.07768924303
91363,91402,91892,39,490,2,7200,1.07959183673
91370,91408,91850,38,442,2,7200,1.08597285068
91398,91415,91911,17,496,2,7200,1.03427419355
91415,91440,91956,25,516,2,7200,1.0484496124
91416,91451,91979,35,528,2,7200,1.06628787879
91439,91471,92026,32,555,2,7200,1.05765765766
91451,91477,92011,26,534,2,7200,1.04868913858
91469,91484,92000,15,516,2,7200,1.02906976744
91475,91500,91993,25,493,2,7200,1.05070993915
91482,91506,92014,24,508,2,7200,1.04724409449
91500,91511,91958,11,447,2,7200,1.02460850112
91506,91572,92080,66,508,2,7200,1.12992125984
91508,91597,92094,89,497,2,7200,1.17907444668
91571,91604,92087,33,483,2,7200,1.06832298137
91594,91633,92128,39,495,2,7200,1.07878787879
91601,91640,92090,39,450,2,7200,1.08666666667
91629,91666,92187,37,521,2,7200,1.07101727447
91636,91705,92191,69,486,2,7200,1.14197530864
91663,91717,92231,54,514,2,7200,1.10505836576
91702,91725,92208,23,483,2,7200,1.04761904762
91714,91734,92231,20,497,2,7200,1.04024144869
91721,91741,92228,20,487,2,7200,1.04106776181
91738,91773,92281,35,508,2,7200,1.0688976378
91739,91784,92268,45,484,2,7200,1.09297520661
91772,91791,92228,19,437,2,7200,1.04347826087
91784,91841,92282,57,441,2,7200,1.12925170068
91791,91848,92370,57,522,2,7200,1.1091954023
91840,91858,92385,18,527,2,7200,1.03415559772
91847,91865,92349,18,484,2,7200,1.03719008264
91854,91874,92385,20,511,2,7200,1.03913894325
91861,91888,92422,27,534,2,7200,1.05056179775
91873,91905,92375,32,470,2,7200,1.06808510638
91890,91923,92375,33,452,2,7200,1.07300884956
91902,91968,92473,66,505,2,7200,1.13069306931
91919,91975,92474,56,499,2,7200,1.1122244489
91968,91991,92505,23,514,2,7200,1.04474708171
91975,92005,92555,30,550,2,7200,1.05454545455
91987,92013,92553,26,540,2,7200,1.04814814815
92005,92023,92548,18,525,2,7200,1.03428571429
92012,92030,92524,18,494,2,7200,1.03643724696
92019,92039,92539,20,500,2,7200,1.04
92035,92093,92603,58,510,2,7200,1.1137254902
92037,92100,92619,63,519,2,7200,1.12138728324
92091,92107,92639,16,532,2,7200,1.03007518797
92098,92112,92641,14,529,2,7200,1.02646502836
92104,92140,92657,36,517,2,7200,1.06963249516
92111,92199,92681,88,482,2,7200,1.18257261411
92139,92206,92722,67,516,2,7200,1.12984496124
92198,92221,92686,23,465,2,7200,1.04946236559
92205,92240,92765,35,525,2,7200,1.06666666667
92217,92245,92792,28,547,2,7200,1.05118829982
92240,92252,92804,12,552,2,7200,1.02173913043
92241,92257,92682,16,425,2,7200,1.03764705882
92248,92280,92808,32,528,2,7200,1.06060606061
92255,92294,92770,39,476,2,7200,1.08193277311
92278,92299,92763,21,464,2,7200,1.04525862069
92290,92361,92862,71,501,2,7200,1.14171656687
92297,92382,92926,85,544,2,7200,1.15625
92361,92389,92892,28,503,2,7200,1.05566600398
92378,92394,92784,16,390,2,7200,1.04102564103
92385,92401,92888,16,487,2,7200,1.03285420945
92392,92406,92938,14,532,2,7200,1.02631578947
92399,92434,92984,35,550,2,7200,1.06363636364
92415,92485,92990,70,505,2,7200,1.13861386139
92433,92491,92956,58,465,2,7200,1.1247311828
92482,92517,93031,35,514,2,7200,1.06809338521
92488,92536,93076,48,540,2,7200,1.08888888889
92516,92551,93066,35,515,2,7200,1.06796116505
92534,92560,93030,26,470,2,7200,1.05531914894
92551,92567,93096,16,529,2,7200,1.03024574669
92558,92572,93093,14,521,2,7200,1.02687140115
92565,92615,93152,50,537,2,7200,1.09310986965
92581,92631,93146,50,515,2,7200,1.09708737864
92614,92651,93129,37,478,2,7200,1.07740585774
92627,92658,93167,31,509,2,7200,1.06090373281
92649,92669,93204,20,535,2,7200,1.03738317757
92656,92694,93210,38,516,2,7200,1.07364341085
92668,92699,93225,31,526,2,7200,1.05893536122
92691,92706,93224,15,518,2,7200,1.02895752896
92698,92734,93226,36,492,2,7200,1.07317073171
92705,92775,93295,70,520,2,7200,1.13461538462
92731,92781,93272,50,491,2,7200,1.10183299389
92775,92787,93315,12,528,2,7200,1.02272727273
92782,92796,93297,14,501,2,7200,1.02794411178
92784,92804,93311,20,507,2,7200,1.03944773176
92796,92816,93279,20,463,2,7200,1.04319654428
92803,92823,93322,20,499,2,7200,1.04008016032
92815,92874,93404,59,530,2,7200,1.11132075472
92822,92900,93409,78,509,2,7200,1.15324165029
92871,92907,93419,36,512,2,7200,1.0703125
92898,92938,93460,40,522,2,7200,1.07662835249
92905,92951,93402,46,451,2,7200,1.10199556541
92938,92968,93444,30,476,2,7200,1.06302521008
92950,92997,93493,47,496,2,7200,1.09475806452
92967,93004,93509,37,505,2,7200,1.07326732673
92995,93042,93525,47,483,2,7200,1.09730848861
93002,93049,93564,47,515,2,7200,1.09126213592
93041,93078,93570,37,492,2,7200,1.07520325203
93048,93088,93583,40,495,2,7200,1.08080808081
93075,93106,93633,31,527,2,7200,1.05882352941
93092,93112,93652,20,540,2,7200,1.03703703704
93104,93141,93632,37,491,2,7200,1.07535641548
93111,93158,93659,47,501,2,7200,1.09381237525
93139,93165,93677,26,512,2,7200,1.05078125
93156,93179,93626,23,447,2,7200,1.0514541387
93163,93216,93741,53,525,2,7200,1.10095238095
93175,93223,93728,48,505,2,7200,1.09504950495
93213,93236,93732,23,496,2,7200,1.04637096774
93220,93243,93755,23,512,2,7200,1.044921875
93237,93248,93757,11,509,2,7200,1.02161100196
93238,93284,93789,46,505,2,7200,1.09108910891
93245,93290,93786,45,496,2,7200,1.09072580645
93283,93307,93817,24,510,2,7200,1.04705882353
93290,93314,93825,24,511,2,7200,1.0469667319
93302,93323,93838,21,515,2,7200,1.04077669903
93309,93330,93874,21,544,2,7200,1.03860294118
93321,93337,93754,16,417,2,7200,1.03836930456
93328,93414,93945,86,531,2,7200,1.16195856874
93335,93421,93915,86,494,2,7200,1.17408906883
93410,93426,93949,16,523,2,7200,1.03059273423
93426,93433,93903,7,470,2,7200,1.01489361702
93428,93456,93972,28,516,2,7200,1.05426356589
93429,93472,93900,43,428,2,7200,1.10046728972
93452,93505,94019,53,514,2,7200,1.10311284047
93469,93521,94015,52,494,2,7200,1.10526315789
93502,93538,93978,36,440,2,7200,1.08181818182
93520,93577,94073,57,496,2,7200,1.11491935484
93537,93584,94076,47,492,2,7200,1.09552845528
93575,93594,94104,19,510,2,7200,1.03725490196
93582,93638,94090,56,452,2,7200,1.12389380531
93594,93644,94174,50,530,2,7200,1.09433962264
93637,93649,94180,12,531,2,7200,1.02259887006
93644,93664,94170,20,506,2,7200,1.0395256917
93645,93670,94175,25,505,2,7200,1.0495049505
93663,93689,94038,26,349,2,7200,1.07449856734
93669,93740,94255,71,515,2,7200,1.13786407767
93687,93746,94292,59,546,2,7200,1.10805860806
93736,93752,94284,16,532,2,7200,1.03007518797
93742,93766,94274,24,508,2,7200,1.04724409449
93749,93773,94286,24,513,2,7200,1.04678362573
93761,93778,94293,17,515,2,7200,1.03300970874
93768,93798,94293,30,495,2,7200,1.06060606061
93784,93805,94298,21,493,2,7200,1.04259634888
93796,93829,94324,33,495,2,7200,1.06666666667
93803,93837,94388,34,551,2,7200,1.06170598911
93826,93850,94359,24,509,2,7200,1.04715127701
93833,93886,94414,53,528,2,7200,1.10037878788
93850,93912,94438,62,526,2,7200,1.11787072243
93883,93919,94440,36,521,2,7200,1.06909788868
93911,93926,94423,15,497,2,7200,1.03018108652
93918,93957,94480,39,523,2,7200,1.07456978967
93934,93964,94519,30,555,2,7200,1.05405405405
93957,93983,94514,26,531,2,7200,1.04896421846
93963,93990,94521,27,531,2,7200,1.05084745763
93981,94027,94565,46,538,2,7200,1.08550185874
93988,94034,94574,46,540,2,7200,1.08518518519
94026,94050,94582,24,532,2,7200,1.04511278195
94033,94085,94629,52,544,2,7200,1.09558823529
94050,94092,94580,42,488,2,7200,1.08606557377
94083,94102,94636,19,534,2,7200,1.03558052434
94099,94117,94593,18,476,2,7200,1.03781512605
94101,94182,94682,81,500,2,7200,1.162
94113,94189,94696,76,507,2,7200,1.14990138067
94178,94194,94705,16,511,2,7200,1.0313111546
94185,94201,94721,16,520,2,7200,1.03076923077
94191,94268,94779,77,511,2,7200,1.15068493151
94198,94285,94795,87,510,2,7200,1.17058823529
94268,94297,94804,29,507,2,7200,1.05719921105
94285,94303,94788,18,485,2,7200,1.03711340206
94292,94309,94848,17,539,2,7200,1.03153988868
94309,94315,94811,6,496,2,7200,1.01209677419
94311,94322,94819,11,497,2,7200,1.02213279678
94312,94328,94807,16,479,2,7200,1.03340292276
94319,94337,94857,18,520,2,7200,1.03461538462
94326,94371,94832,45,461,2,7200,1.09761388286
94333,94400,94895,67,495,2,7200,1.13535353535
94371,94426,94929,55,503,2,7200,1.10934393638
94399,94435,94972,36,537,2,7200,1.06703910615
94422,94450,94993,28,543,2,7200,1.05156537753
94434,94457,94961,23,504,2,7200,1.04563492063
94446,94492,94982,46,490,2,7200,1.09387755102
94453,94526,95030,73,504,2,7200,1.14484126984
94491,94533,95044,42,511,2,7200,1.08219178082
94524,94538,95069,14,531,2,7200,1.0263653484
94530,94577,94926,47,349,2,7200,1.13467048711
94537,94586,95080,49,494,2,7200,1.0991902834
94576,94593,95122,17,529,2,7200,1.03213610586
94582,94598,95142,16,544,2,7200,1.02941176471
94589,94605,95121,16,516,2,7200,1.03100775194
94596,94640,95138,44,498,2,7200,1.08835341365
94603,94647,95164,44,517,2,7200,1.08510638298
94636,94694,95178,58,484,2,7200,1.11983471074
94643,94708,95190,65,482,2,7200,1.13485477178
94692,94717,95241,25,524,2,7200,1.04770992366
94708,94732,95249,24,517,2,7200,1.04642166344
94715,94791,95323,76,532,2,7200,1.14285714286
94733,94800,95309,67,509,2,7200,1.13163064833
94787,94806,95267,19,461,2,7200,1.04121475054
94799,94816,95320,17,504,2,7200,1.03373015873
94806,94823,95352,17,529,2,7200,1.03213610586
94813,94828,95345,15,517,2,7200,1.02901353965
94819,94835,95345,16,510,2,7200,1.03137254902
94826,94844,95364,18,520,2,7200,1.03461538462
94833,94860,95339,27,479,2,7200,1.05636743215
94850,94869,95372,19,503,2,7200,1.03777335984
94857,94907,95381,50,474,2,7200,1.10548523207
94869,94938,95431,69,493,2,7200,1.13995943205
94907,94944,95418,37,474,2,7200,1.07805907173
94935,94973,95472,38,499,2,7200,1.07615230461
94942,94985,95443,43,458,2,7200,1.09388646288
94970,94994,95421,24,427,2,7200,1.05620608899
94982,95005,95534,23,529,2,7200,1.04347826087
94994,95041,95551,47,510,2,7200,1.09215686275
95001,95056,95576,55,520,2,7200,1.10576923077
95044,95081,95585,37,504,2,7200,1.07341269841
95056,95092,95606,36,514,2,7200,1.07003891051
95059,98594,98601,3535,7,1,3600,354.2
95079,95133,95583,54,450,2,7200,1.12
95091,95138,95630,47,492,2,7200,1.09552845528
95129,95149,95641,20,492,2,7200,1.0406504065
95136,95157,95697,21,540,2,7200,1.03888888889
95148,95176,95697,28,521,2,7200,1.0537428023
95155,95190,95742,35,552,2,7200,1.0634057971
95173,95202,95695,29,493,2,7200,1.05882352941
95190,95253,95773,63,520,2,7200,1.12115384615
95207,95262,95784,55,522,2,7200,1.10536398467
95250,95279,95774,29,495,2,7200,1.05858585859
95262,95321,95752,59,431,2,7200,1.13689095128
95274,95332,95793,58,461,2,7200,1.12581344902
95318,95339,95832,21,493,2,7200,1.04259634888
95330,95351,95874,21,523,2,7200,1.04015296367
95337,95358,95868,21,510,2,7200,1.04117647059
95349,95363,95888,14,525,2,7200,1.02666666667
95356,95370,95872,14,502,2,7200,1.02788844622
95373,95380,95918,7,538,2,7200,1.01301115242
95375,95388,95907,13,519,2,7200,1.02504816956
95377,95394,95886,17,492,2,7200,1.03455284553
95384,95430,95959,46,529,2,7200,1.08695652174
95390,95437,95957,47,520,2,7200,1.09038461538
95429,95444,95928,15,484,2,7200,1.03099173554
95436,95455,95987,19,532,2,7200,1.03571428571
95443,95484,95977,41,493,2,7200,1.0831643002
95455,95546,95990,91,444,2,7200,1.20495495495
95483,95563,96057,80,494,2,7200,1.16194331984
95542,95588,96133,46,545,2,7200,1.08440366972
95560,95595,96090,35,495,2,7200,1.07070707071
95587,95602,96178,15,576,2,7200,1.02604166667
95594,95618,96142,24,524,2,7200,1.04580152672
95601,95642,96191,41,549,2,7200,1.07468123862
95618,95653,96164,35,511,2,7200,1.06849315068
95641,95707,96231,66,524,2,7200,1.12595419847
95653,95714,96244,61,530,2,7200,1.11509433962
95707,95719,96239,12,520,2,7200,1.02307692308
95714,95758,96282,44,524,2,7200,1.08396946565
95715,95765,96248,50,483,2,7200,1.10351966874
95757,95785,96269,28,484,2,7200,1.05785123967
95764,95792,96292,28,500,2,7200,1.056
95787,95799,96291,12,492,2,7200,1.0243902439
95788,95806,96349,18,543,2,7200,1.03314917127
95795,95844,96360,49,516,2,7200,1.09496124031
95802,95880,96388,78,508,2,7200,1.15354330709
95840,95887,96363,47,476,2,7200,1.0987394958
95879,95892,96386,13,494,2,7200,1.02631578947
95886,95899,96427,13,528,2,7200,1.02462121212
95893,95905,96396,12,491,2,7200,1.02443991853
95894,95919,96421,25,502,2,7200,1.04980079681
95901,95930,96454,29,524,2,7200,1.05534351145
95919,95940,96454,21,514,2,7200,1.04085603113
95935,95970,96477,35,507,2,7200,1.06903353057
95937,95976,96493,39,517,2,7200,1.07543520309
95970,95989,96477,19,488,2,7200,1.03893442623
95977,95999,96514,22,515,2,7200,1.0427184466
95989,96005,96487,16,482,2,7200,1.03319502075
95996,96069,96589,73,520,2,7200,1.14038461538
96003,96102,96607,99,505,2,7200,1.19603960396
96067,96146,96618,79,472,2,7200,1.16737288136
96101,96155,96673,54,518,2,7200,1.10424710425
96144,96176,96710,32,534,2,7200,1.05992509363
96160,96190,96724,30,534,2,7200,1.05617977528
96173,96203,96723,30,520,2,7200,1.05769230769
96190,96243,96739,53,496,2,7200,1.10685483871
96202,96250,96788,48,538,2,7200,1.08921933086
96241,96257,96780,16,523,2,7200,1.03059273423
96248,96264,96768,16,504,2,7200,1.03174603175
96254,96281,96772,27,491,2,7200,1.0549898167
96261,96294,96758,33,464,2,7200,1.07112068966
96279,96302,96823,23,521,2,7200,1.04414587332
96296,96309,96836,13,527,2,7200,1.02466793169
96303,96361,96895,58,534,2,7200,1.10861423221
96310,96372,96828,62,456,2,7200,1.13596491228
96359,96379,96814,20,435,2,7200,1.04597701149
96371,96398,96955,27,557,2,7200,1.04847396768
96378,96405,96904,27,499,2,7200,1.05410821643
96395,96412,96936,17,524,2,7200,1.03244274809
96402,96434,96937,32,503,2,7200,1.06361829026
96409,96441,96969,32,528,2,7200,1.06060606061
96432,96466,96950,34,484,2,7200,1.07024793388
96439,96471,96989,32,518,2,7200,1.06177606178
96466,96489,97001,23,512,2,7200,1.044921875
96467,96494,96999,27,505,2,7200,1.05346534653
96485,96502,97000,17,498,2,7200,1.03413654618
96492,96509,96990,17,481,2,7200,1.03534303534
96499,96526,97073,27,547,2,7200,1.04936014625
96506,96567,97088,61,521,2,7200,1.11708253359
96523,96572,96976,49,404,2,7200,1.12128712871
96566,96601,97152,35,551,2,7200,1.06352087114
96568,96619,97118,51,499,2,7200,1.10220440882
96601,96630,97169,29,539,2,7200,1.05380333952
96618,96685,97215,67,530,2,7200,1.12641509434
96630,96723,97238,93,515,2,7200,1.18058252427
96684,96735,97262,51,527,2,7200,1.09677419355
96722,96742,97210,20,468,2,7200,1.04273504274
96734,96752,97244,18,492,2,7200,1.03658536585
96741,96770,97270,29,500,2,7200,1.058
96748,96781,97265,33,484,2,7200,1.06818181818
96769,96788,97316,19,528,2,7200,1.03598484848
96776,96795,97304,19,509,2,7200,1.0373280943
96788,96802,97308,14,506,2,7200,1.02766798419
96795,96826,97327,31,501,2,7200,1.0618762475
96802,96835,97345,33,510,2,7200,1.06470588235
96825,96842,97378,17,536,2,7200,1.03171641791
96832,96849,97379,17,530,2,7200,1.0320754717
96838,96907,97442,69,535,2,7200,1.12897196262
96854,96916,97395,62,479,2,7200,1.12943632568
96903,96954,97434,51,480,2,7200,1.10625
96915,96963,97456,48,493,2,7200,1.09736308316
96954,96970,97480,16,510,2,7200,1.03137254902
96961,96982,97482,21,500,2,7200,1.042
96968,96989,97545,21,556,2,7200,1.03776978417
96980,97001,97507,21,506,2,7200,1.04150197628
96998,97008,97517,10,509,2,7200,1.01964636542
96999,97015,97510,16,495,2,7200,1.03232323232
97006,97020,97548,14,528,2,7200,1.02651515152
97013,97027,97506,14,479,2,7200,1.02922755741
97020,97085,97619,65,534,2,7200,1.12172284644
97027,97101,97607,74,506,2,7200,1.14624505929
97081,97130,97672,49,542,2,7200,1.09040590406
97098,97164,97690,66,526,2,7200,1.12547528517
97126,97181,97716,55,535,2,7200,1.10280373832
97164,97222,97755,58,533,2,7200,1.10881801126
97180,97229,97726,49,497,2,7200,1.0985915493
97219,97250,97769,31,519,2,7200,1.05973025048
97226,97257,97746,31,489,2,7200,1.06339468303
97248,97274,97789,26,515,2,7200,1.05048543689
97255,97281,97793,26,512,2,7200,1.05078125
97272,97288,97813,16,525,2,7200,1.03047619048
97279,97316,97844,37,528,2,7200,1.07007575758
97286,97323,97842,37,519,2,7200,1.07129094412
97313,97329,97849,16,520,2,7200,1.03076923077
97320,97339,97842,19,503,2,7200,1.03777335984
97326,97357,97879,31,522,2,7200,1.05938697318
97339,97390,97890,51,500,2,7200,1.102
97356,97396,97909,40,513,2,7200,1.07797270955
97389,97407,97923,18,516,2,7200,1.03488372093
97396,97446,97932,50,486,2,7200,1.10288065844
97403,97455,97934,52,479,2,7200,1.10855949896
97446,97468,98002,22,534,2,7200,1.04119850187
97463,97492,97985,29,493,2,7200,1.05882352941
97464,97498,97999,34,501,2,7200,1.06786427146
97492,97518,98062,26,544,2,7200,1.04779411765
97494,97525,98042,31,517,2,7200,1.05996131528
97516,97530,98044,14,514,2,7200,1.02723735409
97523,97537,98071,14,534,2,7200,1.02621722846
97530,97557,98085,27,528,2,7200,1.05113636364
97537,97564,98077,27,513,2,7200,1.05263157895
97554,97619,98142,65,523,2,7200,1.12428298279
97571,97631,98137,60,506,2,7200,1.1185770751
97619,97684,98199,65,515,2,7200,1.12621359223
97626,97703,98219,77,516,2,7200,1.1492248062
97680,97728,98204,48,476,2,7200,1.10084033613
97703,97738,98237,35,499,2,7200,1.07014028056
97725,97758,98254,33,496,2,7200,1.06653225806
97738,97767,98263,29,496,2,7200,1.05846774194
97755,97781,98337,26,556,2,7200,1.04676258993
97771,97801,98175,30,374,2,7200,1.08021390374
97778,97808,98305,30,497,2,7200,1.06036217304
97801,97825,98333,24,508,2,7200,1.04724409449
97807,97854,98365,47,511,2,7200,1.09197651663
97825,97859,98390,34,531,2,7200,1.06403013183
97853,97865,98361,12,496,2,7200,1.02419354839
97859,97871,98395,12,524,2,7200,1.02290076336
97861,97890,98348,29,458,2,7200,1.06331877729
97868,97902,98419,34,517,2,7200,1.06576402321
97889,97921,98402,32,481,2,7200,1.06652806653
97901,97935,98447,34,512,2,7200,1.06640625
97919,97945,98470,26,525,2,7200,1.04952380952
97931,97951,98440,20,489,2,7200,1.0408997955
97943,97997,98501,54,504,2,7200,1.10714285714
97950,98011,98526,61,515,2,7200,1.11844660194
97993,98018,98530,25,512,2,7200,1.048828125
98010,98054,98563,44,509,2,7200,1.08644400786
98027,98061,98577,34,516,2,7200,1.06589147287
98049,98074,98577,25,503,2,7200,1.04970178926
98061,98083,98607,22,524,2,7200,1.04198473282
98073,98090,98606,17,516,2,7200,1.03294573643
98080,98096,98569,16,473,2,7200,1.03382663848
98087,98149,98664,62,515,2,7200,1.12038834951
98094,98156,98675,62,519,2,7200,1.11946050096
98148,98187,98624,39,437,2,7200,1.08924485126
98164,98212,98715,48,503,2,7200,1.09542743539
98187,98219,98745,32,526,2,7200,1.0608365019
98210,98231,98723,21,492,2,7200,1.04268292683
98216,98249,98748,33,499,2,7200,1.06613226453
98228,98266,98785,38,519,2,7200,1.0732177264
98246,98274,98776,28,502,2,7200,1.05577689243
98263,98317,98824,54,507,2,7200,1.10650887574
98270,98345,98876,75,531,2,7200,1.14124293785
98318,98352,98866,34,514,2,7200,1.06614785992
98345,98360,98867,15,507,2,7200,1.02958579882
98347,98373,98882,26,509,2,7200,1.0510805501
98359,98380,98894,21,514,2,7200,1.04085603113
98371,98402,98916,31,514,2,7200,1.06031128405
98378,98409,98939,31,530,2,7200,1.05849056604
98401,98416,98974,15,558,2,7200,1.02688172043
98408,98430,98913,22,483,2,7200,1.04554865424
98424,98452,98945,28,493,2,7200,1.05679513185
98431,98458,98981,27,523,2,7200,1.05162523901
98448,98483,98994,35,511,2,7200,1.06849315068
98455,98514,99003,59,489,2,7200,1.12065439673
98483,98538,99090,55,552,2,7200,1.09963768116
98510,98545,99026,35,481,2,7200,1.07276507277
98533,98575,99050,42,475,2,7200,1.08842105263
98545,98582,99085,37,503,2,7200,1.07355864811
98573,98589,99108,16,519,2,7200,1.03082851638
98589,98611,99136,22,525,2,7200,1.0419047619
98591,98618,99167,27,549,2,7200,1.04918032787
98603,98625,99172,22,547,2,7200,1.04021937843
98613,100529,100537,1916,8,1,1800,192.4
98615,98637,99144,22,507,2,7200,1.04339250493
98622,98676,99210,54,534,2,7200,1.10112359551
98634,98687,99219,53,532,2,7200,1.09962406015
98672,98727,99199,55,472,2,7200,1.11652542373
98684,98735,99222,51,487,2,7200,1.10472279261
98710,100535,100650,1825,115,1,3600,16.8695652174
98723,98757,99262,34,505,2,7200,1.06732673267
98735,98764,99291,29,527,2,7200,1.055028463
98757,98787,99294,30,507,2,7200,1.05917159763
98763,98797,99270,34,473,2,7200,1.07188160677
98786,98837,99332,51,495,2,7200,1.10303030303
98793,98878,99389,85,511,2,7200,1.16634050881
98836,98883,99368,47,485,2,7200,1.09690721649
98875,98890,99407,15,517,2,7200,1.02901353965
98881,98897,99386,16,489,2,7200,1.0327198364
98888,98905,99377,17,472,2,7200,1.03601694915
98895,98926,99419,31,493,2,7200,1.06288032454
98911,98933,99499,22,566,2,7200,1.03886925795
98923,98951,99403,28,452,2,7200,1.06194690265
98930,98958,99467,28,509,2,7200,1.05500982318
98948,98986,99496,38,510,2,7200,1.07450980392
98954,98993,99504,39,511,2,7200,1.07632093933
98982,99007,99514,25,507,2,7200,1.04930966469
98989,99015,99486,26,471,2,7200,1.05520169851
98997,100540,100658,1543,118,1,3600,14.0762711864
99007,99038,99552,31,514,2,7200,1.06031128405
99023,99062,99558,39,496,2,7200,1.07862903226
99035,99097,99560,62,463,2,7200,1.13390928726
99058,99104,99612,46,508,2,7200,1.0905511811
99096,99120,99610,24,490,2,7200,1.04897959184
99103,99148,99643,45,495,2,7200,1.09090909091
99120,99157,99679,37,522,2,7200,1.07088122605
99148,99179,99665,31,486,2,7200,1.06378600823
99155,99186,99670,31,484,2,7200,1.06404958678
99177,99211,99743,34,532,2,7200,1.06390977444
99184,99222,99721,38,499,2,7200,1.07615230461
99212,99231,99725,19,494,2,7200,1.03846153846
99219,99238,99753,19,515,2,7200,1.03689320388
99231,99275,99807,44,532,2,7200,1.08270676692
99238,99282,99678,44,396,2,7200,1.11111111111
99271,99303,99814,32,511,2,7200,1.0626223092
99278,99310,99813,32,503,2,7200,1.06361829026
99300,99344,99864,44,520,2,7200,1.08461538462
99316,99380,99849,64,469,2,7200,1.13646055437
99344,99390,99909,46,519,2,7200,1.08863198459
99377,99398,99897,21,499,2,7200,1.04208416834
99390,99405,99961,15,556,2,7200,1.02697841727
99396,99415,99925,19,510,2,7200,1.03725490196
99403,99422,99927,19,505,2,7200,1.03762376238
99410,99432,99945,22,513,2,7200,1.04288499025
99422,99480,99990,58,510,2,7200,1.1137254902
99438,99498,100007,60,509,2,7200,1.11787819253
99477,99508,100017,31,509,2,7200,1.06090373281
99494,99516,100040,22,524,2,7200,1.04198473282
99506,99521,100039,15,518,2,7200,1.02895752896
99513,99528,100011,15,483,2,7200,1.03105590062
99520,99563,100048,43,485,2,7200,1.08865979381
99527,99570,100070,43,500,2,7200,1.086
99560,99577,100047,17,470,2,7200,1.03617021277
99577,99622,100110,45,488,2,7200,1.09221311475
99578,99628,100097,50,469,2,7200,1.1066098081
99622,99655,100126,33,471,2,7200,1.07006369427
99629,99677,100124,48,447,2,7200,1.10738255034
99651,99684,100192,33,508,2,7200,1.06496062992
99674,99691,100202,17,511,2,7200,1.03326810176
99681,99696,100153,15,457,2,7200,1.03282275711
99688,99733,100207,45,474,2,7200,1.09493670886
99695,99740,100256,45,516,2,7200,1.08720930233
99732,99755,100242,23,487,2,7200,1.04722792608
99739,99766,100251,27,485,2,7200,1.05567010309
99751,99819,100302,68,483,2,7200,1.14078674948
99763,99826,100322,63,496,2,7200,1.12701612903
99817,99831,100272,14,441,2,7200,1.03174603175
99824,99861,100331,37,470,2,7200,1.07872340426
99831,99877,100383,46,506,2,7200,1.09090909091
99859,99910,100455,51,545,2,7200,1.09357798165
99876,99921,100385,45,464,2,7200,1.09698275862
99909,99937,100407,28,470,2,7200,1.05957446809
99921,99944,100470,23,526,2,7200,1.04372623574
99933,99957,100482,24,525,2,7200,1.04571428571
99940,99973,100411,33,438,2,7200,1.07534246575
99957,100003,100510,46,507,2,7200,1.09072978304
99970,100019,100559,49,540,2,7200,1.09074074074
100003,100026,100530,23,504,2,7200,1.04563492063
100015,100033,100550,18,517,2,7200,1.03481624758
100031,100051,100528,20,477,2,7200,1.04192872117
100033,100058,100554,25,496,2,7200,1.05040322581
100050,100065,100555,15,490,2,7200,1.0306122449
100057,100070,100610,13,540,2,7200,1.02407407407
100064,100082,100587,18,505,2,7200,1.03564356436
100066,100109,100587,43,478,2,7200,1.089958159
100078,100122,100673,44,551,2,7200,1.07985480944
100106,100137,100645,31,508,2,7200,1.06102362205
100118,100144,100647,26,503,2,7200,1.05168986083
100135,100165,100680,30,515,2,7200,1.05825242718
100141,100204,100669,63,465,2,7200,1.13548387097
100164,100214,100703,50,489,2,7200,1.10224948875
100203,100221,100727,18,506,2,7200,1.03557312253
100210,100254,100769,44,515,2,7200,1.0854368932
100216,100263,100767,47,504,2,7200,1.09325396825
100249,100270,100785,21,515,2,7200,1.04077669903
100262,100284,100798,22,514,2,7200,1.04280155642
100268,100314,100844,46,530,2,7200,1.08679245283
100285,100334,100859,49,525,2,7200,1.09333333333
100313,100344,100835,31,491,2,7200,1.06313645621
100330,100395,100858,65,463,2,7200,1.1403887689
100342,100402,100894,60,492,2,7200,1.12195121951
100391,100419,100904,28,485,2,7200,1.05773195876
100398,100426,100957,28,531,2,7200,1.0527306968
100415,100466,100985,51,519,2,7200,1.09826589595
100422,100482,100992,60,510,2,7200,1.11764705882
100464,100494,100999,30,505,2,7200,1.05940594059
100482,100519,101002,37,483,2,7200,1.07660455487
100494,100524,100989,30,465,2,7200,1.06451612903
100516,100547,101061,31,514,2,7200,1.06031128405
100523,100552,101071,29,519,2,7200,1.05587668593
100546,100559,101027,13,468,2,7200,1.02777777778
100553,100565,101064,12,499,2,7200,1.02404809619
100559,100572,101147,13,575,2,7200,1.02260869565
100577,100584,101114,7,530,2,7200,1.01320754717
100578,100591,101094,13,503,2,7200,1.02584493042
100580,100596,101089,16,493,2,7200,1.03245436105
100587,100603,101112,16,509,2,7200,1.03143418468
100593,100608,101126,15,518,2,7200,1.02895752896
100600,100615,101155,15,540,2,7200,1.02777777778
100607,100620,101142,13,522,2,7200,1.02490421456
100614,100627,101127,13,500,2,7200,1.026
100616,100632,101158,16,526,2,7200,1.03041825095
100631,100638,101136,7,498,2,7200,1.0140562249
100633,100645,101170,12,525,2,7200,1.02285714286
100634,100660,101172,26,512,2,7200,1.05078125
100650,100668,101214,18,546,2,7200,1.03296703297
100657,100673,101161,16,488,2,7200,1.03278688525
100672,100682,101154,10,472,2,7200,1.02118644068
100688,100695,101214,7,519,2,7200,1.01348747592
100689,100700,100780,11,80,1,1800,1.1375
100690,100715,101222,25,507,2,7200,1.04930966469
100705,100739,101244,34,505,2,7200,1.06732673267
100730,100779,101302,49,523,2,7200,1.09369024857
100769,100786,101351,17,565,2,7200,1.03008849558
100776,100793,101328,17,535,2,7200,1.03177570093
100781,100810,101072,29,262,1,3600,1.1106870229
100784,100815,101077,31,262,1,3600,1.11832061069
100792,100800,101300,8,500,2,7200,1.016
100807,100847,101368,40,521,2,7200,1.07677543186
100838,100857,101296,19,439,2,7200,1.04328018223
100853,100869,101346,16,477,2,7200,1.03354297694
100869,100877,101364,8,487,2,7200,1.01642710472
100870,100907,101374,37,467,2,7200,1.07922912206
100898,100915,101429,17,514,2,7200,1.03307392996
100913,100970,101465,57,495,2,7200,1.11515151515
100959,100997,101525,38,528,2,7200,1.07196969697
100986,101003,101499,17,496,2,7200,1.03427419355
100997,101085,101180,88,95,1,1800,1.92631578947
101002,101010,101517,8,507,2,7200,1.0157790927
101004,101017,101518,13,501,2,7200,1.02594810379
101006,101022,101533,16,511,2,7200,1.0313111546
101012,101039,101548,27,509,2,7200,1.05304518664
101028,101073,101575,45,502,2,7200,1.08964143426
101065,101080,101580,15,500,2,7200,1.03
101072,101092,101634,20,542,2,7200,1.036900369
101087,101101,101612,14,511,2,7200,1.02739726027
101103,101110,101586,7,476,2,7200,1.01470588235
101105,101124,101655,19,531,2,7200,1.03578154426
101120,101131,101655,11,524,2,7200,1.02099236641
101122,101138,101640,16,502,2,7200,1.03187250996
101138,101145,101612,7,467,2,7200,1.01498929336
101139,101152,101685,13,533,2,7200,1.0243902439
101141,101159,101680,18,521,2,7200,1.03454894434
101157,101166,101665,9,499,2,7200,1.01803607214
101159,101173,101677,14,504,2,7200,1.02777777778
101165,101178,101677,13,499,2,7200,1.02605210421
101172,101185,101719,13,534,2,7200,1.02434456929
101188,101195,101706,7,511,2,7200,1.01369863014
101190,101226,101746,36,520,2,7200,1.06923076923
101192,101231,101677,39,446,2,7200,1.08744394619
101225,101238,101749,13,511,2,7200,1.02544031311
101241,101257,101764,16,507,2,7200,1.0315581854
101242,101312,101819,70,507,2,7200,1.13806706114
101255,101358,101852,103,494,2,7200,1.20850202429
101298,101304,101886,6,582,1,3600,1.01030927835
101312,101365,101904,53,539,2,7200,1.09833024119
101315,101321,101899,6,578,1,3600,1.01038062284
101356,101375,101820,19,445,2,7200,1.04269662921
101363,101383,101897,20,514,2,7200,1.03891050584
101375,101390,101879,15,489,2,7200,1.03067484663
101391,101441,101972,50,531,2,7200,1.09416195857
101393,101529,102015,136,486,2,7200,1.27983539095
101436,101537,102034,101,497,2,7200,1.2032193159
101527,101545,102048,18,503,2,7200,1.03578528827
101534,101598,102103,64,505,2,7200,1.12673267327
101541,101624,102089,83,465,2,7200,1.17849462366
101601,101652,102139,51,487,2,7200,1.10472279261
101623,101667,102188,44,521,2,7200,1.08445297505
101651,101678,102202,27,524,2,7200,1.05152671756
101663,101689,102161,26,472,2,7200,1.05508474576
101675,101694,102208,19,514,2,7200,1.03696498054
101686,101701,102083,15,382,1,1800,1.03926701571
101687,101706,102228,19,522,2,7200,1.03639846743
101694,101711,102187,17,476,2,7200,1.03571428571
101707,101719,102242,12,523,2,7200,1.02294455067
101708,101724,102238,16,514,2,7200,1.03112840467
101715,101732,102198,17,466,2,7200,1.0364806867
101722,101759,102264,37,505,2,7200,1.07326732673
101739,101766,102286,27,520,2,7200,1.05192307692
101756,101776,102286,20,510,2,7200,1.03921568627
101763,101831,102362,68,531,2,7200,1.12806026365
101775,101838,102366,63,528,2,7200,1.11931818182
101829,101864,102337,35,473,2,7200,1.07399577167
101836,101891,102409,55,518,2,7200,1.10617760618
101864,101909,102413,45,504,2,7200,1.08928571429
101886,101915,102383,29,468,2,7200,1.06196581197
101909,101984,102506,75,522,2,7200,1.14367816092
101910,102027,102571,117,544,2,7200,1.21507352941
101980,102046,102508,66,462,2,7200,1.14285714286
102024,102060,102574,36,514,2,7200,1.07003891051
102041,102101,102620,60,519,2,7200,1.11560693642
102058,102115,102575,57,460,2,7200,1.12391304348
102102,102151,102677,49,526,2,7200,1.09315589354
102114,102173,102648,59,475,2,7200,1.12421052632
102147,102199,102700,52,501,2,7200,1.10379241517
102170,102204,102695,34,491,2,7200,1.06924643585
102198,102211,102685,13,474,2,7200,1.02742616034
102204,102218,102708,14,490,2,7200,1.02857142857
102211,102224,102736,13,512,2,7200,1.025390625
102218,102240,102736,22,496,2,7200,1.04435483871
102220,102250,102750,30,500,2,7200,1.06
102237,102257,102782,20,525,2,7200,1.0380952381
102249,102276,102780,27,504,2,7200,1.05357142857
102256,102298,102756,42,458,2,7200,1.09170305677
102273,102303,102815,30,512,2,7200,1.05859375
102296,102350,102880,54,530,2,7200,1.10188679245
102313,102374,102838,61,464,2,7200,1.13146551724
102346,102381,102889,35,508,2,7200,1.0688976378
102374,102396,102904,22,508,2,7200,1.04330708661
102381,102426,102854,45,428,2,7200,1.10514018692
102393,102431,102954,38,523,2,7200,1.07265774379
102413,102419,102425,6,6,1,3600,1.2
102426,102518,103018,92,500,2,7200,1.184
102428,102525,103011,97,486,2,7200,1.19958847737
102518,102583,103110,65,527,2,7200,1.12333965844
102525,102590,103048,65,458,2,7200,1.14192139738
102528,102534,102617,6,83,1,3600,1.07228915663
102579,102595,103116,16,521,2,7200,1.03071017274
102586,102632,103155,46,523,2,7200,1.0879541109
102593,102661,103204,68,543,2,7200,1.12523020258
102631,102690,103174,59,484,2,7200,1.12190082645
102659,102702,103205,43,503,2,7200,1.08548707753
102690,102697,102703,7,6,1,1800,1.3
102693,102709,103167,16,458,2,7200,1.03493449782
102700,102716,103216,16,500,2,7200,1.032
102706,102723,103207,17,484,2,7200,1.03512396694
102713,102748,103284,35,536,2,7200,1.06529850746
102720,102753,103309,33,556,2,7200,1.05935251799
102744,102760,103027,16,267,1,3600,1.05992509363
102748,102772,103311,24,539,2,7200,1.04452690167
102750,102779,103306,29,527,2,7200,1.055028463
102759,102767,102886,8,119,1,3600,1.06722689076
102773,102792,103279,19,487,2,7200,1.03901437372
102779,102799,103331,20,532,2,7200,1.03759398496
102792,102827,103248,35,421,2,7200,1.08313539192
102799,102850,103325,51,475,2,7200,1.10736842105
102826,102866,103393,40,527,2,7200,1.07590132827
102848,102857,102901,9,44,1,1800,1.20454545455
102849,102891,103395,42,504,2,7200,1.08333333333
102861,102902,103376,41,474,2,7200,1.0864978903
102889,102916,103438,27,522,2,7200,1.05172413793
102907,102967,103485,60,518,2,7200,1.11583011583
102914,103023,103539,109,516,2,7200,1.21124031008
102963,103035,103569,72,534,2,7200,1.13483146067
103019,103030,103279,11,249,1,3600,1.04417670683
103022,103060,103553,38,493,2,7200,1.07707910751
103034,103122,103636,88,514,2,7200,1.17120622568
103057,103134,103632,77,498,2,7200,1.1546184739
103122,103167,103659,45,492,2,7200,1.09146341463
103122,103128,103223,6,95,1,1800,1.06315789474
103134,103187,103708,53,521,2,7200,1.10172744722
103167,103217,103654,50,437,2,7200,1.11441647597
103181,131198,158799,28017,27601,48,28800,2.01507191768
103184,103222,103723,38,501,2,7200,1.07584830339
103217,103233,103737,16,504,2,7200,1.03174603175
103219,103238,103780,19,542,2,7200,1.03505535055
103226,103261,103750,35,489,2,7200,1.07157464213
103238,103289,103831,51,542,2,7200,1.09409594096
103261,103296,103781,35,485,2,7200,1.07216494845
103288,103301,103800,13,499,2,7200,1.02605210421
103295,103318,103804,23,486,2,7200,1.04732510288
103297,103325,103828,28,503,2,7200,1.05566600398
103314,103330,103819,16,489,2,7200,1.0327198364
103321,103338,103827,17,489,2,7200,1.03476482618
103328,103345,103873,17,528,2,7200,1.0321969697
103334,105881,106541,2547,660,1,3600,4.85909090909
103335,103388,103912,53,524,2,7200,1.10114503817
103342,103405,103918,63,513,2,7200,1.12280701754
103386,103412,103907,26,495,2,7200,1.05252525253
103403,103451,103912,48,461,2,7200,1.10412147505
103410,103498,104000,88,502,2,7200,1.17529880478
103448,103552,104056,104,504,2,7200,1.20634920635
103497,103566,104091,69,525,2,7200,1.13142857143
103551,103581,104067,30,486,2,7200,1.06172839506
103563,103644,104164,81,520,2,7200,1.15576923077
103570,105919,106446,2349,527,1,3600,5.45730550285
103581,103651,104176,70,525,2,7200,1.13333333333
103645,103666,104184,21,518,2,7200,1.04054054054
103647,103673,104156,26,483,2,7200,1.05383022774
103664,103720,104237,56,517,2,7200,1.1083172147
103671,103735,104246,64,511,2,7200,1.1252446184
103720,103750,104280,30,530,2,7200,1.05660377358
103732,103762,104225,30,463,2,7200,1.06479481641
103749,103792,104319,43,527,2,7200,1.08159392789
103761,103798,104309,37,511,2,7200,1.07240704501
103789,103812,104312,23,500,2,7200,1.046
103796,103819,104265,23,446,2,7200,1.05156950673
103808,103831,104382,23,551,2,7200,1.04174228675
103815,103839,104374,24,535,2,7200,1.04485981308
103818,105938,106197,2120,259,1,1800,9.18532818533
103827,103846,104367,19,521,2,7200,1.03646833013
103839,103851,104352,12,501,2,7200,1.02395209581
103846,103885,104421,39,536,2,7200,1.07276119403
103863,103919,104435,56,516,2,7200,1.10852713178
103880,103925,104350,45,425,2,7200,1.10588235294
103919,103930,104476,11,546,2,7200,1.02014652015
103926,103938,104459,12,521,2,7200,1.02303262956
103927,104012,104536,85,524,2,7200,1.16221374046
103934,104067,104591,133,524,2,7200,1.25381679389
104009,104079,104617,70,538,2,7200,1.13011152416
104063,104103,104621,40,518,2,7200,1.07722007722
104075,104169,104651,94,482,2,7200,1.19502074689
104103,104176,104729,73,553,2,7200,1.13200723327
104168,104188,104730,20,542,2,7200,1.036900369
104174,104197,104701,23,504,2,7200,1.04563492063
104187,104237,104740,50,503,2,7200,1.09940357853
104193,104249,104781,56,532,2,7200,1.10526315789
104237,104258,104813,21,555,2,7200,1.03783783784
104249,104277,104785,28,508,2,7200,1.05511811024
104256,104292,104822,36,530,2,7200,1.0679245283
104273,104322,104823,49,501,2,7200,1.09780439122
104291,104329,104797,38,468,2,7200,1.0811965812
104318,104335,104833,17,498,2,7200,1.03413654618
104325,104363,104843,38,480,2,7200,1.07916666667
104332,104369,104892,37,523,2,7200,1.0707456979
104360,104380,104924,20,544,2,7200,1.03676470588
104367,104387,104854,20,467,2,7200,1.04282655246
104379,104394,104876,15,482,2,7200,1.03112033195
104386,104434,104931,48,497,2,7200,1.09657947686
104393,104447,104952,54,505,2,7200,1.10693069307
104431,104471,104964,40,493,2,7200,1.08113590264
104448,104488,104997,40,509,2,7200,1.07858546169
104471,104547,105064,76,517,2,7200,1.14700193424
104488,104603,105116,115,513,2,7200,1.22417153996
104547,104630,105133,83,503,2,7200,1.16500994036
104601,104637,105141,36,504,2,7200,1.07142857143
104629,104663,105176,34,513,2,7200,1.06627680312
104636,104713,105206,77,493,2,7200,1.15618661258
104659,104741,105258,82,517,2,7200,1.1586073501
104713,104748,105245,35,497,2,7200,1.07042253521
104741,104755,105271,14,516,2,7200,1.02713178295
104747,104793,105303,46,510,2,7200,1.09019607843
104754,104799,105292,45,493,2,7200,1.09127789047
104793,104809,105303,16,494,2,7200,1.03238866397
104800,104826,105360,26,534,2,7200,1.04868913858
104817,104834,105317,17,483,2,7200,1.03519668737
104824,104840,105368,16,528,2,7200,1.0303030303
104830,104847,105382,17,535,2,7200,1.03177570093
104837,104855,105353,18,498,2,7200,1.03614457831
104844,104866,105334,22,468,2,7200,1.04700854701
104851,104888,105419,37,531,2,7200,1.06967984934
104863,104904,105381,41,477,2,7200,1.08595387841
104886,104936,105450,50,514,2,7200,1.09727626459
104903,104943,105443,40,500,2,7200,1.08
104936,104964,105506,28,542,2,7200,1.05166051661
104943,104976,105462,33,486,2,7200,1.06790123457
104960,105008,105512,48,504,2,7200,1.09523809524
104972,105076,105606,104,530,2,7200,1.19622641509
105005,105128,105649,123,521,2,7200,1.23608445298
105075,105145,105649,70,504,2,7200,1.13888888889
105129,105152,105653,23,501,2,7200,1.04590818363
105141,105188,105683,47,495,2,7200,1.09494949495
105148,105218,105732,70,514,2,7200,1.13618677043
105186,105258,105770,72,512,2,7200,1.140625
105214,105269,105772,55,503,2,7200,1.10934393638
105258,105284,105801,26,517,2,7200,1.0502901354
105270,105304,105864,34,560,2,7200,1.06071428571
105282,105315,105854,33,539,2,7200,1.0612244898
105299,105320,105819,21,499,2,7200,1.04208416834
105311,105330,105865,19,535,2,7200,1.03551401869
105318,105347,105859,29,512,2,7200,1.056640625
105330,105365,105876,35,511,2,7200,1.06849315068
105342,105371,105902,29,531,2,7200,1.05461393597
105365,105380,105849,15,469,2,7200,1.03198294243
105383,105393,105926,10,533,2,7200,1.01876172608
105385,105400,105881,15,481,2,7200,1.03118503119
105392,105431,105955,39,524,2,7200,1.07442748092
105399,105454,105958,55,504,2,7200,1.10912698413
105426,105461,105986,35,525,2,7200,1.06666666667
105454,105474,105962,20,488,2,7200,1.04098360656
105461,105518,106029,57,511,2,7200,1.11154598826
105473,105525,106038,52,513,2,7200,1.10136452242
105517,105618,106084,101,466,2,7200,1.21673819742
105524,105661,106134,137,473,2,7200,1.28964059197
105615,105666,106216,51,550,2,7200,1.09272727273
105658,105673,106153,15,480,2,7200,1.03125
105665,105695,106233,30,538,2,7200,1.05576208178
105672,105744,106254,72,510,2,7200,1.14117647059
105695,105783,106282,88,499,2,7200,1.17635270541
105743,105790,106319,47,529,2,7200,1.08884688091
105782,105813,106274,31,461,2,7200,1.06724511931
105799,105832,106266,33,434,2,7200,1.07603686636
105811,105861,106327,50,466,2,7200,1.10729613734
105828,105867,106357,39,490,2,7200,1.07959183673
105856,105874,106319,18,445,2,7200,1.0404494382
105863,105886,106377,23,491,2,7200,1.04684317719
105870,105893,106357,23,464,2,7200,1.04956896552
105882,105898,106401,16,503,2,7200,1.03180914513
105889,105914,106434,25,520,2,7200,1.04807692308
105896,105967,106496,71,529,2,7200,1.13421550095
105913,105973,106500,60,527,2,7200,1.11385199241
105967,105979,106515,12,536,2,7200,1.0223880597
105974,105998,106500,24,502,2,7200,1.04780876494
105976,106042,106536,66,494,2,7200,1.13360323887
105998,106050,106579,52,529,2,7200,1.09829867675
106042,106146,106631,104,485,2,7200,1.21443298969
106049,106165,106665,116,500,2,7200,1.232
106145,106228,106757,83,529,2,7200,1.15689981096
106162,106245,106729,83,484,2,7200,1.17148760331
106227,106267,106781,40,514,2,7200,1.07782101167
106244,106278,106785,34,507,2,7200,1.06706114398
106267,106286,106781,19,495,2,7200,1.03838383838
106274,106295,106807,21,512,2,7200,1.041015625
106286,106331,106848,45,517,2,7200,1.08704061896
106293,106336,106874,43,538,2,7200,1.07992565056
106331,106348,106856,17,508,2,7200,1.03346456693
106333,106368,106865,35,497,2,7200,1.07042253521
106334,106343,106424,9,81,1,1800,1.11111111111
106345,106374,106743,29,369,2,7200,1.07859078591
106368,106389,106919,21,530,2,7200,1.03962264151
106369,106414,106931,45,517,2,7200,1.08704061896
106387,106446,106957,59,511,2,7200,1.11545988258
106409,106456,106969,47,513,2,7200,1.09161793372
106449,106509,106987,60,478,2,7200,1.12552301255
106450,106516,107012,66,496,2,7200,1.13306451613
106505,106522,107055,17,533,2,7200,1.03189493433
106517,106529,107052,12,523,2,7200,1.02294455067
106518,106547,107042,29,495,2,7200,1.05858585859
106525,106591,107100,66,509,2,7200,1.12966601179
106548,106643,107192,95,549,2,7200,1.17304189435
106592,106683,107183,91,500,2,7200,1.182
106640,106741,107276,101,535,2,7200,1.18878504673
106669,106675,106778,6,103,1,1800,1.05825242718
106679,106756,107283,77,527,2,7200,1.14611005693
106738,106770,107273,32,503,2,7200,1.06361829026
106755,106793,107339,38,546,2,7200,1.0695970696
106768,106798,107305,30,507,2,7200,1.05917159763
106790,106805,107315,15,510,2,7200,1.02941176471
106797,106819,107357,22,538,2,7200,1.04089219331
106804,106861,107395,57,534,2,7200,1.10674157303
106816,106867,107314,51,447,2,7200,1.11409395973
106860,106877,107407,17,530,2,7200,1.0320754717
106867,106887,107430,20,543,2,7200,1.03683241252
106874,106931,107464,57,533,2,7200,1.10694183865
106886,106944,107466,58,522,2,7200,1.11111111111
106929,106969,107473,40,504,2,7200,1.07936507937
106942,106981,107513,39,532,2,7200,1.07330827068
106969,107000,107537,31,537,2,7200,1.05772811918
106982,107024,107523,42,499,2,7200,1.08416833667
106999,107055,107568,56,513,2,7200,1.10916179337
107022,107064,107615,42,551,2,7200,1.07622504537
107055,107071,107575,16,504,2,7200,1.03174603175
107062,107113,107642,51,529,2,7200,1.09640831758
107069,107195,107704,126,509,2,7200,1.24754420432
107112,107204,107745,92,541,2,7200,1.17005545287
107193,107285,107778,92,493,2,7200,1.18661257606
107199,107291,107797,92,506,2,7200,1.18181818182
107256,107263,107627,7,364,1,1800,1.01923076923
107285,107298,107801,13,503,2,7200,1.02584493042
107302,107317,107866,15,549,2,7200,1.02732240437
107304,107326,107799,22,473,2,7200,1.04651162791
107316,107332,107849,16,517,2,7200,1.03094777563
107323,107352,107849,29,497,2,7200,1.0583501006
107330,107370,107895,40,525,2,7200,1.07619047619
107347,107407,107877,60,470,2,7200,1.12765957447
107370,107419,107926,49,507,2,7200,1.0966469428
107403,107442,107947,39,505,2,7200,1.07722772277
107415,107476,107928,61,452,2,7200,1.13495575221
107437,107482,108008,45,526,2,7200,1.0855513308
107476,107489,108009,13,520,2,7200,1.025
107483,107525,108037,42,512,2,7200,1.08203125
107484,107536,108057,52,521,2,7200,1.09980806142
107522,107549,108074,27,525,2,7200,1.05142857143
107535,107580,108099,45,519,2,7200,1.08670520231
107547,107587,108148,40,561,2,7200,1.07130124777
107580,107627,108126,47,499,2,7200,1.09418837675
107597,107654,108203,57,549,2,7200,1.10382513661
107625,107716,108243,91,527,2,7200,1.17267552182
107653,107758,108275,105,517,2,7200,1.20309477756
107712,107791,108309,79,518,2,7200,1.15250965251
107755,107809,108309,54,500,2,7200,1.108
107788,107815,108357,27,542,2,7200,1.04981549815
107806,107821,108328,15,507,2,7200,1.02958579882
107813,107861,108328,48,467,2,7200,1.10278372591
107819,107866,108407,47,541,2,7200,1.08687615527
107858,107879,108384,21,505,2,7200,1.04158415842
107864,107890,108358,26,468,2,7200,1.05555555556
107877,107906,108447,29,541,2,7200,1.05360443623
107889,107938,108418,49,480,2,7200,1.10208333333
107906,107945,108473,39,528,2,7200,1.07386363636
107934,107959,108421,25,462,2,7200,1.05411255411
107941,108020,108521,79,501,2,7200,1.15768463074
107958,108027,108524,69,497,2,7200,1.13883299799
108017,108049,108514,32,465,2,7200,1.0688172043
108024,108063,108556,39,493,2,7200,1.07910750507
108047,108068,108591,21,523,2,7200,1.04015296367
108059,108075,108562,16,487,2,7200,1.03285420945
108066,108085,108595,19,510,2,7200,1.03725490196
108073,108111,108600,38,489,2,7200,1.07770961145
108085,108138,108643,53,505,2,7200,1.10495049505
108107,108160,108697,53,537,2,7200,1.09869646182
108135,108215,108744,80,529,2,7200,1.15122873346
108158,108255,108787,97,532,2,7200,1.18233082707
108212,108287,108736,75,449,2,7200,1.16703786192
108255,108321,108852,66,531,2,7200,1.12429378531
108283,108326,108820,43,494,2,7200,1.08704453441
108321,108340,108847,19,507,2,7200,1.03747534517
108323,108346,108854,23,508,2,7200,1.04527559055
108340,108369,108847,29,478,2,7200,1.06066945607
108347,108376,108872,29,496,2,7200,1.05846774194
108364,108396,108929,32,533,2,7200,1.06003752345
108376,108419,108915,43,496,2,7200,1.08669354839
108394,108430,108927,36,497,2,7200,1.07243460765
108416,108437,108965,21,528,2,7200,1.03977272727
108428,108459,108956,31,497,2,7200,1.06237424547
108435,108485,108966,50,481,2,7200,1.10395010395
108458,108526,109007,68,481,2,7200,1.14137214137
108480,108533,109034,53,501,2,7200,1.10578842315
108524,108540,109069,16,529,2,7200,1.03024574669
108531,108568,109086,37,518,2,7200,1.07142857143
108538,108575,109077,37,502,2,7200,1.07370517928
108566,108604,109142,38,538,2,7200,1.07063197026
108572,108611,109161,39,550,2,7200,1.07090909091
108606,108618,109127,12,509,2,7200,1.02357563851
108608,108655,109191,47,536,2,7200,1.08768656716
108615,108709,109208,94,499,2,7200,1.18837675351
108653,108749,109238,96,489,2,7200,1.1963190184
108707,108756,109211,49,455,2,7200,1.10769230769
108724,108731,108769,7,38,1,1800,1.18421052632
108745,108799,109295,54,496,2,7200,1.10887096774
108752,108832,109375,80,543,2,7200,1.14732965009
108796,108858,109375,62,517,2,7200,1.11992263056
108829,108864,109340,35,476,2,7200,1.07352941176
108857,108871,109362,14,491,2,7200,1.02851323829
108863,108876,109342,13,466,2,7200,1.02789699571
108870,108885,109363,15,478,2,7200,1.03138075314
108872,108928,109464,56,536,2,7200,1.10447761194
108884,108940,109469,56,529,2,7200,1.10586011342
108928,108946,109434,18,488,2,7200,1.0368852459
108940,108968,109451,28,483,2,7200,1.05797101449
108957,108977,109416,20,439,2,7200,1.04555808656
108964,108984,109509,20,525,2,7200,1.0380952381
108976,109019,109541,43,522,2,7200,1.08237547893
108983,109046,109526,63,480,2,7200,1.13125
109000,109007,109079,7,72,1,1800,1.09722222222
109016,109081,109573,65,492,2,7200,1.13211382114
109044,109090,109610,46,520,2,7200,1.08846153846
109077,109099,109614,22,515,2,7200,1.0427184466
109089,109139,109646,50,507,2,7200,1.09861932939
109096,109154,109628,58,474,2,7200,1.1223628692
109139,109173,109689,34,516,2,7200,1.06589147287
109151,109203,109735,52,532,2,7200,1.0977443609
109169,109220,109756,51,536,2,7200,1.09514925373
109202,109227,109690,25,463,2,7200,1.05399568035
109219,109250,109811,31,561,2,7200,1.05525846702
109226,109307,109819,81,512,2,7200,1.158203125
109248,109353,109880,105,527,2,7200,1.19924098672
109307,109359,109922,52,563,2,7200,1.09236234458
109351,109374,109868,23,494,2,7200,1.04655870445
109358,109381,109928,23,547,2,7200,1.04204753199
109370,109388,109913,18,525,2,7200,1.03428571429
109377,109393,109864,16,471,2,7200,1.03397027601
109389,109428,109926,39,498,2,7200,1.07831325301
109390,109446,109957,56,511,2,7200,1.1095890411
109423,109464,109955,41,491,2,7200,1.08350305499
109446,109476,109976,30,500,2,7200,1.06
109463,109483,109992,20,509,2,7200,1.03929273084
109475,109521,110054,46,533,2,7200,1.08630393996
109482,109538,109966,56,428,2,7200,1.1308411215
109521,109553,110084,32,531,2,7200,1.06026365348
109538,109586,110108,48,522,2,7200,1.09195402299
109550,109622,110125,72,503,2,7200,1.14314115308
109583,109629,110177,46,548,2,7200,1.08394160584
109621,109640,110144,19,504,2,7200,1.0376984127
109628,109658,110182,30,524,2,7200,1.0572519084
109640,109700,110237,60,537,2,7200,1.11173184358
109657,109707,110232,50,525,2,7200,1.09523809524
109668,109674,109914,6,240,1,1800,1.025
109701,109747,110259,46,512,2,7200,1.08984375
109702,109768,110293,66,525,2,7200,1.12571428571
109746,109823,110317,77,494,2,7200,1.15587044534
109763,109831,110357,68,526,2,7200,1.12927756654
109823,109876,110387,53,511,2,7200,1.10371819961
109830,109883,110318,53,435,2,7200,1.12183908046
109873,109893,110403,20,510,2,7200,1.03921568627
109890,109925,110474,35,549,2,7200,1.06375227687
109892,109934,110466,42,532,2,7200,1.07894736842
109925,109941,110446,16,505,2,7200,1.03168316832
109932,109946,110460,14,514,2,7200,1.02723735409
109939,109967,110493,28,526,2,7200,1.05323193916
109946,109974,110442,28,468,2,7200,1.05982905983
109963,109981,110478,18,497,2,7200,1.03621730382
109970,109988,110523,18,535,2,7200,1.03364485981
109977,110004,110449,27,445,2,7200,1.0606741573
109984,110066,110607,82,541,2,7200,1.15157116451
110001,110096,110599,95,503,2,7200,1.1888667992
110066,110120,110598,54,478,2,7200,1.1129707113
110093,110137,110655,44,518,2,7200,1.08494208494
110116,110156,110659,40,503,2,7200,1.07952286282
110133,110189,110697,56,508,2,7200,1.11023622047
110156,110195,110644,39,449,2,7200,1.0868596882
110189,110244,110740,55,496,2,7200,1.11088709677
110196,110251,110740,55,489,2,7200,1.11247443763
110240,110272,110774,32,502,2,7200,1.06374501992
110246,110305,110840,59,535,2,7200,1.11028037383
110269,110329,110831,60,502,2,7200,1.11952191235
110302,110336,110844,34,508,2,7200,1.06692913386
110325,110369,110876,44,507,2,7200,1.08678500986
110332,110399,110894,67,495,2,7200,1.13535353535
110365,110415,110972,50,557,2,7200,1.08976660682
110398,110454,110990,56,536,2,7200,1.10447761194
110415,110461,110916,46,455,2,7200,1.1010989011
110454,110466,110984,12,518,2,7200,1.02316602317
110460,110473,111019,13,546,2,7200,1.02380952381
110478,110485,110986,7,501,2,7200,1.01397205589
110480,110492,111052,12,560,2,7200,1.02142857143
110482,110497,110986,15,489,2,7200,1.03067484663
110488,110506,111057,18,551,2,7200,1.03266787659
110495,110535,110984,40,449,2,7200,1.08908685969
110502,110610,111102,108,492,2,7200,1.21951219512
110535,110617,111105,82,488,2,7200,1.16803278689
110610,110624,111152,14,528,2,7200,1.02651515152
110617,110656,111168,39,512,2,7200,1.076171875
110624,110666,111170,42,504,2,7200,1.08333333333
110652,110674,111187,22,513,2,7200,1.04288499025
110664,110710,111199,46,489,2,7200,1.09406952965
110671,110752,111260,81,508,2,7200,1.1594488189
110709,110757,111244,48,487,2,7200,1.09856262834
110748,110786,111285,38,499,2,7200,1.07615230461
110755,110843,111347,88,504,2,7200,1.1746031746
110782,110852,111320,70,468,2,7200,1.14957264957
110842,110859,111361,17,502,2,7200,1.03386454183
110849,110888,111382,39,494,2,7200,1.07894736842
110856,110907,111375,51,468,2,7200,1.10897435897
110884,110928,111428,44,500,2,7200,1.088
110906,110984,111503,78,519,2,7200,1.15028901734
110924,110995,111552,71,557,2,7200,1.12746858169
110983,111001,111527,18,526,2,7200,1.03422053232
110995,111008,111529,13,521,2,7200,1.02495201536
110997,111013,111471,16,458,2,7200,1.03493449782
111003,111020,111488,17,468,2,7200,1.03632478632
111010,111031,111517,21,486,2,7200,1.04320987654
111017,111064,111584,47,520,2,7200,1.09038461538
111029,111071,111594,42,523,2,7200,1.08030592734
111062,111114,111665,52,551,2,7200,1.0943738657
111069,111121,111647,52,526,2,7200,1.09885931559
111113,111164,111686,51,522,2,7200,1.09770114943
111120,111181,111709,61,528,2,7200,1.11553030303
111163,111187,111641,24,454,2,7200,1.05286343612
111181,111199,111730,18,531,2,7200,1.03389830508
111188,111211,111731,23,520,2,7200,1.04423076923
111194,111256,111758,62,502,2,7200,1.1235059761
111207,111272,111792,65,520,2,7200,1.125
111255,111297,111824,42,527,2,7200,1.07969639469
111268,111332,111854,64,522,2,7200,1.12260536398
111295,111359,111860,64,501,2,7200,1.12774451098
111328,111373,111894,45,521,2,7200,1.08637236084
111356,111387,111903,31,516,2,7200,1.06007751938
111368,111395,111912,27,517,2,7200,1.05222437137
111386,111440,111981,54,541,2,7200,1.09981515712
111393,111484,111976,91,492,2,7200,1.18495934959
111442,111500,112013,58,513,2,7200,1.11306042885
111481,111515,112014,34,499,2,7200,1.06813627255
111498,111530,111957,32,427,2,7200,1.07494145199
111515,111539,112037,24,498,2,7200,1.04819277108
111527,111546,112055,19,509,2,7200,1.0373280943
111534,111564,112102,30,538,2,7200,1.05576208178
111541,111595,112107,54,512,2,7200,1.10546875
111564,111606,112129,42,523,2,7200,1.08030592734
111592,111653,112217,61,564,2,7200,1.10815602837
111604,111660,112093,56,433,2,7200,1.12933025404
111653,111677,112206,24,529,2,7200,1.04536862004
111659,111698,112233,39,535,2,7200,1.07289719626
111677,111721,112233,44,512,2,7200,1.0859375
111694,111742,112262,48,520,2,7200,1.09230769231
111722,111749,112218,27,469,2,7200,1.05756929638
111739,111770,112262,31,492,2,7200,1.06300813008
111746,111805,112259,59,454,2,7200,1.12995594714
111769,111835,112360,66,525,2,7200,1.12571428571
111802,111866,112356,64,490,2,7200,1.1306122449
111835,111873,112416,38,543,2,7200,1.06998158379
111863,111907,112393,44,486,2,7200,1.09053497942
111870,111915,112374,45,459,2,7200,1.09803921569
111903,111924,112404,21,480,2,7200,1.04375
111915,111969,112510,54,541,2,7200,1.09981515712
111922,111987,112503,65,516,2,7200,1.12596899225
111965,111994,112509,29,515,2,7200,1.05631067961
111988,112025,112531,37,506,2,7200,1.07312252964
111995,112032,112551,37,519,2,7200,1.07129094412
112029,112049,112544,20,495,2,7200,1.0404040404
112030,112067,112590,37,523,2,7200,1.0707456979
112047,112106,112594,59,488,2,7200,1.12090163934
112065,112114,112635,49,521,2,7200,1.09404990403
112103,112121,112648,18,527,2,7200,1.03415559772
112110,112141,112648,31,507,2,7200,1.06114398422
112117,112219,112729,102,510,2,7200,1.2
112139,112230,112758,91,528,2,7200,1.17234848485
112214,112235,112762,21,527,2,7200,1.03984819734
112226,112245,112720,19,475,2,7200,1.04
112233,112250,112760,17,510,2,7200,1.03333333333
112245,112271,112794,26,523,2,7200,1.04971319312
112247,112278,112813,31,535,2,7200,1.05794392523
112270,112283,112815,13,532,2,7200,1.02443609023
112276,112368,112848,92,480,2,7200,1.19166666667
112294,112375,112900,81,525,2,7200,1.15428571429
112364,112386,112902,22,516,2,7200,1.04263565891
112371,112405,112929,34,524,2,7200,1.06488549618
112383,112416,112900,33,484,2,7200,1.06818181818
112400,112428,113007,28,579,2,7200,1.04835924007
112412,112515,112998,103,483,2,7200,1.2132505176
112424,112522,113039,98,517,2,7200,1.18955512573
112515,112527,113015,12,488,2,7200,1.02459016393
112522,112543,113018,21,475,2,7200,1.04421052632
112524,112556,113092,32,536,2,7200,1.05970149254
112541,112563,113049,22,486,2,7200,1.04526748971
112553,112602,113126,49,524,2,7200,1.09351145038
112560,112608,113146,48,538,2,7200,1.08921933086
112598,112647,113151,49,504,2,7200,1.09722222222
112615,112660,113182,45,522,2,7200,1.08620689655
112643,112665,113126,22,461,2,7200,1.04772234273
112655,112732,113227,77,495,2,7200,1.15555555556
112662,112742,113234,80,492,2,7200,1.16260162602
112732,112770,113246,38,476,2,7200,1.07983193277
112738,112777,113282,39,505,2,7200,1.07722772277
112766,112806,113355,40,549,2,7200,1.07285974499
112773,112825,113369,52,544,2,7200,1.09558823529
112806,112832,113380,26,548,2,7200,1.04744525547
112824,112860,113363,36,503,2,7200,1.07157057654
112830,112912,113450,82,538,2,7200,1.15241635688
112858,112917,113447,59,530,2,7200,1.11132075472
112907,112924,113464,17,540,2,7200,1.03148148148
112914,112941,113446,27,505,2,7200,1.05346534653
112931,113009,113497,78,488,2,7200,1.15983606557
112938,113019,113514,81,495,2,7200,1.16363636364
113008,113028,113568,20,540,2,7200,1.03703703704
113015,113035,113578,20,543,2,7200,1.03683241252
113027,113051,113533,24,482,2,7200,1.04979253112
113033,113061,113542,28,481,2,7200,1.05821205821
113051,113106,113646,55,540,2,7200,1.10185185185
113058,113138,113617,80,479,2,7200,1.16701461378
113106,113143,113629,37,486,2,7200,1.07613168724
113134,113159,113682,25,523,2,7200,1.04780114723
113141,113166,113691,25,525,2,7200,1.04761904762
113158,113195,113681,37,486,2,7200,1.07613168724
113165,113239,113678,74,439,2,7200,1.16856492027
113193,113246,113739,53,493,2,7200,1.10750507099
113237,113258,113764,21,506,2,7200,1.04150197628
113244,113294,113807,50,513,2,7200,1.09746588694
113261,113368,113858,107,490,2,7200,1.21836734694
113269,122058,128650,8789,6592,1,50400,2.33328276699
113294,113374,113869,80,495,2,7200,1.16161616162
113364,113382,113881,18,499,2,7200,1.03607214429
113371,113392,113878,21,486,2,7200,1.04320987654
113378,113458,114003,80,545,2,7200,1.14678899083
113390,113465,113966,75,501,2,7200,1.1497005988
113454,113470,114035,16,565,2,7200,1.02831858407
113461,113477,113987,16,510,2,7200,1.03137254902
113468,113509,114009,41,500,2,7200,1.082
113475,113526,114021,51,495,2,7200,1.10303030303
113508,113545,114064,37,519,2,7200,1.07129094412
113526,113554,114024,28,470,2,7200,1.05957446809
113543,113581,114123,38,542,2,7200,1.07011070111
113550,113590,114097,40,507,2,7200,1.07889546351
113578,113629,114112,51,483,2,7200,1.10559006211
113595,113641,114155,46,514,2,7200,1.08949416342
113628,113659,114120,31,461,2,7200,1.06724511931
113640,113690,114190,50,500,2,7200,1.1
113658,113697,114188,39,491,2,7200,1.07942973523
113685,113702,114168,17,466,2,7200,1.0364806867
113692,113709,114233,17,524,2,7200,1.03244274809
113699,113752,114253,53,501,2,7200,1.10578842315
113706,113777,114281,71,504,2,7200,1.14087301587
113750,113819,114308,69,489,2,7200,1.14110429448
113772,113871,114430,99,559,2,7200,1.1771019678
113816,113881,114414,65,533,2,7200,1.12195121951
113870,113890,114379,20,489,2,7200,1.0408997955
113877,113897,114390,20,493,2,7200,1.04056795132
113889,113978,114491,89,513,2,7200,1.17348927875
113896,113999,114503,103,504,2,7200,1.20436507937
113976,114015,114510,39,495,2,7200,1.07878787879
113999,114022,114564,23,542,2,7200,1.04243542435
114011,114034,114550,23,516,2,7200,1.04457364341
114018,114041,114558,23,517,2,7200,1.04448742747
114030,114048,114564,18,516,2,7200,1.03488372093
114037,114076,114571,39,495,2,7200,1.07878787879
114044,114109,114614,65,505,2,7200,1.12871287129
114072,114124,114645,52,521,2,7200,1.09980806142
114105,114132,114650,27,518,2,7200,1.05212355212
114122,114139,114640,17,501,2,7200,1.03393213573
114129,114167,114650,38,483,2,7200,1.07867494824
114136,114181,114666,45,485,2,7200,1.09278350515
114164,114200,114690,36,490,2,7200,1.07346938776
114181,114207,114717,26,510,2,7200,1.05098039216
114199,114245,114691,46,446,2,7200,1.10313901345
114216,114265,114797,49,532,2,7200,1.09210526316
114244,114293,114787,49,494,2,7200,1.0991902834
114261,114321,114840,60,519,2,7200,1.11560693642
114289,114391,114899,102,508,2,7200,1.20078740157
114317,114402,114880,85,478,2,7200,1.17782426778
114386,114426,114951,40,525,2,7200,1.07619047619
114398,114442,114928,44,486,2,7200,1.09053497942
114426,114504,115072,78,568,2,7200,1.13732394366
114438,114515,115004,77,489,2,7200,1.15746421268
114503,114521,115055,18,534,2,7200,1.03370786517
114515,114563,115099,48,536,2,7200,1.08955223881
114522,114569,115084,47,515,2,7200,1.09126213592
114560,114576,115099,16,523,2,7200,1.03059273423
114567,114581,115113,14,532,2,7200,1.02631578947
114574,114588,115104,14,516,2,7200,1.02713178295
114592,114626,115125,34,499,2,7200,1.06813627255
114593,114652,115146,59,494,2,7200,1.11943319838
114621,114659,115139,38,480,2,7200,1.07916666667
114649,114666,115161,17,495,2,7200,1.03434343434
114656,114671,115188,15,517,2,7200,1.02901353965
114663,114678,115189,15,511,2,7200,1.02935420744
114670,114702,115185,32,483,2,7200,1.06625258799
114676,114709,115227,33,518,2,7200,1.06370656371
114699,114729,115273,30,544,2,7200,1.05514705882
114706,114799,115261,93,462,2,7200,1.2012987013
114728,114809,115319,81,510,2,7200,1.15882352941
114798,114852,115366,54,514,2,7200,1.10505836576
114805,114892,115330,87,438,2,7200,1.19863013699
114849,114911,115419,62,508,2,7200,1.12204724409
114892,114923,115403,31,480,2,7200,1.06458333333
114910,114940,115469,30,529,2,7200,1.05671077505
114927,114964,115492,37,528,2,7200,1.07007575758
114939,115017,115533,78,516,2,7200,1.1511627907
114962,115068,115584,106,516,2,7200,1.20542635659
115016,115085,115594,69,509,2,7200,1.13555992141
115065,115096,115614,31,518,2,7200,1.05984555985
115082,115111,115646,29,535,2,7200,1.05420560748
115094,115116,115621,22,505,2,7200,1.04356435644
115106,115123,115597,17,474,2,7200,1.0358649789
115113,115130,115636,17,506,2,7200,1.03359683794
115120,115137,115666,17,529,2,7200,1.03213610586
115127,115152,115674,25,522,2,7200,1.04789272031
115133,115159,115685,26,526,2,7200,1.04942965779
115151,115173,115657,22,484,2,7200,1.04545454545
115158,115198,115735,40,537,2,7200,1.07448789572
115175,115205,115671,30,466,2,7200,1.0643776824
115197,115210,115711,13,501,2,7200,1.02594810379
115204,115240,115779,36,539,2,7200,1.0667903525
115206,115273,115788,67,515,2,7200,1.13009708738
115239,115285,115777,46,492,2,7200,1.09349593496
115272,115331,115868,59,537,2,7200,1.10986964618
115284,115342,115845,58,503,2,7200,1.11530815109
115328,115379,115949,51,570,2,7200,1.08947368421
115340,115416,115971,76,555,2,7200,1.13693693694
115378,115431,115965,53,534,2,7200,1.09925093633
115411,115482,115989,71,507,2,7200,1.14003944773
115429,115504,116014,75,510,2,7200,1.14705882353
115478,115545,116071,67,526,2,7200,1.12737642586
115500,115597,116152,97,555,2,7200,1.17477477477
115543,115606,116106,63,500,2,7200,1.126
115586,124890,128751,9304,3861,1,50400,3.40973840974
115597,115613,116132,16,519,2,7200,1.03082851638
115604,115626,116174,22,548,2,7200,1.0401459854
115611,115632,116147,21,515,2,7200,1.04077669903
115623,115647,116152,24,505,2,7200,1.04752475248
115630,115658,116133,28,475,2,7200,1.05894736842
115647,115669,116166,22,497,2,7200,1.04426559356
115654,115678,116229,24,551,2,7200,1.04355716878
115656,125534,128762,9878,3228,1,50400,4.06009913259
115666,115685,116196,19,511,2,7200,1.03718199609
115678,115691,116213,13,522,2,7200,1.02490421456
115685,115698,116194,13,496,2,7200,1.02620967742
115687,115724,116247,37,523,2,7200,1.0707456979
115694,115748,116271,54,523,2,7200,1.10325047801
115722,115789,116311,67,522,2,7200,1.12835249042
115749,115796,116347,47,551,2,7200,1.08529945554
115788,115803,116344,15,541,2,7200,1.02772643253
115795,115856,116336,61,480,2,7200,1.12708333333
115802,115881,116389,79,508,2,7200,1.15551181102
115856,115962,116468,106,506,2,7200,1.20948616601
115878,115977,116519,99,542,2,7200,1.18265682657
115940,128661,128764,12721,103,1,50400,124.504854369
115959,115984,116510,25,526,2,7200,1.04752851711
115976,116002,116522,26,520,2,7200,1.05
115983,116026,116527,43,501,2,7200,1.08582834331
116000,116083,116585,83,502,2,7200,1.16533864542
116023,116118,116632,95,514,2,7200,1.18482490272
116082,116144,116674,62,530,2,7200,1.11698113208
116116,116151,116696,35,545,2,7200,1.06422018349
116144,116158,116688,14,530,2,7200,1.02641509434
116162,116168,116706,6,538,2,7200,1.01115241636
116163,116174,116683,11,509,2,7200,1.02161100196
116165,116181,116686,16,505,2,7200,1.03168316832
116172,116188,116721,16,533,2,7200,1.03001876173
116179,116207,116693,28,486,2,7200,1.05761316872
116186,116214,116723,28,509,2,7200,1.05500982318
116203,116225,116751,22,526,2,7200,1.04182509506
116210,116241,116733,31,492,2,7200,1.06300813008
116222,116266,116723,44,457,2,7200,1.09628008753
116239,116283,116797,44,514,2,7200,1.08560311284
116265,116324,116834,59,510,2,7200,1.11568627451
116282,116349,116876,67,527,2,7200,1.12713472486
116320,116356,116853,36,497,2,7200,1.07243460765
116348,116363,116897,15,534,2,7200,1.02808988764
116355,116401,116863,46,462,2,7200,1.09956709957
116362,116480,117017,118,537,2,7200,1.21973929236
116400,116522,117076,122,554,2,7200,1.2202166065
116480,116531,117039,51,508,2,7200,1.10039370079
116518,116538,117068,20,530,2,7200,1.03773584906
116530,116545,117045,15,500,2,7200,1.03
116537,116597,117132,60,535,2,7200,1.11214953271
116544,116645,117154,101,509,2,7200,1.19842829077
116549,117299,126881,750,9582,1,18000,1.07827175955
116593,116685,117207,92,522,2,7200,1.17624521073
116642,116699,117189,57,490,2,7200,1.11632653061
116652,120412,128393,3760,7981,1,18000,1.47111890741
116685,116704,117238,19,534,2,7200,1.03558052434
116698,116711,117170,13,459,2,7200,1.02832244009
116704,116716,117224,12,508,2,7200,1.02362204724
116706,116723,117223,17,500,2,7200,1.034
116713,116728,117247,15,519,2,7200,1.0289017341
116720,116735,117229,15,494,2,7200,1.03036437247
116727,116740,117244,13,504,2,7200,1.02579365079
116745,116752,117246,7,494,2,7200,1.01417004049
116746,116758,117276,12,518,2,7200,1.02316602317
116748,116766,117276,18,510,2,7200,1.03529411765
116755,116809,117332,54,523,2,7200,1.10325047801
116761,116846,117360,85,514,2,7200,1.16536964981
116805,116865,117363,60,498,2,7200,1.12048192771
116843,116875,117354,32,479,2,7200,1.06680584551
116861,116888,117409,27,521,2,7200,1.05182341651
116873,116910,117430,37,520,2,7200,1.07115384615
116885,117029,117531,144,502,2,7200,1.28685258964
116908,117051,117588,143,537,2,7200,1.26629422719
117025,117058,117570,33,512,2,7200,1.064453125
117048,117080,117612,32,532,2,7200,1.06015037594
117055,117088,117602,33,514,2,7200,1.06420233463
117077,117144,117652,67,508,2,7200,1.13188976378
117084,117166,117709,82,543,2,7200,1.15101289134
117144,117182,117685,38,503,2,7200,1.07554671968
117166,117200,117724,34,524,2,7200,1.06488549618
117178,117219,117761,41,542,2,7200,1.07564575646
117201,117235,117733,34,498,2,7200,1.06827309237
117218,117242,117753,24,511,2,7200,1.0469667319
117231,117247,117792,16,545,2,7200,1.02935779817
117238,117254,117763,16,509,2,7200,1.03143418468
117244,117261,117783,17,522,2,7200,1.03256704981
117251,117266,117787,15,521,2,7200,1.02879078695
117258,117273,117707,15,434,2,7200,1.03456221198
117265,117288,117794,23,506,2,7200,1.04545454545
117272,117293,117818,21,525,2,7200,1.04
117284,117344,117809,60,465,2,7200,1.12903225806
117291,117367,117898,76,531,2,7200,1.14312617702
117340,117374,117891,34,517,2,7200,1.06576402321
117368,117381,117873,13,492,2,7200,1.02642276423
117370,117422,117949,52,527,2,7200,1.09867172676
117377,117443,117945,66,502,2,7200,1.13147410359
117386,159030,163389,41644,4359,2,28800,10.553567332
117420,117543,118066,123,523,2,7200,1.23518164436
117443,117624,118131,181,507,2,7200,1.35700197239
117539,117664,118182,125,518,2,7200,1.24131274131
117608,128779,129946,11171,1167,2,43200,10.5724078835
117625,117697,118164,72,467,2,7200,1.15417558887
117663,117720,118304,57,584,2,7200,1.09760273973
117696,117727,118199,31,472,2,7200,1.0656779661
117719,117736,118239,17,503,2,7200,1.0337972167
117726,117745,118245,19,500,2,7200,1.038
117733,117765,118284,32,519,2,7200,1.06165703276
117745,117773,118300,28,527,2,7200,1.05313092979
117762,117795,118320,33,525,2,7200,1.06285714286
117769,117802,118325,33,523,2,7200,1.06309751434
117792,117809,118292,17,483,2,7200,1.03519668737
117810,117816,118309,6,493,2,7200,1.0121703854
117812,117824,118324,12,500,2,7200,1.024
117814,117885,118383,71,498,2,7200,1.14257028112
117821,117903,118390,82,487,2,7200,1.16837782341
117885,117909,118438,24,529,2,7200,1.04536862004
117903,117956,118484,53,528,2,7200,1.10037878788
117910,117964,118420,54,456,2,7200,1.11842105263
117953,118078,118607,125,529,2,7200,1.23629489603
117960,118144,118641,184,497,2,7200,1.37022132797
118044,129340,134331,11296,4991,2,43200,3.26327389301
118059,129959,728740,11900,598781,2,604800,1.01987371009
118077,118176,118688,99,512,2,7200,1.193359375
118108,130334,729096,12226,598762,2,604800,1.02041879745
118141,118194,118715,53,521,2,7200,1.10172744722
118175,118212,118712,37,500,2,7200,1.074
118192,118251,118788,59,537,2,7200,1.10986964618
118209,118258,118782,49,524,2,7200,1.09351145038
118248,118296,118774,48,478,2,7200,1.10041841004
118255,118309,118815,54,506,2,7200,1.10671936759
118292,118302,118303,10,1,1,900,1.1
118293,118316,118835,23,519,2,7200,1.04431599229
118305,118321,118831,16,510,2,7200,1.03137254902
118312,118328,118842,16,514,2,7200,1.03112840467
118319,118335,118844,16,509,2,7200,1.03143418468
118326,118342,118833,16,491,2,7200,1.03258655804
118344,118351,118873,7,522,2,7200,1.01340996169
118346,118395,118877,49,482,2,7200,1.10165975104
118347,118402,118932,55,530,2,7200,1.10377358491
118357,129915,130322,11558,407,2,82800,29.398034398
118391,118433,118957,42,524,2,7200,1.08015267176
118398,118450,118977,52,527,2,7200,1.09867172676
118431,118495,118979,64,484,2,7200,1.13223140496
118448,118619,119165,171,546,2,7200,1.31318681319
118492,118654,119168,162,514,2,7200,1.31517509728
118619,118700,119196,81,496,2,7200,1.16330645161
118652,118724,119221,72,497,2,7200,1.14486921529
118696,118731,119219,35,488,2,7200,1.07172131148
118724,118786,119236,62,450,2,7200,1.13777777778
118731,118794,119326,63,532,2,7200,1.11842105263
118785,118801,119267,16,466,2,7200,1.03433476395
118792,118826,119353,34,527,2,7200,1.06451612903
118798,118843,119335,45,492,2,7200,1.09146341463
118826,118850,119373,24,523,2,7200,1.04588910134
118839,118855,119380,16,525,2,7200,1.03047619048
118846,118862,119346,16,484,2,7200,1.03305785124
118853,118867,119381,14,514,2,7200,1.02723735409
118859,118885,119307,26,422,2,7200,1.06161137441
118878,118892,119416,14,524,2,7200,1.02671755725
118885,118944,119465,59,521,2,7200,1.113243762
118892,118970,119484,78,514,2,7200,1.15175097276
118899,164494,203160,45595,38666,2,43200,2.17920136554
118940,118989,119513,49,524,2,7200,1.09351145038
118968,118996,119527,28,531,2,7200,1.0527306968
118986,119178,119714,192,536,2,7200,1.35820895522
118993,119185,119734,192,549,2,7200,1.34972677596
119178,119208,119759,30,551,2,7200,1.05444646098
119184,119232,119720,48,488,2,7200,1.09836065574
119207,119239,119739,32,500,2,7200,1.064
119230,119249,119738,19,489,2,7200,1.03885480573
119237,119279,119780,42,501,2,7200,1.08383233533
119249,119319,119884,70,565,2,7200,1.12389380531
119276,119338,119864,62,526,2,7200,1.11787072243
119315,119348,119864,33,516,2,7200,1.06395348837
119338,119359,119817,21,458,2,7200,1.04585152838
119344,119366,119876,22,510,2,7200,1.0431372549
119357,119385,119904,28,519,2,7200,1.05394990366
119363,119391,119935,28,544,2,7200,1.05147058824
119381,119399,119894,18,495,2,7200,1.03636363636
119388,119428,119902,40,474,2,7200,1.08438818565
119405,119478,119969,73,491,2,7200,1.14867617108
119428,119496,120032,68,536,2,7200,1.12686567164
119477,119525,120019,48,494,2,7200,1.0971659919
119494,119539,120064,45,525,2,7200,1.08571428571
119522,119726,120220,204,494,2,7200,1.41295546559
119539,119733,120184,194,451,2,7200,1.43015521064
119725,119747,120295,22,548,2,7200,1.0401459854
119731,119754,120274,23,520,2,7200,1.04423076923
119744,119759,120315,15,556,2,7200,1.02697841727
119750,119771,120299,21,528,2,7200,1.03977272727
119757,119793,120306,36,513,2,7200,1.0701754386
119760,149462,149841,29702,379,2,43200,79.3693931398
119769,119829,120338,60,509,2,7200,1.11787819253
119792,119876,120359,84,483,2,7200,1.17391304348
119826,119881,120398,55,517,2,7200,1.10638297872
119848,119855,119860,7,5,4,600,1.2
119874,119888,120416,14,528,2,7200,1.02651515152
119881,119897,120434,16,537,2,7200,1.02979515829
119888,119906,120452,18,546,2,7200,1.03296703297
119895,119915,120432,20,517,2,7200,1.03868471954
119902,119922,120480,20,558,2,7200,1.03584229391
119920,119948,120400,28,452,2,7200,1.06194690265
119921,119982,120529,61,547,2,7200,1.11151736746
119944,120031,120552,87,521,2,7200,1.1669865643
119982,120044,120566,62,522,2,7200,1.11877394636
120031,120077,120604,46,527,2,7200,1.08728652751
120038,149853,150304,29815,451,2,43200,67.1086474501
120043,120195,120714,152,519,2,7200,1.29287090559
120076,120233,120721,157,488,2,7200,1.32172131148
120193,120286,120781,93,495,2,7200,1.18787878788
120232,120308,120858,76,550,2,7200,1.13818181818
120286,120315,120847,29,532,2,7200,1.0545112782
120308,120322,120820,14,498,2,7200,1.0281124498
120315,120328,120885,13,557,2,7200,1.02333931777
120322,120350,120858,28,508,2,7200,1.05511811024
120329,120371,120870,42,499,2,7200,1.08416833667
120346,120401,120954,55,553,2,7200,1.09945750452
120363,150317,150560,29954,243,2,43200,124.267489712
120369,120406,120921,37,515,2,7200,1.07184466019
120394,125494,125517,5100,23,64,1800,222.739130435
120397,120419,120928,22,509,2,7200,1.04322200393
120404,120424,120954,20,530,2,7200,1.03773584906
120416,120431,120973,15,542,2,7200,1.02767527675
120423,120436,120959,13,523,2,7200,1.02485659656
120441,120447,120995,6,548,2,7200,1.01094890511
120443,120455,121001,12,546,2,7200,1.02197802198
120445,120460,120975,15,515,2,7200,1.02912621359
120451,120467,120987,16,520,2,7200,1.03076923077
120458,120492,120990,34,498,2,7200,1.06827309237
120465,120541,121034,76,493,2,7200,1.15415821501
120488,120564,121039,76,475,2,7200,1.16
120537,120578,121091,41,513,2,7200,1.07992202729
120560,120617,121161,57,544,2,7200,1.10477941176
120577,120727,121206,150,479,2,7200,1.31315240084
120615,120734,121252,119,518,2,7200,1.22972972973
120727,120794,121323,67,529,2,7200,1.12665406427
120734,120832,121360,98,528,2,7200,1.18560606061
120794,120859,121324,65,465,2,7200,1.13978494624
120801,203437,219370,82636,15933,2,36000,6.18646833616
120832,120869,121418,37,549,2,7200,1.06739526412
120855,120875,121342,20,467,2,7200,1.04282655246
120866,150572,150573,29706,1,2,43200,2970.7
120867,120882,121385,15,503,2,7200,1.02982107356
120874,120897,121414,23,517,2,7200,1.04448742747
120881,120934,121436,53,502,2,7200,1.10557768924
120898,120941,121424,43,483,2,7200,1.08902691511
120931,120966,121473,35,507,2,7200,1.06903353057
120938,120971,121480,33,509,2,7200,1.06483300589
120966,120979,121480,13,501,2,7200,1.02594810379
120968,120986,121483,18,497,2,7200,1.03621730382
120975,120993,121491,18,498,2,7200,1.03614457831
120982,121000,121516,18,516,2,7200,1.03488372093
120989,121007,121510,18,503,2,7200,1.03578528827
120996,121012,121514,16,502,2,7200,1.03187250996
121002,121019,121503,17,484,2,7200,1.03512396694
121009,121046,121551,37,505,2,7200,1.07326732673
121016,121053,121559,37,506,2,7200,1.07312252964
121044,121103,121559,59,456,2,7200,1.12938596491
121051,121173,121700,122,527,2,7200,1.23149905123
121100,121219,121737,119,518,2,7200,1.22972972973
121157,125528,130983,4371,5455,64,5400,1.8012832264
121177,121264,121801,87,537,2,7200,1.16201117318
121215,121335,121875,120,540,2,7200,1.22222222222
121264,121342,121867,78,525,2,7200,1.14857142857
121334,121354,121829,20,475,2,7200,1.04210526316
121341,121372,121878,31,506,2,7200,1.06126482213
121353,121398,121881,45,483,2,7200,1.09316770186
121371,121426,121901,55,475,2,7200,1.11578947368
121393,121433,121932,40,499,2,7200,1.08016032064
121420,131077,260686,9657,129609,25,129599,1.07450871467
121427,121440,121957,13,517,2,7200,1.0251450677
121433,121448,121942,15,494,2,7200,1.03036437247
121440,121485,121991,45,506,2,7200,1.08893280632
121447,121492,121987,45,495,2,7200,1.09090909091
121481,121497,121997,16,500,2,7200,1.032
121488,121505,122022,17,517,2,7200,1.03288201161
121495,121510,122005,15,495,2,7200,1.0303030303
121513,121520,121945,7,425,2,7200,1.01647058824
121515,121527,122060,12,533,2,7200,1.02251407129
121516,121532,122053,16,521,2,7200,1.03071017274
121523,121539,122061,16,522,2,7200,1.030651341
121530,121563,122025,33,462,2,7200,1.07142857143
121537,121570,122064,33,494,2,7200,1.06680161943
121560,121577,122092,17,515,2,7200,1.03300970874
121567,121713,122234,146,521,2,7200,1.2802303263
121574,121749,122257,175,508,2,7200,1.34448818898
121712,121813,122303,101,490,2,7200,1.20612244898
121745,121841,122357,96,516,2,7200,1.18604651163
121810,121879,122386,69,507,2,7200,1.13609467456
121837,121886,122401,49,515,2,7200,1.09514563107
121876,121894,122368,18,474,2,7200,1.03797468354
121883,121899,122452,16,553,2,7200,1.02893309222
121890,121913,122434,23,521,2,7200,1.04414587332
121897,121944,122439,47,495,2,7200,1.09494949495
121909,121953,122454,44,501,2,7200,1.0878243513
121942,121960,122476,18,516,2,7200,1.03488372093
121949,121970,122481,21,511,2,7200,1.04109589041
121961,121998,122520,37,522,2,7200,1.07088122605
121968,122005,122490,37,485,2,7200,1.07628865979
121996,122013,122510,17,497,2,7200,1.03420523139
122003,122020,122500,17,480,2,7200,1.03541666667
122010,122035,122568,25,533,2,7200,1.0469043152
122016,122042,122560,26,518,2,7200,1.05019305019
122034,122047,122559,13,512,2,7200,1.025390625
122041,122065,122579,24,514,2,7200,1.046692607
122048,122071,122552,23,481,2,7200,1.04781704782
122065,122078,122606,13,528,2,7200,1.02462121212
122072,122084,122574,12,490,2,7200,1.02448979592
122073,122112,122615,39,503,2,7200,1.07753479125
122080,122246,122785,166,539,2,7200,1.30797773655
122115,122270,122827,155,557,2,7200,1.27827648115
122119,203461,203485,81342,24,10,604800,3390.25
122243,122314,122792,71,478,2,7200,1.14853556485
122257,150585,159018,28328,8433,2,82800,4.35918415748
122259,151085,163798,28826,12713,2,82800,3.26744277511
122266,122369,122887,103,518,2,7200,1.19884169884
122307,125500,129327,3193,3827,3,259200,1.83433498824
122315,122380,122917,65,537,2,7200,1.12104283054
122369,122398,122896,29,498,2,7200,1.05823293173
122376,122413,122944,37,531,2,7200,1.06967984934
122398,122447,122973,49,526,2,7200,1.09315589354
122410,122454,122953,44,499,2,7200,1.08817635271
122444,122465,122979,21,514,2,7200,1.04085603113
122450,122472,122970,22,498,2,7200,1.04417670683
122463,122487,123031,24,544,2,7200,1.04411764706
122470,122495,123024,25,529,2,7200,1.04725897921
122487,122501,123003,14,502,2,7200,1.02788844622
122494,122512,123020,18,508,2,7200,1.03543307087
122511,122523,123036,12,513,2,7200,1.02339181287
122513,122532,123060,19,528,2,7200,1.03598484848
122520,122564,123025,44,461,2,7200,1.09544468547
122532,122570,123097,38,527,2,7200,1.07210626186
122560,122577,123053,17,476,2,7200,1.03571428571
122567,122589,123078,22,489,2,7200,1.04498977505
122574,122594,123116,20,522,2,7200,1.03831417625
122586,122601,123106,15,505,2,7200,1.0297029703
122593,122618,123159,25,541,2,7200,1.04621072089
122599,122627,123163,28,536,2,7200,1.05223880597
122617,122797,123229,180,432,2,7200,1.41666666667
122624,122803,123316,179,513,2,7200,1.34892787524
122649,163401,163404,40752,3,2,82800,4075.5
122794,122839,123344,45,505,2,7200,1.08910891089
122801,122899,123412,98,513,2,7200,1.1910331384
122839,122908,123475,69,567,2,7200,1.12169312169
122898,122929,123485,31,556,2,7200,1.05575539568
122916,122957,123449,41,492,2,7200,1.08333333333
122918,203172,215177,80254,12005,2,43200,7.68504789671
122928,122965,123443,37,478,2,7200,1.07740585774
122956,122982,123494,26,512,2,7200,1.05078125
122962,122989,123466,27,477,2,7200,1.05660377358
122980,122996,123529,16,533,2,7200,1.03001876173
122987,123015,123492,28,477,2,7200,1.05870020964
122994,123032,123550,38,518,2,7200,1.07335907336
123011,123039,123557,28,518,2,7200,1.05405405405
123012,123687,127415,675,3728,1,3600,1.18106223176
123028,123044,123545,16,501,2,7200,1.03193612774
123035,123051,123589,16,538,2,7200,1.02973977695
123042,123056,123570,14,514,2,7200,1.02723735409
123049,123065,123589,16,524,2,7200,1.03053435115
123056,123071,123595,15,524,2,7200,1.0286259542
123063,123091,123607,28,516,2,7200,1.05426356589
123080,123109,123660,29,551,2,7200,1.05263157895
123087,123119,123587,32,468,2,7200,1.06837606838
123104,123128,123668,24,540,2,7200,1.04444444444
123116,123171,123693,55,522,2,7200,1.10536398467
123123,123178,123723,55,545,2,7200,1.10091743119
123167,123241,123767,74,526,2,7200,1.14068441065
123174,123329,123863,155,534,2,7200,1.29026217228
123238,123356,123877,118,521,2,7200,1.22648752399
123329,123424,123937,95,513,2,7200,1.18518518519
123352,123455,123916,103,461,2,7200,1.22342733189
123380,158816,170896,35436,12080,16,36000,3.93344370861
123396,163419,163422,40023,3,2,82800,4002.6
123422,123461,123981,39,520,2,7200,1.075
123455,123478,124017,23,539,2,7200,1.0426716141
123462,123487,123961,25,474,2,7200,1.05274261603
123474,123498,123977,24,479,2,7200,1.05010438413
123486,123505,124016,19,511,2,7200,1.03718199609
123503,123511,124050,8,539,2,7200,1.01484230056
123505,123542,124075,37,533,2,7200,1.06941838649
123512,123557,124052,45,495,2,7200,1.09090909091
123540,123564,124078,24,514,2,7200,1.046692607
123552,123570,124080,18,510,2,7200,1.03529411765
123564,123582,124087,18,505,2,7200,1.03564356436
123571,123599,124117,28,518,2,7200,1.05405405405
123578,123606,124115,28,509,2,7200,1.05500982318
123595,123611,124110,16,499,2,7200,1.03206412826
123602,123618,124079,16,461,2,7200,1.03470715835
123609,123630,124157,21,527,2,7200,1.03984819734
123616,123672,124213,56,541,2,7200,1.10351201479
123628,123681,124173,53,492,2,7200,1.10772357724
123672,123706,124216,34,510,2,7200,1.06666666667
123679,123735,124216,56,481,2,7200,1.11642411642
123701,123779,124295,78,516,2,7200,1.1511627907
123734,123875,124397,141,522,2,7200,1.27011494253
123778,123890,124421,112,531,2,7200,1.21092278719
123874,123932,124439,58,507,2,7200,1.11439842209
123886,123949,124452,63,503,2,7200,1.12524850895
123930,123974,124459,44,485,2,7200,1.09072164948
123948,123989,124509,41,520,2,7200,1.07884615385
123971,123996,124509,25,513,2,7200,1.04873294347
123988,124028,124558,40,530,2,7200,1.07547169811
123995,124034,124551,39,517,2,7200,1.07543520309
124028,124064,124560,36,496,2,7200,1.07258064516
124034,124087,124591,53,504,2,7200,1.10515873016
124062,124094,124565,32,471,2,7200,1.06794055202
124085,124122,124637,37,515,2,7200,1.07184466019
124092,124129,124657,37,528,2,7200,1.07007575758
124126,124135,124638,9,503,2,7200,1.01789264414
124128,124170,124710,42,540,2,7200,1.07777777778
124135,124185,124694,50,509,2,7200,1.09823182711
124168,124228,124798,60,570,2,7200,1.10526315789
124185,124233,124714,48,481,2,7200,1.09979209979
124198,158846,188374,34648,29528,16,36000,2.17339474397
124223,124307,124797,84,490,2,7200,1.17142857143
124230,124410,124927,180,517,2,7200,1.34816247582
124305,124434,124965,129,531,2,7200,1.24293785311
124406,124451,124866,45,415,2,7200,1.10843373494
124434,124465,124993,31,528,2,7200,1.05871212121
124451,124472,124988,21,516,2,7200,1.04069767442
124463,124521,125049,58,528,2,7200,1.10984848485
124470,124526,125028,56,502,2,7200,1.11155378486
124519,124563,125082,44,519,2,7200,1.08477842004
124526,124569,125096,43,527,2,7200,1.08159392789
124559,124576,125072,17,496,2,7200,1.03427419355
124566,124583,125115,17,532,2,7200,1.03195488722
124573,124603,125134,30,531,2,7200,1.05649717514
124580,124649,125119,69,470,2,7200,1.14680851064
124603,124655,125143,52,488,2,7200,1.10655737705
124653,124669,125171,16,502,2,7200,1.03187250996
124655,124706,125210,51,504,2,7200,1.10119047619
124667,124722,125252,55,530,2,7200,1.10377358491
124705,124729,125229,24,500,2,7200,1.048
124723,124810,125313,87,503,2,7200,1.17296222664
124730,124815,125289,85,474,2,7200,1.17932489451
124810,124878,125391,68,513,2,7200,1.13255360624
124811,124939,125417,128,478,2,7200,1.26778242678
124876,124978,125431,102,453,2,7200,1.22516556291
124935,125000,125474,65,474,2,7200,1.13713080169
124973,125007,125493,34,486,2,7200,1.06995884774
124996,125040,125557,44,517,2,7200,1.08510638298
125003,125062,125560,59,498,2,7200,1.11847389558
125036,125084,125606,48,522,2,7200,1.09195402299
125059,125094,125621,35,527,2,7200,1.06641366224
125081,125111,125591,30,480,2,7200,1.0625
125093,125127,125631,34,504,2,7200,1.06746031746
125111,125134,125654,23,520,2,7200,1.04423076923
125123,125146,125665,23,519,2,7200,1.04431599229
125130,125155,125662,25,507,2,7200,1.04930966469
125148,125221,125725,73,504,2,7200,1.14484126984
125155,125183,125700,28,517,2,7200,1.05415860735
125183,125241,125741,58,500,2,7200,1.116
125221,125264,125809,43,545,2,7200,1.07889908257
125239,125302,125820,63,518,2,7200,1.12162162162
125262,125326,125875,64,549,2,7200,1.11657559199
125300,125407,125935,107,528,2,7200,1.20265151515
125323,125430,125902,107,472,2,7200,1.22669491525
125403,125442,125965,39,523,2,7200,1.07456978967
125425,125485,126009,60,524,2,7200,1.11450381679
125443,125507,126055,64,548,2,7200,1.11678832117
125481,125569,126083,88,514,2,7200,1.17120622568
125504,125575,126076,71,501,2,7200,1.14171656687
125546,163811,199820,38265,36009,2,36000,2.06265100392
125569,125603,126121,34,518,2,7200,1.06563706564
125575,125618,126135,43,517,2,7200,1.083172147
125603,125633,126166,30,533,2,7200,1.05628517824
125615,125643,126177,28,534,2,7200,1.05243445693
125633,125666,126158,33,492,2,7200,1.06707317073
125640,125674,126182,34,508,2,7200,1.06692913386
125662,125681,126183,19,502,2,7200,1.03784860558
125680,125712,126255,32,543,2,7200,1.05893186004
125682,125737,126253,55,516,2,7200,1.10658914729
125710,125757,126310,47,553,2,7200,1.08499095841
125732,125821,126343,89,522,2,7200,1.17049808429
125755,125832,126339,77,507,2,7200,1.15187376726
125820,125914,126432,94,518,2,7200,1.18146718147
125832,125888,126377,56,489,2,7200,1.1145194274
125832,126426,126428,594,2,1,60,59.6
125886,125947,126436,61,489,2,7200,1.12474437628
125914,125976,126525,62,549,2,7200,1.11293260474
125947,126021,126508,74,487,2,7200,1.15195071869
125975,126066,126607,91,541,2,7200,1.16820702403
126018,126088,126624,70,536,2,7200,1.13059701493
126067,126095,126638,28,543,2,7200,1.05156537753
126084,126133,126696,49,563,2,7200,1.08703374778
126091,126147,126635,56,488,2,7200,1.11475409836
126129,126170,126673,41,503,2,7200,1.08151093439
126146,126178,126729,32,551,2,7200,1.05807622505
126169,126190,126718,21,528,2,7200,1.03977272727
126176,126197,126727,21,530,2,7200,1.03962264151
126188,126202,126730,14,528,2,7200,1.02651515152
126206,126265,126719,59,454,2,7200,1.12995594714
126207,126272,126799,65,527,2,7200,1.12333965844
126253,130996,131019,4743,23,64,1800,207.217391304
126261,126322,126832,61,510,2,7200,1.11960784314
126268,126351,126875,83,524,2,7200,1.15839694656
126292,144914,335888,18622,190974,18,198000,1.0975106559
126322,126358,126887,36,529,2,7200,1.06805293006
126350,126389,126883,39,494,2,7200,1.07894736842
126357,126444,126939,87,495,2,7200,1.17575757576
126361,151079,343814,24718,192735,18,198000,1.12824863154
126385,126450,126973,65,523,2,7200,1.12428298279
126444,126520,127016,76,496,2,7200,1.15322580645
126446,126538,127091,92,553,2,7200,1.16636528029
126473,131040,131060,4567,20,64,43200,229.35
126516,126619,127140,103,521,2,7200,1.19769673704
126538,126635,127101,97,466,2,7200,1.20815450644
126619,126647,127166,28,519,2,7200,1.05394990366
126621,203443,220284,76822,16841,2,43200,5.56160560537
126631,126654,127195,23,541,2,7200,1.04251386322
126643,126685,127133,42,448,2,7200,1.09375
126650,126708,127244,58,536,2,7200,1.10820895522
126683,126730,127227,47,497,2,7200,1.09456740443
126706,126737,127265,31,528,2,7200,1.05871212121
126728,126749,127267,21,518,2,7200,1.04054054054
126733,126744,126745,11,1,1,60,1.2
126735,126754,127261,19,507,2,7200,1.03747534517
126754,126767,127279,13,512,2,7200,1.025390625
126755,126811,127298,56,487,2,7200,1.11498973306
126756,126762,130396,6,3634,4,3600,1.0016510732
126768,126844,127365,76,521,2,7200,1.14587332054
126811,126887,127399,76,512,2,7200,1.1484375
126844,126896,127403,52,507,2,7200,1.10256410256
126883,126903,127468,20,565,2,7200,1.03539823009
126895,126951,127460,56,509,2,7200,1.11001964637
126902,126985,127545,83,560,2,7200,1.14821428571
126918,126925,126926,7,1,1,60,1.0
126950,127028,127510,78,482,2,7200,1.16182572614
126984,127103,127618,119,515,2,7200,1.23106796117
127027,127113,127553,86,440,2,7200,1.19545454545
127102,127146,127676,44,530,2,7200,1.08301886792
127109,127158,127676,49,518,2,7200,1.09459459459
127128,203448,220290,76320,16842,2,43200,5.53152832205
127142,127178,127689,36,511,2,7200,1.07045009785
127145,127153,127154,8,1,1,60,1.0
127154,127207,127726,53,519,2,7200,1.1021194605
127177,127239,127778,62,539,2,7200,1.11502782931
127205,127255,127749,50,494,2,7200,1.1012145749
127238,127273,127767,35,494,2,7200,1.07085020243
127255,127279,127797,24,518,2,7200,1.04633204633
127273,127284,127791,11,507,2,7200,1.02169625247
127280,127292,127791,12,499,2,7200,1.02404809619
127298,127315,127838,17,523,2,7200,1.03250478011
127299,127377,127841,78,464,2,7200,1.16810344828
127311,127411,127919,100,508,2,7200,1.1968503937
127376,127418,127972,42,554,2,7200,1.07581227437
127409,127477,128009,68,532,2,7200,1.12781954887
127416,127484,127944,68,460,2,7200,1.14782608696
127475,127522,128015,47,493,2,7200,1.0953346856
127482,127557,128100,75,543,2,7200,1.13812154696
127521,127564,128076,43,512,2,7200,1.083984375
127554,127630,128163,76,533,2,7200,1.1425891182
127561,127688,128195,127,507,2,7200,1.25049309665
127571,127577,127578,6,1,1,60,1.0
127599,127607,131330,8,3723,1,3600,1.00214880473
127617,127623,127624,6,1,1,60,1.0
127625,127693,128236,68,543,2,7200,1.12523020258
127669,203454,220296,75785,16842,2,43200,5.49976249852
127684,127702,128242,18,540,2,7200,1.03333333333
127691,127738,128296,47,558,2,7200,1.08422939068
127697,127708,127709,11,1,1,60,1.2
127698,127762,128257,64,495,2,7200,1.12929292929
127736,127778,128299,42,521,2,7200,1.08061420345
127759,127790,128306,31,516,2,7200,1.06007751938
127776,127802,128326,26,524,2,7200,1.04961832061
127789,127808,128332,19,524,2,7200,1.03625954198
127801,127815,128308,14,493,2,7200,1.02839756592
127819,127850,128376,31,526,2,7200,1.05893536122
127821,127857,128360,36,503,2,7200,1.07157057654
127849,127931,128448,82,517,2,7200,1.1586073501
127856,127957,128472,101,515,2,7200,1.19611650485
127931,127984,128472,53,488,2,7200,1.10860655738
127954,128021,128513,67,492,2,7200,1.13617886179
127982,128028,128557,46,529,2,7200,1.08695652174
128020,128088,128626,68,538,2,7200,1.12639405204
128027,128113,128642,86,529,2,7200,1.16257088847
128086,128175,128701,89,526,2,7200,1.16920152091
128109,128207,128727,98,520,2,7200,1.18846153846
128174,128253,128785,79,532,2,7200,1.1484962406
128207,128260,128783,53,523,2,7200,1.10133843212
128251,128269,128792,18,523,2,7200,1.034416826
128258,128308,128820,50,512,2,7200,1.09765625
128264,128315,128800,51,485,2,7200,1.10515463918
128294,203432,273667,75138,70235,8,172800,2.06980850004
128308,128322,128885,14,563,2,7200,1.02486678508
128315,128327,128843,12,516,2,7200,1.02325581395
128322,128339,128869,17,530,2,7200,1.0320754717
128324,128346,128881,22,535,2,7200,1.04112149533
128342,128373,128857,31,484,2,7200,1.06404958678
128344,128389,128832,45,443,2,7200,1.10158013544
128372,128461,128954,89,493,2,7200,1.18052738337
128389,128484,128964,95,480,2,7200,1.19791666667
128460,128489,128952,29,463,2,7200,1.0626349892
128482,128525,129025,43,500,2,7200,1.086
128489,128569,129108,80,539,2,7200,1.14842300557
128522,128638,129124,116,486,2,7200,1.23868312757
128566,128654,129168,88,514,2,7200,1.17120622568
128623,128630,128911,7,281,1,2400,1.02491103203
128636,128712,129226,76,514,2,7200,1.14785992218
128653,128740,129264,87,524,2,7200,1.16603053435
128713,128795,129272,82,477,2,7200,1.17190775681
128735,128802,129314,67,512,2,7200,1.130859375
128795,128809,129304,14,495,2,7200,1.02828282828
128801,128815,129318,14,503,2,7200,1.02783300199
128808,128833,129335,25,502,2,7200,1.04980079681
128815,128844,129381,29,537,2,7200,1.05400372439
128833,128855,129373,22,518,2,7200,1.04247104247
128839,128869,129355,30,486,2,7200,1.06172839506
128852,128881,129386,29,505,2,7200,1.05742574257
128869,128894,129429,25,535,2,7200,1.04672897196
128876,128901,129401,25,500,2,7200,1.05
128894,128968,129490,74,522,2,7200,1.14176245211
128900,128973,129530,73,557,2,7200,1.13105924596
128953,158852,194880,29899,36028,16,36000,1.82988231376
128954,128960,128994,6,34,1,3600,1.17647058824
128962,203393,239433,74431,36040,16,36000,3.06523307436
128965,128980,129500,15,520,2,7200,1.02884615385
128972,203399,238838,74427,35439,16,36000,3.10014390925
128972,129038,129543,66,505,2,7200,1.13069306931
128979,129120,129626,141,506,2,7200,1.27865612648
128979,134352,184790,5373,50438,1,50400,1.10652682501
129038,129136,129664,98,528,2,7200,1.18560606061
129070,174523,224935,45453,50412,1,50400,1.90163056415
129119,129180,129687,61,507,2,7200,1.12031558185
129136,129237,129758,101,521,2,7200,1.19385796545
129137,175145,225561,46008,50416,1,50400,1.91256743891
129180,129277,129791,97,514,2,7200,1.18871595331
129207,175529,225953,46322,50424,1,50400,1.91864984928
129234,129284,129760,50,476,2,7200,1.10504201681
129254,129260,129261,6,1,1,60,1.0
129272,129316,129837,44,521,2,7200,1.08445297505
129279,129326,129849,47,523,2,7200,1.08986615679
129312,129333,129847,21,514,2,7200,1.04085603113
129325,129347,129895,22,548,2,7200,1.0401459854
129328,184807,235235,55479,50428,1,50400,2.10016260807
129331,129367,129905,36,538,2,7200,1.06691449814
129343,129385,129901,42,516,2,7200,1.08139534884
129366,129394,129898,28,504,2,7200,1.05555555556
129384,129401,129907,17,506,2,7200,1.03359683794
129391,129413,129911,22,498,2,7200,1.04417670683
129392,199840,250266,70448,50426,1,50400,2.39705707373
129398,129441,129998,43,557,2,7200,1.07719928187
129410,129502,129946,92,444,2,7200,1.20720720721
129438,129512,130058,74,546,2,7200,1.13553113553
129502,129542,130045,40,503,2,7200,1.07952286282
129509,129555,130081,46,526,2,7200,1.08745247148
129537,129638,130091,101,453,2,7200,1.2229580574
129554,129677,130196,123,519,2,7200,1.23699421965
129635,129699,130188,64,489,2,7200,1.1308793456
129673,129770,130265,97,495,2,7200,1.19595959596
129696,129777,130287,81,510,2,7200,1.15882352941
129766,129804,130307,38,503,2,7200,1.07554671968
129773,129850,130298,77,448,2,7200,1.171875
129800,129859,130367,59,508,2,7200,1.11614173228
129849,129866,130362,17,496,2,7200,1.03427419355
129856,129908,130439,52,531,2,7200,1.09792843691
129863,129920,130447,57,527,2,7200,1.10815939279
129907,129925,130398,18,473,2,7200,1.03805496829
129919,129933,130438,14,505,2,7200,1.02772277228
129937,129944,130456,7,512,2,7200,1.013671875
129939,129950,130411,11,461,2,7200,1.02386117137
129941,129964,130514,23,550,2,7200,1.04181818182
129947,130011,130530,64,519,2,7200,1.12331406551
129960,130057,130575,97,518,2,7200,1.18725868726
130008,130070,130554,62,484,2,7200,1.12809917355
130057,130093,130629,36,536,2,7200,1.0671641791
130069,130103,130622,34,519,2,7200,1.0655105973
130092,130201,130701,109,500,2,7200,1.218
130099,130207,130773,108,566,2,7200,1.19081272085
130200,130278,130801,78,523,2,7200,1.14913957935
130207,130300,130791,93,491,2,7200,1.18940936864
130277,130310,130820,33,510,2,7200,1.06470588235
130300,130319,130842,19,523,2,7200,1.03632887189
130307,130374,130894,67,520,2,7200,1.12884615385
130319,130381,130908,62,527,2,7200,1.11764705882
130373,130410,130951,37,541,2,7200,1.06839186691
130380,130423,130921,43,498,2,7200,1.08634538153
130408,130450,131009,42,559,2,7200,1.07513416816
130420,130457,130971,37,514,2,7200,1.0719844358
130436,163002,164078,32566,1076,2,14400,31.2657992565
130448,130464,130972,16,508,2,7200,1.03149606299
130455,130471,131011,16,540,2,7200,1.02962962963
130473,130525,131011,52,486,2,7200,1.10699588477
130474,130541,131069,67,528,2,7200,1.12689393939
130523,130566,130998,43,432,2,7200,1.09953703704
130540,130587,131084,47,497,2,7200,1.09456740443
130563,130634,131142,71,508,2,7200,1.13976377953
130586,130640,131168,54,528,2,7200,1.10227272727
130629,130714,131200,85,486,2,7200,1.17489711934
130636,130785,131298,149,513,2,7200,1.29044834308
130711,130803,131326,92,523,2,7200,1.1759082218
130781,130812,131331,31,519,2,7200,1.05973025048
130798,130832,131383,34,551,2,7200,1.06170598911
130810,130854,131410,44,556,2,7200,1.07913669065
130828,130906,131391,78,485,2,7200,1.16082474227
130850,130921,131389,71,468,2,7200,1.15170940171
130906,130934,131459,28,525,2,7200,1.05333333333
130919,130963,131472,44,509,2,7200,1.08644400786
130931,130983,131521,52,538,2,7200,1.09665427509
130958,130990,131542,32,552,2,7200,1.05797101449
130981,131010,131467,29,457,2,7200,1.06345733042
130988,131022,131546,34,524,2,7200,1.06488549618
131012,131028,131528,16,500,2,7200,1.032
131019,131034,131542,15,508,2,7200,1.02952755906
131026,131099,131618,73,519,2,7200,1.14065510597
131033,131107,131616,74,509,2,7200,1.14538310413
131098,131154,131681,56,527,2,7200,1.10626185958
131104,131180,131675,76,495,2,7200,1.15353535354
131153,131212,131719,59,507,2,7200,1.11637080868
131176,131310,131802,134,492,2,7200,1.27235772358
131198,241896,269588,110698,27692,48,28800,4.99747219414
131209,131337,131838,128,501,2,7200,1.25548902196
131305,131344,131850,39,506,2,7200,1.07707509881
131333,131394,131933,61,539,2,7200,1.11317254174
131340,131402,131919,62,517,2,7200,1.11992263056
131394,131409,131914,15,505,2,7200,1.0297029703
131401,131422,131959,21,537,2,7200,1.03910614525
131408,131471,131981,63,510,2,7200,1.12352941176
131420,131480,132002,60,522,2,7200,1.11494252874
131469,131486,131975,17,489,2,7200,1.03476482618
131476,131533,132042,57,509,2,7200,1.11198428291
131483,131539,132097,56,558,2,7200,1.10035842294
131531,131554,132077,23,523,2,7200,1.04397705545
131538,131559,132091,21,532,2,7200,1.03947368421
131551,131566,132092,15,526,2,7200,1.02851711027
131569,131629,132149,60,520,2,7200,1.11538461538
131571,131636,132162,65,526,2,7200,1.12357414449
131625,131687,132199,62,512,2,7200,1.12109375
131632,131694,132187,62,493,2,7200,1.12576064909
131686,131731,132248,45,517,2,7200,1.08704061896
131693,131814,132264,121,450,2,7200,1.26888888889
131731,131851,132353,120,502,2,7200,1.2390438247
131812,131862,132411,50,549,2,7200,1.09107468124
131850,131927,132445,77,518,2,7200,1.14864864865
131862,131933,132449,71,516,2,7200,1.13759689922
131927,131945,132485,18,540,2,7200,1.03333333333
131934,131971,132463,37,492,2,7200,1.07520325203
131941,131987,132475,46,488,2,7200,1.09426229508
131969,131994,132486,25,492,2,7200,1.05081300813
131986,132014,132522,28,508,2,7200,1.05511811024
131993,132054,132562,61,508,2,7200,1.12007874016
132011,132090,132627,79,537,2,7200,1.14711359404
132054,132103,132632,49,529,2,7200,1.09262759924
132087,132109,132630,22,521,2,7200,1.04222648752
132100,132116,132628,16,512,2,7200,1.03125
132117,132161,132635,44,474,2,7200,1.09282700422
132119,132174,132653,55,479,2,7200,1.11482254697
132158,132199,132715,41,516,2,7200,1.07945736434
132162,203404,203413,71242,9,16,36000,7125.1
132170,132212,132726,42,514,2,7200,1.08171206226
132198,132260,132791,62,531,2,7200,1.11676082863
132210,132276,132789,66,513,2,7200,1.12865497076
132235,203410,227385,71175,23975,16,108000,3.96871741397
132251,203415,253736,71164,50321,16,108000,2.41420083067
132259,132365,132887,106,522,2,7200,1.2030651341
132266,203421,223758,71155,20337,16,108000,4.49879529921
132276,132423,132921,147,498,2,7200,1.29518072289
132289,203426,226937,71137,23511,16,108000,4.02569010251
132362,132457,133024,95,567,2,7200,1.16754850088
132421,132464,132992,43,528,2,7200,1.08143939394
132454,132475,133035,21,560,2,7200,1.0375
132461,132487,132998,26,511,2,7200,1.05088062622
132473,132497,133025,24,528,2,7200,1.04545454545
132485,132504,133035,19,531,2,7200,1.03578154426
132492,132534,133030,42,496,2,7200,1.08467741935
132499,132575,133068,76,493,2,7200,1.15415821501
132515,132522,132535,7,13,1,3600,1.53846153846
132532,132639,133146,107,507,2,7200,1.21104536489
132571,132646,133124,75,478,2,7200,1.15690376569
132635,132651,133116,16,465,2,7200,1.03440860215
132642,132658,133196,16,538,2,7200,1.02973977695
132661,132667,133176,6,509,2,7200,1.01178781925
132663,132673,133180,10,507,2,7200,1.01972386588
132664,132727,133223,63,496,2,7200,1.12701612903
132671,132739,133266,68,527,2,7200,1.12903225806
132725,132800,133289,75,489,2,7200,1.15337423313
132737,132808,133253,71,445,2,7200,1.1595505618
132797,132899,133435,102,536,2,7200,1.19029850746
132803,132933,133447,130,514,2,7200,1.25291828794
132894,133004,133525,110,521,2,7200,1.21113243762
132926,163434,164482,30508,1048,2,82800,30.1106870229
132933,133011,133511,78,500,2,7200,1.156
133003,133036,133561,33,525,2,7200,1.06285714286
133009,133043,133545,34,502,2,7200,1.06772908367
133032,133048,133568,16,520,2,7200,1.03076923077
133039,133055,133525,16,470,2,7200,1.03404255319
133046,133060,133558,14,498,2,7200,1.0281124498
133053,133080,133602,27,522,2,7200,1.05172413793
133059,133128,133660,69,532,2,7200,1.12969924812
133077,133136,133649,59,513,2,7200,1.11500974659
133126,133158,133679,32,521,2,7200,1.06142034549
133133,133189,133679,56,490,2,7200,1.11428571429
133155,133195,133737,40,542,2,7200,1.07380073801
133188,133208,133713,20,505,2,7200,1.0396039604
133206,133234,133757,28,523,2,7200,1.05353728489
133208,133264,133788,56,524,2,7200,1.10687022901
133230,133278,133772,48,494,2,7200,1.0971659919
133263,133301,133813,38,512,2,7200,1.07421875
133275,133448,133939,173,491,2,7200,1.35234215886
133298,133459,133942,161,483,2,7200,1.33333333333
133446,133524,134043,78,519,2,7200,1.15028901734
133459,133537,134039,78,502,2,7200,1.15537848606
133523,133542,134109,19,567,2,7200,1.03350970018
133535,133556,134087,21,531,2,7200,1.0395480226
133542,133570,134096,28,526,2,7200,1.05323193916
133554,133576,134083,22,507,2,7200,1.04339250493
133566,133584,134073,18,489,2,7200,1.03680981595
133573,133614,134104,41,490,2,7200,1.08367346939
133580,133661,134194,81,533,2,7200,1.15196998124
133613,133672,134181,59,509,2,7200,1.11591355599
133657,133691,134170,34,479,2,7200,1.07098121086
133669,133696,134202,27,506,2,7200,1.05335968379
133691,133725,134237,34,512,2,7200,1.06640625
133693,133749,134297,56,548,2,7200,1.10218978102
133727,133768,134292,41,524,2,7200,1.07824427481
133744,133783,134296,39,513,2,7200,1.07602339181
133767,133799,134315,32,516,2,7200,1.06201550388
133784,133824,134327,40,503,2,7200,1.07952286282
133796,133950,134486,154,536,2,7200,1.28731343284
133824,133958,134433,134,475,2,7200,1.28210526316
133946,134050,134565,104,515,2,7200,1.20194174757
133953,134058,134601,105,543,2,7200,1.19337016575
134049,134085,134625,36,540,2,7200,1.06666666667
134056,134095,134598,39,503,2,7200,1.07753479125
134084,134101,134562,17,461,2,7200,1.03687635575
134091,134108,134603,17,495,2,7200,1.03434343434
134098,134115,134615,17,500,2,7200,1.034
134105,134183,134692,78,509,2,7200,1.15324165029
134111,134122,134612,11,490,2,7200,1.02244897959
134118,134193,134672,75,479,2,7200,1.15657620042
134183,134206,134777,23,571,2,7200,1.04028021016
134190,134214,134734,24,520,2,7200,1.04615384615
134202,134250,134766,48,516,2,7200,1.09302325581
134219,134304,134812,85,508,2,7200,1.16732283465
134247,134311,134853,64,542,2,7200,1.11808118081
134301,134316,134776,15,460,2,7200,1.03260869565
134308,134327,134834,19,507,2,7200,1.03747534517
134315,134340,134873,25,533,2,7200,1.0469043152
134327,134347,134845,20,498,2,7200,1.04016064257
134339,134445,134969,106,524,2,7200,1.20229007634
134346,134499,135001,153,502,2,7200,1.30478087649
134442,134574,135069,132,495,2,7200,1.26666666667
134496,134581,135106,85,525,2,7200,1.1619047619
134571,134612,135115,41,503,2,7200,1.08151093439
134578,134619,135098,41,479,2,7200,1.08559498956
134611,134624,135130,13,506,2,7200,1.0256916996
134618,134631,135154,13,523,2,7200,1.02485659656
134620,134636,135147,16,511,2,7200,1.0313111546
134627,134643,135167,16,524,2,7200,1.03053435115
134634,134684,135232,50,548,2,7200,1.09124087591
134640,134704,135226,64,522,2,7200,1.12260536398
134684,134747,135303,63,556,2,7200,1.11330935252
134707,134779,135272,72,493,2,7200,1.14604462475
134746,134788,135328,42,540,2,7200,1.07777777778
134779,134794,135304,15,510,2,7200,1.02941176471
134786,134824,135366,38,542,2,7200,1.07011070111
134793,134847,135355,54,508,2,7200,1.1062992126
134820,134856,135374,36,518,2,7200,1.0694980695
134843,134866,135402,23,536,2,7200,1.04291044776
134855,134885,135412,30,527,2,7200,1.0569259962
134862,134981,135470,119,489,2,7200,1.24335378323
134885,135013,135510,128,497,2,7200,1.25754527163
134981,135080,135556,99,476,2,7200,1.20798319328
135009,135110,135627,101,517,2,7200,1.19535783366
135079,135122,135634,43,512,2,7200,1.083984375
135107,135128,135648,21,520,2,7200,1.04038461538
135119,135135,135658,16,523,2,7200,1.03059273423
135126,135140,135644,14,504,2,7200,1.02777777778
135133,135147,135689,14,542,2,7200,1.0258302583
135140,135160,135675,20,515,2,7200,1.03883495146
135157,135167,135675,10,508,2,7200,1.01968503937
135159,135180,135677,21,497,2,7200,1.04225352113
135166,135238,135730,72,492,2,7200,1.14634146341
135178,135245,135744,67,499,2,7200,1.13426853707
135237,135284,135798,47,514,2,7200,1.09143968872
135244,135315,135832,71,517,2,7200,1.13733075435
135283,135321,135835,38,514,2,7200,1.07392996109
135311,135340,135876,29,536,2,7200,1.05410447761
135318,135368,135907,50,539,2,7200,1.09276437848
135340,135378,135905,38,527,2,7200,1.07210626186
135368,135387,135894,19,507,2,7200,1.03747534517
135375,135414,135914,39,500,2,7200,1.078
135387,135424,135905,37,481,2,7200,1.07692307692
135410,135483,135987,73,504,2,7200,1.14484126984
135422,135522,136054,100,532,2,7200,1.18796992481
135481,135568,136090,87,522,2,7200,1.16666666667
135520,135640,136166,120,526,2,7200,1.22813688213
135564,135647,136172,83,525,2,7200,1.1580952381
135639,135656,136161,17,505,2,7200,1.03366336634
135646,135663,136176,17,513,2,7200,1.03313840156
135653,135669,136153,16,484,2,7200,1.03305785124
135660,135687,136186,27,499,2,7200,1.05410821643
135667,135692,136199,25,507,2,7200,1.04930966469
135684,135699,136185,15,486,2,7200,1.03086419753
135691,135706,136194,15,488,2,7200,1.03073770492
135698,135742,136270,44,528,2,7200,1.08333333333
135705,135756,136249,51,493,2,7200,1.10344827586
135738,135810,136337,72,527,2,7200,1.13662239089
135755,135845,136353,90,508,2,7200,1.17716535433
135810,135852,136376,42,524,2,7200,1.08015267176
135843,135889,136405,46,516,2,7200,1.08914728682
135850,135907,136371,57,464,2,7200,1.12284482759
135888,135917,136445,29,528,2,7200,1.05492424242
135905,135922,136436,17,514,2,7200,1.03307392996
135912,135929,136436,17,507,2,7200,1.03353057199
135930,135937,136421,7,484,2,7200,1.01446280992
135932,135999,136525,67,526,2,7200,1.12737642586
135933,136036,136528,103,492,2,7200,1.2093495935
135998,136042,136569,44,527,2,7200,1.0834914611
136036,136066,136552,30,486,2,7200,1.06172839506
136038,136102,136556,64,454,2,7200,1.140969163
136066,136166,136664,100,498,2,7200,1.20080321285
136100,136173,136660,73,487,2,7200,1.1498973306
136165,136180,136674,15,494,2,7200,1.03036437247
136172,136187,136733,15,546,2,7200,1.02747252747
136179,136193,136716,14,523,2,7200,1.02676864245
136186,136201,136738,15,537,2,7200,1.02793296089
136193,136206,136690,13,484,2,7200,1.02685950413
136199,136213,136708,14,495,2,7200,1.02828282828
136206,136218,136729,12,511,2,7200,1.02348336595
136213,136261,136758,48,497,2,7200,1.09657947686
136215,136282,136743,67,461,2,7200,1.1453362256
136258,136348,136833,90,485,2,7200,1.18556701031
136281,136365,136852,84,487,2,7200,1.17248459959
136346,136382,136901,36,519,2,7200,1.06936416185
136363,136390,136896,27,506,2,7200,1.05335968379
136380,136417,136892,37,475,2,7200,1.07789473684
136387,136433,136954,46,521,2,7200,1.08829174664
136415,136447,136973,32,526,2,7200,1.0608365019
136433,136452,136952,19,500,2,7200,1.038
136445,136460,136992,15,532,2,7200,1.02819548872
136452,136536,137036,84,500,2,7200,1.168
136458,136544,137107,86,563,2,7200,1.15275310835
136470,175678,175841,39208,163,1,3540,241.539877301
136534,136564,137052,30,488,2,7200,1.06147540984
136541,136571,137053,30,482,2,7200,1.0622406639
136563,136582,137121,19,539,2,7200,1.03525046382
136570,136673,137175,103,502,2,7200,1.20517928287
136587,136679,137213,92,534,2,7200,1.17228464419
136673,136686,137265,13,579,2,7200,1.02245250432
136680,136702,137232,22,530,2,7200,1.04150943396
136681,136720,137227,39,507,2,7200,1.07692307692
136699,136728,137234,29,506,2,7200,1.05731225296
136716,136742,137262,26,520,2,7200,1.05
136728,136749,137262,21,513,2,7200,1.04093567251
136740,136756,137221,16,465,2,7200,1.03440860215
136747,136761,137282,14,521,2,7200,1.02687140115
136754,136770,137292,16,522,2,7200,1.030651341
136761,136845,137345,84,500,2,7200,1.168
136768,136864,137391,96,527,2,7200,1.18216318786
136794,175734,176813,38940,1079,1,3540,37.0889712697
136843,136904,137420,61,516,2,7200,1.11821705426
136860,136911,137428,51,517,2,7200,1.09864603482
136861,175757,175889,38896,132,1,3540,295.666666667
136894,175774,175944,38880,170,1,3540,229.705882353
136904,136918,137405,14,487,2,7200,1.02874743326
136912,136964,137481,52,517,2,7200,1.10058027079
136913,136971,137447,58,476,2,7200,1.1218487395
136927,175834,176163,38907,329,1,3540,119.258358663
136962,136985,137495,23,510,2,7200,1.04509803922
136969,137004,137530,35,526,2,7200,1.06653992395
136981,137048,137557,67,509,2,7200,1.13163064833
136990,175853,176118,38863,265,1,3540,147.652830189
137004,137064,137570,60,506,2,7200,1.1185770751
137021,175901,176239,38880,338,1,3540,116.029585799
137048,137070,137633,22,563,2,7200,1.03907637655
137052,175956,176280,38904,324,1,3540,121.074074074
137060,137120,137642,60,522,2,7200,1.11494252874
137067,137133,137642,66,509,2,7200,1.12966601179
137084,176130,176468,39046,338,1,3540,116.520710059
137115,137186,137704,71,518,2,7200,1.13706563707
137115,176251,176574,39136,323,1,3540,122.164086687
137133,137225,137790,92,565,2,7200,1.16283185841
137146,176298,176636,39152,338,1,3540,116.834319527
137187,137233,137734,46,501,2,7200,1.09181636727
137224,176305,176565,39081,260,1,3540,151.311538462
137225,137241,137787,16,546,2,7200,1.0293040293
137232,137248,137724,16,476,2,7200,1.03361344538
137239,137253,137799,14,546,2,7200,1.02564102564
137257,137274,137826,17,552,2,7200,1.03079710145
137259,137279,137789,20,510,2,7200,1.03921568627
137271,137286,137767,15,481,2,7200,1.03118503119
137278,137293,137799,15,506,2,7200,1.02964426877
137284,137304,137817,20,513,2,7200,1.03898635478
137291,137357,137893,66,536,2,7200,1.12313432836
137303,137403,137969,100,566,2,7200,1.17667844523
137324,176402,176559,39078,157,1,3540,249.904458599
137352,137417,137929,65,512,2,7200,1.126953125
137401,137433,137953,32,520,2,7200,1.06153846154
137413,137440,137988,27,548,2,7200,1.04927007299
137431,137460,137966,29,506,2,7200,1.05731225296
137438,137492,137983,54,491,2,7200,1.1099796334
137460,137507,137998,47,491,2,7200,1.09572301426
137488,137542,138061,54,519,2,7200,1.10404624277
137506,137568,138051,62,483,2,7200,1.12836438923
137544,137582,138087,38,505,2,7200,1.07524752475
137567,137645,138176,78,531,2,7200,1.14689265537
137574,176480,176607,38906,127,1,3540,307.346456693
137579,137653,138194,74,541,2,7200,1.13678373383
137605,176571,176636,38966,65,1,3540,600.476923077
137644,137659,138122,15,463,2,7200,1.03239740821
137651,137716,138249,65,533,2,7200,1.12195121951
137658,137737,138285,79,548,2,7200,1.14416058394
137712,137746,138239,34,493,2,7200,1.06896551724
137735,137779,138310,44,531,2,7200,1.08286252354
137741,137800,138315,59,515,2,7200,1.1145631068
137775,137806,138301,31,495,2,7200,1.06262626263
137797,137812,138348,15,536,2,7200,1.02798507463
137804,137819,138345,15,526,2,7200,1.02851711027
137811,137824,138310,13,486,2,7200,1.02674897119
137818,137831,138356,13,525,2,7200,1.02476190476
137835,137842,138351,7,509,2,7200,1.0137524558
137837,137905,138411,68,506,2,7200,1.13438735178
137839,137941,138409,102,468,2,7200,1.21794871795
137868,145210,145215,7342,5,3,36000,734.7
137903,137966,138465,63,499,2,7200,1.12625250501
137936,137978,138474,42,496,2,7200,1.08467741935
137964,137985,138485,21,500,2,7200,1.042
137977,137995,138480,18,485,2,7200,1.03711340206
137983,138002,138546,19,544,2,7200,1.03492647059
137990,138009,138534,19,525,2,7200,1.03619047619
138002,138064,138563,62,499,2,7200,1.12424849699
138009,138073,138591,64,518,2,7200,1.12355212355
138064,138099,138609,35,510,2,7200,1.06862745098
138070,138133,138553,63,420,2,7200,1.15
138098,138189,138714,91,525,2,7200,1.17333333333
138132,138205,138706,73,501,2,7200,1.14570858283
138186,138252,138767,66,515,2,7200,1.12815533981
138209,138261,138784,52,523,2,7200,1.09942638623
138218,167908,171934,29690,4026,3,14400,8.37456532538
138247,138297,138760,50,463,2,7200,1.10799136069
138260,138313,138836,53,523,2,7200,1.10133843212
138293,138322,138844,29,522,2,7200,1.05555555556
138311,138327,138807,16,480,2,7200,1.03333333333
138318,138334,138847,16,513,2,7200,1.03118908382
138325,138356,138856,31,500,2,7200,1.062
138331,138363,138890,32,527,2,7200,1.06072106262
138354,138368,138829,14,461,2,7200,1.03036876356
138361,138375,138871,14,496,2,7200,1.02822580645
138368,138421,138905,53,484,2,7200,1.10950413223
138375,138428,138930,53,502,2,7200,1.10557768924
138420,138476,139006,56,530,2,7200,1.10566037736
138426,138486,138977,60,491,2,7200,1.12219959267
138475,138493,139010,18,517,2,7200,1.03481624758
138482,138500,139012,18,512,2,7200,1.03515625
138489,138546,139112,57,566,2,7200,1.10070671378
138496,138558,139081,62,523,2,7200,1.11854684512
138546,138565,139110,19,545,2,7200,1.03486238532
138558,138576,139060,18,484,2,7200,1.03719008264
138565,138603,139093,38,490,2,7200,1.07755102041
138572,138621,139111,49,490,2,7200,1.1
138600,138718,139231,118,513,2,7200,1.23001949318
138618,138726,139234,108,508,2,7200,1.2125984252
138715,138772,139269,57,497,2,7200,1.11468812877
138727,138778,139297,51,519,2,7200,1.09826589595
138771,138797,139295,26,498,2,7200,1.05220883534
138778,138819,139365,41,546,2,7200,1.07509157509
138796,138841,139334,45,493,2,7200,1.09127789047
138819,138847,139334,28,487,2,7200,1.05749486653
138836,138856,139357,20,501,2,7200,1.03992015968
138843,138863,139397,20,534,2,7200,1.03745318352
138856,138870,139393,14,523,2,7200,1.02676864245
138863,138883,139363,20,480,2,7200,1.04166666667
138870,138902,139386,32,484,2,7200,1.06611570248
138882,138917,139473,35,556,2,7200,1.06294964029
138900,138943,139484,43,541,2,7200,1.07948243993
138917,138990,139494,73,504,2,7200,1.14484126984
138940,139018,139489,78,471,2,7200,1.16560509554
138989,139025,139496,36,471,2,7200,1.07643312102
138995,162171,162990,23176,819,2,21600,29.2979242979
139018,139030,139551,12,521,2,7200,1.02303262956
139025,139073,139580,48,507,2,7200,1.09467455621
139026,139093,139585,67,492,2,7200,1.13617886179
139076,139105,139629,29,524,2,7200,1.05534351145
139089,139122,139581,33,459,2,7200,1.07189542484
139101,139129,139677,28,548,2,7200,1.05109489051
139118,139135,139630,17,495,2,7200,1.03434343434
139125,139243,139767,118,524,2,7200,1.22519083969
139132,139250,139754,118,504,2,7200,1.23412698413
139174,221784,242065,82610,20281,3,36000,5.07327054879
139240,139281,139780,41,499,2,7200,1.08216432866
139247,139307,139844,60,537,2,7200,1.11173184358
139281,139314,139868,33,554,2,7200,1.059566787
139304,139352,139916,48,564,2,7200,1.08510638298
139311,139357,139880,46,523,2,7200,1.0879541109
139350,139369,139899,19,530,2,7200,1.0358490566
139357,139375,139905,18,530,2,7200,1.03396226415
139369,139382,139890,13,508,2,7200,1.02559055118
139387,139398,139869,11,471,2,7200,1.02335456476
139389,139405,139928,16,523,2,7200,1.03059273423
139396,139412,139961,16,549,2,7200,1.029143898
139403,139485,139985,82,500,2,7200,1.164
139410,139496,140007,86,511,2,7200,1.16829745597
139486,139503,140015,17,512,2,7200,1.033203125
139493,139510,139995,17,485,2,7200,1.03505154639
139500,139515,139995,15,480,2,7200,1.03125
139507,139564,140036,57,472,2,7200,1.12076271186
139514,139592,140127,78,535,2,7200,1.14579439252
139563,139599,140126,36,527,2,7200,1.06831119545
139591,139604,140121,13,517,2,7200,1.0251450677
139598,139641,140171,43,530,2,7200,1.08113207547
139600,139648,140169,48,521,2,7200,1.09213051823
139639,139689,140181,50,492,2,7200,1.10162601626
139646,139766,140245,120,479,2,7200,1.25052192067
139689,139779,140320,90,541,2,7200,1.16635859519
139765,139793,140312,28,519,2,7200,1.05394990366
139777,139856,140342,79,486,2,7200,1.16255144033
139790,139880,140442,90,562,2,7200,1.16014234875
139855,139887,140412,32,525,2,7200,1.06095238095
139878,139894,140388,16,494,2,7200,1.03238866397
139885,139903,140410,18,507,2,7200,1.03550295858
139891,139911,140470,20,559,2,7200,1.03577817531
139898,139918,140432,20,514,2,7200,1.03891050584
139911,139928,140427,17,499,2,7200,1.03406813627
139918,139940,140472,22,532,2,7200,1.04135338346
139925,139973,140454,48,481,2,7200,1.09979209979
139937,139997,140531,60,534,2,7200,1.11235955056
139970,140007,140494,37,487,2,7200,1.07597535934
139998,140012,140512,14,500,2,7200,1.028
140005,140019,140579,14,560,2,7200,1.025
140012,140028,140538,16,510,2,7200,1.03137254902
140019,140048,140546,29,498,2,7200,1.05823293173
140026,140133,140608,107,475,2,7200,1.22526315789
140044,140140,140626,96,486,2,7200,1.1975308642
140130,140145,140634,15,489,2,7200,1.03067484663
140137,140181,140701,44,520,2,7200,1.08461538462
140144,140187,140653,43,466,2,7200,1.09227467811
140178,140194,140713,16,519,2,7200,1.03082851638
140184,140257,140778,73,521,2,7200,1.14011516315
140191,140325,140830,134,505,2,7200,1.26534653465
140257,140332,140868,75,536,2,7200,1.13992537313
140322,140354,140883,32,529,2,7200,1.06049149338
140329,140401,140894,72,493,2,7200,1.14604462475
140352,140422,140959,70,537,2,7200,1.1303538175
140355,141180,144799,825,3619,1,3600,1.22796352584
140356,141185,144792,829,3607,1,3600,1.22983088439
140357,141191,144816,834,3625,1,3600,1.23006896552
140359,141196,144842,837,3646,1,3600,1.22956664838
140360,141201,144813,841,3612,1,3600,1.23283499446
140361,141207,144836,846,3629,1,3600,1.2331220722
140363,141212,144844,849,3632,1,3600,1.23375550661
140364,141217,144844,853,3627,1,3600,1.23518059002
140365,141223,144835,858,3612,1,3600,1.23754152824
140366,141228,144862,862,3634,1,3600,1.23720418272
140368,141233,144865,865,3632,1,3600,1.23816079295
140369,141239,144876,870,3637,1,3600,1.23920813858
140370,141244,144852,874,3608,1,3600,1.24223946785
140371,141249,144895,878,3646,1,3600,1.2408118486
140373,141255,144875,882,3620,1,3600,1.24364640884
140374,141260,144900,886,3640,1,3600,1.24340659341
140375,143150,146770,2775,3620,1,3600,1.76657458564
140376,143156,146766,2780,3610,1,3600,1.77008310249
140378,145233,148844,4855,3611,1,3600,2.34450290778
140379,145238,148844,4859,3606,1,3600,2.34747642818
140380,145243,148878,4863,3635,1,3600,2.33782668501
140382,145249,148895,4867,3646,1,3600,2.334887548
140383,145254,148887,4871,3633,1,3600,2.34076520782
140384,145572,149211,5188,3639,1,3600,2.42566639187
140385,145577,149215,5192,3638,1,3600,2.427157779
140387,145839,149464,5452,3625,1,3600,2.504
140388,145844,149461,5456,3617,1,3600,2.50843240254
140389,146778,150411,6389,3633,1,3600,2.75860170658
140390,146785,150415,6395,3630,1,3600,2.76170798898
140392,148856,152489,8464,3633,1,3600,3.3297550234
140393,148861,151616,8468,2755,1,3600,4.07368421053
140394,148903,152523,8509,3620,1,3600,3.35055248619
140395,150423,154056,10028,3633,1,3600,3.76025323424
140397,151628,155234,11231,3606,1,3600,4.11453133666
140398,152506,156134,12108,3628,1,3600,4.33737596472
140399,152541,156168,12142,3627,1,3600,4.3476702509
140400,140428,140996,28,568,2,7200,1.04929577465
140401,154068,157701,13667,3633,1,3600,4.7619047619
140402,155246,158879,14844,3633,1,3600,5.08587943848
140405,156146,159778,15741,3632,1,3600,5.33397577093
140406,156181,159813,15775,3632,1,3600,5.34333700441
140407,157713,161346,17306,3633,1,3600,5.76355628957
140408,158891,162524,18483,3633,1,3600,6.08753096614
140410,159790,163424,19380,3634,1,3600,6.33296642818
140411,159825,163458,19414,3633,1,3600,6.34379300853
140412,161358,164714,20946,3356,1,3600,7.24135876043
140414,162536,165471,22122,2935,1,3600,8.53730834753
140418,140438,140952,20,514,2,7200,1.03891050584
140424,163446,164904,23022,1458,1,3600,16.7901234568
140425,140445,140964,20,519,2,7200,1.03853564547
140426,163478,164546,23052,1068,1,3600,22.5842696629
140427,164557,165732,24130,1175,1,3600,21.5361702128
140429,164726,166026,24297,1300,1,3600,19.69
140430,164917,165988,24487,1071,1,3600,23.8636788049
140431,165483,166784,25052,1301,1,3600,20.2559569562
140433,165744,166999,25311,1255,1,3600,21.16812749
140434,166000,167346,25566,1346,1,3600,19.9940564636
140435,166038,167338,25603,1300,1,3600,20.6946153846
140437,166798,168093,26361,1295,1,3600,21.355984556
140437,140455,140963,18,508,2,7200,1.03543307087
140438,167011,168379,26573,1368,1,3600,20.4247076023
140439,167350,168930,26911,1580,1,3600,18.032278481
140441,167358,168359,26917,1001,1,3600,27.8901098901
140442,167914,169076,27472,1162,1,3600,24.6419965577
140443,168109,169622,27666,1513,1,3600,19.2855254461
140444,140466,140998,22,532,2,7200,1.04135338346
140445,168371,169515,27926,1144,1,3600,25.4108391608
140446,168390,169403,27944,1013,1,3600,28.5853899309
140447,168943,170236,28496,1293,1,3600,23.0386697602
140448,169092,170038,28644,946,1,3600,31.2790697674
140450,169415,170570,28965,1155,1,3600,26.0779220779
140451,140482,140928,31,446,2,7200,1.06950672646
140451,169526,170569,29075,1043,1,3600,28.8763183126
140452,169638,170984,29186,1346,1,3600,22.6835066865
140454,170050,171422,29596,1372,1,3600,22.5714285714
140455,170248,171353,29793,1105,1,3600,27.9619909502
140456,170581,171585,30125,1004,1,3600,31.0049800797
140457,170588,171973,30131,1385,1,3600,22.755234657
140459,170929,171975,30470,1046,1,3600,30.1300191205
140460,170934,171896,30474,962,1,3600,32.6777546778
140461,170940,172158,30479,1218,1,3600,26.0238095238
140462,170945,171851,30483,906,1,3600,34.6456953642
140463,140488,141004,25,516,2,7200,1.0484496124
140464,170950,172105,30486,1155,1,3600,27.3948051948
140465,170956,172170,30491,1214,1,3600,26.1161449753
140467,170996,172149,30529,1153,1,3600,27.4778837814
140468,171365,172749,30897,1384,1,3600,23.3244219653
140470,171434,172846,30964,1412,1,3600,22.9291784703
140471,171597,173009,31126,1412,1,3600,23.0439093484
140473,171864,173087,31391,1223,1,3600,26.6672117743
140474,171908,173379,31434,1471,1,3600,22.3691366417
140476,171952,173423,31476,1471,1,3600,22.3976886472
140477,171988,173212,31511,1224,1,3600,26.7442810458
140479,171993,173201,31514,1208,1,3600,27.0877483444
140480,172117,173386,31637,1269,1,3600,25.9306540583
140481,140505,141016,24,511,2,7200,1.0469667319
140482,172172,173368,31690,1196,1,3600,27.4966555184
140483,172179,173499,31696,1320,1,3600,25.0121212121
140484,172186,173422,31702,1236,1,3600,26.6488673139
140486,172762,174072,32276,1310,1,3600,25.6381679389
140487,172860,173820,32373,960,1,3600,34.721875
140488,140525,141024,37,499,2,7200,1.07414829659
140489,173021,174306,32532,1285,1,3600,26.3167315175
140490,173099,174433,32609,1334,1,3600,25.4445277361
140492,173218,174511,32726,1293,1,3600,26.3101314772
140493,173230,174418,32737,1188,1,3600,28.5563973064
140494,173384,174808,32890,1424,1,3600,24.0969101124
140496,173391,174963,32895,1572,1,3600,21.9255725191
140497,173420,174637,32923,1217,1,3600,28.052588332
140499,173449,174198,32950,749,1,3600,44.9919893191
140506,140544,141029,38,485,2,7200,1.07835051546
140523,140550,141060,27,510,2,7200,1.05294117647
140541,140558,141094,17,536,2,7200,1.03171641791
140548,140591,141110,43,519,2,7200,1.08285163776
140555,140620,141109,65,489,2,7200,1.13292433538
140594,140638,141119,44,481,2,7200,1.09147609148
140617,140646,141171,29,525,2,7200,1.05523809524
140634,140666,141206,32,540,2,7200,1.05925925926
140641,140714,141213,73,499,2,7200,1.14629258517
140664,140725,141214,61,489,2,7200,1.12474437628
140713,140790,141305,77,515,2,7200,1.14951456311
140720,140842,141364,122,522,2,7200,1.2337164751
140786,140880,141343,94,463,2,7200,1.2030237581
140840,140895,141415,55,520,2,7200,1.10576923077
140879,140906,141401,27,495,2,7200,1.05454545455
140891,140940,141426,49,486,2,7200,1.10082304527
140903,140964,141424,61,460,2,7200,1.13260869565
140937,140971,141472,34,501,2,7200,1.06786427146
140960,140978,141460,18,482,2,7200,1.03734439834
140977,140984,141496,7,512,2,7200,1.013671875
140979,141008,141489,29,481,2,7200,1.06029106029
140981,141015,141474,34,459,2,7200,1.07407407407
141003,141022,141563,19,541,2,7200,1.03512014787
141010,141028,141536,18,508,2,7200,1.03543307087
141017,141035,141505,18,470,2,7200,1.03829787234
141024,141043,141599,19,556,2,7200,1.03417266187
141031,141071,141613,40,542,2,7200,1.07380073801
141044,141106,141593,62,487,2,7200,1.1273100616
141072,141121,141584,49,463,2,7200,1.10583153348
141105,141126,141684,21,558,2,7200,1.0376344086
141117,141132,141603,15,471,2,7200,1.03184713376
141124,141267,141792,143,525,2,7200,1.27238095238
141131,141272,141808,141,536,2,7200,1.26305970149
141266,141279,141803,13,524,2,7200,1.02480916031
141273,141284,141803,11,519,2,7200,1.02119460501
141290,141317,141830,27,513,2,7200,1.05263157895
141291,141376,141909,85,533,2,7200,1.15947467167
141314,141414,141907,100,493,2,7200,1.20283975659
141374,141427,141917,53,490,2,7200,1.10816326531
141413,141436,141933,23,497,2,7200,1.046277666
141425,141443,141956,18,513,2,7200,1.0350877193
141432,141472,141968,40,496,2,7200,1.08064516129
141439,141484,141979,45,495,2,7200,1.09090909091
141468,141491,142003,23,512,2,7200,1.044921875
141480,141501,142009,21,508,2,7200,1.04133858268
141487,141508,142051,21,543,2,7200,1.03867403315
141499,141518,142031,19,513,2,7200,1.03703703704
141506,141549,142059,43,510,2,7200,1.08431372549
141518,141576,142050,58,474,2,7200,1.1223628692
141546,141596,142091,50,495,2,7200,1.10101010101
141574,141605,142118,31,513,2,7200,1.0604288499
141592,141612,142111,20,499,2,7200,1.04008016032
141604,141619,142113,15,494,2,7200,1.03036437247
141611,141626,142110,15,484,2,7200,1.03099173554
141618,141696,142212,78,516,2,7200,1.1511627907
141625,141804,142320,179,516,2,7200,1.34689922481
141696,141815,142307,119,492,2,7200,1.2418699187
141803,141820,142320,17,500,2,7200,1.034
141810,141827,142334,17,507,2,7200,1.03353057199
141817,141842,142369,25,527,2,7200,1.04743833017
141824,141919,142397,95,478,2,7200,1.19874476987
141842,141926,142437,84,511,2,7200,1.16438356164
141918,141933,142450,15,517,2,7200,1.02901353965
141925,141946,142478,21,532,2,7200,1.03947368421
141932,141968,142489,36,521,2,7200,1.06909788868
141950,141980,142504,30,524,2,7200,1.0572519084
141967,141991,142530,24,539,2,7200,1.04452690167
141979,142015,142586,36,571,2,7200,1.06304728546
141986,142021,142542,35,521,2,7200,1.06717850288
142015,142043,142585,28,542,2,7200,1.05166051661
142022,142062,142566,40,504,2,7200,1.07936507937
142039,142068,142592,29,524,2,7200,1.05534351145
142062,142075,142592,13,517,2,7200,1.0251450677
142069,142104,142610,35,506,2,7200,1.06916996047
142071,142122,142638,51,516,2,7200,1.0988372093
142104,142129,142653,25,524,2,7200,1.04770992366
142122,142134,142647,12,513,2,7200,1.02339181287
142129,142141,142659,12,518,2,7200,1.02316602317
142130,142224,142749,94,525,2,7200,1.17904761905
142137,142319,142825,182,506,2,7200,1.35968379447
142224,142332,142806,108,474,2,7200,1.22784810127
142316,142337,142852,21,515,2,7200,1.04077669903
142328,142347,142815,19,468,2,7200,1.0405982906
142335,142382,142907,47,525,2,7200,1.08952380952
142347,142409,142910,62,501,2,7200,1.12375249501
142381,142450,142978,69,528,2,7200,1.13068181818
142409,142462,142988,53,526,2,7200,1.10076045627
142448,142490,142976,42,486,2,7200,1.08641975309
142460,142501,143025,41,524,2,7200,1.07824427481
142489,142516,143013,27,497,2,7200,1.05432595573
142501,142543,143057,42,514,2,7200,1.08171206226
142513,142554,143113,41,559,2,7200,1.07334525939
142542,142579,143109,37,530,2,7200,1.06981132075
142554,142597,143109,43,512,2,7200,1.083984375
142577,142604,143130,27,526,2,7200,1.05133079848
142601,142611,143123,10,512,2,7200,1.01953125
142603,142616,143098,13,482,2,7200,1.02697095436
142610,142623,143120,13,497,2,7200,1.02615694165
142617,142651,143134,34,483,2,7200,1.07039337474
142624,142659,143129,35,470,2,7200,1.07446808511
142647,142666,143185,19,519,2,7200,1.0366088632
142659,142673,143153,14,480,2,7200,1.02916666667
142666,142761,143247,95,486,2,7200,1.19547325103
142673,142819,143351,146,532,2,7200,1.27443609023
142760,142827,143314,67,487,2,7200,1.13757700205
142815,142837,143329,22,492,2,7200,1.04471544715
142827,142865,143379,38,514,2,7200,1.07392996109
142834,142919,143421,85,502,2,7200,1.16932270916
142862,142926,143435,64,509,2,7200,1.1257367387
142917,142988,143488,71,500,2,7200,1.142
142924,142995,143507,71,512,2,7200,1.138671875
142984,143002,143578,18,576,2,7200,1.03125
142991,143025,143544,34,519,2,7200,1.0655105973
143009,143037,143555,28,518,2,7200,1.05405405405
143021,143068,143566,47,498,2,7200,1.09437751004
143033,143110,143600,77,490,2,7200,1.15714285714
143067,143121,143617,54,496,2,7200,1.10887096774
143106,143126,143627,20,501,2,7200,1.03992015968
143118,143133,143648,15,515,2,7200,1.02912621359
143125,143138,143657,13,519,2,7200,1.02504816956
143132,143145,143662,13,517,2,7200,1.0251450677
143139,143163,143723,24,560,2,7200,1.04285714286
143141,143168,143687,27,519,2,7200,1.05202312139
143160,143175,143670,15,495,2,7200,1.0303030303
143167,143197,143726,30,529,2,7200,1.05671077505
143174,143259,143809,85,550,2,7200,1.15454545455
143197,143327,143838,130,511,2,7200,1.25440313112
143257,143342,143839,85,497,2,7200,1.17102615694
143328,143363,143835,35,472,2,7200,1.07415254237
143340,143391,143925,51,534,2,7200,1.09550561798
143363,143434,143957,71,523,2,7200,1.13575525813
143391,143447,143956,56,509,2,7200,1.11001964637
143430,143504,143994,74,490,2,7200,1.15102040816
143442,143519,144013,77,494,2,7200,1.15587044534
143502,143556,144086,54,530,2,7200,1.10188679245
143515,143568,144104,53,536,2,7200,1.09888059701
143553,143578,144095,25,517,2,7200,1.04835589942
143566,143590,144051,24,461,2,7200,1.05206073753
143578,143612,144081,34,469,2,7200,1.07249466951
143585,143629,144140,44,511,2,7200,1.08610567515
143608,143639,144165,31,526,2,7200,1.05893536122
143626,143660,144152,34,492,2,7200,1.06910569106
143638,143669,144202,31,533,2,7200,1.05816135084
143656,143676,144177,20,501,2,7200,1.03992015968
143674,143683,144163,9,480,2,7200,1.01875
143675,143699,144180,24,481,2,7200,1.0498960499
143682,143735,144245,53,510,2,7200,1.10392156863
143694,143742,144280,48,538,2,7200,1.08921933086
143733,143821,144306,88,485,2,7200,1.18144329897
143740,143846,144364,106,518,2,7200,1.20463320463
143791,143799,143901,8,102,1,300,1.07843137255
143821,143854,144337,33,483,2,7200,1.06832298137
143844,143859,144368,15,509,2,7200,1.02946954813
143851,143938,144467,87,529,2,7200,1.16446124764
143858,143967,144482,109,515,2,7200,1.21165048544
143923,143930,143965,7,35,1,300,1.2
143934,143974,144473,40,499,2,7200,1.08016032064
143968,144006,144560,38,554,2,7200,1.06859205776
143975,144026,144549,51,523,2,7200,1.09751434034
144003,144063,144571,60,508,2,7200,1.11811023622
144026,144094,144594,68,500,2,7200,1.136
144059,144101,144625,42,524,2,7200,1.08015267176
144093,144108,144624,15,516,2,7200,1.02906976744
144100,144116,144601,16,485,2,7200,1.03298969072
144117,144153,144668,36,515,2,7200,1.06990291262
144119,144164,144658,45,494,2,7200,1.09109311741
144153,144175,144703,22,528,2,7200,1.04166666667
144160,144182,144752,22,570,2,7200,1.03859649123
144172,144189,144708,17,519,2,7200,1.03275529865
144179,144196,144703,17,507,2,7200,1.03353057199
144186,144214,144732,28,518,2,7200,1.05405405405
144193,144263,144789,70,526,2,7200,1.13307984791
144197,144204,144258,7,54,1,300,1.12962962963
144210,144293,144770,83,477,2,7200,1.17400419287
144260,144318,144808,58,490,2,7200,1.11836734694
144293,144349,144866,56,517,2,7200,1.1083172147
144316,144377,144904,61,527,2,7200,1.11574952562
144344,144384,144895,40,511,2,7200,1.0782778865
144372,144479,144992,107,513,2,7200,1.20857699805
144379,144485,144981,106,496,2,7200,1.21370967742
144476,144495,145006,19,511,2,7200,1.03718199609
144483,144561,145054,78,493,2,7200,1.15821501014
144501,144572,145081,71,509,2,7200,1.1394891945
144561,144584,145057,23,473,2,7200,1.04862579281
144568,144606,145081,38,475,2,7200,1.08
144580,144613,145118,33,505,2,7200,1.06534653465
144603,144636,145211,33,575,2,7200,1.05739130435
144610,144643,145137,33,494,2,7200,1.06680161943
144633,144670,145191,37,521,2,7200,1.07101727447
144640,144680,145194,40,514,2,7200,1.07782101167
144668,144714,145192,46,478,2,7200,1.09623430962
144675,144720,145229,45,509,2,7200,1.0884086444
144714,144727,145212,13,485,2,7200,1.02680412371
144716,144743,145250,27,507,2,7200,1.05325443787
144723,144764,145299,41,535,2,7200,1.07663551402
144740,144783,145280,43,497,2,7200,1.08651911469
144763,144801,145360,38,559,2,7200,1.06797853309
144781,144820,145357,39,537,2,7200,1.07262569832
144804,144879,145383,75,504,2,7200,1.14880952381
144817,144907,145450,90,543,2,7200,1.16574585635
144825,173831,174984,29006,1153,1,3600,26.1569817866
144827,174089,175133,29262,1044,1,3600,29.0287356322
144828,174210,175516,29382,1306,1,3600,23.4977029096
144830,174296,175376,29466,1080,1,3600,28.2833333333
144877,144921,145450,44,529,2,7200,1.0831758034
144891,174302,175666,29411,1364,1,3600,22.5623167155
144893,174307,175569,29414,1262,1,3600,24.3074484945
144895,174313,175329,29418,1016,1,3600,29.9547244094
144896,174318,175319,29422,1001,1,3600,30.3926073926
144898,174323,175358,29425,1035,1,3600,29.4299516908
144899,174329,175588,29430,1259,1,3600,24.375694996
144900,174334,175677,29434,1343,1,3600,22.9166046165
144902,174339,175528,29437,1189,1,3600,25.7577796468
144903,174345,175821,29442,1476,1,3600,20.9471544715
144905,144993,145526,88,533,2,7200,1.16510318949
144905,174350,175369,29445,1019,1,3600,29.8959764475
144906,174355,175675,29449,1320,1,3600,23.3098484848
144908,174361,175762,29453,1401,1,3600,22.022840828
144917,145005,145573,88,568,2,7200,1.15492957746
144993,145018,145560,25,542,2,7200,1.04612546125
145005,145066,145570,61,504,2,7200,1.12103174603
145018,145073,145550,55,477,2,7200,1.11530398323
145062,145093,145605,31,512,2,7200,1.060546875
145069,145098,145603,29,505,2,7200,1.05742574257
145092,145130,145624,38,494,2,7200,1.07692307692
145099,145149,145656,50,507,2,7200,1.09861932939
145127,145203,145693,76,490,2,7200,1.15510204082
145144,145215,145734,71,519,2,7200,1.13680154143
145199,145221,145722,22,501,2,7200,1.04391217565
145211,145227,145729,16,502,2,7200,1.03187250996
145229,145261,145784,32,523,2,7200,1.06118546845
145231,145268,145784,37,516,2,7200,1.07170542636
145259,145293,145827,34,534,2,7200,1.06367041199
145266,145311,145810,45,499,2,7200,1.09018036072
145289,145369,145887,80,518,2,7200,1.15444015444
145306,145376,145883,70,507,2,7200,1.13806706114
145366,145396,145936,30,540,2,7200,1.05555555556
145373,145462,146036,89,574,2,7200,1.15505226481
145396,145467,145968,71,501,2,7200,1.14171656687
145461,145538,146035,77,497,2,7200,1.15492957746
145463,145562,146088,99,526,2,7200,1.18821292776
145529,221855,257893,76326,36038,3,36000,3.11793107276
145534,145584,146053,50,469,2,7200,1.1066098081
145562,145591,146101,29,510,2,7200,1.0568627451
145580,145615,146110,35,495,2,7200,1.07070707071
145586,145622,146112,36,490,2,7200,1.07346938776
145615,145636,146159,21,523,2,7200,1.04015296367
145622,145668,146209,46,541,2,7200,1.08502772643
145634,145706,146203,72,497,2,7200,1.14486921529
145647,229797,229821,84150,24,4,72000,3507.25
145667,145734,146243,67,509,2,7200,1.13163064833
145706,145741,146231,35,490,2,7200,1.07142857143
145734,145747,146235,13,488,2,7200,1.02663934426
145741,145795,146368,54,573,2,7200,1.0942408377
145748,145801,146346,53,545,2,7200,1.09724770642
145792,145822,146318,30,496,2,7200,1.06048387097
145799,145896,146414,97,518,2,7200,1.18725868726
145822,145903,146384,81,481,2,7200,1.1683991684
145893,145948,146445,55,497,2,7200,1.1106639839
145900,145981,146477,81,496,2,7200,1.16330645161
145944,146048,146531,104,483,2,7200,1.21532091097
145977,146053,146600,76,547,2,7200,1.13893967093
146048,146065,146579,17,514,2,7200,1.03307392996
146050,146100,146630,50,530,2,7200,1.09433962264
146062,146113,146647,51,534,2,7200,1.09550561798
146096,146122,146633,26,511,2,7200,1.05088062622
146113,146129,146601,16,472,2,7200,1.03389830508
146120,146172,146695,52,523,2,7200,1.09942638623
146138,146215,146754,77,539,2,7200,1.14285714286
146171,146222,146723,51,501,2,7200,1.10179640719
146216,146243,146774,27,531,2,7200,1.05084745763
146223,146250,146771,27,521,2,7200,1.05182341651
146240,146257,146778,17,521,2,7200,1.03262955854
146247,146330,146838,83,508,2,7200,1.16338582677
146254,146358,146871,104,513,2,7200,1.20272904483
146330,146380,146929,50,549,2,7200,1.09107468124
146358,146396,146906,38,510,2,7200,1.07450980392
146376,146426,146972,50,546,2,7200,1.09157509158
146394,146457,146960,63,503,2,7200,1.12524850895
146422,146490,146983,68,493,2,7200,1.13793103448
146456,146543,147056,87,513,2,7200,1.16959064327
146489,146591,147118,102,527,2,7200,1.1935483871
146541,146612,147143,71,531,2,7200,1.13370998117
146590,146618,147112,28,494,2,7200,1.05668016194
146608,146642,147172,34,530,2,7200,1.0641509434
146615,146649,147188,34,539,2,7200,1.06307977737
146638,146659,147209,21,550,2,7200,1.03818181818
146656,146707,147229,51,522,2,7200,1.09770114943
146657,146735,147225,78,490,2,7200,1.15918367347
146707,146766,147250,59,484,2,7200,1.12190082645
146735,146791,147323,56,532,2,7200,1.10526315789
146763,146798,147295,35,497,2,7200,1.07042253521
146774,174366,175368,27592,1002,1,3600,28.5369261477
146776,174371,175793,27595,1422,1,3600,20.405766526
146786,146803,147305,17,502,2,7200,1.03386454183
146799,146851,147363,52,512,2,7200,1.1015625
146800,146883,147430,83,547,2,7200,1.15173674589
146850,146918,147434,68,516,2,7200,1.13178294574
146883,146941,147494,58,553,2,7200,1.10488245931
146917,146973,147477,56,504,2,7200,1.11111111111
146940,146984,147476,44,492,2,7200,1.08943089431
146973,146995,147482,22,487,2,7200,1.04517453799
146980,147067,147578,87,511,2,7200,1.17025440313
146992,147124,147620,132,496,2,7200,1.26612903226
147068,147131,147654,63,523,2,7200,1.12045889101
147123,147155,147661,32,506,2,7200,1.06324110672
147130,147185,147666,55,481,2,7200,1.11434511435
147153,147201,147731,48,530,2,7200,1.09056603774
147181,147221,147710,40,489,2,7200,1.081799591
147205,147237,147743,32,506,2,7200,1.06324110672
147217,147244,147752,27,508,2,7200,1.0531496063
147235,147263,147757,28,494,2,7200,1.05668016194
147242,147307,147802,65,495,2,7200,1.13131313131
147259,147317,147803,58,486,2,7200,1.11934156379
147303,147336,147847,33,511,2,7200,1.06457925636
147316,147375,147890,59,515,2,7200,1.1145631068
147333,147442,147974,109,532,2,7200,1.20488721805
147372,147448,147874,76,426,2,7200,1.17840375587
147437,147488,147978,51,490,2,7200,1.10408163265
147444,147493,148012,49,519,2,7200,1.09441233141
147488,147501,148015,13,514,2,7200,1.02529182879
147490,147508,148020,18,512,2,7200,1.03515625
147497,147591,148093,94,502,2,7200,1.18725099602
147504,147632,148131,128,499,2,7200,1.25651302605
147590,147666,148161,76,495,2,7200,1.15353535354
147629,147673,148215,44,542,2,7200,1.08118081181
147662,147680,148210,18,530,2,7200,1.03396226415
147669,147722,148246,53,524,2,7200,1.10114503817
147687,147743,148299,56,556,2,7200,1.10071942446
147720,147755,148245,35,490,2,7200,1.07142857143
147743,147763,148281,20,518,2,7200,1.03861003861
147756,147770,148275,14,505,2,7200,1.02772277228
147763,147814,148362,51,548,2,7200,1.09306569343
147769,147821,148303,52,482,2,7200,1.10788381743
147814,147859,148362,45,503,2,7200,1.08946322068
147821,147886,148412,65,526,2,7200,1.12357414449
147859,147903,148424,44,521,2,7200,1.08445297505
147868,148910,149450,1042,540,2,18000,2.92962962963
147882,147986,148484,104,498,2,7200,1.20883534137
147900,147992,148548,92,556,2,7200,1.1654676259
147986,148025,148555,39,530,2,7200,1.07358490566
147993,148031,148541,38,510,2,7200,1.07450980392
148021,148037,148557,16,520,2,7200,1.03076923077
148028,148104,148611,76,507,2,7200,1.14990138067
148035,148143,148646,108,503,2,7200,1.21471172962
148101,148174,148652,73,478,2,7200,1.15271966527
148139,148222,148715,83,493,2,7200,1.16835699797
148173,148228,148713,55,485,2,7200,1.11340206186
148223,148257,148774,34,517,2,7200,1.06576402321
148224,148264,148785,40,521,2,7200,1.07677543186
148252,148286,148805,34,519,2,7200,1.0655105973
148259,148294,148820,35,526,2,7200,1.06653992395
148282,148311,148798,29,487,2,7200,1.05954825462
148289,148318,148815,29,497,2,7200,1.0583501006
148293,149223,149783,930,560,1,1800,2.66071428571
148307,148374,148886,67,512,2,7200,1.130859375
148314,148379,148887,65,508,2,7200,1.12795275591
148374,148424,148961,50,537,2,7200,1.09310986965
148375,148436,148983,61,547,2,7200,1.11151736746
148424,148496,148956,72,460,2,7200,1.15652173913
148436,148553,149037,117,484,2,7200,1.24173553719
148496,148560,149103,64,543,2,7200,1.11786372007
148511,158811,158829,10300,18,32,1800,573.222222222
148550,148566,149130,16,564,2,7200,1.02836879433
148557,148574,149132,17,558,2,7200,1.03046594982
148564,148623,149116,59,493,2,7200,1.11967545639
148571,148658,149183,87,525,2,7200,1.16571428571
148620,148665,149190,45,525,2,7200,1.08571428571
148654,148726,149261,72,535,2,7200,1.13457943925
148661,148733,149284,72,551,2,7200,1.13067150635
148726,148786,149332,60,546,2,7200,1.10989010989
148733,148797,149300,64,503,2,7200,1.12723658052
148783,148811,149278,28,467,2,7200,1.05995717345
148795,148818,149336,23,518,2,7200,1.0444015444
148807,148828,149346,21,518,2,7200,1.04054054054
148814,148835,149325,21,490,2,7200,1.04285714286
148826,148898,149393,72,495,2,7200,1.14545454545
148833,148915,149392,82,477,2,7200,1.17190775681
148880,174377,175557,25497,1180,1,3600,22.6076271186
148882,174394,175743,25512,1349,1,3600,19.9117865085
148883,174430,175573,25547,1143,1,3600,23.3508311461
148893,148969,149500,76,531,2,7200,1.14312617702
148911,148976,149509,65,533,2,7200,1.12195121951
148945,174462,175722,25517,1260,1,3600,21.2515873016
148946,174651,175790,25705,1139,1,3600,23.5680421422
148965,148995,149472,30,477,2,7200,1.06289308176
148971,349011,608257,200040,259246,16,259200,1.77162232011
148972,149049,149580,77,531,2,7200,1.1450094162
148995,149116,149647,121,531,2,7200,1.22787193974
149045,149128,149602,83,474,2,7200,1.17510548523
149115,149142,149665,27,523,2,7200,1.05162523901
149127,149149,149647,22,498,2,7200,1.04417670683
149140,149196,149671,56,475,2,7200,1.11789473684
149147,149202,149721,55,519,2,7200,1.10597302505
149196,149273,149817,77,544,2,7200,1.14154411765
149203,149290,149769,87,479,2,7200,1.18162839248
149248,174823,176160,25575,1337,1,3600,20.1286462229
149250,174991,176686,25741,1695,1,3600,16.1864306785
149274,149297,149784,23,487,2,7200,1.04722792608
149286,149312,149818,26,506,2,7200,1.05138339921
149293,149337,149842,44,505,2,7200,1.08712871287
149302,170918,170946,21616,28,2,18000,773.0
149311,149344,149854,33,510,2,7200,1.06470588235
149333,149351,149859,18,508,2,7200,1.03543307087
149340,149358,149852,18,494,2,7200,1.03643724696
149347,149404,149910,57,506,2,7200,1.11264822134
149354,149409,149930,55,521,2,7200,1.10556621881
149404,149484,149998,80,514,2,7200,1.15564202335
149406,149512,150055,106,543,2,7200,1.19521178637
149481,149521,149992,40,471,2,7200,1.08492569002
149492,175004,176382,25512,1378,1,3600,19.5137880987
149494,175331,176441,25837,1110,1,3600,24.2765765766
149510,149592,150129,82,537,2,7200,1.15270018622
149517,149615,150074,98,459,2,7200,1.21350762527
149593,149659,150177,66,518,2,7200,1.12741312741
149610,149664,150152,54,488,2,7200,1.1106557377
149655,149677,150260,22,583,2,7200,1.03773584906
149662,149684,150233,22,549,2,7200,1.04007285974
149674,149733,150248,59,515,2,7200,1.1145631068
149681,149781,150277,100,496,2,7200,1.20161290323
149737,149796,150309,59,513,2,7200,1.11500974659
149781,149829,150355,48,526,2,7200,1.09125475285
149793,149836,150378,43,542,2,7200,1.07933579336
149827,149860,150422,33,562,2,7200,1.05871886121
149834,149867,150366,33,499,2,7200,1.06613226453
149857,149872,150383,15,511,2,7200,1.02935420744
149864,149880,150391,16,511,2,7200,1.0313111546
149871,149922,150435,51,513,2,7200,1.09941520468
149878,149942,150492,64,550,2,7200,1.11636363636
149922,150005,150465,83,460,2,7200,1.18043478261
149940,150011,150545,71,534,2,7200,1.1329588015
150005,150067,150595,62,528,2,7200,1.11742424242
150012,150086,150586,74,500,2,7200,1.148
150067,150142,150634,75,492,2,7200,1.15243902439
150084,150164,150687,80,523,2,7200,1.15296367113
150139,150189,150694,50,505,2,7200,1.09900990099
150162,150245,150735,83,490,2,7200,1.1693877551
150171,150178,150861,7,683,1,1800,1.0102489019
150185,150261,150789,76,528,2,7200,1.14393939394
150245,150272,150729,27,457,2,7200,1.0590809628
150263,150289,150832,26,543,2,7200,1.04788213628
150270,150324,150819,54,495,2,7200,1.10909090909
150288,150368,150878,80,510,2,7200,1.1568627451
150322,150379,150921,57,542,2,7200,1.10516605166
150366,150390,150896,24,506,2,7200,1.04743083004
150378,150397,150914,19,517,2,7200,1.03675048356
150390,150403,150927,13,524,2,7200,1.02480916031
150397,150435,150959,38,524,2,7200,1.07251908397
150399,150447,150902,48,455,2,7200,1.10549450549
150432,150478,150971,46,493,2,7200,1.09330628803
150445,150504,151027,59,523,2,7200,1.11281070746
150456,175341,176289,24885,948,1,3600,27.25
150458,175549,176861,25091,1312,1,3600,20.1242378049
150478,150558,151067,80,509,2,7200,1.15717092338
150501,150599,151105,98,506,2,7200,1.19367588933
150555,150608,151123,53,515,2,7200,1.10291262136
150594,150646,151146,52,500,2,7200,1.104
150607,150700,151219,93,519,2,7200,1.17919075145
150645,150707,151246,62,539,2,7200,1.11502782931
150700,150741,151223,41,482,2,7200,1.08506224066
150707,150748,151251,41,503,2,7200,1.08151093439
150740,150801,151360,61,559,2,7200,1.1091234347
150758,150831,151337,73,506,2,7200,1.1442687747
150797,150844,151380,47,536,2,7200,1.08768656716
150830,150891,151399,61,508,2,7200,1.12007874016
150843,150908,151419,65,511,2,7200,1.12720156556
150887,150915,151454,28,539,2,7200,1.05194805195
150904,150926,151447,22,521,2,7200,1.04222648752
150911,150933,151464,22,531,2,7200,1.04143126177
150924,150940,151418,16,478,2,7200,1.03347280335
150931,150971,151487,40,516,2,7200,1.07751937984
150937,150983,151484,46,501,2,7200,1.09181636727
150971,151039,151550,68,511,2,7200,1.13307240705
150983,151092,151593,109,501,2,7200,1.21756487026
151038,151117,151588,79,471,2,7200,1.16772823779
151087,151135,151626,48,491,2,7200,1.09775967413
151116,151159,151691,43,532,2,7200,1.08082706767
151133,151231,151731,98,500,2,7200,1.196
151156,151238,151732,82,494,2,7200,1.16599190283
151227,151257,151738,30,481,2,7200,1.06237006237
151234,151265,151809,31,544,2,7200,1.05698529412
151257,151349,151891,92,542,2,7200,1.16974169742
151264,151373,151881,109,508,2,7200,1.21456692913
151345,151392,151946,47,554,2,7200,1.08483754513
151373,151411,151921,38,510,2,7200,1.07450980392
151391,151430,151957,39,527,2,7200,1.07400379507
151408,151435,151946,27,511,2,7200,1.05283757339
151426,151459,151921,33,462,2,7200,1.07142857143
151433,151466,152004,33,538,2,7200,1.06133828996
151456,151476,151968,20,492,2,7200,1.0406504065
151463,151496,152046,33,550,2,7200,1.06
151475,151503,151957,28,454,2,7200,1.06167400881
151493,151563,152082,70,519,2,7200,1.13487475915
151500,151600,152111,100,511,2,7200,1.19569471624
151559,151607,152101,48,494,2,7200,1.0971659919
151598,151638,152101,40,463,2,7200,1.08639308855
151605,151703,152220,98,517,2,7200,1.18955512573
151633,151743,152216,110,473,2,7200,1.23255813953
151661,175569,176696,23908,1127,1,3600,22.2138420586
151698,151750,152260,52,510,2,7200,1.10196078431
151742,151755,152241,13,486,2,7200,1.02674897119
151749,151821,152339,72,518,2,7200,1.138996139
151767,151893,152417,126,524,2,7200,1.24045801527
151816,151903,152428,87,525,2,7200,1.16571428571
151839,162166,167898,10327,5732,4,14400,2.80163991626
151892,151932,152441,40,509,2,7200,1.07858546169
151899,151938,152381,39,443,2,7200,1.08803611738
151932,151958,152473,26,515,2,7200,1.05048543689
151934,151963,152451,29,488,2,7200,1.05942622951
151957,151970,152482,13,512,2,7200,1.025390625
151959,151975,152482,16,507,2,7200,1.0315581854
151966,151982,152522,16,540,2,7200,1.02962962963
151972,152016,152543,44,527,2,7200,1.0834914611
151979,152059,152547,80,488,2,7200,1.16393442623
152013,152094,152596,81,502,2,7200,1.16135458167
152057,152113,152630,56,517,2,7200,1.1083172147
152090,152118,152672,28,554,2,7200,1.05054151625
152113,152125,152609,12,484,2,7200,1.02479338843
152115,152229,152749,114,520,2,7200,1.21923076923
152122,152236,152748,114,512,2,7200,1.22265625
152229,152253,152793,24,540,2,7200,1.04444444444
152236,152272,152790,36,518,2,7200,1.0694980695
152254,152351,152877,97,526,2,7200,1.18441064639
152272,152394,152891,122,497,2,7200,1.24547283702
152348,152428,152927,80,499,2,7200,1.16032064128
152391,152441,152935,50,494,2,7200,1.1012145749
152425,152453,152955,28,502,2,7200,1.05577689243
152437,152464,152961,27,497,2,7200,1.05432595573
152449,152485,153023,36,538,2,7200,1.06691449814
152462,152494,153016,32,522,2,7200,1.06130268199
152484,152499,152993,15,494,2,7200,1.03036437247
152491,152534,153033,43,499,2,7200,1.08617234469
152498,152556,153054,58,498,2,7200,1.11646586345
152504,175600,176817,23096,1217,1,3600,19.9778142975
152532,152563,153062,31,499,2,7200,1.0621242485
152555,152608,153110,53,502,2,7200,1.10557768924
152561,152621,153140,60,519,2,7200,1.11560693642
152566,175618,176936,23052,1318,1,3600,18.4901365706
152605,152642,153188,37,546,2,7200,1.06776556777
152618,152684,153145,66,461,2,7200,1.1431670282
152641,152760,153306,119,546,2,7200,1.21794871795
152679,152765,153278,86,513,2,7200,1.16764132554
152760,152803,153307,43,504,2,7200,1.08531746032
152778,152810,153305,32,495,2,7200,1.06464646465
152801,152890,153433,89,543,2,7200,1.16390423573
152808,152903,153417,95,514,2,7200,1.18482490272
152889,152939,153429,50,490,2,7200,1.10204081633
152901,152948,153441,47,493,2,7200,1.0953346856
152935,152968,153509,33,541,2,7200,1.06099815157
152947,152975,153499,28,524,2,7200,1.0534351145
152964,153005,153487,41,482,2,7200,1.08506224066
152971,153028,153552,57,524,2,7200,1.10877862595
153005,153034,153534,29,500,2,7200,1.058
153028,153045,153572,17,527,2,7200,1.03225806452
153035,153066,153575,31,509,2,7200,1.06090373281
153042,153074,153609,32,535,2,7200,1.05981308411
153065,153122,153623,57,501,2,7200,1.11377245509
153072,153152,153669,80,517,2,7200,1.15473887814
153121,153159,153690,38,531,2,7200,1.07156308851
153149,153200,153716,51,516,2,7200,1.0988372093
153156,153290,153757,134,467,2,7200,1.2869379015
153200,153317,153831,117,514,2,7200,1.22762645914
153293,153324,153808,31,484,2,7200,1.06404958678
153316,153329,153835,13,506,2,7200,1.0256916996
153323,153429,153960,106,531,2,7200,1.19962335217
153330,153441,153953,111,512,2,7200,1.216796875
153427,153448,153946,21,498,2,7200,1.0421686747
153439,153455,153912,16,457,2,7200,1.03501094092
153446,153499,153954,53,455,2,7200,1.11648351648
153453,153512,154018,59,506,2,7200,1.11660079051
153497,153522,153993,25,471,2,7200,1.05307855626
153510,153546,154062,36,516,2,7200,1.06976744186
153522,153564,154073,42,509,2,7200,1.08251473477
153545,153584,154072,39,488,2,7200,1.07991803279
153562,153591,154098,29,507,2,7200,1.05719921105
153580,153621,154124,41,503,2,7200,1.08151093439
153587,153635,154138,48,503,2,7200,1.09542743539
153620,153681,154214,61,533,2,7200,1.11444652908
153633,153703,154214,70,511,2,7200,1.13698630137
153677,153729,154231,52,502,2,7200,1.10358565737
153700,153770,154293,70,523,2,7200,1.13384321224
153729,153820,154322,91,502,2,7200,1.1812749004
153768,153843,154381,75,538,2,7200,1.13940520446
153817,153850,154375,33,525,2,7200,1.06285714286
153840,153925,154452,85,527,2,7200,1.16129032258
153847,153958,154474,111,516,2,7200,1.21511627907
153923,153964,154451,41,487,2,7200,1.0841889117
153957,153971,154470,14,499,2,7200,1.02805611222
153964,153977,154537,13,560,2,7200,1.02321428571
153971,154005,154510,34,505,2,7200,1.06732673267
153978,154030,154520,52,490,2,7200,1.10612244898
154001,154075,154559,74,484,2,7200,1.15289256198
154029,154084,154612,55,528,2,7200,1.10416666667
154069,175661,177089,21592,1428,1,3600,16.1204481793
154073,154091,154571,18,480,2,7200,1.0375
154080,154110,154621,30,511,2,7200,1.05870841487
154087,154136,154619,49,483,2,7200,1.10144927536
154110,154150,154647,40,497,2,7200,1.08048289738
154132,154226,154740,94,514,2,7200,1.18287937743
154150,154231,154733,81,502,2,7200,1.16135458167
154226,154243,154711,17,468,2,7200,1.03632478632
154244,154305,154781,61,476,2,7200,1.1281512605
154246,154334,154896,88,562,2,7200,1.15658362989
154301,154386,154892,85,506,2,7200,1.16798418972
154334,154393,154944,59,551,2,7200,1.10707803993
154383,154463,154984,80,521,2,7200,1.15355086372
154390,154469,154958,79,489,2,7200,1.16155419223
154461,154482,155010,21,528,2,7200,1.03977272727
154468,154489,154986,21,497,2,7200,1.04225352113
154480,154522,155027,42,505,2,7200,1.08316831683
154487,154531,155022,44,491,2,7200,1.08961303462
154520,154549,154988,29,439,2,7200,1.06605922551
154527,154571,155069,44,498,2,7200,1.08835341365
154545,154584,155107,39,523,2,7200,1.07456978967
154568,154624,155081,56,457,2,7200,1.12253829322
154580,154630,155164,50,534,2,7200,1.0936329588
154624,154638,155160,14,522,2,7200,1.02681992337
154631,154659,155163,28,504,2,7200,1.05555555556
154638,154723,155270,85,547,2,7200,1.15539305302
154656,154745,155273,89,528,2,7200,1.16856060606
154721,154752,155306,31,554,2,7200,1.0559566787
154744,154793,155257,49,464,2,7200,1.10560344828
154751,154904,155371,153,467,2,7200,1.32762312634
154790,154911,155397,121,486,2,7200,1.24897119342
154903,154957,155449,54,492,2,7200,1.10975609756
154910,154970,155492,60,522,2,7200,1.11494252874
154954,154996,155565,42,569,2,7200,1.07381370826
154966,155003,155521,37,518,2,7200,1.07142857143
154995,155008,155506,13,498,2,7200,1.02610441767
155002,155022,155540,20,518,2,7200,1.03861003861
155008,155034,155534,26,500,2,7200,1.052
155021,155041,155558,20,517,2,7200,1.03868471954
155033,155081,155617,48,536,2,7200,1.08955223881
155040,155093,155591,53,498,2,7200,1.10642570281
155079,155119,155649,40,530,2,7200,1.07547169811
155091,155173,155683,82,510,2,7200,1.16078431373
155119,155180,155695,61,515,2,7200,1.11844660194
155169,155185,155696,16,511,2,7200,1.0313111546
155176,155270,155744,94,474,2,7200,1.19831223629
155183,155283,155798,100,515,2,7200,1.19417475728
155269,155289,155796,20,507,2,7200,1.03944773176
155272,176454,177573,21182,1119,1,3600,19.9294012511
155288,155318,155857,30,539,2,7200,1.05565862709
155289,155383,155899,94,516,2,7200,1.18217054264
155292,203355,203382,48063,27,128,1800,1781.11111111
155317,155409,155931,92,522,2,7200,1.17624521073
155383,155461,155941,78,480,2,7200,1.1625
155406,155505,156017,99,512,2,7200,1.193359375
155460,155518,156052,58,534,2,7200,1.10861423221
155505,155534,156049,29,515,2,7200,1.05631067961
155517,155546,156014,29,468,2,7200,1.06196581197
155534,155553,156115,19,562,2,7200,1.03380782918
155541,155570,156041,29,471,2,7200,1.06157112527
155548,155577,156054,29,477,2,7200,1.0607966457
155566,155603,156115,37,512,2,7200,1.072265625
155573,155629,156162,56,533,2,7200,1.10506566604
155601,155661,156137,60,476,2,7200,1.12605042017
155629,155695,156189,66,494,2,7200,1.13360323887
155658,155707,156231,49,524,2,7200,1.09351145038
155691,155714,156241,23,527,2,7200,1.04364326376
155704,155756,156265,52,509,2,7200,1.1021611002
155711,155808,156327,97,519,2,7200,1.18689788054
155755,155815,156323,60,508,2,7200,1.11811023622
155810,155870,156338,60,468,2,7200,1.12820512821
155812,155911,156460,99,549,2,7200,1.18032786885
155867,155943,156495,76,552,2,7200,1.13768115942
155911,155954,156482,43,528,2,7200,1.08143939394
155939,156027,156543,88,516,2,7200,1.17054263566
155951,156034,156554,83,520,2,7200,1.15961538462
156027,156053,156576,26,523,2,7200,1.04971319312
156034,156061,156551,27,490,2,7200,1.05510204082
156052,156068,156606,16,538,2,7200,1.02973977695
156059,156073,156589,14,516,2,7200,1.02713178295
156066,156127,156625,61,498,2,7200,1.12248995984
156073,156132,156606,59,474,2,7200,1.12447257384
156127,156153,156689,26,536,2,7200,1.04850746269
156129,156174,156691,45,517,2,7200,1.08704061896
156152,156201,156697,49,496,2,7200,1.09879032258
156170,156243,156777,73,534,2,7200,1.13670411985
156175,176578,177860,20403,1282,1,3600,16.9149765991
156177,176592,177656,20415,1064,1,3600,20.1870300752
156198,156253,156771,55,518,2,7200,1.10617760618
156242,156277,156787,35,510,2,7200,1.06862745098
156249,156336,156849,87,513,2,7200,1.16959064327
156277,156343,156865,66,522,2,7200,1.12643678161
156338,156350,156867,12,517,2,7200,1.02321083172
156340,156472,156982,132,510,2,7200,1.25882352941
156347,156494,157029,147,535,2,7200,1.27476635514
156470,156507,156996,37,489,2,7200,1.07566462168
156493,156555,157060,62,505,2,7200,1.12277227723
156505,156563,157092,58,529,2,7200,1.10964083176
156555,156570,157083,15,513,2,7200,1.02923976608
156562,156588,157093,26,505,2,7200,1.05148514851
156569,156601,157136,32,535,2,7200,1.05981308411
156586,156618,157138,32,520,2,7200,1.06153846154
156599,156624,157159,25,535,2,7200,1.04672897196
156616,156637,157174,21,537,2,7200,1.03910614525
156623,156701,157236,78,535,2,7200,1.14579439252
156636,156708,157232,72,524,2,7200,1.13740458015
156701,156715,157234,14,519,2,7200,1.02697495183
156708,156782,157273,74,491,2,7200,1.15071283096
156715,156789,157297,74,508,2,7200,1.14566929134
156781,156799,157280,18,481,2,7200,1.03742203742
156788,156861,157369,73,508,2,7200,1.1437007874
156795,156877,157362,82,485,2,7200,1.16907216495
156860,156884,157382,24,498,2,7200,1.04819277108
156878,156995,157511,117,516,2,7200,1.22674418605
156879,157008,157491,129,483,2,7200,1.26708074534
156993,157042,157559,49,517,2,7200,1.09477756286
157005,157073,157576,68,503,2,7200,1.1351888668
157038,157096,157592,58,496,2,7200,1.11693548387
157072,157105,157621,33,516,2,7200,1.06395348837
157095,157110,157630,15,520,2,7200,1.02884615385
157102,157148,157645,46,497,2,7200,1.09255533199
157109,157155,157684,46,529,2,7200,1.08695652174
157148,157171,157674,23,503,2,7200,1.04572564612
157155,157186,157668,31,482,2,7200,1.0643153527
157167,157244,157808,77,564,2,7200,1.1365248227
157185,157251,157796,66,545,2,7200,1.12110091743
157240,157256,157792,16,536,2,7200,1.02985074627
157247,157285,157739,38,454,2,7200,1.08370044053
157254,157292,157811,38,519,2,7200,1.0732177264
157283,157309,157850,26,541,2,7200,1.04805914972
157290,157374,157936,84,562,2,7200,1.14946619217
157314,157380,157904,66,524,2,7200,1.12595419847
157374,157395,157908,21,513,2,7200,1.04093567251
157381,157503,158040,122,537,2,7200,1.22718808194
157393,157523,158037,130,514,2,7200,1.25291828794
157502,157572,158115,70,543,2,7200,1.12891344383
157519,157589,158135,70,546,2,7200,1.12820512821
157569,157604,158102,35,498,2,7200,1.0702811245
157586,157633,158103,47,470,2,7200,1.1
157604,157642,158137,38,495,2,7200,1.07676767677
157632,157657,158170,25,513,2,7200,1.04873294347
157639,157680,158188,41,508,2,7200,1.08070866142
157657,157687,158230,30,543,2,7200,1.05524861878
157680,157696,158222,16,526,2,7200,1.03041825095
157687,157751,158260,64,509,2,7200,1.1257367387
157694,157804,158326,110,522,2,7200,1.21072796935
157740,176669,178094,18929,1425,1,3600,14.2835087719
157748,157811,158317,63,506,2,7200,1.12450592885
157803,157821,158325,18,504,2,7200,1.03571428571
157810,157828,158387,18,559,2,7200,1.03220035778
157817,157862,158387,45,525,2,7200,1.08571428571
157835,157916,158381,81,465,2,7200,1.17419354839
157858,157923,158425,65,502,2,7200,1.12948207171
157913,157948,158462,35,514,2,7200,1.06809338521
157920,158049,158553,129,504,2,7200,1.25595238095
157948,158056,158548,108,492,2,7200,1.21951219512
158045,158114,158607,69,493,2,7200,1.13995943205
158052,158121,158608,69,487,2,7200,1.14168377823
158112,158128,158634,16,506,2,7200,1.03162055336
158119,158147,158696,28,549,2,7200,1.05100182149
158126,158154,158658,28,504,2,7200,1.05555555556
158144,158182,158725,38,543,2,7200,1.06998158379
158151,158200,158722,49,522,2,7200,1.0938697318
158179,158234,158774,55,540,2,7200,1.10185185185
158197,158243,158727,46,484,2,7200,1.09504132231
158231,158273,158774,42,501,2,7200,1.08383233533
158243,158329,158838,86,509,2,7200,1.16895874263
158271,158337,158828,66,491,2,7200,1.13441955193
158326,158344,158841,18,497,2,7200,1.03621730382
158333,158393,158915,60,522,2,7200,1.11494252874
158350,158400,158971,50,571,2,7200,1.08756567426
158390,158405,158905,15,500,2,7200,1.03
158397,158437,158917,40,480,2,7200,1.08333333333
158404,158474,159022,70,548,2,7200,1.12773722628
158437,158560,159067,123,507,2,7200,1.2426035503
158471,158567,159070,96,503,2,7200,1.19085487078
158558,158619,159143,61,524,2,7200,1.11641221374
158565,158626,159170,61,544,2,7200,1.11213235294
158619,158646,159086,27,440,2,7200,1.06136363636
158626,158670,159200,44,530,2,7200,1.08301886792
158644,158708,159237,64,529,2,7200,1.12098298677
158667,158734,159306,67,572,2,7200,1.11713286713
158706,158740,159260,34,520,2,7200,1.06538461538
158734,158746,159248,12,502,2,7200,1.02390438247
158741,158786,159326,45,540,2,7200,1.08333333333
158743,158791,159312,48,521,2,7200,1.09213051823
158781,158840,159342,59,502,2,7200,1.11752988048
158788,158859,159366,71,507,2,7200,1.14003944773
158838,158864,159330,26,466,2,7200,1.05579399142
158862,158917,159453,55,536,2,7200,1.1026119403
158863,158927,159430,64,503,2,7200,1.12723658052
158907,194892,200320,35985,5428,64,5400,7.62951363301
158913,158934,159437,21,503,2,7200,1.04174950298
158926,158983,159492,57,509,2,7200,1.11198428291
158933,159037,159525,104,488,2,7200,1.2131147541
158943,176708,178174,17765,1466,1,3600,13.1180081855
158982,159079,159587,97,508,2,7200,1.19094488189
159037,159086,159576,49,490,2,7200,1.1
159076,159098,159598,22,500,2,7200,1.044
159083,159155,159669,72,514,2,7200,1.14007782101
159095,159182,159690,87,508,2,7200,1.17125984252
159155,159212,159744,57,532,2,7200,1.10714285714
159178,159249,159780,71,531,2,7200,1.13370998117
159211,159260,159753,49,493,2,7200,1.09939148073
159245,159272,159766,27,494,2,7200,1.05465587045
159257,159318,159815,61,497,2,7200,1.12273641851
159270,159325,159787,55,462,2,7200,1.11904761905
159314,159338,159800,24,462,2,7200,1.05194805195
159321,159345,159820,24,475,2,7200,1.05052631579
159338,159354,159932,16,578,2,7200,1.0276816609
159345,159379,159901,34,522,2,7200,1.06513409962
159363,159442,159948,79,506,2,7200,1.15612648221
159376,159449,159946,73,497,2,7200,1.14688128773
159441,159465,159954,24,489,2,7200,1.0490797546
159448,159504,160024,56,520,2,7200,1.10769230769
159466,159537,160064,71,527,2,7200,1.13472485769
159504,159588,160074,84,486,2,7200,1.17283950617
159533,159599,160100,66,501,2,7200,1.13173652695
159587,159610,160095,23,485,2,7200,1.04742268041
159594,159681,160181,87,500,2,7200,1.174
159607,159702,160188,95,486,2,7200,1.19547325103
159677,159756,160251,79,495,2,7200,1.1595959596
159700,159765,160270,65,505,2,7200,1.12871287129
159755,159778,160266,23,488,2,7200,1.04713114754
159762,159797,160312,35,515,2,7200,1.06796116505
159774,159804,160282,30,478,2,7200,1.06276150628
159786,176720,177788,16934,1068,1,3600,16.8558052434
159797,159812,160339,15,527,2,7200,1.0284629981
159804,159832,160358,28,526,2,7200,1.05323193916
159811,159837,160341,26,504,2,7200,1.05158730159
159829,159913,160415,84,502,2,7200,1.16733067729
159847,159944,160465,97,521,2,7200,1.18618042226
159848,176825,178164,16977,1339,1,3600,13.6788648245
159913,159958,160470,45,512,2,7200,1.087890625
159941,159965,160476,24,511,2,7200,1.0469667319
159958,159972,160312,14,340,2,7200,1.04117647059
159965,160036,160538,71,502,2,7200,1.14143426295
159972,160076,160530,104,454,2,7200,1.22907488987
160032,160086,160586,54,500,2,7200,1.108
160076,160107,160663,31,556,2,7200,1.05575539568
160083,160114,160614,31,500,2,7200,1.062
160106,160194,160671,88,477,2,7200,1.18448637317
160113,160201,160684,88,483,2,7200,1.18219461698
160195,160263,160748,68,485,2,7200,1.14020618557
160202,160278,160759,76,481,2,7200,1.158004158
160262,160285,160763,23,478,2,7200,1.04811715481
160274,160294,160839,20,545,2,7200,1.03669724771
160281,160323,160834,42,511,2,7200,1.08219178082
160293,160329,160859,36,530,2,7200,1.0679245283
160322,160351,160868,29,517,2,7200,1.05609284333
160329,160358,160841,29,483,2,7200,1.06004140787
160352,160371,160917,19,546,2,7200,1.0347985348
160354,160427,160869,73,442,2,7200,1.16515837104
160372,160477,161029,105,552,2,7200,1.1902173913
160426,160484,160960,58,476,2,7200,1.1218487395
160476,160491,160998,15,507,2,7200,1.02958579882
160483,160542,161049,59,507,2,7200,1.11637080868
160490,160551,161040,61,489,2,7200,1.12474437628
160539,160599,161123,60,524,2,7200,1.11450381679
160552,160626,161167,74,541,2,7200,1.13678373383
160596,160675,161203,79,528,2,7200,1.14962121212
160624,160684,161196,60,512,2,7200,1.1171875
160673,160696,161197,23,501,2,7200,1.04590818363
160680,160760,161298,80,538,2,7200,1.14869888476
160693,160772,161268,79,496,2,7200,1.15927419355
160758,160779,161297,21,518,2,7200,1.04054054054
160771,160846,161322,75,476,2,7200,1.15756302521
160778,160853,161354,75,501,2,7200,1.1497005988
160843,160858,161389,15,531,2,7200,1.02824858757
160850,160871,161368,21,497,2,7200,1.04225352113
160857,160880,161383,23,503,2,7200,1.04572564612
160876,160887,161449,11,562,2,7200,1.01957295374
160878,160929,161405,51,476,2,7200,1.10714285714
160885,160972,161449,87,477,2,7200,1.18238993711
160929,161011,161496,82,485,2,7200,1.16907216495
160968,161041,161539,73,498,2,7200,1.14658634538
161007,161052,161583,45,531,2,7200,1.08474576271
161040,161062,161585,22,523,2,7200,1.04206500956
161047,161135,161574,88,439,2,7200,1.20045558087
161060,161179,161687,119,508,2,7200,1.2342519685
161136,161208,161745,72,537,2,7200,1.13407821229
161174,161214,161776,40,562,2,7200,1.07117437722
161208,161220,161745,12,525,2,7200,1.02285714286
161215,161280,161806,65,526,2,7200,1.12357414449
161217,161308,161824,91,516,2,7200,1.17635658915
161276,161316,161811,40,495,2,7200,1.08080808081
161305,161335,161858,30,523,2,7200,1.05736137667
161312,161367,161861,55,494,2,7200,1.11133603239
161335,161380,161858,45,478,2,7200,1.09414225941
161363,161395,161900,32,505,2,7200,1.06336633663
161380,161402,161886,22,484,2,7200,1.04545454545
161393,161417,161907,24,490,2,7200,1.04897959184
161411,176832,177872,15421,1040,1,3600,15.8278846154
161411,161461,161952,50,491,2,7200,1.10183299389
161413,161466,161981,53,515,2,7200,1.10291262136
161457,161508,162019,51,511,2,7200,1.09980430528
161464,161552,162050,88,498,2,7200,1.17670682731
161508,161586,162120,78,534,2,7200,1.14606741573
161552,161595,162106,43,511,2,7200,1.08414872798
161585,161602,162128,17,526,2,7200,1.03231939163
161592,161699,162204,107,505,2,7200,1.21188118812
161599,161756,162236,157,480,2,7200,1.32708333333
161696,161762,162284,66,522,2,7200,1.12643678161
161756,161788,162273,32,485,2,7200,1.06597938144
161758,161818,162327,60,509,2,7200,1.11787819253
161786,161825,162316,39,491,2,7200,1.07942973523
161815,161837,162331,22,494,2,7200,1.04453441296
161821,161870,162371,49,501,2,7200,1.09780439122
161834,161875,162392,41,517,2,7200,1.07930367505
161867,161882,162394,15,512,2,7200,1.029296875
161874,161899,162394,25,495,2,7200,1.05050505051
161881,161912,162418,31,506,2,7200,1.06126482213
161899,161920,162466,21,546,2,7200,1.03846153846
161917,161964,162487,47,523,2,7200,1.08986615679
161919,161993,162509,74,516,2,7200,1.14341085271
161963,162031,162545,68,514,2,7200,1.13229571984
161991,162062,162542,71,480,2,7200,1.14791666667
162030,162118,162627,88,509,2,7200,1.17288801572
162058,162132,162648,74,516,2,7200,1.14341085271
162113,162141,162623,28,482,2,7200,1.05809128631
162131,162216,162703,85,487,2,7200,1.17453798768
162138,162248,162740,110,492,2,7200,1.22357723577
162214,162285,162764,71,479,2,7200,1.14822546973
162247,162296,162796,49,500,2,7200,1.098
162281,162329,162859,48,530,2,7200,1.09056603774
162293,162339,162867,46,528,2,7200,1.08712121212
162326,162345,162792,19,447,2,7200,1.04250559284
162339,162384,162879,45,495,2,7200,1.09090909091
162346,162404,162919,58,515,2,7200,1.11262135922
162379,162411,162941,32,530,2,7200,1.06037735849
162402,162416,162931,14,515,2,7200,1.02718446602
162409,162431,162944,22,513,2,7200,1.04288499025
162416,162478,163027,62,549,2,7200,1.11293260474
162435,162499,163057,64,558,2,7200,1.1146953405
162474,162520,162976,46,456,2,7200,1.10087719298
162497,162555,163096,58,541,2,7200,1.10720887246
162520,162562,163068,42,506,2,7200,1.08300395257
162553,162635,163152,82,517,2,7200,1.1586073501
162554,177102,178378,14548,1276,1,3600,12.4012539185
162560,162642,163151,82,509,2,7200,1.16110019646
162631,162661,163161,30,500,2,7200,1.06
162638,162715,163271,77,556,2,7200,1.13848920863
162661,162752,163261,91,509,2,7200,1.17878192534
162715,162776,163254,61,478,2,7200,1.12761506276
162749,162804,163306,55,502,2,7200,1.10956175299
162772,162811,163318,39,507,2,7200,1.07692307692
162800,162872,163368,72,496,2,7200,1.14516129032
162807,162879,163379,72,500,2,7200,1.144
162872,162891,163400,19,509,2,7200,1.0373280943
162879,162931,163426,52,495,2,7200,1.10505050505
162886,162943,163453,57,510,2,7200,1.11176470588
162930,162954,163436,24,482,2,7200,1.04979253112
162943,162961,163468,18,507,2,7200,1.03550295858
162961,162988,163459,27,471,2,7200,1.05732484076
162963,163039,163610,76,571,2,7200,1.13309982487
162986,163070,163581,84,511,2,7200,1.16438356164
163035,163080,163595,45,515,2,7200,1.08737864078
163069,163109,163614,40,505,2,7200,1.07920792079
163075,163163,163672,88,509,2,7200,1.17288801572
163091,170924,175097,7833,4173,4,21600,2.87706685838
163109,163170,163664,61,494,2,7200,1.12348178138
163158,163177,163707,19,530,2,7200,1.0358490566
163165,163266,163806,101,540,2,7200,1.18703703704
163172,163273,163703,101,430,2,7200,1.23488372093
163264,163284,163779,20,495,2,7200,1.0404040404
163271,163318,163852,47,534,2,7200,1.08801498127
163283,163330,163827,47,497,2,7200,1.09456740443
163317,163380,163888,63,508,2,7200,1.12401574803
163329,163391,163889,62,498,2,7200,1.12449799197
163379,163412,163918,33,506,2,7200,1.0652173913
163391,163441,163959,50,518,2,7200,1.09652509653
163408,163453,163970,45,517,2,7200,1.08704061896
163437,163466,163992,29,526,2,7200,1.05513307985
163449,163473,163992,24,519,2,7200,1.04624277457
163457,177585,178908,14128,1323,1,3600,11.678760393
163465,177631,178803,14166,1172,1,3600,13.0870307167
163469,163485,163994,16,509,2,7200,1.03143418468
163470,163594,164071,124,477,2,7200,1.25995807128
163483,163607,164122,124,515,2,7200,1.24077669903
163590,163622,164066,32,444,2,7200,1.07207207207
163602,163629,164133,27,504,2,7200,1.05357142857
163620,163676,164222,56,546,2,7200,1.10256410256
163627,163685,164185,58,500,2,7200,1.116
163676,163715,164231,39,516,2,7200,1.07558139535
163683,163722,164217,39,495,2,7200,1.07878787879
163711,163791,164291,80,500,2,7200,1.16
163718,163818,164346,100,528,2,7200,1.18939393939
163789,163839,164369,50,530,2,7200,1.09433962264
163817,163865,164355,48,490,2,7200,1.09795918367
163835,163900,164409,65,509,2,7200,1.12770137525
163863,163907,164373,44,466,2,7200,1.09442060086
163897,163931,164453,34,522,2,7200,1.06513409962
163904,163971,164485,67,514,2,7200,1.13035019455
163927,163982,164468,55,486,2,7200,1.11316872428
163971,164004,164521,33,517,2,7200,1.06382978723
163978,164009,164526,31,517,2,7200,1.05996131528
164001,164016,164518,15,502,2,7200,1.02988047809
164020,164078,164565,58,487,2,7200,1.11909650924
164022,164085,164572,63,487,2,7200,1.12936344969
164077,164092,164623,15,531,2,7200,1.02824858757
164084,164135,164677,51,542,2,7200,1.09409594096
164091,164145,164639,54,494,2,7200,1.10931174089
164135,164197,164694,62,497,2,7200,1.12474849095
164142,164229,164750,87,521,2,7200,1.1669865643
164197,164236,164752,39,516,2,7200,1.07558139535
164225,164243,164733,18,490,2,7200,1.03673469388
164232,164304,164760,72,456,2,7200,1.15789473684
164239,164358,164846,119,488,2,7200,1.24385245902
164304,164367,164848,63,481,2,7200,1.13097713098
164354,164381,164890,27,509,2,7200,1.05304518664
164366,164388,164908,22,520,2,7200,1.04230769231
164378,164421,164941,43,520,2,7200,1.08269230769
164386,164465,164967,79,502,2,7200,1.15737051793
164419,164480,164991,61,511,2,7200,1.11937377691
164463,164501,164987,38,486,2,7200,1.07818930041
164476,164530,165017,54,487,2,7200,1.11088295688
164499,164537,165085,38,548,2,7200,1.06934306569
164534,164544,165042,10,498,2,7200,1.02008032129
164536,164577,165123,41,546,2,7200,1.07509157509
164543,164583,165089,40,506,2,7200,1.0790513834
164576,164635,165158,59,523,2,7200,1.11281070746
164583,164651,165185,68,534,2,7200,1.12734082397
164608,177636,178641,13028,1005,1,3600,13.9631840796
164633,164689,165203,56,514,2,7200,1.10894941634
164650,164706,165218,56,512,2,7200,1.109375
164689,164746,165303,57,557,2,7200,1.10233393178
164701,164762,165280,61,518,2,7200,1.11776061776
164731,177668,178848,12937,1180,1,3600,11.963559322
164745,164769,165277,24,508,2,7200,1.04724409449
164758,164776,165310,18,534,2,7200,1.03370786517
164765,164858,165359,93,501,2,7200,1.18562874251
164772,164864,165351,92,487,2,7200,1.18891170431
164858,164902,165445,44,543,2,7200,1.08103130755
164865,164924,165424,59,500,2,7200,1.118
164898,164953,165456,55,503,2,7200,1.10934393638
164914,177800,178879,12886,1079,1,3600,12.9425393883
164921,164980,165497,59,517,2,7200,1.11411992263
164949,164999,165503,50,504,2,7200,1.09920634921
164978,165006,165472,28,466,2,7200,1.06008583691
164995,165029,165521,34,492,2,7200,1.06910569106
165013,165055,165565,42,510,2,7200,1.08235294118
165026,165097,165557,71,460,2,7200,1.15434782609
165054,165104,165623,50,519,2,7200,1.09633911368
165093,165135,165632,42,497,2,7200,1.08450704225
165099,165170,165663,71,493,2,7200,1.14401622718
165133,165197,165712,64,515,2,7200,1.12427184466
165166,165215,165751,49,536,2,7200,1.09141791045
165195,165230,165720,35,490,2,7200,1.07142857143
165212,165289,165847,77,558,2,7200,1.13799283154
165230,165296,165779,66,483,2,7200,1.13664596273
165290,165316,165829,26,513,2,7200,1.05068226121
165296,165323,165776,27,453,2,7200,1.05960264901
165314,165363,165877,49,514,2,7200,1.0953307393
165321,165371,165921,50,550,2,7200,1.09090909091
165360,165436,165968,76,532,2,7200,1.14285714286
165367,165457,165952,90,495,2,7200,1.18181818182
165432,165469,165932,37,463,2,7200,1.07991360691
165455,165490,166019,35,529,2,7200,1.06616257089
165474,165510,166008,36,498,2,7200,1.07228915663
165486,165516,166038,30,522,2,7200,1.05747126437
165509,165533,166050,24,517,2,7200,1.04642166344
165516,165569,166044,53,475,2,7200,1.11157894737
165518,177872,178918,12354,1046,1,3600,12.810707457
165528,165578,166053,50,475,2,7200,1.10526315789
165567,165635,166123,68,488,2,7200,1.1393442623
165574,165644,166142,70,498,2,7200,1.140562249
165634,165675,166188,41,513,2,7200,1.07992202729
165641,165725,166248,84,523,2,7200,1.16061185468
165675,165732,166249,57,517,2,7200,1.11025145068
165724,165764,166256,40,492,2,7200,1.08130081301
165731,165789,166300,58,511,2,7200,1.11350293542
165761,177884,179301,12123,1417,1,3600,9.55539872971
165765,165796,166309,31,513,2,7200,1.0604288499
165787,165842,166346,55,504,2,7200,1.10912698413
165794,165859,166338,65,479,2,7200,1.1356993737
165838,165889,166389,51,500,2,7200,1.102
165856,165933,166495,77,562,2,7200,1.13701067616
165889,165944,166476,55,532,2,7200,1.10338345865
165933,165965,166481,32,516,2,7200,1.06201550388
165952,165980,166452,28,472,2,7200,1.0593220339
165965,166021,166533,56,512,2,7200,1.109375
165977,166031,166487,54,456,2,7200,1.11842105263
166003,178106,179243,12103,1137,1,3600,11.6446789798
166021,166050,166575,29,525,2,7200,1.05523809524
166028,166057,166579,29,522,2,7200,1.05555555556
166046,166064,166502,18,438,2,7200,1.04109589041
166053,166071,166503,18,432,2,7200,1.04166666667
166059,166135,166651,76,516,2,7200,1.14728682171
166065,178179,179431,12114,1252,1,3600,10.6757188498
166066,166154,166606,88,452,2,7200,1.19469026549
166132,166200,166689,68,489,2,7200,1.1390593047
166149,166260,166742,111,482,2,7200,1.23029045643
166199,166266,166778,67,512,2,7200,1.130859375
166259,166274,166795,15,521,2,7200,1.02879078695
166266,166312,166790,46,478,2,7200,1.09623430962
166272,166321,166845,49,524,2,7200,1.09351145038
166311,166350,166865,39,515,2,7200,1.07572815534
166318,166358,166873,40,515,2,7200,1.07766990291
166346,166401,166915,55,514,2,7200,1.10700389105
166365,166464,166954,99,490,2,7200,1.20204081633
166398,166488,167000,90,512,2,7200,1.17578125
166464,166495,167025,31,530,2,7200,1.05849056604
166487,166502,167024,15,522,2,7200,1.02873563218
166494,166509,167014,15,505,2,7200,1.0297029703
166501,166516,167014,15,498,2,7200,1.03012048193
166508,166521,167087,13,566,2,7200,1.02296819788
166514,166545,167074,31,529,2,7200,1.05860113422
166521,166588,167099,67,511,2,7200,1.13111545988
166544,166595,167078,51,483,2,7200,1.10559006211
166583,166619,167180,36,561,2,7200,1.06417112299
166595,166663,167157,68,494,2,7200,1.13765182186
166618,166702,167172,84,470,2,7200,1.17872340426
166662,166755,167272,93,517,2,7200,1.17988394584
166701,166791,167302,90,511,2,7200,1.17612524462
166756,166805,167319,49,514,2,7200,1.0953307393
166789,166812,167271,23,459,2,7200,1.05010893246
166801,166857,167387,56,530,2,7200,1.10566037736
166820,166877,167405,57,528,2,7200,1.10795454545
166848,178197,179343,11349,1146,1,3600,10.9031413613
166853,166885,167452,32,567,2,7200,1.05643738977
166876,166928,167420,52,492,2,7200,1.10569105691
166883,166966,167494,83,528,2,7200,1.1571969697
166927,167018,167542,91,524,2,7200,1.17366412214
166966,167026,167488,60,462,2,7200,1.12987012987
167015,167031,167514,16,483,2,7200,1.033126294
167022,167038,167552,16,514,2,7200,1.03112840467
167029,167043,167533,14,490,2,7200,1.02857142857
167030,178280,179564,11250,1284,1,3600,9.76168224299
167036,167086,167617,50,531,2,7200,1.09416195857
167043,167093,167641,50,548,2,7200,1.09124087591
167082,167100,167605,18,505,2,7200,1.03564356436
167089,167111,167633,22,522,2,7200,1.04214559387
167096,167169,167668,73,499,2,7200,1.14629258517
167108,167184,167707,76,523,2,7200,1.14531548757
167168,167193,167694,25,501,2,7200,1.0499001996
167181,167283,167799,102,516,2,7200,1.1976744186
167193,167289,167768,96,479,2,7200,1.20041753653
167286,167314,167874,28,560,2,7200,1.05
167288,167332,167773,44,441,2,7200,1.09977324263
167311,167399,167933,88,534,2,7200,1.16479400749
167328,167417,167947,89,530,2,7200,1.1679245283
167393,178286,179359,10893,1073,1,3600,11.1519105312
167396,178390,179774,10994,1384,1,3600,8.9436416185
167399,167432,167956,33,524,2,7200,1.06297709924
167417,167464,167995,47,531,2,7200,1.08851224105
167429,167501,168014,72,513,2,7200,1.14035087719
167463,167508,168024,45,516,2,7200,1.08720930233
167501,167526,168070,25,544,2,7200,1.04595588235
167508,167545,168019,37,474,2,7200,1.07805907173
167526,167554,168054,28,500,2,7200,1.056
167544,167565,168042,21,477,2,7200,1.04402515723
167551,167617,168090,66,473,2,7200,1.13953488372
167563,167629,168124,66,495,2,7200,1.13333333333
167618,167645,168141,27,496,2,7200,1.05443548387
167625,167654,168156,29,502,2,7200,1.0577689243
167642,167680,168190,38,510,2,7200,1.07450980392
167655,167706,168237,51,531,2,7200,1.09604519774
167678,167720,168277,42,557,2,7200,1.07540394973
167708,167780,168307,72,527,2,7200,1.13662239089
167720,167787,168294,67,507,2,7200,1.13214990138
167780,167811,168296,31,485,2,7200,1.06391752577
167787,167886,168427,99,541,2,7200,1.18299445471
167810,167945,168455,135,510,2,7200,1.26470588235
167886,167959,168475,73,516,2,7200,1.14147286822
167941,167968,168454,27,486,2,7200,1.05555555556
167959,168007,168521,48,514,2,7200,1.09338521401
167966,168026,168568,60,542,2,7200,1.11070110701
168005,168033,168535,28,502,2,7200,1.05577689243
168022,168040,168531,18,491,2,7200,1.0366598778
168029,168055,168571,26,516,2,7200,1.0503875969
168036,168066,168616,30,550,2,7200,1.05454545455
168054,168082,168609,28,527,2,7200,1.05313092979
168066,168102,168630,36,528,2,7200,1.06818181818
168079,168136,168609,57,473,2,7200,1.12050739958
168102,168153,168689,51,536,2,7200,1.09514925373
168118,178654,179715,10536,1061,1,3600,10.9302544769
168135,168168,168680,33,512,2,7200,1.064453125
168153,168202,168751,49,549,2,7200,1.08925318761
168171,168249,168758,78,509,2,7200,1.15324165029
168199,168289,168742,90,453,2,7200,1.19867549669
168249,168306,168840,57,534,2,7200,1.10674157303
168288,168313,168807,25,494,2,7200,1.05060728745
168305,168320,168841,15,521,2,7200,1.02879078695
168312,168439,168970,127,531,2,7200,1.23917137476
168319,168466,168966,147,500,2,7200,1.294
168421,178694,180151,10273,1457,1,3600,8.05078929307
168423,178699,179934,10276,1235,1,3600,9.32064777328
168437,168473,168959,36,486,2,7200,1.07407407407
168466,168487,169012,21,525,2,7200,1.04
168473,168533,169050,60,517,2,7200,1.11605415861
168485,168544,169058,59,514,2,7200,1.11478599222
168529,168551,169057,22,506,2,7200,1.04347826087
168541,168580,169119,39,539,2,7200,1.07235621521
168548,168587,169093,39,506,2,7200,1.07707509881
168576,168621,169148,45,527,2,7200,1.08538899431
168583,168626,169111,43,485,2,7200,1.08865979381
168617,168633,169131,16,498,2,7200,1.03212851406
168624,168642,169191,18,549,2,7200,1.03278688525
168637,221881,223736,53244,1855,2,82800,29.7029649596
168642,168692,169201,50,509,2,7200,1.09823182711
168643,168701,169203,58,502,2,7200,1.11553784861
168687,168755,169245,68,490,2,7200,1.1387755102
168698,221948,226712,53250,4764,2,82800,12.177581864
168700,168763,169259,63,496,2,7200,1.12701612903
168729,221966,226724,53237,4758,2,82800,12.1889449348
168754,168770,169243,16,473,2,7200,1.03382663848
168761,168819,169308,58,489,2,7200,1.11860940695
168768,168852,169341,84,489,2,7200,1.1717791411
168818,168859,169331,41,472,2,7200,1.08686440678
168846,229802,230449,60956,647,2,43200,95.2132921175
168851,168971,169475,120,504,2,7200,1.2380952381
168858,168978,169442,120,464,2,7200,1.25862068966
168917,230401,230674,61484,273,2,43200,226.216117216
168965,178817,180188,9852,1371,1,3600,8.18599562363
168971,168985,169491,14,506,2,7200,1.02766798419
168978,169024,169497,46,473,2,7200,1.09725158562
168985,169062,169605,77,543,2,7200,1.14180478821
169024,169069,169557,45,488,2,7200,1.09221311475
169063,169076,169578,13,502,2,7200,1.02589641434
169070,169105,169619,35,514,2,7200,1.06809338521
169077,169123,169641,46,518,2,7200,1.0888030888
169087,178860,179837,9773,977,1,3600,11.0030706244
169105,169131,169677,26,546,2,7200,1.04761904762
169122,169143,169631,21,488,2,7200,1.04303278689
169141,169160,169678,19,518,2,7200,1.03667953668
169142,169203,169741,61,538,2,7200,1.11338289963
169160,169213,169733,53,520,2,7200,1.10192307692
169185,230463,252880,61278,22417,2,82800,3.73355043048
169198,169220,169781,22,561,2,7200,1.03921568627
169211,169255,169728,44,473,2,7200,1.09302325581
169218,169262,169758,44,496,2,7200,1.08870967742
169251,169271,169802,20,531,2,7200,1.03766478343
169258,169320,169791,62,471,2,7200,1.13163481953
169270,169343,169870,73,527,2,7200,1.1385199241
169320,169353,169853,33,500,2,7200,1.066
169342,169455,169957,113,502,2,7200,1.22509960159
169349,169491,170045,142,554,2,7200,1.25631768953
169369,241912,282836,72543,40924,2,82800,2.77262730916
169449,178900,179867,9451,967,1,3600,10.7735263702
169452,169504,169947,52,443,2,7200,1.11738148984
169490,169511,170047,21,536,2,7200,1.03917910448
169503,169570,170102,67,532,2,7200,1.12593984962
169510,169590,170069,80,479,2,7200,1.16701461378
169570,169617,170103,47,486,2,7200,1.09670781893
169572,178920,180014,9348,1094,1,3600,9.54478976234
169587,169631,170150,44,519,2,7200,1.08477842004
169615,169645,170169,30,524,2,7200,1.0572519084
169635,169653,170140,18,487,2,7200,1.03696098563
169636,178939,180162,9303,1223,1,3600,8.6067048242
169642,169689,170183,47,494,2,7200,1.0951417004
169649,169696,170218,47,522,2,7200,1.09003831418
169688,169740,170238,52,498,2,7200,1.10441767068
169695,169747,170262,52,515,2,7200,1.10097087379
169739,169754,170304,15,550,2,7200,1.02727272727
169745,169770,170273,25,503,2,7200,1.04970178926
169752,169793,170326,41,533,2,7200,1.07692307692
169770,169803,170325,33,522,2,7200,1.0632183908
169793,169814,170329,21,515,2,7200,1.04077669903
169800,169865,170354,65,489,2,7200,1.13292433538
169812,169882,170379,70,497,2,7200,1.14084507042
169861,169959,170468,98,509,2,7200,1.19253438114
169879,169970,170467,91,497,2,7200,1.18309859155
169954,170057,170561,103,504,2,7200,1.20436507937
169967,170064,170585,97,521,2,7200,1.18618042226
170053,170082,170603,29,521,2,7200,1.0556621881
170058,179264,180415,9206,1151,1,3600,8.99826238054
170060,170114,170616,54,502,2,7200,1.10756972112
170083,170120,170622,37,502,2,7200,1.07370517928
170118,170152,170689,34,537,2,7200,1.06331471136
170120,170162,170699,42,537,2,7200,1.0782122905
170148,170181,170705,33,524,2,7200,1.06297709924
170160,170195,170690,35,495,2,7200,1.07070707071
170178,170230,170722,52,492,2,7200,1.10569105691
170190,170255,170752,65,497,2,7200,1.13078470825
170229,170274,170762,45,488,2,7200,1.09221311475
170252,170286,170760,34,474,2,7200,1.07172995781
170269,170316,170827,47,511,2,7200,1.09197651663
170282,170338,170863,56,525,2,7200,1.10666666667
170301,179319,180663,9018,1344,1,3600,7.70982142857
170315,170343,170860,28,517,2,7200,1.05415860735
170338,170350,170851,12,501,2,7200,1.02395209581
170340,170366,170882,26,516,2,7200,1.0503875969
170347,170392,170879,45,487,2,7200,1.09240246407
170364,170479,170991,115,512,2,7200,1.224609375
170392,170486,171019,94,533,2,7200,1.17636022514
170479,170573,171047,94,474,2,7200,1.19831223629
170485,170598,171113,113,515,2,7200,1.21941747573
170572,170615,171129,43,514,2,7200,1.08365758755
170602,170628,171191,26,563,2,7200,1.04618117229
170603,179355,180521,8752,1166,1,3600,8.50600343053
170608,179404,181023,8796,1619,1,3600,6.43298332304
170615,170635,171112,20,477,2,7200,1.04192872117
170627,170701,171241,74,540,2,7200,1.13703703704
170634,170708,171272,74,564,2,7200,1.13120567376
170699,170715,171200,16,485,2,7200,1.03298969072
170706,170722,171239,16,517,2,7200,1.03094777563
170713,170735,171251,22,516,2,7200,1.04263565891
170720,170764,171296,44,532,2,7200,1.08270676692
170732,170772,171294,40,522,2,7200,1.07662835249
170760,170779,171278,19,499,2,7200,1.0380761523
170767,170839,171413,72,574,2,7200,1.12543554007
170774,170863,171361,89,498,2,7200,1.17871485944
170834,170873,171362,39,489,2,7200,1.07975460123
170863,170880,171425,17,545,2,7200,1.03119266055
170869,170892,171437,23,545,2,7200,1.04220183486
170876,170898,171394,22,496,2,7200,1.04435483871
170889,170908,171395,19,487,2,7200,1.03901437372
170896,170913,171456,17,543,2,7200,1.03130755064
170914,170963,171483,49,520,2,7200,1.09423076923
170916,171003,171506,87,503,2,7200,1.17296222664
170960,171031,171561,71,530,2,7200,1.13396226415
170998,171060,171537,62,477,2,7200,1.12997903564
171027,171124,171645,97,521,2,7200,1.18618042226
171032,179443,180566,8411,1123,1,3600,8.48975957257
171060,171130,171629,70,499,2,7200,1.14028056112
171120,171141,171657,21,516,2,7200,1.04069767442
171127,171203,171705,76,502,2,7200,1.15139442231
171139,171212,171710,73,498,2,7200,1.14658634538
171199,171251,171736,52,485,2,7200,1.10721649485
171212,171258,171790,46,532,2,7200,1.08646616541
171250,171265,171793,15,528,2,7200,1.02840909091
171258,171284,171788,26,504,2,7200,1.05158730159
171265,171291,171790,26,499,2,7200,1.05210420842
171282,171307,171810,25,503,2,7200,1.04970178926
171289,171314,171811,25,497,2,7200,1.05030181087
171307,171373,171868,66,495,2,7200,1.13333333333
171325,171380,171874,55,494,2,7200,1.11133603239
171369,171407,171955,38,548,2,7200,1.06934306569
171376,171413,171982,37,569,2,7200,1.06502636204
171394,179576,180737,8182,1161,1,3600,8.04737295435
171404,171425,171874,21,449,2,7200,1.04677060134
171411,171441,171966,30,525,2,7200,1.05714285714
171424,171450,171957,26,507,2,7200,1.05128205128
171441,171468,171963,27,495,2,7200,1.05454545455
171448,171496,172006,48,510,2,7200,1.09411764706
171456,179728,181138,8272,1410,1,3600,6.86666666667
171466,171518,172021,52,503,2,7200,1.10337972167
171494,171549,172071,55,522,2,7200,1.10536398467
171517,171574,172088,57,514,2,7200,1.11089494163
171545,171641,172141,96,500,2,7200,1.192
171573,171657,172153,84,496,2,7200,1.16935483871
171638,179734,180654,8096,920,1,3600,9.8
171639,171670,172202,31,532,2,7200,1.05827067669
171656,171717,172206,61,489,2,7200,1.12474437628
171675,171724,172233,49,509,2,7200,1.09626719057
171713,171748,172269,35,521,2,7200,1.06717850288
171720,171800,172342,80,542,2,7200,1.14760147601
171743,171807,172342,64,535,2,7200,1.11962616822
171798,171813,172304,15,491,2,7200,1.03054989817
171805,171820,172298,15,478,2,7200,1.03138075314
171812,171827,172320,15,493,2,7200,1.03042596349
171819,171832,172282,13,450,2,7200,1.02888888889
171826,171880,172352,54,472,2,7200,1.11440677966
171833,171887,172389,54,502,2,7200,1.10756972112
171877,171892,172401,15,509,2,7200,1.02946954813
171880,179741,180883,7861,1142,1,3600,7.88353765324
171884,171947,172471,63,524,2,7200,1.12022900763
171891,171967,172469,76,502,2,7200,1.15139442231
171942,179800,181040,7858,1240,1,3600,7.33709677419
171946,171974,172472,28,498,2,7200,1.0562248996
171963,171981,172460,18,479,2,7200,1.0375782881
171982,172001,172513,19,512,2,7200,1.037109375
171984,172007,172482,23,475,2,7200,1.04842105263
172001,172018,172556,17,538,2,7200,1.03159851301
172003,172033,172499,30,466,2,7200,1.0643776824
172004,179850,181126,7846,1276,1,3600,7.14890282132
172006,179880,181051,7874,1171,1,3600,7.72416737831
172015,172084,172599,69,515,2,7200,1.13398058252
172033,172100,172608,67,508,2,7200,1.13188976378
172082,172153,172639,71,486,2,7200,1.14609053498
172100,172167,172635,67,468,2,7200,1.14316239316
172127,179949,181079,7822,1130,1,3600,7.92212389381
172149,172217,172738,68,521,2,7200,1.13051823417
172167,172224,172733,57,509,2,7200,1.11198428291
172189,180026,181296,7837,1270,1,3600,7.17086614173
172191,180163,180947,7972,784,1,3600,11.1683673469
172192,180174,181334,7982,1160,1,3600,7.88103448276
172216,172245,172730,29,485,2,7200,1.05979381443
172223,172282,172779,59,497,2,7200,1.11871227364
172240,172294,172822,54,528,2,7200,1.10227272727
172279,172310,172878,31,568,2,7200,1.05457746479
172291,172317,172837,26,520,2,7200,1.05
172309,172332,172834,23,502,2,7200,1.04581673307
172327,172353,172852,26,499,2,7200,1.05210420842
172329,172359,172863,30,504,2,7200,1.05952380952
172352,172366,172888,14,522,2,7200,1.02681992337
172359,172402,172872,43,470,2,7200,1.0914893617
172366,172412,172914,46,502,2,7200,1.09163346614
172399,172473,172913,74,440,2,7200,1.16818181818
172411,172481,172997,70,516,2,7200,1.13565891473
172471,172488,172987,17,499,2,7200,1.03406813627
172478,172493,173012,15,519,2,7200,1.0289017341
172485,172501,173042,16,541,2,7200,1.02957486137
172492,172512,173012,20,500,2,7200,1.04
172499,172525,173064,26,539,2,7200,1.04823747681
172511,172568,173052,57,484,2,7200,1.11776859504
172524,172611,173128,87,517,2,7200,1.16827852998
172568,172619,173155,51,536,2,7200,1.09514925373
172613,172648,173187,35,539,2,7200,1.06493506494
172619,172654,173201,35,547,2,7200,1.06398537477
172648,172743,173256,95,513,2,7200,1.18518518519
172655,172750,173207,95,457,2,7200,1.20787746171
172741,172755,173231,14,476,2,7200,1.02941176471
172748,172791,173317,43,526,2,7200,1.08174904943
172755,172839,173382,84,543,2,7200,1.1546961326
172789,172846,173365,57,519,2,7200,1.1098265896
172795,180200,181337,7405,1137,1,3600,7.5127528584
172838,172853,173396,15,543,2,7200,1.02762430939
172845,172867,173404,22,537,2,7200,1.04096834264
172852,172875,173380,23,505,2,7200,1.04554455446
172857,180427,181695,7570,1268,1,3600,6.97003154574
172864,172884,173388,20,504,2,7200,1.03968253968
172871,172891,173401,20,510,2,7200,1.03921568627
172883,172900,173419,17,519,2,7200,1.03275529865
172890,172925,173411,35,486,2,7200,1.07201646091
172908,172931,173448,23,517,2,7200,1.04448742747
172926,172999,173524,73,525,2,7200,1.13904761905
172927,173009,173473,82,464,2,7200,1.17672413793
172998,173028,173548,30,520,2,7200,1.05769230769
173005,173033,173530,28,497,2,7200,1.05633802817
173028,173054,173554,26,500,2,7200,1.052
173029,173064,173590,35,526,2,7200,1.06653992395
173039,180469,181579,7430,1110,1,3600,7.69369369369
173052,173076,173612,24,536,2,7200,1.0447761194
173065,173140,173621,75,481,2,7200,1.15592515593
173071,173167,173685,96,518,2,7200,1.18532818533
173101,180474,181558,7373,1084,1,3600,7.80166051661
173137,173200,173696,63,496,2,7200,1.12701612903
173165,173213,173706,48,493,2,7200,1.09736308316
173198,173225,173776,27,551,2,7200,1.04900181488
173211,173243,173723,32,480,2,7200,1.06666666667
173223,180480,181557,7257,1077,1,3600,7.73816155989
173225,180578,181730,7353,1152,1,3600,7.3828125
173229,173269,173752,40,483,2,7200,1.08281573499
173241,173329,173896,88,567,2,7200,1.15520282187
173269,173377,173911,108,534,2,7200,1.20224719101
173329,173398,173892,69,494,2,7200,1.13967611336
173373,173403,173881,30,478,2,7200,1.06276150628
173396,173409,173927,13,518,2,7200,1.0250965251
173403,173415,173958,12,543,2,7200,1.02209944751
173406,180667,181733,7261,1066,1,3600,7.81144465291
173408,180675,181942,7267,1267,1,3600,6.73559589582
173409,180748,181995,7339,1247,1,3600,6.88532477947
173410,173427,173938,17,511,2,7200,1.03326810176
173412,173432,173892,20,460,2,7200,1.04347826087
173424,173439,173950,15,511,2,7200,1.02935420744
173431,173444,173978,13,534,2,7200,1.02434456929
173438,173460,174016,22,556,2,7200,1.03956834532
173445,173485,173973,40,488,2,7200,1.08196721311
173457,173511,174022,54,511,2,7200,1.10567514677
173471,180826,181820,7355,994,1,3600,8.39939637827
173473,180960,182180,7487,1220,1,3600,7.1368852459
173485,173536,174039,51,503,2,7200,1.1013916501
173508,173543,174072,35,529,2,7200,1.06616257089
173534,181035,182513,7501,1478,1,3600,6.0751014885
173536,173560,174061,24,501,2,7200,1.04790419162
173543,173567,174085,24,518,2,7200,1.04633204633
173556,173602,174114,46,512,2,7200,1.08984375
173563,173624,174160,61,536,2,7200,1.11380597015
173601,173633,174139,32,506,2,7200,1.06324110672
173624,173697,174222,73,525,2,7200,1.13904761905
173631,173708,174228,77,520,2,7200,1.14807692308
173697,173718,174230,21,512,2,7200,1.041015625
173704,173735,174236,31,501,2,7200,1.0618762475
173716,173764,174302,48,538,2,7200,1.08921933086
173733,173787,174274,54,487,2,7200,1.11088295688
173762,173893,174434,131,541,2,7200,1.24214417745
173790,173904,174472,114,568,2,7200,1.20070422535
173836,181066,182209,7230,1143,1,3600,7.32545931759
173893,173909,174428,16,519,2,7200,1.03082851638
173900,173916,174435,16,519,2,7200,1.03082851638
173907,173923,174422,16,499,2,7200,1.03206412826
173914,173940,174448,26,508,2,7200,1.05118110236
173921,173950,174459,29,509,2,7200,1.05697445972
173938,173962,174450,24,488,2,7200,1.04918032787
173945,173971,174477,26,506,2,7200,1.05138339921
173957,173985,174487,28,502,2,7200,1.05577689243
173970,173992,174480,22,488,2,7200,1.04508196721
173982,174028,174567,46,539,2,7200,1.0853432282
173989,174035,174572,46,537,2,7200,1.08566108007
174028,174051,174586,23,535,2,7200,1.04299065421
174046,174074,174534,28,460,2,7200,1.06086956522
174047,174084,174583,37,499,2,7200,1.07414829659
174070,174098,174601,28,503,2,7200,1.05566600398
174081,181073,182011,6992,938,1,3600,8.45415778252
174083,174126,174604,43,478,2,7200,1.089958159
174095,174152,174632,57,480,2,7200,1.11875
174123,174173,174697,50,524,2,7200,1.09541984733
174151,174235,174739,84,504,2,7200,1.16666666667
174169,174242,174747,73,505,2,7200,1.14455445545
174204,181091,182284,6887,1193,1,3600,6.77284157586
174234,174247,174770,13,523,2,7200,1.02485659656
174241,174254,174738,13,484,2,7200,1.02685950413
174243,174286,174833,43,547,2,7200,1.07861060329
174250,174291,174804,41,513,2,7200,1.07992202729
174283,174384,174878,101,494,2,7200,1.2044534413
174290,174389,174902,99,513,2,7200,1.19298245614
174326,181137,182251,6811,1114,1,3600,7.11400359066
174388,174437,174907,49,470,2,7200,1.10425531915
174390,174444,174955,54,511,2,7200,1.10567514677
174434,174451,174963,17,512,2,7200,1.033203125
174441,174456,174920,15,464,2,7200,1.03232758621
174447,181357,182495,6910,1138,1,3600,7.07205623902
174448,174469,174966,21,497,2,7200,1.04225352113
174449,181436,182566,6987,1130,1,3600,7.18318584071
174455,174474,174981,19,507,2,7200,1.03747534517
174467,174480,174980,13,500,2,7200,1.026
174474,174488,174955,14,467,2,7200,1.02997858672
174481,174494,174982,13,488,2,7200,1.02663934426
174488,174500,174999,12,499,2,7200,1.02404809619
174495,174507,175002,12,495,2,7200,1.02424242424
174497,174546,175051,49,505,2,7200,1.09702970297
174514,174579,175047,65,468,2,7200,1.13888888889
174542,174586,175103,44,517,2,7200,1.08510638298
174571,181595,182872,7024,1277,1,3600,6.50039154268
174575,174595,175116,20,521,2,7200,1.03838771593
174582,174602,175148,20,546,2,7200,1.03663003663
174595,174613,175093,18,480,2,7200,1.0375
174602,174620,175135,18,515,2,7200,1.03495145631
174609,174644,175123,35,479,2,7200,1.07306889353
174616,174709,175234,93,525,2,7200,1.17714285714
174644,174750,175255,106,505,2,7200,1.2099009901
174692,181712,182803,7020,1091,1,3600,7.43446379468
174710,174757,175239,47,482,2,7200,1.09751037344
174748,174764,175277,16,513,2,7200,1.03118908382
174766,174782,175289,16,507,2,7200,1.0315581854
174768,174816,175336,48,520,2,7200,1.09230769231
174780,174845,175363,65,518,2,7200,1.12548262548
174814,174890,175358,76,468,2,7200,1.16239316239
174815,181742,183069,6927,1327,1,3600,6.22004521477
174842,174914,175457,72,543,2,7200,1.13259668508
174886,174921,175416,35,495,2,7200,1.07070707071
174915,174932,175437,17,505,2,7200,1.03366336634
174922,174967,175452,45,485,2,7200,1.09278350515
174929,174973,175492,44,519,2,7200,1.08477842004
174968,174980,175484,12,504,2,7200,1.02380952381
174969,174985,175490,16,505,2,7200,1.03168316832
174977,174998,175483,21,485,2,7200,1.04329896907
174994,175011,175499,17,488,2,7200,1.03483606557
174996,175016,175523,20,507,2,7200,1.03944773176
174997,181749,183331,6752,1582,1,3600,5.26801517067
174999,181835,183277,6836,1442,1,3600,5.74063800277
175008,175023,175558,15,535,2,7200,1.02803738318
175015,175028,175524,13,496,2,7200,1.02620967742
175022,175059,175559,37,500,2,7200,1.074
175024,175066,175563,42,497,2,7200,1.08450704225
175058,175105,175575,47,470,2,7200,1.1
175065,175112,175638,47,526,2,7200,1.08935361217
175104,175117,175669,13,552,2,7200,1.02355072464
175110,175124,175594,14,470,2,7200,1.02978723404
175118,175131,175594,13,463,2,7200,1.02807775378
175125,175138,175638,13,500,2,7200,1.026
175126,175152,175653,26,501,2,7200,1.05189620758
175133,175160,175693,27,533,2,7200,1.05065666041
175150,175247,175738,97,491,2,7200,1.19755600815
175158,175254,175772,96,518,2,7200,1.18532818533
175181,181955,183008,6774,1053,1,3600,7.43304843305
175244,175267,175775,23,508,2,7200,1.04527559055
175251,175290,175781,39,491,2,7200,1.07942973523
175263,175301,175800,38,499,2,7200,1.07615230461
175286,175349,175895,63,546,2,7200,1.11538461538
175299,175370,175907,71,537,2,7200,1.1322160149
175348,175377,175910,29,533,2,7200,1.05440900563
175363,182011,183295,6648,1284,1,3600,6.17757009346
175365,182031,183082,6666,1051,1,3600,7.34253092293
175366,175384,175855,18,471,2,7200,1.03821656051
175366,182193,183435,6827,1242,1,3600,6.49677938808
175373,175391,175928,18,537,2,7200,1.03351955307
175390,175428,175955,38,527,2,7200,1.07210626186
175391,175449,175901,58,452,2,7200,1.12831858407
175425,175464,176002,39,538,2,7200,1.07249070632
175428,182221,183468,6793,1247,1,3600,6.44747393745
175430,182264,183236,6834,972,1,3600,8.03086419753
175431,182296,183630,6865,1334,1,3600,6.14617691154
175448,175471,175974,23,503,2,7200,1.04572564612
175460,175495,176009,35,514,2,7200,1.06809338521
175467,175501,176036,34,535,2,7200,1.06355140187
175490,175507,175999,17,492,2,7200,1.03455284553
175497,175514,175997,17,483,2,7200,1.03519668737
175514,175522,176021,8,499,2,7200,1.01603206413
175516,175536,176074,20,538,2,7200,1.03717472119
175518,175541,176071,23,530,2,7200,1.04339622642
175535,175576,176121,41,545,2,7200,1.0752293578
175537,175581,176092,44,511,2,7200,1.08610567515
175553,182512,183891,6959,1379,1,3600,6.04641044235
175555,182525,183582,6970,1057,1,3600,7.59413434248
175577,175589,176107,12,518,2,7200,1.02316602317
175578,175594,176055,16,461,2,7200,1.03470715835
175585,175607,176075,22,468,2,7200,1.04700854701
175592,175613,176125,21,512,2,7200,1.041015625
175609,175650,176159,41,509,2,7200,1.08055009823
175611,175655,176178,44,523,2,7200,1.08413001912
175616,182577,183237,6961,660,1,3600,11.546969697
175627,182609,183217,6982,608,1,3600,12.4835526316
175629,182884,183227,7255,343,1,3600,22.1516034985
175631,182942,183445,7311,503,1,3600,15.5347912525
175650,175668,176134,18,466,2,7200,1.03862660944
175652,175685,176199,33,514,2,7200,1.06420233463
175664,175692,176124,28,432,2,7200,1.06481481481
175682,175705,176185,23,480,2,7200,1.04791666667
175688,175750,176261,62,511,2,7200,1.12133072407
175692,182948,183485,7256,537,1,3600,14.5121042831
175694,183020,183426,7326,406,1,3600,19.0443349754
175696,183087,183535,7391,448,1,3600,17.4977678571
175701,175784,176276,83,492,2,7200,1.16869918699
175749,175791,176348,42,557,2,7200,1.07540394973
175757,183099,183582,7342,483,1,3600,16.2008281573
175759,183123,183731,7364,608,1,3600,13.1118421053
175783,175797,176333,14,536,2,7200,1.02611940299
175790,175805,176320,15,515,2,7200,1.02912621359
175797,175812,176271,15,459,2,7200,1.03267973856
175804,175867,176378,63,511,2,7200,1.12328767123
175810,175908,176385,98,477,2,7200,1.20545073375
175820,183128,183538,7308,410,1,3600,18.8243902439
175822,183229,183600,7407,371,1,3600,20.9649595687
175823,183239,183804,7416,565,1,3600,14.1256637168
175864,175915,176406,51,491,2,7200,1.10386965377
175885,183289,183647,7404,358,1,3600,21.6815642458
175908,175922,176424,14,502,2,7200,1.02788844622
175915,175928,176476,13,548,2,7200,1.02372262774
175922,175940,176453,18,513,2,7200,1.0350877193
175924,175967,176492,43,525,2,7200,1.0819047619
175940,175986,176424,46,438,2,7200,1.10502283105
175963,176009,176571,46,562,2,7200,1.08185053381
175986,176015,176533,29,518,2,7200,1.05598455598
176009,176021,176548,12,527,2,7200,1.02277039848
176016,176028,176520,12,492,2,7200,1.0243902439
176032,176038,176521,6,483,2,7200,1.01242236025
176034,176049,176595,15,546,2,7200,1.02747252747
176036,176067,176587,31,520,2,7200,1.05961538462
176048,176084,176625,36,541,2,7200,1.06654343808
176066,176091,176596,25,505,2,7200,1.0495049505
176083,176096,176598,13,502,2,7200,1.02589641434
176090,176105,176617,15,512,2,7200,1.029296875
176107,176119,176606,12,487,2,7200,1.02464065708
176109,176137,176669,28,532,2,7200,1.05263157895
176116,176142,176613,26,471,2,7200,1.05520169851
176134,176149,176679,15,530,2,7200,1.02830188679
176141,176154,176702,13,548,2,7200,1.02372262774
176147,176171,176679,24,508,2,7200,1.04724409449
176154,176177,176707,23,530,2,7200,1.04339622642
176171,176189,176652,18,463,2,7200,1.03887688985
176173,176196,176684,23,488,2,7200,1.04713114754
176186,183307,183768,7121,461,1,3600,16.4468546638
176190,176211,176715,21,504,2,7200,1.04166666667
176192,176273,176787,81,514,2,7200,1.15758754864
176210,176284,176800,74,516,2,7200,1.14341085271
176274,176291,176789,17,498,2,7200,1.03413654618
176281,176332,176855,51,523,2,7200,1.09751434034
176288,176345,176830,57,485,2,7200,1.1175257732
176308,183353,183854,7045,501,1,3600,15.0618762475
176332,176360,176895,28,535,2,7200,1.0523364486
176344,176390,176921,46,531,2,7200,1.08662900188
176360,176396,176902,36,506,2,7200,1.07114624506
176389,176418,176941,29,523,2,7200,1.05544933078
176396,176435,176923,39,488,2,7200,1.07991803279
176413,176441,176862,28,421,2,7200,1.06650831354
176430,183438,183821,7008,383,1,3600,19.2976501305
176435,176465,177023,30,558,2,7200,1.05376344086
176437,176488,177001,51,513,2,7200,1.09941520468
176465,176504,176981,39,477,2,7200,1.08176100629
176488,176532,177064,44,532,2,7200,1.08270676692
176491,183447,183956,6956,509,1,3600,14.6660117878
176500,176539,177046,39,507,2,7200,1.07692307692
176533,176546,177072,13,526,2,7200,1.0247148289
176534,176561,177080,27,519,2,7200,1.05202312139
176547,176585,177112,38,527,2,7200,1.07210626186
176559,176599,177119,40,520,2,7200,1.07692307692
176582,176607,177119,25,512,2,7200,1.048828125
176599,176612,177127,13,515,2,7200,1.02524271845
176606,176619,177131,13,512,2,7200,1.025390625
176613,176625,177167,12,542,2,7200,1.0221402214
176620,176632,177153,12,521,2,7200,1.02303262956
176622,176637,177134,15,497,2,7200,1.03018108652
176629,176644,177161,15,517,2,7200,1.02901353965
176636,176651,177183,15,532,2,7200,1.02819548872
176652,176664,177159,12,495,2,7200,1.02424242424
176654,176681,177204,27,523,2,7200,1.05162523901
176661,176690,177178,29,488,2,7200,1.05942622951
176679,176695,177192,16,497,2,7200,1.03219315895
176686,176703,177231,17,528,2,7200,1.0321969697
176702,176715,177232,13,517,2,7200,1.0251450677
176704,176727,177224,23,497,2,7200,1.046277666
176711,176732,177259,21,527,2,7200,1.03984819734
176723,176800,177295,77,495,2,7200,1.15555555556
176730,176807,177325,77,518,2,7200,1.14864864865
176733,183474,183833,6741,359,1,3600,19.7771587744
176734,183492,183851,6758,359,1,3600,19.8245125348
176800,176813,177279,13,466,2,7200,1.02789699571
176807,176842,177335,35,493,2,7200,1.07099391481
176814,176867,177337,53,470,2,7200,1.11276595745
176842,176874,177382,32,508,2,7200,1.06299212598
176856,183558,183965,6702,407,1,3600,17.4668304668
176869,176907,177378,38,471,2,7200,1.08067940552
176871,176914,177447,43,533,2,7200,1.08067542214
176905,176933,177419,28,486,2,7200,1.05761316872
176911,176940,177476,29,536,2,7200,1.05410447761
176917,183618,183940,6701,322,1,3600,21.8105590062
176933,176949,177488,16,539,2,7200,1.02968460111
176940,176956,177506,16,550,2,7200,1.02909090909
176947,176993,177484,46,491,2,7200,1.09368635438
176954,177012,177515,58,503,2,7200,1.11530815109
176979,183647,183977,6668,330,1,3600,21.2060606061
176991,177035,177532,44,497,2,7200,1.08853118712
177009,177058,177611,49,553,2,7200,1.08860759494
177035,177077,177590,42,513,2,7200,1.08187134503
177058,177083,177574,25,491,2,7200,1.05091649695
177074,177092,177605,18,513,2,7200,1.0350877193
177081,177124,177657,43,533,2,7200,1.08067542214
177088,177131,177618,43,487,2,7200,1.08829568789
177101,183661,184202,6560,541,1,3600,13.1256931608
177126,177137,177671,11,534,2,7200,1.02059925094
177128,177145,177661,17,516,2,7200,1.03294573643
177135,177150,177688,15,538,2,7200,1.02788104089
177142,177157,177598,15,441,2,7200,1.03401360544
177158,177165,177673,7,508,2,7200,1.01377952756
177160,177172,177696,12,524,2,7200,1.02290076336
177162,177179,177714,17,535,2,7200,1.03177570093
177168,177184,177669,16,485,2,7200,1.03298969072
177185,177193,177682,8,489,2,7200,1.0163599182
177187,177200,177760,13,560,2,7200,1.02321428571
177189,177207,177710,18,503,2,7200,1.03578528827
177196,177216,177712,20,496,2,7200,1.04032258065
177202,177236,177763,34,527,2,7200,1.06451612903
177219,177243,177774,24,531,2,7200,1.04519774011
177236,177249,177823,13,574,2,7200,1.02264808362
177252,177271,177792,19,521,2,7200,1.03646833013
177254,177291,177832,37,541,2,7200,1.06839186691
177271,177307,177802,36,495,2,7200,1.07272727273
177287,177337,177851,50,514,2,7200,1.09727626459
177305,177347,177912,42,565,2,7200,1.07433628319
177337,177354,177883,17,529,2,7200,1.03213610586
177344,177390,177916,46,526,2,7200,1.08745247148
177351,177397,177908,46,511,2,7200,1.09001956947
177390,177431,177932,41,501,2,7200,1.08183632735
177406,177459,177936,53,477,2,7200,1.11111111111
177429,177489,178004,60,515,2,7200,1.11650485437
177455,177496,178040,41,544,2,7200,1.07536764706
177489,177503,178055,14,552,2,7200,1.02536231884
177506,177518,178035,12,517,2,7200,1.02321083172
177507,177527,178036,20,509,2,7200,1.03929273084
177514,177544,178080,30,536,2,7200,1.05597014925
177530,177591,178127,61,536,2,7200,1.11380597015
177543,177602,178103,59,501,2,7200,1.11776447106
177583,183743,184288,6160,545,1,3600,12.3027522936
177591,177610,178120,19,510,2,7200,1.03725490196
177598,177617,178103,19,486,2,7200,1.03909465021
177610,177624,178129,14,505,2,7200,1.02772277228
177626,177675,178148,49,473,2,7200,1.10359408034
177628,177680,178159,52,479,2,7200,1.10855949896
177672,177687,178169,15,482,2,7200,1.03112033195
177679,177692,178201,13,509,2,7200,1.02554027505
177696,177703,178173,7,470,2,7200,1.01489361702
177698,177711,178202,13,491,2,7200,1.02647657841
177700,177716,178251,16,535,2,7200,1.02990654206
177704,183791,184278,6087,487,1,3600,13.498973306
177707,177723,178199,16,476,2,7200,1.03361344538
177714,177728,178237,14,509,2,7200,1.02750491159
177721,177735,178252,14,517,2,7200,1.02707930368
177727,177740,178263,13,523,2,7200,1.02485659656
177734,177772,178263,38,491,2,7200,1.07739307536
177750,177779,178251,29,472,2,7200,1.06144067797
177768,177786,178322,18,536,2,7200,1.03358208955
177775,177807,178319,32,512,2,7200,1.0625
177791,177814,178313,23,499,2,7200,1.04609218437
177803,177835,178358,32,523,2,7200,1.06118546845
177810,177844,178342,34,498,2,7200,1.06827309237
177826,183820,184167,5994,347,1,3600,18.2737752161
177837,177863,178348,26,485,2,7200,1.05360824742
177844,177895,178397,51,502,2,7200,1.1015936255
177862,177920,178395,58,475,2,7200,1.12210526316
177887,183839,184207,5952,368,1,3600,17.1739130435
177889,183846,184362,5957,516,1,3600,12.5445736434
177890,177927,178450,37,523,2,7200,1.0707456979
177917,177934,178467,17,533,2,7200,1.03189493433
177924,177944,178394,20,450,2,7200,1.04444444444
177931,177951,178455,20,504,2,7200,1.03968253968
177943,178016,178529,73,513,2,7200,1.14230019493
177950,178047,178536,97,489,2,7200,1.19836400818
178014,178052,178585,38,533,2,7200,1.0712945591
178048,178060,178589,12,529,2,7200,1.02268431002
178049,178068,178600,19,532,2,7200,1.03571428571
178065,178092,178578,27,486,2,7200,1.05555555556
178067,178115,178662,48,547,2,7200,1.08775137112
178090,178120,178635,30,515,2,7200,1.05825242718
178113,178132,178663,19,531,2,7200,1.03578154426
178130,178138,178646,8,508,2,7200,1.0157480315
178131,183864,184310,5733,446,1,3600,13.8542600897
178132,178145,178667,13,522,2,7200,1.02490421456
178139,178160,178680,21,520,2,7200,1.04038461538
178146,178172,178672,26,500,2,7200,1.052
178158,178186,178690,28,504,2,7200,1.05555555556
178170,178191,178701,21,510,2,7200,1.04117647059
178186,178211,178707,25,496,2,7200,1.05040322581
178188,178218,178713,30,495,2,7200,1.06060606061
178192,183871,184266,5679,395,1,3600,15.3772151899
178194,183907,184262,5713,355,1,3600,17.0929577465
178211,178224,178697,13,473,2,7200,1.02748414376
178218,178249,178747,31,498,2,7200,1.06224899598
178234,178263,178767,29,504,2,7200,1.05753968254
178247,178268,178772,21,504,2,7200,1.04166666667
178259,178275,178798,16,523,2,7200,1.03059273423
178275,178292,178787,17,495,2,7200,1.03434343434
178277,178325,178827,48,502,2,7200,1.09561752988
178290,178332,178830,42,498,2,7200,1.0843373494
178323,178339,178862,16,523,2,7200,1.03059273423
178330,178354,178874,24,520,2,7200,1.04615384615
178337,178360,178863,23,503,2,7200,1.04572564612
178354,178370,178878,16,508,2,7200,1.03149606299
178361,178406,178913,45,507,2,7200,1.08875739645
178368,178413,178898,45,485,2,7200,1.09278350515
178402,178418,178916,16,498,2,7200,1.03212851406
178409,178462,178990,53,528,2,7200,1.10037878788
178425,178469,178954,44,485,2,7200,1.09072164948
178435,183957,184297,5522,340,1,3600,17.2411764706
178458,178479,178990,21,511,2,7200,1.04109589041
178465,178541,179085,76,544,2,7200,1.13970588235
178478,178548,179102,70,554,2,7200,1.12635379061
178542,178590,179101,48,511,2,7200,1.0939334638
178544,178597,179093,53,496,2,7200,1.10685483871
178588,178604,179133,16,529,2,7200,1.03024574669
178595,178613,179130,18,517,2,7200,1.03481624758
178602,178647,179169,45,522,2,7200,1.08620689655
178618,178661,179171,43,510,2,7200,1.08431372549
178647,178674,179201,27,527,2,7200,1.05123339658
178659,178681,179145,22,464,2,7200,1.0474137931
178671,178686,179202,15,516,2,7200,1.02906976744
178677,183989,184490,5312,501,1,3600,11.6027944112
178689,178706,179202,17,496,2,7200,1.03427419355
178691,178711,179268,20,557,2,7200,1.03590664273
178703,178718,179222,15,504,2,7200,1.02976190476
178710,178724,179206,14,482,2,7200,1.02904564315
178717,178731,179232,14,501,2,7200,1.02794411178
178724,178736,179228,12,492,2,7200,1.0243902439
178731,178759,179301,28,542,2,7200,1.05166051661
178748,178780,179293,32,513,2,7200,1.06237816764
178755,178787,179260,32,473,2,7200,1.06765327696
178778,178799,179244,21,445,2,7200,1.04719101124
178785,178810,179329,25,519,2,7200,1.04816955684
178797,178840,179349,43,509,2,7200,1.08447937132
178809,178847,179344,38,497,2,7200,1.07645875252
178842,178874,179377,32,503,2,7200,1.06361829026
178844,178881,179354,37,473,2,7200,1.07822410148
178859,184026,184578,5167,552,1,3600,10.3605072464
178860,184059,184555,5199,496,1,3600,11.4818548387
178872,178888,179404,16,516,2,7200,1.03100775194
178879,178895,179387,16,492,2,7200,1.0325203252
178886,178910,179447,24,537,2,7200,1.04469273743
178893,178927,179458,34,531,2,7200,1.06403013183
178910,178934,179443,24,509,2,7200,1.04715127701
178922,184179,184634,5257,455,1,3600,12.5538461538
178924,184221,184804,5297,583,1,3600,10.0857632933
178925,184233,184547,5308,314,1,3600,17.9044585987
178927,178966,179461,39,495,2,7200,1.07878787879
178935,179002,179527,67,525,2,7200,1.12761904762
178963,179007,179530,44,523,2,7200,1.08413001912
179002,179097,179618,95,521,2,7200,1.18234165067
179018,179106,179573,88,467,2,7200,1.18843683084
179094,179113,179569,19,456,2,7200,1.04166666667
179106,179120,179660,14,540,2,7200,1.02592592593
179113,179142,179680,29,538,2,7200,1.05390334572
179120,179149,179710,29,561,2,7200,1.05169340463
179142,179158,179652,16,494,2,7200,1.03238866397
179149,179181,179737,32,556,2,7200,1.05755395683
179156,179188,179697,32,509,2,7200,1.06286836935
179179,179213,179706,34,493,2,7200,1.06896551724
179186,179220,179732,34,512,2,7200,1.06640625
179209,179225,179700,16,475,2,7200,1.03368421053
179226,179233,179756,7,523,2,7200,1.01338432122
179228,179240,179752,12,512,2,7200,1.0234375
179230,179245,179770,15,525,2,7200,1.02857142857
179237,179252,179771,15,519,2,7200,1.0289017341
179244,179259,179783,15,524,2,7200,1.0286259542
179251,179273,179802,22,529,2,7200,1.0415879017
179258,179280,179785,22,505,2,7200,1.04356435644
179270,179305,179831,35,526,2,7200,1.06653992395
179286,179314,179847,28,533,2,7200,1.05253283302
179287,184274,184898,4987,624,1,3600,8.99198717949
179304,179341,179876,37,535,2,7200,1.0691588785
179311,179362,179890,51,528,2,7200,1.09659090909
179339,179367,179901,28,534,2,7200,1.05243445693
179349,184286,184963,4937,677,1,3600,8.29246676514
179350,184293,184752,4943,459,1,3600,11.7690631808
179363,179375,179902,12,527,2,7200,1.02277039848
179379,179389,179917,10,528,2,7200,1.01893939394
179381,179399,179918,18,519,2,7200,1.03468208092
179388,179416,179919,28,503,2,7200,1.05566600398
179395,179456,179971,61,515,2,7200,1.11844660194
179412,184305,184845,4893,540,1,3600,10.0611111111
179413,179463,179971,50,508,2,7200,1.09842519685
179452,179470,179994,18,524,2,7200,1.03435114504
179459,179477,179942,18,465,2,7200,1.03870967742
179473,184312,184788,4839,476,1,3600,11.1659663866
179475,179539,180045,64,506,2,7200,1.12648221344
179477,179546,180056,69,510,2,7200,1.13529411765
179537,179583,180094,46,511,2,7200,1.09001956947
179544,179590,180088,46,498,2,7200,1.09236947791
179583,179630,180085,47,455,2,7200,1.1032967033
179590,179664,180190,74,526,2,7200,1.14068441065
179595,184322,184766,4727,444,1,3600,11.6463963964
179627,179673,180225,46,552,2,7200,1.08333333333
179661,179693,180220,32,527,2,7200,1.06072106262
179673,179709,180231,36,522,2,7200,1.06896551724
179691,179716,180213,25,497,2,7200,1.05030181087
179709,179723,180218,14,495,2,7200,1.02828282828
179726,179748,180311,22,563,2,7200,1.03907637655
179728,179760,180290,32,530,2,7200,1.06037735849
179745,179767,180274,22,507,2,7200,1.04339250493
179758,179774,180272,16,498,2,7200,1.03212851406
179765,179783,180324,18,541,2,7200,1.03327171904
179772,179788,180259,16,471,2,7200,1.03397027601
179777,184374,184854,4597,480,1,3600,10.5770833333
179779,179795,180329,16,534,2,7200,1.02996254682
179796,179808,180313,12,505,2,7200,1.02376237624
179797,179815,180292,18,477,2,7200,1.03773584906
179804,179843,180341,39,498,2,7200,1.07831325301
179811,179860,180373,49,513,2,7200,1.0955165692
179838,184503,184831,4665,328,1,3600,15.2225609756
179840,179888,180436,48,548,2,7200,1.08759124088
179857,179902,180346,45,444,2,7200,1.10135135135
179885,179913,180426,28,513,2,7200,1.05458089669
179898,179920,180456,22,536,2,7200,1.04104477612
179900,184572,185095,4672,523,1,3600,9.93307839388
179901,184590,185036,4689,446,1,3600,11.5134529148
179915,179929,180455,14,526,2,7200,1.02661596958
179916,179936,180444,20,508,2,7200,1.03937007874
179929,179941,180440,12,499,2,7200,1.02404809619
179936,179956,180483,20,527,2,7200,1.03795066414
179938,179983,180506,45,523,2,7200,1.08604206501
179955,179989,180499,34,510,2,7200,1.06666666667
179963,184597,185056,4634,459,1,3600,11.0958605664
179984,180006,180508,22,502,2,7200,1.0438247012
180000,180057,180580,57,523,2,7200,1.10898661568
180004,180069,180600,65,531,2,7200,1.12241054614
180024,184652,185095,4628,443,1,3600,11.4469525959
180053,180097,180568,44,471,2,7200,1.09341825902
180066,180104,180613,38,509,2,7200,1.07465618861
180094,180111,180623,17,512,2,7200,1.033203125
180101,180207,180728,106,521,2,7200,1.20345489443
180108,180225,180750,117,525,2,7200,1.22285714286
180206,184764,185307,4558,543,1,3600,9.394106814
180208,184779,185301,4571,522,1,3600,9.75670498084
180209,184800,185172,4591,372,1,3600,13.3413978495
180210,180232,180749,22,517,2,7200,1.04255319149
180222,180237,180774,15,537,2,7200,1.02793296089
180229,180245,180752,16,507,2,7200,1.0315581854
180236,180250,180790,14,540,2,7200,1.02592592593
180243,180271,180760,28,489,2,7200,1.0572597137
180250,180284,180790,34,506,2,7200,1.06719367589
180272,180290,180791,18,501,2,7200,1.03592814371
180284,180303,180801,19,498,2,7200,1.03815261044
180291,180309,180792,18,483,2,7200,1.03726708075
180303,180323,180821,20,498,2,7200,1.04016064257
180310,180330,180830,20,500,2,7200,1.04
180322,180337,180812,15,475,2,7200,1.03157894737
180340,180347,180859,7,512,2,7200,1.013671875
180341,180354,180872,13,518,2,7200,1.0250965251
180343,180361,180912,18,551,2,7200,1.03266787659
180350,180386,180891,36,505,2,7200,1.07128712871
180357,180438,180937,81,499,2,7200,1.1623246493
180385,180448,180928,63,480,2,7200,1.13125
180434,180455,180988,21,533,2,7200,1.03939962477
180447,180461,180971,14,510,2,7200,1.02745098039
180451,184821,185277,4370,456,1,3600,10.5833333333
180464,180496,180982,32,486,2,7200,1.0658436214
180466,180511,180986,45,475,2,7200,1.09473684211
180494,180518,181040,24,522,2,7200,1.04597701149
180512,180525,181044,13,519,2,7200,1.02504816956
180519,180533,181037,14,504,2,7200,1.02777777778
180520,180585,181109,65,524,2,7200,1.12404580153
180532,180592,181111,60,519,2,7200,1.11560693642
180572,184853,185277,4281,424,1,3600,11.0966981132
180574,184860,185270,4286,410,1,3600,11.4536585366
180582,180612,181133,30,521,2,7200,1.0575815739
180589,180626,181141,37,515,2,7200,1.07184466019
180611,180635,181135,24,500,2,7200,1.048
180623,180740,181265,117,525,2,7200,1.22285714286
180635,180761,181273,126,512,2,7200,1.24609375
180695,184867,185415,4172,548,1,3600,8.61313868613
180697,184910,185343,4213,433,1,3600,10.7297921478
180738,180768,181322,30,554,2,7200,1.05415162455
180758,184976,185488,4218,512,1,3600,9.23828125
180761,180773,181283,12,510,2,7200,1.02352941176
180768,180780,181240,12,460,2,7200,1.02608695652
180769,180787,181329,18,542,2,7200,1.0332103321
180786,180802,181292,16,490,2,7200,1.03265306122
180787,180807,181316,20,509,2,7200,1.03929273084
180800,180815,181321,15,506,2,7200,1.02964426877
180807,180820,181314,13,494,2,7200,1.02631578947
180814,180832,181379,18,547,2,7200,1.03290676417
180821,180838,181375,17,537,2,7200,1.03165735568
180833,180845,181335,12,490,2,7200,1.02448979592
180835,180871,181366,36,495,2,7200,1.07272727273
180851,180884,181417,33,533,2,7200,1.06191369606
180869,180895,181398,26,503,2,7200,1.05168986083
180881,180903,181412,22,509,2,7200,1.04322200393
180893,180924,181399,31,475,2,7200,1.06526315789
180900,180940,181414,40,474,2,7200,1.08438818565
180923,180949,181469,26,520,2,7200,1.05
180936,180983,181497,47,514,2,7200,1.09143968872
180940,185048,185590,4108,542,1,3600,8.57933579336
180948,180994,181520,46,526,2,7200,1.08745247148
180980,181001,181488,21,487,2,7200,1.0431211499
180993,181006,181492,13,486,2,7200,1.02674897119
181000,181049,181528,49,479,2,7200,1.10229645094
181001,185068,185458,4067,390,1,3600,11.4282051282
181007,181056,181576,49,520,2,7200,1.09423076923
181045,181061,181552,16,491,2,7200,1.03258655804
181052,181121,181588,69,467,2,7200,1.147751606
181059,181128,181659,69,531,2,7200,1.12994350282
181063,185123,185579,4060,456,1,3600,9.90350877193
181064,185128,185484,4064,356,1,3600,12.4157303371
181066,185189,185602,4123,413,1,3600,10.9830508475
181118,181145,181633,27,488,2,7200,1.05532786885
181125,181152,181695,27,543,2,7200,1.04972375691
181127,185282,185684,4155,402,1,3600,11.3358208955
181143,181158,181639,15,481,2,7200,1.03118503119
181150,181252,181785,102,533,2,7200,1.191369606
181157,181277,181761,120,484,2,7200,1.2479338843
181189,185313,185690,4124,377,1,3600,11.9389920424
181190,185320,185716,4130,396,1,3600,11.4292929293
181248,181285,181832,37,547,2,7200,1.0676416819
181277,181295,181798,18,503,2,7200,1.03578528827
181284,181304,181825,20,521,2,7200,1.03838771593
181300,181311,181815,11,504,2,7200,1.02182539683
181302,181327,181831,25,504,2,7200,1.0496031746
181309,181334,181872,25,538,2,7200,1.04646840149
181312,185368,185992,4056,624,1,3600,7.5
181325,225577,585611,44252,360034,1,360000,1.122910614
181327,181339,181828,12,489,2,7200,1.0245398773
181333,181346,181892,13,546,2,7200,1.02380952381
181335,181351,181890,16,539,2,7200,1.02968460111
181342,181364,181912,22,548,2,7200,1.0401459854
181349,181378,181872,29,494,2,7200,1.05870445344
181366,181387,181858,21,471,2,7200,1.04458598726
181373,185427,185914,4054,487,1,3600,9.32443531828
181375,185470,185868,4095,398,1,3600,11.2889447236
181378,181393,181931,15,538,2,7200,1.02788104089
181385,181410,181841,25,431,2,7200,1.05800464037
181392,181415,181928,23,513,2,7200,1.04483430799
181410,181424,181919,14,495,2,7200,1.02828282828
181411,181431,181986,20,555,2,7200,1.03603603604
181428,181442,182004,14,562,2,7200,1.02491103203
181430,181481,181977,51,496,2,7200,1.10282258065
181442,181500,181982,58,482,2,7200,1.12033195021
181448,197190,197197,15742,7,1,3600,1574.9
181481,181507,182028,26,521,2,7200,1.04990403071
181499,181514,182071,15,557,2,7200,1.02692998205
181505,181532,182006,27,474,2,7200,1.05696202532
181512,181540,182062,28,522,2,7200,1.05363984674
181530,181565,182078,35,513,2,7200,1.06822612086
181546,181572,182063,26,491,2,7200,1.05295315682
181564,181588,182094,24,506,2,7200,1.04743083004
181571,181602,182086,31,484,2,7200,1.06404958678
181588,181646,182158,58,512,2,7200,1.11328125
181601,181653,182173,52,520,2,7200,1.1
181616,185594,186173,3978,579,1,3600,7.87046632124
181618,185710,186100,4092,390,1,3600,11.4923076923
181619,185728,186196,4109,468,1,3600,9.77991452991
181645,181672,182219,27,547,2,7200,1.04936014625
181661,181707,182232,46,525,2,7200,1.08761904762
181668,181773,182307,105,534,2,7200,1.19662921348
181707,181797,182289,90,492,2,7200,1.18292682927
181741,185740,186097,3999,357,1,3600,12.2016806723
181742,185746,186309,4004,563,1,3600,8.11190053286
181744,185751,186204,4007,453,1,3600,9.84547461369
181772,181810,182330,38,520,2,7200,1.07307692308
181795,181828,182308,33,480,2,7200,1.06875
181807,181842,182310,35,468,2,7200,1.07478632479
181830,181847,182319,17,472,2,7200,1.03601694915
181843,181854,182360,11,506,2,7200,1.02173913043
181844,181860,182370,16,510,2,7200,1.03137254902
181851,181867,182380,16,513,2,7200,1.03118908382
181858,181874,182403,16,529,2,7200,1.03024574669
181865,185880,186350,4015,470,1,3600,9.54255319149
181865,181884,182399,19,515,2,7200,1.03689320388
181872,181889,182415,17,526,2,7200,1.03231939163
181889,181902,182399,13,497,2,7200,1.02615694165
181891,181909,182407,18,498,2,7200,1.03614457831
181898,181924,182431,26,507,2,7200,1.05128205128
181905,181931,182464,26,533,2,7200,1.0487804878
181922,181941,182479,19,538,2,7200,1.03531598513
181929,181948,182457,19,509,2,7200,1.0373280943
181946,181990,182543,44,553,2,7200,1.07956600362
181947,181997,182519,50,522,2,7200,1.09578544061
181986,182004,182493,18,489,2,7200,1.03680981595
181987,185926,186380,3939,454,1,3600,9.67621145374
181993,182018,182535,25,517,2,7200,1.04835589942
182000,182023,182582,23,559,2,7200,1.04114490161
182018,182040,182579,22,539,2,7200,1.04081632653
182034,182074,182588,40,514,2,7200,1.07782101167
182036,182081,182625,45,544,2,7200,1.08272058824
182049,186004,186479,3955,475,1,3600,9.32631578947
182050,186120,186810,4070,690,1,3600,6.89855072464
182070,182088,182568,18,480,2,7200,1.0375
182077,182095,182605,18,510,2,7200,1.03529411765
182089,182102,182569,13,467,2,7200,1.0278372591
182091,182109,182641,18,532,2,7200,1.03383458647
182107,182170,182662,63,492,2,7200,1.12804878049
182109,182186,182733,77,547,2,7200,1.1407678245
182169,182232,182709,63,477,2,7200,1.1320754717
182186,182244,182743,58,499,2,7200,1.11623246493
182230,182303,182801,73,498,2,7200,1.14658634538
182232,186133,186462,3901,329,1,3600,12.8571428571
182234,186181,186843,3947,662,1,3600,6.96223564955
182243,182319,182814,76,495,2,7200,1.15353535354
182295,186186,186571,3891,385,1,3600,11.1064935065
182297,186204,186696,3907,492,1,3600,8.94105691057
182301,182326,182813,25,487,2,7200,1.05133470226
182319,182331,182810,12,479,2,7200,1.02505219207
182326,182338,182908,12,570,2,7200,1.02105263158
182328,182345,182874,17,529,2,7200,1.03213610586
182335,182373,182839,38,466,2,7200,1.08154506438
182351,182382,182904,31,522,2,7200,1.05938697318
182369,182392,182906,23,514,2,7200,1.04474708171
182381,182411,182930,30,519,2,7200,1.05780346821
182388,182416,182946,28,530,2,7200,1.05283018868
182412,182424,182890,12,466,2,7200,1.02575107296
182429,182436,182944,7,508,2,7200,1.01377952756
182430,182443,182965,13,522,2,7200,1.02490421456
182432,182448,182957,16,509,2,7200,1.03143418468
182439,182469,183015,30,546,2,7200,1.05494505495
182446,182476,182915,30,439,2,7200,1.06833712984
182469,182491,183018,22,527,2,7200,1.04174573055
182476,182505,182980,29,475,2,7200,1.06105263158
182488,182532,183077,44,545,2,7200,1.08073394495
182505,182547,183097,42,550,2,7200,1.07636363636
182528,182556,183056,28,500,2,7200,1.056
182538,186222,186763,3684,541,1,3600,7.80961182994
182540,186235,186699,3695,464,1,3600,8.96336206897
182545,182585,183105,40,520,2,7200,1.07692307692
182552,182590,183062,38,472,2,7200,1.08050847458
182581,182597,183086,16,489,2,7200,1.0327198364
182598,182604,183055,6,451,2,7200,1.0133037694
182599,182618,183137,19,519,2,7200,1.0366088632
182601,182637,183086,36,449,2,7200,1.08017817372
182601,186321,186749,3720,428,1,3600,9.69158878505
182619,182654,183188,35,534,2,7200,1.06554307116
182636,182674,183232,38,558,2,7200,1.06810035842
182654,182721,183284,67,563,2,7200,1.1190053286
182672,182745,183257,73,512,2,7200,1.142578125
182721,182756,183245,35,489,2,7200,1.07157464213
182743,182813,183342,70,529,2,7200,1.13232514178
182755,182820,183331,65,511,2,7200,1.12720156556
182810,182827,183326,17,499,2,7200,1.03406813627
182817,182832,183323,15,491,2,7200,1.03054989817
182824,182840,183350,16,510,2,7200,1.03137254902
182831,182852,183377,21,525,2,7200,1.04
182843,186361,186774,3518,413,1,3600,9.5181598063
182848,182891,183417,43,526,2,7200,1.08174904943
182849,182903,183464,54,561,2,7200,1.09625668449
182888,182916,183444,28,528,2,7200,1.05303030303
182901,182923,183447,22,524,2,7200,1.04198473282
182905,186392,186805,3487,413,1,3600,9.44309927361
182913,182928,183407,15,479,2,7200,1.03131524008
182920,182935,183456,15,521,2,7200,1.02879078695
182937,182957,183454,20,497,2,7200,1.04024144869
182939,182964,183447,25,483,2,7200,1.05175983437
182957,182971,183500,14,529,2,7200,1.02646502836
182964,182978,183505,14,527,2,7200,1.0265654649
182971,182992,183494,21,502,2,7200,1.04183266932
182978,183028,183524,50,496,2,7200,1.10080645161
182990,183035,183533,45,498,2,7200,1.09036144578
183028,183067,183574,39,507,2,7200,1.07692307692
183028,186474,186930,3446,456,1,3600,8.55701754386
183035,183073,183558,38,485,2,7200,1.07835051546
183063,183080,183615,17,535,2,7200,1.03177570093
183070,183094,183599,24,505,2,7200,1.04752475248
183077,183106,183637,29,531,2,7200,1.05461393597
183089,183111,183622,22,511,2,7200,1.04305283757
183089,186491,187028,3402,537,1,3600,7.33519553073
183091,186586,187123,3495,537,1,3600,7.50837988827
183102,183118,183630,16,512,2,7200,1.03125
183118,183149,183652,31,503,2,7200,1.06163021869
183120,183200,183698,80,498,2,7200,1.16064257028
183148,183246,183764,98,518,2,7200,1.18918918919
183197,183253,183768,56,515,2,7200,1.10873786408
183242,183260,183762,18,502,2,7200,1.03585657371
183249,183269,183724,20,455,2,7200,1.04395604396
183256,183297,183820,41,523,2,7200,1.07839388145
183268,183336,183835,68,499,2,7200,1.13627254509
183273,186643,187066,3370,423,1,3600,8.96690307329
183274,186726,187086,3452,360,1,3600,10.5888888889
183276,186766,187174,3490,408,1,3600,9.55392156863
183277,186778,187460,3501,682,1,3600,6.13343108504
183295,183342,183801,47,459,2,7200,1.10239651416
183334,183348,183869,14,521,2,7200,1.02687140115
183338,186784,187176,3446,392,1,3600,9.79081632653
183340,186802,187369,3462,567,1,3600,7.10582010582
183341,186826,187288,3485,462,1,3600,8.54329004329
183341,183360,183880,19,520,2,7200,1.03653846154
183348,183366,183872,18,506,2,7200,1.03557312253
183360,183389,183870,29,481,2,7200,1.06029106029
183367,183419,183941,52,522,2,7200,1.09961685824
183389,183429,183959,40,530,2,7200,1.07547169811
183417,183456,183939,39,483,2,7200,1.08074534161
183429,183463,183993,34,530,2,7200,1.0641509434
183452,183468,183961,16,493,2,7200,1.03245436105
183459,183481,183998,22,517,2,7200,1.04255319149
183463,186845,187282,3382,437,1,3600,8.73913043478
183465,186942,187425,3477,483,1,3600,8.19875776398
183466,187040,187695,3574,655,1,3600,6.45648854962
183466,183486,183985,20,499,2,7200,1.04008016032
183483,183499,184024,16,525,2,7200,1.03047619048
183485,183505,184024,20,519,2,7200,1.03853564547
183497,183512,183999,15,487,2,7200,1.03080082136
183504,183519,184013,15,494,2,7200,1.03036437247
183511,183537,184053,26,516,2,7200,1.0503875969
183518,183546,184072,28,526,2,7200,1.05323193916
183527,187078,187624,3551,546,1,3600,7.50366300366
183529,187104,187562,3575,458,1,3600,8.8056768559
183535,183553,184061,18,508,2,7200,1.03543307087
183542,183571,184042,29,471,2,7200,1.06157112527
183559,183585,184121,26,536,2,7200,1.04850746269
183571,183595,184107,24,512,2,7200,1.046875
183583,183611,184150,28,539,2,7200,1.05194805195
183590,183627,184120,37,493,2,7200,1.07505070994
183591,187135,187517,3544,382,1,3600,10.277486911
183592,187262,187707,3670,445,1,3600,9.24719101124
183594,187268,187680,3674,412,1,3600,9.91747572816
183595,187312,187703,3717,391,1,3600,10.5063938619
183608,183634,184127,26,493,2,7200,1.05273833671
183626,183642,184168,16,526,2,7200,1.03041825095
183642,183654,184197,12,543,2,7200,1.02209944751
183644,183668,184157,24,489,2,7200,1.0490797546
183651,183710,184209,59,499,2,7200,1.11823647295
183656,187318,187810,3662,492,1,3600,8.44308943089
183658,187323,188036,3665,713,1,3600,6.14025245442
183659,187398,188175,3739,777,1,3600,5.8120978121
183669,183736,184203,67,467,2,7200,1.14346895075
183707,183774,184269,67,495,2,7200,1.13535353535
183736,183781,184284,45,503,2,7200,1.08946322068
183773,183786,184325,13,539,2,7200,1.0241187384
183780,183813,184317,33,504,2,7200,1.06547619048
183781,187417,187927,3636,510,1,3600,8.12941176471
183782,183832,184376,50,544,2,7200,1.09191176471
183783,187437,187834,3654,397,1,3600,10.2040302267
183810,183853,184354,43,501,2,7200,1.08582834331
183828,183881,184404,53,523,2,7200,1.10133843212
183844,187472,188150,3628,678,1,3600,6.35103244838
183846,187529,188093,3683,564,1,3600,7.53014184397
183847,187575,187986,3728,411,1,3600,10.0705596107
183851,183888,184382,37,494,2,7200,1.07489878543
183884,183895,184424,11,529,2,7200,1.02079395085
183885,183900,184422,15,522,2,7200,1.02873563218
183892,183951,184452,59,501,2,7200,1.11776447106
183899,183964,184439,65,475,2,7200,1.13684210526
183909,187645,188207,3736,562,1,3600,7.64768683274
183911,187686,188349,3775,663,1,3600,6.69381598793
183912,187693,188059,3781,366,1,3600,11.3306010929
183949,183971,184512,22,541,2,7200,1.04066543438
183961,183978,184546,17,568,2,7200,1.02992957746
183968,183983,184517,15,534,2,7200,1.02808988764
183974,187720,188123,3746,403,1,3600,10.2952853598
183975,187725,188056,3750,331,1,3600,12.329305136
183977,187731,188070,3754,339,1,3600,12.0737463127
183985,183997,184552,12,555,2,7200,1.02162162162
183986,184006,184521,20,515,2,7200,1.03883495146
183993,184013,184510,20,497,2,7200,1.04024144869
184005,184018,184542,13,524,2,7200,1.02480916031
184024,184036,184534,12,498,2,7200,1.02409638554
184025,184041,184566,16,525,2,7200,1.03047619048
184032,184054,184547,22,493,2,7200,1.04462474645
184038,187736,188237,3698,501,1,3600,8.38123752495
184039,184066,184590,27,524,2,7200,1.05152671756
184051,184073,184586,22,513,2,7200,1.04288499025
184068,184084,184593,16,509,2,7200,1.03143418468
184070,184119,184625,49,506,2,7200,1.09683794466
184082,184132,184632,50,500,2,7200,1.1
184116,184139,184617,23,478,2,7200,1.04811715481
184128,184144,184665,16,521,2,7200,1.03071017274
184144,184162,184672,18,510,2,7200,1.03529411765
184146,184168,184693,22,525,2,7200,1.0419047619
184158,184185,184654,27,469,2,7200,1.05756929638
184165,184209,184719,44,510,2,7200,1.0862745098
184183,184216,184739,33,523,2,7200,1.06309751434
184192,349028,417479,164836,68451,8,259200,3.40808753707
184210,184228,184727,18,499,2,7200,1.03607214429
184212,184281,184768,69,487,2,7200,1.14168377823
184220,187745,188102,3525,357,1,3600,10.8739495798
184223,187750,188211,3527,461,1,3600,8.65075921909
184224,184300,184829,76,529,2,7200,1.14366729679
184224,187769,188189,3545,420,1,3600,9.44047619048
184279,184329,184829,50,500,2,7200,1.1
184286,187774,188313,3488,539,1,3600,7.47124304267
184287,187788,188096,3501,308,1,3600,12.3668831169
184288,187793,188370,3505,577,1,3600,7.07452339688
184296,184338,184804,42,466,2,7200,1.09012875536
184325,184366,184866,41,500,2,7200,1.082
184341,184389,184910,48,521,2,7200,1.09213051823
184350,187801,188450,3451,649,1,3600,6.31741140216
184351,187819,188266,3468,447,1,3600,8.75838926174
184353,187825,188291,3472,466,1,3600,8.45064377682
184364,184396,184907,32,511,2,7200,1.0626223092
184387,184416,184937,29,521,2,7200,1.0556621881
184394,184434,184919,40,485,2,7200,1.0824742268
184414,187830,188369,3416,539,1,3600,7.33766233766
184415,184441,184947,26,506,2,7200,1.05138339921
184433,184451,184969,18,518,2,7200,1.03474903475
184440,184465,184957,25,492,2,7200,1.05081300813
184441,197196,199614,12755,2418,1,3600,6.27502067825
184447,184522,185040,75,518,2,7200,1.14478764479
184463,184529,185061,66,532,2,7200,1.12406015038
184518,184534,185057,16,523,2,7200,1.03059273423
184525,184541,185021,16,480,2,7200,1.03333333333
184532,184548,185101,16,553,2,7200,1.02893309222
184536,187835,188240,3299,405,1,3600,9.14567901235
184549,184555,185074,6,519,2,7200,1.01156069364
184550,184562,185117,12,555,2,7200,1.02162162162
184552,184567,185042,15,475,2,7200,1.03157894737
184559,184580,185099,21,519,2,7200,1.04046242775
184566,184585,185093,19,508,2,7200,1.0374015748
184578,184604,185131,26,527,2,7200,1.04933586338
184585,184609,185147,24,538,2,7200,1.04460966543
184598,187843,188319,3245,476,1,3600,7.81722689076
184599,187849,188273,3250,424,1,3600,8.66509433962
184601,187854,188291,3253,437,1,3600,8.44393592677
184603,184617,185118,14,501,2,7200,1.02794411178
184620,184629,185173,9,544,2,7200,1.01654411765
184621,184638,185100,17,462,2,7200,1.0367965368
184628,184645,185177,17,532,2,7200,1.03195488722
184635,184667,185164,32,497,2,7200,1.06438631791
184642,184677,185246,35,569,2,7200,1.06151142355
184662,187879,188397,3217,518,1,3600,7.21042471042
184665,184685,185184,20,499,2,7200,1.04008016032
184682,184705,185213,23,508,2,7200,1.04527559055
184683,184731,185208,48,477,2,7200,1.10062893082
184701,184740,185216,39,476,2,7200,1.08193277311
184729,184751,185235,22,484,2,7200,1.04545454545
184736,184786,185259,50,473,2,7200,1.10570824524
184752,184816,185343,64,527,2,7200,1.12144212524
184784,187884,188518,3100,634,1,3600,5.88958990536
184786,184841,185344,55,503,2,7200,1.10934393638
184786,187903,188282,3117,379,1,3600,9.22427440633
184814,184846,185325,32,479,2,7200,1.06680584551
184837,184878,185338,41,460,2,7200,1.08913043478
184847,187909,188329,3062,420,1,3600,8.29047619048
184849,187927,188378,3078,451,1,3600,7.82483370288
184850,187932,188351,3082,419,1,3600,8.35560859189
184851,187940,188391,3089,451,1,3600,7.84922394678
184853,184919,185430,66,511,2,7200,1.12915851272
184876,184926,185428,50,502,2,7200,1.09960159363
184913,187998,188328,3085,330,1,3600,10.3484848485
184914,188006,188419,3092,413,1,3600,8.48668280872
184915,184933,185459,18,526,2,7200,1.03422053232
184922,184948,185440,26,492,2,7200,1.05284552846
184938,184959,185471,21,512,2,7200,1.041015625
184945,184969,185482,24,513,2,7200,1.04678362573
184957,184983,185541,26,558,2,7200,1.04659498208
184964,185033,185516,69,483,2,7200,1.14285714286
184976,188011,188424,3035,413,1,3600,8.34866828087
184982,185055,185568,73,513,2,7200,1.14230019493
185030,185060,185574,30,514,2,7200,1.05836575875
185039,191275,191283,6236,8,1,1800,624.4
185053,185075,185622,22,547,2,7200,1.04021937843
185060,185080,185587,20,507,2,7200,1.03944773176
185072,185087,185591,15,504,2,7200,1.02976190476
185089,185105,185587,16,482,2,7200,1.03319502075
185091,185112,185677,21,565,2,7200,1.03716814159
185097,188048,188575,2951,527,1,3600,6.59962049336
185099,188074,188561,2975,487,1,3600,7.10882956879
185103,185117,185694,14,577,2,7200,1.02426343154
185110,185135,185647,25,512,2,7200,1.048828125
185117,185140,185620,23,480,2,7200,1.04791666667
185134,185147,185661,13,514,2,7200,1.02529182879
185141,185154,185668,13,514,2,7200,1.02529182879
185142,185161,185687,19,526,2,7200,1.036121673
185149,185176,185675,27,499,2,7200,1.05410821643
185156,185184,185708,28,524,2,7200,1.0534351145
185160,188079,188740,2919,661,1,3600,5.41603630862
185162,188086,188577,2924,491,1,3600,6.95519348269
185174,185197,185659,23,462,2,7200,1.04978354978
185181,185202,185699,21,497,2,7200,1.04225352113
185197,185220,185708,23,488,2,7200,1.04713114754
185199,185227,185726,28,499,2,7200,1.05611222445
185217,185234,185771,17,537,2,7200,1.03165735568
185223,188105,188520,2882,415,1,3600,7.94457831325
185224,185248,185814,24,566,2,7200,1.04240282686
185231,185258,185736,27,478,2,7200,1.05648535565
185247,185272,185779,25,507,2,7200,1.04930966469
185254,185289,185723,35,434,2,7200,1.08064516129
185272,185337,185838,65,501,2,7200,1.12974051896
185285,188112,188590,2827,478,1,3600,6.91422594142
185286,188119,188583,2833,464,1,3600,7.10560344828
185288,188124,188569,2836,445,1,3600,7.37303370787
185289,185351,185879,62,528,2,7200,1.11742424242
185333,185358,185861,25,503,2,7200,1.04970178926
185349,188129,188545,2780,416,1,3600,7.68269230769
185350,185363,185850,13,487,2,7200,1.02669404517
185351,188137,188550,2786,413,1,3600,7.74576271186
185352,188144,188689,2792,545,1,3600,6.12293577982
185357,185441,186008,84,567,2,7200,1.14814814815
185359,185448,185995,89,547,2,7200,1.16270566728
185381,197201,197318,11820,117,1,3600,102.025641026
185440,185455,185971,15,516,2,7200,1.02906976744
185447,185477,186017,30,540,2,7200,1.05555555556
185463,185484,185977,21,493,2,7200,1.04259634888
185474,188149,188625,2675,476,1,3600,6.61974789916
185475,185494,186050,19,556,2,7200,1.03417266187
185476,188162,188560,2686,398,1,3600,7.74874371859
185482,185501,186041,19,540,2,7200,1.03518518519
185495,185528,186076,33,548,2,7200,1.0602189781
185510,185553,186096,43,543,2,7200,1.07918968692
185528,185580,186102,52,522,2,7200,1.09961685824
185538,188187,188669,2649,482,1,3600,6.49585062241
185539,188201,188703,2662,502,1,3600,6.30278884462
185555,185587,186093,32,506,2,7200,1.06324110672
185578,185601,186127,23,526,2,7200,1.04372623574
185594,185606,186090,12,484,2,7200,1.02479338843
185601,188219,188622,2618,403,1,3600,7.49627791563
185601,185614,186174,13,560,2,7200,1.02321428571
185602,188226,188671,2624,445,1,3600,6.89662921348
185603,185619,186157,16,538,2,7200,1.02973977695
185610,185632,186157,22,525,2,7200,1.0419047619
185617,185638,186152,21,514,2,7200,1.04085603113
185634,185659,186174,25,515,2,7200,1.04854368932
185635,185672,186208,37,536,2,7200,1.06902985075
185657,185678,186172,21,494,2,7200,1.04251012146
185664,188250,188743,2586,493,1,3600,6.24543610548
185673,185685,186176,12,491,2,7200,1.02443991853
185674,185692,186229,18,537,2,7200,1.03351955307
185681,185697,186230,16,533,2,7200,1.03001876173
185698,185705,186151,7,446,2,7200,1.01569506726
185700,185717,186285,17,568,2,7200,1.02992957746
185701,185722,186237,21,515,2,7200,1.04077669903
185714,185735,186258,21,523,2,7200,1.04015296367
185726,188263,188790,2537,527,1,3600,5.81404174573
185727,188277,188781,2550,504,1,3600,6.05952380952
185729,188285,188555,2556,270,1,3600,10.4666666667
185730,185758,186237,28,479,2,7200,1.05845511482
185732,185763,186301,31,538,2,7200,1.05762081784
185755,185771,186275,16,504,2,7200,1.03174603175
185762,185784,186284,22,500,2,7200,1.044
185769,185791,186274,22,483,2,7200,1.04554865424
185786,185826,186329,40,503,2,7200,1.07952286282
185787,185850,186341,63,491,2,7200,1.1283095723
185826,185862,186385,36,523,2,7200,1.06883365201
185847,185873,186389,26,516,2,7200,1.0503875969
185860,185891,186351,31,460,2,7200,1.06739130435
185876,185983,186497,107,514,2,7200,1.20817120623
185888,185990,186505,102,515,2,7200,1.19805825243
185921,188294,190771,2373,2477,1,3600,1.95801372628
185922,188303,189461,2381,1158,1,3600,3.05613126079
185984,186011,186541,27,530,2,7200,1.05094339623
185986,186020,186536,34,516,2,7200,1.06589147287
186009,186029,186560,20,531,2,7200,1.03766478343
186025,186053,186566,28,513,2,7200,1.05458089669
186027,186062,186575,35,513,2,7200,1.06822612086
186044,188308,190001,2264,1693,1,3600,2.33727111636
186050,186088,186607,38,519,2,7200,1.0732177264
186066,186102,186631,36,529,2,7200,1.06805293006
186084,186109,186614,25,505,2,7200,1.0495049505
186100,186114,186619,14,505,2,7200,1.02772277228
186105,188325,190507,2220,2182,1,3600,2.0174152154
186107,186127,186649,20,522,2,7200,1.03831417625
186107,188332,189950,2225,1618,1,3600,2.37515451174
186114,186140,186659,26,519,2,7200,1.05009633911
186127,186163,186677,36,514,2,7200,1.07003891051
186143,186170,186705,27,535,2,7200,1.05046728972
186161,186175,186699,14,524,2,7200,1.02671755725
186178,186193,186699,15,506,2,7200,1.02964426877
186179,186199,186707,20,508,2,7200,1.03937007874
186192,186211,186768,19,557,2,7200,1.03411131059
186199,186217,186772,18,555,2,7200,1.03243243243
186211,186229,186720,18,491,2,7200,1.0366598778
186213,186242,186757,29,515,2,7200,1.05631067961
186225,186247,186757,22,510,2,7200,1.0431372549
186228,188341,190677,2113,2336,1,3600,1.90453767123
186230,188346,189807,2116,1461,1,3600,2.44832306639
186231,188365,190063,2134,1698,1,3600,2.25677267373
186238,186254,186732,16,478,2,7200,1.03347280335
186254,186261,186746,7,485,2,7200,1.01443298969
186256,186270,186818,14,548,2,7200,1.02554744526
186257,186286,186793,29,507,2,7200,1.05719921105
186270,186293,186775,23,482,2,7200,1.04771784232
186282,186300,186801,18,501,2,7200,1.03592814371
186299,186307,186830,8,523,2,7200,1.01529636711
186300,186314,186804,14,490,2,7200,1.02857142857
186307,186341,186839,34,498,2,7200,1.06827309237
186314,186353,186875,39,522,2,7200,1.07471264368
186337,186368,186875,31,507,2,7200,1.06114398422
186353,188370,190051,2017,1681,1,3600,2.1998810232
186354,186399,186914,45,515,2,7200,1.08737864078
186366,186406,186894,40,488,2,7200,1.08196721311
186400,186509,186966,109,457,2,7200,1.23851203501
186407,186517,187010,110,493,2,7200,1.22312373225
186414,188384,190555,1970,2171,1,3600,1.90741593736
186415,188389,190451,1974,2062,1,3600,1.95732298739
186477,188396,189675,1919,1279,1,3600,2.50039093041
186508,186548,187031,40,483,2,7200,1.08281573499
186515,186555,187080,40,525,2,7200,1.07619047619
186538,188401,189863,1863,1462,1,3600,2.27428180575
186548,186572,187106,24,534,2,7200,1.04494382022
186555,186579,187099,24,520,2,7200,1.04615384615
186572,186592,187082,20,490,2,7200,1.04081632653
186579,186620,187153,41,533,2,7200,1.07692307692
186591,186627,187130,36,503,2,7200,1.07157057654
186600,188407,190190,1807,1783,1,3600,2.0134604599
186619,186634,187162,15,528,2,7200,1.02840909091
186637,186661,187167,24,506,2,7200,1.04743083004
186639,186671,187184,32,513,2,7200,1.06237816764
186662,186690,187233,28,543,2,7200,1.05156537753
186669,186708,187232,39,524,2,7200,1.07442748092
186686,186715,187242,29,527,2,7200,1.055028463
186708,186720,187179,12,459,2,7200,1.02614379085
186716,186733,187267,17,534,2,7200,1.03183520599
186717,186739,187244,22,505,2,7200,1.04356435644
186721,188412,190200,1691,1788,1,3600,1.94574944072
186723,188417,189899,1694,1482,1,3600,2.14304993252
186730,186746,187306,16,560,2,7200,1.02857142857
186737,186751,187256,14,505,2,7200,1.02772277228
186744,186759,187285,15,526,2,7200,1.02851711027
186751,186773,187255,22,482,2,7200,1.04564315353
186767,186791,187297,24,506,2,7200,1.04743083004
186769,186796,187275,27,479,2,7200,1.05636743215
186784,188423,190287,1639,1864,1,3600,1.87929184549
186785,188428,190326,1643,1898,1,3600,1.86564805058
186787,188434,190073,1647,1639,1,3600,2.00488102502
186787,186809,187296,22,487,2,7200,1.04517453799
186794,186814,187368,20,554,2,7200,1.03610108303
186806,186821,187314,15,493,2,7200,1.03042596349
186823,186834,187375,11,541,2,7200,1.02033271719
186825,186839,187375,14,536,2,7200,1.02611940299
186832,186852,187326,20,474,2,7200,1.04219409283
186839,186857,187390,18,533,2,7200,1.03377110694
186848,188439,190086,1591,1647,1,3600,1.96599878567
186850,188444,190346,1594,1902,1,3600,1.83806519453
186851,186865,187395,14,530,2,7200,1.02641509434
186851,188450,189578,1599,1128,1,3600,2.41755319149
186853,186887,187414,34,527,2,7200,1.06451612903
186865,186892,187448,27,556,2,7200,1.04856115108
186887,186906,187474,19,568,2,7200,1.03345070423
186889,186926,187472,37,546,2,7200,1.06776556777
186906,186979,187498,73,519,2,7200,1.14065510597
186924,187023,187537,99,514,2,7200,1.19260700389
186972,188455,189777,1483,1322,1,3600,2.12178517398
186977,187047,187505,70,458,2,7200,1.15283842795
187021,187092,187602,71,510,2,7200,1.13921568627
187034,188460,189950,1426,1490,1,3600,1.95704697987
187044,187099,187617,55,518,2,7200,1.10617760618
187092,187111,187613,19,502,2,7200,1.03784860558
187095,188466,189986,1371,1520,1,3600,1.90197368421
187097,188471,189753,1374,1282,1,3600,2.07176287051
187099,187118,187643,19,525,2,7200,1.03619047619
187112,187142,187614,30,472,2,7200,1.06355932203
187113,187165,187671,52,506,2,7200,1.10276679842
187140,187174,187696,34,522,2,7200,1.06513409962
187158,188477,189865,1319,1388,1,3600,1.95028818444
187163,187181,187678,18,497,2,7200,1.03621730382
187170,187188,187702,18,514,2,7200,1.03501945525
187186,187195,187667,9,472,2,7200,1.01906779661
187188,187202,187744,14,542,2,7200,1.0258302583
187195,187245,187756,50,511,2,7200,1.09784735812
187202,187250,187778,48,528,2,7200,1.09090909091
187220,188482,189719,1262,1237,1,3600,2.02021018593
187221,188487,190625,1266,2138,1,3600,1.59214218896
187241,187257,187733,16,476,2,7200,1.03361344538
187258,187275,187775,17,500,2,7200,1.034
187259,187280,187782,21,502,2,7200,1.04183266932
187272,187288,187830,16,542,2,7200,1.0295202952
187279,187293,187778,14,485,2,7200,1.02886597938
187286,187300,187822,14,522,2,7200,1.02681992337
187293,187305,187805,12,500,2,7200,1.024
187309,187330,187795,21,465,2,7200,1.04516129032
187311,187335,187860,24,525,2,7200,1.04571428571
187329,187342,187855,13,513,2,7200,1.0253411306
187336,187380,187882,44,502,2,7200,1.08764940239
187343,188500,190177,1157,1677,1,3600,1.68992248062
187343,187387,187882,44,495,2,7200,1.08888888889
187344,188505,190480,1161,1975,1,3600,1.58784810127
187376,187392,187864,16,472,2,7200,1.03389830508
187393,187405,187869,12,464,2,7200,1.02586206897
187395,187412,187889,17,477,2,7200,1.035639413
187402,187426,187908,24,482,2,7200,1.04979253112
187405,188510,190403,1105,1893,1,3600,1.58372952985
187409,187461,187976,52,515,2,7200,1.10097087379
187422,307616,307618,120194,2,1,72000,12019.6
187426,187484,188046,58,562,2,7200,1.10320284698
187460,187491,187994,31,503,2,7200,1.06163021869
187467,188516,190033,1049,1517,1,3600,1.69149637442
187468,188521,189813,1053,1292,1,3600,1.81501547988
187482,187511,188043,29,532,2,7200,1.0545112782
187489,187518,188086,29,568,2,7200,1.05105633803
187512,187549,188050,37,501,2,7200,1.07385229541
187513,187614,188132,101,518,2,7200,1.19498069498
187530,188539,189976,1009,1437,1,3600,1.70215727209
187547,187625,188165,78,540,2,7200,1.14444444444
187591,188544,190407,953,1863,1,3600,1.51154052603
187611,187632,188107,21,475,2,7200,1.04421052632
187623,187637,188182,14,545,2,7200,1.02568807339
187630,187655,188223,25,568,2,7200,1.04401408451
187637,187679,188187,42,508,2,7200,1.08267716535
187653,188562,190351,909,1789,1,3600,1.50810508664
187654,187698,188223,44,525,2,7200,1.08380952381
187677,187707,188220,30,513,2,7200,1.05847953216
187694,187713,188227,19,514,2,7200,1.03696498054
187707,187757,188259,50,502,2,7200,1.09960159363
187714,188567,189791,853,1224,1,3600,1.69689542484
187715,188579,190327,864,1748,1,3600,1.4942791762
187717,188584,190240,867,1656,1,3600,1.52355072464
187718,188590,189865,872,1275,1,3600,1.68392156863
187723,187807,188340,84,533,2,7200,1.15759849906
187757,187812,188339,55,527,2,7200,1.10436432638
187806,187860,188365,54,505,2,7200,1.10693069307
187808,187866,188375,58,509,2,7200,1.11394891945
187840,188602,190251,762,1649,1,3600,1.46209824136
187841,188607,190373,766,1766,1,3600,1.43374858437
187857,187872,188379,15,507,2,7200,1.02958579882
187876,187891,188408,15,517,2,7200,1.02901353965
187878,187896,188412,18,516,2,7200,1.03488372093
187890,187914,188422,24,508,2,7200,1.04724409449
187897,187920,188446,23,526,2,7200,1.04372623574
187914,187988,188491,74,503,2,7200,1.14711729622
187916,188055,188574,139,519,2,7200,1.26782273603
187963,188613,190675,650,2062,1,3600,1.31522793404
187987,188062,188610,75,548,2,7200,1.13686131387
188024,188618,190255,594,1637,1,3600,1.36285888821
188052,188067,188560,15,493,2,7200,1.03042596349
188059,188097,188648,38,551,2,7200,1.06896551724
188066,188177,188733,111,556,2,7200,1.19964028777
188085,188623,190153,538,1530,1,3600,1.35163398693
188087,188648,190366,561,1718,1,3600,1.32654249127
188088,188681,190651,593,1970,1,3600,1.30101522843
188089,188688,190056,599,1368,1,3600,1.43786549708
188094,188194,188677,100,483,2,7200,1.20703933747
188151,188702,190139,551,1437,1,3600,1.38343771747
188152,188715,191315,563,2600,1,3600,1.21653846154
188153,188752,191171,599,2419,1,3600,1.2476229847
188155,188764,190416,609,1652,1,3600,1.3686440678
188156,188793,190434,637,1641,1,3600,1.38817794028
188175,188206,188715,31,509,2,7200,1.06090373281
188192,188233,188741,41,508,2,7200,1.08070866142
188205,188240,188755,35,515,2,7200,1.06796116505
188217,188812,190780,595,1968,1,3600,1.30233739837
188219,189473,191044,1254,1571,1,3600,1.79821769574
188220,189590,191261,1370,1671,1,3600,1.81986834231
188222,189687,191369,1465,1682,1,3600,1.87098692033
188233,188245,188766,12,521,2,7200,1.02303262956
188252,188258,188788,6,530,2,7200,1.01132075472
188253,188271,188787,18,516,2,7200,1.03488372093
188255,188353,188878,98,525,2,7200,1.18666666667
188267,188358,188887,91,529,2,7200,1.17202268431
188283,189732,191458,1449,1726,1,3600,1.83951332561
188284,189769,191346,1485,1577,1,3600,1.94166138237
188286,189790,191503,1504,1713,1,3600,1.8779918272
188287,189803,191827,1516,2024,1,3600,1.74901185771
188288,189823,191654,1535,1831,1,3600,1.83833970508
188350,189835,191566,1485,1731,1,3600,1.85788561525
188352,189876,191519,1524,1643,1,3600,1.92757151552
188353,188377,188898,24,521,2,7200,1.04606525912
188353,189883,191181,1530,1298,1,3600,2.17873651772
188355,189888,192255,1533,2367,1,3600,1.64765525982
188355,188493,188979,138,486,2,7200,1.28395061728
188356,189912,191585,1556,1673,1,3600,1.93006575015
188358,189966,191570,1608,1604,1,3600,2.00249376559
188359,189971,191775,1612,1804,1,3600,1.89356984479
188361,189988,191828,1627,1840,1,3600,1.88423913043
188373,188526,189060,153,534,2,7200,1.28651685393
188423,189998,191576,1575,1578,1,3600,1.99809885932
188424,190016,191633,1592,1617,1,3600,1.98453927025
188425,190045,191523,1620,1478,1,3600,2.09607577808
188427,190063,192298,1636,2235,1,3600,1.73199105145
188428,190070,191949,1642,1879,1,3600,1.8738690793
188430,190077,191926,1647,1849,1,3600,1.89075175771
188431,190085,191694,1654,1609,1,3600,2.02796768179
188491,188532,189018,41,486,2,7200,1.08436213992
188493,190098,191952,1605,1854,1,3600,1.86569579288
188524,188549,189055,25,506,2,7200,1.04940711462
188531,188555,189109,24,554,2,7200,1.04332129964
188548,188572,189087,24,515,2,7200,1.04660194175
188554,190151,191867,1597,1716,1,3600,1.93065268065
188555,188595,189102,40,507,2,7200,1.07889546351
188556,190165,191626,1609,1461,1,3600,2.10130047912
188557,190194,191837,1637,1643,1,3600,1.99634814364
188559,190208,191860,1649,1652,1,3600,1.99818401937
188573,188629,189163,56,534,2,7200,1.10486891386
188591,188636,189140,45,504,2,7200,1.08928571429
188620,190215,191894,1595,1679,1,3600,1.94997022037
188622,190252,191605,1630,1353,1,3600,2.20473022912
188623,190266,191862,1643,1596,1,3600,2.02944862155
188624,190272,191880,1648,1608,1,3600,2.02487562189
188626,190299,191921,1673,1622,1,3600,2.03144266338
188627,190338,192391,1711,2053,1,3600,1.83341451534
188629,190345,192306,1716,1961,1,3600,1.87506374299
188629,188641,189128,12,487,2,7200,1.02464065708
188630,190359,191870,1729,1511,1,3600,2.14427531436
188632,190366,192229,1734,1863,1,3600,1.9307568438
188633,190377,192308,1744,1931,1,3600,1.90315898498
188636,188661,189226,25,565,2,7200,1.04424778761
188638,188695,189245,57,550,2,7200,1.10363636364
188661,188727,189237,66,510,2,7200,1.12941176471
188694,188745,189292,51,547,2,7200,1.09323583181
188695,190385,191491,1690,1106,1,3600,2.52802893309
188696,190390,192134,1694,1744,1,3600,1.97133027523
188697,190415,191444,1718,1029,1,3600,2.66958211856
188728,188759,189277,31,518,2,7200,1.05984555985
188741,188771,189306,30,535,2,7200,1.05607476636
188758,188778,189286,20,508,2,7200,1.03937007874
188759,190434,192069,1675,1635,1,3600,2.0244648318
188761,190446,192322,1685,1876,1,3600,1.89818763326
188762,190463,192201,1701,1738,1,3600,1.97871116226
188771,188800,189344,29,544,2,7200,1.05330882353
188778,188805,189332,27,527,2,7200,1.05123339658
188800,188890,189414,90,524,2,7200,1.17175572519
188802,188899,189454,97,555,2,7200,1.17477477477
188824,190492,192006,1668,1514,1,3600,2.10171730515
188825,190519,192696,1694,2177,1,3600,1.77813504823
188888,188911,189400,23,489,2,7200,1.04703476483
188895,188991,189531,96,540,2,7200,1.17777777778
188907,189030,189557,123,527,2,7200,1.23339658444
188988,189067,189584,79,517,2,7200,1.15280464217
189027,189074,189594,47,520,2,7200,1.09038461538
189066,189099,189589,33,490,2,7200,1.06734693878
189073,189114,189627,41,513,2,7200,1.07992202729
189096,189121,189645,25,524,2,7200,1.04770992366
189114,189141,189657,27,516,2,7200,1.0523255814
189121,189152,189629,31,477,2,7200,1.06498951782
189145,189175,189743,30,568,2,7200,1.05281690141
189152,189238,189748,86,510,2,7200,1.16862745098
189175,189250,189767,75,517,2,7200,1.14506769826
189235,189257,189800,22,543,2,7200,1.04051565378
189247,189289,189812,42,523,2,7200,1.08030592734
189254,189298,189790,44,492,2,7200,1.08943089431
189288,189305,189821,17,516,2,7200,1.03294573643
189295,189318,189827,23,509,2,7200,1.04518664047
189302,189344,189835,42,491,2,7200,1.08553971487
189314,189356,189888,42,532,2,7200,1.07894736842
189343,189412,189922,69,510,2,7200,1.13529411765
189355,189426,189947,71,521,2,7200,1.13627639155
189410,189466,189997,56,531,2,7200,1.1054613936
189422,189543,190036,121,493,2,7200,1.24543610548
189466,189569,190104,103,535,2,7200,1.19252336449
189487,190568,191868,1081,1300,1,3600,1.83153846154
189542,189597,190111,55,514,2,7200,1.10700389105
189565,189604,190102,39,498,2,7200,1.07831325301
189593,189611,190164,18,553,2,7200,1.03254972875
189609,190637,192202,1028,1565,1,3600,1.65686900958
189612,189639,190150,27,511,2,7200,1.05283757339
189613,189646,190141,33,495,2,7200,1.06666666667
189636,189657,190174,21,517,2,7200,1.04061895551
189643,189669,190189,26,520,2,7200,1.05
189656,189755,190264,99,509,2,7200,1.19449901768
189668,189762,190246,94,484,2,7200,1.19421487603
189731,190663,192956,932,2293,1,3600,1.40645442652
189732,190687,192706,955,2019,1,3600,1.47300643883
189754,189779,190267,25,488,2,7200,1.0512295082
189761,189808,190334,47,526,2,7200,1.08935361217
189779,189816,190293,37,477,2,7200,1.07756813417
189794,190694,191866,900,1172,1,3600,1.76791808874
189796,190784,192744,988,1960,1,3600,1.50408163265
189797,190797,192696,1000,1899,1,3600,1.52659294365
189807,189830,190352,23,522,2,7200,1.04406130268
189814,189842,190371,28,529,2,7200,1.05293005671
189826,189847,190406,21,559,2,7200,1.03756708408
189839,189854,190367,15,513,2,7200,1.02923976608
189846,189900,190469,54,569,2,7200,1.09490333919
189852,189934,190385,82,451,2,7200,1.18181818182
189859,191056,192451,1197,1395,1,3600,1.85806451613
189860,191183,192740,1323,1557,1,3600,1.84971098266
189896,189959,190440,63,481,2,7200,1.13097713098
189922,191193,193070,1271,1877,1,3600,1.67714437933
189923,191577,193633,1654,2056,1,3600,1.80447470817
189925,191666,193071,1741,1405,1,3600,2.23914590747
189926,192081,193630,2155,1549,1,3600,2.39122014203
189930,190009,190534,79,525,2,7200,1.15047619048
189958,190052,190548,94,496,2,7200,1.18951612903
189988,192146,193867,2158,1721,1,3600,2.25392213829
189989,192213,193515,2224,1302,1,3600,2.70814132104
189991,192220,193955,2229,1735,1,3600,2.28472622478
189992,192708,194538,2716,1830,1,3600,2.48415300546
190014,190114,190617,100,503,2,7200,1.19880715706
190052,190121,190699,69,578,2,7200,1.11937716263
190054,193087,194510,3033,1423,1,3600,3.13141250878
190056,193527,195724,3471,2197,1,3600,2.5798816568
190057,193643,195380,3586,1737,1,3600,3.06447898676
190112,190128,190678,16,550,2,7200,1.02909090909
190118,193650,195083,3532,1433,1,3600,3.46475924634
190119,190158,190695,39,537,2,7200,1.07262569832
190120,193881,195604,3761,1723,1,3600,3.18282066164
190121,193968,195176,3847,1208,1,3600,4.18460264901
190123,194527,196302,4404,1775,1,3600,3.48112676056
190126,190170,190676,44,506,2,7200,1.08695652174
190154,190177,190713,23,536,2,7200,1.04291044776
190166,190187,190699,21,512,2,7200,1.041015625
190173,190201,190712,28,511,2,7200,1.05479452055
190184,194549,196267,4365,1718,1,3600,3.54074505239
190186,190259,190779,73,520,2,7200,1.14038461538
190186,195095,196849,4909,1754,1,3600,3.79874572406
190188,195188,196765,5000,1577,1,3600,4.17057704502
190198,190280,190817,82,537,2,7200,1.15270018622
190249,195392,197084,5143,1692,1,3600,4.03959810875
190251,195618,197274,5367,1656,1,3600,4.24094202899
190252,195736,197462,5484,1726,1,3600,4.17728852839
190257,190285,190724,28,439,2,7200,1.06378132118
190281,190306,190824,25,518,2,7200,1.04826254826
190282,190352,190874,70,522,2,7200,1.13409961686
190305,190371,190876,66,505,2,7200,1.13069306931
190314,196225,197877,5911,1652,1,3600,4.57808716707
190316,196239,197719,5923,1480,1,3600,5.00202702703
190317,196244,198061,5927,1817,1,3600,4.26197028068
190349,190396,190928,47,532,2,7200,1.08834586466
190372,190403,190958,31,555,2,7200,1.05585585586
190379,196279,198411,5900,2132,1,3600,3.76735459662
190380,196314,198183,5934,1869,1,3600,4.17495987159
190382,196531,198220,6149,1689,1,3600,4.64061574896
190383,196777,198191,6394,1414,1,3600,5.52192362093
190385,196861,198392,6476,1531,1,3600,5.22991508818
190386,196990,198844,6604,1854,1,3600,4.56202804746
190395,190422,190944,27,522,2,7200,1.05172413793
190413,190427,190917,14,490,2,7200,1.02857142857
190420,190453,190977,33,524,2,7200,1.06297709924
190427,190482,190980,55,498,2,7200,1.11044176707
190448,196995,198950,6547,1955,1,3600,4.34884910486
190449,197000,198801,6551,1801,1,3600,4.63742365353
190450,190546,191070,96,524,2,7200,1.18320610687
190451,197006,198655,6555,1649,1,3600,4.97513644633
190452,197011,199025,6559,2014,1,3600,4.25670307845
190478,190561,191135,83,574,2,7200,1.14459930314
190514,197017,198334,6503,1317,1,3600,5.9377372817
190515,197022,199700,6507,2678,1,3600,3.42979835698
190517,197027,199426,6510,2399,1,3600,3.71363067945
190543,190629,191130,86,501,2,7200,1.17165668663
190561,190699,191230,138,531,2,7200,1.25988700565
190578,197033,199171,6455,2138,1,3600,4.01917680075
190626,190705,191202,79,497,2,7200,1.15895372233
190640,197038,198731,6398,1693,1,3600,4.77909037212
190696,190712,191222,16,510,2,7200,1.03137254902
190703,197043,198652,6340,1609,1,3600,4.94033561218
190703,190717,191185,14,468,2,7200,1.02991452991
190704,197049,199599,6345,2550,1,3600,3.48823529412
190706,197054,199075,6348,2021,1,3600,4.14101929738
190710,190724,191237,14,513,2,7200,1.02729044834
190717,190729,191256,12,527,2,7200,1.02277039848
190724,190736,191236,12,500,2,7200,1.024
190726,190741,191295,15,554,2,7200,1.02707581227
190733,190792,191332,59,540,2,7200,1.10925925926
190740,190828,191382,88,554,2,7200,1.15884476534
190789,190837,191413,48,576,2,7200,1.08333333333
190827,197060,199016,6233,1956,1,3600,4.18660531697
190828,190886,191430,58,544,2,7200,1.10661764706
190829,197065,198672,6236,1607,1,3600,4.88052271313
190835,190893,191406,58,513,2,7200,1.11306042885
190891,190929,191387,38,458,2,7200,1.08296943231
190893,190940,191411,47,471,2,7200,1.09978768577
190926,190956,191466,30,510,2,7200,1.05882352941
190938,190971,191497,33,526,2,7200,1.06273764259
190956,190990,191488,34,498,2,7200,1.06827309237
190968,190997,191488,29,491,2,7200,1.05906313646
190986,191082,191612,96,530,2,7200,1.18113207547
190998,191142,191671,144,529,2,7200,1.27221172023
191070,197071,198959,6001,1888,1,3600,4.17849576271
191079,191149,191670,70,521,2,7200,1.13435700576
191139,191200,191735,61,535,2,7200,1.11401869159
191146,191214,191752,68,538,2,7200,1.12639405204
191192,197076,198732,5884,1656,1,3600,4.55314009662
191193,197081,199226,5888,2145,1,3600,3.74498834499
191200,191235,191745,35,510,2,7200,1.06862745098
191213,191242,191729,29,487,2,7200,1.05954825462
191236,191249,191724,13,475,2,7200,1.02736842105
191243,191254,191794,11,540,2,7200,1.02037037037
191249,191268,191789,19,521,2,7200,1.03646833013
191251,191307,191801,56,494,2,7200,1.11336032389
191263,191344,191847,81,503,2,7200,1.16103379722
191308,191394,191900,86,506,2,7200,1.16996047431
191315,197087,198529,5772,1442,1,3600,5.0027739251
191341,191401,191908,60,507,2,7200,1.11834319527
191378,197092,198609,5714,1517,1,3600,4.76664469347
191380,197099,199188,5719,2089,1,3600,3.737673528
191381,197153,198625,5772,1472,1,3600,4.92119565217
191390,191418,191977,28,559,2,7200,1.05008944544
191397,191425,191938,28,513,2,7200,1.05458089669
191415,191430,191913,15,483,2,7200,1.03105590062
191422,191442,191917,20,475,2,7200,1.04210526316
191429,191478,192004,49,526,2,7200,1.09315589354
191441,191500,192073,59,573,2,7200,1.10296684119
191474,191505,191998,31,493,2,7200,1.06288032454
191497,191512,192021,15,509,2,7200,1.02946954813
191503,197158,198807,5655,1649,1,3600,4.42935112189
191504,191624,192160,120,536,2,7200,1.22388059701
191504,197164,198472,5660,1308,1,3600,5.32721712538
191505,197169,199012,5664,1843,1,3600,4.07325013565
191511,191688,192218,177,530,2,7200,1.33396226415
191567,197174,198440,5607,1266,1,3600,5.42890995261
191568,197180,198868,5612,1688,1,3600,4.32464454976
191570,197185,198021,5615,836,1,3600,7.71650717703
191624,191693,192212,69,519,2,7200,1.13294797688
191674,191680,191764,6,84,1,1800,1.07142857143
191689,191736,192293,47,557,2,7200,1.08438061041
191690,191743,192230,53,487,2,7200,1.10882956879
191734,191750,192213,16,463,2,7200,1.03455723542
191741,191757,192274,16,517,2,7200,1.03094777563
191760,191766,192282,6,516,2,7200,1.01162790698
191762,191801,192335,39,534,2,7200,1.07303370787
191763,191808,192350,45,542,2,7200,1.08302583026
191797,191815,192317,18,502,2,7200,1.03585657371
191804,191859,192361,55,502,2,7200,1.10956175299
191811,191912,192423,101,511,2,7200,1.19765166341
191854,191920,192452,66,532,2,7200,1.12406015038
191909,191927,192504,18,577,2,7200,1.03119584055
191916,191934,192437,18,503,2,7200,1.03578528827
191923,191950,192461,27,511,2,7200,1.05283757339
191935,191990,192521,55,531,2,7200,1.10357815443
191947,192010,192500,63,490,2,7200,1.12857142857
191964,191970,192070,6,100,1,1800,1.06
191985,192017,192523,32,506,2,7200,1.06324110672
192008,192033,192495,25,462,2,7200,1.05411255411
192015,192088,192618,73,530,2,7200,1.13773584906
192033,192173,192672,140,499,2,7200,1.28056112224
192087,192227,192755,140,528,2,7200,1.26515151515
192173,192232,192761,59,529,2,7200,1.11153119093
192228,192239,192714,11,475,2,7200,1.02315789474
192246,192253,192754,7,501,2,7200,1.01397205589
192248,192286,192806,38,520,2,7200,1.07307692308
192249,192294,192812,45,518,2,7200,1.08687258687
192283,192305,192820,22,515,2,7200,1.0427184466
192289,192329,192816,40,487,2,7200,1.08213552361
192302,192347,192847,45,500,2,7200,1.09
192324,192362,192881,38,519,2,7200,1.0732177264
192347,192374,192874,27,500,2,7200,1.054
192359,192435,192930,76,495,2,7200,1.15353535354
192372,192449,192962,77,513,2,7200,1.15009746589
192431,192465,192994,34,529,2,7200,1.06427221172
192449,192473,192962,24,489,2,7200,1.0490797546
192461,192507,193065,46,558,2,7200,1.08243727599
192473,192514,192983,41,469,2,7200,1.08742004264
192507,192521,193009,14,488,2,7200,1.02868852459
192513,192534,193054,21,520,2,7200,1.04038461538
192520,192541,193058,21,517,2,7200,1.04061895551
192533,192630,193176,97,546,2,7200,1.17765567766
192539,192684,193199,145,515,2,7200,1.28155339806
192632,192727,193187,95,460,2,7200,1.20652173913
192681,192766,193293,85,527,2,7200,1.16129032258
192722,192734,193110,12,376,1,1800,1.03191489362
192725,192773,193288,48,515,2,7200,1.0932038835
192764,192779,193275,15,496,2,7200,1.03024193548
192771,192818,193352,47,534,2,7200,1.08801498127
192778,192825,193345,47,520,2,7200,1.09038461538
192816,192831,193343,15,512,2,7200,1.029296875
192823,192837,193365,14,528,2,7200,1.02651515152
192830,192887,193415,57,528,2,7200,1.10795454545
192837,192859,193402,22,543,2,7200,1.04051565378
192855,192894,193405,39,511,2,7200,1.07632093933
192872,192880,192960,8,80,1,1800,1.1
192883,192942,193457,59,515,2,7200,1.1145631068
192890,192974,193472,84,498,2,7200,1.1686746988
192939,192979,193450,40,471,2,7200,1.08492569002
192972,192996,193486,24,490,2,7200,1.04897959184
192979,193006,193516,27,510,2,7200,1.05294117647
192997,193021,193558,24,537,2,7200,1.04469273743
193015,193066,193590,51,524,2,7200,1.09732824427
193022,193073,193543,51,470,2,7200,1.1085106383
193066,193080,193530,14,450,2,7200,1.03111111111
193073,193188,193760,115,572,2,7200,1.20104895105
193080,193199,193764,119,565,2,7200,1.21061946903
193187,193211,193744,24,533,2,7200,1.04502814259
193193,197206,197311,4013,105,1,1800,39.219047619
193199,193287,193794,88,507,2,7200,1.17357001972
193211,193300,193787,89,487,2,7200,1.18275154004
193287,193307,193822,20,515,2,7200,1.03883495146
193299,193355,193876,56,521,2,7200,1.10748560461
193306,193362,193862,56,500,2,7200,1.112
193355,193369,193920,14,551,2,7200,1.02540834846
193362,193377,193910,15,533,2,7200,1.02814258912
193369,193414,193902,45,488,2,7200,1.09221311475
193376,193421,193972,45,551,2,7200,1.08166969147
193414,193428,193928,14,500,2,7200,1.028
193421,193463,194026,42,563,2,7200,1.07460035524
193428,193469,193974,41,505,2,7200,1.08118811881
193462,193484,194042,22,558,2,7200,1.0394265233
193469,193499,194023,30,524,2,7200,1.0572519084
193482,193534,194025,52,491,2,7200,1.10590631365
193499,193542,194041,43,499,2,7200,1.08617234469
193532,193555,194077,23,522,2,7200,1.04406130268
193539,193570,194061,31,491,2,7200,1.06313645621
193552,193602,194087,50,485,2,7200,1.10309278351
193569,193757,194295,188,538,2,7200,1.34944237918
193602,193772,194279,170,507,2,7200,1.33530571992
193745,197212,197218,3467,6,1,1800,347.3
193757,193779,194314,22,535,2,7200,1.04112149533
193769,193799,194330,30,531,2,7200,1.05649717514
193776,193806,194271,30,465,2,7200,1.06451612903
193799,193834,194352,35,518,2,7200,1.06756756757
193806,193874,194403,68,529,2,7200,1.12854442344
193834,193889,194388,55,499,2,7200,1.11022044088
193872,193914,194394,42,480,2,7200,1.0875
193884,193923,194403,39,480,2,7200,1.08125
193913,193932,194402,19,470,2,7200,1.04042553191
193931,193940,194509,9,569,2,7200,1.0158172232
193933,193984,194479,51,495,2,7200,1.10303030303
193940,193991,194503,51,512,2,7200,1.099609375
193984,194035,194543,51,508,2,7200,1.10039370079
193991,194042,194573,51,531,2,7200,1.09604519774
194034,194047,194559,13,512,2,7200,1.025390625
194041,194054,194578,13,524,2,7200,1.02480916031
194043,194059,194531,16,472,2,7200,1.03389830508
194050,194074,194583,24,509,2,7200,1.04715127701
194057,194089,194606,32,517,2,7200,1.06189555126
194069,194099,194608,30,509,2,7200,1.05893909627
194087,194283,194783,196,500,2,7200,1.392
194099,194292,194810,193,518,2,7200,1.37258687259
194280,194308,194820,28,512,2,7200,1.0546875
194292,194326,194835,34,509,2,7200,1.06679764244
194304,194342,194824,38,482,2,7200,1.07883817427
194322,194364,194903,42,539,2,7200,1.07792207792
194339,194400,194936,61,536,2,7200,1.11380597015
194362,194407,194903,45,496,2,7200,1.09072580645
194402,194414,194895,12,481,2,7200,1.02494802495
194404,194421,194972,17,551,2,7200,1.03085299456
194411,194427,194952,16,525,2,7200,1.03047619048
194418,194491,194968,73,477,2,7200,1.15303983229
194425,194515,195005,90,490,2,7200,1.18367346939
194490,194522,194990,32,468,2,7200,1.06837606838
194512,194543,195039,31,496,2,7200,1.0625
194519,194556,195125,37,569,2,7200,1.06502636204
194542,194572,195107,30,535,2,7200,1.05607476636
194554,194586,195101,32,515,2,7200,1.06213592233
194571,194593,195098,22,505,2,7200,1.04356435644
194584,194600,195098,16,498,2,7200,1.03212851406
194591,194619,195131,28,512,2,7200,1.0546875
194597,194626,195169,29,543,2,7200,1.05340699816
194615,194795,195282,180,487,2,7200,1.36960985626
194622,194822,195359,200,537,2,7200,1.37243947858
194792,194831,195281,39,450,2,7200,1.08666666667
194820,194839,195338,19,499,2,7200,1.0380761523
194839,194847,195351,8,504,2,7200,1.01587301587
194840,194907,195444,67,537,2,7200,1.12476722533
194847,194916,195432,69,516,2,7200,1.13372093023
194907,194921,195419,14,498,2,7200,1.0281124498
194914,194949,195445,35,496,2,7200,1.07056451613
194921,194964,195449,43,485,2,7200,1.08865979381
194949,194980,195460,31,480,2,7200,1.06458333333
194961,194987,195536,26,549,2,7200,1.04735883424
194978,195002,195496,24,494,2,7200,1.04858299595
194985,195018,195492,33,474,2,7200,1.06962025316
194997,195051,195526,54,475,2,7200,1.11368421053
195015,195110,195616,95,506,2,7200,1.18774703557
195048,195117,195599,69,482,2,7200,1.14315352697
195108,195122,195633,14,511,2,7200,1.02739726027
195115,195129,195680,14,551,2,7200,1.02540834846
195121,195138,195694,17,556,2,7200,1.03057553957
195128,195145,195680,17,535,2,7200,1.03177570093
195135,195181,195706,46,525,2,7200,1.08761904762
195142,195293,195836,151,543,2,7200,1.27808471455
195182,195299,195828,117,529,2,7200,1.22117202268
195294,195350,195871,56,521,2,7200,1.10748560461
195296,195363,195899,67,536,2,7200,1.125
195350,195370,195881,20,511,2,7200,1.03913894325
195362,195432,195969,70,537,2,7200,1.1303538175
195369,195445,195988,76,543,2,7200,1.13996316759
195429,195456,195897,27,441,2,7200,1.0612244898
195441,195463,196004,22,541,2,7200,1.04066543438
195453,195468,196011,15,543,2,7200,1.02762430939
195460,195475,195955,15,480,2,7200,1.03125
195467,195504,196014,37,510,2,7200,1.07254901961
195474,195511,196011,37,500,2,7200,1.074
195502,195539,196077,37,538,2,7200,1.0687732342
195508,195548,196047,40,499,2,7200,1.08016032064
195537,195611,196086,74,475,2,7200,1.15578947368
195543,195628,196142,85,514,2,7200,1.16536964981
195609,195645,196165,36,520,2,7200,1.06923076923
195628,195692,196212,64,520,2,7200,1.12307692308
195645,195697,196227,52,530,2,7200,1.09811320755
195689,195706,196217,17,511,2,7200,1.03326810176
195696,195718,196237,22,519,2,7200,1.04238921002
195703,195840,196327,137,487,2,7200,1.28131416838
195715,195849,196412,134,563,2,7200,1.23801065719
195838,195884,196363,46,479,2,7200,1.09603340292
195845,195894,196475,49,581,2,7200,1.0843373494
195884,195910,196454,26,544,2,7200,1.04779411765
195891,195917,196459,26,542,2,7200,1.0479704797
195908,195967,196489,59,522,2,7200,1.11302681992
195915,195981,196509,66,528,2,7200,1.125
195964,196001,196506,37,505,2,7200,1.07326732673
195976,196017,196540,41,523,2,7200,1.07839388145
195999,196023,196507,24,484,2,7200,1.04958677686
196017,196028,196549,11,521,2,7200,1.02111324376
196024,196036,196532,12,496,2,7200,1.02419354839
196042,196059,196556,17,497,2,7200,1.03420523139
196044,196089,196542,45,453,2,7200,1.09933774834
196056,196098,196601,42,503,2,7200,1.08349900596
196089,196154,196625,65,471,2,7200,1.13800424628
196096,196176,196682,80,506,2,7200,1.1581027668
196150,196232,196730,82,498,2,7200,1.16465863454
196173,196251,196739,78,488,2,7200,1.15983606557
196227,196339,196840,112,501,2,7200,1.22355289421
196250,196375,196889,125,514,2,7200,1.24319066148
196336,196425,196929,89,504,2,7200,1.17658730159
196375,196466,196958,91,492,2,7200,1.18495934959
196424,196473,196971,49,498,2,7200,1.0983935743
196462,196487,197035,25,548,2,7200,1.04562043796
196469,196501,197052,32,551,2,7200,1.05807622505
196487,196519,197012,32,493,2,7200,1.06490872211
196499,196524,197023,25,499,2,7200,1.0501002004
196517,196536,197024,19,488,2,7200,1.03893442623
196524,196544,197075,20,531,2,7200,1.03766478343
196543,196552,197069,9,517,2,7200,1.01740812379
196545,196558,197043,13,485,2,7200,1.02680412371
196552,196565,197108,13,543,2,7200,1.02394106814
196554,196572,197102,18,530,2,7200,1.03396226415
196561,196613,197149,52,536,2,7200,1.09701492537
196568,196637,197121,69,484,2,7200,1.14256198347
196611,196694,197172,83,478,2,7200,1.17364016736
196634,196742,197258,108,516,2,7200,1.20930232558
196694,196751,197237,57,486,2,7200,1.11728395062
196738,196852,197352,114,500,2,7200,1.228
196750,196901,197411,151,510,2,7200,1.29607843137
196851,196941,197452,90,511,2,7200,1.17612524462
196901,196970,197498,69,528,2,7200,1.13068181818
196939,196983,197468,44,485,2,7200,1.09072164948
196967,197105,197628,138,523,2,7200,1.2638623327
196979,197110,197622,131,512,2,7200,1.255859375
197102,197117,197679,15,562,2,7200,1.02669039146
197109,197122,197678,13,556,2,7200,1.02338129496
197116,197129,197606,13,477,2,7200,1.02725366876
197118,197134,197653,16,519,2,7200,1.03082851638
197125,197141,197657,16,516,2,7200,1.03100775194
197131,197146,197698,15,552,2,7200,1.02717391304
197152,197219,197758,67,539,2,7200,1.12430426716
197154,197224,197733,70,509,2,7200,1.13752455796
197218,197231,197754,13,523,2,7200,1.02485659656
197220,197236,197741,16,505,2,7200,1.03168316832
197227,197243,197729,16,486,2,7200,1.0329218107
197234,197250,197733,16,483,2,7200,1.033126294
197241,197271,197777,30,506,2,7200,1.05928853755
197248,197367,197917,119,550,2,7200,1.21636363636
197270,197424,197998,154,574,2,7200,1.26829268293
197304,197310,197427,6,117,1,3600,1.05128205128
197354,197361,197405,7,44,1,1800,1.15909090909
197367,197464,197948,97,484,2,7200,1.20041322314
197421,197480,198011,59,531,2,7200,1.11111111111
197433,197440,197708,7,268,1,3600,1.02611940299
197460,197511,198020,51,509,2,7200,1.10019646365
197477,197620,198146,143,526,2,7200,1.27186311787
197510,197634,198143,124,509,2,7200,1.24361493124
197544,197551,197915,7,364,1,3600,1.01923076923
197606,197612,197694,6,82,1,1800,1.07317073171
197617,197641,198166,24,525,2,7200,1.04571428571
197630,197665,198167,35,502,2,7200,1.06972111554
197637,197672,198152,35,480,2,7200,1.07291666667
197665,197690,198204,25,514,2,7200,1.0486381323
197671,197695,198179,24,484,2,7200,1.04958677686
197689,197710,198212,21,502,2,7200,1.04183266932
197696,197741,198253,45,512,2,7200,1.087890625
197708,197748,198286,40,538,2,7200,1.07434944238
197741,197753,198247,12,494,2,7200,1.02429149798
197748,197760,198249,12,489,2,7200,1.0245398773
197767,197774,198154,7,380,1,1800,1.01842105263
197768,197779,198229,11,450,2,7200,1.02444444444
197769,197785,198299,16,514,2,7200,1.03112840467
197776,197792,198323,16,531,2,7200,1.03013182674
197783,197929,198448,146,519,2,7200,1.28131021195
197790,197961,198443,171,482,2,7200,1.35477178423
197923,197936,198630,13,694,1,3600,1.01873198847
197928,198010,198522,82,512,2,7200,1.16015625
197956,198023,198520,67,497,2,7200,1.13480885312
198006,198032,198589,26,557,2,7200,1.04667863555
198023,198154,198685,131,531,2,7200,1.24670433145
198030,198162,198695,132,533,2,7200,1.24765478424
198131,198138,198713,7,575,1,3600,1.01217391304
198153,198178,198707,25,529,2,7200,1.04725897921
198159,198169,198676,10,507,2,7200,1.01972386588
198166,198185,198725,19,540,2,7200,1.03518518519
198173,198192,198698,19,506,2,7200,1.03754940711
198185,198216,198667,31,451,2,7200,1.06873614191
198192,198224,198747,32,523,2,7200,1.06118546845
198215,198241,198786,26,545,2,7200,1.04770642202
198222,198260,198730,38,470,2,7200,1.08085106383
198239,198272,198745,33,473,2,7200,1.06976744186
198257,198278,198758,21,480,2,7200,1.04375
198260,198267,198480,7,213,1,1800,1.03286384977
198269,198298,198769,29,471,2,7200,1.06157112527
198276,198311,198830,35,519,2,7200,1.06743737958
198300,198335,198782,35,447,2,7200,1.07829977629
198307,198455,199001,148,546,2,7200,1.27106227106
198335,198462,198997,127,535,2,7200,1.23738317757
198452,198532,199022,80,490,2,7200,1.16326530612
198459,198539,199044,80,505,2,7200,1.15841584158
198529,198602,199129,73,527,2,7200,1.1385199241
198536,198679,199169,143,490,2,7200,1.29183673469
198600,198689,199248,89,559,2,7200,1.15921288014
198676,198698,199266,22,568,2,7200,1.03873239437
198688,198707,199284,19,577,2,7200,1.03292894281
198695,198713,199162,18,449,2,7200,1.04008908686
198707,198720,199235,13,515,2,7200,1.02524271845
198714,198737,199277,23,540,2,7200,1.04259259259
198715,198743,199222,28,479,2,7200,1.05845511482
198733,198758,199296,25,538,2,7200,1.04646840149
198739,198765,199275,26,510,2,7200,1.05098039216
198757,198772,199270,15,498,2,7200,1.03012048193
198764,198781,199284,17,503,2,7200,1.0337972167
198771,198794,199267,23,473,2,7200,1.04862579281
198777,198800,199243,23,443,2,7200,1.05191873589
198797,198842,199371,45,529,2,7200,1.08506616257
198799,199010,199516,211,506,2,7200,1.41699604743
198842,199017,199516,175,499,2,7200,1.35070140281
199007,199034,199548,27,514,2,7200,1.05252918288
199014,199056,199569,42,513,2,7200,1.08187134503
199031,199141,199720,110,579,2,7200,1.18998272884
199054,199174,199669,120,495,2,7200,1.24242424242
199139,199180,199728,41,548,2,7200,1.07481751825
199173,199234,199759,61,525,2,7200,1.11619047619
199180,199247,199761,67,514,2,7200,1.13035019455
199188,199195,199200,7,5,1,3600,1.2
199234,199261,199755,27,494,2,7200,1.05465587045
199244,199254,199299,10,45,1,1800,1.22222222222
199246,199266,199787,20,521,2,7200,1.03838771593
199258,199278,199822,20,544,2,7200,1.03676470588
199265,199285,199783,20,498,2,7200,1.04016064257
199277,199290,199784,13,494,2,7200,1.02631578947
199284,199297,199809,13,512,2,7200,1.025390625
199286,199302,199812,16,510,2,7200,1.03137254902
199293,199309,199848,16,539,2,7200,1.02968460111
199299,199314,199848,15,534,2,7200,1.02808988764
199305,199321,199497,16,176,1,3600,1.09090909091
199306,199326,199837,20,511,2,7200,1.03913894325
199325,199383,199888,58,505,2,7200,1.11485148515
199326,199527,200088,201,561,2,7200,1.35828877005
199381,199533,200052,152,519,2,7200,1.29287090559
199454,199460,199726,6,266,1,3600,1.02255639098
199524,199560,200080,36,520,2,7200,1.06923076923
199531,199581,200100,50,519,2,7200,1.09633911368
199559,199681,200182,122,501,2,7200,1.24351297405
199576,199732,200191,156,459,2,7200,1.33986928105
199629,199635,200095,6,460,1,3600,1.01304347826
199678,199740,200268,62,528,2,7200,1.11742424242
199732,199767,200279,35,512,2,7200,1.068359375
199739,199774,200310,35,536,2,7200,1.06529850746
199767,199779,200316,12,537,2,7200,1.02234636872
199773,199795,200311,22,516,2,7200,1.04263565891
199775,199802,200316,27,514,2,7200,1.05252918288
199792,199807,200273,15,466,2,7200,1.0321888412
199799,199821,200381,22,560,2,7200,1.03928571429
199806,199828,200341,22,513,2,7200,1.04288499025
199819,199835,200324,16,489,2,7200,1.0327198364
199825,199850,200344,25,494,2,7200,1.05060728745
199832,199859,200412,27,553,2,7200,1.04882459313
199844,203477,203724,3633,247,1,3600,15.7085020243
199850,199865,200402,15,537,2,7200,1.02793296089
199854,199872,199960,18,88,1,1800,1.20454545455
199869,199900,200431,31,531,2,7200,1.05838041431
199871,200064,200603,193,539,2,7200,1.35807050093
199899,200093,200642,194,549,2,7200,1.35336976321
200063,200100,200624,37,524,2,7200,1.07061068702
200091,200112,200608,21,496,2,7200,1.04233870968
200098,200194,200722,96,528,2,7200,1.18181818182
200110,200204,200726,94,522,2,7200,1.18007662835
200191,200281,200786,90,505,2,7200,1.17821782178
200203,200288,200795,85,507,2,7200,1.16765285996
200278,200295,200824,17,529,2,7200,1.03213610586
200285,200322,200831,37,509,2,7200,1.07269155206
200292,200329,200832,37,503,2,7200,1.07355864811
200320,200334,200879,14,545,2,7200,1.02568807339
200327,200341,200849,14,508,2,7200,1.02755905512
200334,200346,200873,12,527,2,7200,1.02277039848
200341,200354,200888,13,534,2,7200,1.02434456929
200342,200361,200827,19,466,2,7200,1.04077253219
200354,200393,200924,39,531,2,7200,1.07344632768
200356,200414,200931,58,517,2,7200,1.11218568665
200372,203483,203902,3111,419,1,3600,8.42482100239
200389,200424,200954,35,530,2,7200,1.06603773585
200414,200443,201015,29,572,2,7200,1.0506993007
200421,200615,201175,194,560,2,7200,1.34642857143
200443,200622,201156,179,534,2,7200,1.33520599251
200538,200545,200807,7,262,1,1800,1.02671755725
200613,200636,201146,23,510,2,7200,1.04509803922
200620,200654,201177,34,523,2,7200,1.06500956023
200632,200734,201278,102,544,2,7200,1.1875
200654,200741,201260,87,519,2,7200,1.1676300578
200730,200798,201303,68,505,2,7200,1.13465346535
200737,200807,201334,70,527,2,7200,1.13282732448
200796,200836,201369,40,533,2,7200,1.07504690432
200803,200842,201364,39,522,2,7200,1.07471264368
200836,200848,201343,12,495,2,7200,1.02424242424
200838,200855,201339,17,484,2,7200,1.03512396694
200845,200862,201354,17,492,2,7200,1.03455284553
200852,200885,201406,33,521,2,7200,1.06333973129
200858,200892,201404,34,512,2,7200,1.06640625
200881,200901,201442,20,541,2,7200,1.03696857671
200888,200936,201475,48,539,2,7200,1.08905380334
200900,200943,201476,43,533,2,7200,1.08067542214
200934,200966,201438,32,472,2,7200,1.06779661017
200952,201027,201497,75,470,2,7200,1.15957446809
200965,201158,201634,193,476,2,7200,1.40546218487
201024,201168,201711,144,543,2,7200,1.26519337017
201157,201187,201656,30,469,2,7200,1.06396588486
201164,201194,201652,30,458,2,7200,1.06550218341
201186,201272,201789,86,517,2,7200,1.166344294
201193,201290,201817,97,527,2,7200,1.18406072106
201268,201315,201892,47,577,2,7200,1.08145580589
201285,201347,201833,62,486,2,7200,1.12757201646
201313,201354,201838,41,484,2,7200,1.0847107438
201346,201361,201804,15,443,2,7200,1.03386004515
201353,201368,201901,15,533,2,7200,1.02814258912
201360,201376,201924,16,548,2,7200,1.02919708029
201367,201383,201928,16,545,2,7200,1.02935779817
201374,201416,201929,42,513,2,7200,1.08187134503
201381,201423,201970,42,547,2,7200,1.07678244973
201414,201450,201975,36,525,2,7200,1.06857142857
201421,201457,201940,36,483,2,7200,1.07453416149
201449,201487,202059,38,572,2,7200,1.06643356643
201467,201494,201998,27,504,2,7200,1.05357142857
201484,201510,202015,26,505,2,7200,1.05148514851
201491,201646,202158,155,512,2,7200,1.302734375
201508,201664,202223,156,559,2,7200,1.27906976744
201539,204948,237482,3409,32534,4,32400,1.10478268888
201646,201671,202168,25,497,2,7200,1.05030181087
201664,201723,202245,59,522,2,7200,1.11302681992
201671,201801,202270,130,469,2,7200,1.27718550107
201720,201816,202372,96,556,2,7200,1.1726618705
201800,201829,202314,29,485,2,7200,1.05979381443
201812,201846,202348,34,502,2,7200,1.06772908367
201815,204953,204980,3138,27,4,14400,117.222222222
201824,201853,202358,29,505,2,7200,1.05742574257
201842,201903,202439,61,536,2,7200,1.11380597015
201848,201914,202396,66,482,2,7200,1.13692946058
201903,201935,202396,32,461,2,7200,1.0694143167
201910,201943,202464,33,521,2,7200,1.06333973129
201932,201948,202460,16,512,2,7200,1.03125
201939,201955,202439,16,484,2,7200,1.03305785124
201946,201982,202387,36,405,2,7200,1.08888888889
201953,201988,202504,35,516,2,7200,1.06782945736
201958,201964,202011,6,47,64,60,1.12765957447
201982,202010,202447,28,437,2,7200,1.06407322654
201984,202027,202568,43,541,2,7200,1.07948243993
202007,202072,202556,65,484,2,7200,1.13429752066
202024,202170,202662,146,492,2,7200,1.29674796748
202068,202180,202693,112,513,2,7200,1.21832358674
202068,202078,203270,10,1192,64,1200,1.00838926174
202094,204969,204989,2875,20,1,32400,144.75
202169,202235,202716,66,481,2,7200,1.13721413721
202176,202257,202762,81,505,2,7200,1.1603960396
202230,202283,202785,53,502,2,7200,1.10557768924
202253,202327,202779,74,452,2,7200,1.16371681416
202281,202360,202840,79,480,2,7200,1.16458333333
202325,202370,202920,45,550,2,7200,1.08181818182
202358,202384,202945,26,561,2,7200,1.04634581105
202370,202399,202885,29,486,2,7200,1.05967078189
202382,202408,202949,26,541,2,7200,1.04805914972
202395,202413,202925,18,512,2,7200,1.03515625
202407,202451,202956,44,505,2,7200,1.08712871287
202409,202456,202900,47,444,2,7200,1.10585585586
202447,202463,202984,16,521,2,7200,1.03071017274
202454,202471,202978,17,507,2,7200,1.03353057199
202461,202479,202992,18,513,2,7200,1.0350877193
202479,202516,202984,37,468,2,7200,1.07905982906
202481,202568,203044,87,476,2,7200,1.18277310924
202514,202579,203099,65,520,2,7200,1.125
202563,202675,203198,112,523,2,7200,1.21414913958
202575,202705,203161,130,456,2,7200,1.2850877193
202672,202729,203259,57,530,2,7200,1.10754716981
202705,202774,203265,69,491,2,7200,1.14052953157
202728,202792,203329,64,537,2,7200,1.11918063315
202771,202799,203320,28,521,2,7200,1.0537428023
202789,202852,203417,63,565,2,7200,1.11150442478
202796,202897,203387,101,490,2,7200,1.20612244898
202850,202913,203445,63,532,2,7200,1.11842105263
202893,202932,203401,39,469,2,7200,1.08315565032
202911,202939,203451,28,512,2,7200,1.0546875
202928,202957,203486,29,529,2,7200,1.05482041588
202935,202964,203452,29,488,2,7200,1.05942622951
202953,202971,203511,18,540,2,7200,1.03333333333
202960,202990,203507,30,517,2,7200,1.0580270793
202966,202997,203491,31,494,2,7200,1.06275303644
202989,203002,203520,13,518,2,7200,1.0250965251
203008,203015,203556,7,541,2,7200,1.01293900185
203010,203056,203572,46,516,2,7200,1.08914728682
203011,203111,203635,100,524,2,7200,1.19083969466
203055,203178,203715,123,537,2,7200,1.22905027933
203109,203210,203762,101,552,2,7200,1.18297101449
203174,203271,203782,97,511,2,7200,1.18982387476
203207,203278,203785,71,507,2,7200,1.14003944773
203266,203332,203825,66,493,2,7200,1.13387423935
203273,203341,203853,68,512,2,7200,1.1328125
203328,203467,204010,139,543,2,7200,1.25598526703
203340,203472,204001,132,529,2,7200,1.24952741021
203402,203502,206001,100,2499,1,3600,1.0400160064
203462,203490,204016,28,526,2,7200,1.05323193916
203469,203495,203983,26,488,2,7200,1.05327868852
203487,203507,204014,20,507,2,7200,1.03944773176
203493,203513,204003,20,490,2,7200,1.04081632653
203506,203520,204045,14,525,2,7200,1.02666666667
203513,203525,204049,12,524,2,7200,1.02290076336
203519,203533,204055,14,522,2,7200,1.02681992337
203521,203538,204116,17,578,2,7200,1.02941176471
203533,203545,204095,12,550,2,7200,1.02181818182
203535,203550,204048,15,498,2,7200,1.03012048193
203555,203562,204026,7,464,2,7200,1.0150862069
203556,203569,204074,13,505,2,7200,1.02574257426
203558,203584,204110,26,526,2,7200,1.04942965779
203565,203647,204184,82,537,2,7200,1.15270018622
203582,203728,204227,146,499,2,7200,1.29258517034
203647,203774,204297,127,523,2,7200,1.24282982792
203727,203795,204288,68,493,2,7200,1.13793103448
203771,203802,204300,31,498,2,7200,1.06224899598
203794,203837,204353,43,516,2,7200,1.08333333333
203801,203865,204433,64,568,2,7200,1.11267605634
203834,203996,204515,162,519,2,7200,1.31213872832
203862,204015,204477,153,462,2,7200,1.33116883117
203995,204026,204576,31,550,2,7200,1.05636363636
204010,205002,205476,992,474,1,3600,3.09282700422
204012,204032,204542,20,510,2,7200,1.03921568627
204025,204040,204569,15,529,2,7200,1.02835538752
204031,204057,204534,26,477,2,7200,1.05450733753
204038,204064,204611,26,547,2,7200,1.04753199269
204056,204069,204621,13,552,2,7200,1.02355072464
204063,204076,204579,13,503,2,7200,1.02584493042
204082,204089,204600,7,511,2,7200,1.01369863014
204084,204108,204594,24,486,2,7200,1.04938271605
204086,204122,204623,36,501,2,7200,1.07185628743
204104,204975,233812,871,28837,1,28800,1.03020425148
204108,204129,204595,21,466,2,7200,1.04506437768
204121,204196,204713,75,517,2,7200,1.14506769826
204128,204239,204738,111,499,2,7200,1.22244488978
204192,204300,204781,108,481,2,7200,1.22453222453
204236,204309,204819,73,510,2,7200,1.1431372549
204295,204316,204839,21,523,2,7200,1.04015296367
204307,204365,204911,58,546,2,7200,1.10622710623
204314,204445,204918,131,473,2,7200,1.27695560254
204363,204489,205022,126,533,2,7200,1.23639774859
204444,204527,205014,83,487,2,7200,1.1704312115
204487,204546,205067,59,521,2,7200,1.113243762
204526,204555,205051,29,496,2,7200,1.05846774194
204543,204581,205085,38,504,2,7200,1.0753968254
204555,204588,205107,33,519,2,7200,1.06358381503
204578,204595,205092,17,497,2,7200,1.03420523139
204585,204606,205110,21,504,2,7200,1.04166666667
204592,204611,205151,19,540,2,7200,1.03518518519
204604,204618,205125,14,507,2,7200,1.02761341223
204624,204631,205108,7,477,2,7200,1.01467505241
204626,204638,205156,12,518,2,7200,1.02316602317
204628,204643,205179,15,536,2,7200,1.02798507463
204635,204726,205249,91,523,2,7200,1.17399617591
204641,204749,205224,108,475,2,7200,1.22736842105
204722,204793,205258,71,465,2,7200,1.15268817204
204750,204831,205321,81,490,2,7200,1.16530612245
204793,204851,205398,58,547,2,7200,1.10603290676
204809,204980,208630,171,3650,1,3600,1.04684931507
204827,204924,205447,97,523,2,7200,1.18546845124
204849,204931,205427,82,496,2,7200,1.16532258065
204919,204959,205475,40,516,2,7200,1.07751937984
204932,204964,205448,32,484,2,7200,1.06611570248
204941,236434,236440,31493,6,64,43200,3149.9
204954,204990,205472,36,482,2,7200,1.07468879668
204961,204995,205508,34,513,2,7200,1.06627680312
204984,205026,205526,42,500,2,7200,1.084
204995,210112,211962,5117,1850,2,1800,3.76594594595
204996,205035,205543,39,508,2,7200,1.07677165354
205024,205063,205570,39,507,2,7200,1.07692307692
205031,205078,205602,47,524,2,7200,1.08969465649
205059,205098,205578,39,480,2,7200,1.08125
205076,205105,205587,29,482,2,7200,1.0601659751
205094,205119,205636,25,517,2,7200,1.04835589942
205100,205126,205620,26,494,2,7200,1.05263157895
205118,205131,205639,13,508,2,7200,1.02559055118
205137,205144,205704,7,560,2,7200,1.0125
205138,205164,205699,26,535,2,7200,1.04859813084
205140,205171,205741,31,570,2,7200,1.05438596491
205163,205191,205685,28,494,2,7200,1.05668016194
205170,205237,205791,67,554,2,7200,1.12093862816
205187,205261,205723,74,462,2,7200,1.16017316017
205236,205270,205782,34,512,2,7200,1.06640625
205259,205333,205804,74,471,2,7200,1.15711252654
205266,205411,205957,145,546,2,7200,1.26556776557
205330,205439,205918,109,479,2,7200,1.22755741127
205411,205459,205995,48,536,2,7200,1.08955223881
205439,205466,205948,27,482,2,7200,1.05601659751
205456,205485,206017,29,532,2,7200,1.0545112782
205463,205492,206025,29,533,2,7200,1.05440900563
205481,205520,206048,39,528,2,7200,1.07386363636
205487,205538,206044,51,506,2,7200,1.10079051383
205515,205555,206074,40,519,2,7200,1.07707129094
205539,205582,206101,43,519,2,7200,1.08285163776
205551,205591,206127,40,536,2,7200,1.07462686567
205579,205600,206110,21,510,2,7200,1.04117647059
205591,205614,206121,23,507,2,7200,1.04536489152
205598,205632,206108,34,476,2,7200,1.07142857143
205610,205648,206130,38,482,2,7200,1.07883817427
205627,205655,206130,28,475,2,7200,1.05894736842
205645,205697,206254,52,557,2,7200,1.0933572711
205652,205711,206229,59,518,2,7200,1.1138996139
205695,205718,206244,23,526,2,7200,1.04372623574
205708,205735,206251,27,516,2,7200,1.0523255814
205714,205753,206299,39,546,2,7200,1.07142857143
205732,205794,206312,62,518,2,7200,1.11969111969
205749,205804,206331,55,527,2,7200,1.10436432638
205793,205816,206383,23,567,2,7200,1.0405643739
205811,205930,206425,119,495,2,7200,1.2404040404
205813,205960,206475,147,515,2,7200,1.2854368932
205930,205969,206509,39,540,2,7200,1.07222222222
205958,206008,206510,50,502,2,7200,1.09960159363
205965,206015,206515,50,500,2,7200,1.1
206003,206029,206526,26,497,2,7200,1.0523138833
206015,206038,206539,23,501,2,7200,1.04590818363
206028,206056,206560,28,504,2,7200,1.05555555556
206035,206063,206586,28,523,2,7200,1.05353728489
206052,206087,206556,35,469,2,7200,1.07462686567
206059,206113,206643,54,530,2,7200,1.10188679245
206087,206120,206620,33,500,2,7200,1.066
206110,206127,206621,17,494,2,7200,1.03441295547
206117,206134,206668,17,534,2,7200,1.03183520599
206124,206141,206660,17,519,2,7200,1.03275529865
206130,206148,206673,18,525,2,7200,1.03428571429
206148,206155,206665,7,510,2,7200,1.0137254902
206150,206241,206745,91,504,2,7200,1.18055555556
206152,206256,206741,104,485,2,7200,1.21443298969
206237,206263,206766,26,503,2,7200,1.05168986083
206239,208642,208644,2403,2,1,60,240.5
206255,206311,206872,56,561,2,7200,1.09982174688
206262,206275,206799,13,524,2,7200,1.02480916031
206274,206324,206876,50,552,2,7200,1.09057971014
206307,206343,206891,36,548,2,7200,1.06569343066
206319,206395,206929,76,534,2,7200,1.14232209738
206342,206438,206925,96,487,2,7200,1.19712525667
206391,206487,206984,96,497,2,7200,1.19315895372
206435,206521,207002,86,481,2,7200,1.17879417879
206484,206528,207090,44,562,2,7200,1.07829181495
206517,206533,207045,16,512,2,7200,1.03125
206524,206540,207052,16,512,2,7200,1.03125
206531,206552,207041,21,489,2,7200,1.04294478528
206541,236439,241884,29898,5445,64,5400,6.49090909091
206548,206568,207075,20,507,2,7200,1.03944773176
206550,206575,207107,25,532,2,7200,1.0469924812
206567,206597,207111,30,514,2,7200,1.05836575875
206574,206632,207154,58,522,2,7200,1.11111111111
206597,206637,207119,40,482,2,7200,1.08298755187
206630,206655,207152,25,497,2,7200,1.05030181087
206637,206672,207179,35,507,2,7200,1.06903353057
206654,206680,207167,26,487,2,7200,1.05338809035
206672,206685,207199,13,514,2,7200,1.02529182879
206679,206692,207214,13,522,2,7200,1.02490421456
206682,208656,208657,1974,1,1,60,197.5
206686,206753,207272,67,519,2,7200,1.12909441233
206688,206760,207247,72,487,2,7200,1.14784394251
206752,208670,208671,1918,1,1,60,191.9
206753,206778,207287,25,509,2,7200,1.04911591356
206760,206811,207388,51,577,2,7200,1.0883882149
206777,206884,207436,107,552,2,7200,1.19384057971
206811,206891,207407,80,516,2,7200,1.15503875969
206815,208683,208684,1868,1,1,60,186.9
206881,206903,207395,22,492,2,7200,1.04471544715
206888,206937,207430,49,493,2,7200,1.09939148073
206900,206944,207470,44,526,2,7200,1.08365019011
206907,260698,278000,53791,17302,32,28800,4.10894694255
206936,206996,207460,60,464,2,7200,1.12931034483
206943,207014,207533,71,519,2,7200,1.13680154143
206993,207053,207511,60,458,2,7200,1.13100436681
207010,207060,207509,50,449,2,7200,1.11135857461
207049,207067,207620,18,553,2,7200,1.03254972875
207056,207088,207565,32,477,2,7200,1.06708595388
207068,207102,207569,34,467,2,7200,1.07280513919
207085,207119,207625,34,506,2,7200,1.06719367589
207103,207126,207637,23,511,2,7200,1.04500978474
207115,207133,207666,18,533,2,7200,1.03377110694
207132,207164,207702,32,538,2,7200,1.0594795539
207134,207171,207705,37,534,2,7200,1.06928838951
207162,207179,207720,17,541,2,7200,1.0314232902
207169,207191,207708,22,517,2,7200,1.04255319149
207176,207211,207710,35,499,2,7200,1.07014028056
207188,207226,207716,38,490,2,7200,1.07755102041
207211,207260,207758,49,498,2,7200,1.0983935743
207223,207284,207795,61,511,2,7200,1.11937377691
207256,207300,207804,44,504,2,7200,1.0873015873
207258,209031,210079,1773,1048,16,21599,2.69179389313
207284,207400,207917,116,517,2,7200,1.22437137331
207297,207407,207954,110,547,2,7200,1.20109689214
207320,263333,264681,56013,1348,16,17999,42.5526706231
207399,207419,207961,20,542,2,7200,1.036900369
207406,207442,207967,36,525,2,7200,1.06857142857
207418,207449,207953,31,504,2,7200,1.06150793651
207441,207471,207989,30,518,2,7200,1.05791505792
207459,207483,208022,24,539,2,7200,1.04452690167
207471,207521,208044,50,523,2,7200,1.09560229446
207483,207528,208082,45,554,2,7200,1.08122743682
207517,207545,208054,28,509,2,7200,1.05500982318
207524,207577,208101,53,524,2,7200,1.10114503817
207541,207584,208082,43,498,2,7200,1.08634538153
207574,207632,208131,58,499,2,7200,1.11623246493
207581,207639,208171,58,532,2,7200,1.10902255639
207631,207650,208150,19,500,2,7200,1.038
207638,207678,208230,40,552,2,7200,1.07246376812
207650,207714,208230,64,516,2,7200,1.12403100775
207678,207721,208219,43,498,2,7200,1.08634538153
207712,207727,208250,15,523,2,7200,1.02868068834
207719,207734,208240,15,506,2,7200,1.02964426877
207739,207745,208265,6,520,2,7200,1.01153846154
207741,207753,208272,12,519,2,7200,1.02312138728
207742,207770,208265,28,495,2,7200,1.05656565657
207749,207807,208324,58,517,2,7200,1.11218568665
207767,207816,208358,49,542,2,7200,1.09040590406
207805,207929,208499,124,570,2,7200,1.21754385965
207812,207966,208467,154,501,2,7200,1.30738522954
207925,207971,208530,46,559,2,7200,1.08228980322
207963,207978,208494,15,516,2,7200,1.02906976744
207970,207984,208490,14,506,2,7200,1.02766798419
207977,208001,208524,24,523,2,7200,1.04588910134
207984,208034,208554,50,520,2,7200,1.09615384615
207997,208056,208581,59,525,2,7200,1.11238095238
208030,208066,208582,36,516,2,7200,1.06976744186
208053,208094,208645,41,551,2,7200,1.07441016334
208065,208099,208622,34,523,2,7200,1.06500956023
208093,208114,208684,21,570,2,7200,1.03684210526
208111,208143,208608,32,465,2,7200,1.0688172043
208113,208162,208687,49,525,2,7200,1.09333333333
208141,208183,208720,42,537,2,7200,1.0782122905
208158,208232,208743,74,511,2,7200,1.14481409002
208181,208242,208740,61,498,2,7200,1.12248995984
208231,208247,208746,16,499,2,7200,1.03206412826
208238,208255,208701,17,446,2,7200,1.03811659193
208245,208261,208776,16,515,2,7200,1.03106796117
208252,208277,208855,25,578,2,7200,1.04325259516
208258,208282,208771,24,489,2,7200,1.0490797546
208276,208288,208788,12,500,2,7200,1.024
208283,208337,208869,54,532,2,7200,1.1015037594
208284,208370,208907,86,537,2,7200,1.16014897579
208333,208479,208944,146,465,2,7200,1.31397849462
208366,208503,208987,137,484,2,7200,1.28305785124
208480,260845,260855,52365,10,36,86400,5237.5
208480,208510,209073,30,563,2,7200,1.05328596803
208502,208517,209084,15,567,2,7200,1.02645502646
208509,208537,208931,28,394,2,7200,1.07106598985
208516,208544,209084,28,540,2,7200,1.05185185185
208534,208566,209100,32,534,2,7200,1.05992509363
208541,208594,209067,53,473,2,7200,1.11205073996
208563,208599,209080,36,481,2,7200,1.07484407484
208591,208620,209074,29,454,2,7200,1.06387665198
208598,208634,209136,36,502,2,7200,1.07171314741
208615,208663,209156,48,493,2,7200,1.09736308316
208633,208696,209206,63,510,2,7200,1.12352941176
208661,208703,209190,42,487,2,7200,1.08624229979
208694,208713,209276,19,563,2,7200,1.03374777975
208701,208732,209232,31,500,2,7200,1.062
208719,208752,209204,33,452,2,7200,1.07300884956
208731,208759,209260,28,501,2,7200,1.05588822355
208749,208764,209290,15,526,2,7200,1.02851711027
208756,208783,209302,27,519,2,7200,1.05202312139
208763,208790,209267,27,477,2,7200,1.05660377358
208780,208800,209321,20,521,2,7200,1.03838771593
208787,208867,209383,80,516,2,7200,1.15503875969
208799,208881,209401,82,520,2,7200,1.15769230769
208864,208918,209429,54,511,2,7200,1.10567514677
208864,210091,213738,1227,3647,10,3600,1.33644091034
208876,208943,209463,67,520,2,7200,1.12884615385
208915,208956,209464,41,508,2,7200,1.08070866142
208942,208999,209529,57,530,2,7200,1.10754716981
208955,209079,209589,124,510,2,7200,1.2431372549
208998,209086,209585,88,499,2,7200,1.17635270541
209080,209093,209587,13,494,2,7200,1.02631578947
209082,209098,209586,16,488,2,7200,1.03278688525
209088,209105,209631,17,526,2,7200,1.03231939163
209095,209110,209612,15,502,2,7200,1.02988047809
209102,209118,209623,16,505,2,7200,1.03168316832
209109,209148,209671,39,523,2,7200,1.07456978967
209116,209168,209695,52,527,2,7200,1.09867172676
209144,209202,209714,58,512,2,7200,1.11328125
209166,209217,209688,51,471,2,7200,1.10828025478
209200,209223,209737,23,514,2,7200,1.04474708171
209217,209244,209805,27,561,2,7200,1.04812834225
209224,209272,209777,48,505,2,7200,1.09504950495
209241,209278,209818,37,540,2,7200,1.06851851852
209269,209289,209747,20,458,2,7200,1.04366812227
209275,241901,256005,32626,14104,25,43199,3.31324446965
209276,209302,209822,26,520,2,7200,1.05
209288,209313,209835,25,522,2,7200,1.04789272031
209302,241906,255894,32604,13988,25,43199,3.33085501859
209307,209333,209860,26,527,2,7200,1.04933586338
209313,209395,209914,82,519,2,7200,1.15799614644
209331,209414,209948,83,534,2,7200,1.15543071161
209395,209441,209961,46,520,2,7200,1.08846153846
209413,209475,209987,62,512,2,7200,1.12109375
209441,209482,209967,41,485,2,7200,1.08453608247
209474,209541,210041,67,500,2,7200,1.134
209481,209598,210137,117,539,2,7200,1.21706864564
209540,209603,210115,63,512,2,7200,1.123046875
209595,209610,210131,15,521,2,7200,1.02879078695
209602,209615,210180,13,565,2,7200,1.02300884956
209608,209624,210136,16,512,2,7200,1.03125
209615,209635,210151,20,516,2,7200,1.03875968992
209622,209644,210149,22,505,2,7200,1.04356435644
209634,209684,210160,50,476,2,7200,1.10504201681
209652,209700,210221,48,521,2,7200,1.09213051823
209680,209707,210181,27,474,2,7200,1.05696202532
209697,209726,210233,29,507,2,7200,1.05719921105
209703,231091,231093,21388,2,1,5,2139.0
209704,209750,210253,46,503,2,7200,1.09145129225
209722,209759,210337,37,578,2,7200,1.06401384083
209750,209789,210344,39,555,2,7200,1.07027027027
209757,209817,210369,60,552,2,7200,1.10869565217
209785,209830,210388,45,558,2,7200,1.08064516129
209812,209837,210335,25,498,2,7200,1.05020080321
209830,209847,210376,17,529,2,7200,1.03213610586
209837,209872,210357,35,485,2,7200,1.07216494845
209844,209926,210458,82,532,2,7200,1.15413533835
209872,209966,210480,94,514,2,7200,1.18287937743
209926,209974,210494,48,520,2,7200,1.09230769231
209954,213784,213837,3830,53,2,18000,73.2641509434
209970,209981,210516,11,535,2,7200,1.02056074766
209971,209999,210545,28,546,2,7200,1.05128205128
209978,210053,210551,75,498,2,7200,1.15060240964
209995,210101,210587,106,486,2,7200,1.21810699588
210050,210107,210601,57,494,2,7200,1.11538461538
210093,210127,210623,34,496,2,7200,1.0685483871
210105,210143,210648,38,505,2,7200,1.07524752475
210123,210150,210675,27,525,2,7200,1.05142857143
210140,210155,210675,15,520,2,7200,1.02884615385
210147,210162,210654,15,492,2,7200,1.03048780488
210154,210169,210734,15,565,2,7200,1.02654867257
210161,210176,210664,15,488,2,7200,1.03073770492
210168,210192,210731,24,539,2,7200,1.04452690167
210175,210199,210782,24,583,2,7200,1.04116638079
210192,210233,210807,41,574,2,7200,1.07142857143
210199,210245,210763,46,518,2,7200,1.0888030888
210221,311287,311327,101066,40,1,86400,2527.65
210232,210265,210823,33,558,2,7200,1.05913978495
210245,210347,210878,102,531,2,7200,1.19209039548
210262,210354,210892,92,538,2,7200,1.17100371747
210308,211979,215616,1671,3637,1,3600,1.4594445972
210310,213789,217435,3479,3646,1,3600,1.95419637959
210313,213794,217400,3481,3606,1,3600,1.96533555186
210315,214314,217930,3999,3616,1,3600,2.10591814159
210317,214320,217930,4003,3610,1,3600,2.10886426593
210319,215628,219261,5309,3633,1,3600,2.46132672722
210321,217012,220638,6691,3626,1,3600,2.84528405957
210323,217421,221045,7098,3624,1,3600,2.95860927152
210324,217548,221176,7224,3628,1,3600,2.99117971334
210326,217554,221161,7228,3607,1,3600,3.00388134184
210327,217793,221426,7466,3633,1,3600,3.0550509221
210329,218112,221715,7783,3603,1,3600,3.16014432417
210331,218118,221720,7787,3602,1,3600,3.16185452526
210332,218123,221758,7791,3635,1,3600,3.14332874828
210334,218129,221736,7795,3607,1,3600,3.16107568617
210336,218134,221780,7798,3646,1,3600,3.1387822271
210337,218140,221772,7803,3632,1,3600,3.1484030837
210339,218145,221767,7806,3622,1,3600,3.15516289343
210340,218151,221766,7811,3615,1,3600,3.16071922545
210342,218156,221763,7814,3607,1,3600,3.16634322151
210343,210361,210856,18,495,2,7200,1.03636363636
210355,210374,210857,19,483,2,7200,1.03933747412
210356,210381,210919,25,538,2,7200,1.04646840149
210374,210388,210912,14,524,2,7200,1.02671755725
210381,210400,210946,19,546,2,7200,1.0347985348
210388,210470,211025,82,555,2,7200,1.14774774775
210400,210492,211049,92,557,2,7200,1.16517055655
210470,210506,210998,36,492,2,7200,1.07317073171
210488,210528,211048,40,520,2,7200,1.07692307692
210505,210557,211068,52,511,2,7200,1.10176125245
210528,210564,211083,36,519,2,7200,1.06936416185
210556,210599,211061,43,462,2,7200,1.09307359307
210562,210613,211130,51,517,2,7200,1.09864603482
210596,210636,211153,40,517,2,7200,1.07736943907
210614,210661,211206,47,545,2,7200,1.08623853211
210637,210668,211161,31,493,2,7200,1.06288032454
210659,210675,211211,16,536,2,7200,1.02985074627
210666,210687,211216,21,529,2,7200,1.03969754253
210673,210692,211247,19,555,2,7200,1.03423423423
210686,210743,211249,57,506,2,7200,1.11264822134
210693,210750,211269,57,519,2,7200,1.1098265896
210742,210775,211289,33,514,2,7200,1.06420233463
210759,210795,211299,36,504,2,7200,1.07142857143
210771,210819,211310,48,491,2,7200,1.09775967413
210777,218162,221781,7385,3619,1,3600,3.04061895551
210779,218167,221789,7388,3622,1,3600,3.03975704031
210780,218173,221779,7393,3606,1,3600,3.05019412091
210781,219023,222669,8242,3646,1,3600,3.26055951728
210783,219029,222637,8246,3608,1,3600,3.2854767184
210784,219278,222906,8494,3628,1,3600,3.34123484013
210785,220650,224283,9865,3633,1,3600,3.71538673273
210787,221061,224690,10274,3629,1,3600,3.83108294296
210788,221178,224806,10390,3628,1,3600,3.8638368247
210790,221188,224821,10398,3633,1,3600,3.86209744013
210791,221441,225072,10650,3631,1,3600,3.93307628752
210792,221727,225360,10935,3633,1,3600,4.00990916598
210794,221734,225365,10940,3631,1,3600,4.01294409254
210794,210834,211324,40,490,2,7200,1.08163265306
210795,221748,225381,10953,3633,1,3600,4.01486374897
210796,221770,225403,10974,3633,1,3600,4.02064409579
210798,222028,225631,11230,3603,1,3600,4.11684707188
210799,222076,225700,11277,3624,1,3600,4.11175496689
210801,222649,226282,11848,3633,1,3600,4.26121662538
210802,224295,227928,13493,3633,1,3600,4.71401045968
210803,224567,228171,13764,3604,1,3600,4.81908990011
210805,224675,228321,13870,3646,1,3600,4.80416895228
210806,224702,228335,13896,3633,1,3600,4.82493806771
210807,224761,228391,13954,3630,1,3600,4.84407713499
210809,224833,228466,14024,3633,1,3600,4.86017065786
210810,224951,228581,14141,3630,1,3600,4.8955922865
210811,225084,228717,14273,3633,1,3600,4.92870905588
210812,225380,229012,14568,3632,1,3600,5.01101321586
210814,225387,229010,14573,3623,1,3600,5.02235716257
210815,225394,229026,14579,3632,1,3600,5.01404185022
210817,225416,229048,14599,3632,1,3600,5.01954845815
210817,210869,211359,52,490,2,7200,1.10612244898
210818,225644,229276,14826,3632,1,3600,5.08204845815
210819,225712,229345,14893,3633,1,3600,5.0993669144
210821,225969,229599,15148,3630,1,3600,5.17300275482
210822,226191,229799,15369,3608,1,3600,5.25970066519
210823,226988,230611,16165,3623,1,3600,5.46177201214
210824,227242,230845,16418,3603,1,3600,5.55675825701
210826,227414,231039,16588,3625,1,3600,5.576
210827,227419,231041,16592,3622,1,3600,5.58089453341
210828,227424,231055,16596,3631,1,3600,5.5706416965
210830,227430,231045,16600,3615,1,3600,5.59197786999
210831,227435,231037,16604,3602,1,3600,5.60966129928
210833,227440,231047,16607,3607,1,3600,5.6041031328
210834,210874,211360,40,486,2,7200,1.08230452675
210834,227446,231085,16612,3639,1,3600,5.56499038197
210835,227451,231060,16616,3609,1,3600,5.60404544195
210837,227456,231096,16619,3640,1,3600,5.56565934066
210838,227462,231100,16624,3638,1,3600,5.56954370533
210839,227467,231081,16628,3614,1,3600,5.60099612618
210841,227473,231102,16632,3629,1,3600,5.5830807385
210842,227491,231137,16649,3646,1,3600,5.56637410861
210843,227496,231102,16653,3606,1,3600,5.61813643927
210845,227599,231238,16754,3639,1,3600,5.60401209123
210846,227605,231251,16759,3646,1,3600,5.59654415798
210847,227610,231233,16763,3623,1,3600,5.62682859509
210849,227615,231223,16766,3608,1,3600,5.64689578714
210850,227621,231231,16771,3610,1,3600,5.64570637119
210851,227626,231260,16775,3634,1,3600,5.61612548156
210853,227667,231308,16814,3641,1,3600,5.61796209832
210854,227673,231274,16819,3601,1,3600,5.67064704249
210855,227681,231285,16826,3604,1,3600,5.66870144284
210857,227686,231292,16829,3606,1,3600,5.66694398225
210858,227735,231373,16877,3638,1,3600,5.63908741067
210859,227750,231379,16891,3629,1,3600,5.65445026178
210861,227755,231372,16894,3617,1,3600,5.67072159248
210862,227760,231397,16898,3637,1,3600,5.64613692604
210864,227766,231412,16902,3646,1,3600,5.63576522216
210865,227771,231409,16906,3638,1,3600,5.64705882353
210866,227776,231400,16910,3624,1,3600,5.66611479029
210868,210889,211403,21,514,2,7200,1.04085603113
210868,227795,231436,16927,3641,1,3600,5.64899752815
210869,227823,231469,16954,3646,1,3600,5.65002742732
210871,227829,231457,16958,3628,1,3600,5.67420066152
210872,227847,231470,16975,3623,1,3600,5.68534363787
210873,227852,231464,16979,3612,1,3600,5.70071982281
210875,210904,211423,29,519,2,7200,1.05587668593
210875,227857,231494,16982,3637,1,3600,5.66923288425
210876,227863,231466,16987,3603,1,3600,5.71468220927
210877,227868,231494,16991,3626,1,3600,5.68587975731
210878,227873,231502,16995,3629,1,3600,5.6831082943
210880,227892,231510,17012,3618,1,3600,5.70204532891
210881,227897,231501,17016,3604,1,3600,5.72142064373
210883,227942,231573,17059,3631,1,3600,5.6981547783
210884,228086,231701,17202,3615,1,3600,5.75850622407
210885,228114,231760,17229,3646,1,3600,5.72545255074
210887,210924,211503,37,579,2,7200,1.06390328152
210900,210931,211434,31,503,2,7200,1.06163021869
210922,210958,211510,36,552,2,7200,1.0652173913
210930,211010,211495,80,485,2,7200,1.16494845361
210958,211037,211532,79,495,2,7200,1.1595959596
211013,211061,211584,48,523,2,7200,1.09177820268
211036,211066,211582,30,516,2,7200,1.05813953488
211059,211073,211604,14,531,2,7200,1.0263653484
211066,211080,211608,14,528,2,7200,1.02651515152
211073,211095,211576,22,481,2,7200,1.04573804574
211080,211142,211675,62,533,2,7200,1.11632270169
211092,211165,211663,73,498,2,7200,1.14658634538
211126,213749,213761,2623,12,8,14400,219.583333333
211142,211173,211663,31,490,2,7200,1.06326530612
211164,211218,211747,54,529,2,7200,1.10207939509
211171,211225,211714,54,489,2,7200,1.11042944785
211216,211232,211751,16,519,2,7200,1.03082851638
211223,211259,211745,36,486,2,7200,1.07407407407
211240,211266,211802,26,536,2,7200,1.04850746269
211257,211281,211801,24,520,2,7200,1.04615384615
211264,211301,211880,37,579,2,7200,1.06390328152
211277,211311,211810,34,499,2,7200,1.06813627255
211300,211323,211822,23,499,2,7200,1.04609218437
211307,211337,211845,30,508,2,7200,1.05905511811
211319,211371,211867,52,496,2,7200,1.10483870968
211336,211378,211871,42,493,2,7200,1.08519269777
211370,211416,211928,46,512,2,7200,1.08984375
211377,211435,211925,58,490,2,7200,1.11836734694
211401,311338,311348,99937,10,1,86400,9994.7
211416,211446,211981,30,535,2,7200,1.05607476636
211433,211507,211993,74,486,2,7200,1.15226337449
211451,211515,212036,64,521,2,7200,1.12284069098
211506,211522,212041,16,519,2,7200,1.03082851638
211513,211544,212072,31,528,2,7200,1.05871212121
211520,211588,212134,68,546,2,7200,1.12454212454
211543,211595,212120,52,525,2,7200,1.09904761905
211587,211602,212082,15,480,2,7200,1.03125
211594,211617,212119,23,502,2,7200,1.04581673307
211601,211624,212123,23,499,2,7200,1.04609218437
211613,211675,212182,62,507,2,7200,1.12228796844
211620,211680,212202,60,522,2,7200,1.11494252874
211675,211687,212221,12,534,2,7200,1.02247191011
211677,211726,212259,49,533,2,7200,1.09193245779
211694,211757,212280,63,523,2,7200,1.12045889101
211722,211764,212296,42,532,2,7200,1.07894736842
211756,211770,212296,14,526,2,7200,1.02661596958
211763,211813,212266,50,453,2,7200,1.11037527594
211770,211820,212338,50,518,2,7200,1.09652509653
211809,211827,212272,18,445,2,7200,1.0404494382
211816,211834,212335,18,501,2,7200,1.03592814371
211823,211857,212374,34,517,2,7200,1.06576402321
211830,211879,212400,49,521,2,7200,1.09404990403
211853,211886,212405,33,519,2,7200,1.06358381503
211876,211893,212432,17,539,2,7200,1.03153988868
211882,211937,212447,55,510,2,7200,1.10784313725
211899,211944,212476,45,532,2,7200,1.08458646617
211933,211974,212462,41,488,2,7200,1.08401639344
211940,211992,212482,52,490,2,7200,1.10612244898
211973,212005,212484,32,479,2,7200,1.06680584551
211991,212048,212529,57,481,2,7200,1.1185031185
212003,212055,212593,52,538,2,7200,1.09665427509
212047,212084,212582,37,498,2,7200,1.07429718876
212054,212095,212653,41,558,2,7200,1.07347670251
212083,212131,212645,48,514,2,7200,1.09338521401
212095,212138,212667,43,529,2,7200,1.08128544423
212129,212143,212631,14,488,2,7200,1.02868852459
212135,212150,212706,15,556,2,7200,1.02697841727
212153,212194,212719,41,525,2,7200,1.0780952381
212155,212214,212776,59,562,2,7200,1.10498220641
212194,212233,212725,39,492,2,7200,1.07926829268
212211,212272,212817,61,545,2,7200,1.1119266055
212229,212279,212774,50,495,2,7200,1.10101010101
212268,212286,212798,18,512,2,7200,1.03515625
212274,212293,212850,19,557,2,7200,1.03411131059
212287,212308,212864,21,556,2,7200,1.03776978417
212288,212313,212835,25,522,2,7200,1.04789272031
212306,212347,212876,41,529,2,7200,1.0775047259
212313,212354,212829,41,475,2,7200,1.08631578947
212347,212387,212919,40,532,2,7200,1.07518796992
212363,212412,212939,49,527,2,7200,1.09297912713
212386,212419,212934,33,515,2,7200,1.0640776699
212409,212444,212987,35,543,2,7200,1.06445672192
212416,212459,212993,43,534,2,7200,1.08052434457
212445,212475,212997,30,522,2,7200,1.05747126437
212457,212488,213013,31,525,2,7200,1.05904761905
212475,212495,213036,20,541,2,7200,1.03696857671
212487,212502,213036,15,534,2,7200,1.02808988764
212494,212541,213052,47,511,2,7200,1.09197651663
212501,212594,213063,93,469,2,7200,1.19829424307
212540,212605,213096,65,491,2,7200,1.13238289206
212594,212643,213087,49,444,2,7200,1.11036036036
212601,212658,213227,57,569,2,7200,1.10017574692
212640,212665,213182,25,517,2,7200,1.04835589942
212658,212680,213190,22,510,2,7200,1.0431372549
212665,212719,213220,54,501,2,7200,1.10778443114
212677,212731,213200,54,469,2,7200,1.11513859275
212716,212738,213230,22,492,2,7200,1.04471544715
212728,212786,213299,58,513,2,7200,1.11306042885
212735,212793,213308,58,515,2,7200,1.11262135922
212785,212811,213331,26,520,2,7200,1.05
212792,212829,213348,37,519,2,7200,1.07129094412
212809,212843,213370,34,527,2,7200,1.06451612903
212833,212850,213358,17,508,2,7200,1.03346456693
212840,212862,213393,22,531,2,7200,1.04143126177
212847,212876,213462,29,586,2,7200,1.04948805461
212860,212888,213376,28,488,2,7200,1.05737704918
212872,212931,213411,59,480,2,7200,1.12291666667
212884,212946,213467,62,521,2,7200,1.11900191939
212929,212953,213479,24,526,2,7200,1.04562737643
212945,260850,277680,47905,16830,20,86399,3.84640522876
212946,212999,213458,53,459,2,7200,1.11546840959
212953,213006,213483,53,477,2,7200,1.11111111111
212981,260868,286197,47887,25329,20,86399,2.89059970784
212997,213013,213488,16,475,2,7200,1.03368421053
213004,213025,213535,21,510,2,7200,1.04117647059
213011,213048,213525,37,477,2,7200,1.07756813417
213030,213053,213572,23,519,2,7200,1.04431599229
213047,213064,213576,17,512,2,7200,1.033203125
213049,213076,213575,27,499,2,7200,1.05410821643
213061,213099,213652,38,553,2,7200,1.06871609403
213074,213108,213572,34,464,2,7200,1.07327586207
213097,213195,213684,98,489,2,7200,1.20040899796
213104,213202,213685,98,483,2,7200,1.20289855072
213196,213212,213709,16,497,2,7200,1.03219315895
213203,213232,213765,29,533,2,7200,1.05440900563
213210,213239,213726,29,487,2,7200,1.05954825462
213227,213246,213791,19,545,2,7200,1.03486238532
213245,213311,213834,66,523,2,7200,1.12619502868
213246,213321,213801,75,480,2,7200,1.15625
213312,213343,213875,31,532,2,7200,1.05827067669
213319,213360,213877,41,517,2,7200,1.07930367505
213342,213370,213883,28,513,2,7200,1.05458089669
213360,213382,213949,22,567,2,7200,1.03880070547
213367,213389,213902,22,513,2,7200,1.04288499025
213379,213405,213974,26,569,2,7200,1.04569420035
213386,213423,213919,37,496,2,7200,1.07459677419
213404,213471,213962,67,491,2,7200,1.13645621181
213421,213478,213967,57,489,2,7200,1.11656441718
213471,213485,213993,14,508,2,7200,1.02755905512
213489,213497,214064,8,567,2,7200,1.01410934744
213491,213502,213956,11,454,2,7200,1.02422907489
213493,213509,214029,16,520,2,7200,1.03076923077
213500,213537,214079,37,542,2,7200,1.06826568266
213507,213547,214060,40,513,2,7200,1.07797270955
213535,213584,214115,49,531,2,7200,1.0922787194
213547,213589,214125,42,536,2,7200,1.07835820896
213581,213596,214153,15,557,2,7200,1.02692998205
213588,213601,214161,13,560,2,7200,1.02321428571
213594,213664,214213,70,549,2,7200,1.12750455373
213601,213696,214223,95,527,2,7200,1.18026565465
213661,213703,214196,42,493,2,7200,1.08519269777
213695,213722,214277,27,555,2,7200,1.04864864865
213702,213738,214252,36,514,2,7200,1.07003891051
213719,213755,214297,36,542,2,7200,1.06642066421
213737,213773,214204,36,431,2,7200,1.08352668213
213754,213778,214297,24,519,2,7200,1.04624277457
213772,213801,214303,29,502,2,7200,1.0577689243
213779,213808,214347,29,539,2,7200,1.05380333952
213802,213815,214329,13,514,2,7200,1.02529182879
213803,213847,214282,44,435,2,7200,1.10114942529
213810,213854,214368,44,514,2,7200,1.08560311284
213844,213887,214430,43,543,2,7200,1.07918968692
213851,213894,214397,43,503,2,7200,1.08548707753
213884,213901,214440,17,539,2,7200,1.03153988868
213891,213914,214391,23,477,2,7200,1.04821802935
213908,213931,214451,23,520,2,7200,1.04423076923
213909,213961,214424,52,463,2,7200,1.11231101512
213927,213967,214472,40,505,2,7200,1.07920792079
213960,213975,214466,15,491,2,7200,1.03054989817
213967,213982,214476,15,494,2,7200,1.03036437247
213974,213989,214502,15,513,2,7200,1.02923976608
213981,214005,214546,24,541,2,7200,1.04436229205
213988,214041,214561,53,520,2,7200,1.10192307692
214005,214073,214567,68,494,2,7200,1.13765182186
214038,214080,214601,42,521,2,7200,1.08061420345
214072,214091,214608,19,517,2,7200,1.03675048356
214079,214127,214595,48,468,2,7200,1.10256410256
214091,214137,214655,46,518,2,7200,1.0888030888
214125,214166,214663,41,497,2,7200,1.08249496982
214137,214172,214686,35,514,2,7200,1.06809338521
214164,214208,214695,44,487,2,7200,1.09034907598
214171,214216,214702,45,486,2,7200,1.09259259259
214205,214226,214749,21,523,2,7200,1.04015296367
214212,214235,214776,23,541,2,7200,1.04251386322
214225,214264,214746,39,482,2,7200,1.08091286307
214232,214290,214793,58,503,2,7200,1.11530815109
214260,214297,214763,37,466,2,7200,1.07939914163
214288,214309,214816,21,507,2,7200,1.04142011834
214306,214332,214856,26,524,2,7200,1.04961832061
214307,214342,214880,35,538,2,7200,1.06505576208
214330,214359,214863,29,504,2,7200,1.05753968254
214342,214381,214863,39,482,2,7200,1.08091286307
214355,214403,214920,48,517,2,7200,1.09284332689
214378,214410,214896,32,486,2,7200,1.0658436214
214401,214436,214923,35,487,2,7200,1.07186858316
214408,214443,214966,35,523,2,7200,1.06692160612
214436,214452,214952,16,500,2,7200,1.032
214443,214464,214988,21,524,2,7200,1.04007633588
214460,214478,214968,18,490,2,7200,1.03673469388
214462,214485,215041,23,556,2,7200,1.04136690647
214464,216996,218086,2532,1090,16,3600,3.32293577982
214474,214492,215003,18,511,2,7200,1.03522504892
214481,214514,215011,33,497,2,7200,1.06639839034
214488,214558,215112,70,554,2,7200,1.12635379061
214511,214574,215058,63,484,2,7200,1.13016528926
214555,214581,215083,26,502,2,7200,1.05179282869
214573,214608,215130,35,522,2,7200,1.06704980843
214580,214615,215141,35,526,2,7200,1.06653992395
214608,214622,215148,14,526,2,7200,1.02661596958
214615,214667,215184,52,517,2,7200,1.10058027079
214622,214676,215143,54,467,2,7200,1.11563169165
214644,217001,231428,2357,14427,8,14400,1.16337422888
214667,214699,215189,32,490,2,7200,1.06530612245
214674,214708,215244,34,536,2,7200,1.06343283582
214697,214715,215165,18,450,2,7200,1.04
214704,214758,215242,54,484,2,7200,1.11157024793
214711,214765,215295,54,530,2,7200,1.10188679245
214755,214775,215257,20,482,2,7200,1.04149377593
214762,214788,215275,26,487,2,7200,1.05338809035
214779,214805,215321,26,516,2,7200,1.0503875969
214786,214828,215327,42,499,2,7200,1.08416833667
214804,214868,215357,64,489,2,7200,1.1308793456
214817,230959,231620,16142,661,1,1800,25.4205748865
214827,214875,215377,48,502,2,7200,1.09561752988
214866,214881,215374,15,493,2,7200,1.03042596349
214873,214892,215421,19,529,2,7200,1.0359168242
214880,214909,215435,29,526,2,7200,1.05513307985
214892,214932,215456,40,524,2,7200,1.07633587786
214905,214939,215423,34,484,2,7200,1.07024793388
214933,214964,215471,31,507,2,7200,1.06114398422
214940,214978,215506,38,528,2,7200,1.07196969697
214963,214985,215493,22,508,2,7200,1.04330708661
214975,215000,215555,25,555,2,7200,1.04504504505
214982,215015,215542,33,527,2,7200,1.06261859583
215000,215024,215544,24,520,2,7200,1.04615384615
215012,215053,215582,41,529,2,7200,1.0775047259
215024,215070,215580,46,510,2,7200,1.09019607843
215053,215095,215607,42,512,2,7200,1.08203125
215069,215124,215626,55,502,2,7200,1.10956175299
215092,215142,215661,50,519,2,7200,1.09633911368
215121,215153,215647,32,494,2,7200,1.06477732794
215138,215160,215716,22,556,2,7200,1.03956834532
215151,215166,215713,15,547,2,7200,1.02742230347
215158,215177,215680,19,503,2,7200,1.03777335984
215165,215190,215699,25,509,2,7200,1.04911591356
215177,215197,215745,20,548,2,7200,1.03649635036
215195,215204,215721,9,517,2,7200,1.01740812379
215197,215254,215746,57,492,2,7200,1.11585365854
215204,215261,215813,57,552,2,7200,1.10326086957
215253,215269,215755,16,486,2,7200,1.0329218107
215260,215287,215752,27,465,2,7200,1.05806451613
215267,215308,215834,41,526,2,7200,1.07794676806
215284,215334,215826,50,492,2,7200,1.10162601626
215307,215341,215855,34,514,2,7200,1.06614785992
215330,215369,215878,39,509,2,7200,1.07662082515
215347,215386,215910,39,524,2,7200,1.07442748092
215370,215393,215916,23,523,2,7200,1.04397705545
215382,215433,215927,51,494,2,7200,1.1032388664
215389,215440,215914,51,474,2,7200,1.10759493671
215433,215447,215926,14,479,2,7200,1.02922755741
215440,215469,215964,29,495,2,7200,1.05858585859
215447,215483,215991,36,508,2,7200,1.07086614173
215469,215505,216024,36,519,2,7200,1.06936416185
215482,215518,216054,36,536,2,7200,1.0671641791
215505,215554,216086,49,532,2,7200,1.09210526316
215517,215561,216002,44,441,2,7200,1.09977324263
215550,215568,216136,18,568,2,7200,1.03169014085
215557,215592,216139,35,547,2,7200,1.06398537477
215564,215598,216101,34,503,2,7200,1.0675944334
215592,215619,216095,27,476,2,7200,1.05672268908
215599,215638,216181,39,543,2,7200,1.07182320442
215616,215659,216194,43,535,2,7200,1.08037383178
215633,228120,231747,12487,3627,1,3600,4.44279018473
215634,215674,216169,40,495,2,7200,1.08080808081
215657,215693,216257,36,564,2,7200,1.06382978723
215669,215711,216170,42,459,2,7200,1.09150326797
215692,215725,216218,33,493,2,7200,1.06693711968
215710,215732,216209,22,477,2,7200,1.04612159329
215728,215739,216262,11,523,2,7200,1.02103250478
215729,215757,216283,28,526,2,7200,1.05323193916
215736,215764,216297,28,533,2,7200,1.05253283302
215754,215769,216278,15,509,2,7200,1.02946954813
215761,215776,216292,15,516,2,7200,1.02906976744
215768,215825,216347,57,522,2,7200,1.1091954023
215775,215838,216358,63,520,2,7200,1.12115384615
215824,215847,216340,23,493,2,7200,1.04665314402
215837,215867,216379,30,512,2,7200,1.05859375
215854,215890,216384,36,494,2,7200,1.07287449393
215866,215923,216448,57,525,2,7200,1.10857142857
215889,215930,216444,41,514,2,7200,1.07976653696
215922,215935,216475,13,540,2,7200,1.02407407407
215929,215942,216480,13,538,2,7200,1.02416356877
215931,215947,216491,16,544,2,7200,1.02941176471
215938,215976,216469,38,493,2,7200,1.07707910751
215954,216003,216505,49,502,2,7200,1.09760956175
215972,216015,216515,43,500,2,7200,1.086
216000,216036,216519,36,483,2,7200,1.07453416149
216013,216066,216600,53,534,2,7200,1.09925093633
216036,216099,216636,63,537,2,7200,1.11731843575
216064,216107,216665,43,558,2,7200,1.0770609319
216097,216114,216607,17,493,2,7200,1.03448275862
216114,216148,216695,34,547,2,7200,1.06215722121
216116,216155,216715,39,560,2,7200,1.06964285714
216144,216181,216739,37,558,2,7200,1.06630824373
216151,216188,216678,37,490,2,7200,1.07551020408
216180,216195,216731,15,536,2,7200,1.02798507463
216187,216206,216718,19,512,2,7200,1.037109375
216194,216222,216776,28,554,2,7200,1.05054151625
216206,216231,216774,25,543,2,7200,1.04604051565
216209,264693,264696,48484,3,16,72000,4848.7
216223,216269,216719,46,450,2,7200,1.10222222222
216230,216276,216799,46,523,2,7200,1.0879541109
216269,216291,216830,22,539,2,7200,1.04081632653
216276,216298,216857,22,559,2,7200,1.03935599284
216288,216305,216814,17,509,2,7200,1.03339882122
216295,216312,216831,17,519,2,7200,1.03275529865
216302,216352,216888,50,536,2,7200,1.09328358209
216309,216359,216900,50,541,2,7200,1.09242144177
216352,216370,216892,18,522,2,7200,1.03448275862
216359,216391,216930,32,539,2,7200,1.05936920223
216360,264708,311705,48348,46997,16,72000,2.02874651574
216366,216398,216933,32,535,2,7200,1.05981308411
216389,216456,216983,67,527,2,7200,1.12713472486
216396,216462,216972,66,510,2,7200,1.12941176471
216456,216482,216971,26,489,2,7200,1.05316973415
216463,216489,217000,26,511,2,7200,1.05088062622
216481,216496,216988,15,492,2,7200,1.03048780488
216499,216505,217042,6,537,2,7200,1.01117318436
216500,216517,217043,17,526,2,7200,1.03231939163
216502,216528,217039,26,511,2,7200,1.05088062622
216514,216535,217036,21,501,2,7200,1.04191616766
216519,277696,290480,61177,12784,16,36000,5.78543491865
216527,216612,217132,85,520,2,7200,1.16346153846
216534,216619,217154,85,535,2,7200,1.15887850467
216610,216648,217182,38,534,2,7200,1.07116104869
216617,216677,217186,60,509,2,7200,1.11787819253
216645,216691,217223,46,532,2,7200,1.08646616541
216678,216707,217214,29,507,2,7200,1.05719921105
216690,216728,217186,38,458,2,7200,1.08296943231
216708,216735,217244,27,509,2,7200,1.05304518664
216725,216740,217271,15,531,2,7200,1.02824858757
216732,216747,217249,15,502,2,7200,1.02988047809
216739,216754,217261,15,507,2,7200,1.02958579882
216746,216786,217321,40,535,2,7200,1.07476635514
216763,216793,217323,30,530,2,7200,1.05660377358
216786,216811,217317,25,506,2,7200,1.04940711462
216793,216826,217385,33,559,2,7200,1.05903398927
216810,216842,217372,32,530,2,7200,1.06037735849
216822,216849,217385,27,536,2,7200,1.05037313433
216840,216869,217395,29,526,2,7200,1.05513307985
216847,216900,217350,53,450,2,7200,1.11777777778
216872,216907,217431,35,524,2,7200,1.06679389313
216900,216913,217399,13,486,2,7200,1.02674897119
216907,216942,217492,35,550,2,7200,1.06363636364
216914,216948,217436,34,488,2,7200,1.06967213115
216942,216983,217522,41,539,2,7200,1.07606679035
216949,216989,217533,40,544,2,7200,1.07352941176
216983,217007,217525,24,518,2,7200,1.04633204633
217001,217019,217519,18,500,2,7200,1.036
217002,217024,217539,22,515,2,7200,1.0427184466
217014,217048,217566,34,518,2,7200,1.06563706564
217021,217056,217525,35,469,2,7200,1.07462686567
217044,217061,217596,17,535,2,7200,1.03177570093
217057,217069,217569,12,500,2,7200,1.024
217058,217144,217609,86,465,2,7200,1.18494623656
217065,217166,217673,101,507,2,7200,1.19921104536
217141,217194,217711,53,517,2,7200,1.10251450677
217164,217201,217729,37,528,2,7200,1.07007575758
217192,217206,217717,14,511,2,7200,1.02739726027
217199,217226,217730,27,504,2,7200,1.05357142857
217206,217236,217776,30,540,2,7200,1.05555555556
217224,217256,217797,32,541,2,7200,1.05914972274
217236,217263,217807,27,544,2,7200,1.04963235294
217253,217273,217800,20,527,2,7200,1.03795066414
217271,217283,217826,12,543,2,7200,1.02209944751
217272,217329,217888,57,559,2,7200,1.10196779964
217279,217335,217911,56,576,2,7200,1.09722222222
217329,217340,217832,11,492,2,7200,1.02235772358
217336,217363,217914,27,551,2,7200,1.04900181488
217338,217384,217935,46,551,2,7200,1.0834845735
217360,217397,217917,37,520,2,7200,1.07115384615
217383,217402,217893,19,491,2,7200,1.03869653768
217401,217408,217937,7,529,2,7200,1.01323251418
217403,217416,217901,13,485,2,7200,1.02680412371
217404,217443,217976,39,533,2,7200,1.07317073171
217417,217450,217994,33,544,2,7200,1.06066176471
217438,228229,231847,10791,3618,1,3600,3.98258706468
217440,217505,218032,65,527,2,7200,1.12333965844
217440,228234,231849,10794,3615,1,3600,3.98589211618
217447,217531,218077,84,546,2,7200,1.15384615385
217502,217538,218065,36,527,2,7200,1.06831119545
217530,217543,218076,13,533,2,7200,1.0243902439
217537,217561,218091,24,530,2,7200,1.04528301887
217544,217566,218141,22,575,2,7200,1.03826086957
217561,217578,218104,17,526,2,7200,1.03231939163
217563,217585,218090,22,505,2,7200,1.04356435644
217575,217609,218146,34,537,2,7200,1.06331471136
217582,217621,218178,39,557,2,7200,1.07001795332
217605,217686,218210,81,524,2,7200,1.15458015267
217617,217723,218276,106,553,2,7200,1.19168173599
217683,217730,218242,47,512,2,7200,1.091796875
217722,217741,218221,19,480,2,7200,1.03958333333
217729,217748,218272,19,524,2,7200,1.03625954198
217746,217788,218312,42,524,2,7200,1.08015267176
217747,217809,218355,62,546,2,7200,1.11355311355
217786,217816,218365,30,549,2,7200,1.05464480874
217809,217823,218392,14,569,2,7200,1.02460456942
217816,217839,218343,23,504,2,7200,1.04563492063
217823,217846,218384,23,538,2,7200,1.04275092937
217836,217900,218431,64,531,2,7200,1.12052730697
217843,217907,218467,64,560,2,7200,1.11428571429
217898,217914,218416,16,502,2,7200,1.03187250996
217915,217923,218501,8,578,2,7200,1.01384083045
217917,217930,218422,13,492,2,7200,1.02642276423
217919,217935,218469,16,534,2,7200,1.02996254682
217926,217942,218519,16,577,2,7200,1.02772963605
217933,217948,218444,15,496,2,7200,1.03024193548
217940,217954,218505,14,551,2,7200,1.02540834846
217947,217988,218506,41,518,2,7200,1.07915057915
217954,218006,218555,52,549,2,7200,1.09471766849
217983,228343,231966,10360,3623,1,3600,3.85950869445
217985,228350,231980,10365,3630,1,3600,3.85537190083
217987,218044,218539,57,495,2,7200,1.11515151515
218005,218077,218563,72,486,2,7200,1.14814814815
218044,218088,218578,44,490,2,7200,1.08979591837
218077,218095,218656,18,561,2,7200,1.0320855615
218084,218101,218634,17,533,2,7200,1.03189493433
218091,218107,218645,16,538,2,7200,1.02973977695
218098,218180,218698,82,518,2,7200,1.1583011583
218105,218185,218707,80,522,2,7200,1.15325670498
218176,218193,218694,17,501,2,7200,1.03393213573
218183,218198,218722,15,524,2,7200,1.0286259542
218190,218206,218706,16,500,2,7200,1.032
218197,218211,218678,14,467,2,7200,1.02997858672
218215,218221,218747,6,526,2,7200,1.01140684411
218216,218233,218778,17,545,2,7200,1.03119266055
218218,218254,218752,36,498,2,7200,1.07228915663
218230,218285,218864,55,579,2,7200,1.09499136442
218253,218292,218802,39,510,2,7200,1.07647058824
218282,218324,218826,42,502,2,7200,1.08366533865
218289,218359,218907,70,548,2,7200,1.12773722628
218321,218367,218915,46,548,2,7200,1.08394160584
218355,218381,218888,26,507,2,7200,1.05128205128
218367,218396,218879,29,483,2,7200,1.06004140787
218380,218405,218872,25,467,2,7200,1.05353319058
218392,218428,218999,36,571,2,7200,1.06304728546
218409,218435,219007,26,572,2,7200,1.04545454545
218427,218443,218959,16,516,2,7200,1.03100775194
218434,218456,218951,22,495,2,7200,1.04444444444
218441,218479,218949,38,470,2,7200,1.08085106383
218453,218486,218990,33,504,2,7200,1.06547619048
218480,218513,219049,33,536,2,7200,1.06156716418
218482,218520,219042,38,522,2,7200,1.07279693487
218510,218525,219022,15,497,2,7200,1.03018108652
218517,218533,219083,16,550,2,7200,1.02909090909
218525,218551,218995,26,444,2,7200,1.05855855856
218532,218567,219079,35,512,2,7200,1.068359375
218554,218576,219123,22,547,2,7200,1.04021937843
218566,218590,219116,24,526,2,7200,1.04562737643
218573,218646,219124,73,478,2,7200,1.15271966527
218591,218658,219164,67,506,2,7200,1.13241106719
218646,218668,219225,22,557,2,7200,1.039497307
218662,218690,219205,28,515,2,7200,1.05436893204
218664,218706,219239,42,533,2,7200,1.07879924953
218687,218713,219231,26,518,2,7200,1.05019305019
218705,218720,219265,15,545,2,7200,1.02752293578
218712,218725,219219,13,494,2,7200,1.02631578947
218719,218734,219298,15,564,2,7200,1.02659574468
218736,218759,219261,23,502,2,7200,1.04581673307
218737,218766,219275,29,509,2,7200,1.05697445972
218755,218790,219322,35,532,2,7200,1.06578947368
218762,218815,219352,53,537,2,7200,1.09869646182
218785,218838,219383,53,545,2,7200,1.09724770642
218814,218876,219394,62,518,2,7200,1.11969111969
218835,218884,219332,49,448,2,7200,1.109375
218874,218891,219470,17,579,2,7200,1.02936096718
218881,218900,219429,19,529,2,7200,1.0359168242
218889,218919,219416,30,497,2,7200,1.06036217304
218901,218926,219410,25,484,2,7200,1.05165289256
218918,218961,219513,43,552,2,7200,1.07789855072
218925,218968,219476,43,508,2,7200,1.08464566929
218958,218975,219487,17,512,2,7200,1.033203125
218965,219002,219510,37,508,2,7200,1.07283464567
218972,219009,219471,37,462,2,7200,1.08008658009
219001,219016,219519,15,503,2,7200,1.02982107356
219018,219036,219573,18,537,2,7200,1.03351955307
219019,219055,219574,36,519,2,7200,1.06936416185
219032,219062,219623,30,561,2,7200,1.05347593583
219055,219091,219599,36,508,2,7200,1.07086614173
219062,219098,219574,36,476,2,7200,1.0756302521
219090,219128,219552,38,424,2,7200,1.08962264151
219097,219135,219673,38,538,2,7200,1.07063197026
219131,219142,219671,11,529,2,7200,1.02079395085
219132,219176,219699,44,523,2,7200,1.08413001912
219139,219217,219704,78,487,2,7200,1.16016427105
219173,219231,219695,58,464,2,7200,1.125
219217,219238,219731,21,493,2,7200,1.04259634888
219229,219245,219791,16,546,2,7200,1.0293040293
219236,219252,219773,16,521,2,7200,1.03071017274
219243,219273,219776,30,503,2,7200,1.05964214712
219260,219285,219853,25,568,2,7200,1.04401408451
219272,219292,219821,20,529,2,7200,1.03780718336
219285,219310,219841,25,531,2,7200,1.04708097928
219292,219335,219881,43,546,2,7200,1.07875457875
219308,228403,232032,9095,3629,1,3600,3.50620005511
219309,219344,219903,35,559,2,7200,1.0626118068
219332,219364,219874,32,510,2,7200,1.06274509804
219349,219383,219955,34,572,2,7200,1.05944055944
219361,219395,219920,34,525,2,7200,1.06476190476
219384,219407,219864,23,457,2,7200,1.05032822757
219391,219422,219929,31,507,2,7200,1.06114398422
219403,219429,219966,26,537,2,7200,1.04841713222
219421,219441,219990,20,549,2,7200,1.0364298725
219424,272503,322933,53079,50430,1,50400,2.05252825699
219437,219482,220054,45,572,2,7200,1.07867132867
219439,219489,220003,50,514,2,7200,1.09727626459
219478,219494,219993,16,499,2,7200,1.03206412826
219485,219501,219978,16,477,2,7200,1.03354297694
219492,219522,220040,30,518,2,7200,1.05791505792
219499,219529,220052,30,523,2,7200,1.05736137667
219521,219536,220002,15,466,2,7200,1.0321888412
219528,219564,220048,36,484,2,7200,1.07438016529
219535,219585,220159,50,574,2,7200,1.08710801394
219563,219592,220112,29,520,2,7200,1.05576923077
219581,219597,220139,16,542,2,7200,1.0295202952
219593,219611,220130,18,519,2,7200,1.03468208092
219594,219636,220152,42,516,2,7200,1.08139534884
219611,219683,220196,72,513,2,7200,1.14035087719
219634,219690,220197,56,507,2,7200,1.11045364892
219683,219707,220239,24,532,2,7200,1.04511278195
219690,219714,220202,24,488,2,7200,1.04918032787
219708,219721,220221,13,500,2,7200,1.026
219724,219743,220263,19,520,2,7200,1.03653846154
219726,219786,220344,60,558,2,7200,1.10752688172
219744,219793,220343,49,550,2,7200,1.08909090909
219783,219803,220279,20,476,2,7200,1.04201680672
219790,219833,220371,43,538,2,7200,1.07992565056
219802,219853,220369,51,516,2,7200,1.0988372093
219835,219865,220372,30,507,2,7200,1.05917159763
219852,219876,220352,24,476,2,7200,1.05042016807
219864,219886,220377,22,491,2,7200,1.04480651731
219871,219893,220385,22,492,2,7200,1.04471544715
219884,219915,220450,31,535,2,7200,1.05794392523
219900,219933,220423,33,490,2,7200,1.06734693878
219912,219942,220481,30,539,2,7200,1.05565862709
219931,219967,220478,36,511,2,7200,1.07045009785
219938,219979,220504,41,525,2,7200,1.0780952381
219966,219989,220536,23,547,2,7200,1.04204753199
219983,220002,220568,19,566,2,7200,1.03356890459
219990,220009,220565,19,556,2,7200,1.03417266187
220002,220016,220507,14,491,2,7200,1.02851323829
220009,220021,220541,12,520,2,7200,1.02307692308
220016,220052,220599,36,547,2,7200,1.06581352834
220018,220060,220575,42,515,2,7200,1.08155339806
220051,220067,220558,16,491,2,7200,1.03258655804
220058,220072,220564,14,492,2,7200,1.02845528455
220064,220125,220587,61,462,2,7200,1.13203463203
220071,220142,220715,71,573,2,7200,1.12390924956
220121,220151,220646,30,495,2,7200,1.06060606061
220138,220164,220724,26,560,2,7200,1.04642857143
220155,220171,220715,16,544,2,7200,1.02941176471
220162,220208,220696,46,488,2,7200,1.09426229508
220169,220214,220766,45,552,2,7200,1.08152173913
220208,220220,220697,12,477,2,7200,1.0251572327
220215,220233,220734,18,501,2,7200,1.03592814371
220216,220251,220776,35,525,2,7200,1.06666666667
220233,220275,220803,42,528,2,7200,1.07954545455
220250,220292,220865,42,573,2,7200,1.07329842932
220273,220299,220807,26,508,2,7200,1.05118110236
220291,220306,220857,15,551,2,7200,1.02722323049
220298,220313,220818,15,505,2,7200,1.0297029703
220314,220355,220878,41,523,2,7200,1.07839388145
220315,220362,220854,47,492,2,7200,1.09552845528
220354,220369,220934,15,565,2,7200,1.02654867257
220371,220382,220915,11,533,2,7200,1.02063789869
220373,220389,220965,16,576,2,7200,1.02777777778
220380,220394,220890,14,496,2,7200,1.02822580645
220387,220401,220920,14,519,2,7200,1.02697495183
220404,220410,220930,6,520,2,7200,1.01153846154
220406,220435,220950,29,515,2,7200,1.05631067961
220407,220461,220977,54,516,2,7200,1.10465116279
220435,220490,220972,55,482,2,7200,1.11410788382
220462,220497,221066,35,569,2,7200,1.06151142355
220490,220516,221054,26,538,2,7200,1.04832713755
220507,220523,221041,16,518,2,7200,1.03088803089
220514,220548,221090,34,542,2,7200,1.06273062731
220521,220554,221032,33,478,2,7200,1.0690376569
220548,220570,221056,22,486,2,7200,1.04526748971
220555,220577,221100,22,523,2,7200,1.04206500956
220567,220582,221125,15,543,2,7200,1.02762430939
220584,220590,221117,6,527,2,7200,1.01138519924
220586,220597,221113,11,516,2,7200,1.02131782946
220587,220605,221159,18,554,2,7200,1.03249097473
220594,220611,221121,17,510,2,7200,1.03333333333
220601,220658,221185,57,527,2,7200,1.10815939279
220617,220708,221221,91,513,2,7200,1.17738791423
220656,220713,221276,57,563,2,7200,1.10124333925
220692,228488,232111,7796,3623,1,3600,3.15180789401
220710,220728,221248,18,520,2,7200,1.03461538462
220711,220733,221248,22,515,2,7200,1.0427184466
220724,220740,221283,16,543,2,7200,1.02946593002
220731,220747,221250,16,503,2,7200,1.03180914513
220738,220778,221357,40,579,2,7200,1.06908462867
220754,220789,221248,35,459,2,7200,1.07625272331
220776,220816,221325,40,509,2,7200,1.07858546169
220793,220823,221308,30,485,2,7200,1.0618556701
220815,220830,221412,15,582,2,7200,1.02577319588
220832,220866,221396,34,530,2,7200,1.0641509434
220834,220873,221393,39,520,2,7200,1.075
220862,220880,221439,18,559,2,7200,1.03220035778
220878,220890,221419,12,529,2,7200,1.02268431002
220879,220902,221366,23,464,2,7200,1.04956896552
220880,349044,349047,128164,3,16,108000,12816.7
220886,220927,221408,41,481,2,7200,1.08523908524
220902,220934,221459,32,525,2,7200,1.06095238095
220924,220942,221459,18,517,2,7200,1.03481624758
220941,220949,221476,8,527,2,7200,1.01518026565
220942,220963,221491,21,528,2,7200,1.03977272727
220949,220977,221503,28,526,2,7200,1.05323193916
220962,220984,221507,22,523,2,7200,1.04206500956
220978,220991,221519,13,528,2,7200,1.02462121212
220980,221044,221570,64,526,2,7200,1.1216730038
220987,221054,221533,67,479,2,7200,1.13987473904
221041,221068,221629,27,561,2,7200,1.04812834225
221056,228598,232226,7542,3628,1,3600,3.07883131202
221058,221073,221604,15,531,2,7200,1.02824858757
221065,221080,221581,15,501,2,7200,1.02994011976
221072,221102,221614,30,512,2,7200,1.05859375
221079,221112,221612,33,500,2,7200,1.066
221101,221125,221614,24,489,2,7200,1.0490797546
221108,221132,221644,24,512,2,7200,1.046875
221125,221139,221691,14,552,2,7200,1.02536231884
221142,221149,221682,7,533,2,7200,1.01313320826
221144,221171,221703,27,532,2,7200,1.0507518797
221146,221198,221632,52,434,2,7200,1.1198156682
221169,221233,221776,64,543,2,7200,1.11786372007
221179,228700,232310,7521,3610,1,3600,3.08337950139
221182,229023,232655,7841,3632,1,3600,3.15886563877
221195,221260,221760,65,500,2,7200,1.13
221229,221265,221771,36,506,2,7200,1.07114624506
221261,221272,221836,11,564,2,7200,1.0195035461
221263,221277,221786,14,509,2,7200,1.02750491159
221270,221288,221808,18,520,2,7200,1.03461538462
221277,221295,221845,18,550,2,7200,1.03272727273
221284,221320,221869,36,549,2,7200,1.06557377049
221300,221337,221906,37,569,2,7200,1.06502636204
221317,221369,221903,52,534,2,7200,1.09737827715
221339,221379,221901,40,522,2,7200,1.07662835249
221367,221405,221935,38,530,2,7200,1.07169811321
221383,221412,221927,29,515,2,7200,1.05631067961
221401,221420,221920,19,500,2,7200,1.038
221417,221427,221953,10,526,2,7200,1.01901140684
221419,221434,221996,15,562,2,7200,1.02669039146
221426,221451,221999,25,548,2,7200,1.04562043796
221433,221471,222004,38,533,2,7200,1.0712945591
221449,221476,222026,27,550,2,7200,1.04909090909
221467,221489,221981,22,492,2,7200,1.04471544715
221483,221504,222005,21,501,2,7200,1.04191616766
221485,229030,232657,7545,3627,1,3600,3.08023159636
221485,221515,222040,30,525,2,7200,1.05714285714
221502,221522,222053,20,531,2,7200,1.03766478343
221519,221531,222034,12,503,2,7200,1.02385685885
221521,221545,222050,24,505,2,7200,1.04752475248
221528,221582,222080,54,498,2,7200,1.10843373494
221544,221593,222075,49,482,2,7200,1.10165975104
221583,221616,222148,33,532,2,7200,1.06203007519
221599,221623,222148,24,525,2,7200,1.04571428571
221617,221630,222157,13,527,2,7200,1.02466793169
221634,221641,222121,7,480,2,7200,1.01458333333
221635,221648,222178,13,530,2,7200,1.02452830189
221637,221654,222033,17,379,2,7200,1.04485488127
221644,221661,222218,17,557,2,7200,1.03052064632
221651,221695,222208,44,513,2,7200,1.08576998051
221658,221703,222140,45,437,2,7200,1.10297482838
221696,221715,222199,19,484,2,7200,1.03925619835
221703,221777,222274,74,497,2,7200,1.14889336016
221715,221789,222304,74,515,2,7200,1.14368932039
221721,231075,231747,9354,672,1,1800,14.9196428571
221721,231080,231744,9359,664,1,1800,15.0948795181
221722,226965,227655,5243,690,2,1800,8.59855072464
221722,231086,231753,9364,667,1,1800,15.0389805097
221722,225353,226039,3631,686,2,1800,6.29300291545
221723,221796,221804,73,8,4,1800,8.1
221723,221816,221822,93,6,4,1800,9.9
221723,226970,227662,5247,692,2,1800,8.5823699422
221724,226668,227582,4944,914,8,1800,6.40919037199
221724,221835,221842,111,7,4,1800,11.8
221724,226949,227812,5225,863,8,1800,7.05446118192
221724,226663,227733,4939,1070,8,1800,5.61588785047
221725,224744,225720,3019,976,16,1800,4.09323770492
221725,233130,234287,11405,1157,32,1800,10.8573898012
221725,225737,226650,4012,913,16,1800,5.39430449069
221725,223771,224726,2046,955,16,1800,3.14240837696
221726,234268,234281,12542,13,32,1800,965.769230769
221726,234313,234326,12587,13,64,1800,969.230769231
221726,234294,234301,12568,7,32,1800,1257.5
221727,236330,236363,14603,33,128,1800,443.515151515
221727,234368,234376,12641,8,64,1800,1264.9
221727,234339,234351,12612,12,64,1800,1052.0
221728,781095,781122,559367,27,256,1800,20718.2962963
221728,229038,232671,7310,3633,1,3600,3.01211120286
221728,236375,236385,14647,10,128,1800,1465.7
221728,781134,781146,559406,12,256,1800,46618.1666667
221728,236397,236417,14669,20,128,1800,734.45
221729,781158,781198,559429,40,256,1800,13986.725
221731,229060,232693,7329,3633,1,3600,3.01734104046
221780,221802,222349,22,547,2,7200,1.04021937843
221787,221809,222327,22,518,2,7200,1.04247104247
221793,229174,232776,7381,3602,1,3600,3.04913936702
221796,229179,232782,7383,3603,1,3600,3.04912572856
221798,229288,232921,7490,3633,1,3600,3.06165703276
221799,221823,222305,24,482,2,7200,1.04979253112
221800,229357,232990,7557,3633,1,3600,3.08009909166
221801,229624,233244,7823,3620,1,3600,3.16104972376
221803,229821,233423,8018,3602,1,3600,3.22598556358
221804,229826,233467,8022,3641,1,3600,3.20324086789
221806,229845,233464,8039,3619,1,3600,3.22133185963
221806,221848,222340,42,492,2,7200,1.08536585366
221807,229886,233525,8079,3639,1,3600,3.22011541632
221809,230186,233824,8377,3638,1,3600,3.30263881253
221822,221860,222356,38,496,2,7200,1.07661290323
221845,221868,222394,23,526,2,7200,1.04372623574
221861,221913,222417,52,504,2,7200,1.10317460317
221868,221920,222455,52,535,2,7200,1.09719626168
221911,221926,222502,15,576,2,7200,1.02604166667
221918,221933,222494,15,561,2,7200,1.02673796791
221925,221940,222476,15,536,2,7200,1.02798507463
221932,221993,222470,61,477,2,7200,1.12788259958
221948,222008,222489,60,481,2,7200,1.12474012474
221993,222015,222492,22,477,2,7200,1.04612159329
222005,222022,222534,17,512,2,7200,1.033203125
222022,222038,222563,16,525,2,7200,1.03047619048
222023,222045,222585,22,540,2,7200,1.04074074074
222036,222052,222576,16,524,2,7200,1.03053435115
222043,222057,222623,14,566,2,7200,1.02473498233
222050,222065,222610,15,545,2,7200,1.02752293578
222057,222070,222542,13,472,2,7200,1.02754237288
222074,222087,222590,13,503,2,7200,1.02584493042
222076,222094,222555,18,461,2,7200,1.03904555315
222083,222134,222643,51,509,2,7200,1.10019646365
222090,222152,222669,62,517,2,7200,1.11992263056
222134,222161,222718,27,557,2,7200,1.04847396768
222151,222167,222666,16,499,2,7200,1.03206412826
222169,222176,222676,7,500,2,7200,1.014
222170,222190,222662,20,472,2,7200,1.04237288136
222172,222211,222694,39,483,2,7200,1.08074534161
222190,222220,222738,30,518,2,7200,1.05791505792
222207,222230,222691,23,461,2,7200,1.04989154013
222220,222287,222772,67,485,2,7200,1.1381443299
222227,222316,222842,89,526,2,7200,1.16920152091
222286,222323,222872,37,549,2,7200,1.06739526412
222314,222339,222861,25,522,2,7200,1.04789272031
222321,222352,222901,31,549,2,7200,1.05646630237
222339,222361,222854,22,493,2,7200,1.04462474645
222351,222368,222848,17,480,2,7200,1.03541666667
222368,222406,222956,38,550,2,7200,1.06909090909
222369,222429,222957,60,528,2,7200,1.11363636364
222403,222467,222981,64,514,2,7200,1.12451361868
222426,222482,222997,56,515,2,7200,1.10873786408
222458,349022,372979,126564,23957,25,129599,6.28296531285
222465,222489,222985,24,496,2,7200,1.04838709677
222483,222501,223030,18,529,2,7200,1.03402646503
222500,222508,223043,8,535,2,7200,1.01495327103
222502,222515,223047,13,532,2,7200,1.02443609023
222509,222522,223044,13,522,2,7200,1.02490421456
222511,222546,223052,35,506,2,7200,1.06916996047
222523,222555,223041,32,486,2,7200,1.0658436214
222546,222567,223133,21,566,2,7200,1.0371024735
222553,222576,223097,23,521,2,7200,1.04414587332
222565,222588,223100,23,512,2,7200,1.044921875
222582,222598,223093,16,495,2,7200,1.03232323232
222589,222605,223176,16,571,2,7200,1.02802101576
222596,222623,223086,27,463,2,7200,1.05831533477
222603,222635,223136,32,501,2,7200,1.06387225549
222621,222656,223173,35,517,2,7200,1.06769825919
222633,222674,223184,41,510,2,7200,1.08039215686
222654,230191,233804,7537,3613,1,3600,3.08607805148
222655,222681,223178,26,497,2,7200,1.0523138833
222673,222687,223207,14,520,2,7200,1.02692307692
222680,222694,223192,14,498,2,7200,1.0281124498
222687,222703,223248,16,545,2,7200,1.02935779817
222694,222710,223233,16,523,2,7200,1.03059273423
222710,222730,223254,20,524,2,7200,1.03816793893
222712,222750,223262,38,512,2,7200,1.07421875
222717,230265,233892,7548,3627,1,3600,3.08105872622
222729,222785,223345,56,560,2,7200,1.1
222747,222854,223346,107,492,2,7200,1.2174796748
222781,222861,223386,80,525,2,7200,1.15238095238
222851,222868,223401,17,533,2,7200,1.03189493433
222868,222875,223331,7,456,2,7200,1.01535087719
222870,222884,223434,14,550,2,7200,1.02545454545
222872,222913,223458,41,545,2,7200,1.0752293578
222884,222920,223440,36,520,2,7200,1.06923076923
222912,222968,223520,56,552,2,7200,1.10144927536
222919,222975,223485,56,510,2,7200,1.10980392157
222959,230584,234212,7625,3628,1,3600,3.10170893054
222964,222993,223442,29,449,2,7200,1.06458797327
222980,223000,223500,20,500,2,7200,1.04
222992,223009,223584,17,575,2,7200,1.02956521739
222999,223043,223520,44,477,2,7200,1.09224318658
223006,223054,223541,48,487,2,7200,1.09856262834
223044,223061,223592,17,531,2,7200,1.03201506591
223051,223066,223563,15,497,2,7200,1.03018108652
223058,223074,223602,16,528,2,7200,1.0303030303
223065,223079,223583,14,504,2,7200,1.02777777778
223072,223098,223644,26,546,2,7200,1.04761904762
223079,223105,223631,26,526,2,7200,1.04942965779
223096,223117,223642,21,525,2,7200,1.04
223103,223122,223673,19,551,2,7200,1.03448275862
223115,223145,223697,30,552,2,7200,1.05434782609
223122,223152,223608,30,456,2,7200,1.06578947368
223145,223185,223660,40,475,2,7200,1.08421052632
223161,223192,223717,31,525,2,7200,1.05904761905
223184,223197,223684,13,487,2,7200,1.02669404517
223191,223204,223733,13,529,2,7200,1.02457466919
223198,223211,223733,13,522,2,7200,1.02490421456
223215,223222,223775,7,553,2,7200,1.01265822785
223217,223245,223736,28,491,2,7200,1.05702647658
223219,223260,223795,41,535,2,7200,1.07663551402
223241,223267,223817,26,550,2,7200,1.04727272727
223242,349049,651497,125807,302448,10,302400,1.41596241337
223259,223274,223781,15,507,2,7200,1.02958579882
223266,223343,223841,77,498,2,7200,1.1546184739
223283,223361,223816,78,455,2,7200,1.17142857143
223343,223366,223897,23,531,2,7200,1.04331450094
223360,223398,223901,38,503,2,7200,1.07554671968
223362,223412,223951,50,539,2,7200,1.09276437848
223400,223446,223961,46,515,2,7200,1.08932038835
223412,223452,223981,40,529,2,7200,1.07561436673
223446,223459,223905,13,446,2,7200,1.02914798206
223453,223470,223992,17,522,2,7200,1.03256704981
223469,223498,224018,29,520,2,7200,1.05576923077
223471,223512,224033,41,521,2,7200,1.07869481766
223494,223532,224015,38,483,2,7200,1.07867494824
223511,223537,223999,26,462,2,7200,1.05627705628
223529,223552,224101,23,549,2,7200,1.04189435337
223545,223579,224125,34,546,2,7200,1.06227106227
223552,223595,224173,43,578,2,7200,1.07439446367
223575,223602,224130,27,528,2,7200,1.05113636364
223593,223609,224090,16,481,2,7200,1.03326403326
223600,223616,224162,16,546,2,7200,1.0293040293
223616,223623,224116,7,493,2,7200,1.01419878296
223618,223643,224225,25,582,2,7200,1.04295532646
223620,223654,224133,34,479,2,7200,1.07098121086
223643,223661,224174,18,513,2,7200,1.0350877193
223650,223673,224202,23,529,2,7200,1.04347826087
223657,223685,224193,28,508,2,7200,1.05511811024
223674,223697,224220,23,523,2,7200,1.04397705545
223681,223710,224195,29,485,2,7200,1.05979381443
223693,223729,224223,36,494,2,7200,1.07287449393
223710,223745,224257,35,512,2,7200,1.068359375
223728,223750,224301,22,551,2,7200,1.03992740472
223744,277806,313825,54062,36019,16,36000,2.50093006469
223745,223757,224320,12,563,2,7200,1.02131438721
223747,223762,224260,15,498,2,7200,1.03012048193
223754,223787,224301,33,514,2,7200,1.06420233463
223761,223794,224295,33,501,2,7200,1.06586826347
223784,223808,224338,24,530,2,7200,1.04528301887
223791,223828,224367,37,539,2,7200,1.06864564007
223807,223835,224307,28,472,2,7200,1.0593220339
223824,223853,224377,29,524,2,7200,1.05534351145
223831,223910,224434,79,524,2,7200,1.15076335878
223853,223917,224425,64,508,2,7200,1.12598425197
223908,223922,224459,14,537,2,7200,1.0260707635
223915,223963,224412,48,449,2,7200,1.10690423163
223931,223974,224543,43,569,2,7200,1.0755711775
223959,223994,224542,35,548,2,7200,1.06386861314
223971,224005,224577,34,572,2,7200,1.05944055944
223993,224012,224538,19,526,2,7200,1.036121673
224006,224027,224538,21,511,2,7200,1.04109589041
224013,224034,224582,21,548,2,7200,1.03832116788
224025,224046,224606,21,560,2,7200,1.0375
224041,224102,224595,61,493,2,7200,1.12373225152
224043,224114,224651,71,537,2,7200,1.1322160149
224098,224128,224646,30,518,2,7200,1.05791505792
224110,224137,224675,27,538,2,7200,1.05018587361
224127,224144,224645,17,501,2,7200,1.03393213573
224134,224151,224719,17,568,2,7200,1.02992957746
224141,224175,224648,34,473,2,7200,1.07188160677
224148,224185,224717,37,532,2,7200,1.06954887218
224175,224192,224710,17,518,2,7200,1.03281853282
224182,224205,224733,23,528,2,7200,1.04356060606
224189,224212,224741,23,529,2,7200,1.04347826087
224201,224232,224736,31,504,2,7200,1.06150793651
224208,224224,224750,16,526,2,7200,1.03041825095
224226,224239,224730,13,491,2,7200,1.02647657841
224233,224244,224763,11,519,2,7200,1.02119460501
224240,224269,224759,29,490,2,7200,1.05918367347
224241,224276,224841,35,565,2,7200,1.06194690265
224270,224307,224831,37,524,2,7200,1.07061068702
224277,224314,224847,37,533,2,7200,1.06941838649
224310,224321,224876,11,555,2,7200,1.01981981982
224312,224326,224842,14,516,2,7200,1.02713178295
224319,224334,224856,15,522,2,7200,1.02873563218
224326,224350,224914,24,564,2,7200,1.04255319149
224333,224379,224853,46,474,2,7200,1.0970464135
224349,230590,234214,6241,3624,1,3600,2.72213024283
224350,224389,224959,39,570,2,7200,1.06842105263
224377,224424,224910,47,486,2,7200,1.09670781893
224390,224438,224991,48,553,2,7200,1.08679927667
224423,224452,224916,29,464,2,7200,1.0625
224435,224472,225044,37,572,2,7200,1.06468531469
224452,224550,225086,98,536,2,7200,1.1828358209
224469,224555,225073,86,518,2,7200,1.16602316602
224545,224562,225115,17,553,2,7200,1.03074141049
224562,224594,225074,32,480,2,7200,1.06666666667
224564,224599,225117,35,518,2,7200,1.06756756757
224592,224608,225115,16,507,2,7200,1.0315581854
224599,224618,225208,19,590,2,7200,1.03220338983
224606,224657,225135,51,478,2,7200,1.10669456067
224622,224664,225209,42,545,2,7200,1.07706422018
224656,224670,225192,14,522,2,7200,1.02681992337
224663,224682,225189,19,507,2,7200,1.03747534517
224669,224689,225194,20,505,2,7200,1.0396039604
224686,224723,225239,37,516,2,7200,1.07170542636
224688,224730,225267,42,537,2,7200,1.0782122905
224717,230623,234256,5906,3633,1,3600,2.6256537297
224722,224737,225311,15,574,2,7200,1.02613240418
224728,224749,225266,21,517,2,7200,1.04061895551
224735,224756,225285,21,529,2,7200,1.03969754253
224753,224768,225284,15,516,2,7200,1.02906976744
224754,224773,225306,19,533,2,7200,1.03564727955
224767,224780,225332,13,552,2,7200,1.02355072464
224774,224787,225322,13,535,2,7200,1.02429906542
224781,224818,225329,37,511,2,7200,1.07240704501
224782,224843,225328,61,485,2,7200,1.12577319588
224816,224854,225435,38,581,2,7200,1.06540447504
224839,224859,225357,20,498,2,7200,1.04016064257
224840,230701,234328,5861,3627,1,3600,2.61593603529
224843,230706,234328,5863,3622,1,3600,2.61871893981
224857,224866,225432,9,566,2,7200,1.01590106007
224858,224871,225353,13,482,2,7200,1.02697095436
224865,224878,225337,13,459,2,7200,1.02832244009
224867,224892,225396,25,504,2,7200,1.0496031746
224874,224923,225460,49,537,2,7200,1.09124767225
224891,224930,225411,39,481,2,7200,1.08108108108
224920,224935,225419,15,484,2,7200,1.03099173554
224927,224971,225455,44,484,2,7200,1.09090909091
224943,225003,225486,60,483,2,7200,1.12422360248
224971,225056,225566,85,510,2,7200,1.16666666667
224999,225091,225623,92,532,2,7200,1.17293233083
225054,225097,225586,43,489,2,7200,1.08793456033
225086,230714,234333,5628,3619,1,3600,2.55512572534
225092,225104,225608,12,504,2,7200,1.02380952381
225094,225127,225670,33,543,2,7200,1.06077348066
225101,225134,225658,33,524,2,7200,1.06297709924
225124,225140,225642,16,502,2,7200,1.03187250996
225131,225147,225649,16,502,2,7200,1.03187250996
225138,225202,225730,64,528,2,7200,1.12121212121
225154,225209,225729,55,520,2,7200,1.10576923077
225198,225214,225718,16,504,2,7200,1.03174603175
225205,225221,225682,16,461,2,7200,1.03470715835
225212,225226,225724,14,498,2,7200,1.0281124498
225229,225251,225709,22,458,2,7200,1.0480349345
225231,225278,225774,47,496,2,7200,1.09475806452
225248,225285,225836,37,551,2,7200,1.06715063521
225277,225297,225836,20,539,2,7200,1.03710575139
225284,225302,225843,18,541,2,7200,1.03327171904
225301,225318,225791,17,473,2,7200,1.03594080338
225302,225325,225858,23,533,2,7200,1.04315196998
225315,225334,225843,19,509,2,7200,1.0373280943
225322,225341,225878,19,537,2,7200,1.03538175047
225334,225346,225909,12,563,2,7200,1.02131438721
225351,225360,225798,9,438,2,7200,1.02054794521
225352,225367,225820,15,453,2,7200,1.03311258278
225359,225374,225898,15,524,2,7200,1.0286259542
225366,225409,225963,43,554,2,7200,1.07761732852
225373,225423,225939,50,516,2,7200,1.09689922481
225393,230719,234325,5326,3606,1,3600,2.47698280643
225396,230724,234349,5328,3625,1,3600,2.46979310345
225398,230730,234367,5332,3637,1,3600,2.4660434424
225407,225432,225972,25,540,2,7200,1.0462962963
225419,225445,226000,26,555,2,7200,1.04684684685
225436,225452,225969,16,517,2,7200,1.03094777563
225443,225467,225977,24,510,2,7200,1.04705882353
225450,225474,226001,24,527,2,7200,1.04554079696
225460,230735,234369,5275,3634,1,3600,2.45156851954
225463,225498,226058,35,560,2,7200,1.0625
225475,225584,226081,109,497,2,7200,1.21931589537
225498,225598,226160,100,562,2,7200,1.17793594306
225584,225620,226161,36,541,2,7200,1.06654343808
225602,225635,226163,33,528,2,7200,1.0625
225619,225654,226176,35,522,2,7200,1.06704980843
225632,225661,226160,29,499,2,7200,1.05811623246
225642,230741,234358,5099,3617,1,3600,2.40973182195
225655,225671,226229,16,558,2,7200,1.02867383513
225662,225682,226184,20,502,2,7200,1.03984063745
225678,225694,226237,16,543,2,7200,1.02946593002
225680,225722,226203,42,481,2,7200,1.08731808732
225692,225730,226270,38,540,2,7200,1.07037037037
225721,225742,226266,21,524,2,7200,1.04007633588
225727,225750,226269,23,519,2,7200,1.04431599229
225740,225755,226271,15,516,2,7200,1.02906976744
225757,225786,226236,29,450,2,7200,1.06444444444
225758,225804,226314,46,510,2,7200,1.09019607843
225765,230768,234385,5003,3617,1,3600,2.38319048936
225787,225811,226364,24,553,2,7200,1.04339963834
225804,225833,226314,29,481,2,7200,1.06029106029
225811,225848,226350,37,502,2,7200,1.07370517928
225829,225853,226352,24,499,2,7200,1.04809619238
225846,225860,226401,14,541,2,7200,1.0258780037
225853,225866,226388,13,522,2,7200,1.02490421456
225860,225873,226384,13,511,2,7200,1.02544031311
225862,225891,226388,29,497,2,7200,1.0583501006
225869,225910,226429,41,519,2,7200,1.07899807322
225892,225921,226397,29,476,2,7200,1.06092436975
225910,225952,226494,42,542,2,7200,1.07749077491
225917,225976,226476,59,500,2,7200,1.118
225955,225989,226514,34,525,2,7200,1.06476190476
225973,225994,226548,21,554,2,7200,1.03790613718
225985,226002,226462,17,460,2,7200,1.03695652174
225992,226013,226530,21,517,2,7200,1.04061895551
225999,226018,226527,19,509,2,7200,1.0373280943
226016,226051,226533,35,482,2,7200,1.07261410788
226018,226071,226601,53,530,2,7200,1.1
226048,286210,286217,60162,7,16,36000,6016.9
226052,226094,226626,42,532,2,7200,1.07894736842
226069,226172,226683,103,511,2,7200,1.20156555773
226072,286235,286241,60163,6,16,36000,6016.9
226092,226177,226697,85,520,2,7200,1.16346153846
226168,226185,226718,17,533,2,7200,1.03189493433
226185,226198,226743,13,545,2,7200,1.02385321101
226187,226203,226661,16,458,2,7200,1.03493449782
226193,286265,286269,60072,4,16,36000,6007.6
226194,226215,226795,21,580,2,7200,1.03620689655
226201,226241,226763,40,522,2,7200,1.07662835249
226213,226248,226758,35,510,2,7200,1.06862745098
226242,226255,226777,13,522,2,7200,1.02490421456
226249,226278,226796,29,518,2,7200,1.05598455598
226256,226285,226803,29,518,2,7200,1.05598455598
226278,226290,226838,12,548,2,7200,1.02189781022
226286,226298,226815,12,517,2,7200,1.02321083172
226287,226303,226830,16,527,2,7200,1.03036053131
226294,226326,226774,32,448,2,7200,1.07142857143
226299,286284,286288,59985,4,16,36000,5998.9
226301,226331,226833,30,502,2,7200,1.05976095618
226309,230774,234401,4465,3627,1,3600,2.23104494072
226324,226370,226910,46,540,2,7200,1.08518518519
226331,226363,226918,32,555,2,7200,1.05765765766
226359,226377,226891,18,514,2,7200,1.03501945525
226376,226396,226911,20,515,2,7200,1.03883495146
226377,226403,226943,26,540,2,7200,1.04814814815
226395,226409,226956,14,547,2,7200,1.02559414991
226402,226416,226898,14,482,2,7200,1.02904564315
226409,226421,226944,12,523,2,7200,1.02294455067
226426,226442,226921,16,479,2,7200,1.03340292276
226428,226475,226951,47,476,2,7200,1.0987394958
226440,226488,227032,48,544,2,7200,1.08823529412
226474,226506,227037,32,531,2,7200,1.06026365348
226486,226526,227060,40,534,2,7200,1.07490636704
226508,226539,227065,31,526,2,7200,1.05893536122
226526,226546,227057,20,511,2,7200,1.03913894325
226538,226551,227110,13,559,2,7200,1.02325581395
226545,226561,227113,16,552,2,7200,1.02898550725
226561,226614,227116,53,502,2,7200,1.10557768924
226563,226639,227158,76,519,2,7200,1.14643545279
226612,226675,227218,63,543,2,7200,1.11602209945
226635,226695,227252,60,557,2,7200,1.10771992819
226674,226709,227205,35,496,2,7200,1.07056451613
226695,226725,227225,30,500,2,7200,1.06
226708,226732,227199,24,467,2,7200,1.05139186296
226725,226739,227253,14,514,2,7200,1.02723735409
226732,226755,227240,23,485,2,7200,1.04742268041
226748,226770,227277,22,507,2,7200,1.04339250493
226755,226777,227316,22,539,2,7200,1.04081632653
226768,226787,227281,19,494,2,7200,1.03846153846
226784,226794,227357,10,563,2,7200,1.01776198934
226785,226807,227333,22,526,2,7200,1.04182509506
226792,226814,227315,22,501,2,7200,1.04391217565
226805,226827,227294,22,467,2,7200,1.04710920771
226821,226834,227352,13,518,2,7200,1.0250965251
226823,226843,227347,20,504,2,7200,1.03968253968
226830,226850,227384,20,534,2,7200,1.03745318352
226842,226856,227350,14,494,2,7200,1.02834008097
226859,226904,227444,45,540,2,7200,1.08333333333
226860,226911,227408,51,497,2,7200,1.10261569416
226904,226922,227394,18,472,2,7200,1.03813559322
226921,226929,227501,8,572,2,7200,1.01398601399
226923,226936,227438,13,502,2,7200,1.02589641434
226925,226941,227460,16,519,2,7200,1.03082851638
226932,226954,227454,22,500,2,7200,1.044
226939,226959,227502,20,543,2,7200,1.03683241252
226951,226977,227502,26,525,2,7200,1.04952380952
226967,226982,227482,15,500,2,7200,1.03
226974,226994,227519,20,525,2,7200,1.0380952381
226981,227044,227544,63,500,2,7200,1.126
226994,227051,227594,57,543,2,7200,1.10497237569
227045,227069,227614,24,545,2,7200,1.04403669725
227047,227076,227589,29,513,2,7200,1.05653021442
227068,227083,227563,15,480,2,7200,1.03125
227075,227123,227622,48,499,2,7200,1.09619238477
227082,227130,227672,48,542,2,7200,1.08856088561
227124,227136,227623,12,487,2,7200,1.02464065708
227126,227170,227722,44,552,2,7200,1.07971014493
227133,227211,227716,78,505,2,7200,1.15445544554
227172,227218,227741,46,523,2,7200,1.0879541109
227209,227230,227746,21,516,2,7200,1.04069767442
227215,227237,227738,22,501,2,7200,1.04391217565
227232,227252,227701,20,449,2,7200,1.04454342984
227234,227264,227790,30,526,2,7200,1.05703422053
227250,227271,227837,21,566,2,7200,1.0371024735
227266,227289,227809,23,520,2,7200,1.04423076923
227268,227296,227800,28,504,2,7200,1.05555555556
227289,227306,227816,17,510,2,7200,1.03333333333
227296,227327,227849,31,522,2,7200,1.05938697318
227312,227334,227875,22,541,2,7200,1.04066543438
227328,227345,227882,17,537,2,7200,1.03165735568
227330,227359,227866,29,507,2,7200,1.05719921105
227346,227366,227848,20,482,2,7200,1.04149377593
227363,227373,227896,10,523,2,7200,1.01912045889
227364,227378,227893,14,515,2,7200,1.02718446602
227371,227396,227918,25,522,2,7200,1.04789272031
227378,227403,227946,25,543,2,7200,1.04604051565
227395,227408,227920,13,512,2,7200,1.025390625
227401,227480,228048,79,568,2,7200,1.13908450704
227417,227486,228023,69,537,2,7200,1.12849162011
227480,227504,228052,24,548,2,7200,1.04379562044
227482,227510,228016,28,506,2,7200,1.05533596838
227505,227517,228079,12,562,2,7200,1.02135231317
227507,227523,228069,16,546,2,7200,1.0293040293
227523,227530,228035,7,505,2,7200,1.01386138614
227525,227538,228087,13,549,2,7200,1.02367941712
227527,227543,228112,16,569,2,7200,1.02811950791
227534,227550,228130,16,580,2,7200,1.0275862069
227541,227557,228096,16,539,2,7200,1.02968460111
227556,227576,228069,20,493,2,7200,1.04056795132
227572,227594,228089,22,495,2,7200,1.04444444444
227591,227633,228095,42,462,2,7200,1.09090909091
227607,227638,228131,31,493,2,7200,1.06288032454
227634,227645,228159,11,514,2,7200,1.02140077821
227636,227651,228204,15,553,2,7200,1.02712477396
227643,227658,228150,15,492,2,7200,1.03048780488
227674,227693,228209,19,516,2,7200,1.03682170543
227706,227713,228208,7,495,2,7200,1.01414141414
227722,227727,228252,5,525,2,7200,1.00952380952
227737,227744,228244,7,500,2,7200,1.014
227754,227784,228254,30,470,2,7200,1.06382978723
227755,227790,228308,35,518,2,7200,1.06756756757
227784,227802,228323,18,521,2,7200,1.03454894434
227800,227809,228356,9,547,2,7200,1.01645338208
227801,227816,228350,15,534,2,7200,1.02808988764
227818,227836,228410,18,574,2,7200,1.03135888502
227820,227841,228319,21,478,2,7200,1.04393305439
227839,227881,228398,42,517,2,7200,1.08123791103
227855,227887,228399,32,512,2,7200,1.0625
227878,227910,228416,32,506,2,7200,1.06324110672
227894,227915,228435,21,520,2,7200,1.04038461538
227907,227922,228427,15,505,2,7200,1.0297029703
227914,227928,228465,14,537,2,7200,1.0260707635
227921,227935,228455,14,520,2,7200,1.02692307692
227934,230806,234411,2872,3605,1,3600,1.79667128988
227937,227949,228463,12,514,2,7200,1.0233463035
227939,227955,228501,16,546,2,7200,1.0293040293
227946,227962,228494,16,532,2,7200,1.03007518797
227962,228028,228560,66,532,2,7200,1.12406015038
227978,263339,277754,35361,14415,8,14400,3.45306971904
228018,228035,228605,17,570,2,7200,1.0298245614
228034,228047,228561,13,514,2,7200,1.02529182879
228050,228061,228617,11,556,2,7200,1.01978417266
228052,228068,228579,16,511,2,7200,1.0313111546
228068,228081,228608,13,527,2,7200,1.02466793169
228084,228094,228626,10,532,2,7200,1.01879699248
228086,228101,228638,15,537,2,7200,1.02793296089
228093,228107,228659,14,552,2,7200,1.02536231884
228110,228127,228657,17,530,2,7200,1.0320754717
228111,228133,228673,22,540,2,7200,1.04074074074
228120,263344,277786,35224,14442,8,14400,3.43899736879
228124,228142,228646,18,504,2,7200,1.03571428571
228131,228149,228665,18,516,2,7200,1.03488372093
228147,228162,228712,15,550,2,7200,1.02727272727
228149,228171,228659,22,488,2,7200,1.04508196721
228161,228183,228671,22,488,2,7200,1.04508196721
228177,228216,228736,39,520,2,7200,1.075
228178,228223,228754,45,531,2,7200,1.08474576271
228178,230812,234458,2634,3646,1,3600,1.7224355458
228218,228256,228764,38,508,2,7200,1.07480314961
228220,228264,228754,44,490,2,7200,1.08979591837
228244,263349,277776,35105,14427,8,14400,3.4332848132
228254,228271,228762,17,491,2,7200,1.03462321792
228270,228320,228780,50,460,2,7200,1.10869565217
228271,228331,228899,60,568,2,7200,1.10563380282
228302,263355,277781,35053,14426,8,14400,3.42984888396
228321,228338,228884,17,546,2,7200,1.03113553114
228337,228362,228827,25,465,2,7200,1.05376344086
228339,228369,228881,30,512,2,7200,1.05859375
228361,230825,234443,2464,3618,1,3600,1.6810392482
228362,228410,228938,48,528,2,7200,1.09090909091
228364,230830,234454,2466,3624,1,3600,1.68046357616
228377,228417,228926,40,509,2,7200,1.07858546169
228377,273725,276514,45348,2789,2,36000,17.2595912513
228406,228424,228933,18,509,2,7200,1.03536345776
228422,228431,228983,9,552,2,7200,1.01630434783
228424,228438,228955,14,517,2,7200,1.02707930368
228426,230835,234470,2409,3635,1,3600,1.66272352132
228431,228448,228969,17,521,2,7200,1.03262955854
228438,228467,229032,29,565,2,7200,1.05132743363
228454,228476,229003,22,527,2,7200,1.04174573055
228466,228483,228991,17,508,2,7200,1.03346456693
228482,228507,228982,25,475,2,7200,1.05263157895
228484,228514,229039,30,525,2,7200,1.05714285714
228489,230848,234488,2359,3640,1,3600,1.64807692308
228507,228572,229070,65,498,2,7200,1.13052208835
228523,228578,229092,55,514,2,7200,1.10700389105
228572,228591,229156,19,565,2,7200,1.03362831858
228588,228617,229142,29,525,2,7200,1.05523809524
228590,228624,229150,34,526,2,7200,1.06463878327
228612,230854,234480,2242,3626,1,3600,1.61831218974
228613,228631,229183,18,552,2,7200,1.03260869565
228630,228638,229092,8,454,2,7200,1.01762114537
228631,228650,229154,19,504,2,7200,1.0376984127
228638,228658,229144,20,486,2,7200,1.04115226337
228651,228669,229216,18,547,2,7200,1.03290676417
228667,228676,229185,9,509,2,7200,1.01768172888
228669,228682,229190,13,508,2,7200,1.02559055118
228676,228689,229199,13,510,2,7200,1.02549019608
228678,228695,229205,17,510,2,7200,1.03333333333
228685,228724,229238,39,514,2,7200,1.07587548638
228692,228731,229219,39,488,2,7200,1.07991803279
228721,228766,229107,45,341,4,7200,1.13196480938
228724,228748,229291,24,543,2,7200,1.04419889503
228731,228774,229313,43,539,2,7200,1.07977736549
228735,230859,234476,2124,3617,1,3600,1.58722698369
228744,228781,229313,37,532,2,7200,1.06954887218
228777,228793,229315,16,522,2,7200,1.030651341
228779,228840,229370,61,530,2,7200,1.11509433962
228782,231110,231550,2328,440,8,600,6.29090909091
228791,228893,229417,102,524,2,7200,1.19465648855
228840,228900,229387,60,487,2,7200,1.12320328542
228890,228912,229457,22,545,2,7200,1.04036697248
228906,228939,229414,33,475,2,7200,1.06947368421
228908,228946,229420,38,474,2,7200,1.08016877637
228936,228954,229492,18,538,2,7200,1.03345724907
228943,228967,229493,24,526,2,7200,1.04562737643
228950,228981,229479,31,498,2,7200,1.06224899598
228967,228995,229543,28,548,2,7200,1.05109489051
228979,229000,229516,21,516,2,7200,1.04069767442
228992,229007,229560,15,553,2,7200,1.02712477396
228999,229016,229559,17,543,2,7200,1.03130755064
229015,229045,229584,30,539,2,7200,1.05565862709
229017,229052,229597,35,545,2,7200,1.06422018349
229038,230865,234490,1827,3625,1,3600,1.504
229040,230877,234492,1837,3615,1,3600,1.5081604426
229042,230883,234494,1841,3611,1,3600,1.50983107173
229045,229082,229629,37,547,2,7200,1.0676416819
229052,229104,229666,52,562,2,7200,1.09252669039
229081,229110,229601,29,491,2,7200,1.05906313646
229103,229119,229614,16,495,2,7200,1.03232323232
229104,230888,234490,1784,3602,1,3600,1.49528039978
229109,229124,229651,15,527,2,7200,1.0284629981
229116,229154,229687,38,533,2,7200,1.0712945591
229124,229161,229683,37,522,2,7200,1.07088122605
229152,229168,229686,16,518,2,7200,1.03088803089
229168,229187,229736,19,549,2,7200,1.03460837887
229170,229195,229745,25,550,2,7200,1.04545454545
229188,229202,229719,14,517,2,7200,1.02707930368
229195,229207,229707,12,500,2,7200,1.024
229202,229215,229699,13,484,2,7200,1.02685950413
229219,229227,229613,8,386,2,7200,1.0207253886
229221,229234,229709,13,475,2,7200,1.02736842105
229223,229239,229749,16,510,2,7200,1.03137254902
229230,229250,229771,20,521,2,7200,1.03838771593
229237,229304,229761,67,457,2,7200,1.1466083151
229249,229325,229865,76,540,2,7200,1.14074074074
229287,230901,234524,1614,3623,1,3600,1.44548716533
229304,229331,229830,27,499,2,7200,1.05410821643
229326,229338,229825,12,487,2,7200,1.02464065708
229328,229382,229912,54,530,2,7200,1.10188679245
229335,229399,229874,64,475,2,7200,1.13473684211
229379,229426,230002,47,576,2,7200,1.08159722222
229397,229433,229994,36,561,2,7200,1.06417112299
229409,230907,234528,1498,3621,1,3600,1.41369787352
229424,229439,229984,15,545,2,7200,1.02752293578
229431,229469,230000,38,531,2,7200,1.07156308851
229438,229491,229993,53,502,2,7200,1.10557768924
229467,229504,230014,37,510,2,7200,1.07254901961
229490,229511,230022,21,511,2,7200,1.04109589041
229507,229529,230035,22,506,2,7200,1.04347826087
229508,229556,230047,48,491,2,7200,1.09775967413
229526,229571,230094,45,523,2,7200,1.08604206501
229544,277701,278318,48157,617,4,7200,79.0502431118
229554,229578,230099,24,521,2,7200,1.04606525912
229571,229596,230136,25,540,2,7200,1.0462962963
229578,229610,230163,32,553,2,7200,1.05786618445
229595,229618,230155,23,537,2,7200,1.04283054004
229607,229631,230153,24,522,2,7200,1.04597701149
229624,229636,230124,12,488,2,7200,1.02459016393
229631,229643,230144,12,501,2,7200,1.02395209581
229633,229663,230173,30,510,2,7200,1.05882352941
229640,229684,230263,44,579,2,7200,1.07599309154
229651,230927,234549,1276,3622,1,3600,1.35229155163
229663,229695,230208,32,513,2,7200,1.06237816764
229685,229703,230181,18,478,2,7200,1.03765690377
229692,229709,230225,17,516,2,7200,1.03294573643
229699,229716,230229,17,513,2,7200,1.03313840156
229706,229724,230265,18,541,2,7200,1.03327171904
229723,229731,230248,8,517,2,7200,1.01547388781
229725,229738,230240,13,502,2,7200,1.02589641434
229726,229748,230313,22,565,2,7200,1.0389380531
229733,229758,230335,25,577,2,7200,1.04332755633
229746,229765,230248,19,483,2,7200,1.03933747412
229758,229773,230294,15,521,2,7200,1.02879078695
229775,229783,230276,8,493,2,7200,1.01622718053
229776,229810,230299,34,489,2,7200,1.06952965235
229783,229815,230376,32,561,2,7200,1.05704099822
229806,229834,230363,28,529,2,7200,1.05293005671
229813,229839,230389,26,550,2,7200,1.04727272727
229834,230933,234566,1099,3633,1,3600,1.30250481696
229835,229852,230326,17,474,2,7200,1.0358649789
229837,229858,230405,21,547,2,7200,1.03839122486
229852,260856,297794,31004,36938,6,108000,1.83935242839
229857,263360,297796,33503,34436,6,108000,1.97290626089
229867,372991,481029,143124,108038,6,108000,2.32475610433
229868,229878,230405,10,527,2,7200,1.01897533207
229884,229926,230443,42,517,2,7200,1.08123791103
229915,229997,230468,82,471,2,7200,1.17409766454
229986,230005,230528,19,523,2,7200,1.03632887189
230003,230013,230505,10,492,2,7200,1.02032520325
230005,230019,230558,14,539,2,7200,1.02597402597
230013,230027,230552,14,525,2,7200,1.02666666667
230020,230035,230552,15,517,2,7200,1.02901353965
230037,230044,230592,7,548,2,7200,1.01277372263
230039,230051,230575,12,524,2,7200,1.02290076336
230040,230059,230567,19,508,2,7200,1.0374015748
230056,230106,230664,50,558,2,7200,1.08960573477
230097,230113,230648,16,535,2,7200,1.02990654206
230113,230136,230624,23,488,2,7200,1.04713114754
230129,230148,230676,19,528,2,7200,1.03598484848
230145,230156,230685,11,529,2,7200,1.02079395085
230147,230165,230667,18,502,2,7200,1.03585657371
230163,230172,230719,9,547,2,7200,1.01645338208
230165,230179,230670,14,491,2,7200,1.02851323829
230181,230199,230756,18,557,2,7200,1.03231597846
230183,230220,230784,37,564,2,7200,1.06560283688
230196,230238,230794,42,556,2,7200,1.07553956835
230223,230245,230801,22,556,2,7200,1.03956834532
230239,230252,230794,13,542,2,7200,1.02398523985
230241,230260,230825,19,565,2,7200,1.03362831858
230257,230273,230808,16,535,2,7200,1.02990654206
230259,230280,230824,21,544,2,7200,1.03860294118
230271,230285,230824,14,539,2,7200,1.02597402597
230288,230295,230765,7,470,2,7200,1.01489361702
230290,230306,230843,16,537,2,7200,1.02979515829
230292,230313,230838,21,525,2,7200,1.04
230308,230325,230883,17,558,2,7200,1.03046594982
230310,230338,230896,28,558,2,7200,1.05017921147
230326,230347,230800,21,453,2,7200,1.04635761589
230342,230376,230884,34,508,2,7200,1.06692913386
230344,230388,230910,44,522,2,7200,1.08429118774
230377,230417,230940,40,523,2,7200,1.07648183556
230389,230422,230959,33,537,2,7200,1.06145251397
230416,230456,230958,40,502,2,7200,1.0796812749
230418,230481,231012,63,531,2,7200,1.1186440678
230457,230517,231050,60,533,2,7200,1.11257035647
230478,230540,231086,62,546,2,7200,1.11355311355
230517,230564,231119,47,555,2,7200,1.08468468468
230538,230569,231084,31,515,2,7200,1.06019417476
230561,230577,231124,16,547,2,7200,1.02925045704
230578,230597,231098,19,501,2,7200,1.0379241517
230580,230605,231130,25,525,2,7200,1.04761904762
230597,230636,231150,39,514,2,7200,1.07587548638
230604,230660,231181,56,521,2,7200,1.10748560461
230617,230953,234579,336,3626,1,3600,1.09266409266
230632,230676,231158,44,482,2,7200,1.09128630705
230634,273718,305107,43084,31389,4,43200,2.37258275192
230659,230683,231186,24,503,2,7200,1.04771371769
230677,230690,231245,13,555,2,7200,1.02342342342
230679,230695,231218,16,523,2,7200,1.03059273423
230695,230746,231245,51,499,2,7200,1.10220440882
230697,230753,231245,56,492,2,7200,1.11382113821
230746,230781,231273,35,492,2,7200,1.07113821138
230753,230796,231266,43,470,2,7200,1.0914893617
230782,230817,231340,35,523,2,7200,1.06692160612
230799,230841,231382,42,541,2,7200,1.07763401109
230817,230870,231408,53,538,2,7200,1.09851301115
230840,230894,231450,54,556,2,7200,1.09712230216
230860,231049,234682,189,3633,1,3600,1.05202312139
230868,230912,231412,44,500,2,7200,1.088
230891,230919,231450,28,531,2,7200,1.0527306968
230909,230970,231445,61,475,2,7200,1.12842105263
230926,230978,231436,52,458,2,7200,1.1135371179
230970,231024,231493,54,469,2,7200,1.11513859275
230977,231099,231595,122,496,2,7200,1.24596774194
231021,231160,231685,139,525,2,7200,1.26476190476
231042,231056,234684,14,3628,1,3600,1.00385887541
231045,231062,234686,17,3624,1,3600,1.00469094923
231047,231070,234700,23,3630,1,3600,1.00633608815
231097,231165,231719,68,554,2,7200,1.12274368231
231108,231118,234745,10,3627,1,3600,1.00275709953
231111,231125,234747,14,3622,1,3600,1.00386526781
231113,231131,234737,18,3606,1,3600,1.00499168053
231114,231136,234747,22,3611,1,3600,1.00609249515
231116,231144,234789,28,3645,1,3600,1.00768175583
231117,231149,234760,32,3611,1,3600,1.00886181113
231119,231155,234780,36,3625,1,3600,1.00993103448
231120,231173,234782,53,3609,1,3600,1.01468550845
231121,231202,234828,81,3626,1,3600,1.0223386652
231123,231208,234816,85,3608,1,3600,1.02355875831
231157,231179,231712,22,533,2,7200,1.04127579737
231164,231184,231674,20,490,2,7200,1.04081632653
231176,231194,231710,18,516,2,7200,1.03488372093
231183,231230,231780,47,550,2,7200,1.08545454545
231184,231237,234868,53,3631,1,3600,1.01459652988
231190,231272,231767,82,495,2,7200,1.16565656566
231229,231277,231825,48,548,2,7200,1.08759124088
231247,231254,234883,7,3629,1,3600,1.00192890603
231249,231261,234888,12,3627,1,3600,1.00330851944
231251,231267,234908,16,3641,1,3600,1.00439439714
231252,231285,234896,33,3611,1,3600,1.00913874273
231268,231291,231816,23,525,2,7200,1.04380952381
231287,231298,231836,11,538,2,7200,1.02044609665
231288,231357,231830,69,473,2,7200,1.14587737844
231295,231404,231966,109,562,2,7200,1.19395017794
231314,231320,234923,6,3603,1,3600,1.00166527893
231315,231327,234966,12,3639,1,3600,1.00329760923
231317,231332,234950,15,3618,1,3600,1.00414593698
231318,231337,234953,19,3616,1,3600,1.00525442478
231320,231342,234965,22,3623,1,3600,1.00607231576
231321,231384,235017,63,3633,1,3600,1.01734104046
231355,231420,231984,65,564,2,7200,1.11524822695
231383,231391,235018,8,3627,1,3600,1.00220567963
231385,231399,235024,14,3625,1,3600,1.00386206897
231387,231411,235042,24,3631,1,3600,1.00660974938
231404,231427,231956,23,529,2,7200,1.04347826087
231416,231448,231955,32,507,2,7200,1.06311637081
231423,231474,232002,51,528,2,7200,1.09659090909
231446,231479,231974,33,495,2,7200,1.06666666667
231448,231455,235074,7,3619,1,3600,1.00193423598
231451,231463,235078,12,3615,1,3600,1.00331950207
231452,231469,235102,17,3633,1,3600,1.00467932838
231463,231488,233448,25,1960,1,3600,1.01275510204
231465,231493,232806,28,1313,1,3600,1.02132520944
231467,231498,233209,31,1711,1,3600,1.01811805961
231475,231504,232011,29,507,2,7200,1.05719921105
231476,231511,232032,35,521,2,7200,1.06717850288
231499,231608,232140,109,532,2,7200,1.20488721805
231511,231687,232193,176,506,2,7200,1.34782608696
231528,231536,233276,8,1740,1,3600,1.00459770115
231531,231542,232901,11,1359,1,3600,1.0080941869
231533,231548,233658,15,2110,1,3600,1.00710900474
231535,231553,233345,18,1792,1,3600,1.01004464286
231536,231558,233497,22,1939,1,3600,1.01134605467
231537,231565,233118,28,1553,1,3600,1.01802962009
231539,231570,233470,31,1900,1,3600,1.01631578947
231540,231576,233662,36,2086,1,3600,1.01725790988
231541,231585,233203,44,1618,1,3600,1.02719406675
231603,231713,233426,110,1713,1,3600,1.06421482779
231608,231702,232173,94,471,2,7200,1.19957537155
231684,231722,232240,38,518,2,7200,1.07335907336
231701,231729,232215,28,486,2,7200,1.05761316872
231719,231736,232245,17,509,2,7200,1.03339882122
231726,231779,232291,53,512,2,7200,1.103515625
231726,231759,233631,33,1872,1,3600,1.01762820513
231733,231792,232337,59,545,2,7200,1.10825688073
231777,231829,232389,52,560,2,7200,1.09285714286
231788,231799,233358,11,1559,1,3600,1.007055805
231789,231836,232328,47,492,2,7200,1.09552845528
231790,231862,233723,72,1861,1,3600,1.03868887695
231828,231844,232354,16,510,2,7200,1.03137254902
231847,231855,232382,8,527,2,7200,1.01518026565
231849,231967,232486,118,519,2,7200,1.22736030829
231856,231974,232513,118,539,2,7200,1.21892393321
231912,231919,233513,7,1594,1,3600,1.00439146801
231914,231981,233885,67,1904,1,3600,1.03518907563
231963,231986,232477,23,491,2,7200,1.04684317719
231970,231999,232559,29,560,2,7200,1.05178571429
231975,231993,233664,18,1671,1,3600,1.01077199282
231983,232006,232518,23,512,2,7200,1.044921875
231995,232015,232533,20,518,2,7200,1.03861003861
232002,232024,232516,22,492,2,7200,1.04471544715
232014,232050,232577,36,527,2,7200,1.06831119545
232021,232152,232718,131,566,2,7200,1.23144876325
232038,232044,233575,6,1531,1,3600,1.00391900718
232039,232123,234053,84,1930,1,3600,1.04352331606
232049,232185,232716,136,531,2,7200,1.25612052731
232151,232205,232717,54,512,2,7200,1.10546875
232161,232238,233689,77,1451,1,3600,1.05306685045
232184,232227,232750,43,523,2,7200,1.08221797323
232202,232252,232751,50,499,2,7200,1.1002004008
232225,232259,232768,34,509,2,7200,1.06679764244
232248,232303,232813,55,510,2,7200,1.10784313725
232255,232340,232869,85,529,2,7200,1.1606805293
232283,232322,233576,39,1254,1,3600,1.03110047847
232304,232350,232821,46,471,2,7200,1.09766454352
232337,232366,232902,29,536,2,7200,1.05410447761
232346,232667,234558,321,1891,1,3600,1.16975145426
232350,232394,232893,44,499,2,7200,1.08817635271
232362,232401,232905,39,504,2,7200,1.07738095238
232398,232489,233004,91,515,2,7200,1.17669902913
232399,232498,232996,99,498,2,7200,1.19879518072
232406,232413,232415,7,2,1,3600,1.0
232486,232526,233081,40,555,2,7200,1.07207207207
232498,232533,233056,35,523,2,7200,1.06692160612
232521,232539,233007,18,468,2,7200,1.03846153846
232534,232547,233036,13,489,2,7200,1.02658486708
232536,232571,233107,35,536,2,7200,1.06529850746
232543,232589,233084,46,495,2,7200,1.09292929293
232571,232728,233274,157,546,2,7200,1.28754578755
232589,232737,233283,148,546,2,7200,1.27106227106
232708,235251,236965,2543,1714,1,3600,2.48366394399
232710,236983,238405,4273,1422,1,3600,4.00492264416
232711,238418,240257,5707,1839,1,3600,4.10331702012
232712,240269,241622,7557,1353,1,3600,6.58536585366
232728,232742,233218,14,476,2,7200,1.02941176471
232735,232762,233245,27,483,2,7200,1.05590062112
232742,232768,233229,26,461,2,7200,1.05639913232
232759,232780,233286,21,506,2,7200,1.04150197628
232766,232825,233327,59,502,2,7200,1.11752988048
232779,232834,233364,55,530,2,7200,1.10377358491
232805,253748,257376,20943,3628,8,3600,6.77260198456
232823,232882,233432,59,550,2,7200,1.10727272727
232830,232905,233448,75,543,2,7200,1.13812154696
232834,241636,243268,8802,1632,1,3600,6.39338235294
232836,242082,244011,9246,1929,1,3600,5.79315707621
232837,243280,244885,10443,1605,1,3600,7.50654205607
232879,232914,233430,35,516,2,7200,1.06782945736
232902,232921,233458,19,537,2,7200,1.03538175047
232921,233008,233530,87,522,2,7200,1.16666666667
232923,233017,233566,94,549,2,7200,1.17122040073
232959,244023,245561,11064,1538,1,3600,8.19375812744
232961,244903,246956,11942,2053,1,3600,6.81685338529
233004,233025,233527,21,502,2,7200,1.04183266932
233016,233048,233595,32,547,2,7200,1.05850091408
233022,245574,247347,12552,1773,1,3600,8.07952622673
233023,233068,233599,45,531,2,7200,1.08474576271
233046,233094,233615,48,521,2,7200,1.09213051823
233069,233101,233655,32,554,2,7200,1.05776173285
233092,233119,233643,27,524,2,7200,1.05152671756
233099,233230,233760,131,530,2,7200,1.24716981132
233116,233242,233817,126,575,2,7200,1.21913043478
233144,246971,248736,13827,1765,1,3600,8.83399433428
233229,233258,233773,29,515,2,7200,1.05631067961
233241,233286,233844,45,558,2,7200,1.08064516129
233259,233295,233825,36,530,2,7200,1.0679245283
233267,247359,249015,14092,1656,1,3600,9.50966183575
233268,248748,250795,15480,2047,1,3600,8.56228627259
233270,249028,250609,15758,1581,1,3600,10.9671094244
233282,233303,233834,21,531,2,7200,1.0395480226
233294,233339,233888,45,549,2,7200,1.08196721311
233301,233376,233907,75,531,2,7200,1.14124293785
233331,250282,252169,16951,1887,1,3600,9.98304186539
233335,233443,234003,108,560,2,7200,1.19285714286
233373,233450,233955,77,505,2,7200,1.15247524752
233393,252181,253828,18788,1647,1,3600,12.4074074074
233396,253753,255762,20357,2009,1,3600,11.1329019413
233444,233461,233946,17,485,2,7200,1.03505154639
233451,233470,234004,19,534,2,7200,1.03558052434
233457,253759,255806,20302,2047,1,3600,10.9179286761
233460,253764,255699,20304,1935,1,3600,11.4930232558
233461,253769,255416,20308,1647,1,3600,13.3302975106
233470,233539,234044,69,505,2,7200,1.13663366337
233472,233546,234088,74,542,2,7200,1.13653136531
233523,253775,255720,20252,1945,1,3600,11.4123393316
233525,253780,255676,20255,1896,1,3600,11.6830168776
233527,253785,255707,20258,1922,1,3600,11.540062435
233529,253791,255694,20262,1903,1,3600,11.6473988439
233530,253798,255498,20268,1700,1,3600,12.9223529412
233531,253803,255871,20272,2068,1,3600,10.8027079304
233537,233578,234071,41,493,2,7200,1.0831643002
233544,233608,234156,64,548,2,7200,1.11678832117
233577,233615,234093,38,478,2,7200,1.07949790795
233593,253821,254899,20228,1078,1,3600,19.7643784787
233595,254910,256919,21315,2009,1,3600,11.6097560976
233606,233628,234179,22,551,2,7200,1.03992740472
233613,233655,234167,42,512,2,7200,1.08203125
233625,233668,234228,43,560,2,7200,1.07678571429
233653,233772,234338,119,566,2,7200,1.21024734982
233657,255429,256794,21772,1365,1,3600,16.9501831502
233665,233785,234275,120,490,2,7200,1.24489795918
233720,255510,257488,21790,1978,1,3600,12.0161779575
233723,255688,257288,21965,1600,1,3600,14.728125
233725,255706,257551,21981,1845,1,3600,12.9138211382
233727,255713,257414,21986,1701,1,3600,13.9253380364
233767,233829,234379,62,550,2,7200,1.11272727273
233785,233837,234304,52,467,2,7200,1.1113490364
233788,255774,257139,21986,1365,1,3600,17.106959707
233826,252893,255863,19067,2970,2,36000,7.41986531987
233829,233846,234349,17,503,2,7200,1.0337972167
233836,236452,260833,2616,24381,64,28800,1.10729666544
233836,233856,234377,20,521,2,7200,1.03838771593
233837,263328,318139,29491,54811,25,86399,1.53804893178
233843,233901,234405,58,504,2,7200,1.11507936508
233851,255817,257387,21966,1570,1,3600,14.9910828025
233853,255875,257317,22022,1442,1,3600,16.2718446602
233855,233919,234371,64,452,2,7200,1.14159292035
233899,233958,234492,59,534,2,7200,1.11048689139
233915,255880,257617,21965,1737,1,3600,13.6453655728
233917,233968,234465,51,497,2,7200,1.10261569416
233919,255906,257519,21987,1613,1,3600,14.6311221327
233956,234015,234505,59,490,2,7200,1.12040816327
233968,234022,234520,54,498,2,7200,1.10843373494
234020,234056,234578,36,522,2,7200,1.06896551724
234022,234083,234582,61,499,2,7200,1.12224448898
234055,234100,234625,45,525,2,7200,1.08571428571
234083,234107,234663,24,556,2,7200,1.04316546763
234095,234168,234671,73,503,2,7200,1.14512922465
234101,255911,258178,21810,2267,1,3600,10.6206440229
234108,234179,234705,71,526,2,7200,1.13498098859
234168,234191,234619,23,428,2,7200,1.05373831776
234174,234240,234791,66,551,2,7200,1.11978221416
234187,234287,234781,100,494,2,7200,1.2024291498
234226,255916,257535,21690,1619,1,3600,14.39715874
234229,255922,257538,21693,1616,1,3600,14.4238861386
234236,234320,234845,84,525,2,7200,1.16
234285,234351,234865,66,514,2,7200,1.12840466926
234291,255927,257473,21636,1546,1,3600,14.9948253558
234319,234361,234861,42,500,2,7200,1.084
234347,234384,234857,37,473,2,7200,1.07822410148
234352,255932,257865,21580,1933,1,3600,12.163993792
234354,255938,257706,21584,1768,1,3600,13.2081447964
234355,255943,257464,21588,1521,1,3600,15.1932938856
234357,255948,257726,21591,1778,1,3600,13.1434195726
234358,255954,257792,21596,1838,1,3600,12.7497279652
234359,234390,234889,31,499,2,7200,1.0621242485
234382,234396,234959,14,563,2,7200,1.02486678508
234389,234417,234943,28,526,2,7200,1.05323193916
234396,234477,235031,81,554,2,7200,1.14620938628
234413,234504,235003,91,499,2,7200,1.18236472946
234420,255959,257343,21539,1384,1,3600,16.5628612717
234423,255964,257798,21541,1834,1,3600,12.7453653217
234425,255970,257396,21545,1426,1,3600,16.1086956522
234426,255975,257883,21549,1908,1,3600,12.2940251572
234427,255981,258177,21554,2196,1,3600,10.8151183971
234429,255986,257908,21557,1922,1,3600,12.2159209157
234473,234518,235028,45,510,2,7200,1.08823529412
234490,255991,257564,21501,1573,1,3600,14.6687857597
234491,255997,257811,21506,1814,1,3600,12.855567806
234493,256002,257743,21509,1741,1,3600,13.3543940264
234495,256007,257652,21512,1645,1,3600,14.0772036474
234497,256013,257768,21516,1755,1,3600,13.2598290598
234498,256018,257826,21520,1808,1,3600,12.9026548673
234500,256023,257808,21523,1785,1,3600,13.0577030812
234501,256029,257936,21528,1907,1,3600,12.2889355008
234501,234533,235042,32,509,2,7200,1.06286836935
234502,256034,257466,21532,1432,1,3600,16.0363128492
234504,256219,257664,21715,1445,1,3600,16.0276816609
234505,256741,258581,22236,1840,1,3600,13.0847826087
234521,234590,235075,69,485,2,7200,1.14226804124
234533,234597,235126,64,529,2,7200,1.12098298677
234566,257335,259487,22769,2152,1,3600,11.5803903346
234568,257478,259159,22910,1681,1,3600,14.6287923855
234570,257630,259708,23060,2078,1,3600,12.0972088547
234571,257948,259810,23377,1862,1,3600,13.5547798067
234572,258593,260713,24021,2120,1,3600,12.3306603774
234588,234632,235185,44,553,2,7200,1.07956600362
234595,234639,235210,44,571,2,7200,1.07705779335
234628,234676,235179,48,503,2,7200,1.09542743539
234634,259172,260841,24538,1669,1,3600,15.7022168963
234635,234683,235204,48,521,2,7200,1.09213051823
234674,234717,235240,43,523,2,7200,1.08221797323
234681,234793,235348,112,555,2,7200,1.2018018018
234695,259499,261059,24804,1560,1,3600,16.9
234697,259720,261383,25023,1663,1,3600,16.046903187
234698,259824,261477,25126,1653,1,3600,16.2002419843
234714,234804,235276,90,472,2,7200,1.1906779661
234724,237492,238800,2768,1308,4,3600,3.11620795107
234759,260725,262346,25966,1621,1,3600,17.0185070944
234761,260861,262911,26100,2050,1,3600,13.7317073171
234762,261071,263013,26309,1942,1,3600,14.5473738414
234764,261395,263553,26631,2158,1,3600,13.3405931418
234766,261492,263124,26726,1632,1,3600,17.3762254902
234767,262358,264000,27591,1642,1,3600,17.8032886724
234789,234858,235407,69,549,2,7200,1.12568306011
234802,234868,235370,66,502,2,7200,1.13147410359
234829,262928,264827,28099,1899,1,3600,15.7967351237
234830,263028,264828,28198,1800,1,3600,16.6655555556
234831,263135,264784,28304,1649,1,3600,18.1643420255
234833,263365,265382,28532,2017,1,3600,15.1457610312
234834,263570,265369,28736,1799,1,3600,16.9733185103
234856,234876,235368,20,492,2,7200,1.0406504065
234868,234883,235423,15,540,2,7200,1.02777777778
234875,234901,235389,26,488,2,7200,1.05327868852
234882,234955,235430,73,475,2,7200,1.15368421053
234895,264012,265732,29117,1720,1,3600,17.9284883721
234897,264800,266544,29903,1744,1,3600,18.1462155963
234898,265382,266948,30484,1566,1,3600,20.466155811
234900,234971,235469,71,498,2,7200,1.14257028112
234954,235015,235544,61,529,2,7200,1.11531190926
234959,265394,267028,30435,1634,1,3600,19.6260709914
234961,265744,267685,30783,1941,1,3600,16.8593508501
234962,266557,268194,31595,1637,1,3600,20.3005497862
234963,266965,268638,32002,1673,1,3600,20.1285116557
234965,267040,268666,32075,1626,1,3600,20.7263222632
234966,235040,235541,74,501,2,7200,1.14770459082
235010,235047,235587,37,540,2,7200,1.06851851852
235026,267697,269337,32671,1640,1,3600,20.9213414634
235027,268211,269851,33184,1640,1,3600,21.2341463415
235029,268650,270602,33621,1952,1,3600,18.2238729508
235030,268682,271044,33652,2362,1,3600,15.2472480948
235031,269350,271251,34319,1901,1,3600,19.0531299316
235038,235054,235571,16,517,2,7200,1.03094777563
235059,235087,235593,28,506,2,7200,1.05533596838
235060,235138,235620,78,482,2,7200,1.16182572614
235083,235192,235666,109,474,2,7200,1.22995780591
235093,269863,271647,34770,1784,1,3600,20.4899103139
235094,270614,272490,35520,1876,1,3600,19.933901919
235095,271057,272817,35962,1760,1,3600,21.4329545455
235138,235198,235720,60,522,2,7200,1.11494252874
235157,271263,273261,36106,1998,1,3600,19.0710710711
235192,235216,235773,24,557,2,7200,1.04308797127
235194,235223,235750,29,527,2,7200,1.055028463
235216,235258,235800,42,542,2,7200,1.07749077491
235218,235288,235777,70,489,2,7200,1.14314928425
235257,235360,235889,103,529,2,7200,1.19470699433
235285,235381,235864,96,483,2,7200,1.19875776398
235355,235386,235916,31,530,2,7200,1.05849056604
235356,273679,273706,38323,27,4,72000,1420.37037037
235375,273684,273709,38309,25,4,72000,1533.36
235378,235401,235858,23,457,2,7200,1.05032822757
235385,235420,235904,35,484,2,7200,1.07231404959
235397,235436,235934,39,498,2,7200,1.07831325301
235420,235443,235913,23,470,2,7200,1.04893617021
235432,235481,236012,49,531,2,7200,1.0922787194
235439,235553,236081,114,528,2,7200,1.21590909091
235478,235559,236050,81,491,2,7200,1.1649694501
235553,235583,236145,30,562,2,7200,1.05338078292
235555,235599,236100,44,501,2,7200,1.0878243513
235585,235606,236144,21,538,2,7200,1.03903345725
235597,235631,236157,34,526,2,7200,1.06463878327
235604,235678,236239,74,561,2,7200,1.13190730838
235632,235733,236199,101,466,2,7200,1.21673819742
235676,235763,236261,87,498,2,7200,1.17469879518
235730,235785,236298,55,513,2,7200,1.10721247563
235758,235792,236248,34,456,2,7200,1.07456140351
235781,235812,236334,31,522,2,7200,1.05938697318
235788,235870,236369,82,499,2,7200,1.16432865731
235811,235877,236408,66,531,2,7200,1.12429378531
235866,235901,236417,35,516,2,7200,1.06782945736
235873,235916,236410,43,494,2,7200,1.08704453441
235901,235925,236439,24,514,2,7200,1.046692607
235913,235932,236447,19,515,2,7200,1.03689320388
235925,235946,236444,21,498,2,7200,1.0421686747
235932,236024,236540,92,516,2,7200,1.17829457364
235945,236062,236540,117,478,2,7200,1.24476987448
236020,236093,236618,73,525,2,7200,1.13904761905
236059,236112,236607,53,495,2,7200,1.10707070707
236093,236156,236645,63,489,2,7200,1.12883435583
236111,236163,236697,52,534,2,7200,1.09737827715
236155,236170,236720,15,550,2,7200,1.02727272727
236162,236211,236693,49,482,2,7200,1.10165975104
236169,236251,236776,82,525,2,7200,1.15619047619
236208,236260,236777,52,517,2,7200,1.10058027079
236246,236273,236826,27,553,2,7200,1.04882459313
236259,236311,236823,52,512,2,7200,1.1015625
236271,236346,236840,75,494,2,7200,1.15182186235
236310,236382,236885,72,503,2,7200,1.14314115308
236343,236420,236895,77,475,2,7200,1.16210526316
236382,236427,236934,45,507,2,7200,1.08875739645
236421,236445,236971,24,526,2,7200,1.04562737643
236428,236457,236965,29,508,2,7200,1.05708661417
236445,236464,237019,19,555,2,7200,1.03423423423
236457,236469,237032,12,563,2,7200,1.02131438721
236459,236552,237125,93,573,2,7200,1.16230366492
236466,236557,237103,91,546,2,7200,1.16666666667
236552,236619,237175,67,556,2,7200,1.12050359712
236571,236630,237159,59,529,2,7200,1.11153119093
236615,236657,237171,42,514,2,7200,1.08171206226
236627,236705,237221,78,516,2,7200,1.1511627907
236655,236712,237227,57,515,2,7200,1.11067961165
236705,236732,237261,27,529,2,7200,1.05103969754
236712,236788,237336,76,548,2,7200,1.13868613139
236729,236795,237343,66,548,2,7200,1.1204379562
236784,236835,237369,51,534,2,7200,1.09550561798
236791,236842,237410,51,568,2,7200,1.08978873239
236834,236852,237352,18,500,2,7200,1.036
236841,236897,237396,56,499,2,7200,1.1122244489
236848,236907,237391,59,484,2,7200,1.12190082645
236898,236946,237453,48,507,2,7200,1.09467455621
236905,236977,237471,72,494,2,7200,1.14574898785
236943,236990,237530,47,540,2,7200,1.08703703704
236977,237032,237577,55,545,2,7200,1.10091743119
236989,237044,237607,55,563,2,7200,1.09769094139
237020,271665,273154,34645,1489,1,3600,24.2672934856
237027,237115,237663,88,548,2,7200,1.16058394161
237040,237137,237715,97,578,2,7200,1.1678200692
237116,237171,237690,55,519,2,7200,1.10597302505
237134,237184,237689,50,505,2,7200,1.09900990099
237167,237191,237721,24,530,2,7200,1.04528301887
237179,237233,237740,54,507,2,7200,1.10650887574
237186,237240,237801,54,561,2,7200,1.09625668449
237230,237273,237843,43,570,2,7200,1.07543859649
237237,237348,237902,111,554,2,7200,1.20036101083
237270,237355,237858,85,503,2,7200,1.1689860835
237346,237365,237915,19,550,2,7200,1.03454545455
237353,237381,237842,28,461,2,7200,1.06073752711
237365,237404,237979,39,575,2,7200,1.06782608696
237377,237411,237941,34,530,2,7200,1.0641509434
237400,237422,237935,22,513,2,7200,1.04288499025
237407,237465,237985,58,520,2,7200,1.11153846154
237419,237483,238026,64,543,2,7200,1.11786372007
237463,237543,238042,80,499,2,7200,1.16032064128
237481,237589,238086,108,497,2,7200,1.21730382294
237540,237620,238109,80,489,2,7200,1.163599182
237590,237675,238185,85,510,2,7200,1.16666666667
237622,237701,238178,79,477,2,7200,1.16561844864
237671,237707,238211,36,504,2,7200,1.07142857143
237699,237727,238234,28,507,2,7200,1.05522682446
237706,237734,238255,28,521,2,7200,1.0537428023
237723,237752,238294,29,542,2,7200,1.05350553506
237730,237813,238332,83,519,2,7200,1.15992292871
237748,237854,238369,106,515,2,7200,1.20582524272
237813,237861,238389,48,528,2,7200,1.09090909091
237851,237869,238377,18,508,2,7200,1.03543307087
237858,237914,238477,56,563,2,7200,1.09946714032
237865,237927,238415,62,488,2,7200,1.12704918033
237909,237947,238491,38,544,2,7200,1.06985294118
237927,237954,238446,27,492,2,7200,1.05487804878
237944,237991,238521,47,530,2,7200,1.08867924528
237951,237999,238527,48,528,2,7200,1.09090909091
237990,238039,238487,49,448,2,7200,1.109375
237997,238054,238532,57,478,2,7200,1.11924686192
238035,238098,238620,63,522,2,7200,1.12068965517
238053,238121,238655,68,534,2,7200,1.12734082397
238098,238190,238670,92,480,2,7200,1.19166666667
238121,238197,238739,76,542,2,7200,1.14022140221
238186,238222,238718,36,496,2,7200,1.07258064516
238193,238246,238770,53,524,2,7200,1.10114503817
238221,238267,238805,46,538,2,7200,1.08550185874
238244,238307,238849,63,542,2,7200,1.11623616236
238267,238344,238900,77,556,2,7200,1.13848920863
238305,238382,238888,77,506,2,7200,1.15217391304
238344,238389,238917,45,528,2,7200,1.08522727273
238382,238401,238923,19,522,2,7200,1.03639846743
238389,238427,238889,38,462,2,7200,1.08225108225
238396,238458,238999,62,541,2,7200,1.1146025878
238424,238489,239034,65,545,2,7200,1.11926605505
238458,238499,239006,41,507,2,7200,1.0808678501
238465,272829,274373,34364,1544,1,3600,23.2564766839
238486,238506,239010,20,504,2,7200,1.03968253968
238498,238533,239054,35,521,2,7200,1.06717850288
238505,238540,239032,35,492,2,7200,1.07113821138
238533,238547,239038,14,491,2,7200,1.02851323829
238540,238632,239169,92,537,2,7200,1.17132216015
238558,238667,239148,109,481,2,7200,1.22661122661
238629,238682,239245,53,563,2,7200,1.09413854352
238667,238730,239227,63,497,2,7200,1.12676056338
238679,238751,239317,72,566,2,7200,1.12720848057
238729,238782,239339,53,557,2,7200,1.09515260323
238751,238817,239299,66,482,2,7200,1.13692946058
238779,238861,239398,82,537,2,7200,1.15270018622
238813,238900,239402,87,502,2,7200,1.17330677291
238857,238907,239411,50,504,2,7200,1.09920634921
238900,238914,239449,14,535,2,7200,1.0261682243
238902,238930,239461,28,531,2,7200,1.0527306968
238914,238937,239464,23,527,2,7200,1.04364326376
238926,239010,239571,84,561,2,7200,1.14973262032
238933,239017,239501,84,484,2,7200,1.17355371901
239009,239025,239534,16,509,2,7200,1.03143418468
239016,239044,239572,28,528,2,7200,1.05303030303
239023,239051,239594,28,543,2,7200,1.05156537753
239040,239056,239595,16,539,2,7200,1.02968460111
239047,239066,239588,19,522,2,7200,1.03639846743
239066,239159,239646,93,487,2,7200,1.1909650924
239067,239181,239743,114,562,2,7200,1.20284697509
239159,239240,239772,81,532,2,7200,1.1522556391
239181,239257,239773,76,516,2,7200,1.14728682171
239236,239317,239836,81,519,2,7200,1.15606936416
239253,239329,239859,76,530,2,7200,1.14339622642
239302,239310,239467,8,157,1,900,1.05095541401
239313,239351,239864,38,513,2,7200,1.07407407407
239325,239410,239975,85,565,2,7200,1.15044247788
239348,239417,239935,69,518,2,7200,1.1332046332
239408,239424,239908,16,484,2,7200,1.03305785124
239415,239461,240007,46,546,2,7200,1.08424908425
239421,239473,239987,52,514,2,7200,1.10116731518
239460,239480,240024,20,544,2,7200,1.03676470588
239472,239513,240007,41,494,2,7200,1.08299595142
239479,239546,240090,67,544,2,7200,1.12316176471
239513,239583,240130,70,547,2,7200,1.12797074954
239546,239590,240156,44,566,2,7200,1.0777385159
239580,239601,240112,21,511,2,7200,1.04109589041
239586,239608,240174,22,566,2,7200,1.03886925795
239599,239613,240158,14,545,2,7200,1.02568807339
239618,239658,240134,40,476,2,7200,1.08403361345
239620,239755,240321,135,566,2,7200,1.23851590106
239658,239784,240309,126,525,2,7200,1.24
239755,239790,240310,35,520,2,7200,1.06730769231
239783,239848,240371,65,523,2,7200,1.12428298279
239790,239871,240423,81,552,2,7200,1.14673913043
239844,239878,240388,34,510,2,7200,1.06666666667
239867,239919,240458,52,539,2,7200,1.09647495362
239874,239947,240423,73,476,2,7200,1.15336134454
239918,239987,240488,69,501,2,7200,1.1377245509
239946,239999,240552,53,553,2,7200,1.09584086799
239984,240018,240532,34,514,2,7200,1.06614785992
239997,240024,240539,27,515,2,7200,1.05242718447
240014,240036,240593,22,557,2,7200,1.039497307
240021,240102,240601,81,499,2,7200,1.1623246493
240034,240125,240624,91,499,2,7200,1.18236472946
240099,240143,240653,44,510,2,7200,1.0862745098
240121,240150,240700,29,550,2,7200,1.05272727273
240139,260873,289961,20734,29088,2,36000,1.71280253025
240139,240168,240715,29,547,2,7200,1.05301645338
240146,240175,240706,29,531,2,7200,1.05461393597
240171,240186,240756,15,570,2,7200,1.02631578947
240172,240322,240894,150,572,2,7200,1.26223776224
240185,240327,240853,142,526,2,7200,1.26996197719
240273,273167,274940,32894,1773,1,3600,19.5527354766
240318,240334,240862,16,528,2,7200,1.0303030303
240325,240383,240904,58,521,2,7200,1.1113243762
240332,240400,240922,68,522,2,7200,1.13026819923
240381,240435,240921,54,486,2,7200,1.11111111111
240399,240440,240932,41,492,2,7200,1.08333333333
240432,240470,240986,38,516,2,7200,1.07364341085
240439,240501,241047,62,546,2,7200,1.11355311355
240467,240544,241067,77,523,2,7200,1.14722753346
240500,240550,241081,50,531,2,7200,1.09416195857
240544,240563,241127,19,564,2,7200,1.03368794326
240551,240605,241164,54,559,2,7200,1.09660107335
240563,240614,241113,51,499,2,7200,1.10220440882
240602,240636,241129,34,493,2,7200,1.06896551724
240614,240665,241172,51,507,2,7200,1.10059171598
240632,240713,241215,81,502,2,7200,1.16135458167
240665,240720,241267,55,547,2,7200,1.10054844607
240709,240727,241233,18,506,2,7200,1.03557312253
240728,240768,241337,40,569,2,7200,1.07029876977
240730,240865,241367,135,502,2,7200,1.26892430279
240768,240874,241385,106,511,2,7200,1.20743639922
240865,240907,241395,42,488,2,7200,1.08606557377
240872,240916,241439,44,523,2,7200,1.08413001912
240905,240933,241466,28,533,2,7200,1.05253283302
240912,240938,241468,26,530,2,7200,1.04905660377
240929,240946,241415,17,469,2,7200,1.03624733475
240936,240999,241530,63,531,2,7200,1.1186440678
240943,241058,241570,115,512,2,7200,1.224609375
240998,241078,241603,80,525,2,7200,1.15238095238
241057,241093,241613,36,520,2,7200,1.06923076923
241075,241125,241659,50,534,2,7200,1.0936329588
241092,241139,241607,47,468,2,7200,1.10042735043
241120,241146,241708,26,562,2,7200,1.0462633452
241138,241176,241673,38,497,2,7200,1.07645875252
241145,241184,241676,39,492,2,7200,1.07926829268
241173,241227,241740,54,513,2,7200,1.10526315789
241180,241245,241800,65,555,2,7200,1.11711711712
241224,241280,241740,56,460,2,7200,1.12173913043
241248,241349,241891,101,542,2,7200,1.18634686347
241277,241380,241900,103,520,2,7200,1.19807692308
241289,264848,289964,23559,25116,2,36000,1.93800764453
241347,241397,241950,50,553,2,7200,1.0904159132
241380,241407,241962,27,555,2,7200,1.04864864865
241398,241427,241887,29,460,2,7200,1.06304347826
241405,241451,241963,46,512,2,7200,1.08984375
241427,241478,241977,51,499,2,7200,1.10220440882
241450,241484,241971,34,487,2,7200,1.06981519507
241478,241542,242074,64,532,2,7200,1.12030075188
241485,241582,242057,97,475,2,7200,1.20421052632
241539,241615,242201,76,586,2,7200,1.12969283276
241578,241622,242121,44,499,2,7200,1.08817635271
241611,241629,242207,18,578,2,7200,1.03114186851
241618,241672,242159,54,487,2,7200,1.11088295688
241625,241685,242165,60,480,2,7200,1.125
241658,273273,274748,31615,1475,1,3600,22.4338983051
241669,241692,242231,23,539,2,7200,1.0426716141
241681,241720,242224,39,504,2,7200,1.07738095238
241688,241752,242274,64,522,2,7200,1.12260536398
241716,241757,242295,41,538,2,7200,1.07620817844
241757,241812,242377,55,565,2,7200,1.09734513274
241759,241919,242439,160,520,2,7200,1.30769230769
241808,241924,242411,116,487,2,7200,1.23819301848
241901,269601,297083,27700,27482,48,28800,2.00793246489
241915,241931,242385,16,454,2,7200,1.03524229075
241922,241962,242531,40,569,2,7200,1.07029876977
241929,241974,242525,45,551,2,7200,1.08166969147
241962,241980,242509,18,529,2,7200,1.03402646503
241974,241988,242504,14,516,2,7200,1.02713178295
241976,241994,242503,18,509,2,7200,1.03536345776
241988,242069,242585,81,516,2,7200,1.15697674419
241990,242077,242575,87,498,2,7200,1.17469879518
242065,242089,242610,24,521,2,7200,1.04606525912
242077,242133,242657,56,524,2,7200,1.10687022901
242089,242172,242649,83,477,2,7200,1.17400419287
242133,242178,242682,45,504,2,7200,1.08928571429
242172,242214,242682,42,468,2,7200,1.08974358974
242179,242221,242740,42,519,2,7200,1.08092485549
242212,242236,242734,24,498,2,7200,1.04819277108
242219,242243,242744,24,501,2,7200,1.04790419162
242236,242286,242828,50,542,2,7200,1.09225092251
242255,242307,242811,52,504,2,7200,1.10317460317
242283,242389,242925,106,536,2,7200,1.19776119403
242305,242397,242961,92,564,2,7200,1.16312056738
242386,242423,242970,37,547,2,7200,1.0676416819
242393,242451,242934,58,483,2,7200,1.12008281573
242421,242515,243035,94,520,2,7200,1.18076923077
242449,242522,243049,73,527,2,7200,1.1385199241
242514,242527,243055,13,528,2,7200,1.02462121212
242521,242537,243101,16,564,2,7200,1.02836879433
242523,242544,243047,21,503,2,7200,1.04174950298
242535,242587,243126,52,539,2,7200,1.09647495362
242542,242597,243075,55,478,2,7200,1.11506276151
242586,242622,243196,36,574,2,7200,1.06271777003
242592,242662,243149,70,487,2,7200,1.14373716632
242620,242668,243225,48,557,2,7200,1.08617594255
242659,242694,243151,35,457,2,7200,1.07658643326
242666,242699,243228,33,529,2,7200,1.06238185255
242694,242746,243288,52,542,2,7200,1.09594095941
242712,242753,243234,41,481,2,7200,1.08523908524
242745,242760,243306,15,546,2,7200,1.02747252747
242752,242824,243349,72,525,2,7200,1.13714285714
242759,242841,243406,82,565,2,7200,1.14513274336
242824,242937,243466,113,529,2,7200,1.21361058601
242836,242947,243444,111,497,2,7200,1.22334004024
242933,242973,243545,40,572,2,7200,1.06993006993
242945,242982,243546,37,564,2,7200,1.06560283688
242973,243047,243580,74,533,2,7200,1.13883677298
242980,243059,243586,79,527,2,7200,1.14990512334
243045,243066,243618,21,552,2,7200,1.03804347826
243057,243073,243596,16,523,2,7200,1.03059273423
243064,243087,243628,23,541,2,7200,1.04251386322
243071,243114,243665,43,551,2,7200,1.0780399274
243083,243138,243684,55,546,2,7200,1.10073260073
243112,243160,243636,48,476,2,7200,1.10084033613
243134,243168,243664,34,496,2,7200,1.0685483871
243157,243208,243757,51,549,2,7200,1.09289617486
243175,243237,243769,62,532,2,7200,1.11654135338
243203,243243,243814,40,571,2,7200,1.0700525394
243237,243249,243775,12,526,2,7200,1.02281368821
243239,243301,243825,62,524,2,7200,1.11832061069
243246,243318,243840,72,522,2,7200,1.13793103448
243282,274391,276083,31109,1692,1,3600,19.3859338061
243300,243361,243887,61,526,2,7200,1.11596958175
243318,243418,243954,100,536,2,7200,1.18656716418
243356,243456,244022,100,566,2,7200,1.17667844523
243416,243478,244018,62,540,2,7200,1.11481481481
243455,243557,244113,102,556,2,7200,1.18345323741
243478,243564,244128,86,564,2,7200,1.1524822695
243553,243592,244107,39,515,2,7200,1.07572815534
243560,243599,244138,39,539,2,7200,1.07235621521
243588,243608,244157,20,549,2,7200,1.0364298725
243595,243630,244177,35,547,2,7200,1.06398537477
243607,243640,244133,33,493,2,7200,1.06693711968
243630,243649,244156,19,507,2,7200,1.03747534517
243637,243676,244174,39,498,2,7200,1.07831325301
243655,243681,244173,26,492,2,7200,1.05284552846
243673,243697,244213,24,516,2,7200,1.04651162791
243680,243769,244261,89,492,2,7200,1.18089430894
243697,243781,244318,84,537,2,7200,1.15642458101
243768,243788,244318,20,530,2,7200,1.03773584906
243780,243827,244353,47,526,2,7200,1.08935361217
243787,243837,244358,50,521,2,7200,1.09596928983
243825,243852,244369,27,517,2,7200,1.05222437137
243832,243899,244476,67,577,2,7200,1.11611785095
243850,243966,244518,116,552,2,7200,1.21014492754
243899,244030,244520,131,490,2,7200,1.26734693878
243964,244037,244504,73,467,2,7200,1.15631691649
244029,244119,244675,90,556,2,7200,1.1618705036
244036,244126,244650,90,524,2,7200,1.17175572519
244066,274765,276361,30699,1596,1,3600,20.234962406
244116,244139,244678,23,539,2,7200,1.0426716141
244123,244147,244704,24,557,2,7200,1.04308797127
244136,244154,244673,18,519,2,7200,1.03468208092
244142,244167,244641,25,474,2,7200,1.05274261603
244161,244174,244698,13,524,2,7200,1.02480916031
244168,244185,244648,17,463,2,7200,1.03671706263
244169,244192,244656,23,464,2,7200,1.04956896552
244182,244197,244693,15,496,2,7200,1.03024193548
244189,244225,244747,36,522,2,7200,1.06896551724
244195,244273,244804,78,531,2,7200,1.14689265537
244223,244329,244860,106,531,2,7200,1.19962335217
244273,244335,244905,62,570,2,7200,1.10877192982
244327,244366,244928,39,562,2,7200,1.06939501779
244334,244373,244880,39,507,2,7200,1.07692307692
244362,244381,244879,19,498,2,7200,1.03815261044
244369,244488,244994,119,506,2,7200,1.23517786561
244381,244516,245055,135,539,2,7200,1.25046382189
244483,244529,245111,46,582,2,7200,1.07903780069
244516,244537,245052,21,515,2,7200,1.04077669903
244529,244654,245174,125,520,2,7200,1.24038461538
244536,244661,245162,125,501,2,7200,1.249500998
244653,244667,245153,14,486,2,7200,1.02880658436
244660,244673,245231,13,558,2,7200,1.02329749104
244667,244685,245215,18,530,2,7200,1.03396226415
244686,244693,245198,7,505,2,7200,1.01386138614
244688,244700,245184,12,484,2,7200,1.02479338843
244690,244707,245262,17,555,2,7200,1.03063063063
244697,244714,245184,17,470,2,7200,1.03617021277
244704,244721,245198,17,477,2,7200,1.035639413
244711,244759,245333,48,574,2,7200,1.08362369338
244717,244816,245300,99,484,2,7200,1.20454545455
244756,244872,245353,116,481,2,7200,1.24116424116
244816,244891,245440,75,549,2,7200,1.13661202186
244870,244898,245435,28,537,2,7200,1.052141527
244888,244917,245474,29,557,2,7200,1.05206463196
244895,244941,245474,46,533,2,7200,1.08630393996
244909,274957,276809,30048,1852,1,3600,17.2246220302
244917,245007,245520,90,513,2,7200,1.17543859649
244940,245064,245634,124,570,2,7200,1.21754385965
245005,245070,245611,65,541,2,7200,1.12014787431
245060,245123,245652,63,529,2,7200,1.1190926276
245067,245166,245676,99,510,2,7200,1.19411764706
245121,245175,245722,54,547,2,7200,1.0987202925
245165,245186,245751,21,565,2,7200,1.03716814159
245172,245195,245725,23,530,2,7200,1.04339622642
245184,245201,245698,17,497,2,7200,1.03420523139
245204,245210,245702,6,492,2,7200,1.01219512195
245205,245217,245710,12,493,2,7200,1.02434077079
245207,245227,245735,20,508,2,7200,1.03937007874
245214,245244,245746,30,502,2,7200,1.05976095618
245226,245274,245833,48,559,2,7200,1.08586762075
245243,245312,245875,69,563,2,7200,1.12255772647
245271,245345,245851,74,506,2,7200,1.14624505929
245310,245365,245819,55,454,2,7200,1.12114537445
245343,245448,246024,105,576,2,7200,1.18229166667
245361,245455,245910,94,455,2,7200,1.20659340659
245447,245486,246017,39,531,2,7200,1.07344632768
245454,245491,246052,37,561,2,7200,1.06595365419
245482,245532,246087,50,555,2,7200,1.09009009009
245488,245623,246135,135,512,2,7200,1.263671875
245527,245647,246207,120,560,2,7200,1.21428571429
245573,276095,277474,30522,1379,1,3600,23.1334300218
245619,245664,246162,45,498,2,7200,1.09036144578
245647,245688,246224,41,536,2,7200,1.07649253731
245664,245710,246253,46,543,2,7200,1.0847145488
245687,245716,246204,29,488,2,7200,1.05942622951
245710,245723,246263,13,540,2,7200,1.02407407407
245717,245734,246236,17,502,2,7200,1.03386454183
245736,245743,246276,7,533,2,7200,1.01313320826
245738,245750,246240,12,490,2,7200,1.02448979592
245739,245758,246312,19,554,2,7200,1.03429602888
245746,245765,246271,19,506,2,7200,1.03754940711
245753,245832,246318,79,486,2,7200,1.16255144033
245760,245845,246298,85,453,2,7200,1.18763796909
245831,245863,246419,32,556,2,7200,1.05755395683
245843,245887,246378,44,491,2,7200,1.08961303462
245860,245922,246419,62,497,2,7200,1.12474849095
245883,246029,246567,146,538,2,7200,1.27137546468
245922,246036,246488,114,452,2,7200,1.25221238938
246029,246064,246585,35,521,2,7200,1.06717850288
246036,246100,246620,64,520,2,7200,1.12307692308
246064,246147,246595,83,448,2,7200,1.18526785714
246097,246174,246669,77,495,2,7200,1.15555555556
246147,246217,246746,70,529,2,7200,1.13232514178
246169,246223,246730,54,507,2,7200,1.10650887574
246213,246235,246731,22,496,2,7200,1.04435483871
246220,246248,246801,28,553,2,7200,1.05063291139
246232,246255,246823,23,568,2,7200,1.04049295775
246245,246265,246733,20,468,2,7200,1.04273504274
246264,246275,246835,11,560,2,7200,1.01964285714
246265,246284,246794,19,510,2,7200,1.03725490196
246272,246291,246841,19,550,2,7200,1.03454545455
246279,246310,246799,31,489,2,7200,1.06339468303
246286,246324,246826,38,502,2,7200,1.07569721116
246309,246330,246843,21,513,2,7200,1.04093567251
246321,246390,246889,69,499,2,7200,1.13827655311
246328,246431,246952,103,521,2,7200,1.19769673704
246388,246436,246960,48,524,2,7200,1.09160305344
246427,246500,247080,73,580,2,7200,1.12586206897
246433,246579,247123,146,544,2,7200,1.26838235294
246499,246598,247126,99,528,2,7200,1.1875
246574,246607,247118,33,511,2,7200,1.06457925636
246597,246632,247188,35,556,2,7200,1.06294964029
246604,246681,247241,77,560,2,7200,1.1375
246632,246742,247282,110,540,2,7200,1.2037037037
246681,246747,247280,66,533,2,7200,1.12382739212
246741,246754,247286,13,532,2,7200,1.02443609023
246743,246761,247291,18,530,2,7200,1.03396226415
246750,246806,247295,56,489,2,7200,1.1145194274
246768,246813,247326,45,513,2,7200,1.08771929825
246802,246818,247353,16,535,2,7200,1.02990654206
246809,246836,247352,27,516,2,7200,1.0523255814
246816,246843,247397,27,554,2,7200,1.04873646209
246833,246850,247323,17,473,2,7200,1.03594080338
246840,246857,247352,17,495,2,7200,1.03434343434
246847,246862,247381,15,519,2,7200,1.0289017341
246854,246901,247419,47,518,2,7200,1.09073359073
246861,246964,247433,103,469,2,7200,1.21961620469
246900,246978,247527,78,549,2,7200,1.14207650273
246959,247093,247607,134,514,2,7200,1.26070038911
246977,247130,247666,153,536,2,7200,1.28544776119
247019,276373,277869,29354,1496,1,3600,20.621657754
247089,247137,247648,48,511,2,7200,1.0939334638
247128,247144,247630,16,486,2,7200,1.0329218107
247135,247200,247666,65,466,2,7200,1.13948497854
247142,247253,247795,111,542,2,7200,1.20479704797
247197,247292,247787,95,495,2,7200,1.19191919192
247251,247299,247757,48,458,2,7200,1.10480349345
247298,247306,247876,8,570,2,7200,1.01403508772
247299,247311,247828,12,517,2,7200,1.02321083172
247306,247318,247861,12,543,2,7200,1.02209944751
247308,247335,247836,27,501,2,7200,1.05389221557
247315,247342,247776,27,434,2,7200,1.06221198157
247332,247366,247868,34,502,2,7200,1.06772908367
247339,247371,247883,32,512,2,7200,1.0625
247362,247378,247944,16,566,2,7200,1.02826855124
247369,247393,247892,24,499,2,7200,1.04809619238
247376,247409,247907,33,498,2,7200,1.06626506024
247383,276821,278437,29438,1616,1,3600,19.2165841584
247388,247431,247949,43,518,2,7200,1.08301158301
247406,247446,247932,40,486,2,7200,1.08230452675
247429,247539,248015,110,476,2,7200,1.23109243697
247446,247619,248124,173,505,2,7200,1.34257425743
247538,247642,248121,104,479,2,7200,1.21711899791
247619,247661,248214,42,553,2,7200,1.07594936709
247641,247678,248239,37,561,2,7200,1.06595365419
247659,247683,248196,24,513,2,7200,1.04678362573
247676,247769,248315,93,546,2,7200,1.17032967033
247683,247789,248330,106,541,2,7200,1.19593345656
247764,247799,248299,35,500,2,7200,1.07
247787,247808,248302,21,494,2,7200,1.04251012146
247806,247841,248327,35,486,2,7200,1.07201646091
247807,247848,248359,41,511,2,7200,1.08023483366
247841,247873,248388,32,515,2,7200,1.06213592233
247847,247880,248405,33,525,2,7200,1.06285714286
247870,247888,248451,18,563,2,7200,1.03197158082
247877,247895,248404,18,509,2,7200,1.03536345776
247884,247904,248420,20,516,2,7200,1.03875968992
247891,247919,248457,28,538,2,7200,1.05204460967
247903,247944,248475,41,531,2,7200,1.07721280603
247916,247956,248464,40,508,2,7200,1.07874015748
247944,247962,248457,18,495,2,7200,1.03636363636
247956,248027,248541,71,514,2,7200,1.13813229572
247963,248134,248625,171,491,2,7200,1.3482688391
248022,248141,248621,119,480,2,7200,1.24791666667
248130,248208,248710,78,502,2,7200,1.15537848606
248137,248226,248695,89,469,2,7200,1.18976545842
248207,248252,248788,45,536,2,7200,1.08395522388
248224,248310,248833,86,523,2,7200,1.16443594646
248247,248318,248788,71,470,2,7200,1.15106382979
248315,248328,248843,13,515,2,7200,1.02524271845
248316,248339,248854,23,515,2,7200,1.04466019417
248323,248347,248851,24,504,2,7200,1.04761904762
248336,248371,248905,35,534,2,7200,1.06554307116
248343,248401,248894,58,493,2,7200,1.11764705882
248371,248416,248928,45,512,2,7200,1.087890625
248399,248422,248935,23,513,2,7200,1.04483430799
248416,248432,248941,16,509,2,7200,1.03143418468
248418,248463,248988,45,525,2,7200,1.08571428571
248430,248470,248958,40,488,2,7200,1.08196721311
248458,248475,249010,17,535,2,7200,1.03177570093
248470,248482,249031,12,549,2,7200,1.0218579235
248472,248489,249021,17,532,2,7200,1.03195488722
248479,248553,249114,74,561,2,7200,1.13190730838
248486,248633,249112,147,479,2,7200,1.30688935282
248551,248640,249139,89,499,2,7200,1.17835671343
248632,248707,249233,75,526,2,7200,1.14258555133
248638,248722,249207,84,485,2,7200,1.17319587629
248703,248799,249298,96,499,2,7200,1.19238476954
248722,248804,249319,82,515,2,7200,1.15922330097
248767,277486,279272,28719,1786,1,3600,17.0800671892
248797,248845,249347,48,502,2,7200,1.09561752988
248804,248855,249398,51,543,2,7200,1.09392265193
248843,248863,249341,20,478,2,7200,1.04184100418
248855,248870,249373,15,503,2,7200,1.02982107356
248862,248907,249452,45,545,2,7200,1.08256880734
248869,248917,249446,48,529,2,7200,1.09073724008
248907,248940,249503,33,563,2,7200,1.05861456483
248914,248946,249524,32,578,2,7200,1.0553633218
248937,248953,249460,16,507,2,7200,1.0315581854
248944,248970,249480,26,510,2,7200,1.05098039216
248951,248999,249557,48,558,2,7200,1.08602150538
248968,249022,249521,54,499,2,7200,1.10821643287
248996,249036,249552,40,516,2,7200,1.07751937984
249019,249042,249587,23,545,2,7200,1.04220183486
249031,249124,249645,93,521,2,7200,1.17850287908
249038,249131,249679,93,548,2,7200,1.1697080292
249070,277782,279392,28712,1610,1,3600,18.8335403727
249119,249150,249707,31,557,2,7200,1.05565529623
249138,249219,249759,81,540,2,7200,1.15
249150,249245,249764,95,519,2,7200,1.18304431599
249215,249310,249830,95,520,2,7200,1.18269230769
249243,249331,249858,88,527,2,7200,1.1669829222
249308,249353,249849,45,496,2,7200,1.09072580645
249331,249360,249898,29,538,2,7200,1.05390334572
249348,249385,249927,37,542,2,7200,1.06826568266
249355,249411,249931,56,520,2,7200,1.10769230769
249383,249458,250017,75,559,2,7200,1.13416815742
249411,249465,249989,54,524,2,7200,1.10305343511
249455,249471,249965,16,494,2,7200,1.03238866397
249462,249492,250027,30,535,2,7200,1.05607476636
249469,249515,250085,46,570,2,7200,1.08070175439
249492,249533,250035,41,502,2,7200,1.08167330677
249515,249540,250049,25,509,2,7200,1.04911591356
249532,249564,250088,32,524,2,7200,1.06106870229
249539,249570,250094,31,524,2,7200,1.05916030534
249562,249599,250109,37,510,2,7200,1.07254901961
249580,249658,250140,78,482,2,7200,1.16182572614
249598,249691,250156,93,465,2,7200,1.2
249657,249719,250231,62,512,2,7200,1.12109375
249691,249772,250320,81,548,2,7200,1.14781021898
249719,249779,250318,60,539,2,7200,1.11131725417
249768,249842,250320,74,478,2,7200,1.15481171548
249775,249862,250346,87,484,2,7200,1.17975206612
249839,249871,250368,32,497,2,7200,1.06438631791
249862,249910,250464,48,554,2,7200,1.08664259928
249869,249939,250457,70,518,2,7200,1.13513513514
249908,249946,250467,38,521,2,7200,1.07293666027
249936,249978,250469,42,491,2,7200,1.08553971487
249943,250001,250495,58,494,2,7200,1.11740890688
249976,250029,250520,53,491,2,7200,1.10794297352
249999,250040,250607,41,567,2,7200,1.07231040564
250027,250046,250547,19,501,2,7200,1.0379241517
250039,250061,250613,22,552,2,7200,1.03985507246
250046,250097,250605,51,508,2,7200,1.10039370079
250065,250104,250659,39,555,2,7200,1.07027027027
250093,250111,250659,18,548,2,7200,1.03284671533
250100,250121,250677,21,556,2,7200,1.03776978417
250107,250153,250669,46,516,2,7200,1.08914728682
250119,250168,250679,49,511,2,7200,1.09589041096
250153,250243,250760,90,517,2,7200,1.17408123791
250165,250331,250881,166,550,2,7200,1.30181818182
250240,250338,250871,98,533,2,7200,1.18386491557
250327,250343,250885,16,542,2,7200,1.0295202952
250334,250358,250916,24,558,2,7200,1.04301075269
250341,250380,250871,39,491,2,7200,1.07942973523
250358,250470,250999,112,529,2,7200,1.21172022684
250376,250477,250977,101,500,2,7200,1.202
250467,250484,251045,17,561,2,7200,1.0303030303
250474,250489,250994,15,505,2,7200,1.0297029703
250481,250508,251044,27,536,2,7200,1.05037313433
250488,250532,251031,44,499,2,7200,1.08817635271
250506,250559,251072,53,513,2,7200,1.10331384016
250535,250618,251142,83,524,2,7200,1.15839694656
250558,250625,251143,67,518,2,7200,1.12934362934
250618,250630,251155,12,525,2,7200,1.02285714286
250625,250671,251171,46,500,2,7200,1.092
250627,250676,251204,49,528,2,7200,1.0928030303
250635,277788,279444,27153,1656,1,3600,17.3967391304
250670,250683,251247,13,564,2,7200,1.02304964539
250672,250690,251251,18,561,2,7200,1.0320855615
250679,250697,251223,18,526,2,7200,1.03422053232
250686,250772,251344,86,572,2,7200,1.15034965035
250693,250808,251330,115,522,2,7200,1.22030651341
250769,250883,251436,114,553,2,7200,1.2061482821
250807,250888,251450,81,562,2,7200,1.14412811388
250817,277793,279537,26976,1744,1,3600,16.4678899083
250883,250896,251389,13,493,2,7200,1.02636916836
250885,250903,251449,18,546,2,7200,1.03296703297
250892,250928,251487,36,559,2,7200,1.06440071556
250899,250990,251549,91,559,2,7200,1.16279069767
250927,251007,251526,80,519,2,7200,1.15414258189
250986,251014,251539,28,525,2,7200,1.05333333333
251011,251042,251606,31,564,2,7200,1.05496453901
251013,251056,251561,43,505,2,7200,1.08514851485
251041,251063,251565,22,502,2,7200,1.0438247012
251053,251084,251589,31,505,2,7200,1.06138613861
251060,251154,251638,94,484,2,7200,1.19421487603
251082,251161,251660,79,499,2,7200,1.15831663327
251153,251168,251693,15,525,2,7200,1.02857142857
251160,251183,251671,23,488,2,7200,1.04713114754
251167,251216,251701,49,485,2,7200,1.10103092784
251179,251235,251712,56,477,2,7200,1.11740041929
251212,251259,251785,47,526,2,7200,1.08935361217
251235,251266,251785,31,519,2,7200,1.05973025048
251258,251343,251903,85,560,2,7200,1.15178571429
251265,251356,251899,91,543,2,7200,1.16758747698
251340,251401,251868,61,467,2,7200,1.13062098501
251352,251449,251966,97,517,2,7200,1.18762088975
251396,251461,251995,65,534,2,7200,1.12172284644
251445,251468,251991,23,523,2,7200,1.04397705545
251464,251499,252007,35,508,2,7200,1.0688976378
251466,251538,252069,72,531,2,7200,1.13559322034
251499,251551,252111,52,560,2,7200,1.09285714286
251538,251562,252069,24,507,2,7200,1.04733727811
251550,251574,252065,24,491,2,7200,1.04887983707
251562,251581,252141,19,560,2,7200,1.03392857143
251569,251601,252156,32,555,2,7200,1.05765765766
251576,251618,252149,42,531,2,7200,1.0790960452
251599,251650,252209,51,559,2,7200,1.09123434705
251617,251673,252205,56,532,2,7200,1.10526315789
251650,251683,252224,33,541,2,7200,1.06099815157
251673,251705,252276,32,571,2,7200,1.05604203152
251680,251714,252270,34,556,2,7200,1.06115107914
251703,251725,252283,22,558,2,7200,1.0394265233
251709,251797,252307,88,510,2,7200,1.17254901961
251722,251802,252338,80,536,2,7200,1.14925373134
251797,251880,252339,83,459,2,7200,1.18082788671
251799,251912,252465,113,553,2,7200,1.20433996383
251881,251919,252439,38,520,2,7200,1.07307692308
251909,251978,252457,69,479,2,7200,1.14405010438
251916,252004,252578,88,574,2,7200,1.15331010453
251976,252011,252444,35,433,2,7200,1.08083140878
252004,252020,252512,16,492,2,7200,1.0325203252
252011,252077,252624,66,547,2,7200,1.12065813528
252017,252084,252628,67,544,2,7200,1.12316176471
252077,252089,252636,12,547,2,7200,1.02193784278
252084,252123,252648,39,525,2,7200,1.07428571429
252086,252153,252685,67,532,2,7200,1.12593984962
252119,252162,252671,43,509,2,7200,1.08447937132
252152,252169,252642,17,473,2,7200,1.03594080338
252159,252217,252742,58,525,2,7200,1.11047619048
252166,252224,252732,58,508,2,7200,1.11417322835
252202,277798,279281,25596,1483,1,3600,18.2596089009
252215,252236,252746,21,510,2,7200,1.04117647059
252222,252282,252783,60,501,2,7200,1.11976047904
252234,252289,252788,55,499,2,7200,1.11022044088
252286,252296,252831,10,535,2,7200,1.01869158879
252288,252319,252823,31,504,2,7200,1.06150793651
252295,252350,252863,55,513,2,7200,1.10721247563
252317,252357,252894,40,537,2,7200,1.07448789572
252345,252451,252970,106,519,2,7200,1.204238921
252352,252458,252940,106,482,2,7200,1.21991701245
252449,252469,252986,20,517,2,7200,1.03868471954
252456,252477,253030,21,553,2,7200,1.03797468354
252468,252524,253044,56,520,2,7200,1.10769230769
252475,252590,253074,115,484,2,7200,1.23760330579
252524,252637,253145,113,508,2,7200,1.22244094488
252589,252644,253155,55,511,2,7200,1.10763209393
252633,252651,253160,18,509,2,7200,1.03536345776
252640,252658,253153,18,495,2,7200,1.03636363636
252647,252665,253230,18,565,2,7200,1.03185840708
252654,252683,253197,29,514,2,7200,1.05642023346
252661,252697,253214,36,517,2,7200,1.06963249516
252683,252744,253279,61,535,2,7200,1.11401869159
252696,252753,253300,57,547,2,7200,1.1042047532
252747,252760,253236,13,476,2,7200,1.02731092437
252754,252795,253276,41,481,2,7200,1.08523908524
252761,252802,253352,41,550,2,7200,1.07454545455
252794,252835,253321,41,486,2,7200,1.08436213992
252801,252844,253390,43,546,2,7200,1.07875457875
252834,252876,253374,42,498,2,7200,1.0843373494
252841,252906,253422,65,516,2,7200,1.12596899225
252875,252952,253483,77,531,2,7200,1.1450094162
252903,252982,253532,79,550,2,7200,1.14363636364
252952,252998,253521,46,523,2,7200,1.0879541109
252980,253042,253599,62,557,2,7200,1.11131059246
252997,253056,253542,59,486,2,7200,1.12139917695
253041,253086,253600,45,514,2,7200,1.08754863813
253053,253157,253671,104,514,2,7200,1.20233463035
253081,253165,253694,84,529,2,7200,1.15879017013
253157,253172,253723,15,551,2,7200,1.02722323049
253164,253177,253681,13,504,2,7200,1.02579365079
253171,253209,253715,38,506,2,7200,1.07509881423
253177,253226,253755,49,529,2,7200,1.09262759924
253214,253242,253779,28,537,2,7200,1.052141527
253226,253249,253752,23,503,2,7200,1.04572564612
253238,253288,253845,50,557,2,7200,1.08976660682
253245,253295,253817,50,522,2,7200,1.09578544061
253284,253313,253787,29,474,2,7200,1.0611814346
253290,253334,253884,44,550,2,7200,1.08
253313,253363,253908,50,545,2,7200,1.09174311927
253331,253386,253879,55,493,2,7200,1.11156186613
253364,253402,253975,38,573,2,7200,1.06631762653
253382,253435,253954,53,519,2,7200,1.1021194605
253399,253496,253933,97,437,2,7200,1.22196796339
253432,253533,254037,101,504,2,7200,1.2003968254
253492,253544,254077,52,533,2,7200,1.09756097561
253531,253554,254049,23,495,2,7200,1.04646464646
253543,253611,254119,68,508,2,7200,1.13385826772
253550,253617,254173,67,556,2,7200,1.12050359712
253609,253683,254141,74,458,2,7200,1.1615720524
253628,253693,254203,65,510,2,7200,1.12745098039
253682,253706,254203,24,497,2,7200,1.04828973843
253689,253728,254228,39,500,2,7200,1.078
253701,253735,254247,34,512,2,7200,1.06640625
253724,253809,254329,85,520,2,7200,1.16346153846
253731,253814,254261,83,447,2,7200,1.18568232662
253806,253830,254365,24,535,2,7200,1.04485981308
253813,253840,254371,27,531,2,7200,1.05084745763
253826,253858,254315,32,457,2,7200,1.07002188184
253838,253891,254418,53,527,2,7200,1.10056925996
253855,253898,254408,43,510,2,7200,1.08431372549
253887,277822,279345,23935,1523,1,3600,16.7156927118
253889,253920,254479,31,559,2,7200,1.05545617174
253896,253945,254444,49,499,2,7200,1.09819639279
253919,253966,254515,47,549,2,7200,1.08561020036
253941,253987,254508,46,521,2,7200,1.08829174664
253964,254049,254577,85,528,2,7200,1.16098484848
253987,254060,254573,73,513,2,7200,1.14230019493
254054,254089,254542,35,453,2,7200,1.07726269316
254061,254131,254613,70,482,2,7200,1.14522821577
254089,254153,254655,64,502,2,7200,1.12749003984
254128,254185,254691,57,506,2,7200,1.11264822134
254132,257877,263315,3745,5438,64,5400,1.68867230599
254151,254214,254721,63,507,2,7200,1.12426035503
254184,254220,254747,36,527,2,7200,1.06831119545
254212,254240,254720,28,480,2,7200,1.05833333333
254219,254259,254781,40,522,2,7200,1.07662835249
254237,254273,254826,36,553,2,7200,1.0650994575
254259,254327,254825,68,498,2,7200,1.13654618474
254272,254342,254833,70,491,2,7200,1.14256619145
254326,254377,254886,51,509,2,7200,1.10019646365
254338,254384,254905,46,521,2,7200,1.08829174664
254377,254420,254946,43,526,2,7200,1.08174904943
254384,254430,254982,46,552,2,7200,1.08333333333
254418,254456,254972,38,516,2,7200,1.07364341085
254430,254491,255018,61,527,2,7200,1.11574952562
254453,254520,255081,67,561,2,7200,1.11942959002
254486,254527,255037,41,510,2,7200,1.08039215686
254521,254555,255116,34,561,2,7200,1.06060606061
254523,254585,255104,62,519,2,7200,1.11946050096
254551,254592,255144,41,552,2,7200,1.07427536232
254584,254626,255166,42,540,2,7200,1.07777777778
254591,254667,255188,76,521,2,7200,1.14587332054
254625,254703,255200,78,497,2,7200,1.1569416499
254663,254731,255212,68,481,2,7200,1.14137214137
254702,254738,255276,36,538,2,7200,1.06691449814
254730,254759,255258,29,499,2,7200,1.05811623246
254737,254793,255335,56,542,2,7200,1.10332103321
254754,254837,255336,83,499,2,7200,1.16633266533
254793,254844,255330,51,486,2,7200,1.1049382716
254837,254850,255353,13,503,2,7200,1.02584493042
254844,254899,255409,55,510,2,7200,1.10784313725
254851,254917,255421,66,504,2,7200,1.13095238095
254895,254958,255488,63,530,2,7200,1.11886792453
254910,277827,279944,22917,2117,1,3600,11.8252243741
254917,254985,255553,68,568,2,7200,1.11971830986
254956,254994,255541,38,547,2,7200,1.06946983547
254984,255030,255561,46,531,2,7200,1.08662900188
255003,255049,255610,46,561,2,7200,1.08199643494
255025,255092,255605,67,513,2,7200,1.1306042885
255048,255116,255661,68,545,2,7200,1.1247706422
255092,255129,255650,37,521,2,7200,1.07101727447
255115,255156,255644,41,488,2,7200,1.08401639344
255127,255177,255704,50,527,2,7200,1.09487666034
255155,255200,255677,45,477,2,7200,1.09433962264
255178,255212,255726,34,514,2,7200,1.06614785992
255195,255224,255752,29,528,2,7200,1.05492424242
255208,255270,255742,62,472,2,7200,1.1313559322
255220,255288,255799,68,511,2,7200,1.13307240705
255269,255342,255879,73,537,2,7200,1.13594040968
255286,255349,255863,63,514,2,7200,1.12256809339
255341,255354,255866,13,512,2,7200,1.025390625
255348,255365,255848,17,483,2,7200,1.03519668737
255355,255422,255934,67,512,2,7200,1.130859375
255362,255436,255965,74,529,2,7200,1.13988657845
255421,255500,256012,79,512,2,7200,1.154296875
255441,255554,256094,113,540,2,7200,1.20925925926
255453,277833,279457,22380,1624,1,3600,14.7807881773
255500,255565,256089,65,524,2,7200,1.12404580153
255516,277838,279409,22322,1571,1,3600,15.2087842139
255549,255573,256131,24,558,2,7200,1.04301075269
255562,255617,256129,55,512,2,7200,1.107421875
255569,255624,256156,55,532,2,7200,1.10338345865
255613,255656,256165,43,509,2,7200,1.08447937132
255620,255663,256193,43,530,2,7200,1.08113207547
255653,255673,256194,20,521,2,7200,1.03838771593
255660,255695,256269,35,574,2,7200,1.06097560976
255672,255720,256257,48,537,2,7200,1.08938547486
255695,255732,256207,37,475,2,7200,1.07789473684
255698,277843,279802,22145,1959,1,3600,12.3042368555
255700,277849,279268,22149,1419,1,3600,16.6088794926
255718,255739,256262,21,523,2,7200,1.04015296367
255730,255754,256235,24,481,2,7200,1.0498960499
255737,255765,256276,28,511,2,7200,1.05479452055
255754,255811,256306,57,495,2,7200,1.11515151515
255761,255860,256407,99,547,2,7200,1.18098720293
255762,277881,279500,22119,1619,1,3600,14.6621371217
255765,278333,280059,22568,1726,1,3600,14.0753186559
255766,278338,279942,22572,1604,1,3600,15.072319202
255768,278344,280262,22576,1918,1,3600,12.7705943691
255810,255885,256410,75,525,2,7200,1.14285714286
255829,278349,280391,22520,2042,1,3600,12.028403526
255860,255892,256389,32,497,2,7200,1.06438631791
255890,255898,256410,8,512,2,7200,1.015625
255891,278450,280447,22559,1997,1,3600,12.296444667
255891,256041,256528,150,487,2,7200,1.30800821355
255898,256046,256554,148,508,2,7200,1.29133858268
256037,256053,256605,16,552,2,7200,1.02898550725
256044,256101,256651,57,550,2,7200,1.10363636364
256051,256108,256609,57,501,2,7200,1.11377245509
256100,256141,256643,41,502,2,7200,1.08167330677
256107,256148,256702,41,554,2,7200,1.07400722022
256140,256168,256675,28,507,2,7200,1.05522682446
256147,256177,256648,30,471,2,7200,1.06369426752
256165,256205,256758,40,553,2,7200,1.07233273056
256177,256210,256724,33,514,2,7200,1.06420233463
256205,256247,256807,42,560,2,7200,1.075
256207,256270,256706,63,436,2,7200,1.14449541284
256246,256277,256790,31,513,2,7200,1.0604288499
256269,256284,256787,15,503,2,7200,1.02982107356
256276,256291,256783,15,492,2,7200,1.03048780488
256283,256318,256788,35,470,2,7200,1.07446808511
256289,256419,256933,130,514,2,7200,1.25291828794
256319,256426,256924,107,498,2,7200,1.21485943775
256416,256431,256951,15,520,2,7200,1.02884615385
256422,256541,257033,119,492,2,7200,1.2418699187
256429,256566,257120,137,554,2,7200,1.24729241877
256537,256617,257094,80,477,2,7200,1.1677148847
256565,256624,257112,59,488,2,7200,1.12090163934
256614,256655,257177,41,522,2,7200,1.0785440613
256621,256662,257158,41,496,2,7200,1.08266129032
256654,256669,257194,15,525,2,7200,1.02857142857
256661,256688,257254,27,566,2,7200,1.04770318021
256668,256714,257243,46,529,2,7200,1.08695652174
256685,256721,257244,36,523,2,7200,1.06883365201
256714,256736,257266,22,530,2,7200,1.04150943396
256720,256770,257291,50,521,2,7200,1.09596928983
256733,256795,257316,62,521,2,7200,1.11900191939
256766,256802,257377,36,575,2,7200,1.06260869565
256794,256807,257356,13,549,2,7200,1.02367941712
256801,256814,257368,13,554,2,7200,1.02346570397
256820,256827,257393,7,566,2,7200,1.01236749117
256822,256935,257468,113,533,2,7200,1.21200750469
256824,256945,257447,121,502,2,7200,1.24103585657
256855,279285,280974,22430,1689,1,3600,14.2800473653
256931,256964,257475,33,511,2,7200,1.06457925636
256943,257045,257544,102,499,2,7200,1.20440881764
256961,257106,257649,145,543,2,7200,1.26703499079
256977,279362,280868,22385,1506,1,3600,15.863877822
257041,257124,257652,83,528,2,7200,1.1571969697
257106,257133,257676,27,543,2,7200,1.04972375691
257124,257170,257689,46,519,2,7200,1.08863198459
257131,257189,257715,58,526,2,7200,1.1102661597
257159,279456,281645,22297,2189,1,3600,11.1859296482
257169,257206,257699,37,493,2,7200,1.07505070994
257187,257255,257780,68,525,2,7200,1.12952380952
257204,257262,257777,58,515,2,7200,1.11262135922
257254,257269,257808,15,539,2,7200,1.02782931354
257260,257278,257804,18,526,2,7200,1.03422053232
257267,257303,257827,36,524,2,7200,1.06870229008
257274,257328,257798,54,470,2,7200,1.11489361702
257302,257368,257928,66,560,2,7200,1.11785714286
257325,257380,257894,55,514,2,7200,1.10700389105
257340,279469,281137,22129,1668,1,3600,14.2667865707
257342,279512,281102,22170,1590,1,3600,14.9433962264
257364,257390,257911,26,521,2,7200,1.04990403071
257376,257406,257920,30,514,2,7200,1.05836575875
257395,257459,257996,64,537,2,7200,1.11918063315
257402,257485,257967,83,482,2,7200,1.17219917012
257404,279549,281273,22145,1724,1,3600,13.8451276102
257406,279814,281612,22408,1798,1,3600,13.4627363737
257408,280077,281882,22669,1805,1,3600,13.5590027701
257457,257491,257996,34,505,2,7200,1.06732673267
257470,280274,281892,22804,1618,1,3600,15.0939431397
257471,280404,282084,22933,1680,1,3600,14.6505952381
257473,280455,282040,22982,1585,1,3600,15.4996845426
257485,257556,258119,71,563,2,7200,1.12611012433
257492,257662,258210,170,548,2,7200,1.3102189781
257534,280890,282636,23356,1746,1,3600,14.3768613975
257536,280992,282502,23456,1510,1,3600,16.5337748344
257538,281115,283167,23577,2052,1,3600,12.4897660819
257552,257669,258188,117,519,2,7200,1.22543352601
257599,281149,282674,23550,1525,1,3600,16.4426229508
257611,281287,282046,23676,759,1,3600,32.1936758893
257613,281624,282095,24011,471,1,3600,51.9787685775
257615,281719,282561,24104,842,1,3600,29.6270783848
257659,257689,258216,30,527,2,7200,1.0569259962
257666,257702,258212,36,510,2,7200,1.07058823529
257676,281894,282560,24218,666,1,3600,37.3633633634
257677,281905,282267,24228,362,1,3600,67.9281767956
257679,282068,282697,24389,629,1,3600,39.7742448331
257689,257712,258222,23,510,2,7200,1.04509803922
257701,257728,258278,27,550,2,7200,1.04909090909
257708,257789,258313,81,524,2,7200,1.15458015267
257726,257796,258321,70,525,2,7200,1.13333333333
257740,282074,282725,24334,651,1,3600,38.3794162826
257742,282101,282745,24359,644,1,3600,38.8245341615
257785,257810,258321,25,511,2,7200,1.04892367906
257792,257816,258389,24,573,2,7200,1.04188481675
257803,282113,282679,24310,566,1,3600,43.9505300353
257805,282279,282858,24474,579,1,3600,43.2694300518
257806,282515,283127,24709,612,1,3600,41.3741830065
257808,282572,283172,24764,600,1,3600,42.2733333333
257810,257823,258352,13,529,2,7200,1.02457466919
257817,257839,258357,22,518,2,7200,1.04247104247
257824,257907,258431,83,524,2,7200,1.15839694656
257836,257923,258478,87,555,2,7200,1.15675675676
257869,282579,283115,24710,536,1,3600,47.1007462687
257870,282649,283255,24779,606,1,3600,41.8894389439
257872,282687,283201,24815,514,1,3600,49.2782101167
257873,282694,283229,24821,535,1,3600,47.3943925234
257906,257932,258463,26,531,2,7200,1.04896421846
257919,257941,258475,22,534,2,7200,1.04119850187
257935,282709,283184,24774,475,1,3600,53.1557894737
257936,282737,283243,24801,506,1,3600,50.0138339921
257938,257979,258510,41,531,2,7200,1.07721280603
257940,258007,258518,67,511,2,7200,1.13111545988
257978,258013,258519,35,506,2,7200,1.06916996047
257998,282757,283258,24759,501,1,3600,50.4191616766
258007,258131,258603,124,472,2,7200,1.26271186441
258013,258200,258703,187,503,2,7200,1.3717693837
258131,258223,258799,92,576,2,7200,1.15972222222
258196,258230,258733,34,503,2,7200,1.0675944334
258219,258235,258756,16,521,2,7200,1.03071017274
258226,258242,258782,16,540,2,7200,1.02962962963
258233,258290,258779,57,489,2,7200,1.11656441718
258239,282871,283459,24632,588,1,3600,42.8911564626
258240,258326,258810,86,484,2,7200,1.17768595041
258241,283132,283732,24891,600,1,3600,42.485
258289,258332,258832,43,500,2,7200,1.086
258323,258339,258802,16,463,2,7200,1.03455723542
258330,258364,258918,34,554,2,7200,1.06137184116
258337,258371,258901,34,530,2,7200,1.0641509434
258365,258401,258901,36,500,2,7200,1.072
258372,258443,258987,71,544,2,7200,1.13051470588
258400,258475,258988,75,513,2,7200,1.14619883041
258444,258488,259034,44,546,2,7200,1.08058608059
258472,258495,259023,23,528,2,7200,1.04356060606
258492,258522,259082,30,560,2,7200,1.05357142857
258494,258531,259073,37,542,2,7200,1.06826568266
258522,258536,259016,14,480,2,7200,1.02916666667
258529,258616,259129,87,513,2,7200,1.16959064327
258536,258715,259186,179,471,2,7200,1.38004246285
258602,283144,283698,24542,554,1,3600,45.2996389892
258612,258745,259256,133,511,2,7200,1.2602739726
258713,258768,259273,55,505,2,7200,1.10891089109
258741,258791,259341,50,550,2,7200,1.09090909091
258764,258798,259287,34,489,2,7200,1.06952965235
258787,258812,259374,25,562,2,7200,1.04448398577
258794,258819,259367,25,548,2,7200,1.04562043796
258811,258826,259371,15,545,2,7200,1.02752293578
258818,258844,259391,26,547,2,7200,1.04753199269
258825,258913,259380,88,467,2,7200,1.18843683084
258843,258918,259411,75,493,2,7200,1.15212981744
258913,258930,259403,17,473,2,7200,1.03594080338
258914,258999,259528,85,529,2,7200,1.1606805293
258927,259005,259500,78,495,2,7200,1.15757575758
258997,259028,259513,31,485,2,7200,1.06391752577
259004,259035,259591,31,556,2,7200,1.05575539568
259028,259046,259539,18,493,2,7200,1.03651115619
259035,259085,259626,50,541,2,7200,1.09242144177
259042,259095,259619,53,524,2,7200,1.10114503817
259081,259141,259699,60,558,2,7200,1.10752688172
259093,259198,259713,105,515,2,7200,1.20388349515
259137,259268,259786,131,518,2,7200,1.2528957529
259197,259285,259838,88,553,2,7200,1.15913200723
259204,283187,283639,23983,452,1,3600,54.0597345133
259267,259299,259865,32,566,2,7200,1.05653710247
259284,259353,259805,69,452,2,7200,1.15265486726
259296,259379,259914,83,535,2,7200,1.15514018692
259351,259387,259899,36,512,2,7200,1.0703125
259379,259392,259891,13,499,2,7200,1.02605210421
259386,259399,259881,13,482,2,7200,1.02697095436
259393,259406,259944,13,538,2,7200,1.02416356877
259394,259415,259933,21,518,2,7200,1.04054054054
259401,259424,259939,23,515,2,7200,1.04466019417
259414,259512,260052,98,540,2,7200,1.18148148148
259421,259526,260032,105,506,2,7200,1.20750988142
259506,283200,283810,23694,610,1,3600,39.8426229508
259512,259541,260057,29,516,2,7200,1.05620155039
259524,259551,260059,27,508,2,7200,1.0531496063
259544,259603,260111,59,508,2,7200,1.11614173228
259551,259632,260140,81,508,2,7200,1.1594488189
259600,259639,260160,39,521,2,7200,1.07485604607
259628,259710,260205,82,495,2,7200,1.16565656566
259635,259727,260248,92,521,2,7200,1.17658349328
259711,259798,260296,87,498,2,7200,1.17469879518
259723,259817,260356,94,539,2,7200,1.17439703154
259748,283208,283871,23460,663,1,3600,36.3846153846
259798,259851,260414,53,563,2,7200,1.09413854352
259816,259877,260422,61,545,2,7200,1.1119266055
259849,259894,260401,45,507,2,7200,1.08875739645
259869,283215,283688,23346,473,1,3600,50.3572938689
259877,259903,260416,26,513,2,7200,1.05068226121
259890,259912,260471,22,559,2,7200,1.03935599284
259902,259926,260492,24,566,2,7200,1.04240282686
259909,259946,260512,37,566,2,7200,1.06537102473
259926,259953,260477,27,524,2,7200,1.05152671756
259944,259960,260450,16,490,2,7200,1.03265306122
259951,260044,260548,93,504,2,7200,1.18452380952
259957,260065,260605,108,540,2,7200,1.2
260043,260072,260570,29,498,2,7200,1.05823293173
260062,260077,260560,15,483,2,7200,1.03105590062
260082,260124,260610,42,486,2,7200,1.08641975309
260084,260153,260662,69,509,2,7200,1.13555992141
260122,260172,260675,50,503,2,7200,1.09940357853
260150,260217,260693,67,476,2,7200,1.14075630252
260168,260260,260746,92,486,2,7200,1.18930041152
260217,260308,260839,91,531,2,7200,1.1713747646
260256,260368,260895,112,527,2,7200,1.21252371917
260305,260414,260937,109,523,2,7200,1.20841300191
260364,260426,260961,62,535,2,7200,1.11588785047
260413,260433,260948,20,515,2,7200,1.03883495146
260426,260439,260959,13,520,2,7200,1.025
260433,260463,260942,30,479,2,7200,1.06263048017
260439,260484,261011,45,527,2,7200,1.08538899431
260462,260490,261026,28,536,2,7200,1.05223880597
260480,260505,261027,25,522,2,7200,1.04789272031
260487,260524,261070,37,546,2,7200,1.06776556777
260504,260559,261092,55,533,2,7200,1.10318949343
260522,260572,261124,50,552,2,7200,1.09057971014
260555,260582,261084,27,502,2,7200,1.05378486056
260567,260617,261154,50,537,2,7200,1.09310986965
260586,260624,261174,38,550,2,7200,1.06909090909
260615,260674,261237,59,563,2,7200,1.10479573712
260621,260686,261209,65,523,2,7200,1.12428298279
260671,260705,261205,34,500,2,7200,1.068
260683,260758,261281,75,523,2,7200,1.14340344168
260699,278012,295313,17313,17301,32,28800,2.00069360153
260705,260879,261429,174,550,2,7200,1.31636363636
260754,260907,261424,153,517,2,7200,1.29593810445
260772,283241,283883,22469,642,1,3600,35.9984423676
260877,260949,261445,72,496,2,7200,1.14516129032
260893,283255,283773,22362,518,1,3600,44.1698841699
260905,260956,261474,51,518,2,7200,1.09845559846
260949,260962,261510,13,548,2,7200,1.02372262774
260956,260972,261498,16,526,2,7200,1.03041825095
260963,260979,261491,16,512,2,7200,1.03125
260970,261023,261577,53,554,2,7200,1.09566787004
260977,261038,261563,61,525,2,7200,1.11619047619
261021,261045,261522,24,477,2,7200,1.05031446541
261038,261082,261609,44,527,2,7200,1.0834914611
261045,261096,261635,51,539,2,7200,1.09461966605
261075,283269,283814,22194,545,1,3600,41.7229357798
261079,261104,261597,25,493,2,7200,1.05070993915
261096,261136,261655,40,519,2,7200,1.07707129094
261115,261166,261740,51,574,2,7200,1.08885017422
261132,261186,261683,54,497,2,7200,1.10865191147
261165,261217,261775,52,558,2,7200,1.09318996416
261183,261224,261752,41,528,2,7200,1.07765151515
261216,261249,261769,33,520,2,7200,1.06346153846
261223,261293,261791,70,498,2,7200,1.140562249
261246,261437,261965,191,528,2,7200,1.36174242424
261290,261444,261935,154,491,2,7200,1.31364562118
261434,261457,261971,23,514,2,7200,1.04474708171
261436,283276,283872,21840,596,1,3600,37.644295302
261441,261486,261961,45,475,2,7200,1.09473684211
261453,261503,261999,50,496,2,7200,1.10080645161
261486,261510,262017,24,507,2,7200,1.04733727811
261498,283471,284056,21973,585,1,3600,38.5606837607
261499,261523,262040,24,517,2,7200,1.04642166344
261505,261534,262010,29,476,2,7200,1.06092436975
261523,261575,262102,52,527,2,7200,1.09867172676
261530,261590,262066,60,476,2,7200,1.12605042017
261574,261609,262121,35,512,2,7200,1.068359375
261586,261621,262185,35,564,2,7200,1.06205673759
261609,261646,262118,37,472,2,7200,1.07838983051
261629,261668,262135,39,467,2,7200,1.0835117773
261646,261695,262187,49,492,2,7200,1.09959349593
261663,261751,262269,88,518,2,7200,1.16988416988
261691,261764,262283,73,519,2,7200,1.14065510597
261751,261781,262300,30,519,2,7200,1.05780346821
261763,261787,262282,24,495,2,7200,1.04848484848
261781,261804,262348,23,544,2,7200,1.04227941176
261788,261947,262432,159,485,2,7200,1.32783505155
261800,261973,262501,173,528,2,7200,1.32765151515
261944,261980,262466,36,486,2,7200,1.07407407407
261972,261987,262487,15,500,2,7200,1.03
261979,262011,262532,32,521,2,7200,1.06142034549
261986,262022,262561,36,539,2,7200,1.0667903525
262008,262030,262582,22,552,2,7200,1.03985507246
262021,262051,262600,30,549,2,7200,1.05464480874
262028,262078,262579,50,501,2,7200,1.0998003992
262050,262114,262630,64,516,2,7200,1.12403100775
262078,262129,262641,51,512,2,7200,1.099609375
262112,262137,262636,25,499,2,7200,1.0501002004
262131,262147,262687,16,540,2,7200,1.02962962963
262133,262197,262714,64,517,2,7200,1.12379110251
262145,262204,262688,59,484,2,7200,1.12190082645
262194,262282,262800,88,518,2,7200,1.16988416988
262201,262294,262790,93,496,2,7200,1.1875
262282,262301,262830,19,529,2,7200,1.0359168242
262294,262312,262838,18,526,2,7200,1.03422053232
262301,262365,262908,64,543,2,7200,1.11786372007
262307,262445,262917,138,472,2,7200,1.29237288136
262362,262478,263009,116,531,2,7200,1.21845574388
262400,283656,284200,21256,544,1,3600,40.0735294118
262443,262499,263029,56,530,2,7200,1.10566037736
262476,262513,263025,37,512,2,7200,1.072265625
262499,262544,263049,45,505,2,7200,1.08910891089
262511,262573,263075,62,502,2,7200,1.1235059761
262544,262591,263128,47,537,2,7200,1.08752327747
262572,262598,263117,26,519,2,7200,1.05009633911
262590,262612,263126,22,514,2,7200,1.04280155642
262597,262642,263163,45,521,2,7200,1.08637236084
262609,262649,263190,40,541,2,7200,1.07393715342
262642,262656,263156,14,500,2,7200,1.028
262662,262699,263243,37,544,2,7200,1.06801470588
262663,262706,263235,43,529,2,7200,1.08128544423
262697,262726,263270,29,544,2,7200,1.05330882353
262703,262802,263336,99,534,2,7200,1.18539325843
262726,262812,263304,86,492,2,7200,1.17479674797
262802,262843,263347,41,504,2,7200,1.08134920635
262809,262850,263365,41,515,2,7200,1.07961165049
262842,262921,263458,79,537,2,7200,1.14711359404
262849,262935,263470,86,535,2,7200,1.16074766355
262919,263021,263531,102,510,2,7200,1.2
262932,263037,263576,105,539,2,7200,1.19480519481
262942,283700,284421,20758,721,1,3600,29.7905686546
263018,263044,263494,26,450,2,7200,1.05777777778
263035,263062,263618,27,556,2,7200,1.04856115108
263042,263087,263553,45,466,2,7200,1.09656652361
263060,263129,263673,69,544,2,7200,1.12683823529
263064,283711,284342,20647,631,1,3600,33.7210776545
263082,263143,263671,61,528,2,7200,1.11553030303
263126,263148,263681,22,533,2,7200,1.04127579737
263139,263168,263679,29,511,2,7200,1.05675146771
263145,263175,263723,30,548,2,7200,1.05474452555
263168,263202,263726,34,524,2,7200,1.06488549618
263185,283750,284501,20565,751,1,3600,28.3834886818
263187,263247,263747,60,500,2,7200,1.12
263199,263256,263761,57,505,2,7200,1.11287128713
263243,263282,263830,39,548,2,7200,1.07116788321
263255,263316,263875,61,559,2,7200,1.1091234347
263278,263372,263882,94,510,2,7200,1.18431372549
263317,263377,263896,60,519,2,7200,1.11560693642
263371,263384,263860,13,476,2,7200,1.02731092437
263373,263470,264018,97,548,2,7200,1.17700729927
263380,263482,263988,102,506,2,7200,1.20158102767
263466,263507,264064,41,557,2,7200,1.07360861759
263478,263543,264010,65,467,2,7200,1.1391862955
263506,263565,264038,59,473,2,7200,1.12473572939
263539,263588,264118,49,530,2,7200,1.09245283019
263562,263631,264140,69,509,2,7200,1.13555992141
263585,263683,264215,98,532,2,7200,1.18421052632
263607,283786,284533,20179,747,1,3600,28.0133868809
263629,263690,264251,61,561,2,7200,1.10873440285
263683,263696,264204,13,508,2,7200,1.02559055118
263690,263702,264214,12,512,2,7200,1.0234375
263697,263735,264265,38,530,2,7200,1.07169811321
263716,263742,264285,26,543,2,7200,1.04788213628
263733,263759,264309,26,550,2,7200,1.04727272727
263740,263773,264285,33,512,2,7200,1.064453125
263758,263842,264375,84,533,2,7200,1.15759849906
263770,263873,264373,103,500,2,7200,1.206
263840,263888,264391,48,503,2,7200,1.09542743539
263873,263895,264448,22,553,2,7200,1.03978300181
263885,263908,264443,23,535,2,7200,1.04299065421
263892,263999,264509,107,510,2,7200,1.20980392157
263905,264022,264557,117,535,2,7200,1.21869158879
263996,264030,264589,34,559,2,7200,1.06082289803
264019,264050,264574,31,524,2,7200,1.05916030534
264026,264076,264527,50,451,2,7200,1.11086474501
264029,283822,284487,19793,665,1,3600,30.7639097744
264048,264130,264658,82,528,2,7200,1.1553030303
264076,264152,264716,76,564,2,7200,1.13475177305
264125,264216,264705,91,489,2,7200,1.18609406953
264148,264226,264733,78,507,2,7200,1.15384615385
264213,264233,264764,20,531,2,7200,1.03766478343
264225,264264,264796,39,532,2,7200,1.07330827068
264244,264277,264795,33,518,2,7200,1.06370656371
264262,264297,264789,35,492,2,7200,1.07113821138
264274,264302,264808,28,506,2,7200,1.05533596838
264296,264321,264824,25,503,2,7200,1.04970178926
264298,264385,264881,87,496,2,7200,1.17540322581
264321,264391,264850,70,459,2,7200,1.15250544662
264381,264403,264905,22,502,2,7200,1.0438247012
264387,264455,264998,68,543,2,7200,1.12523020258
264400,264462,265023,62,561,2,7200,1.11051693405
264454,264521,265014,67,493,2,7200,1.13590263692
264461,264539,265024,78,485,2,7200,1.16082474227
264521,264569,265085,48,516,2,7200,1.09302325581
264538,264586,265092,48,506,2,7200,1.09486166008
264566,264601,265106,35,505,2,7200,1.06930693069
264584,264670,265182,86,512,2,7200,1.16796875
264601,264717,265249,116,532,2,7200,1.21804511278
264666,264728,265258,62,530,2,7200,1.11698113208
264715,264745,265320,30,575,2,7200,1.05217391304
264727,264776,265304,49,528,2,7200,1.0928030303
264746,264807,265328,61,521,2,7200,1.11708253359
264774,264812,265355,38,543,2,7200,1.06998158379
264808,264820,265350,12,530,2,7200,1.02264150943
264809,264825,265299,16,474,2,7200,1.03375527426
264811,283829,284504,19018,675,1,3600,29.1748148148
264816,264836,265388,20,552,2,7200,1.03623188406
264823,264862,265318,39,456,2,7200,1.08552631579
264835,264893,265449,58,556,2,7200,1.10431654676
264858,264917,265467,59,550,2,7200,1.10727272727
264874,283901,284548,19027,647,1,3600,30.4080370943
264876,284068,284690,19192,622,1,3600,31.8553054662
264892,265010,265525,118,515,2,7200,1.22912621359
264914,265026,265499,112,473,2,7200,1.23678646934
265006,265035,265537,29,502,2,7200,1.0577689243
265023,265042,265558,19,516,2,7200,1.03682170543
265036,265097,265613,61,516,2,7200,1.11821705426
265037,265103,265598,66,495,2,7200,1.13333333333
265097,265118,265604,21,486,2,7200,1.04320987654
265104,265195,265716,91,521,2,7200,1.17466410749
265116,265261,265779,145,518,2,7200,1.27992277992
265192,265270,265765,78,495,2,7200,1.15757575758
265257,265311,265792,54,481,2,7200,1.11226611227
265276,265318,265868,42,550,2,7200,1.07636363636
265309,265330,265905,21,575,2,7200,1.03652173913
265316,265337,265834,21,497,2,7200,1.04225352113
265328,265344,265912,16,568,2,7200,1.02816901408
265335,265362,265865,27,503,2,7200,1.05367793241
265342,265369,265842,27,473,2,7200,1.05708245243
265360,265401,265959,41,558,2,7200,1.07347670251
265367,265461,265974,94,513,2,7200,1.18323586745
265400,265479,266047,79,568,2,7200,1.13908450704
265419,284220,284987,18801,767,1,3600,25.5123859192
265420,284355,284907,18935,552,1,3600,35.3025362319
265460,265511,266036,51,525,2,7200,1.09714285714
265478,265537,266105,59,568,2,7200,1.10387323944
265511,265550,266063,39,513,2,7200,1.07602339181
265534,265570,266076,36,506,2,7200,1.07114624506
265546,265611,266071,65,460,2,7200,1.14130434783
265569,265618,266131,49,513,2,7200,1.0955165692
265607,265625,266143,18,518,2,7200,1.03474903475
265614,265728,266277,114,549,2,7200,1.20765027322
265621,265777,266255,156,478,2,7200,1.32635983264
265728,265791,266342,63,551,2,7200,1.11433756806
265779,265805,266363,26,558,2,7200,1.04659498208
265782,284433,285159,18651,726,1,3600,26.6900826446
265791,265846,266375,55,529,2,7200,1.10396975425
265803,265860,266388,57,528,2,7200,1.10795454545
265842,265877,266335,35,458,2,7200,1.07641921397
265859,265884,266439,25,555,2,7200,1.04504504505
265877,265917,266430,40,513,2,7200,1.07797270955
265884,265923,266468,39,545,2,7200,1.07155963303
265917,265971,266490,54,519,2,7200,1.10404624277
265924,265986,266539,62,553,2,7200,1.11211573237
265968,266048,266559,80,511,2,7200,1.15655577299
265985,266060,266563,75,503,2,7200,1.14910536779
266045,266076,266605,31,529,2,7200,1.05860113422
266057,266083,266633,26,550,2,7200,1.04727272727
266074,266090,266604,16,514,2,7200,1.03112840467
266081,266117,266662,36,545,2,7200,1.06605504587
266088,266144,266656,56,512,2,7200,1.109375
266116,266155,266688,39,533,2,7200,1.07317073171
266139,266267,266769,128,502,2,7200,1.25498007968
266151,266290,266766,139,476,2,7200,1.29201680672
266271,266347,266903,76,556,2,7200,1.13669064748
266289,266353,266843,64,490,2,7200,1.1306122449
266343,266376,266885,33,509,2,7200,1.06483300589
266350,266387,266929,37,542,2,7200,1.06826568266
266373,266400,266948,27,548,2,7200,1.04927007299
266385,266443,267000,58,557,2,7200,1.10412926391
266397,266451,266974,54,523,2,7200,1.10325047801
266441,266481,267005,40,524,2,7200,1.07633587786
266448,266502,267017,54,515,2,7200,1.10485436893
266481,266550,267059,69,509,2,7200,1.13555992141
266499,266571,267129,72,558,2,7200,1.12903225806
266548,266577,267097,29,520,2,7200,1.05576923077
266564,284499,285068,17935,569,1,3600,32.5202108963
266571,266616,267104,45,488,2,7200,1.09221311475
266573,266623,267086,50,463,2,7200,1.10799136069
266611,266645,267186,34,541,2,7200,1.06284658041
266618,266669,267180,51,511,2,7200,1.09980430528
266641,266675,267155,34,480,2,7200,1.07083333333
266669,266699,267183,30,484,2,7200,1.06198347107
266676,266778,267320,102,542,2,7200,1.18819188192
266699,266785,267308,86,523,2,7200,1.16443594646
266775,266856,267397,81,541,2,7200,1.14972273567
266782,266897,267394,115,497,2,7200,1.23138832998
266852,266915,267451,63,536,2,7200,1.11753731343
266896,266941,267448,45,507,2,7200,1.08875739645
266914,266960,267501,46,541,2,7200,1.08502772643
266936,266986,267468,50,482,2,7200,1.10373443983
266959,267011,267472,52,461,2,7200,1.11279826464
266982,267019,267593,37,574,2,7200,1.06445993031
266986,284545,285069,17559,524,1,3600,34.5095419847
267010,267029,267583,19,554,2,7200,1.03429602888
267017,267071,267561,54,490,2,7200,1.11020408163
267029,267098,267601,69,503,2,7200,1.13717693837
267048,284564,285108,17516,544,1,3600,33.1985294118
267068,267108,267617,40,509,2,7200,1.07858546169
267096,267116,267661,20,545,2,7200,1.03669724771
267108,267141,267641,33,500,2,7200,1.066
267115,267167,267714,52,547,2,7200,1.09506398537
267137,267192,267690,55,498,2,7200,1.11044176707
267165,267199,267740,34,541,2,7200,1.06284658041
267188,267204,267721,16,517,2,7200,1.03094777563
267208,267320,267851,112,531,2,7200,1.21092278719
267210,267332,267847,122,515,2,7200,1.23689320388
267317,267406,267929,89,523,2,7200,1.17017208413
267329,267413,267915,84,502,2,7200,1.16733067729
267405,267460,267979,55,519,2,7200,1.10597302505
267412,267467,267925,55,458,2,7200,1.12008733624
267456,267481,267974,25,493,2,7200,1.05070993915
267463,267488,268004,25,516,2,7200,1.0484496124
267480,267513,267983,33,470,2,7200,1.07021276596
267487,267574,268064,87,490,2,7200,1.17755102041
267510,267595,268117,85,522,2,7200,1.16283524904
267569,267605,268103,36,498,2,7200,1.07228915663
267592,267614,268186,22,572,2,7200,1.03846153846
267604,267629,268192,25,563,2,7200,1.04440497336
267611,267653,268161,42,508,2,7200,1.08267716535
267629,267673,268168,44,495,2,7200,1.08888888889
267652,267704,268210,52,506,2,7200,1.10276679842
267669,267727,268217,58,490,2,7200,1.11836734694
267702,267734,268221,32,487,2,7200,1.06570841889
267710,284705,285398,16995,693,1,3600,25.5238095238
267725,267753,268291,28,538,2,7200,1.05204460967
267744,267859,268385,115,526,2,7200,1.21863117871
267751,267866,268421,115,555,2,7200,1.20720720721
267858,267927,268425,69,498,2,7200,1.13855421687
267865,267936,268458,71,522,2,7200,1.13601532567
267924,267943,268452,19,509,2,7200,1.0373280943
267937,267987,268486,50,499,2,7200,1.1002004008
267938,267993,268491,55,498,2,7200,1.11044176707
267982,268000,268536,18,536,2,7200,1.03358208955
267989,268017,268493,28,476,2,7200,1.05882352941
267996,268076,268591,80,515,2,7200,1.15533980583
268013,268115,268684,102,569,2,7200,1.17926186292
268073,268130,268644,57,514,2,7200,1.11089494163
268112,268173,268700,61,527,2,7200,1.11574952562
268129,268179,268662,50,483,2,7200,1.10351966874
268173,268198,268683,25,485,2,7200,1.05154639175
268180,268205,268713,25,508,2,7200,1.04921259843
268198,268223,268738,25,515,2,7200,1.04854368932
268205,268230,268747,25,517,2,7200,1.04835589942
268222,268237,268740,15,503,2,7200,1.02982107356
268229,268304,268781,75,477,2,7200,1.1572327044
268248,268397,268922,149,525,2,7200,1.28380952381
268252,284935,285467,16683,532,1,3600,32.3590225564
268302,268433,268906,131,473,2,7200,1.27695560254
268394,268440,268992,46,552,2,7200,1.08333333333
268432,268464,269007,32,543,2,7200,1.05893186004
268439,268471,269011,32,540,2,7200,1.05925925926
268462,268498,268974,36,476,2,7200,1.0756302521
268469,268505,269047,36,542,2,7200,1.06642066421
268497,268510,269007,13,497,2,7200,1.02615694165
268504,268548,269077,44,529,2,7200,1.0831758034
268511,268603,269112,92,509,2,7200,1.18074656189
268544,268657,269220,113,563,2,7200,1.20071047957
268599,268675,269184,76,509,2,7200,1.14931237721
268653,268695,269203,42,508,2,7200,1.08267716535
268671,268701,269252,30,551,2,7200,1.05444646098
268674,284999,285610,16325,611,1,3600,27.7184942717
268676,285080,285629,16404,549,1,3600,30.8797814208
268694,268712,269237,18,525,2,7200,1.03428571429
268701,268726,269184,25,458,2,7200,1.05458515284
268708,268750,269284,42,534,2,7200,1.07865168539
268725,268757,269281,32,524,2,7200,1.06106870229
268748,268764,269282,16,518,2,7200,1.03088803089
268768,268793,269322,25,529,2,7200,1.04725897921
268770,268918,269411,148,493,2,7200,1.30020283976
268793,268934,269483,141,549,2,7200,1.25683060109
268916,268986,269469,70,483,2,7200,1.14492753623
268933,269004,269512,71,508,2,7200,1.13976377953
268982,269019,269511,37,492,2,7200,1.07520325203
269000,269024,269547,24,523,2,7200,1.04588910134
269018,269031,269532,13,501,2,7200,1.02594810379
269024,269059,269567,35,508,2,7200,1.0688976378
269026,269090,269553,64,463,2,7200,1.13822894168
269054,269125,269595,71,470,2,7200,1.15106382979
269087,269196,269750,109,554,2,7200,1.19675090253
269121,269201,269746,80,545,2,7200,1.14678899083
269196,269216,269759,20,543,2,7200,1.03683241252
269198,269233,269747,35,514,2,7200,1.06809338521
269215,269249,269791,34,542,2,7200,1.06273062731
269233,269264,269780,31,516,2,7200,1.06007751938
269245,269293,269832,48,539,2,7200,1.08905380334
269263,269300,269869,37,569,2,7200,1.06502636204
269291,269305,269838,14,533,2,7200,1.02626641651
269310,269335,269816,25,481,2,7200,1.05197505198
269312,269423,269975,111,552,2,7200,1.20108695652
269334,269482,270009,148,527,2,7200,1.28083491461
269398,285093,285581,15695,488,1,3600,33.1618852459
269420,269495,269998,75,503,2,7200,1.14910536779
269480,269523,270043,43,520,2,7200,1.08269230769
269492,269529,270059,37,530,2,7200,1.06981132075
269520,269544,270063,24,519,2,7200,1.04624277457
269527,269559,270069,32,510,2,7200,1.06274509804
269539,269566,270121,27,555,2,7200,1.04864864865
269557,269580,270040,23,460,2,7200,1.05
269564,269608,270139,44,531,2,7200,1.08286252354
269576,269758,270237,182,479,2,7200,1.37995824635
269604,269765,270266,161,501,2,7200,1.32135728543
269753,269770,270268,17,498,2,7200,1.03413654618
269760,269777,270315,17,538,2,7200,1.03159851301
269767,269791,270297,24,506,2,7200,1.04743083004
269774,269804,270360,30,556,2,7200,1.05395683453
269792,269828,270408,36,580,2,7200,1.06206896552
269804,269844,270309,40,465,2,7200,1.08602150538
269827,269851,270345,24,494,2,7200,1.04858299595
269846,269880,270351,34,471,2,7200,1.07218683652
269848,269987,270513,139,526,2,7200,1.26425855513
269880,285119,285876,15239,757,1,3600,21.1307793923
269881,270010,270512,129,502,2,7200,1.25697211155
269983,270021,270559,38,538,2,7200,1.07063197026
270006,270052,270572,46,520,2,7200,1.08846153846
270018,270059,270544,41,485,2,7200,1.08453608247
270051,270070,270617,19,547,2,7200,1.03473491773
270058,270077,270621,19,544,2,7200,1.03492647059
270071,270084,270664,13,580,2,7200,1.0224137931
270078,270133,270636,55,503,2,7200,1.10934393638
270079,270151,270617,72,466,2,7200,1.15450643777
270129,270249,270777,120,528,2,7200,1.22727272727
270146,270279,270801,133,522,2,7200,1.25478927203
270248,270286,270798,38,512,2,7200,1.07421875
270276,270309,270804,33,495,2,7200,1.06666666667
270283,270321,270806,38,485,2,7200,1.07835051546
270306,270328,270895,22,567,2,7200,1.03880070547
270318,270357,270834,39,477,2,7200,1.08176100629
270325,270364,270893,39,529,2,7200,1.07372400756
270353,270372,270950,19,578,2,7200,1.03287197232
270371,270420,270960,49,540,2,7200,1.09074074074
270373,270524,271060,151,536,2,7200,1.28171641791
270417,270530,271036,113,506,2,7200,1.2233201581
270524,270557,271060,33,503,2,7200,1.06560636183
270526,270571,271088,45,517,2,7200,1.08704061896
270554,270584,271084,30,500,2,7200,1.06
270571,270628,271148,57,520,2,7200,1.10961538462
270583,270634,271170,51,536,2,7200,1.09514925373
270627,270640,271164,13,524,2,7200,1.02480916031
270634,270647,271170,13,523,2,7200,1.02485659656
270641,270676,271193,35,517,2,7200,1.06769825919
270648,270789,271294,141,505,2,7200,1.27920792079
270662,285171,285834,14509,663,1,3600,22.8838612368
270676,270810,271331,134,521,2,7200,1.25719769674
270788,270817,271318,29,501,2,7200,1.05788423154
270806,270822,271321,16,499,2,7200,1.03206412826
270813,270829,271322,16,493,2,7200,1.03245436105
270820,270846,271382,26,536,2,7200,1.04850746269
270827,270905,271452,78,547,2,7200,1.14259597806
270844,270912,271428,68,516,2,7200,1.13178294574
270904,270962,271512,58,550,2,7200,1.10545454545
270922,270973,271499,51,526,2,7200,1.0969581749
270961,271048,271557,87,509,2,7200,1.17092337917
270973,271072,271641,99,569,2,7200,1.17398945518
271043,271077,271632,34,555,2,7200,1.06126126126
271071,271096,271599,25,503,2,7200,1.04970178926
271073,271103,271643,30,540,2,7200,1.05555555556
271084,285410,286149,14326,739,1,3600,20.3856562923
271096,271160,271689,64,529,2,7200,1.12098298677
271102,271175,271685,73,510,2,7200,1.1431372549
271157,271183,271687,26,504,2,7200,1.05158730159
271174,271188,271737,14,549,2,7200,1.02550091075
271181,271205,271766,24,561,2,7200,1.04278074866
271188,271306,271832,118,526,2,7200,1.22433460076
271200,271331,271832,131,501,2,7200,1.26147704591
271266,285479,286120,14213,641,1,3600,23.1731669267
271302,271338,271860,36,522,2,7200,1.06896551724
271330,271343,271843,13,500,2,7200,1.026
271337,271350,271866,13,516,2,7200,1.02519379845
271339,271394,271930,55,536,2,7200,1.1026119403
271346,271440,271938,94,498,2,7200,1.18875502008
271390,271464,271985,74,521,2,7200,1.14203454894
271440,271511,271980,71,469,2,7200,1.15138592751
271453,290998,291006,19545,8,1,1800,1955.3
271463,271524,272060,61,536,2,7200,1.11380597015
271507,271569,272068,62,499,2,7200,1.12424849699
271524,271611,272118,87,507,2,7200,1.17159763314
271568,271644,272175,76,531,2,7200,1.14312617702
271606,271653,272150,47,497,2,7200,1.09456740443
271640,271660,272239,20,579,2,7200,1.03454231434
271652,271697,272233,45,536,2,7200,1.08395522388
271659,271704,272184,45,480,2,7200,1.09375
271688,285593,286254,13905,661,1,3600,22.0363086233
271692,271709,272214,17,505,2,7200,1.03366336634
271704,271750,272264,46,514,2,7200,1.08949416342
271706,271778,272281,72,503,2,7200,1.14314115308
271750,271844,272336,94,492,2,7200,1.19105691057
271778,271849,272362,71,513,2,7200,1.13840155945
271843,271856,272364,13,508,2,7200,1.02559055118
271850,271872,272390,22,518,2,7200,1.04247104247
271852,271879,272376,27,497,2,7200,1.05432595573
271869,271943,272441,74,498,2,7200,1.14859437751
271876,271950,272446,74,496,2,7200,1.14919354839
271942,271992,272549,50,557,2,7200,1.08976660682
271949,271999,272497,50,498,2,7200,1.10040160643
271988,272071,272641,83,570,2,7200,1.14561403509
271995,272081,272573,86,492,2,7200,1.17479674797
272070,272130,272684,60,554,2,7200,1.1083032491
272077,272162,272707,85,545,2,7200,1.15596330275
272126,272187,272749,61,562,2,7200,1.10854092527
272160,272197,272748,37,551,2,7200,1.06715063521
272183,272226,272701,43,475,2,7200,1.09052631579
272195,272245,272805,50,560,2,7200,1.08928571429
272223,272252,272783,29,531,2,7200,1.05461393597
272241,272277,272797,36,520,2,7200,1.06923076923
272248,272293,272792,45,499,2,7200,1.09018036072
272276,272348,272841,72,493,2,7200,1.14604462475
272293,272374,272944,81,570,2,7200,1.14210526316
272348,272381,272899,33,518,2,7200,1.06370656371
272371,272388,272909,17,521,2,7200,1.03262955854
272378,272402,272910,24,508,2,7200,1.04724409449
272384,272453,273006,69,553,2,7200,1.12477396022
272402,272460,272989,58,529,2,7200,1.10964083176
272453,272515,273019,62,504,2,7200,1.12301587302
272460,272562,273051,102,489,2,7200,1.20858895706
272514,272585,273144,71,559,2,7200,1.12701252236
272530,285623,286225,13093,602,1,3600,22.7491694352
272558,272652,273124,94,472,2,7200,1.19915254237
272581,272697,273191,116,494,2,7200,1.23481781377
272651,272714,273205,63,491,2,7200,1.1283095723
272695,272721,273233,26,512,2,7200,1.05078125
272712,272760,273246,48,486,2,7200,1.0987654321
272719,272767,273308,48,541,2,7200,1.0887245841
272758,272795,273308,37,513,2,7200,1.07212475634
272765,272804,273366,39,562,2,7200,1.06939501779
272793,272811,273374,18,563,2,7200,1.03197158082
272800,272818,273319,18,501,2,7200,1.03592814371
272807,272853,273390,46,537,2,7200,1.08566108007
272814,272910,273475,96,565,2,7200,1.16991150442
272832,285641,286212,12809,571,1,3600,23.4325744308
272852,272921,273414,69,493,2,7200,1.13995943205
272907,272928,273433,21,505,2,7200,1.04158415842
272919,272957,273517,38,560,2,7200,1.06785714286
272926,273001,273513,75,512,2,7200,1.146484375
272954,273018,273556,64,538,2,7200,1.11895910781
273005,273031,273559,26,528,2,7200,1.04924242424
273017,273063,273608,46,545,2,7200,1.08440366972
273029,273136,273612,107,476,2,7200,1.22478991597
273063,273156,273681,93,525,2,7200,1.17714285714
273133,273203,273707,70,504,2,7200,1.13888888889
273156,273217,273726,61,509,2,7200,1.11984282908
273193,285846,286480,12653,634,1,3600,20.9574132492
273199,273245,273718,46,473,2,7200,1.09725158562
273217,273258,273739,41,481,2,7200,1.08523908524
273245,273320,273819,75,499,2,7200,1.1503006012
273257,273325,273830,68,505,2,7200,1.13465346535
273315,285889,286450,12574,561,1,3600,23.4135472371
273317,273332,273892,15,560,2,7200,1.02678571429
273324,273378,273917,54,539,2,7200,1.10018552876
273331,273387,273933,56,546,2,7200,1.10256410256
273374,273402,273891,28,489,2,7200,1.0572597137
273387,273426,273946,39,520,2,7200,1.075
273399,273445,273987,46,542,2,7200,1.08487084871
273422,273487,274027,65,540,2,7200,1.12037037037
273444,273525,274079,81,554,2,7200,1.14620938628
273483,273532,274007,49,475,2,7200,1.10315789474
273529,273568,274096,39,528,2,7200,1.07386363636
273531,273574,274113,43,539,2,7200,1.07977736549
273564,273620,274068,56,448,2,7200,1.125
273571,273626,274161,55,535,2,7200,1.10280373832
273620,273693,274218,73,525,2,7200,1.13904761905
273627,273730,274229,103,499,2,7200,1.20641282565
273692,273735,274265,43,530,2,7200,1.08113207547
273731,273743,274250,12,507,2,7200,1.02366863905
273732,273748,274244,16,496,2,7200,1.03225806452
273739,273755,274229,16,474,2,7200,1.03375527426
273746,273831,274364,85,533,2,7200,1.15947467167
273753,273842,274372,89,530,2,7200,1.1679245283
273828,273907,274450,79,543,2,7200,1.14548802947
273840,273912,274440,72,528,2,7200,1.13636363636
273905,273929,274468,24,539,2,7200,1.04452690167
273912,273946,274483,34,537,2,7200,1.06331471136
273924,273958,274471,34,513,2,7200,1.06627680312
273942,273999,274495,57,496,2,7200,1.11491935484
273954,274019,274541,65,522,2,7200,1.1245210728
273998,274039,274530,41,491,2,7200,1.08350305499
274022,274080,274600,58,520,2,7200,1.11153846154
274034,274091,274543,57,452,2,7200,1.12610619469
274078,274108,274648,30,540,2,7200,1.05555555556
274090,274125,274591,35,466,2,7200,1.07510729614
274108,274173,274664,65,491,2,7200,1.13238289206
274125,274230,274715,105,485,2,7200,1.21649484536
274169,274241,274805,72,564,2,7200,1.12765957447
274229,274246,274775,17,529,2,7200,1.03213610586
274241,274256,274770,15,514,2,7200,1.02918287938
274243,274262,274783,19,521,2,7200,1.03646833013
274255,274278,274748,23,470,2,7200,1.04893617021
274262,274376,274876,114,500,2,7200,1.228
274274,274384,274894,110,510,2,7200,1.21568627451
274376,274452,274975,76,523,2,7200,1.14531548757
274383,274462,274940,79,478,2,7200,1.16527196653
274397,286137,286604,11740,467,1,3600,26.1391862955
274448,274480,275026,32,546,2,7200,1.05860805861
274460,274487,275016,27,529,2,7200,1.05103969754
274480,274496,275042,16,546,2,7200,1.0293040293
274499,274507,275008,8,501,2,7200,1.01596806387
274501,274542,275055,41,513,2,7200,1.07992202729
274502,274553,275102,51,549,2,7200,1.09289617486
274541,274559,275111,18,552,2,7200,1.03260869565
274553,274603,275162,50,559,2,7200,1.08944543828
274560,274612,275134,52,522,2,7200,1.09961685824
274599,274659,275133,60,474,2,7200,1.12658227848
274611,274676,275205,65,529,2,7200,1.12287334594
274660,274727,275204,67,477,2,7200,1.14046121593
274672,274760,275214,88,454,2,7200,1.19383259912
274727,274782,275304,55,522,2,7200,1.10536398467
274759,286161,286828,11402,667,1,3600,18.0944527736
274760,274789,275344,29,555,2,7200,1.05225225225
274777,274796,275296,19,500,2,7200,1.038
274784,274817,275311,33,494,2,7200,1.06680161943
274796,274888,275433,92,545,2,7200,1.16880733945
274814,274906,275414,92,508,2,7200,1.1811023622
274884,274951,275465,67,514,2,7200,1.13035019455
274901,274987,275545,86,558,2,7200,1.1541218638
274951,275021,275501,70,480,2,7200,1.14583333333
274984,275028,275550,44,522,2,7200,1.08429118774
275001,286228,286879,11227,651,1,3600,18.2457757296
275025,275039,275571,14,532,2,7200,1.02631578947
275027,275054,275604,27,550,2,7200,1.04909090909
275039,275067,275560,28,493,2,7200,1.05679513185
275051,275114,275599,63,485,2,7200,1.12989690722
275063,275123,275670,60,547,2,7200,1.10968921389
275113,275145,275651,32,506,2,7200,1.06324110672
275120,275152,275645,32,493,2,7200,1.06490872211
275142,275174,275670,32,496,2,7200,1.06451612903
275149,275216,275727,67,511,2,7200,1.13111545988
275172,275222,275773,50,551,2,7200,1.09074410163
275216,275229,275763,13,534,2,7200,1.02434456929
275217,275308,275838,91,530,2,7200,1.17169811321
275224,275317,275835,93,518,2,7200,1.17953667954
275305,275324,275859,19,535,2,7200,1.03551401869
275317,275356,275848,39,492,2,7200,1.07926829268
275324,275427,275937,103,510,2,7200,1.20196078431
275352,275446,275957,94,511,2,7200,1.18395303327
275423,275477,275961,54,484,2,7200,1.11157024793
275445,275513,276067,68,554,2,7200,1.12274368231
275481,275557,276086,76,529,2,7200,1.14366729679
275509,275564,276060,55,496,2,7200,1.11088709677
275553,275572,276091,19,519,2,7200,1.0366088632
275560,275583,276074,23,491,2,7200,1.04684317719
275572,275611,276143,39,532,2,7200,1.07330827068
275579,275618,276181,39,563,2,7200,1.06927175844
275607,275657,276150,50,493,2,7200,1.1014198783
275614,275664,276145,50,481,2,7200,1.10395010395
275653,275682,276189,29,507,2,7200,1.05719921105
275660,275687,276169,27,482,2,7200,1.05601659751
275683,275739,276276,56,537,2,7200,1.104283054
275684,275775,276327,91,552,2,7200,1.16485507246
275739,275785,276312,46,527,2,7200,1.08728652751
275772,275847,276402,75,555,2,7200,1.13513513514
275785,275854,276341,69,487,2,7200,1.14168377823
275844,275861,276405,17,544,2,7200,1.03125
275851,275871,276379,20,508,2,7200,1.03937007874
275858,275949,276474,91,525,2,7200,1.17333333333
275877,275969,276503,92,534,2,7200,1.17228464419
275947,275981,276474,34,493,2,7200,1.06896551724
275964,276072,276630,108,558,2,7200,1.1935483871
275977,276078,276619,101,541,2,7200,1.18669131238
276068,276087,276580,19,493,2,7200,1.03853955375
276075,276102,276616,27,514,2,7200,1.05252918288
276088,276109,276634,21,525,2,7200,1.04
276100,276156,276654,56,498,2,7200,1.1124497992
276107,276163,276629,56,466,2,7200,1.12017167382
276144,286258,286852,10114,594,1,3600,18.0269360269
276156,276168,276696,12,528,2,7200,1.02272727273
276163,276182,276679,19,497,2,7200,1.03822937626
276165,276193,276679,28,486,2,7200,1.05761316872
276182,276202,276734,20,532,2,7200,1.03759398496
276189,276289,276811,100,522,2,7200,1.19157088123
276202,276324,276812,122,488,2,7200,1.25
276288,276339,276826,51,487,2,7200,1.10472279261
276321,276353,276853,32,500,2,7200,1.064
276339,276392,276905,53,513,2,7200,1.10331384016
276358,276414,276914,56,500,2,7200,1.112
276386,286277,286934,9891,657,1,3600,16.0547945205
276391,276420,276938,29,518,2,7200,1.05598455598
276414,276486,277035,72,549,2,7200,1.13114754098
276416,276491,277012,75,521,2,7200,1.14395393474
276486,276516,276990,30,474,2,7200,1.06329113924
276488,276526,277055,38,529,2,7200,1.07183364839
276516,276592,277143,76,551,2,7200,1.13793103448
276523,276628,277125,105,497,2,7200,1.21126760563
276588,276634,277154,46,520,2,7200,1.08846153846
276626,276641,277145,15,504,2,7200,1.02976190476
276633,276647,277177,14,530,2,7200,1.02641509434
276640,276653,277174,13,521,2,7200,1.02495201536
276647,276666,277189,19,523,2,7200,1.03632887189
276654,276692,277196,38,504,2,7200,1.0753968254
276666,276697,277159,31,462,2,7200,1.0670995671
276689,276711,277229,22,518,2,7200,1.04247104247
276696,276746,277236,50,490,2,7200,1.10204081633
276708,276829,277354,121,525,2,7200,1.23047619048
276747,276834,277378,87,544,2,7200,1.15992647059
276828,276840,277361,12,521,2,7200,1.02303262956
276830,276865,277404,35,539,2,7200,1.06493506494
276837,276917,277493,80,576,2,7200,1.13888888889
276865,276926,277497,61,571,2,7200,1.10683012259
276868,286311,286827,9443,516,1,3600,19.3003875969
276914,276950,277502,36,552,2,7200,1.0652173913
276926,277003,277459,77,456,2,7200,1.16885964912
276949,277025,277516,76,491,2,7200,1.15478615071
277003,277047,277593,44,546,2,7200,1.08058608059
277021,277067,277577,46,510,2,7200,1.09019607843
277043,277138,277632,95,494,2,7200,1.19230769231
277066,277156,277715,90,559,2,7200,1.16100178891
277136,277163,277685,27,522,2,7200,1.05172413793
277154,277170,277655,16,485,2,7200,1.03298969072
277161,277177,277677,16,500,2,7200,1.032
277167,277186,277698,19,512,2,7200,1.037109375
277174,277193,277663,19,470,2,7200,1.04042553191
277193,277201,277720,8,519,2,7200,1.01541425819
277195,277207,277703,12,496,2,7200,1.02419354839
277196,277241,277753,45,512,2,7200,1.087890625
277203,277248,277763,45,515,2,7200,1.08737864078
277237,277366,277828,129,462,2,7200,1.27922077922
277244,277373,277854,129,481,2,7200,1.26819126819
277361,277390,277909,29,519,2,7200,1.05587668593
277373,277416,277907,43,491,2,7200,1.08757637475
277386,277471,277957,85,486,2,7200,1.17489711934
277414,277505,278019,91,514,2,7200,1.17704280156
277468,277512,278048,44,536,2,7200,1.08208955224
277501,277519,278041,18,522,2,7200,1.03448275862
277508,277529,278036,21,507,2,7200,1.04142011834
277515,277589,278095,74,506,2,7200,1.14624505929
277527,277605,278116,78,511,2,7200,1.15264187867
277530,286316,286939,8786,623,1,3600,15.1027287319
277587,277644,278183,57,539,2,7200,1.10575139147
277605,277668,278218,63,550,2,7200,1.11454545455
277643,277675,278112,32,437,2,7200,1.07322654462
277666,277690,278252,24,562,2,7200,1.04270462633
277686,277707,278207,21,500,2,7200,1.042
277687,277713,278238,26,525,2,7200,1.04952380952
277705,277720,278278,15,558,2,7200,1.02688172043
277712,277727,278294,15,567,2,7200,1.02645502646
277719,277734,278294,15,560,2,7200,1.02678571429
277726,277765,278282,39,517,2,7200,1.07543520309
277733,277772,278301,39,529,2,7200,1.07372400756
277761,277777,278270,16,493,2,7200,1.03245436105
277768,277811,278335,43,524,2,7200,1.0820610687
277774,277816,278352,42,536,2,7200,1.07835820896
277808,277856,278314,48,458,2,7200,1.10480349345
277815,277866,278431,51,565,2,7200,1.09026548673
277853,277919,278418,66,499,2,7200,1.13226452906
277865,277926,278476,61,550,2,7200,1.11090909091
277892,286322,286775,8430,453,1,3600,19.6092715232
277914,277969,278511,55,542,2,7200,1.10147601476
277921,278031,278535,110,504,2,7200,1.21825396825
277965,278049,278538,84,489,2,7200,1.1717791411
278015,295325,312657,17310,17332,32,28800,1.99873067159
278030,278056,278584,26,528,2,7200,1.04924242424
278048,278063,278588,15,525,2,7200,1.02857142857
278067,278107,278604,40,497,2,7200,1.08048289738
278068,278124,278644,56,520,2,7200,1.10769230769
278107,278131,278652,24,521,2,7200,1.04606525912
278124,278195,278698,71,503,2,7200,1.14115308151
278126,278219,278757,93,538,2,7200,1.17286245353
278191,278230,278738,39,508,2,7200,1.07677165354
278219,278250,278812,31,562,2,7200,1.05516014235
278226,278264,278790,38,526,2,7200,1.07224334601
278249,278282,278799,33,517,2,7200,1.06382978723
278261,278291,278824,30,533,2,7200,1.05628517824
278278,278298,278823,20,525,2,7200,1.0380952381
278291,278307,278783,16,476,2,7200,1.03361344538
278298,278312,278827,14,515,2,7200,1.02718446602
278304,278319,278872,15,553,2,7200,1.02712477396
278311,278326,278880,15,554,2,7200,1.02707581227
278330,278356,278888,26,532,2,7200,1.04887218045
278332,278365,278882,33,517,2,7200,1.06382978723
278355,278431,278923,76,492,2,7200,1.15447154472
278361,278443,278922,82,479,2,7200,1.17118997912
278426,278489,278992,63,503,2,7200,1.12524850895
278439,278524,279014,85,490,2,7200,1.17346938776
278488,278547,279088,59,541,2,7200,1.10905730129
278494,286327,287068,7833,741,1,3600,11.5708502024
278521,278559,279140,38,581,2,7200,1.06540447504
278544,278596,279125,52,529,2,7200,1.09829867675
278556,278603,279135,47,532,2,7200,1.08834586466
278594,278616,279123,22,507,2,7200,1.04339250493
278601,278656,279176,55,520,2,7200,1.10576923077
278613,278665,279191,52,526,2,7200,1.09885931559
278652,278710,279225,58,515,2,7200,1.11262135922
278664,278750,279285,86,535,2,7200,1.16074766355
278714,278769,279268,55,499,2,7200,1.11022044088
278747,278795,279376,48,581,2,7200,1.082616179
278765,278802,279358,37,556,2,7200,1.06654676259
278793,278811,279293,18,482,2,7200,1.03734439834
278800,278824,279345,24,521,2,7200,1.04606525912
278807,278835,279373,28,538,2,7200,1.05204460967
278824,278842,279378,18,536,2,7200,1.03358208955
278831,278847,279392,16,545,2,7200,1.02935779817
278838,278884,279372,46,488,2,7200,1.09426229508
278845,278891,279383,46,492,2,7200,1.09349593496
278884,278898,279413,14,515,2,7200,1.02718446602
278891,278905,279429,14,524,2,7200,1.02671755725
278897,278934,279458,37,524,2,7200,1.07061068702
278904,278940,279471,36,531,2,7200,1.06779661017
278933,279004,279515,71,511,2,7200,1.13894324853
278940,279026,279587,86,561,2,7200,1.15329768271
279000,279100,279599,100,499,2,7200,1.2004008016
279023,279135,279674,112,539,2,7200,1.20779220779
279098,279142,279627,44,485,2,7200,1.09072164948
279131,279149,279676,18,527,2,7200,1.03415559772
279138,279161,279680,23,519,2,7200,1.04431599229
279145,279188,279668,43,480,2,7200,1.08958333333
279158,279203,279739,45,536,2,7200,1.08395522388
279186,279280,279777,94,497,2,7200,1.18913480885
279199,291004,291087,11805,83,1,1800,143.228915663
279203,279242,279807,39,565,2,7200,1.06902654867
279242,279292,279819,50,527,2,7200,1.09487666034
279276,286332,286867,7056,535,1,3600,14.1887850467
279277,286338,286990,7061,652,1,3600,11.8297546012
279281,279299,279794,18,495,2,7200,1.03636363636
279293,279306,279823,13,517,2,7200,1.0251450677
279295,279357,279879,62,522,2,7200,1.11877394636
279312,279370,279883,58,513,2,7200,1.11306042885
279339,286343,286767,7004,424,1,3600,17.5188679245
279356,279384,279860,28,476,2,7200,1.05882352941
279369,279391,279922,22,531,2,7200,1.04143126177
279381,279396,279895,15,499,2,7200,1.03006012024
279388,279403,279932,15,529,2,7200,1.02835538752
279395,279408,279933,13,525,2,7200,1.02476190476
279400,286349,287165,6949,816,1,3600,9.51593137255
279402,286354,286882,6952,528,1,3600,14.1666666667
279402,279415,279912,13,497,2,7200,1.02615694165
279409,279422,279987,13,565,2,7200,1.02300884956
279411,279429,279921,18,492,2,7200,1.03658536585
279418,279441,279937,23,496,2,7200,1.04637096774
279424,279476,280057,52,581,2,7200,1.08950086059
279437,279483,280053,46,570,2,7200,1.08070175439
279463,286360,286975,6897,615,1,3600,12.2146341463
279464,286365,287187,6901,822,1,3600,9.39537712895
279466,286371,286894,6905,523,1,3600,14.2026768642
279475,279527,280030,52,503,2,7200,1.10337972167
279493,279599,280070,106,471,2,7200,1.22505307856
279527,279611,280126,84,515,2,7200,1.16310679612
279527,286470,287075,6943,605,1,3600,12.4760330579
279589,286497,287168,6908,671,1,3600,11.2950819672
279597,279639,280126,42,487,2,7200,1.08624229979
279609,279680,280207,71,527,2,7200,1.13472485769
279637,279687,280250,50,563,2,7200,1.08880994671
279676,279694,280229,18,535,2,7200,1.03364485981
279683,279699,280199,16,500,2,7200,1.032
279690,279751,280187,61,436,2,7200,1.13990825688
279697,279789,280269,92,480,2,7200,1.19166666667
279751,279806,280286,55,480,2,7200,1.11458333333
279785,279821,280353,36,532,2,7200,1.06766917293
279802,279831,280349,29,518,2,7200,1.05598455598
279821,279838,280333,17,495,2,7200,1.03434343434
279828,279872,280368,44,496,2,7200,1.08870967742
279830,286616,287270,6786,654,1,3600,11.376146789
279835,279891,280406,56,515,2,7200,1.10873786408
279868,279897,280416,29,519,2,7200,1.05587668593
279891,279907,280415,16,508,2,7200,1.03149606299
279898,279924,280443,26,519,2,7200,1.05009633911
279905,279933,280463,28,530,2,7200,1.05283018868
279923,279940,280473,17,533,2,7200,1.03189493433
279930,279947,280434,17,487,2,7200,1.03490759754
279937,279952,280420,15,468,2,7200,1.03205128205
279944,279959,280514,15,555,2,7200,1.02702702703
279951,279964,280478,13,514,2,7200,1.02529182879
279952,286779,287259,6827,480,1,3600,15.2229166667
279953,286799,287317,6846,518,1,3600,14.2162162162
279958,279999,280520,41,521,2,7200,1.07869481766
279975,280042,280584,67,542,2,7200,1.12361623616
279998,280065,280554,67,489,2,7200,1.13701431493
280042,280072,280624,30,552,2,7200,1.05434782609
280065,280084,280583,19,499,2,7200,1.0380761523
280072,280138,280648,66,510,2,7200,1.12941176471
280075,286864,287489,6789,625,1,3600,11.8624
280084,280143,280682,59,539,2,7200,1.1094619666
280133,280199,280715,66,516,2,7200,1.12790697674
280140,280211,280713,71,502,2,7200,1.14143426295
280194,280218,280726,24,508,2,7200,1.04724409449
280207,280241,280668,34,427,2,7200,1.07962529274
280219,280262,280772,43,510,2,7200,1.08431372549
280242,280281,280773,39,492,2,7200,1.07926829268
280259,280299,280859,40,560,2,7200,1.07142857143
280277,280345,280867,68,522,2,7200,1.13026819923
280294,280361,280911,67,550,2,7200,1.12181818182
280316,286879,287499,6563,620,1,3600,11.585483871
280343,280368,280896,25,528,2,7200,1.04734848485
280361,280380,280867,19,487,2,7200,1.03901437372
280368,280418,280946,50,528,2,7200,1.0946969697
280380,280427,280927,47,500,2,7200,1.094
280413,280434,280949,21,515,2,7200,1.04077669903
280426,280439,281009,13,570,2,7200,1.02280701754
280433,280446,280973,13,527,2,7200,1.02466793169
280438,286893,287573,6455,680,1,3600,10.4926470588
280451,280462,281007,11,545,2,7200,1.02018348624
280453,280475,280985,22,510,2,7200,1.0431372549
280460,280485,280991,25,506,2,7200,1.04940711462
280472,280492,281025,20,533,2,7200,1.03752345216
280484,280526,281076,42,550,2,7200,1.07636363636
280491,280533,281107,42,574,2,7200,1.07317073171
280499,286900,287379,6401,479,1,3600,14.363256785
280524,280566,281076,42,510,2,7200,1.08235294118
280531,280595,281106,64,511,2,7200,1.1252446184
280565,280602,281153,37,551,2,7200,1.06715063521
280593,280637,281191,44,554,2,7200,1.07942238267
280600,280660,281199,60,539,2,7200,1.11131725417
280633,280680,281175,47,495,2,7200,1.09494949495
280656,280694,281204,38,510,2,7200,1.07450980392
280679,280725,281243,46,518,2,7200,1.0888030888
280691,280732,281278,41,546,2,7200,1.07509157509
280724,280739,281267,15,528,2,7200,1.02840909091
280731,280784,281309,53,525,2,7200,1.10095238095
280738,280791,281317,53,526,2,7200,1.10076045627
280782,280872,281344,90,472,2,7200,1.1906779661
280789,280878,281383,89,505,2,7200,1.17623762376
280870,280885,281400,15,515,2,7200,1.02912621359
280877,280908,281428,31,520,2,7200,1.05961538462
280884,280924,281471,40,547,2,7200,1.0731261426
280907,280940,281428,33,488,2,7200,1.06762295082
280921,286907,287420,5986,513,1,3600,12.6686159844
280924,280958,281495,34,537,2,7200,1.06331471136
280936,280965,281497,29,532,2,7200,1.0545112782
280954,280985,281501,31,516,2,7200,1.06007751938
280960,280999,281488,39,489,2,7200,1.07975460123
280983,286950,287530,5967,580,1,3600,11.2879310345
280983,281006,281501,23,495,2,7200,1.04646464646
280996,281019,281544,23,525,2,7200,1.04380952381
281002,281026,281573,24,547,2,7200,1.04387568556
281015,281037,281534,22,497,2,7200,1.04426559356
281021,281088,281623,67,535,2,7200,1.12523364486
281034,281093,281592,59,499,2,7200,1.11823647295
281088,281122,281644,34,522,2,7200,1.06513409962
281106,281127,281697,21,570,2,7200,1.03684210526
281118,281165,281675,47,510,2,7200,1.09215686275
281125,281187,281696,62,509,2,7200,1.12180746562
281163,281203,281759,40,556,2,7200,1.07194244604
281164,287002,287661,5838,659,1,3600,9.85887708649
281165,287081,287630,5916,549,1,3600,11.7759562842
281186,281212,281722,26,510,2,7200,1.05098039216
281198,281219,281747,21,528,2,7200,1.03977272727
281211,281255,281809,44,554,2,7200,1.07942238267
281217,281280,281823,63,543,2,7200,1.11602209945
281256,281293,281827,37,534,2,7200,1.06928838951
281279,281321,281862,42,541,2,7200,1.07763401109
281287,287093,287740,5806,647,1,3600,9.97372488408
281291,281330,281845,39,515,2,7200,1.07572815534
281319,281356,281865,37,509,2,7200,1.07269155206
281326,281395,281864,69,469,2,7200,1.14712153518
281354,281412,281943,58,531,2,7200,1.10922787194
281393,281440,281921,47,481,2,7200,1.09771309771
281410,281445,282005,35,560,2,7200,1.0625
281438,281484,282005,46,521,2,7200,1.08829174664
281445,281501,282041,56,540,2,7200,1.1037037037
281484,281507,282036,23,529,2,7200,1.04347826087
281501,281514,282031,13,517,2,7200,1.0251450677
281508,281521,282094,13,573,2,7200,1.02268760908
281510,281526,282052,16,526,2,7200,1.03041825095
281517,281546,282045,29,499,2,7200,1.05811623246
281535,281557,282082,22,525,2,7200,1.0419047619
281542,281585,282120,43,535,2,7200,1.08037383178
281554,281604,282115,50,511,2,7200,1.09784735812
281582,281635,282169,53,534,2,7200,1.09925093633
281605,281657,282193,52,536,2,7200,1.09701492537
281633,281688,282198,55,510,2,7200,1.10784313725
281650,287199,287808,5549,609,1,3600,10.1116584565
281654,287271,287981,5617,710,1,3600,8.91126760563
281655,281709,282233,54,524,2,7200,1.10305343511
281683,281714,282273,31,559,2,7200,1.05545617174
281706,281734,282289,28,555,2,7200,1.05045045045
281713,281759,282289,46,530,2,7200,1.08679245283
281730,281771,282251,41,480,2,7200,1.08541666667
281759,281821,282361,62,540,2,7200,1.11481481481
281776,281836,282354,60,518,2,7200,1.11583011583
281820,281843,282343,23,500,2,7200,1.046
281832,281857,282438,25,581,2,7200,1.0430292599
281839,281874,282382,35,508,2,7200,1.0688976378
281857,281880,282381,23,501,2,7200,1.04590818363
281874,281886,282404,12,518,2,7200,1.02316602317
281881,281933,282440,52,507,2,7200,1.10256410256
281883,281955,282481,72,526,2,7200,1.13688212928
281896,287285,287961,5389,676,1,3600,8.97189349112
281899,287327,287975,5428,648,1,3600,9.37654320988
281932,282017,282482,85,465,2,7200,1.18279569892
281955,282022,282525,67,503,2,7200,1.13320079523
282014,282044,282536,30,492,2,7200,1.06097560976
282032,282051,282591,19,540,2,7200,1.03518518519
282044,282058,282548,14,490,2,7200,1.02857142857
282051,282063,282572,12,509,2,7200,1.02357563851
282058,282081,282599,23,518,2,7200,1.0444015444
282060,282094,282598,34,504,2,7200,1.06746031746
282077,282108,282624,31,516,2,7200,1.06007751938
282081,287333,287902,5252,569,1,3600,10.230228471
282083,287432,288078,5349,646,1,3600,9.28018575851
282095,282127,282664,32,537,2,7200,1.05959031657
282107,282134,282651,27,517,2,7200,1.05222437137
282124,282180,282748,56,568,2,7200,1.0985915493
282131,282205,282730,74,525,2,7200,1.14095238095
282145,287507,288042,5362,535,1,3600,11.0224299065
282147,287514,288271,5367,757,1,3600,8.08982826948
282180,282212,282789,32,577,2,7200,1.0554592721
282203,282245,282797,42,552,2,7200,1.07608695652
282220,282264,282798,44,534,2,7200,1.08239700375
282243,282286,282835,43,549,2,7200,1.07832422587
282261,282300,282826,39,526,2,7200,1.07414448669
282283,282306,282823,23,517,2,7200,1.04448742747
282301,282355,282907,54,552,2,7200,1.09782608696
282302,282366,282881,64,515,2,7200,1.12427184466
282329,287542,288120,5213,578,1,3600,10.0190311419
282351,282373,282900,22,527,2,7200,1.04174573055
282364,282393,282959,29,566,2,7200,1.05123674912
282371,282400,282964,29,564,2,7200,1.05141843972
282393,282416,282945,23,529,2,7200,1.04347826087
282400,282450,282999,50,549,2,7200,1.09107468124
282418,282457,282997,39,540,2,7200,1.07222222222
282446,282493,283014,47,521,2,7200,1.09021113244
282453,282500,283009,47,509,2,7200,1.09233791749
282491,282537,283080,46,543,2,7200,1.0847145488
282498,282548,283063,50,515,2,7200,1.09708737864
282511,287590,288187,5079,597,1,3600,9.50753768844
282536,282560,283061,24,501,2,7200,1.04790419162
282549,282586,283092,37,506,2,7200,1.07312252964
282555,282603,283114,48,511,2,7200,1.0939334638
282573,287756,288310,5183,554,1,3600,10.3555956679
282575,287822,288547,5247,725,1,3600,8.23724137931
282584,282610,283176,26,566,2,7200,1.04593639576
282601,282617,283116,16,499,2,7200,1.03206412826
282608,282635,283163,27,528,2,7200,1.05113636364
282626,282663,283143,37,480,2,7200,1.07708333333
282633,282676,283164,43,488,2,7200,1.0881147541
282661,282744,283245,83,501,2,7200,1.16566866267
282673,282764,283273,91,509,2,7200,1.17878192534
282698,287854,288723,5156,869,1,3600,6.9332566168
282701,287859,288489,5158,630,1,3600,9.1873015873
282702,287914,288560,5212,646,1,3600,9.06811145511
282704,287979,288671,5275,692,1,3600,8.62283236994
282743,282801,283309,58,508,2,7200,1.11417322835
282761,282808,283384,47,576,2,7200,1.08159722222
282766,287991,288650,5225,659,1,3600,8.92867981791
282768,288095,288601,5327,506,1,3600,11.5276679842
282799,282816,283320,17,504,2,7200,1.03373015873
282806,282835,283335,29,500,2,7200,1.058
282813,282842,283371,29,529,2,7200,1.05482041588
282831,282849,283327,18,478,2,7200,1.03765690377
282838,282854,283303,16,449,2,7200,1.03563474388
282845,282893,283397,48,504,2,7200,1.09523809524
282862,282912,283439,50,527,2,7200,1.09487666034
282889,288132,288753,5243,621,1,3600,9.44283413849
282890,282919,283436,29,517,2,7200,1.05609284333
282908,282958,283425,50,467,2,7200,1.10706638116
282915,282971,283515,56,544,2,7200,1.10294117647
282954,282979,283481,25,502,2,7200,1.04980079681
282971,283009,283569,38,560,2,7200,1.06785714286
282978,283016,283537,38,521,2,7200,1.07293666027
283006,283023,283477,17,454,2,7200,1.03744493392
283013,283030,283551,17,521,2,7200,1.03262955854
283020,283073,283528,53,455,2,7200,1.11648351648
283037,283080,283591,43,511,2,7200,1.08414872798
283071,283092,283649,21,557,2,7200,1.03770197487
283078,283105,283562,27,457,2,7200,1.0590809628
283090,283126,283637,36,511,2,7200,1.07045009785
283102,283139,283651,37,512,2,7200,1.072265625
283125,283155,283670,30,515,2,7200,1.05825242718
283132,288199,288761,5067,562,1,3600,10.0160142349
283133,288283,288826,5150,543,1,3600,10.4843462247
283137,283175,283667,38,492,2,7200,1.07723577236
283155,283182,283731,27,549,2,7200,1.04918032787
283172,283195,283699,23,504,2,7200,1.04563492063
283179,283262,283749,83,487,2,7200,1.1704312115
283195,288323,288988,5128,665,1,3600,8.71127819549
283196,283285,283795,89,510,2,7200,1.17450980392
283197,288504,289061,5307,557,1,3600,10.5278276481
283198,288614,289261,5416,647,1,3600,9.37094281298
283260,288653,289217,5393,564,1,3600,10.5620567376
283261,283315,283838,54,523,2,7200,1.10325047801
283262,288658,289154,5396,496,1,3600,11.8790322581
283264,288670,289218,5406,548,1,3600,10.8649635036
283266,288690,289427,5424,737,1,3600,8.35956580733
283267,288744,289359,5477,615,1,3600,9.90569105691
283284,283322,283842,38,520,2,7200,1.07307692308
283312,283332,283873,20,541,2,7200,1.03696857671
283319,283338,283864,19,526,2,7200,1.036121673
283332,283348,283862,16,514,2,7200,1.03112840467
283339,283383,283908,44,525,2,7200,1.08380952381
283345,283396,283917,51,521,2,7200,1.09788867562
283379,283409,283891,30,482,2,7200,1.0622406639
283396,283437,283944,41,507,2,7200,1.0808678501
283414,283448,283946,34,498,2,7200,1.06827309237
283437,283455,283983,18,528,2,7200,1.03409090909
283444,283489,284002,45,513,2,7200,1.08771929825
283451,283496,284019,45,523,2,7200,1.08604206501
283489,283527,284040,38,513,2,7200,1.07407407407
283496,283540,284069,44,529,2,7200,1.0831758034
283510,288770,289291,5260,521,1,3600,11.0959692898
283524,283549,284058,25,509,2,7200,1.04911591356
283537,283563,284082,26,519,2,7200,1.05009633911
283549,283574,284112,25,538,2,7200,1.04646840149
283561,283581,284083,20,502,2,7200,1.03984063745
283579,283603,284115,24,512,2,7200,1.046875
283581,283649,284160,68,511,2,7200,1.13307240705
283598,283662,284193,64,531,2,7200,1.12052730697
283647,283668,284188,21,520,2,7200,1.04038461538
283660,283679,284205,19,526,2,7200,1.036121673
283667,283686,284197,19,511,2,7200,1.03718199609
283679,283718,284222,39,504,2,7200,1.07738095238
283686,283743,284246,57,503,2,7200,1.11332007952
283692,288782,289519,5090,737,1,3600,7.90637720488
283694,288844,289653,5150,809,1,3600,7.36588380717
283714,283761,284287,47,526,2,7200,1.08935361217
283742,283807,284323,65,516,2,7200,1.12596899225
283756,289006,289550,5250,544,1,3600,10.6507352941
283758,289062,289794,5304,732,1,3600,8.24590163934
283759,283850,284379,91,529,2,7200,1.17202268431
283808,283857,284367,49,510,2,7200,1.09607843137
283820,289170,289612,5350,442,1,3600,13.1040723982
283822,289227,289714,5405,487,1,3600,12.0985626283
283824,289233,289897,5409,664,1,3600,9.14608433735
283847,283873,284398,26,525,2,7200,1.04952380952
283854,283881,284391,27,510,2,7200,1.05294117647
283872,283888,284423,16,535,2,7200,1.02990654206
283879,283893,284408,14,515,2,7200,1.02718446602
283886,289276,289810,5390,534,1,3600,11.0936329588
283886,283908,284447,22,539,2,7200,1.04081632653
283888,289305,289829,5417,524,1,3600,11.3377862595
283890,289371,290100,5481,729,1,3600,8.51851851852
283892,283920,284380,28,460,2,7200,1.06086956522
283905,283930,284450,25,520,2,7200,1.04807692308
283917,283956,284509,39,553,2,7200,1.0705244123
283929,283963,284497,34,534,2,7200,1.06367041199
283958,283995,284515,37,520,2,7200,1.07115384615
283960,284014,284545,54,531,2,7200,1.10169491525
283993,284031,284560,38,529,2,7200,1.07183364839
284011,284053,284621,42,568,2,7200,1.07394366197
284028,284075,284629,47,554,2,7200,1.08483754513
284051,284082,284563,31,481,2,7200,1.06444906445
284071,289439,290131,5368,692,1,3600,8.75722543353
284074,284094,284609,20,515,2,7200,1.03883495146
284080,284101,284621,21,520,2,7200,1.04038461538
284093,284125,284680,32,555,2,7200,1.05765765766
284100,284132,284599,32,467,2,7200,1.06852248394
284128,284172,284695,44,523,2,7200,1.08413001912
284129,284201,284683,72,482,2,7200,1.14937759336
284168,284208,284753,40,545,2,7200,1.07339449541
284196,284215,284733,19,518,2,7200,1.03667953668
284203,284227,284747,24,520,2,7200,1.04615384615
284215,284233,284763,18,530,2,7200,1.03396226415
284228,284258,284793,30,535,2,7200,1.05607476636
284229,284299,284845,70,546,2,7200,1.12820512821
284254,289534,290068,5280,534,1,3600,10.8876404494
284257,284335,284875,78,540,2,7200,1.14444444444
284296,284380,284905,84,525,2,7200,1.16
284334,284391,284895,57,504,2,7200,1.1130952381
284376,289567,290066,5191,499,1,3600,11.4028056112
284378,284398,284949,20,551,2,7200,1.03629764065
284390,284405,284907,15,502,2,7200,1.02988047809
284397,284412,284929,15,517,2,7200,1.02901353965
284404,284420,284909,16,489,2,7200,1.0327198364
284411,284440,284915,29,475,2,7200,1.06105263158
284418,284460,284968,42,508,2,7200,1.08267716535
284435,284466,284942,31,476,2,7200,1.06512605042
284439,289624,290180,5185,556,1,3600,10.3255395683
284458,284510,285029,52,519,2,7200,1.10019267823
284475,284517,285071,42,554,2,7200,1.07581227437
284500,289665,290279,5165,614,1,3600,9.41205211726
284509,284524,285013,15,489,2,7200,1.03067484663
284516,284531,285025,15,494,2,7200,1.03036437247
284523,284557,285076,34,519,2,7200,1.0655105973
284529,284572,285120,43,548,2,7200,1.07846715328
284558,284580,285076,22,496,2,7200,1.04435483871
284563,289731,290233,5168,502,1,3600,11.2948207171
284565,289806,290333,5241,527,1,3600,10.944971537
284567,289841,290330,5274,489,1,3600,11.7852760736
284569,289855,290476,5286,621,1,3600,9.51207729469
284570,284610,285148,40,538,2,7200,1.07434944238
284577,284621,285116,44,495,2,7200,1.08888888889
284610,284633,285195,23,562,2,7200,1.0409252669
284627,284639,285129,12,490,2,7200,1.02448979592
284629,284646,285180,17,534,2,7200,1.03183520599
284636,284692,285181,56,489,2,7200,1.1145194274
284643,284698,285220,55,522,2,7200,1.10536398467
284692,284712,285232,20,520,2,7200,1.03846153846
284699,284745,285261,46,516,2,7200,1.08914728682
284711,284759,285281,48,522,2,7200,1.09195402299
284744,284766,285285,22,519,2,7200,1.04238921002
284750,289925,290454,5175,529,1,3600,10.7826086957
284757,284776,285294,19,518,2,7200,1.03667953668
284764,284804,285321,40,517,2,7200,1.07736943907
284780,284857,285360,77,503,2,7200,1.15308151093
284803,284887,285404,84,517,2,7200,1.16247582205
284858,284908,285460,50,552,2,7200,1.09057971014
284886,284918,285402,32,484,2,7200,1.06611570248
284908,284925,285469,17,544,2,7200,1.03125
284915,284930,285422,15,492,2,7200,1.03048780488
284922,284943,285453,21,510,2,7200,1.04117647059
284929,284948,285524,19,576,2,7200,1.03298611111
284933,290078,290931,5145,853,1,3600,7.03165298945
284947,284955,285523,8,568,2,7200,1.01408450704
284949,284962,285471,13,509,2,7200,1.02554027505
284950,284980,285530,30,550,2,7200,1.05454545455
284957,285025,285536,68,511,2,7200,1.13307240705
284980,285037,285492,57,455,2,7200,1.12527472527
284995,290085,290629,5090,544,1,3600,10.3566176471
285024,285044,285581,20,537,2,7200,1.03724394786
285036,285087,285558,51,471,2,7200,1.10828025478
285043,285100,285574,57,474,2,7200,1.12025316456
285087,285105,285648,18,543,2,7200,1.03314917127
285099,285128,285640,29,512,2,7200,1.056640625
285117,285135,285666,18,531,2,7200,1.03389830508
285118,290115,290649,4997,534,1,3600,10.3576779026
285120,290159,290754,5039,595,1,3600,9.46890756303
285122,290192,290802,5070,610,1,3600,9.31147540984
285124,285142,285703,18,561,2,7200,1.0320855615
285131,285160,285677,29,517,2,7200,1.05609284333
285138,285192,285687,54,495,2,7200,1.10909090909
285155,285199,285719,44,520,2,7200,1.08461538462
285183,290245,290735,5062,490,1,3600,11.3306122449
285189,285208,285736,19,528,2,7200,1.03598484848
285196,285232,285759,36,527,2,7200,1.06831119545
285208,285244,285799,36,555,2,7200,1.06486486486
285231,285272,285793,41,521,2,7200,1.07869481766
285248,285293,285851,45,558,2,7200,1.08064516129
285271,285300,285861,29,561,2,7200,1.05169340463
285294,285307,285864,13,557,2,7200,1.02333931777
285295,285333,285840,38,507,2,7200,1.07495069034
285307,285373,285904,66,531,2,7200,1.12429378531
285330,285417,285981,87,564,2,7200,1.15425531915
285369,285422,285979,53,557,2,7200,1.09515260323
285413,285434,285981,21,547,2,7200,1.03839122486
285426,290291,290891,4865,600,1,3600,9.10833333333
285430,285465,285953,35,488,2,7200,1.07172131148
285431,285471,285966,40,495,2,7200,1.08080808081
285465,285486,285964,21,478,2,7200,1.04393305439
285472,285491,286013,19,522,2,7200,1.03639846743
285484,285504,285990,20,486,2,7200,1.04115226337
285488,290343,290863,4855,520,1,3600,10.3365384615
285491,285535,286033,44,498,2,7200,1.08835341365
285503,285541,286071,38,530,2,7200,1.07169811321
285531,285547,286035,16,488,2,7200,1.03278688525
285538,285553,286129,15,576,2,7200,1.02604166667
285556,285570,286102,14,532,2,7200,1.02631578947
285557,285586,286107,29,521,2,7200,1.0556621881
285570,285599,286120,29,521,2,7200,1.0556621881
285582,285652,286157,70,505,2,7200,1.13861386139
285599,285661,286170,62,509,2,7200,1.12180746562
285610,290355,291001,4745,646,1,3600,8.34520123839
285648,285678,286165,30,487,2,7200,1.06160164271
285661,285689,286191,28,502,2,7200,1.05577689243
285672,290466,291211,4794,745,1,3600,7.43489932886
285674,290488,291136,4814,648,1,3600,8.42901234568
285678,285699,286218,21,519,2,7200,1.04046242775
285685,285715,286277,30,562,2,7200,1.05338078292
285703,285732,286225,29,493,2,7200,1.05882352941
285715,285748,286252,33,504,2,7200,1.06547619048
285733,285771,286224,38,453,2,7200,1.08388520971
285745,285805,286316,60,511,2,7200,1.11741682975
285767,285811,286329,44,518,2,7200,1.08494208494
285801,285853,286363,52,510,2,7200,1.10196078431
285808,285863,286383,55,520,2,7200,1.10576923077
285852,285872,286382,20,510,2,7200,1.03921568627
285856,290495,291087,4639,592,1,3600,8.83614864865
285859,285880,286440,21,560,2,7200,1.0375
285876,285916,286444,40,528,2,7200,1.07575757576
285878,285965,286478,87,513,2,7200,1.16959064327
285911,285976,286539,65,563,2,7200,1.11545293073
285919,290500,291003,4581,503,1,3600,10.1073558648
285961,285983,286516,22,533,2,7200,1.04127579737
285973,285991,286500,18,509,2,7200,1.03536345776
285980,285998,286515,18,517,2,7200,1.03481624758
285992,286004,286528,12,524,2,7200,1.02290076336
285999,286011,286502,12,491,2,7200,1.02443991853
286000,286024,286541,24,517,2,7200,1.04642166344
286017,286046,286586,29,540,2,7200,1.0537037037
286024,286053,286616,29,563,2,7200,1.05150976909
286042,286084,286578,42,494,2,7200,1.08502024291
286049,286114,286690,65,576,2,7200,1.11284722222
286082,286121,286672,39,551,2,7200,1.07078039927
286110,286131,286682,21,551,2,7200,1.03811252269
286117,286144,286701,27,557,2,7200,1.04847396768
286129,286175,286688,46,513,2,7200,1.08966861598
286141,286182,286750,41,568,2,7200,1.07218309859
286161,290506,291250,4345,744,1,3600,6.84005376344
286163,290511,291058,4348,547,1,3600,8.94881170018
286175,286187,286743,12,556,2,7200,1.02158273381
286182,286203,286742,21,539,2,7200,1.03896103896
286183,286215,286772,32,557,2,7200,1.05745062837
286201,286221,286732,20,511,2,7200,1.03913894325
286213,286240,286749,27,509,2,7200,1.05304518664
286220,286247,286798,27,551,2,7200,1.04900181488
286225,290517,291026,4292,509,1,3600,9.43222003929
286237,286252,286772,15,520,2,7200,1.02884615385
286244,286270,286839,26,569,2,7200,1.04569420035
286251,286291,286812,40,521,2,7200,1.07677543186
286269,286300,286828,31,528,2,7200,1.05871212121
286287,290522,291015,4235,493,1,3600,9.59026369168
286289,290527,291093,4238,566,1,3600,8.48763250883
286291,286305,286822,14,517,2,7200,1.02707930368
286298,286378,286874,80,496,2,7200,1.16129032258
286305,286383,286927,78,544,2,7200,1.14338235294
286375,286391,286944,16,553,2,7200,1.02893309222
286382,286398,286924,16,526,2,7200,1.03041825095
286389,286403,286911,14,508,2,7200,1.02755905512
286406,286457,286965,51,508,2,7200,1.10039370079
286408,286462,286982,54,520,2,7200,1.10384615385
286457,286490,286991,33,501,2,7200,1.06586826347
286458,286512,287086,54,574,2,7200,1.09407665505
286471,290533,291292,4062,759,1,3600,6.35177865613
286486,286519,287027,33,508,2,7200,1.06496062992
286514,286527,287048,13,521,2,7200,1.02495201536
286516,286533,287047,17,514,2,7200,1.03307392996
286523,286541,287048,18,507,2,7200,1.03550295858
286530,286555,287055,25,500,2,7200,1.05
286533,290538,291134,4005,596,1,3600,7.71979865772
286537,286560,287081,23,521,2,7200,1.04414587332
286553,286590,287101,37,511,2,7200,1.07240704501
286560,286598,287121,38,523,2,7200,1.07265774379
286588,286628,287165,40,537,2,7200,1.07448789572
286595,286684,287197,89,513,2,7200,1.17348927875
286623,286694,287228,71,534,2,7200,1.1329588015
286655,290544,291143,3889,599,1,3600,7.49248747913
286683,286701,287211,18,510,2,7200,1.03529411765
286690,286708,287261,18,553,2,7200,1.03254972875
286697,286715,287237,18,522,2,7200,1.03448275862
286704,286744,287232,40,488,2,7200,1.08196721311
286710,286755,287290,45,535,2,7200,1.08411214953
286744,286760,287305,16,545,2,7200,1.02935779817
286751,286767,287307,16,540,2,7200,1.02962962963
286758,286772,287328,14,556,2,7200,1.02517985612
286765,286786,287331,21,545,2,7200,1.03853211009
286772,286792,287303,20,511,2,7200,1.03913894325
286777,290549,291094,3772,545,1,3600,7.92110091743
286784,286810,287321,26,511,2,7200,1.05088062622
286801,286824,287309,23,485,2,7200,1.04742268041
286808,286834,287373,26,539,2,7200,1.04823747681
286820,286841,287294,21,453,2,7200,1.04635761589
286832,286846,287359,14,513,2,7200,1.02729044834
286839,286853,287348,14,495,2,7200,1.02828282828
286839,290555,291049,3716,494,1,3600,8.52226720648
286841,290560,291029,3719,469,1,3600,8.92963752665
286842,290566,291250,3724,684,1,3600,6.44444444444
286856,286886,287430,30,544,2,7200,1.05514705882
286858,286923,287474,65,551,2,7200,1.11796733212
286886,286936,287387,50,451,2,7200,1.11086474501
286904,290571,291278,3667,707,1,3600,6.18670438472
286917,290577,293164,3660,2587,1,3600,2.41476613838
286918,290590,292377,3672,1787,1,3600,3.05484051483
286919,286943,287484,24,541,2,7200,1.04436229205
286920,290595,293404,3675,2809,1,3600,2.30829476682
286921,290601,293009,3680,2408,1,3600,2.52823920266
286936,286957,287507,21,550,2,7200,1.03818181818
286943,286977,287518,34,541,2,7200,1.06284658041
286955,286987,287557,32,570,2,7200,1.05614035088
286972,286994,287475,22,481,2,7200,1.04573804574
286982,290606,291884,3624,1278,1,3600,3.83568075117
286984,290612,293028,3628,2416,1,3600,2.50165562914
286985,290617,292878,3632,2261,1,3600,2.60636886333
286989,287009,287584,20,575,2,7200,1.0347826087
286991,287040,287580,49,540,2,7200,1.09074074074
287008,287059,287571,51,512,2,7200,1.099609375
287040,287066,287592,26,526,2,7200,1.04942965779
287047,290623,292851,3576,2228,1,3600,2.60502692998
287058,287072,287611,14,539,2,7200,1.02597402597
287075,287088,287635,13,547,2,7200,1.02376599634
287077,287101,287657,24,556,2,7200,1.04316546763
287080,287371,292572,291,5201,4,32400,1.0559507787
287089,287106,287592,17,486,2,7200,1.03497942387
287101,287113,287625,12,512,2,7200,1.0234375
287108,290628,292532,3520,1904,1,3600,2.8487394958
287109,290634,292667,3525,2033,1,3600,2.73389080177
287117,287133,287631,16,498,2,7200,1.03212851406
287119,287177,287680,58,503,2,7200,1.11530815109
287131,287184,287696,53,512,2,7200,1.103515625
287171,290652,292833,3481,2181,1,3600,2.59605685465
287179,287209,287709,30,500,2,7200,1.06
287181,287224,287730,43,506,2,7200,1.08498023715
287211,287240,287752,29,512,2,7200,1.056640625
287228,287247,287734,19,487,2,7200,1.03901437372
287232,290657,292918,3425,2261,1,3600,2.5148164529
287234,290675,292121,3441,1446,1,3600,3.37966804979
287244,287254,287759,10,505,2,7200,1.0198019802
287246,287278,287811,32,533,2,7200,1.06003752345
287253,287302,287820,49,518,2,7200,1.09459459459
287280,287309,287827,29,518,2,7200,1.05598455598
287295,290681,292917,3386,2236,1,3600,2.51431127013
287297,290699,292625,3402,1926,1,3600,2.76635514019
287302,287315,287826,13,511,2,7200,1.02544031311
287309,287322,287822,13,500,2,7200,1.026
287329,287340,287826,11,486,2,7200,1.02263374486
287330,287345,287874,15,529,2,7200,1.02835538752
287337,287358,287872,21,514,2,7200,1.04085603113
287344,287364,287824,20,460,2,7200,1.04347826087
287357,287385,287938,28,553,2,7200,1.05063291139
287358,290704,292649,3346,1945,1,3600,2.72030848329
287364,287392,287925,28,533,2,7200,1.05253283302
287386,287399,287846,13,447,2,7200,1.02908277405
287388,287443,287960,55,517,2,7200,1.10638297872
287400,287486,287983,86,497,2,7200,1.17303822938
287419,290717,292555,3298,1838,1,3600,2.79434167573
287444,287493,287970,49,477,2,7200,1.10272536688
287481,290723,292702,3242,1979,1,3600,2.63820111167
287487,287500,288011,13,511,2,7200,1.02544031311
287489,287521,288023,32,502,2,7200,1.06374501992
287496,287530,288035,34,505,2,7200,1.06732673267
287519,287570,288136,51,566,2,7200,1.09010600707
287526,287583,288137,57,554,2,7200,1.10288808664
287543,290728,292574,3185,1846,1,3600,2.72535211268
287544,290734,292970,3190,2236,1,3600,2.42665474061
287546,290746,292857,3200,2111,1,3600,2.51586925628
287560,293626,308847,6066,15221,64,129600,1.39852834899
287569,287597,288123,28,526,2,7200,1.05323193916
287581,287602,288104,21,502,2,7200,1.04183266932
287593,287609,288076,16,467,2,7200,1.03426124197
287607,290759,292873,3152,2114,1,3600,2.49101229896
287610,287618,288162,8,544,2,7200,1.01470588235
287612,287625,288092,13,467,2,7200,1.0278372591
287614,287637,288188,23,551,2,7200,1.04174228675
287621,287644,288121,23,477,2,7200,1.04821802935
287633,287651,288159,18,508,2,7200,1.03543307087
287640,287669,288197,29,528,2,7200,1.05492424242
287657,287676,288210,19,534,2,7200,1.03558052434
287669,290766,292522,3097,1756,1,3600,2.76366742597
287669,287692,288215,23,523,2,7200,1.04397705545
287670,290796,292809,3126,2013,1,3600,2.55290611028
287676,287709,288239,33,530,2,7200,1.06226415094
287688,287721,288247,33,526,2,7200,1.06273764259
287710,287742,288294,32,552,2,7200,1.05797101449
287717,287749,288261,32,512,2,7200,1.0625
287740,287764,288294,24,530,2,7200,1.04528301887
287756,287771,288288,15,517,2,7200,1.02901353965
287763,287829,288338,66,509,2,7200,1.12966601179
287770,287836,288322,66,486,2,7200,1.13580246914
287792,290803,293288,3011,2485,1,3600,2.21167002012
287830,287843,288351,13,508,2,7200,1.02559055118
287832,287848,288362,16,514,2,7200,1.03112840467
287839,287866,288392,27,526,2,7200,1.05133079848
287846,287871,288365,25,494,2,7200,1.05060728745
287853,290808,292618,2955,1810,1,3600,2.63259668508
287863,287879,288421,16,542,2,7200,1.0295202952
287870,287886,288366,16,480,2,7200,1.03333333333
287877,287891,288462,14,571,2,7200,1.02451838879
287884,287937,288509,53,572,2,7200,1.09265734266
287900,287950,288461,50,511,2,7200,1.09784735812
287915,290815,293098,2900,2283,1,3600,2.27025843189
287934,287971,288484,37,513,2,7200,1.07212475634
287946,287986,288438,40,452,2,7200,1.08849557522
287974,287999,288513,25,514,2,7200,1.0486381323
287976,290820,292809,2844,1989,1,3600,2.42986425339
287986,288023,288547,37,524,2,7200,1.07061068702
287998,288035,288568,37,533,2,7200,1.06941838649
288021,288046,288558,25,512,2,7200,1.048828125
288038,290833,292892,2795,2059,1,3600,2.35745507528
288038,288054,288566,16,512,2,7200,1.03125
288039,290857,293193,2818,2336,1,3600,2.20633561644
288045,288088,288639,43,551,2,7200,1.0780399274
288052,288104,288635,52,531,2,7200,1.09792843691
288085,288117,288662,32,545,2,7200,1.05871559633
288101,290862,292944,2761,2082,1,3600,2.32612872238
288102,288139,288635,37,496,2,7200,1.07459677419
288102,290874,292738,2772,1864,1,3600,2.48712446352
288114,288144,288628,30,484,2,7200,1.06198347107
288142,288151,288690,9,539,2,7200,1.01669758813
288143,288156,288674,13,518,2,7200,1.0250965251
288150,288171,288723,21,552,2,7200,1.03804347826
288152,288178,288667,26,489,2,7200,1.05316973415
288164,290879,293512,2715,2633,1,3600,2.03114318268
288170,288205,288707,35,502,2,7200,1.06972111554
288186,288213,288723,27,510,2,7200,1.05294117647
288203,288222,288719,19,497,2,7200,1.03822937626
288220,288229,288774,9,545,2,7200,1.01651376147
288222,288251,288753,29,502,2,7200,1.0577689243
288226,290887,293149,2661,2262,1,3600,2.17639257294
288229,288258,288825,29,567,2,7200,1.05114638448
288251,288273,288795,22,522,2,7200,1.04214559387
288268,288301,288780,33,479,2,7200,1.06889352818
288270,288308,288760,38,452,2,7200,1.08407079646
288287,290893,293547,2606,2654,1,3600,1.98191409194
288298,288313,288809,15,496,2,7200,1.03024193548
288314,288334,288833,20,499,2,7200,1.04008016032
288315,288350,288908,35,558,2,7200,1.06272401434
288333,288363,288879,30,516,2,7200,1.05813953488
288349,288374,288862,25,488,2,7200,1.0512295082
288349,290911,293747,2562,2836,1,3600,1.90338504937
288362,288381,288905,19,524,2,7200,1.03625954198
288374,288386,288893,12,507,2,7200,1.02366863905
288391,288404,288936,13,532,2,7200,1.02443609023
288392,288433,288975,41,542,2,7200,1.07564575646
288404,288450,288959,46,509,2,7200,1.09037328094
288431,288473,288980,42,507,2,7200,1.08284023669
288449,288480,289039,31,559,2,7200,1.05545617174
288470,288497,288985,27,488,2,7200,1.05532786885
288477,288521,289049,44,528,2,7200,1.08333333333
288495,288528,289034,33,506,2,7200,1.0652173913
288522,288559,289105,37,546,2,7200,1.06776556777
288524,288570,289129,46,559,2,7200,1.08228980322
288530,290916,293306,2386,2390,1,3600,1.99832635983
288557,288577,289028,20,451,2,7200,1.044345898
288574,288584,289071,10,487,2,7200,1.0205338809
288576,288589,289140,13,551,2,7200,1.02359346642
288583,288640,289139,57,499,2,7200,1.11422845691
288590,288647,289151,57,504,2,7200,1.1130952381
288592,290922,293285,2330,2363,1,3600,1.98603470165
288593,290927,293250,2334,2323,1,3600,2.00473525613
288642,288665,289205,23,540,2,7200,1.04259259259
288643,288678,289211,35,533,2,7200,1.06566604128
288655,290945,293096,2290,2151,1,3600,2.06462110646
288656,290951,293486,2295,2535,1,3600,1.90532544379
288661,288685,289202,24,517,2,7200,1.04642166344
288678,288697,289206,19,509,2,7200,1.0373280943
288695,288704,289196,9,492,2,7200,1.01829268293
288697,288720,289257,23,537,2,7200,1.04283054004
288704,288731,289266,27,535,2,7200,1.05046728972
288716,288738,289233,22,495,2,7200,1.04444444444
288718,290956,293044,2238,2088,1,3600,2.07183908046
288733,288751,289322,18,571,2,7200,1.03152364273
288734,288765,289315,31,550,2,7200,1.05636363636
288747,288777,289285,30,508,2,7200,1.05905511811
288764,288790,289238,26,448,2,7200,1.05803571429
288779,290962,293614,2183,2652,1,3600,1.82315233786
288781,290980,293110,2199,2130,1,3600,2.0323943662
288781,288797,289304,16,507,2,7200,1.0315581854
288782,293056,294907,4274,1851,1,3600,3.30902215019
288788,288807,289347,19,540,2,7200,1.03518518519
288795,288820,289336,25,516,2,7200,1.0484496124
288807,288837,289328,30,491,2,7200,1.06109979633
288824,288851,289364,27,513,2,7200,1.05263157895
288836,288874,289393,38,519,2,7200,1.0732177264
288844,293108,295164,4264,2056,1,3600,3.07392996109
288853,288891,289408,38,517,2,7200,1.07350096712
288871,288906,289477,35,571,2,7200,1.06129597198
288892,288917,289434,25,517,2,7200,1.04835589942
288905,288924,289409,19,485,2,7200,1.03917525773
288921,288948,289475,27,527,2,7200,1.05123339658
288923,288971,289508,48,537,2,7200,1.08938547486
288945,288987,289486,42,499,2,7200,1.08416833667
288972,288994,289511,22,517,2,7200,1.04255319149
288985,289001,289558,16,557,2,7200,1.02872531418
289001,289041,289534,40,493,2,7200,1.08113590264
289003,289048,289583,45,535,2,7200,1.08411214953
289026,293129,295699,4103,2570,1,3600,2.59649805447
289041,289055,289550,14,495,2,7200,1.02828282828
289058,289074,289613,16,539,2,7200,1.02968460111
289060,289083,289567,23,484,2,7200,1.04752066116
289072,289117,289623,45,506,2,7200,1.08893280632
289079,289141,289629,62,488,2,7200,1.12704918033
289087,293204,295272,4117,2068,1,3600,2.99081237911
289116,289151,289669,35,518,2,7200,1.06756756757
289139,289156,289714,17,558,2,7200,1.03046594982
289156,289164,289685,8,521,2,7200,1.01535508637
289158,289208,289716,50,508,2,7200,1.09842519685
289165,289215,289762,50,547,2,7200,1.09140767824
289209,289222,289741,13,519,2,7200,1.02504816956
289209,293764,296089,4555,2325,1,3600,2.95913978495
289226,289240,289736,14,496,2,7200,1.02822580645
289227,289245,289697,18,452,2,7200,1.03982300885
289240,289252,289776,12,524,2,7200,1.02290076336
289241,289258,289762,17,504,2,7200,1.03373015873
289248,289269,289809,21,540,2,7200,1.03888888889
289265,289283,289795,18,512,2,7200,1.03515625
289267,289298,289843,31,545,2,7200,1.05688073394
289270,294919,296981,5649,2062,1,3600,3.73957322987
289272,295177,296992,5905,1815,1,3600,4.25344352617
289273,295285,298017,6012,2732,1,3600,3.20058565154
289279,289316,289836,37,520,2,7200,1.07115384615
289295,289327,289823,32,496,2,7200,1.06451612903
289313,289335,289880,22,545,2,7200,1.04036697248
289329,289342,289799,13,457,2,7200,1.0284463895
289331,289349,289900,18,551,2,7200,1.03266787659
289335,295711,298197,6376,2486,1,3600,3.56476267096
289338,289359,289865,21,506,2,7200,1.04150197628
289345,289378,289895,33,517,2,7200,1.06382978723
289362,289405,289901,43,496,2,7200,1.08669354839
289374,289420,289997,46,577,2,7200,1.07972270364
289396,296101,298745,6705,2644,1,3600,3.53593040847
289406,289427,289961,21,534,2,7200,1.0393258427
289418,289446,289985,28,539,2,7200,1.05194805195
289434,289487,290020,53,533,2,7200,1.09943714822
289441,289494,290029,53,535,2,7200,1.09906542056
289458,296994,299413,7536,2419,1,3600,4.11533691608
289484,289501,289999,17,498,2,7200,1.03413654618
289491,289520,290034,29,514,2,7200,1.05642023346
289498,289527,290013,29,486,2,7200,1.05967078189
289520,289546,290094,26,548,2,7200,1.04744525547
289527,289561,290124,34,563,2,7200,1.06039076377
289544,289574,290089,30,515,2,7200,1.05825242718
289561,289581,290122,20,541,2,7200,1.03696857671
289573,289594,290134,21,540,2,7200,1.03888888889
289579,297005,299593,7426,2588,1,3600,3.86939721793
289580,289631,290122,51,491,2,7200,1.10386965377
289581,297128,299299,7547,2171,1,3600,4.47627821281
289597,289638,290137,41,499,2,7200,1.08216432866
289630,289645,290162,15,517,2,7200,1.02901353965
289642,297134,299195,7492,2061,1,3600,4.63512857836
289647,289681,290195,34,514,2,7200,1.06614785992
289648,289698,290185,50,487,2,7200,1.10266940452
289676,289709,290236,33,527,2,7200,1.06261859583
289698,289726,290284,28,558,2,7200,1.05017921147
289704,297139,299268,7435,2129,1,3600,4.49224988257
289705,289738,290245,33,507,2,7200,1.0650887574
289723,289749,290241,26,492,2,7200,1.05284552846
289740,289756,290309,16,553,2,7200,1.02893309222
289747,289774,290296,27,522,2,7200,1.05172413793
289754,289779,290351,25,572,2,7200,1.04370629371
289765,297145,299204,7380,2059,1,3600,4.58426420593
289776,289789,290363,13,574,2,7200,1.02264808362
289777,289813,290338,36,525,2,7200,1.06857142857
289790,289818,290311,28,493,2,7200,1.05679513185
289812,289825,290298,13,473,2,7200,1.02748414376
289819,289836,290377,17,541,2,7200,1.0314232902
289826,289849,290321,23,472,2,7200,1.04872881356
289827,297151,298920,7324,1769,1,3600,5.14019219898
289828,297156,299534,7328,2378,1,3600,4.08158116064
289833,289862,290370,29,508,2,7200,1.05708661417
289849,289877,290383,28,506,2,7200,1.05533596838
289861,289893,290381,32,488,2,7200,1.06557377049
289874,289907,290416,33,509,2,7200,1.06483300589
289890,297162,299379,7272,2217,1,3600,4.2801082544
289896,289914,290423,18,509,2,7200,1.03536345776
289903,289920,290435,17,515,2,7200,1.03300970874
289915,289973,290467,58,494,2,7200,1.11740890688
289931,289980,290510,49,530,2,7200,1.09245283019
289944,297095,307943,7151,10848,4,10800,1.65919985251
289952,297167,299369,7215,2202,1,3600,4.27656675749
289970,289997,290517,27,520,2,7200,1.05192307692
289986,290010,290521,24,511,2,7200,1.0469667319
289993,290017,290505,24,488,2,7200,1.04918032787
290009,290025,290532,16,507,2,7200,1.0315581854
290016,290033,290550,17,517,2,7200,1.03288201161
290017,297101,301961,7084,4860,4,10800,2.45761316872
290033,290041,290547,8,506,2,7200,1.01581027668
290035,290048,290558,13,510,2,7200,1.02549019608
290036,290101,290626,65,525,2,7200,1.12380952381
290052,290108,290631,56,523,2,7200,1.10707456979
290074,297173,299377,7099,2204,1,3600,4.22096188748
290075,297178,299008,7103,1830,1,3600,4.88142076503
290099,290134,290658,35,524,2,7200,1.06679389313
290106,290139,290670,33,531,2,7200,1.06214689266
290136,290148,290672,12,524,2,7200,1.02290076336
290136,297184,299474,7048,2290,1,3600,4.07772925764
290138,297190,298935,7052,1745,1,3600,5.04126074499
290138,290153,290628,15,475,2,7200,1.03157894737
290145,290166,290701,21,535,2,7200,1.03925233645
290152,290174,290705,22,531,2,7200,1.04143126177
290169,290199,290691,30,492,2,7200,1.06097560976
290171,290207,290798,36,591,2,7200,1.06091370558
290199,297196,299880,6997,2684,1,3600,3.60692995529
290201,290252,290786,51,534,2,7200,1.09550561798
290203,290259,290711,56,452,2,7200,1.12389380531
290251,290265,290761,14,496,2,7200,1.02822580645
290258,290298,290784,40,486,2,7200,1.08230452675
290261,297202,299053,6941,1851,1,3600,4.74986493787
290265,290308,290864,43,556,2,7200,1.0773381295
290299,290315,290821,16,506,2,7200,1.03162055336
290306,290322,290872,16,550,2,7200,1.02909090909
290322,290329,290888,7,559,2,7200,1.01252236136
290322,297207,299575,6885,2368,1,3600,3.90751689189
290324,290336,290866,12,530,2,7200,1.02264150943
290326,290350,290845,24,495,2,7200,1.04848484848
290333,290362,290866,29,504,2,7200,1.05753968254
290349,290375,290890,26,515,2,7200,1.05048543689
290365,290382,290901,17,519,2,7200,1.03275529865
290372,290389,290904,17,515,2,7200,1.03300970874
290384,297213,298802,6829,1589,1,3600,5.2976714915
290385,297218,300112,6833,2894,1,3600,3.36109191431
290389,290396,290891,7,495,2,7200,1.01414141414
290391,290403,290903,12,500,2,7200,1.024
290392,290428,290968,36,540,2,7200,1.06666666667
290399,290435,290970,36,535,2,7200,1.06728971963
290430,290447,290989,17,542,2,7200,1.03136531365
290432,290479,290971,47,492,2,7200,1.09552845528
290448,290639,291137,191,498,2,7200,1.38353413655
290464,313600,316148,23136,2548,2,54000,10.0800627943
290481,290645,291180,164,535,2,7200,1.30654205607
290485,290993,291048,508,55,1,1800,10.2363636364
290507,297224,299143,6717,1919,1,3600,4.50026055237
290508,297229,299446,6721,2217,1,3600,4.03157419937
290638,290663,291203,25,540,2,7200,1.0462962963
290645,290668,291197,23,529,2,7200,1.04347826087
290663,290686,291228,23,542,2,7200,1.04243542435
290664,290692,291197,28,505,2,7200,1.05544554455
290682,290710,291255,28,545,2,7200,1.05137614679
290689,290739,291291,50,552,2,7200,1.09057971014
290690,297235,299983,6545,2748,1,3600,3.38173216885
290691,297240,299175,6549,1935,1,3600,4.38449612403
290707,290752,291298,45,546,2,7200,1.08241758242
290740,290773,291305,33,532,2,7200,1.06203007519
290752,290826,291360,74,534,2,7200,1.13857677903
290753,297246,299498,6493,2252,1,3600,3.88321492007
290770,290898,291425,128,527,2,7200,1.24288425047
290814,297251,299678,6437,2427,1,3600,3.65224557066
290817,297257,299532,6440,2275,1,3600,3.83076923077
290824,290904,291475,80,571,2,7200,1.14010507881
290878,297262,299155,6384,1893,1,3600,4.37242472266
290902,290933,291445,31,512,2,7200,1.060546875
290904,290938,291443,34,505,2,7200,1.06732673267
290932,290967,291515,35,548,2,7200,1.06386861314
290934,290973,291496,39,523,2,7200,1.07456978967
290940,297268,299260,6328,1992,1,3600,4.17670682731
290941,297273,299477,6332,2204,1,3600,3.87295825771
290967,290986,291502,19,516,2,7200,1.03682170543
290969,291009,291570,40,561,2,7200,1.07130124777
290986,291016,291528,30,512,2,7200,1.05859375
291009,291150,291722,141,572,2,7200,1.2465034965
291016,291192,291700,176,508,2,7200,1.34645669291
291063,297279,299688,6216,2409,1,3600,3.5803237858
291064,297284,299541,6220,2257,1,3600,3.75587062472
291066,297290,299023,6224,1733,1,3600,4.59145989613
291067,298029,300014,6962,1985,1,3600,4.50730478589
291069,298209,300266,7140,2057,1,3600,4.47107438017
291070,298757,301040,7687,2283,1,3600,4.3670608848
291071,298814,300816,7743,2002,1,3600,4.86763236763
291133,298933,301167,7800,2234,1,3600,4.4914950761
291134,298949,301187,7815,2238,1,3600,4.49195710456
291136,299020,301406,7884,2386,1,3600,4.30427493713
291149,291210,291719,61,509,2,7200,1.11984282908
291168,291175,291256,7,81,1,1800,1.08641975309
291188,291215,291765,27,550,2,7200,1.04909090909
291197,299035,301460,7838,2425,1,3600,4.23216494845
291201,299065,301294,7864,2229,1,3600,4.52803947959
291203,299156,301297,7953,2141,1,3600,4.71461933676
291205,291222,291784,17,562,2,7200,1.03024911032
291212,291240,291757,28,517,2,7200,1.05415860735
291219,291267,291729,48,462,2,7200,1.1038961039
291237,291304,291809,67,505,2,7200,1.13267326733
291264,299208,301573,7944,2365,1,3600,4.35898520085
291265,299285,301300,8020,2015,1,3600,4.98014888337
291265,291311,291855,46,544,2,7200,1.08455882353
291267,299311,301958,8044,2647,1,3600,4.03891197582
291303,291318,291874,15,556,2,7200,1.02697841727
291310,291372,291875,62,503,2,7200,1.12326043738
291317,291437,291903,120,466,2,7200,1.25751072961
291328,299387,301468,8059,2081,1,3600,4.87265737626
291330,299435,301821,8105,2386,1,3600,4.39689857502
291337,291345,291449,8,104,1,1800,1.07692307692
291372,291455,291978,83,523,2,7200,1.1586998088
291437,291462,291993,25,531,2,7200,1.04708097928
291455,291488,291985,33,497,2,7200,1.06639839034
291462,291508,291995,46,487,2,7200,1.09445585216
291485,291515,292043,30,528,2,7200,1.05681818182
291486,291495,291601,9,106,1,1800,1.08490566038
291497,387836,398538,96339,10702,2,54000,10.00196225
291508,291527,292052,19,525,2,7200,1.03619047619
291515,291540,292113,25,573,2,7200,1.04363001745
291527,291582,292111,55,529,2,7200,1.10396975425
291539,291712,292208,173,496,2,7200,1.34879032258
291578,291731,292299,153,568,2,7200,1.26936619718
291711,291738,292299,27,561,2,7200,1.04812834225
291729,291745,292304,16,559,2,7200,1.02862254025
291736,291769,292271,33,502,2,7200,1.06573705179
291743,291776,292303,33,527,2,7200,1.06261859583
291765,291796,292327,31,531,2,7200,1.05838041431
291772,291822,292351,50,529,2,7200,1.09451795841
291795,291867,292423,72,556,2,7200,1.12949640288
291818,291886,292391,68,505,2,7200,1.13465346535
291867,291893,292431,26,538,2,7200,1.04832713755
291884,291915,292389,31,474,2,7200,1.06540084388
291887,398550,403053,106663,4503,2,54000,24.6870974906
291891,291990,292501,99,511,2,7200,1.19373776908
291914,291997,292501,83,504,2,7200,1.16468253968
291932,299458,301586,7526,2128,1,3600,4.53665413534
291936,297106,304666,5170,7560,4,14400,1.68386243386
291961,291968,292350,7,382,1,1800,1.01832460733
291990,292006,292561,16,555,2,7200,1.02882882883
291997,292013,292547,16,534,2,7200,1.02996254682
292004,292055,292546,51,491,2,7200,1.10386965377
292011,292064,292569,53,505,2,7200,1.10495049505
292055,292123,292661,68,538,2,7200,1.12639405204
292062,292130,292649,68,519,2,7200,1.13102119461
292071,292078,292451,7,373,1,1800,1.01876675603
292122,292220,292739,98,519,2,7200,1.18882466281
292129,292283,292802,154,519,2,7200,1.29672447013
292174,299486,301898,7312,2412,1,3600,4.03150912106
292220,292311,292839,91,528,2,7200,1.17234848485
292240,403064,417086,110824,14022,2,54000,8.90358008843
292279,292316,292896,37,580,2,7200,1.06379310345
292307,292323,292853,16,530,2,7200,1.03018867925
292314,292328,292854,14,526,2,7200,1.02661596958
292321,292339,292899,18,560,2,7200,1.03214285714
292328,292363,292892,35,529,2,7200,1.06616257089
292335,292402,292924,67,522,2,7200,1.12835249042
292363,292409,292901,46,492,2,7200,1.09349593496
292402,292436,292930,34,494,2,7200,1.06882591093
292409,292443,292985,34,542,2,7200,1.06273062731
292416,299544,302548,7128,3004,1,3600,3.37283621838
292417,349038,409397,56621,60359,25,129599,1.93807054457
292432,292513,293034,81,521,2,7200,1.15547024952
292439,292518,293017,79,499,2,7200,1.15831663327
292516,292558,293059,42,501,2,7200,1.08383233533
292518,292565,293104,47,539,2,7200,1.08719851577
292538,299551,301932,7013,2381,1,3600,3.94540109198
292539,299558,301922,7019,2364,1,3600,3.96912013536
292557,292574,293055,17,481,2,7200,1.03534303534
292564,292581,293119,17,538,2,7200,1.03159851301
292570,292661,293219,91,558,2,7200,1.16308243728
292577,292673,293185,96,512,2,7200,1.1875
292601,299592,302187,6991,2595,1,3600,3.69402697495
292602,299605,301882,7003,2277,1,3600,4.07553798858
292658,292751,293231,93,480,2,7200,1.19375
292664,299690,301587,7026,1897,1,3600,4.70374275171
292665,299700,301852,7035,2152,1,3600,4.26905204461
292667,299892,301859,7225,1967,1,3600,4.67310625318
292670,292814,293383,144,569,2,7200,1.25307557118
292728,299995,301945,7267,1950,1,3600,4.72666666667
292730,300020,302517,7290,2497,1,3600,3.91950340408
292751,292851,293331,100,480,2,7200,1.20833333333
292791,300038,302149,7247,2111,1,3600,4.43297015632
292811,292865,293376,54,511,2,7200,1.10567514677
292849,292872,293371,23,499,2,7200,1.04609218437
292853,300289,302471,7436,2182,1,3600,4.40788267644
292854,300828,302867,7974,2039,1,3600,4.9107405591
292856,301053,302887,8197,1834,1,3600,5.46946564885
292857,301179,303144,8322,1965,1,3600,5.23511450382
292861,292903,293418,42,515,2,7200,1.08155339806
292868,292910,293410,42,500,2,7200,1.084
292902,292916,293460,14,544,2,7200,1.02573529412
292909,292923,293465,14,542,2,7200,1.0258302583
292915,292936,293393,21,457,2,7200,1.04595185996
292919,301199,303851,8280,2652,1,3600,4.1221719457
292920,301311,303730,8391,2419,1,3600,4.46878875568
292922,301420,303352,8498,1932,1,3600,5.39855072464
292922,292943,293508,21,565,2,7200,1.03716814159
292923,301472,304021,8549,2549,1,3600,4.35386426049
292925,301480,304056,8555,2576,1,3600,4.32104037267
292926,301587,303439,8661,1852,1,3600,5.67656587473
292935,292996,293541,61,545,2,7200,1.1119266055
292941,293030,293521,89,491,2,7200,1.18126272912
292988,301604,304202,8616,2598,1,3600,4.31639722864
292989,301875,303509,8886,1634,1,3600,6.43818849449
292996,293046,293545,50,499,2,7200,1.1002004008
293030,293068,293603,38,535,2,7200,1.07102803738
293042,293075,293585,33,510,2,7200,1.06470588235
293051,301910,303622,8859,1712,1,3600,6.17464953271
293053,301935,304298,8882,2363,1,3600,4.75878121033
293054,301949,304013,8895,2064,1,3600,5.30959302326
293065,293117,293672,52,555,2,7200,1.09369369369
293072,293136,293678,64,542,2,7200,1.11808118081
293114,305186,305193,12072,7,1,1800,1207.9
293116,301957,304001,8841,2044,1,3600,5.32534246575
293116,293197,293698,81,501,2,7200,1.16167664671
293117,301970,304277,8853,2307,1,3600,4.83745123537
293119,302151,304462,9032,2311,1,3600,4.90826482042
293133,293230,293742,97,512,2,7200,1.189453125
293180,302157,304018,8977,1861,1,3600,5.82375067168
293182,302175,303898,8993,1723,1,3600,6.21938479396
293193,293243,293738,50,495,2,7200,1.10101010101
293231,293343,293843,112,500,2,7200,1.224
293243,293384,293906,141,522,2,7200,1.27011494253
293244,302199,304141,8955,1942,1,3600,5.61122554068
293306,302394,304441,9088,2047,1,3600,5.43966780655
293308,302410,304063,9102,1653,1,3600,6.50635208711
293310,302483,304159,9173,1676,1,3600,6.473150358
293340,293390,293899,50,509,2,7200,1.09823182711
293371,302536,304189,9165,1653,1,3600,6.5444646098
293376,408445,423031,115069,14586,2,72000,8.88900315371
293384,293397,293906,13,509,2,7200,1.02554027505
293391,293406,293895,15,489,2,7200,1.03067484663
293393,293423,293982,30,559,2,7200,1.05366726297
293405,293430,294008,25,578,2,7200,1.04325259516
293423,293473,294013,50,540,2,7200,1.09259259259
293430,293480,294001,50,521,2,7200,1.09596928983
293433,302560,304657,9127,2097,1,3600,5.35240820219
293473,293520,294014,47,494,2,7200,1.0951417004
293480,293534,294041,54,507,2,7200,1.10650887574
293495,305192,305240,11697,48,1,1800,244.6875
293495,302880,304702,9385,1822,1,3600,6.15093304061
293519,293554,294084,35,530,2,7200,1.06603773585
293538,293561,294112,23,551,2,7200,1.04174228675
293551,293597,294057,46,460,2,7200,1.1
293557,302899,305713,9342,2814,1,3600,4.31982942431
293558,293616,294152,58,536,2,7200,1.10820895522
293559,303156,305052,9597,1896,1,3600,6.06170886076
293596,293684,294207,88,523,2,7200,1.16826003824
293614,293690,294167,76,477,2,7200,1.15932914046
293621,303367,305228,9746,1861,1,3600,6.23696937131
293646,305151,305162,11505,11,1,3600,1046.90909091
293684,293710,294227,26,517,2,7200,1.0502901354
293691,293750,294318,59,568,2,7200,1.10387323944
293708,293757,294319,49,562,2,7200,1.0871886121
293736,406836,406851,113100,15,5,324000,7541.0
293747,293855,294332,108,477,2,7200,1.22641509434
293754,293908,294445,154,537,2,7200,1.28677839851
293803,303451,305672,9648,2221,1,3600,5.34398919406
293855,293915,294466,60,551,2,7200,1.10889292196
293859,408450,418140,114591,9690,2,72000,12.8256965944
293904,293922,294380,18,458,2,7200,1.03930131004
293911,293927,294450,16,523,2,7200,1.03059273423
293918,293994,294532,76,538,2,7200,1.14126394052
293925,294013,294506,88,493,2,7200,1.1784989858
293990,294020,294537,30,517,2,7200,1.0580270793
294013,294026,294533,13,507,2,7200,1.02564102564
294020,294032,294574,12,542,2,7200,1.0221402214
294027,294052,294587,25,535,2,7200,1.04672897196
294046,294069,294578,23,509,2,7200,1.04518664047
294053,294096,294627,43,531,2,7200,1.08097928437
294065,294124,294620,59,496,2,7200,1.1189516129
294093,294164,294684,71,520,2,7200,1.13653846154
294121,294179,294698,58,519,2,7200,1.11175337187
294147,408455,417909,114308,9454,2,72000,13.0909667865
294159,294219,294745,60,526,2,7200,1.11406844106
294177,294239,294775,62,536,2,7200,1.11567164179
294215,294330,294857,115,527,2,7200,1.21821631879
294238,294337,294879,99,542,2,7200,1.18265682657
294330,294343,294850,13,507,2,7200,1.02564102564
294337,294392,294897,55,505,2,7200,1.10891089109
294343,294458,294971,115,513,2,7200,1.22417153996
294387,294465,294982,78,517,2,7200,1.15087040619
294457,294479,295019,22,540,2,7200,1.04074074074
294464,294518,295025,54,507,2,7200,1.10650887574
294477,294544,295058,67,514,2,7200,1.13035019455
294515,294551,295077,36,526,2,7200,1.06844106464
294543,294556,295070,13,514,2,7200,1.02529182879
294550,294586,295057,36,471,2,7200,1.07643312102
294552,294593,295124,41,531,2,7200,1.07721280603
294587,294600,295121,13,521,2,7200,1.02495201536
294589,294631,295158,42,527,2,7200,1.07969639469
294596,294640,295149,44,509,2,7200,1.08644400786
294629,294696,295177,67,481,2,7200,1.13929313929
294636,294710,295224,74,514,2,7200,1.1439688716
294696,294757,295276,61,519,2,7200,1.11753371869
294708,294787,295301,79,514,2,7200,1.15369649805
294757,294862,295356,105,494,2,7200,1.21255060729
294785,294868,295403,83,535,2,7200,1.15514018692
294861,294890,295421,29,531,2,7200,1.05461393597
294868,294909,295406,41,497,2,7200,1.08249496982
294891,294984,295492,93,508,2,7200,1.18307086614
294908,294993,295479,85,486,2,7200,1.17489711934
294947,303488,305657,8541,2169,1,3600,4.9377593361
294983,295031,295487,48,456,2,7200,1.10526315789
294990,295038,295525,48,487,2,7200,1.09856262834
295029,295069,295593,40,524,2,7200,1.07633587786
295036,295075,295649,39,574,2,7200,1.06794425087
295067,408461,427492,113394,19031,2,72000,6.95838368977
295069,295082,295601,13,519,2,7200,1.02504816956
295076,295089,295573,13,484,2,7200,1.02685950413
295083,295134,295661,51,527,2,7200,1.09677419355
295101,295140,295611,39,471,2,7200,1.08280254777
295134,295161,295700,27,539,2,7200,1.05009276438
295141,295169,295657,28,488,2,7200,1.05737704918
295159,295189,295684,30,495,2,7200,1.06060606061
295166,295236,295748,70,512,2,7200,1.13671875
295188,295292,295814,104,522,2,7200,1.19923371648
295190,303613,305424,8423,1811,1,3600,5.65102153506
295232,295313,295871,81,558,2,7200,1.14516129032
295292,295368,295905,76,537,2,7200,1.14152700186
295309,295415,295961,106,546,2,7200,1.19413919414
295312,303618,305783,8306,2165,1,3600,4.83648960739
295325,312672,330006,17347,17334,32,28800,2.00074997115
295364,295422,295906,58,484,2,7200,1.11983471074
295413,295434,295926,21,492,2,7200,1.04268292683
295420,295491,296038,71,547,2,7200,1.12979890311
295432,295499,295993,67,494,2,7200,1.13562753036
295488,408466,428134,112978,19668,2,72000,6.7442546268
295491,295506,296055,15,549,2,7200,1.02732240437
295498,295537,296052,39,515,2,7200,1.07572815534
295505,295585,296068,80,483,2,7200,1.16563146998
295533,295605,296128,72,523,2,7200,1.13766730402
295582,295614,296119,32,505,2,7200,1.06336633663
295605,295623,296125,18,502,2,7200,1.03585657371
295623,295661,296132,38,471,2,7200,1.08067940552
295625,295669,296241,44,572,2,7200,1.07692307692
295658,295676,296167,18,491,2,7200,1.0366598778
295665,295695,296257,30,562,2,7200,1.05338078292
295672,295718,296250,46,532,2,7200,1.08646616541
295695,295760,296261,65,501,2,7200,1.12974051896
295718,295827,296391,109,564,2,7200,1.19326241135
295735,303634,305671,7899,2037,1,3600,4.87776141384
295756,295883,296425,127,542,2,7200,1.23431734317
295826,295917,296431,91,514,2,7200,1.17704280156
295847,408471,427565,112624,19094,2,72000,6.89839740233
295881,295924,296440,43,516,2,7200,1.08333333333
295914,295939,296368,25,429,2,7200,1.05827505828
295921,295973,296485,52,512,2,7200,1.1015625
295938,296004,296488,66,484,2,7200,1.13636363636
295972,296050,296597,78,547,2,7200,1.14259597806
295973,372996,389502,77023,16506,16,72000,5.66636374652
296005,296064,296640,59,576,2,7200,1.10243055556
296015,373290,373304,77275,14,16,72000,5520.64285714
296032,373295,373309,77263,14,16,72000,5519.78571429
296049,296071,296583,22,512,2,7200,1.04296875
296061,296080,296580,19,500,2,7200,1.038
296068,296131,296650,63,519,2,7200,1.12138728324
296080,296138,296614,58,476,2,7200,1.1218487395
296098,303747,305995,7649,2248,1,3600,4.40258007117
296129,296145,296679,16,534,2,7200,1.02996254682
296149,296155,296700,6,545,2,7200,1.01100917431
296150,296180,296682,30,502,2,7200,1.05976095618
296152,296253,296796,101,543,2,7200,1.18600368324
296180,296262,296822,82,560,2,7200,1.14642857143
296223,308864,310591,12641,1727,16,36000,8.31962941517
296228,310592,310595,14364,3,16,36000,1436.7
296234,309878,309886,13644,8,16,36000,1365.2
296240,309884,309889,13644,5,16,36000,1364.9
296250,296274,296843,24,569,2,7200,1.04217926186
296263,296281,296782,18,501,2,7200,1.03592814371
296269,296380,296866,111,486,2,7200,1.22839506173
296276,296404,296936,128,532,2,7200,1.24060150376
296352,307955,311639,11603,3684,64,5400,4.14956568947
296378,296437,296943,59,506,2,7200,1.11660079051
296401,296444,296973,43,529,2,7200,1.08128544423
296434,296451,296997,17,546,2,7200,1.03113553114
296441,296497,297001,56,504,2,7200,1.11111111111
296448,296503,297025,55,522,2,7200,1.10536398467
296449,408485,426117,112036,17632,2,72000,7.35412885662
296497,296592,297110,95,518,2,7200,1.1833976834
296504,296599,297077,95,478,2,7200,1.19874476987
296590,296610,297150,20,540,2,7200,1.03703703704
296597,296627,297136,30,509,2,7200,1.05893909627
296609,296652,297137,43,485,2,7200,1.08865979381
296626,296662,297186,36,524,2,7200,1.06870229008
296649,296692,297247,43,555,2,7200,1.07747747748
296661,296699,297208,38,509,2,7200,1.07465618861
296697,296713,297232,16,519,2,7200,1.03082851638
296698,296793,297276,95,483,2,7200,1.1966873706
296710,296808,297302,98,494,2,7200,1.1983805668
296791,296835,297293,44,458,2,7200,1.096069869
296803,296855,297407,52,552,2,7200,1.09420289855
296831,296878,297418,47,540,2,7200,1.08703703704
296854,296948,297460,94,512,2,7200,1.18359375
296877,296955,297479,78,524,2,7200,1.14885496183
296947,296985,297492,38,507,2,7200,1.07495069034
296954,297012,297559,58,547,2,7200,1.10603290676
296979,297123,297149,144,26,2,14400,6.53846153846
296982,297019,297558,37,539,2,7200,1.06864564007
297003,303865,306497,6862,2632,1,3600,3.60714285714
297006,303913,306252,6907,2339,1,3600,3.95297135528
297010,297037,297588,27,551,2,7200,1.04900181488
297017,297089,297603,72,514,2,7200,1.14007782101
297034,297112,297647,78,535,2,7200,1.14579439252
297089,297117,297674,28,557,2,7200,1.05026929982
297112,297298,297816,186,518,2,7200,1.35907335907
297114,297303,297829,189,526,2,7200,1.35931558935
297227,297808,301186,581,3378,2,18000,1.17199526347
297295,297316,297829,21,513,2,7200,1.04093567251
297302,297322,297825,20,503,2,7200,1.03976143141
297314,297328,297845,14,517,2,7200,1.02707930368
297334,297341,297829,7,488,2,7200,1.0143442623
297336,297348,297840,12,492,2,7200,1.0243902439
297337,297353,297902,16,549,2,7200,1.029143898
297344,297361,297864,17,503,2,7200,1.0337972167
297351,297366,297879,15,513,2,7200,1.02923976608
297358,297373,297882,15,509,2,7200,1.02946954813
297365,297378,297898,13,520,2,7200,1.025
297372,297430,297978,58,548,2,7200,1.10583941606
297379,297419,297925,40,506,2,7200,1.0790513834
297418,297472,297983,54,511,2,7200,1.10567514677
297430,297491,297999,61,508,2,7200,1.12007874016
297469,297505,298032,36,527,2,7200,1.06831119545
297492,297570,298091,78,521,2,7200,1.14971209213
297504,297577,298088,73,511,2,7200,1.14285714286
297530,298717,298735,1187,18,2,14400,66.9444444444
297569,297600,298116,31,516,2,7200,1.06007751938
297576,297615,298122,39,507,2,7200,1.07692307692
297599,297660,298138,61,478,2,7200,1.12761506276
297611,297686,298206,75,520,2,7200,1.14423076923
297661,297814,298358,153,544,2,7200,1.28125
297683,297819,298325,136,506,2,7200,1.26877470356
297812,297829,298331,17,502,2,7200,1.03386454183
297819,297837,298393,18,556,2,7200,1.03237410072
297826,297844,298329,18,485,2,7200,1.03711340206
297838,297851,298385,13,534,2,7200,1.02434456929
297847,408434,481824,110587,73390,6,108000,2.50684016896
297856,297864,298393,8,529,2,7200,1.01512287335
297858,297871,298367,13,496,2,7200,1.02620967742
297860,297876,298392,16,516,2,7200,1.03100775194
297867,297883,298422,16,539,2,7200,1.02968460111
297874,297892,298452,18,560,2,7200,1.03214285714
297880,297899,298368,19,469,2,7200,1.04051172708
297893,297911,298439,18,528,2,7200,1.03409090909
297894,297918,298405,24,487,2,7200,1.04928131417
297907,297937,298411,30,474,2,7200,1.06329113924
297914,297990,298516,76,526,2,7200,1.14448669202
297920,408439,482172,110519,73733,6,108000,2.49890822291
297936,297997,298515,61,518,2,7200,1.11776061776
297991,298011,298545,20,534,2,7200,1.03745318352
297998,298045,298608,47,563,2,7200,1.08348134991
298010,298101,298585,91,484,2,7200,1.18801652893
298033,304019,306108,5986,2089,1,3600,3.86548587841
298043,298108,298618,65,510,2,7200,1.12745098039
298098,298128,298640,30,512,2,7200,1.05859375
298105,298135,298598,30,463,2,7200,1.06479481641
298128,298150,298643,22,493,2,7200,1.04462474645
298146,298218,298776,72,558,2,7200,1.12903225806
298147,298337,298877,190,540,2,7200,1.35185185185
298216,304075,305916,5859,1841,1,3600,4.1825095057
298218,298344,298889,126,545,2,7200,1.23119266055
298252,349054,781069,50802,432015,20,432000,1.11759313913
298264,349060,781070,50796,432010,20,432000,1.11758061156
298278,349066,781083,50788,432017,20,432000,1.1175601886
298336,298349,298865,13,516,2,7200,1.02519379845
298343,298370,298857,27,487,2,7200,1.05544147844
298350,298379,298899,29,520,2,7200,1.05576923077
298367,298384,298957,17,573,2,7200,1.02966841187
298379,298397,298940,18,543,2,7200,1.03314917127
298381,298404,298930,23,526,2,7200,1.04372623574
298393,298411,298971,18,560,2,7200,1.03214285714
298400,298416,298950,16,534,2,7200,1.02996254682
298407,298423,298939,16,516,2,7200,1.03100775194
298414,298428,298944,14,516,2,7200,1.02713178295
298421,298434,298967,13,533,2,7200,1.0243902439
298428,298450,299033,22,583,2,7200,1.03773584906
298446,298464,298993,18,529,2,7200,1.03402646503
298448,298527,299086,79,559,2,7200,1.14132379249
298460,298534,299072,74,538,2,7200,1.1375464684
298525,298557,299112,32,555,2,7200,1.05765765766
298532,298597,299084,65,487,2,7200,1.13347022587
298555,298611,299125,56,514,2,7200,1.10894941634
298594,298620,299156,26,536,2,7200,1.04850746269
298611,298631,299148,20,517,2,7200,1.03868471954
298618,298652,299208,34,556,2,7200,1.06115107914
298630,298659,299171,29,512,2,7200,1.056640625
298648,298707,299202,59,495,2,7200,1.11919191919
298655,298712,299214,57,502,2,7200,1.11354581673
298704,298746,299265,42,519,2,7200,1.08092485549
298711,298789,299360,78,571,2,7200,1.13660245184
298744,298869,299383,125,514,2,7200,1.24319066148
298761,304153,306963,5392,2810,1,3600,2.91886120996
298788,298877,299405,89,528,2,7200,1.16856060606
298823,304171,306316,5348,2145,1,3600,3.49324009324
298869,298889,299368,20,479,2,7200,1.04175365344
298876,298901,299406,25,505,2,7200,1.0495049505
298889,298911,299411,22,500,2,7200,1.044
298901,298942,299462,41,520,2,7200,1.07884615385
298908,298956,299482,48,526,2,7200,1.09125475285
298941,298961,299484,20,523,2,7200,1.03824091778
298944,304202,306227,5258,2025,1,3600,3.59654320988
298946,304214,306029,5268,1815,1,3600,3.90247933884
298954,298968,299457,14,489,2,7200,1.02862985685
298960,298973,299453,13,480,2,7200,1.02708333333
298967,298980,299515,13,535,2,7200,1.02429906542
298969,298985,299477,16,492,2,7200,1.0325203252
298987,298993,299511,6,518,2,7200,1.01158301158
298989,299005,299519,16,514,2,7200,1.03112840467
298991,299045,299574,54,529,2,7200,1.10207939509
299003,299084,299635,81,551,2,7200,1.14700544465
299042,299096,299630,54,534,2,7200,1.10112359551
299068,304290,306234,5222,1944,1,3600,3.68621399177
299070,304310,307041,5240,2731,1,3600,2.91871109484
299071,304714,306905,5643,2191,1,3600,3.5755362848
299080,299103,299670,23,567,2,7200,1.0405643739
299093,299124,299647,31,523,2,7200,1.05927342256
299100,299137,299618,37,481,2,7200,1.07692307692
299122,299163,299652,41,489,2,7200,1.08384458078
299135,299170,299701,35,531,2,7200,1.065913371
299163,299183,299709,20,526,2,7200,1.03802281369
299170,299190,299714,20,524,2,7200,1.03816793893
299182,299215,299724,33,509,2,7200,1.06483300589
299193,305069,307073,5876,2004,1,3600,3.93213572854
299194,305123,307223,5929,2100,1,3600,3.82333333333
299196,305128,307037,5932,1909,1,3600,4.107386066
299199,299222,299755,23,533,2,7200,1.04315196998
299212,299229,299795,17,566,2,7200,1.03003533569
299219,299273,299817,54,544,2,7200,1.09926470588
299225,299280,299840,55,560,2,7200,1.09821428571
299257,305134,306902,5877,1768,1,3600,4.32409502262
299259,305139,307592,5880,2453,1,3600,3.39706481859
299269,299373,299889,104,516,2,7200,1.2015503876
299276,299380,299908,104,528,2,7200,1.19696969697
299321,305146,307579,5825,2433,1,3600,3.39416358405
299373,299394,299988,21,594,2,7200,1.03535353535
299380,299401,299932,21,531,2,7200,1.0395480226
299392,299417,299963,25,546,2,7200,1.04578754579
299399,299424,299993,25,569,2,7200,1.04393673111
299417,299429,299950,12,521,2,7200,1.02303262956
299424,299465,299986,41,521,2,7200,1.07869481766
299426,299472,299989,46,517,2,7200,1.08897485493
299465,299479,299998,14,519,2,7200,1.02697495183
299472,299493,299989,21,496,2,7200,1.04233870968
299479,299500,300051,21,551,2,7200,1.03811252269
299491,299505,300000,14,495,2,7200,1.02828282828
299498,299512,300000,14,488,2,7200,1.02868852459
299505,299523,300105,18,582,2,7200,1.03092783505
299512,299530,300090,18,560,2,7200,1.03214285714
299529,299537,300070,8,533,2,7200,1.01500938086
299531,299586,300075,55,489,2,7200,1.11247443763
299537,299630,300173,93,543,2,7200,1.17127071823
299587,299643,300163,56,520,2,7200,1.10769230769
299623,309918,345948,10295,36030,16,36000,1.28573411046
299625,299650,300159,25,509,2,7200,1.04911591356
299643,299659,300192,16,533,2,7200,1.03001876173
299650,299666,300176,16,510,2,7200,1.03137254902
299657,299682,300202,25,520,2,7200,1.04807692308
299664,299713,300255,49,542,2,7200,1.09040590406
299681,299722,300239,41,517,2,7200,1.07930367505
299709,299729,300259,20,530,2,7200,1.03773584906
299721,299736,300255,15,519,2,7200,1.0289017341
299728,299767,300255,39,488,2,7200,1.07991803279
299735,299807,300316,72,509,2,7200,1.14145383104
299763,299829,300337,66,508,2,7200,1.12992125984
299807,299852,300395,45,543,2,7200,1.08287292818
299829,299901,300482,72,581,2,7200,1.1239242685
299852,299920,300461,68,541,2,7200,1.12569316081
299901,299944,300462,43,518,2,7200,1.08301158301
299919,299962,300494,43,532,2,7200,1.08082706767
299942,299976,300500,34,524,2,7200,1.06488549618
299959,300002,300485,43,483,2,7200,1.08902691511
299971,300007,300566,36,559,2,7200,1.06440071556
300007,300014,300526,7,512,2,7200,1.013671875
300008,300027,300552,19,525,2,7200,1.03619047619
300010,300032,300565,22,533,2,7200,1.04127579737
300028,300045,300584,17,539,2,7200,1.03153988868
300029,300050,300564,21,514,2,7200,1.04085603113
300041,300063,300559,22,496,2,7200,1.04435483871
300048,300083,300584,35,501,2,7200,1.06986027944
300060,300090,300601,30,511,2,7200,1.05870841487
300083,300102,300604,19,502,2,7200,1.03784860558
300090,300117,300646,27,529,2,7200,1.05103969754
300102,300124,300671,22,547,2,7200,1.04021937843
300115,300171,300702,56,531,2,7200,1.1054613936
300121,300178,300665,57,487,2,7200,1.11704312115
300171,300186,300696,15,510,2,7200,1.02941176471
300188,300196,300665,8,469,2,7200,1.0170575693
300190,300205,300721,15,516,2,7200,1.02906976744
300192,300215,300699,23,484,2,7200,1.04752066116
300204,300251,300779,47,528,2,7200,1.08901515152
300211,300267,300757,56,490,2,7200,1.11428571429
300249,300272,300769,23,497,2,7200,1.046277666
300267,300279,300777,12,498,2,7200,1.02409638554
300269,300284,300843,15,559,2,7200,1.02683363148
300276,300328,300817,52,489,2,7200,1.1063394683
300292,300349,300879,57,530,2,7200,1.10754716981
300325,300408,300951,83,543,2,7200,1.15285451197
300348,300474,300967,126,493,2,7200,1.25557809331
300408,300479,300993,71,514,2,7200,1.13813229572
300473,300494,301010,21,516,2,7200,1.04069767442
300480,300501,301067,21,566,2,7200,1.0371024735
300492,300508,301024,16,516,2,7200,1.03100775194
300509,300517,301003,8,486,2,7200,1.01646090535
300511,300538,301074,27,536,2,7200,1.05037313433
300512,300564,301115,52,551,2,7200,1.0943738657
300535,300570,301092,35,522,2,7200,1.06704980843
300536,305197,305465,4661,268,1,3600,18.3917910448
300563,300577,301088,14,511,2,7200,1.02739726027
300570,300582,301094,12,512,2,7200,1.0234375
300578,300590,301112,12,522,2,7200,1.02298850575
300579,300597,301159,18,562,2,7200,1.03202846975
300586,300602,301118,16,516,2,7200,1.03100775194
300604,300613,301101,9,488,2,7200,1.01844262295
300605,300620,301145,15,525,2,7200,1.02857142857
300612,300658,301135,46,477,2,7200,1.0964360587
300619,300677,301205,58,528,2,7200,1.10984848485
300658,300683,301216,25,533,2,7200,1.0469043152
300675,300690,301219,15,529,2,7200,1.02835538752
300682,300708,301247,26,539,2,7200,1.04823747681
300689,300715,301170,26,455,2,7200,1.05714285714
300707,300721,301278,14,557,2,7200,1.02513464991
300725,300733,301287,8,554,2,7200,1.01444043321
300727,300769,301294,42,525,2,7200,1.08
300734,300781,301300,47,519,2,7200,1.09055876686
300767,300790,301308,23,518,2,7200,1.0444015444
300779,300797,301320,18,523,2,7200,1.034416826
300786,300835,301391,49,556,2,7200,1.0881294964
300793,300855,301368,62,513,2,7200,1.12085769981
300832,300891,301400,59,509,2,7200,1.11591355599
300855,300963,301450,108,487,2,7200,1.22176591376
300893,300979,301510,86,531,2,7200,1.16195856874
300963,305204,305781,4241,577,1,3600,8.35008665511
300964,301005,301567,41,562,2,7200,1.07295373665
300976,301016,301493,40,477,2,7200,1.08385744235
300987,309923,309934,8936,11,16,36000,813.363636364
301004,301023,301586,19,563,2,7200,1.03374777975
301016,301036,301504,20,468,2,7200,1.04273504274
301023,301080,301599,57,519,2,7200,1.1098265896
301036,301087,301616,51,529,2,7200,1.09640831758
301079,301100,301610,21,510,2,7200,1.04117647059
301086,301107,301658,21,551,2,7200,1.03811252269
301098,301113,301595,15,482,2,7200,1.03112033195
301105,301120,301617,15,497,2,7200,1.03018108652
301112,301127,301632,15,505,2,7200,1.0297029703
301119,301132,301650,13,518,2,7200,1.0250965251
301126,301140,301632,14,492,2,7200,1.02845528455
301128,301148,301710,20,562,2,7200,1.03558718861
301146,301157,301713,11,556,2,7200,1.01978417266
301147,301171,301734,24,563,2,7200,1.04262877442
301154,301186,301690,32,504,2,7200,1.06349206349
301172,301217,301738,45,521,2,7200,1.08637236084
301184,301228,301757,44,529,2,7200,1.0831758034
301217,301235,301773,18,538,2,7200,1.03345724907
301225,301259,301751,34,492,2,7200,1.06910569106
301232,301290,301818,58,528,2,7200,1.10984848485
301253,301523,309197,270,7674,2,18000,1.03518373729
301260,301299,301825,39,526,2,7200,1.07414448669
301294,301306,301829,12,523,2,7200,1.02294455067
301295,301318,301798,23,480,2,7200,1.04791666667
301302,301323,301840,21,517,2,7200,1.04061895551
301314,301331,301845,17,514,2,7200,1.03307392996
301321,301338,301856,17,518,2,7200,1.03281853282
301328,301381,301866,53,485,2,7200,1.10927835052
301335,301403,301927,68,524,2,7200,1.12977099237
301379,301413,301972,34,559,2,7200,1.06082289803
301402,301462,301963,60,501,2,7200,1.11976047904
301409,301505,301969,96,464,2,7200,1.20689655172
301458,301516,302018,58,502,2,7200,1.11553784861
301483,301988,302000,505,12,2,300,43.0833333333
301502,301580,302090,78,510,2,7200,1.15294117647
301514,301598,302136,84,538,2,7200,1.156133829
301579,301611,302130,32,519,2,7200,1.06165703276
301597,301616,302151,19,535,2,7200,1.03551401869
301615,301623,302115,8,492,2,7200,1.0162601626
301617,301630,302130,13,500,2,7200,1.026
301624,301636,302127,12,491,2,7200,1.02443991853
301631,301662,302176,31,514,2,7200,1.06031128405
301633,301668,302191,35,523,2,7200,1.06692160612
301661,301675,302237,14,562,2,7200,1.02491103203
301668,301680,302225,12,545,2,7200,1.02201834862
301675,301702,302219,27,517,2,7200,1.05222437137
301676,301723,302245,47,522,2,7200,1.09003831418
301704,301730,302204,26,474,2,7200,1.05485232068
301722,301746,302320,24,574,2,7200,1.04181184669
301729,301753,302255,24,502,2,7200,1.04780876494
301746,301763,302291,17,528,2,7200,1.0321969697
301753,301770,302324,17,554,2,7200,1.03068592058
301760,301785,302331,25,546,2,7200,1.04578754579
301767,301811,302328,44,517,2,7200,1.08510638298
301784,301830,302355,46,525,2,7200,1.08761904762
301807,301837,302393,30,556,2,7200,1.05395683453
301830,301842,302369,12,527,2,7200,1.02277039848
301837,301850,302364,13,514,2,7200,1.02529182879
301839,301857,302366,18,509,2,7200,1.03536345776
301846,301863,302421,17,558,2,7200,1.03046594982
301858,301870,302368,12,498,2,7200,1.02409638554
301875,301883,302397,8,514,2,7200,1.01556420233
301877,301894,302392,17,498,2,7200,1.03413654618
301884,301942,302437,58,495,2,7200,1.11717171717
301891,301977,302473,86,496,2,7200,1.17338709677
301940,301983,302511,43,528,2,7200,1.08143939394
301973,301995,302523,22,528,2,7200,1.04166666667
301980,302000,302492,20,492,2,7200,1.0406504065
301993,302012,302519,19,507,2,7200,1.03747534517
302009,302031,302503,22,472,2,7200,1.04661016949
302010,302100,302595,90,495,2,7200,1.18181818182
302028,302107,302618,79,511,2,7200,1.15459882583
302098,302128,302673,30,545,2,7200,1.05504587156
302114,302139,302676,25,537,2,7200,1.04655493482
302127,302146,302661,19,515,2,7200,1.03689320388
302144,302164,302687,20,523,2,7200,1.03824091778
302145,302169,302665,24,496,2,7200,1.04838709677
302163,302189,302680,26,491,2,7200,1.05295315682
302170,302206,302773,36,567,2,7200,1.06349206349
302188,302217,302689,29,472,2,7200,1.06144067797
302204,302231,302739,27,508,2,7200,1.0531496063
302217,302238,302781,21,543,2,7200,1.03867403315
302229,302249,302725,20,476,2,7200,1.04201680672
302236,302257,302785,21,528,2,7200,1.03977272727
302253,302267,302792,14,525,2,7200,1.02666666667
302255,302303,302807,48,504,2,7200,1.09523809524
302267,302332,302830,65,498,2,7200,1.13052208835
302300,302339,302854,39,515,2,7200,1.07572815534
302333,302346,302872,13,526,2,7200,1.0247148289
302335,302351,302817,16,466,2,7200,1.03433476395
302342,302367,302893,25,526,2,7200,1.04752851711
302349,302376,302861,27,485,2,7200,1.05567010309
302367,302383,302931,16,548,2,7200,1.02919708029
302373,302389,302942,16,553,2,7200,1.02893309222
302391,302404,302912,13,508,2,7200,1.02559055118
302393,302417,302917,24,500,2,7200,1.048
302400,302423,302947,23,524,2,7200,1.04389312977
302417,302433,302940,16,507,2,7200,1.0315581854
302419,302449,302982,30,533,2,7200,1.05628517824
302436,302490,303014,54,524,2,7200,1.10305343511
302448,302504,303012,56,508,2,7200,1.11023622047
302487,302515,303012,28,497,2,7200,1.05633802817
302504,302524,303068,20,544,2,7200,1.03676470588
302521,302531,303093,10,562,2,7200,1.01779359431
302523,302543,303043,20,500,2,7200,1.04
302529,302607,303161,78,554,2,7200,1.14079422383
302542,302630,303193,88,563,2,7200,1.15630550622
302606,302673,303181,67,508,2,7200,1.13188976378
302629,302680,303185,51,505,2,7200,1.10099009901
302673,302687,303207,14,520,2,7200,1.02692307692
302680,302694,303249,14,555,2,7200,1.02522522523
302687,302699,303250,12,551,2,7200,1.02177858439
302694,302706,303189,12,483,2,7200,1.0248447205
302695,302711,303209,16,498,2,7200,1.03212851406
302712,302737,303213,25,476,2,7200,1.0525210084
302713,302751,303242,38,491,2,7200,1.07739307536
302736,302785,303317,49,532,2,7200,1.09210526316
302748,302793,303314,45,521,2,7200,1.08637236084
302782,302800,303301,18,501,2,7200,1.03592814371
302798,302807,303330,9,523,2,7200,1.017208413
302800,302819,303348,19,529,2,7200,1.0359168242
302807,302829,303377,22,548,2,7200,1.0401459854
302819,302842,303396,23,554,2,7200,1.04151624549
302826,302866,303412,40,546,2,7200,1.07326007326
302838,302873,303389,35,516,2,7200,1.06782945736
302866,302887,303402,21,515,2,7200,1.04077669903
302873,302906,303413,33,507,2,7200,1.0650887574
302885,302924,303492,39,568,2,7200,1.06866197183
302902,302931,303458,29,527,2,7200,1.055028463
302920,302943,303446,23,503,2,7200,1.04572564612
302936,302953,303466,17,513,2,7200,1.03313840156
302943,302960,303461,17,501,2,7200,1.03393213573
302950,302965,303490,15,525,2,7200,1.02857142857
302957,302994,303464,37,470,2,7200,1.07872340426
302964,303024,303588,60,564,2,7200,1.10638297872
302997,303029,303545,32,516,2,7200,1.06201550388
303020,303036,303581,16,545,2,7200,1.02935779817
303026,303056,303560,30,504,2,7200,1.05952380952
303033,303080,303594,47,514,2,7200,1.09143968872
303055,303105,303582,50,477,2,7200,1.10482180294
303078,303173,303692,95,519,2,7200,1.18304431599
303101,303193,303694,92,501,2,7200,1.18363273453
303171,303200,303721,29,521,2,7200,1.0556621881
303194,303207,303710,13,503,2,7200,1.02584493042
303200,303212,303725,12,513,2,7200,1.02339181287
303207,303219,303758,12,539,2,7200,1.02226345083
303209,303226,303740,17,514,2,7200,1.03307392996
303216,303231,303782,15,551,2,7200,1.02722323049
303223,303254,303778,31,524,2,7200,1.05916030534
303230,303261,303737,31,476,2,7200,1.06512605042
303252,303268,303826,16,558,2,7200,1.02867383513
303259,303314,303864,55,550,2,7200,1.1
303266,303327,303824,61,497,2,7200,1.12273641851
303315,303334,303833,19,499,2,7200,1.0380761523
303327,303343,303823,16,480,2,7200,1.03333333333
303334,303360,303877,26,517,2,7200,1.0502901354
303351,303389,303894,38,505,2,7200,1.07524752475
303357,303401,303911,44,510,2,7200,1.0862745098
303385,303408,303918,23,510,2,7200,1.04509803922
303398,303415,303931,17,516,2,7200,1.03294573643
303405,303424,303930,19,506,2,7200,1.03754940711
303421,303431,303950,10,519,2,7200,1.01926782274
303423,303458,303962,35,504,2,7200,1.06944444444
303430,303471,303989,41,518,2,7200,1.07915057915
303458,303477,303999,19,522,2,7200,1.03639846743
303470,303483,303954,13,471,2,7200,1.02760084926
303477,303503,303983,26,480,2,7200,1.05416666667
303494,303510,304027,16,517,2,7200,1.03094777563
303500,303521,304014,21,493,2,7200,1.04259634888
303507,303557,304079,50,522,2,7200,1.09578544061
303520,303573,304078,53,505,2,7200,1.10495049505
303553,303593,304108,40,515,2,7200,1.07766990291
303570,303600,304092,30,492,2,7200,1.06097560976
303593,303605,304126,12,521,2,7200,1.02303262956
303610,303704,304222,94,518,2,7200,1.18146718147
303612,303711,304245,99,534,2,7200,1.18539325843
303703,303722,304218,19,496,2,7200,1.03830645161
303710,303733,304238,23,505,2,7200,1.04554455446
303722,303740,304261,18,521,2,7200,1.03454894434
303729,303754,304281,25,527,2,7200,1.04743833017
303746,303759,304280,13,521,2,7200,1.02495201536
303753,303771,304248,18,477,2,7200,1.03773584906
303760,303790,304299,30,509,2,7200,1.05893909627
303767,303797,304316,30,519,2,7200,1.05780346821
303789,303835,304359,46,524,2,7200,1.08778625954
303796,303841,304372,45,531,2,7200,1.08474576271
303835,303846,304320,11,474,2,7200,1.02320675105
303852,303857,304379,5,522,2,7200,1.00957854406
303853,303876,304428,23,552,2,7200,1.04166666667
303855,303889,304415,34,526,2,7200,1.06463878327
303872,303906,304453,34,547,2,7200,1.06215722121
303885,303923,304397,38,474,2,7200,1.08016877637
303902,303930,304366,28,436,2,7200,1.06422018349
303920,303942,304451,22,509,2,7200,1.04322200393
303937,303949,304448,12,499,2,7200,1.02404809619
303939,303962,304459,23,497,2,7200,1.046277666
303945,303969,304485,24,516,2,7200,1.04651162791
303958,303976,304480,18,504,2,7200,1.03571428571
303965,303995,304503,30,508,2,7200,1.05905511811
303977,304002,304516,25,514,2,7200,1.0486381323
303994,304012,304536,18,524,2,7200,1.03435114504
304011,304026,304529,15,503,2,7200,1.02982107356
304013,304033,304559,20,526,2,7200,1.03802281369
304025,304040,304558,15,518,2,7200,1.02895752896
304032,304068,304618,36,550,2,7200,1.06545454545
304038,304090,304612,52,522,2,7200,1.09961685824
304066,304097,304644,31,547,2,7200,1.05667276051
304088,304104,304599,16,495,2,7200,1.03232323232
304095,304120,304635,25,515,2,7200,1.04854368932
304102,304138,304674,36,536,2,7200,1.0671641791
304120,304230,304768,110,538,2,7200,1.20446096654
304136,304237,304762,101,525,2,7200,1.19238095238
304227,304250,304764,23,514,2,7200,1.04474708171
304234,304258,304815,24,557,2,7200,1.04308797127
304251,304265,304770,14,505,2,7200,1.02772277228
304258,304274,304775,16,501,2,7200,1.03193612774
304265,304297,304833,32,536,2,7200,1.05970149254
304272,304302,304827,30,525,2,7200,1.05714285714
304295,304317,304815,22,498,2,7200,1.04417670683
304311,304328,304852,17,524,2,7200,1.03244274809
304313,304335,304881,22,546,2,7200,1.04029304029
304325,304371,304880,46,509,2,7200,1.09037328094
304332,304378,304911,46,533,2,7200,1.08630393996
304336,304453,305685,117,1232,1,1200,1.09496753247
304370,304385,304880,15,495,2,7200,1.0303030303
304377,304392,304918,15,526,2,7200,1.02851711027
304384,304409,304904,25,495,2,7200,1.05050505051
304391,304427,304989,36,562,2,7200,1.0640569395
304407,304440,304954,33,514,2,7200,1.06420233463
304425,304460,304966,35,506,2,7200,1.06916996047
304437,304467,304974,30,507,2,7200,1.05917159763
304460,304473,304972,13,499,2,7200,1.02605210421
304467,304480,304993,13,513,2,7200,1.0253411306
304468,304492,305049,24,557,2,7200,1.04308797127
304481,304499,305020,18,521,2,7200,1.03454894434
304488,304515,305024,27,509,2,7200,1.05304518664
304500,304529,305068,29,539,2,7200,1.05380333952
304517,304541,305079,24,538,2,7200,1.04460966543
304529,304548,305098,19,550,2,7200,1.03454545455
304542,304570,305093,28,523,2,7200,1.05353728489
304549,304577,305090,28,513,2,7200,1.05458089669
304571,304611,305118,40,507,2,7200,1.07889546351
304578,304625,305191,47,566,2,7200,1.08303886926
304611,304632,305129,21,497,2,7200,1.04225352113
304623,304646,305159,23,513,2,7200,1.04483430799
304640,304656,305190,16,534,2,7200,1.02996254682
304647,304669,305126,22,457,2,7200,1.04814004376
304654,304676,305213,22,537,2,7200,1.04096834264
304666,304681,305203,15,522,2,7200,1.02873563218
304682,304689,305238,7,549,2,7200,1.01275045537
304684,304775,305361,91,586,2,7200,1.15529010239
304765,304782,305332,17,550,2,7200,1.03090909091
304772,304787,305307,15,520,2,7200,1.02884615385
304783,304795,318025,12,13230,2,18000,1.00090702948
304788,304800,305338,12,538,2,7200,1.02230483271
304790,304827,305374,37,547,2,7200,1.0676416819
304797,304833,305311,36,478,2,7200,1.07531380753
304825,304840,305402,15,562,2,7200,1.02669039146
304832,304847,305308,15,461,2,7200,1.03253796095
304848,304864,305369,16,505,2,7200,1.03168316832
304850,304891,305369,41,478,2,7200,1.08577405858
304866,304897,305441,31,544,2,7200,1.05698529412
304893,304904,305414,11,510,2,7200,1.02156862745
304895,304916,305400,21,484,2,7200,1.04338842975
304902,304923,305457,21,534,2,7200,1.0393258427
304919,304930,305436,11,506,2,7200,1.02173913043
304920,304966,305502,46,536,2,7200,1.08582089552
304924,309981,309986,5057,5,16,36000,506.2
304927,304978,305517,51,539,2,7200,1.09461966605
304964,304985,305529,21,544,2,7200,1.03860294118
304981,304992,305503,11,511,2,7200,1.02152641879
304983,305001,305510,18,509,2,7200,1.03536345776
304990,305008,305520,18,512,2,7200,1.03515625
305006,305032,305542,26,510,2,7200,1.05098039216
305008,305039,305528,31,489,2,7200,1.06339468303
305029,305062,305622,33,560,2,7200,1.05892857143
305036,305080,305606,44,526,2,7200,1.08365019011
305063,305091,305598,28,507,2,7200,1.05522682446
305079,305102,305601,23,499,2,7200,1.04609218437
305096,305109,305622,13,513,2,7200,1.0253411306
305097,305116,305600,19,484,2,7200,1.03925619835
305104,305168,305680,64,512,2,7200,1.125
305120,305209,305711,89,502,2,7200,1.17729083665
305164,305250,305767,86,517,2,7200,1.166344294
305208,305319,305814,111,495,2,7200,1.22424242424
305246,305326,305889,80,563,2,7200,1.14209591474
305316,305350,305836,34,486,2,7200,1.06995884774
305323,305381,305882,58,501,2,7200,1.11576846307
305327,305334,305378,7,44,1,1800,1.15909090909
305346,305386,305861,40,475,2,7200,1.08421052632
305379,305414,305933,35,519,2,7200,1.06743737958
305397,305427,305924,30,497,2,7200,1.06036217304
305414,305453,305976,39,523,2,7200,1.07456978967
305425,305433,305517,8,84,1,1800,1.09523809524
305426,305461,305962,35,501,2,7200,1.06986027944
305441,305448,306670,7,1222,2,1200,1.00572831424
305449,305469,305981,20,512,2,7200,1.0390625
305461,305514,306055,53,541,2,7200,1.09796672828
305468,305521,306034,53,513,2,7200,1.10331384016
305481,305488,306694,7,1206,8,1200,1.00580431177
305512,305528,306072,16,544,2,7200,1.02941176471
305519,305540,305983,21,443,2,7200,1.04740406321
305526,305547,306066,21,519,2,7200,1.04046242775
305538,305618,306187,80,569,2,7200,1.14059753954
305545,305639,306171,94,532,2,7200,1.17669172932
305553,305559,305644,6,85,1,1800,1.07058823529
305563,305570,306801,7,1231,8,1200,1.00568643379
305598,305605,306820,7,1215,8,1200,1.00576131687
305623,305692,306214,69,522,2,7200,1.13218390805
305625,305634,306862,9,1228,8,1200,1.00732899023
305635,305723,306275,88,552,2,7200,1.15942028986
305647,306682,307925,1035,1243,8,1200,1.83266291231
305666,307639,308214,1973,575,1,3600,4.43130434783
305689,305779,306292,90,513,2,7200,1.17543859649
305717,305730,306979,13,1249,4,1200,1.01040832666
305722,305826,306341,104,515,2,7200,1.20194174757
305752,305791,307006,39,1215,4,1200,1.03209876543
305769,306041,307279,272,1238,4,1200,1.2197092084
305776,305848,306335,72,487,2,7200,1.14784394251
305825,305873,306417,48,544,2,7200,1.08823529412
305848,305894,306394,46,500,2,7200,1.092
305870,305901,306440,31,539,2,7200,1.05751391466
305893,305936,306447,43,511,2,7200,1.08414872798
305900,305945,306477,45,532,2,7200,1.08458646617
305933,305974,306519,41,545,2,7200,1.0752293578
305945,305989,306474,44,485,2,7200,1.09072164948
305973,305996,306516,23,520,2,7200,1.04423076923
305985,306001,306542,16,541,2,7200,1.02957486137
305992,306048,306603,56,555,2,7200,1.1009009009
305998,306067,306612,69,545,2,7200,1.12660550459
306047,306078,306625,31,547,2,7200,1.05667276051
306064,306085,306589,21,504,2,7200,1.04166666667
306067,306120,306378,53,258,1,1800,1.20542635659
306076,306183,306716,107,533,2,7200,1.20075046904
306094,306199,306750,105,551,2,7200,1.19056261343
306180,306226,306721,46,495,2,7200,1.09292929293
306197,306286,306798,89,512,2,7200,1.173828125
306206,306239,306502,33,263,1,1800,1.12547528517
306225,306303,306838,78,535,2,7200,1.14579439252
306284,306347,306873,63,526,2,7200,1.11977186312
306301,306353,306879,52,526,2,7200,1.09885931559
306345,306405,306904,60,499,2,7200,1.12024048096
306352,306429,306940,77,511,2,7200,1.15068493151
306406,306451,306988,45,537,2,7200,1.08379888268
306428,306459,306968,31,509,2,7200,1.06090373281
306450,306485,306963,35,478,2,7200,1.07322175732
306457,306493,306965,36,472,2,7200,1.07627118644
306484,306527,307097,43,570,2,7200,1.07543859649
306491,306535,307062,44,527,2,7200,1.0834914611
306523,306554,307078,31,524,2,7200,1.05916030534
306535,306601,307084,66,483,2,7200,1.13664596273
306552,306614,307158,62,544,2,7200,1.11397058824
306600,306623,307105,23,482,2,7200,1.04771784232
306611,306637,307127,26,490,2,7200,1.05306122449
306623,306728,307189,105,461,2,7200,1.22776572668
306638,308224,308309,1586,85,1,3600,19.6588235294
306640,306734,307244,94,510,2,7200,1.18431372549
306724,306761,307259,37,498,2,7200,1.07429718876
306731,306809,307384,78,575,2,7200,1.13565217391
306758,306850,307373,92,523,2,7200,1.1759082218
306806,306886,307403,80,517,2,7200,1.15473887814
306849,306893,307412,44,519,2,7200,1.08477842004
306881,306916,307401,35,485,2,7200,1.07216494845
306893,306953,307442,60,489,2,7200,1.1226993865
306915,306974,307495,59,521,2,7200,1.113243762
306952,306980,307528,28,548,2,7200,1.05109489051
306974,306986,307534,12,548,2,7200,1.02189781022
306976,307000,307533,24,533,2,7200,1.04502814259
306982,307075,307619,93,544,2,7200,1.17095588235
306999,307090,307599,91,509,2,7200,1.17878192534
307073,307096,307616,23,520,2,7200,1.04423076923
307090,307109,307652,19,543,2,7200,1.0349907919
307097,307118,307631,21,513,2,7200,1.04093567251
307108,307139,307635,31,496,2,7200,1.0625
307125,307169,307717,44,548,2,7200,1.0802919708
307137,307201,307679,64,478,2,7200,1.13389121339
307169,307255,307744,86,489,2,7200,1.17586912065
307196,307271,307767,75,496,2,7200,1.15120967742
307255,307385,307920,130,535,2,7200,1.24299065421
307271,307396,307923,125,527,2,7200,1.23719165085
307381,307413,307949,32,536,2,7200,1.05970149254
307393,307419,307947,26,528,2,7200,1.04924242424
307410,307427,307907,17,480,2,7200,1.03541666667
307427,307453,307997,26,544,2,7200,1.04779411765
307428,307506,308004,78,498,2,7200,1.15662650602
307450,307539,308058,89,519,2,7200,1.17148362235
307503,307545,308077,42,532,2,7200,1.07894736842
307536,307551,307972,15,421,2,7200,1.03562945368
307542,307610,308105,68,495,2,7200,1.13737373737
307549,307627,308169,78,542,2,7200,1.14391143911
307607,307633,308186,26,553,2,7200,1.04701627486
307624,307646,308148,22,502,2,7200,1.0438247012
307630,307653,308126,23,473,2,7200,1.04862579281
307648,307663,308179,15,516,2,7200,1.02906976744
307649,307690,308175,41,485,2,7200,1.08453608247
307661,307728,308171,67,443,2,7200,1.15124153499
307688,307755,308266,67,511,2,7200,1.13111545988
307726,307778,308296,52,518,2,7200,1.10038610039
307753,307919,308384,166,465,2,7200,1.35698924731
307775,307932,308421,157,489,2,7200,1.32106339468
307917,307939,308459,22,520,2,7200,1.04230769231
307929,307962,308464,33,502,2,7200,1.06573705179
307936,307967,308482,31,515,2,7200,1.06019417476
307965,307985,308490,20,505,2,7200,1.0396039604
307966,308009,308563,43,554,2,7200,1.07761732852
307984,308015,308522,31,507,2,7200,1.06114398422
308006,308070,308609,64,539,2,7200,1.11873840445
308013,308089,308618,76,529,2,7200,1.14366729679
308067,308117,308613,50,496,2,7200,1.10080645161
308084,308138,308663,54,525,2,7200,1.10285714286
308117,308161,308691,44,530,2,7200,1.08301886792
308135,308182,308697,47,515,2,7200,1.09126213592
308157,308189,308710,32,521,2,7200,1.06142034549
308186,308196,308691,10,495,2,7200,1.0202020202
308187,308201,308718,14,517,2,7200,1.02707930368
308194,308208,308723,14,515,2,7200,1.02718446602
308201,308278,308765,77,487,2,7200,1.15811088296
308208,308308,308820,100,512,2,7200,1.1953125
308229,310060,322263,1831,12203,4,14400,1.15004507088
308277,308395,308862,118,467,2,7200,1.25267665953
308279,308319,311274,40,2955,1,3600,1.01353637902
308300,312584,328570,4284,15986,2,36000,1.26798448643
308305,308433,308900,128,467,2,7200,1.27408993576
308395,308471,309000,76,529,2,7200,1.14366729679
308428,308478,308949,50,471,2,7200,1.10615711253
308445,310983,311230,2538,247,1,3600,11.2753036437
308466,308494,309010,28,516,2,7200,1.05426356589
308478,308502,308994,24,492,2,7200,1.0487804878
308490,308534,309017,44,483,2,7200,1.09109730849
308508,308575,309049,67,474,2,7200,1.14135021097
308530,308621,309130,91,509,2,7200,1.17878192534
308573,308628,309066,55,438,2,7200,1.12557077626
308617,308635,309204,18,569,2,7200,1.0316344464
308624,308674,309203,50,529,2,7200,1.09451795841
308631,308703,309268,72,565,2,7200,1.12743362832
308674,308708,309221,34,513,2,7200,1.06627680312
308702,308715,309272,13,557,2,7200,1.02333931777
308709,308721,309289,12,568,2,7200,1.02112676056
308725,310018,346052,1293,36034,4,36000,1.03588277738
308727,308734,309270,7,536,2,7200,1.01305970149
308728,308741,309235,13,494,2,7200,1.02631578947
308730,308777,309272,47,495,2,7200,1.09494949495
308737,308832,309344,95,512,2,7200,1.185546875
308746,311241,311246,2495,5,1,3600,250.0
308775,308879,309360,104,481,2,7200,1.21621621622
308828,308918,309476,90,558,2,7200,1.16129032258
308877,308970,309544,93,574,2,7200,1.16202090592
308915,309011,309555,96,544,2,7200,1.17647058824
308969,309023,309551,54,528,2,7200,1.10227272727
309006,309036,309527,30,491,2,7200,1.06109979633
309023,309042,309559,19,517,2,7200,1.03675048356
309035,309069,309536,34,467,2,7200,1.07280513919
309052,309082,309625,30,543,2,7200,1.05524861878
309069,309148,309661,79,513,2,7200,1.15399610136
309081,309214,309757,133,543,2,7200,1.24493554328
309119,310901,311556,1782,655,1,3600,3.72061068702
309144,309226,309768,82,542,2,7200,1.15129151292
309154,349017,372825,39863,23808,64,43200,2.6743531586
309212,309231,309753,19,522,2,7200,1.03639846743
309224,309243,309777,19,534,2,7200,1.03558052434
309231,309256,309802,25,546,2,7200,1.04578754579
309243,309284,309846,41,562,2,7200,1.07295373665
309254,309289,309805,35,516,2,7200,1.06782945736
309282,309301,309822,19,521,2,7200,1.03646833013
309299,309314,309804,15,490,2,7200,1.0306122449
309300,309319,309849,19,530,2,7200,1.0358490566
309312,309359,309860,47,501,2,7200,1.09381237525
309318,309373,309907,55,534,2,7200,1.10299625468
309320,313859,314917,4539,1058,2,3600,5.29017013233
309356,309490,310005,134,515,2,7200,1.26019417476
309368,309544,309995,176,451,2,7200,1.39024390244
309461,310065,310687,604,622,4,3600,1.97106109325
309488,309556,310087,68,531,2,7200,1.12806026365
309541,309569,310085,28,516,2,7200,1.05426356589
309553,309574,310045,21,471,2,7200,1.04458598726
309565,309586,310087,21,501,2,7200,1.04191616766
309571,309591,310085,20,494,2,7200,1.04048582996
309589,309644,310177,55,533,2,7200,1.10318949343
309590,309682,310221,92,539,2,7200,1.1706864564
309643,309774,310278,131,504,2,7200,1.25992063492
309681,309787,310306,106,519,2,7200,1.204238921
309770,309792,310292,22,500,2,7200,1.044
309787,309804,310287,17,483,2,7200,1.03519668737
309789,309819,310368,30,549,2,7200,1.05464480874
309800,309824,310365,24,541,2,7200,1.04436229205
309817,309836,310315,19,479,2,7200,1.03966597077
309834,309889,310418,55,529,2,7200,1.10396975425
309835,309901,310417,66,516,2,7200,1.12790697674
309889,309906,310441,17,535,2,7200,1.03177570093
309901,309929,310506,28,577,2,7200,1.04852686308
309903,309940,310457,37,517,2,7200,1.07156673114
309925,310030,310567,105,537,2,7200,1.19553072626
309928,310620,310690,692,70,1,1200,10.8857142857
309928,310077,310119,149,42,2,1200,4.54761904762
309929,309953,309963,24,10,16,1200,3.4
309929,310013,310046,84,33,4,1200,3.54545454545
309929,310008,310038,79,30,8,1200,3.63333333333
309937,310035,310545,98,510,2,7200,1.19215686275
310028,310082,310608,54,526,2,7200,1.10266159696
310035,310088,310661,53,573,2,7200,1.092495637
310067,311256,314192,1189,2936,1,4200,1.40497275204
310078,310101,310641,23,540,2,7200,1.04259259259
310096,310113,310668,17,555,2,7200,1.03063063063
310097,310118,310641,21,523,2,7200,1.04015296367
310109,310130,310649,21,519,2,7200,1.04046242775
310116,310143,310641,27,498,2,7200,1.05421686747
310128,310197,310755,69,558,2,7200,1.12365591398
310140,310237,310775,97,538,2,7200,1.18029739777
310160,409414,478188,99254,68774,4,180000,2.44319074069
310194,310290,310807,96,517,2,7200,1.18568665377
310232,310303,310836,71,533,2,7200,1.13320825516
310286,310308,310797,22,489,2,7200,1.04498977505
310303,310322,310891,19,569,2,7200,1.03339191564
310305,310333,310827,28,494,2,7200,1.05668016194
310322,310386,310913,64,527,2,7200,1.12144212524
310329,310399,310964,70,565,2,7200,1.12389380531
310381,311513,312753,1132,1240,16,1200,1.91290322581
310383,310438,310978,55,540,2,7200,1.10185185185
310393,310891,310958,498,67,5,3600,8.4328358209
310395,310451,310988,56,537,2,7200,1.104283054
310438,310464,310933,26,469,2,7200,1.05543710021
310448,311584,311588,1136,4,16,1200,114.0
310448,311568,311572,1120,4,16,1200,112.4
310448,311549,311553,1101,4,16,1200,110.5
310448,311518,311529,1070,11,16,1200,98.2727272727
310450,310477,310954,27,477,2,7200,1.05660377358
310462,310518,311004,56,486,2,7200,1.11522633745
310479,310558,311096,79,538,2,7200,1.1468401487
310509,311600,325150,1091,13550,16,36000,1.08051660517
310518,310586,311092,68,506,2,7200,1.13438735178
310556,310653,311182,97,529,2,7200,1.18336483932
310583,310658,311160,75,502,2,7200,1.14940239044
310603,311718,326809,1115,15091,16,36000,1.07388509708
310621,310747,310770,126,23,8,1200,6.47826086957
310621,310818,310841,197,23,8,1200,9.5652173913
310621,310783,310807,162,24,8,1200,7.75
310621,310855,310879,234,24,8,1200,10.75
310653,310665,311214,12,549,2,7200,1.0218579235
310655,310674,311173,19,499,2,7200,1.0380761523
310672,310680,311212,8,532,2,7200,1.01503759398
310674,310768,311294,94,526,2,7200,1.17870722433
310681,310790,311365,109,575,2,7200,1.18956521739
310689,310699,310729,10,30,4,1200,1.33333333333
310690,310705,310735,15,30,4,1200,1.5
310766,310810,311354,44,544,2,7200,1.08088235294
310788,310823,311334,35,511,2,7200,1.06849315068
310806,310839,311398,33,559,2,7200,1.05903398927
310823,310848,311374,25,526,2,7200,1.04752851711
310833,373322,373327,62489,5,16,36000,6249.4
310835,310896,311419,61,523,2,7200,1.11663479924
310847,310908,311409,61,501,2,7200,1.12175648703
310896,310925,311453,29,528,2,7200,1.05492424242
310913,310946,311488,33,542,2,7200,1.06088560886
310925,310966,311488,41,522,2,7200,1.0785440613
310942,310973,311465,31,492,2,7200,1.06300813008
310965,310978,311499,13,521,2,7200,1.02495201536
310972,310990,311508,18,518,2,7200,1.03474903475
310978,310995,311507,17,512,2,7200,1.033203125
310985,311002,311509,17,507,2,7200,1.03353057199
311002,311016,311546,14,530,2,7200,1.02641509434
311004,311105,311605,101,500,2,7200,1.202
311014,313854,315683,2840,1829,4,18000,2.55276107162
311016,311112,311602,96,490,2,7200,1.19591836735
311101,311172,311718,71,546,2,7200,1.13003663004
311108,311185,311720,77,535,2,7200,1.14392523364
311172,311193,311710,21,517,2,7200,1.04061895551
311189,311224,311696,35,472,2,7200,1.07415254237
311190,311231,311723,41,492,2,7200,1.08333333333
311223,311306,311839,83,533,2,7200,1.15572232645
311230,311347,311824,117,477,2,7200,1.24528301887
311305,311369,311898,64,529,2,7200,1.12098298677
311343,311377,311936,34,559,2,7200,1.06082289803
311357,311363,311449,6,86,1,3600,1.06976744186
311370,311386,311898,16,512,2,7200,1.03125
311377,311410,311924,33,514,2,7200,1.06420233463
311384,311422,311923,38,501,2,7200,1.07584830339
311406,311431,311964,25,533,2,7200,1.0469043152
311419,311466,312027,47,561,2,7200,1.08377896613
311431,311477,312012,46,535,2,7200,1.08598130841
311464,311500,312025,36,525,2,7200,1.06857142857
311481,311505,312006,24,501,2,7200,1.04790419162
311498,311524,312044,26,520,2,7200,1.05
311505,311531,312042,26,511,2,7200,1.05088062622
311519,311542,312018,23,476,1,3600,1.04831932773
311522,311536,312074,14,538,2,7200,1.02602230483
311529,311554,312030,25,476,2,7200,1.0525210084
311546,311561,312117,15,556,2,7200,1.02697841727
311553,311615,312133,62,518,2,7200,1.11969111969
311560,311622,312118,62,496,2,7200,1.125
311586,311593,311840,7,247,1,3600,1.02834008097
311614,311708,312250,94,542,2,7200,1.17343173432
311621,311725,312239,104,514,2,7200,1.20233463035
311658,312558,316654,900,4096,64,5400,1.2197265625
311706,311732,312249,26,517,2,7200,1.0502901354
311723,311737,312227,14,490,2,7200,1.02857142857
311730,311744,312283,14,539,2,7200,1.02597402597
311737,311836,312328,99,492,2,7200,1.2012195122
311744,311851,312420,107,569,2,7200,1.18804920914
311834,311909,312415,75,506,2,7200,1.14822134387
311852,311915,312451,63,536,2,7200,1.11753731343
311906,311935,312458,29,523,2,7200,1.05544933078
311912,311941,312428,29,487,2,7200,1.05954825462
311935,311948,312455,13,507,2,7200,1.02564102564
311942,311976,312464,34,488,2,7200,1.06967213115
311948,312018,312552,70,534,2,7200,1.13108614232
311976,312025,312538,49,513,2,7200,1.0955165692
311981,373352,378000,61371,4648,16,36000,14.2037435456
312002,374477,375198,62475,721,16,36000,87.6504854369
312014,312030,312541,16,511,2,7200,1.0313111546
312021,312038,312506,17,468,2,7200,1.03632478632
312038,312045,312582,7,537,2,7200,1.01303538175
312040,312052,312605,12,553,2,7200,1.02169981917
312042,312059,312559,17,500,2,7200,1.034
312048,312064,312567,16,503,2,7200,1.03180914513
312055,312087,312615,32,528,2,7200,1.06060606061
312062,312129,312627,67,498,2,7200,1.13453815261
312085,312136,312656,51,520,2,7200,1.09807692308
312127,312145,312652,18,507,2,7200,1.03550295858
312134,312240,312739,106,499,2,7200,1.2124248497
312141,312251,312780,110,529,2,7200,1.20793950851
312145,313865,314358,1720,493,1,3600,4.48884381339
312180,373327,429200,61147,55873,16,72000,2.09439264045
312237,312261,312820,24,559,2,7200,1.04293381038
312249,312268,312794,19,526,2,7200,1.036121673
312265,312295,312802,30,507,2,7200,1.05917159763
312267,312340,312859,73,519,2,7200,1.14065510597
312295,312427,312924,132,497,2,7200,1.26559356137
312338,312434,312908,96,474,2,7200,1.20253164557
312423,312441,312983,18,542,2,7200,1.0332103321
312440,312464,312990,24,526,2,7200,1.04562737643
312442,312471,312963,29,492,2,7200,1.05894308943
312464,312476,312980,12,504,2,7200,1.02380952381
312471,312483,312958,12,475,2,7200,1.02526315789
312473,312518,313018,45,500,2,7200,1.09
312489,312551,313086,62,535,2,7200,1.11588785047
312517,312563,313080,46,517,2,7200,1.08897485493
312550,312570,313079,20,509,2,7200,1.03929273084
312562,312577,313109,15,532,2,7200,1.02819548872
312579,312594,313051,15,457,2,7200,1.03282275711
312581,312617,313117,36,500,2,7200,1.072
312592,312627,313135,35,508,2,7200,1.0688976378
312615,312640,313160,25,520,2,7200,1.04807692308
312627,312665,313138,38,473,2,7200,1.08033826638
312639,312677,313194,38,517,2,7200,1.07350096712
312667,312751,313230,84,479,2,7200,1.17536534447
312674,312798,313344,124,546,2,7200,1.22710622711
312749,312811,313308,62,497,2,7200,1.12474849095
312798,312823,313361,25,538,2,7200,1.04646840149
312810,312838,313365,28,527,2,7200,1.05313092979
312822,312878,313418,56,540,2,7200,1.1037037037
312838,312929,313462,91,533,2,7200,1.17073170732
312877,312942,313471,65,529,2,7200,1.12287334594
312926,312970,313521,44,551,2,7200,1.07985480944
312938,312982,313515,44,533,2,7200,1.08255159475
312965,312997,313510,32,513,2,7200,1.06237816764
312983,313002,313521,19,519,2,7200,1.0366088632
312995,313014,313505,19,491,2,7200,1.03869653768
313002,313040,313569,38,529,2,7200,1.07183364839
313014,313068,313570,54,502,2,7200,1.10756972112
313037,313095,313623,58,528,2,7200,1.10984848485
313064,313100,313571,36,471,2,7200,1.07643312102
313098,313112,313632,14,520,2,7200,1.02692307692
313100,313127,313648,27,521,2,7200,1.05182341651
313112,313139,313652,27,513,2,7200,1.05263157895
313124,313154,313694,30,540,2,7200,1.05555555556
313136,313159,313695,23,536,2,7200,1.04291044776
313153,313173,313671,20,498,2,7200,1.04016064257
313155,313213,313740,58,527,2,7200,1.110056926
313171,313251,313769,80,518,2,7200,1.15444015444
313210,313320,313888,110,568,2,7200,1.19366197183
313248,313360,313890,112,530,2,7200,1.21132075472
313318,313374,313862,56,488,2,7200,1.11475409836
313356,313386,313899,30,513,2,7200,1.05847953216
313373,313438,313959,65,521,2,7200,1.12476007678
313385,313479,313972,94,493,2,7200,1.1906693712
313434,313491,313998,57,507,2,7200,1.1124260355
313477,313519,314082,42,563,2,7200,1.07460035524
313490,313531,314030,41,499,2,7200,1.08216432866
313517,313544,314071,27,527,2,7200,1.05123339658
313535,313557,314043,22,486,2,7200,1.04526748971
313542,313563,314112,21,549,2,7200,1.03825136612
313554,313590,314103,36,513,2,7200,1.0701754386
313561,313595,314070,34,475,2,7200,1.07157894737
313589,313641,314132,52,491,2,7200,1.10590631365
313596,313653,314189,57,536,2,7200,1.10634328358
313639,313666,314182,27,516,2,7200,1.0523255814
313651,313679,314240,28,561,2,7200,1.04991087344
313670,313692,314178,22,486,2,7200,1.04526748971
313676,313707,314195,31,488,2,7200,1.06352459016
313688,313712,314146,24,434,2,7200,1.05529953917
313706,313752,314256,46,504,2,7200,1.09126984127
313712,313790,314327,78,537,2,7200,1.14525139665
313751,313843,314396,92,553,2,7200,1.16636528029
313789,313849,314370,60,521,2,7200,1.11516314779
313842,313877,314406,35,529,2,7200,1.06616257089
313849,313882,314407,33,525,2,7200,1.06285714286
313877,313894,314435,17,541,2,7200,1.0314232902
313879,313907,314446,28,539,2,7200,1.05194805195
313891,313920,314471,29,551,2,7200,1.05263157895
313907,313926,314441,19,515,2,7200,1.03689320388
313919,313978,314505,59,527,2,7200,1.1119544592
313921,313991,314506,70,515,2,7200,1.1359223301
313975,314019,314547,44,528,2,7200,1.08333333333
313991,314044,314498,53,454,2,7200,1.11674008811
314019,314059,314556,40,497,2,7200,1.08048289738
314047,314086,314631,39,545,2,7200,1.07155963303
314059,314091,314632,32,541,2,7200,1.05914972274
314081,314103,314619,22,516,2,7200,1.04263565891
314098,314118,314621,20,503,2,7200,1.03976143141
314099,314130,314595,31,465,2,7200,1.06666666667
314117,314145,314667,28,522,2,7200,1.05363984674
314133,314158,314688,25,530,2,7200,1.04716981132
314145,314198,314686,53,488,2,7200,1.10860655738
314157,314203,314730,46,527,2,7200,1.08728652751
314159,314215,317918,56,3703,4,3600,1.01512287335
314201,314220,314734,19,514,2,7200,1.03696498054
314203,314260,314823,57,563,2,7200,1.10124333925
314220,314273,314772,53,499,2,7200,1.10621242485
314258,314340,314870,82,530,2,7200,1.15471698113
314271,314391,314885,120,494,2,7200,1.24291497976
314339,314417,314943,78,526,2,7200,1.14828897338
314388,314430,314989,42,559,2,7200,1.07513416816
314416,314436,314963,20,527,2,7200,1.03795066414
314432,314450,314984,18,534,2,7200,1.03370786517
314434,314462,315011,28,549,2,7200,1.05100182149
314446,314475,315065,29,590,2,7200,1.04915254237
314458,314490,314996,32,506,2,7200,1.06324110672
314475,314516,315049,41,533,2,7200,1.07692307692
314487,314528,315060,41,532,2,7200,1.07706766917
314515,314533,315090,18,557,2,7200,1.03231597846
314527,314561,315080,34,519,2,7200,1.0655105973
314543,314573,315055,30,482,2,7200,1.0622406639
314561,314614,315152,53,538,2,7200,1.09851301115
314573,314641,315137,68,496,2,7200,1.13709677419
314616,314646,315168,30,522,2,7200,1.05747126437
314638,314658,315234,20,576,2,7200,1.03472222222
314645,314663,315176,18,513,2,7200,1.0350877193
314662,314688,315165,26,477,2,7200,1.05450733753
314664,314703,315235,39,532,2,7200,1.07330827068
314686,314708,315200,22,492,2,7200,1.04471544715
314698,314748,315242,50,494,2,7200,1.1012145749
314715,314753,315240,38,487,2,7200,1.07802874743
314748,314793,315293,45,500,2,7200,1.09
314749,314844,315350,95,506,2,7200,1.18774703557
314792,314884,315362,92,478,2,7200,1.19246861925
314841,314898,315416,57,518,2,7200,1.11003861004
314884,314938,315459,54,521,2,7200,1.10364683301
314901,314975,315487,74,512,2,7200,1.14453125
314934,314980,315482,46,502,2,7200,1.09163346614
314989,314997,315513,8,516,2,7200,1.01550387597
314991,315002,315509,11,507,2,7200,1.02169625247
314999,315018,315490,19,472,2,7200,1.04025423729
315017,315033,315525,16,492,2,7200,1.0325203252
315070,315086,315602,16,516,2,7200,1.03100775194
315072,315091,315567,19,476,2,7200,1.03991596639
315105,315112,315631,7,519,2,7200,1.01348747592
315173,315188,315659,15,471,2,7200,1.03184713376
315198,316164,352181,966,36017,2,36000,1.02682066802
315239,315255,315759,16,504,2,7200,1.03174603175
315257,315272,315768,15,496,2,7200,1.03024193548
315501,315508,316020,7,512,2,7200,1.013671875
315503,315514,316040,11,526,2,7200,1.02091254753
315521,315535,316055,14,520,2,7200,1.02692307692
316042,316050,316571,8,521,2,7200,1.01535508637
316059,316066,316598,7,532,2,7200,1.01315789474
316105,373002,445032,56897,72030,3,72000,1.7899069832
316576,316582,317100,6,518,2,7200,1.01158301158
316662,317566,318116,904,550,64,5400,2.64363636364
317102,317108,317619,6,511,2,7200,1.01174168297
317125,317264,317266,139,2,4,7200,14.1
317136,317152,317163,16,11,4,7200,2.45454545455
317185,317191,323089,6,5898,2,7200,1.001017294
317290,317297,318652,7,1355,4,7200,1.00516605166
317379,318128,318369,749,241,25,3599,4.10788381743
317415,317422,320002,7,2580,3,28800,1.00271317829
317621,317628,318139,7,511,2,7200,1.01369863014
317691,317698,326946,7,9248,4,18000,1.00075692042
318050,352193,387815,34143,35622,2,39600,1.95848071417
318080,318086,321693,6,3607,4,3600,1.00166343222
318141,318148,318624,7,476,2,7200,1.01470588235
318416,318423,320423,7,2000,1,28800,1.0035
318614,318621,335429,7,16808,1,16800,1.00041646835
318627,318634,319163,7,529,2,7200,1.01323251418
318697,318704,321656,7,2952,1,16800,1.00237127371
318903,318910,347731,7,28821,1,28800,1.00024287846
318965,318973,319048,8,75,1,28800,1.10666666667
319022,319029,319040,7,11,1,28800,1.63636363636
319045,319052,325195,7,6143,1,28800,1.00113950838
319066,319072,337506,6,18434,1,28800,1.00032548552
319128,319135,336786,7,17651,1,28800,1.0003965781
319167,319174,319670,7,496,2,7200,1.01411290323
319674,319689,320167,15,478,2,7200,1.03138075314
320101,320111,348960,10,28849,4,28800,1.00034663247
320169,320177,320714,8,537,2,7200,1.01489757914
320708,409602,463115,88894,53513,3,72000,2.66116644554
320716,320733,321251,17,518,2,7200,1.03281853282
321254,321271,321762,17,491,2,7200,1.03462321792
321352,321363,321374,11,11,10,600,2.0
321642,321649,321650,7,1,1,60,1.0
321694,321701,325411,7,3710,4,3600,1.00188679245
321765,321772,322347,7,575,2,7200,1.01217391304
321847,321854,321940,7,86,1,60,1.08139534884
322217,322224,326262,7,4038,4,14400,1.00173353145
322316,322328,326828,12,4500,4,14400,1.00266666667
322351,322357,322543,6,186,2,7200,1.03225806452
322589,322596,323130,7,534,2,7200,1.01310861423
322591,322602,323086,11,484,2,7200,1.02272727273
322593,322608,323106,15,498,2,7200,1.03012048193
322600,322615,323132,15,517,2,7200,1.02901353965
322606,322620,323139,14,519,2,7200,1.02697495183
322613,322627,323118,14,491,2,7200,1.02851323829
322620,322632,323148,12,516,2,7200,1.02325581395
322627,322639,323164,12,525,2,7200,1.02285714286
322629,322644,323113,15,469,2,7200,1.03198294243
322636,322651,323160,15,509,2,7200,1.02946954813
322642,323122,323610,480,488,2,7200,1.98360655738
322645,322673,326885,28,4212,4,14400,1.00664767331
322649,322663,323219,14,556,2,7200,1.02517985612
322656,322668,323165,12,497,2,7200,1.02414486922
322668,322686,323205,18,519,2,7200,1.03468208092
322680,322699,323216,19,517,2,7200,1.03675048356
322682,322704,323255,22,551,2,7200,1.03992740472
322704,322716,323206,12,490,2,7200,1.02448979592
322706,322729,323225,23,496,2,7200,1.04637096774
322713,322734,323259,21,525,2,7200,1.04
322725,322746,323269,21,523,2,7200,1.04015296367
322737,322759,323261,22,502,2,7200,1.0438247012
322744,322764,323267,20,503,2,7200,1.03976143141
322756,322777,323282,21,505,2,7200,1.04158415842
322768,322790,323318,22,528,2,7200,1.04166666667
322780,322803,323310,23,507,2,7200,1.04536489152
322787,322808,323337,21,529,2,7200,1.03969754253
322799,322821,323317,22,496,2,7200,1.04435483871
322811,322834,323370,23,536,2,7200,1.04291044776
322818,322839,323275,21,436,2,7200,1.04816513761
322830,322852,323365,22,513,2,7200,1.04288499025
323006,323022,326672,16,3650,16,3600,1.00438356164
323089,323102,323564,13,462,2,7200,1.02813852814
323108,323115,323608,7,493,2,7200,1.01419878296
323123,323129,323593,6,464,2,7200,1.01293103448
323125,323135,323672,10,537,2,7200,1.01862197393
323140,323147,323673,7,526,2,7200,1.01330798479
323142,323154,323720,12,566,2,7200,1.02120141343
323143,323159,323667,16,508,2,7200,1.03149606299
323159,323166,323710,7,544,2,7200,1.01286764706
323174,323180,323660,6,480,2,7200,1.0125
323176,323187,323700,11,513,2,7200,1.02144249513
323177,323580,324082,403,502,2,7200,1.80278884462
323208,323224,323748,16,524,2,7200,1.03053435115
323215,323237,323802,22,565,2,7200,1.0389380531
323230,323250,323789,20,539,2,7200,1.03710575139
323242,323263,323802,21,539,2,7200,1.03896103896
323254,323276,323778,22,502,2,7200,1.0438247012
323270,323290,323831,20,541,2,7200,1.03696857671
323282,323303,323811,21,508,2,7200,1.04133858268
323294,323316,323811,22,495,2,7200,1.04444444444
323306,323329,323879,23,550,2,7200,1.04181818182
323313,323334,323885,21,551,2,7200,1.03811252269
323334,323346,323830,12,484,2,7200,1.02479338843
323336,323359,323847,23,488,2,7200,1.04713114754
323343,323364,323837,21,473,2,7200,1.044397463
323355,323376,323895,21,519,2,7200,1.04046242775
323367,323389,323861,22,472,2,7200,1.04661016949
323382,323402,323893,20,491,2,7200,1.04073319756
323394,323415,323936,21,521,2,7200,1.04030710173
323406,323428,323936,22,508,2,7200,1.04330708661
323567,323574,324051,7,477,2,7200,1.01467505241
323594,323611,324106,17,495,2,7200,1.03434343434
323610,323628,324138,18,510,2,7200,1.03529411765
323625,323676,324201,51,525,2,7200,1.09714285714
323661,323670,324155,9,485,2,7200,1.01855670103
323677,323683,324181,6,498,2,7200,1.01204819277
323679,323691,324220,12,529,2,7200,1.02268431002
323680,323696,324244,16,548,2,7200,1.02919708029
323701,323718,324231,17,513,2,7200,1.03313840156
323717,323726,324220,9,494,2,7200,1.01821862348
323732,323739,324275,7,536,2,7200,1.01305970149
323750,324098,324583,348,485,2,7200,1.7175257732
323781,323790,324322,9,532,2,7200,1.01691729323
323796,323804,324280,8,476,2,7200,1.01680672269
323812,323818,324351,6,533,2,7200,1.01125703565
323813,323830,324342,17,512,2,7200,1.033203125
323820,323843,324313,23,470,2,7200,1.04893617021
323827,375213,391906,51386,16693,16,108000,4.07829629186
323827,323849,324307,22,458,2,7200,1.0480349345
323848,323861,324386,13,525,2,7200,1.02476190476
323854,378018,397220,54164,19202,16,108000,3.82074783877
323855,323874,324349,19,475,2,7200,1.04
323867,323887,324433,20,546,2,7200,1.03663003663
323869,500397,519496,176528,19099,16,108000,10.2427875805
323879,323900,324440,21,540,2,7200,1.03888888889
323885,504787,516875,180902,12088,16,108000,15.9654202515
323895,323913,324415,18,502,2,7200,1.03585657371
323897,323919,324447,22,528,2,7200,1.04166666667
323912,510665,529805,186753,19140,16,108000,10.7572100313
323919,323931,324448,12,517,2,7200,1.02321083172
323921,323944,324457,23,513,2,7200,1.04483430799
323924,487349,500386,163425,13037,16,108000,13.5354759531
323936,323957,324469,21,512,2,7200,1.041015625
323948,323970,324482,22,512,2,7200,1.04296875
323960,323983,324483,23,500,2,7200,1.046
324052,324064,324576,12,512,2,7200,1.0234375
324085,324091,324608,6,517,2,7200,1.01160541586
324110,324126,324616,16,490,2,7200,1.03265306122
324140,324157,324658,17,501,2,7200,1.03393213573
324156,324256,324769,100,513,2,7200,1.19493177388
324183,324199,324723,16,524,2,7200,1.03053435115
324205,324212,324715,7,503,2,7200,1.01391650099
324223,324244,324801,21,557,2,7200,1.03770197487
324225,324249,324793,24,544,2,7200,1.04411764706
324226,324239,324588,13,349,4,4200,1.03724928367
324251,324264,324772,13,508,2,7200,1.02559055118
324253,324597,325101,344,504,2,7200,1.68253968254
324277,324290,324786,13,496,2,7200,1.02620967742
324292,324303,324862,11,559,2,7200,1.01967799642
324308,324318,324819,10,501,2,7200,1.01996007984
324323,324331,324813,8,482,2,7200,1.01659751037
324325,324336,324803,11,467,2,7200,1.02355460385
324343,324350,324871,7,521,2,7200,1.01343570058
324358,324365,324862,7,497,2,7200,1.01408450704
324360,324377,324900,17,523,2,7200,1.03250478011
324387,324403,324941,16,538,2,7200,1.02973977695
324418,324431,324920,13,489,2,7200,1.02658486708
324436,324445,324991,9,546,2,7200,1.01648351648
324452,324458,324923,6,465,2,7200,1.01290322581
324454,324471,324996,17,525,2,7200,1.03238095238
324466,324484,324995,18,511,2,7200,1.03522504892
324481,324497,325015,16,518,2,7200,1.03088803089
324488,324510,325006,22,496,2,7200,1.04435483871
324503,324523,325002,20,479,2,7200,1.04175365344
324515,324536,325067,21,531,2,7200,1.0395480226
324579,324591,325066,12,475,2,7200,1.02526315789
324594,324605,325107,11,502,2,7200,1.0219123506
324610,324616,325151,6,535,2,7200,1.01121495327
324625,324632,325118,7,486,2,7200,1.01440329218
324661,324678,325200,17,522,2,7200,1.03256704981
324716,324732,325191,16,459,2,7200,1.0348583878
324732,324740,325277,8,537,2,7200,1.01489757914
324771,324787,325313,16,526,2,7200,1.03041825095
324787,324794,325277,7,483,2,7200,1.01449275362
324788,324809,325322,21,513,2,7200,1.04093567251
324804,325122,325671,318,549,2,7200,1.57923497268
324806,324822,325315,16,493,2,7200,1.03245436105
324813,324836,325390,23,554,2,7200,1.04151624549
324828,324849,325374,21,525,2,7200,1.04
324840,324862,325372,22,510,2,7200,1.0431372549
324865,324877,325415,12,538,2,7200,1.02230483271
324866,324882,325374,16,492,2,7200,1.0325203252
324882,324894,325362,12,468,2,7200,1.02564102564
324903,324909,325361,6,452,2,7200,1.01327433628
324921,324937,325481,16,544,2,7200,1.02941176471
324937,324949,325469,12,520,2,7200,1.02307692308
324952,324963,325470,11,507,2,7200,1.02169625247
324995,325004,325515,9,511,2,7200,1.01761252446
325010,325017,325525,7,508,2,7200,1.01377952756
325012,325030,325551,18,521,2,7200,1.03454894434
325014,325035,325562,21,527,2,7200,1.03984819734
325026,325047,325572,21,525,2,7200,1.04
325041,325060,325586,19,526,2,7200,1.036121673
325069,325076,325572,7,496,2,7200,1.01411290323
325070,325088,325615,18,527,2,7200,1.03415559772
325104,325116,325607,12,491,2,7200,1.02443991853
325119,325129,325619,10,490,2,7200,1.02040816327
325121,325173,325698,52,525,2,7200,1.09904761905
325151,325166,325643,15,477,2,7200,1.03144654088
325194,325210,325728,16,518,2,7200,1.03088803089
325209,325218,325768,9,550,2,7200,1.01636363636
325279,325287,325821,8,534,2,7200,1.01498127341
325281,325294,325810,13,516,2,7200,1.02519379845
325314,325322,325875,8,553,2,7200,1.01446654611
325316,325329,325868,13,539,2,7200,1.0241187384
325331,325339,325848,8,509,2,7200,1.01571709234
325364,325379,325855,15,476,2,7200,1.03151260504
325381,325396,325928,15,532,2,7200,1.02819548872
325383,325401,325917,18,516,2,7200,1.03488372093
325417,325423,325932,6,509,2,7200,1.01178781925
325471,325477,326007,6,530,2,7200,1.01132075472
325488,325494,325992,6,498,2,7200,1.01204819277
325584,325600,326088,16,488,2,7200,1.03278688525
325614,325621,326140,7,519,2,7200,1.01348747592
325630,325636,326151,6,515,2,7200,1.01165048544
325647,325654,326151,7,497,2,7200,1.01408450704
325702,325709,326226,7,517,2,7200,1.01353965184
325729,325736,326221,7,485,2,7200,1.01443298969
325771,325778,326321,7,543,2,7200,1.01289134438
325811,325818,326331,7,513,2,7200,1.01364522417
325826,325832,326424,6,592,2,7200,1.01013513514
325851,325858,326416,7,558,2,7200,1.01254480287
325866,325872,326373,6,501,2,7200,1.0119760479
325881,325889,326393,8,504,2,7200,1.01587301587
325883,325896,326392,13,496,2,7200,1.02620967742
325936,325951,326464,15,513,2,7200,1.02923976608
326091,326098,326610,7,512,2,7200,1.013671875
326159,326165,326647,6,482,2,7200,1.01244813278
326160,326172,326651,12,479,2,7200,1.02505219207
326224,326233,326234,9,1,2,7200,1.0
326239,326245,326767,6,522,2,7200,1.01149425287
326324,326330,326849,6,519,2,7200,1.01156069364
326339,326346,326864,7,518,2,7200,1.01351351351
326375,326383,326897,8,514,2,7200,1.01556420233
326394,326400,326912,6,512,2,7200,1.01171875
326395,326408,326964,13,556,2,7200,1.02338129496
326420,326427,326955,7,528,2,7200,1.01325757576
326435,326443,326956,8,513,2,7200,1.01559454191
326457,349033,376638,22576,27605,48,28800,1.81782285818
326466,326473,326992,7,519,2,7200,1.01348747592
326614,326621,327068,7,447,2,7200,1.01565995526
326651,326658,327181,7,523,2,7200,1.01338432122
326666,326672,327220,6,548,2,7200,1.01094890511
326769,326775,327284,6,509,2,7200,1.01178781925
326850,326857,327379,7,522,2,7200,1.01340996169
326866,326873,327407,7,534,2,7200,1.01310861423
326899,326905,327454,6,549,2,7200,1.01092896175
326914,326921,327432,7,511,2,7200,1.01369863014
326957,326964,327466,7,502,2,7200,1.01394422311
326959,326971,327469,12,498,2,7200,1.02409638554
326974,326981,327508,7,527,2,7200,1.01328273245
326996,327002,327525,6,523,2,7200,1.01147227533
327071,327078,327604,7,526,2,7200,1.01330798479
327184,327190,327672,6,482,2,7200,1.01244813278
327223,327229,327711,6,482,2,7200,1.01244813278
327286,327293,327750,7,457,2,7200,1.01531728665
327380,327386,327881,6,495,2,7200,1.01212121212
327411,327418,327918,7,500,2,7200,1.014
327435,327442,327917,7,475,2,7200,1.01473684211
327456,327462,328016,6,554,2,7200,1.01083032491
327472,327480,327980,8,500,2,7200,1.016
327473,327485,328006,12,521,2,7200,1.02303262956
327510,327516,328049,6,533,2,7200,1.01125703565
327528,327535,328058,7,523,2,7200,1.01338432122
327607,327613,328104,6,491,2,7200,1.01221995927
327673,327681,328156,8,475,2,7200,1.01684210526
327713,327719,328255,6,536,2,7200,1.01119402985
327752,327759,328250,7,491,2,7200,1.01425661914
327882,327890,328443,8,553,2,7200,1.01446654611
327919,327925,328462,6,537,2,7200,1.01117318436
327920,327932,328456,12,524,2,7200,1.02290076336
327981,327987,328523,6,536,2,7200,1.01119402985
328009,328015,328536,6,521,2,7200,1.01151631478
328024,328030,328538,6,508,2,7200,1.01181102362
328051,328057,328575,6,518,2,7200,1.01158301158
328066,328072,328574,6,502,2,7200,1.01195219124
328106,328112,328644,6,532,2,7200,1.01127819549
328160,328166,328667,6,501,2,7200,1.0119760479
328251,328257,328776,6,519,2,7200,1.01156069364
328266,328273,328770,7,497,2,7200,1.01408450704
328444,328450,328964,6,514,2,7200,1.01167315175
328460,328467,328971,7,504,2,7200,1.01388888889
328475,328481,329010,6,529,2,7200,1.01134215501
328526,328532,329066,6,534,2,7200,1.01123595506
328542,328548,329082,6,534,2,7200,1.01123595506
328543,328555,329069,12,514,2,7200,1.0233463035
328577,328583,329029,6,446,2,7200,1.0134529148
328578,328590,329156,12,566,2,7200,1.02120141343
328648,328654,329157,6,503,2,7200,1.01192842942
328669,328677,329153,8,476,2,7200,1.01680672269
328772,328779,329281,7,502,2,7200,1.01394422311
328787,328795,329313,8,518,2,7200,1.01544401544
328965,328971,329486,6,515,2,7200,1.01165048544
328980,328988,329492,8,504,2,7200,1.01587301587
329014,329020,329526,6,506,2,7200,1.01185770751
329032,329038,329573,6,535,2,7200,1.01121495327
329069,329076,329597,7,521,2,7200,1.01343570058
329084,329090,329651,6,561,2,7200,1.01069518717
329086,329097,329582,11,485,2,7200,1.02268041237
329155,329163,329685,8,522,2,7200,1.0153256705
329171,329177,329675,6,498,2,7200,1.01204819277
329172,329183,329684,11,501,2,7200,1.02195608782
329285,329292,329821,7,529,2,7200,1.01323251418
329315,329322,329823,7,501,2,7200,1.01397205589
329487,329494,329983,7,489,2,7200,1.01431492843
329502,329510,329992,8,482,2,7200,1.01659751037
329527,329534,330053,7,519,2,7200,1.01348747592
329575,329581,330064,6,483,2,7200,1.01242236025
329590,329597,330092,7,495,2,7200,1.01414141414
329606,329612,330137,6,525,2,7200,1.01142857143
329654,329660,330164,6,504,2,7200,1.0119047619
329679,329685,330210,6,525,2,7200,1.01142857143
329694,329701,330254,7,553,2,7200,1.01265822785
329696,329708,330239,12,531,2,7200,1.02259887006
329823,329830,330354,7,524,2,7200,1.01335877863
329825,329837,330320,12,483,2,7200,1.0248447205
329985,329992,330532,7,540,2,7200,1.01296296296
330000,330006,330523,6,517,2,7200,1.01160541586
330055,330061,330565,6,504,2,7200,1.0119047619
330070,330076,330630,6,554,2,7200,1.01083032491
330094,330101,330601,7,500,2,7200,1.014
330140,330147,330663,7,516,2,7200,1.01356589147
330164,330171,330686,7,515,2,7200,1.01359223301
330213,330219,330734,6,515,2,7200,1.01165048544
330240,330247,330813,7,566,2,7200,1.01236749117
330255,330263,330768,8,505,2,7200,1.01584158416
330322,330329,330838,7,509,2,7200,1.0137524558
330355,330362,330872,7,510,2,7200,1.0137254902
330527,330533,331013,6,480,2,7200,1.0125
330542,330549,331076,7,527,2,7200,1.01328273245
330567,330573,331074,6,501,2,7200,1.0119760479
330603,330610,331128,7,518,2,7200,1.01351351351
330633,330641,331131,8,490,2,7200,1.01632653061
330664,330671,331224,7,553,2,7200,1.01265822785
330688,330695,331267,7,572,2,7200,1.01223776224
330737,330744,331248,7,504,2,7200,1.01388888889
330770,330776,331284,6,508,2,7200,1.01181102362
330815,330822,331318,7,496,2,7200,1.01411290323
330840,330847,331327,7,480,2,7200,1.01458333333
330873,330879,331406,6,527,2,7200,1.01138519924
331015,331023,331535,8,512,2,7200,1.015625
331076,331082,331577,6,495,2,7200,1.01212121212
331091,331097,331636,6,539,2,7200,1.01113172542
331131,331137,331624,6,487,2,7200,1.01232032854
331146,331152,331656,6,504,2,7200,1.0119047619
331228,331235,331748,7,513,2,7200,1.01364522417
331249,331255,331787,6,532,2,7200,1.01127819549
331268,331274,331784,6,510,2,7200,1.01176470588
331286,331292,331800,6,508,2,7200,1.01181102362
331319,331325,331824,6,499,2,7200,1.0120240481
331334,331342,331874,8,532,2,7200,1.01503759398
331410,331417,331966,7,549,2,7200,1.01275045537
331537,331544,332068,7,524,2,7200,1.01335877863
331579,331586,332109,7,523,2,7200,1.01338432122
331628,331634,332141,6,507,2,7200,1.01183431953
331643,331649,332170,6,521,2,7200,1.01151631478
331658,331666,332170,8,504,2,7200,1.01587301587
331749,331755,332283,6,528,2,7200,1.01136363636
331786,331793,332306,7,513,2,7200,1.01364522417
331801,331808,332355,7,547,2,7200,1.01279707495
331803,331815,332295,12,480,2,7200,1.025
331827,331833,332325,6,492,2,7200,1.01219512195
331876,331882,332375,6,493,2,7200,1.0121703854
331966,331973,332491,7,518,2,7200,1.01351351351
332069,332076,332598,7,522,2,7200,1.01340996169
332112,332119,332618,7,499,2,7200,1.01402805611
332145,332151,332721,6,570,2,7200,1.01052631579
332172,332178,332715,6,537,2,7200,1.01117318436
332174,332186,332676,12,490,2,7200,1.02448979592
332286,332293,332774,7,481,2,7200,1.01455301455
332301,332309,332842,8,533,2,7200,1.01500938086
332316,332322,332876,6,554,2,7200,1.01083032491
332331,332339,332849,8,510,2,7200,1.01568627451
332359,332365,332892,6,527,2,7200,1.01138519924
332377,332383,332951,6,568,2,7200,1.01056338028
332492,332499,332984,7,485,2,7200,1.01443298969
332601,332607,333144,6,537,2,7200,1.01117318436
332622,332629,333154,7,525,2,7200,1.01333333333
332679,332687,333205,8,518,2,7200,1.01544401544
332719,332725,333276,6,551,2,7200,1.0108892922
332734,332741,333243,7,502,2,7200,1.01394422311
332776,332783,333268,7,485,2,7200,1.01443298969
332843,332849,333379,6,530,2,7200,1.01132075472
332858,332865,333359,7,494,2,7200,1.01417004049
332877,332883,333411,6,528,2,7200,1.01136363636
332895,332902,333385,7,483,2,7200,1.01449275362
332952,332960,333486,8,526,2,7200,1.01520912548
332986,332993,333527,7,534,2,7200,1.01310861423
333146,333152,333708,6,556,2,7200,1.01079136691
333161,333169,333729,8,560,2,7200,1.01428571429
333207,333213,333752,6,539,2,7200,1.01113172542
333247,333254,333736,7,482,2,7200,1.01452282158
333271,333277,333825,6,548,2,7200,1.01094890511
333286,333293,333845,7,552,2,7200,1.01268115942
333362,333369,333897,7,528,2,7200,1.01325757576
333381,333387,333914,6,527,2,7200,1.01138519924
333396,333403,333898,7,495,2,7200,1.01414141414
333414,333420,333927,6,507,2,7200,1.01183431953
333417,333572,333575,155,3,16,3600,15.8
333487,333500,334051,13,551,2,7200,1.02359346642
333530,333539,334111,9,572,2,7200,1.01573426573
333711,333718,334212,7,494,2,7200,1.01417004049
333732,333740,334230,8,490,2,7200,1.01632653061
333748,333755,334241,7,486,2,7200,1.01440329218
333763,333770,334266,7,496,2,7200,1.01411290323
333826,333832,334334,6,502,2,7200,1.01195219124
333841,333848,334430,7,582,2,7200,1.01202749141
333899,333906,334430,7,524,2,7200,1.01335877863
333900,333913,334429,13,516,2,7200,1.02519379845
333916,333922,334430,6,508,2,7200,1.01181102362
333931,333938,334438,7,500,2,7200,1.014
334055,334062,334597,7,535,2,7200,1.01308411215
334113,334119,334639,6,520,2,7200,1.01153846154
334132,334139,334180,7,41,16,3600,1.17073170732
334212,334220,334713,8,493,2,7200,1.01622718053
334234,334240,334741,6,501,2,7200,1.0119760479
334249,334256,334754,7,498,2,7200,1.0140562249
334267,334275,334751,8,476,2,7200,1.01680672269
334337,334343,334842,6,499,2,7200,1.0120240481
334363,334370,334445,7,75,16,3600,1.09333333333
334431,334439,334955,8,516,2,7200,1.01550387597
334433,334446,334955,13,509,2,7200,1.02554027505
334434,334451,334967,17,516,2,7200,1.03294573643
334441,334458,334949,17,491,2,7200,1.03462321792
334457,334465,334982,8,517,2,7200,1.01547388781
334598,334606,335153,8,547,2,7200,1.01462522852
334641,334650,335168,9,518,2,7200,1.01737451737
334716,334730,335228,14,498,2,7200,1.0281124498
334744,334757,335231,13,474,2,7200,1.02742616034
334759,334771,335294,12,523,2,7200,1.02294455067
334761,334776,335290,15,514,2,7200,1.02918287938
334843,334855,335374,12,519,2,7200,1.02312138728
334952,334959,335481,7,522,2,7200,1.01340996169
334965,335095,335098,130,3,32,7200,13.3
334967,334978,335494,11,516,2,7200,1.02131782946
334969,334984,335516,15,532,2,7200,1.02819548872
334976,334996,335486,20,490,2,7200,1.04081632653
334991,335009,335541,18,532,2,7200,1.03383458647
335154,335160,335681,6,521,2,7200,1.01151631478
335170,335176,335683,6,507,2,7200,1.01183431953
335230,335236,335748,6,512,2,7200,1.01171875
335245,335252,335749,7,497,2,7200,1.01408450704
335291,335297,335835,6,538,2,7200,1.01115241636
335306,335312,335814,6,502,2,7200,1.01195219124
335377,335383,335893,6,510,2,7200,1.01176470588
335483,335489,335981,6,492,2,7200,1.01219512195
335498,335504,335991,6,487,2,7200,1.01232032854
335500,335511,336063,11,552,2,7200,1.01992753623
335518,335524,336010,6,486,2,7200,1.01234567901
335542,335550,336074,8,524,2,7200,1.01526717557
335685,335692,336209,7,517,2,7200,1.01353965184
335686,335699,336253,13,554,2,7200,1.02346570397
335750,335757,336310,7,553,2,7200,1.01265822785
335752,335764,336282,12,518,2,7200,1.02316602317
335815,335821,336368,6,547,2,7200,1.01096892139
335837,335843,336334,6,491,2,7200,1.01221995927
335843,335850,335851,7,1,1,172800,1.0
335894,335902,336400,8,498,2,7200,1.01606425703
335960,335967,419131,7,83164,1,106800,1.00008417104
335978,409419,451441,73441,42022,1,172800,2.74767978678
335982,335988,336491,6,503,2,7200,1.01192842942
335985,335996,336150,11,154,64,5400,1.07142857143
335997,336003,336543,6,540,2,7200,1.01111111111
336012,336019,336522,7,503,2,7200,1.01391650099
336064,336070,336604,6,534,2,7200,1.01123595506
336079,336085,336603,6,518,2,7200,1.01158301158
336212,336219,336785,7,566,2,7200,1.01236749117
336254,336261,336760,7,499,2,7200,1.01402805611
336285,336292,336814,7,522,2,7200,1.01340996169
336312,336318,336861,6,543,2,7200,1.01104972376
336336,336343,336858,7,515,2,7200,1.01359223301
336370,336376,336871,6,495,2,7200,1.01212121212
336403,336410,336889,7,479,2,7200,1.01461377871
336491,336498,336972,7,474,2,7200,1.01476793249
336524,336531,337036,7,505,2,7200,1.01386138614
336546,336553,337053,7,500,2,7200,1.014
336607,336614,337129,7,515,2,7200,1.01359223301
336608,336621,337128,13,507,2,7200,1.02564102564
336763,336769,337274,6,505,2,7200,1.01188118812
336787,336794,337264,7,470,2,7200,1.01489361702
336817,336823,337312,6,489,2,7200,1.01226993865
336860,336867,337416,7,549,2,7200,1.01275045537
336875,336888,337379,13,491,2,7200,1.02647657841
336877,336893,337419,16,526,2,7200,1.03041825095
336892,336905,337429,13,524,2,7200,1.02480916031
336974,336985,337519,11,534,2,7200,1.02059925094
337038,337051,337530,13,479,2,7200,1.02713987474
337056,337063,337572,7,509,2,7200,1.0137524558
337129,337136,337648,7,512,2,7200,1.013671875
337144,337150,337648,6,498,2,7200,1.01204819277
337218,337229,337306,11,77,1,60,1.14285714286
337265,337280,337784,15,504,2,7200,1.02976190476
337280,337293,337820,13,527,2,7200,1.02466793169
337314,337320,337832,6,512,2,7200,1.01171875
337380,337387,337908,7,521,2,7200,1.01343570058
337420,337427,337913,7,486,2,7200,1.01440329218
337422,337434,337916,12,482,2,7200,1.02489626556
337437,337443,337965,6,522,2,7200,1.01149425287
337522,337528,338082,6,554,2,7200,1.01083032491
337537,337543,338070,6,527,2,7200,1.01138519924
337573,337579,338120,6,541,2,7200,1.01109057301
337649,337657,338185,8,528,2,7200,1.01515151515
337651,337664,338181,13,517,2,7200,1.0251450677
337787,337794,338362,7,568,2,7200,1.01232394366
337821,337827,338347,6,520,2,7200,1.01153846154
337836,337843,338372,7,529,2,7200,1.01323251418
337899,337906,338551,7,645,1,600,1.01085271318
337909,337915,338432,6,517,2,7200,1.01160541586
337924,337930,338428,6,498,2,7200,1.01204819277
337926,337937,338443,11,506,2,7200,1.02173913043
337968,337975,338486,7,511,2,7200,1.01369863014
338071,338078,338556,7,478,2,7200,1.01464435146
338086,338092,338640,6,548,2,7200,1.01094890511
338123,338129,338596,6,467,2,7200,1.01284796574
338183,338190,338699,7,509,2,7200,1.0137524558
338199,338206,338734,7,528,2,7200,1.01325757576
338317,409441,422700,71124,13259,1,28800,6.36420544536
338350,338356,338838,6,482,2,7200,1.01244813278
338365,338371,338848,6,477,2,7200,1.01257861635
338380,338386,338933,6,547,2,7200,1.01096892139
338432,338439,338931,7,492,2,7200,1.01422764228
338447,338454,338972,7,518,2,7200,1.01351351351
338449,338461,338962,12,501,2,7200,1.02395209581
338487,410466,423735,71979,13269,1,28800,6.42459868867
338488,338494,339034,6,540,2,7200,1.01111111111
338558,338564,339100,6,536,2,7200,1.01119402985
338597,338604,339117,7,513,2,7200,1.01364522417
338643,338649,339133,6,484,2,7200,1.01239669421
338701,338708,339250,7,542,2,7200,1.01291512915
338737,338744,339249,7,505,2,7200,1.01386138614
338840,338847,339301,7,454,2,7200,1.0154185022
338855,338862,339333,7,471,2,7200,1.01486199575
338934,338941,339478,7,537,2,7200,1.01303538175
338936,338948,339477,12,529,2,7200,1.02268431002
338966,338972,339482,6,510,2,7200,1.01176470588
338981,338988,339473,7,485,2,7200,1.01443298969
339027,339034,339038,7,4,5,172800,1.1
339028,339044,339108,16,64,5,172800,1.25
339028,339052,339056,24,4,5,172800,2.8
339028,339039,339108,11,69,5,172800,1.15942028986
339029,339057,339108,28,51,5,172800,1.54901960784
339029,339063,339073,34,10,5,172800,4.4
339029,339068,339072,39,4,5,172800,4.3
339030,339078,339079,48,1,5,172800,4.9
339030,339073,339074,43,1,5,172800,4.4
339072,339085,339577,13,492,2,7200,1.02642276423
339103,339109,339582,6,473,2,7200,1.01268498943
339118,339124,339610,6,486,2,7200,1.01234567901
339136,339142,339638,6,496,2,7200,1.01209677419
339251,339258,339757,7,499,2,7200,1.01402805611
339253,339265,339745,12,480,2,7200,1.025
339305,339311,339839,6,528,2,7200,1.01136363636
339335,339341,339865,6,524,2,7200,1.01145038168
339467,339474,339478,7,4,5,172800,1.1
339468,339485,339488,17,3,5,172800,2.0
339468,339479,339483,11,4,5,172800,1.5
339470,339497,339501,27,4,5,172800,3.1
339485,339492,339997,7,505,2,7200,1.01386138614
339678,339685,445419,7,105734,5,172800,1.00006620387
339678,339690,444186,12,104496,5,172800,1.00011483693
339679,339695,444230,16,104535,5,172800,1.00015305878
339681,339701,442877,20,103176,5,172800,1.00019384353
340619,410471,759706,69852,349235,6,349200,1.20001431701
342486,342492,342968,6,476,2,7200,1.01260504202
342488,342498,343004,10,506,2,7200,1.01976284585
342489,342504,343029,15,525,2,7200,1.02857142857
342496,342511,342995,15,484,2,7200,1.03099173554
342503,342516,343033,13,517,2,7200,1.0251450677
342510,342523,343035,13,512,2,7200,1.025390625
342516,342528,343049,12,521,2,7200,1.02303262956
342518,342534,343041,16,507,2,7200,1.0315581854
342525,342540,343047,15,507,2,7200,1.02958579882
342532,342547,343063,15,516,2,7200,1.02906976744
342538,342980,343501,442,521,2,7200,1.84836852207
342545,343007,343503,462,496,2,7200,1.9314516129
342976,343016,343517,40,501,2,7200,1.07984031936
343008,343041,343590,33,549,2,7200,1.06010928962
343015,343048,343534,33,486,2,7200,1.06790123457
343042,343053,343568,11,515,2,7200,1.0213592233
343043,343060,343585,17,525,2,7200,1.03238095238
343050,343065,343574,15,509,2,7200,1.02946954813
343057,343072,343620,15,548,2,7200,1.02737226277
343072,343079,343539,7,460,2,7200,1.0152173913
343074,343513,344042,439,529,2,7200,1.82986767486
343076,343519,344007,443,488,2,7200,1.90778688525
343509,343528,344061,19,533,2,7200,1.03564727955
343516,343546,344101,30,555,2,7200,1.05405405405
343532,343553,344030,21,477,2,7200,1.04402515723
343547,343580,344077,33,497,2,7200,1.06639839034
343549,343587,344065,38,478,2,7200,1.07949790795
343576,343596,344087,20,491,2,7200,1.04073319756
343583,343604,344095,21,491,2,7200,1.04276985743
343598,343632,344125,34,493,2,7200,1.06896551724
343600,344019,344558,419,539,2,7200,1.77736549165
343632,344042,344532,410,490,2,7200,1.83673469388
344019,344053,344579,34,526,2,7200,1.06463878327
344040,344072,344595,32,523,2,7200,1.06118546845
344055,344079,344616,24,537,2,7200,1.04469273743
344071,344088,344660,17,572,2,7200,1.02972027972
344077,344098,344578,21,480,2,7200,1.04375
344093,344106,344587,13,481,2,7200,1.02702702703
344095,344114,344633,19,519,2,7200,1.0366088632
344110,344137,344628,27,491,2,7200,1.0549898167
344112,344545,345053,433,508,2,7200,1.85236220472
344138,344569,345093,431,524,2,7200,1.82251908397
344544,344591,345151,47,560,2,7200,1.08392857143
344569,344596,345124,27,528,2,7200,1.05113636364
344590,344603,345088,13,485,2,7200,1.02680412371
344592,344610,345119,18,509,2,7200,1.03536345776
344599,344629,345132,30,503,2,7200,1.05964214712
344614,344641,345160,27,519,2,7200,1.05202312139
344630,344648,345178,18,530,2,7200,1.03396226415
344636,344672,345130,36,458,2,7200,1.07860262009
344652,345065,345543,413,478,2,7200,1.8640167364
344672,345101,345612,429,511,2,7200,1.83953033268
345061,345108,345602,47,494,2,7200,1.0951417004
345102,345130,345592,28,462,2,7200,1.06060606061
345104,345138,345658,34,520,2,7200,1.06538461538
345128,345145,345619,17,474,2,7200,1.0358649789
345135,345150,345653,15,503,2,7200,1.02982107356
345150,345163,345688,13,525,2,7200,1.02476190476
345152,345172,345674,20,502,2,7200,1.03984063745
345167,345190,345702,23,512,2,7200,1.044921875
345169,345554,346042,385,488,2,7200,1.78893442623
345189,345604,346102,415,498,2,7200,1.83333333333
345551,345614,346086,63,472,2,7200,1.13347457627
345604,345624,346116,20,492,2,7200,1.0406504065
345611,345630,346161,19,531,2,7200,1.03578154426
345626,345666,346177,40,511,2,7200,1.0782778865
345628,345672,346174,44,502,2,7200,1.08764940239
345666,345687,346246,21,559,2,7200,1.03756708408
345668,345701,346208,33,507,2,7200,1.0650887574
345683,345714,346274,31,560,2,7200,1.05535714286
345698,346054,346548,356,494,2,7200,1.72064777328
345713,346097,346572,384,475,2,7200,1.80842105263
346053,346113,346642,60,529,2,7200,1.11342155009
346095,346129,346629,34,500,2,7200,1.068
346110,346173,346696,63,523,2,7200,1.12045889101
346125,346186,346696,61,510,2,7200,1.11960784314
346170,346193,346763,23,570,2,7200,1.04035087719
346185,346220,346738,35,518,2,7200,1.06756756757
346192,346258,346751,66,493,2,7200,1.13387423935
346216,346286,346829,70,543,2,7200,1.12891344383
346254,346561,347053,307,492,2,7200,1.62398373984
346283,346584,347099,301,515,2,7200,1.58446601942
346558,346641,347163,83,522,2,7200,1.15900383142
346585,346653,347138,68,485,2,7200,1.14020618557
346641,346707,347197,66,490,2,7200,1.13469387755
346656,346712,347199,56,487,2,7200,1.11498973306
346707,346749,347284,42,535,2,7200,1.0785046729
346708,346764,347309,56,545,2,7200,1.10275229358
346749,346774,347298,25,524,2,7200,1.04770992366
346764,346841,347336,77,495,2,7200,1.15555555556
346771,347065,347544,294,479,2,7200,1.61377870564
346842,347112,347631,270,519,2,7200,1.52023121387
347066,347150,347667,84,517,2,7200,1.16247582205
347108,347176,347690,68,514,2,7200,1.13229571984
347146,347209,347751,63,542,2,7200,1.11623616236
347175,347216,347710,41,494,2,7200,1.08299595142
347210,347297,347804,87,507,2,7200,1.17159763314
347212,347310,347834,98,524,2,7200,1.18702290076
347298,347321,347822,23,501,2,7200,1.04590818363
347314,347348,347874,34,526,2,7200,1.06463878327
347321,347556,348063,235,507,2,7200,1.46351084813
347349,347643,348150,294,507,2,7200,1.5798816568
347557,347679,348193,122,514,2,7200,1.2373540856
347643,347701,348220,58,519,2,7200,1.11175337187
347675,347722,348212,47,490,2,7200,1.09591836735
347699,347762,348245,63,483,2,7200,1.13043478261
347720,347816,348347,96,531,2,7200,1.18079096045
347764,347833,348332,69,499,2,7200,1.13827655311
347817,347845,348370,28,525,2,7200,1.05333333333
347832,347886,348360,54,474,2,7200,1.11392405063
347847,348076,348617,229,541,2,7200,1.42329020333
347883,348161,348659,278,498,2,7200,1.55823293173
348075,348205,348707,130,502,2,7200,1.25896414343
348159,348225,348784,66,559,2,7200,1.11806797853
348206,348232,348726,26,494,2,7200,1.05263157895
348221,348257,348811,36,554,2,7200,1.06498194946
348228,348343,348835,115,492,2,7200,1.2337398374
348257,348358,348856,101,498,2,7200,1.20281124498
348341,348373,348884,32,511,2,7200,1.0626223092
348356,348382,348914,26,532,2,7200,1.04887218045
348372,348629,349181,257,552,2,7200,1.46557971014
348378,348671,349166,293,495,2,7200,1.59191919192
348626,348719,349240,93,521,2,7200,1.17850287908
348672,348737,349250,65,513,2,7200,1.12670565302
348719,348796,349308,77,512,2,7200,1.150390625
348735,348823,349320,88,497,2,7200,1.17706237425
348797,348847,349382,50,535,2,7200,1.09345794393
348823,348869,349356,46,487,2,7200,1.09445585216
348843,348896,349409,53,513,2,7200,1.10331384016
348869,348926,349452,57,526,2,7200,1.10836501901
348893,349179,349691,286,512,2,7200,1.55859375
348922,349193,349707,271,514,2,7200,1.52723735409
349034,376658,404127,27624,27469,48,28800,2.00564272453
349178,349252,349737,74,485,2,7200,1.15257731959
349193,349262,349713,69,451,2,7200,1.15299334812
349252,349319,349803,67,484,2,7200,1.13842975207
349259,349332,349828,73,496,2,7200,1.14717741935
349316,349369,349883,53,514,2,7200,1.10311284047
349331,349394,349905,63,511,2,7200,1.12328767123
349369,349421,349946,52,525,2,7200,1.09904761905
349394,349464,349998,70,534,2,7200,1.13108614232
349420,349703,350249,283,546,2,7200,1.51831501832
349464,349719,350204,255,485,2,7200,1.52577319588
349699,349726,350240,27,514,2,7200,1.05252918288
349720,349749,350257,29,508,2,7200,1.05708661417
349722,349815,350302,93,487,2,7200,1.1909650924
349751,349840,350342,89,502,2,7200,1.17729083665
349816,349896,350417,80,521,2,7200,1.15355086372
349836,349918,350427,82,509,2,7200,1.16110019646
349895,349958,350443,63,485,2,7200,1.12989690722
349916,350009,350521,93,512,2,7200,1.181640625
349955,350216,350714,261,498,2,7200,1.52409638554
350010,350251,350740,241,489,2,7200,1.49284253579
350214,350262,350737,48,475,2,7200,1.10105263158
350253,350268,350817,15,549,2,7200,1.02732240437
350259,350315,350837,56,522,2,7200,1.10727969349
350274,350354,350851,80,497,2,7200,1.16096579477
350315,350429,350942,114,513,2,7200,1.22222222222
350353,350438,350984,85,546,2,7200,1.15567765568
350431,350455,350982,24,527,2,7200,1.04554079696
350438,350533,351067,95,534,2,7200,1.17790262172
350453,350727,351265,274,538,2,7200,1.5092936803
350533,350749,351256,216,507,2,7200,1.42603550296
350727,350756,351279,29,523,2,7200,1.05544933078
350748,350829,351346,81,517,2,7200,1.15667311412
350755,350850,351363,95,513,2,7200,1.18518518519
350829,350864,351388,35,524,2,7200,1.06679389313
350850,350955,351497,105,542,2,7200,1.19372693727
350865,350993,351500,128,507,2,7200,1.25246548323
350954,351000,351516,46,516,2,7200,1.08914728682
350990,351079,351614,89,535,2,7200,1.16635514019
350997,351268,351797,271,529,2,7200,1.51228733459
351075,351284,351854,209,570,2,7200,1.36666666667
351265,351290,351780,25,490,2,7200,1.05102040816
351280,351357,351902,77,545,2,7200,1.14128440367
351287,351375,351864,88,489,2,7200,1.1799591002
351358,351400,351899,42,499,2,7200,1.08416833667
351374,351510,351994,136,484,2,7200,1.28099173554
351400,351517,352008,117,491,2,7200,1.2382892057
351510,351529,352039,19,510,2,7200,1.03725490196
351517,351626,352091,109,465,2,7200,1.23440860215
351532,351792,352278,260,486,2,7200,1.53497942387
351622,351809,352326,187,517,2,7200,1.36170212766
351788,351866,352381,78,515,2,7200,1.15145631068
351808,351876,352385,68,509,2,7200,1.13359528487
351865,351910,352434,45,524,2,7200,1.0858778626
351871,351918,352449,47,531,2,7200,1.08851224105
351907,352006,352510,99,504,2,7200,1.19642857143
351914,352020,352596,106,576,2,7200,1.18402777778
352007,352051,352571,44,520,2,7200,1.08461538462
352022,352102,352608,80,506,2,7200,1.1581027668
352051,352290,352802,239,512,2,7200,1.466796875
352101,352338,352851,237,513,2,7200,1.46198830409
352290,352393,352887,103,494,2,7200,1.20850202429
352334,352400,352855,66,455,2,7200,1.14505494505
352394,352447,352955,53,508,2,7200,1.10433070866
352395,352460,352987,65,527,2,7200,1.12333965844
352443,352521,352990,78,469,2,7200,1.16631130064
352458,352582,353072,124,490,2,7200,1.25306122449
352518,352608,353135,90,527,2,7200,1.17077798861
352583,352620,353103,37,483,2,7200,1.07660455487
352609,352814,353333,205,519,2,7200,1.39499036609
352616,352862,353356,246,494,2,7200,1.4979757085
352814,352870,353350,56,480,2,7200,1.11666666667
352859,352899,353416,40,517,2,7200,1.07736943907
352866,352967,353483,101,516,2,7200,1.19573643411
352896,353000,353440,104,440,2,7200,1.23636363636
352964,353007,353542,43,535,2,7200,1.08037383178
353000,353084,353600,84,516,2,7200,1.16279069767
353006,353115,353640,109,525,2,7200,1.20761904762
353083,353146,353676,63,530,2,7200,1.11886792453
353115,353345,353873,230,528,2,7200,1.43560606061
353147,353363,353878,216,515,2,7200,1.41941747573
353345,353370,353863,25,493,2,7200,1.05070993915
353361,353428,353928,67,500,2,7200,1.134
353367,353452,353939,85,487,2,7200,1.17453798768
353424,353496,353966,72,470,2,7200,1.15319148936
353453,353553,354047,100,494,2,7200,1.2024291498
353492,353612,354099,120,487,2,7200,1.24640657084
353554,353652,354141,98,489,2,7200,1.20040899796
353613,353688,354220,75,532,2,7200,1.14097744361
353651,353874,354373,223,499,2,7200,1.44689378758
353684,353885,354407,201,522,2,7200,1.38505747126
353876,353892,354402,16,510,2,7200,1.03137254902
353883,353940,354450,57,510,2,7200,1.11176470588
353898,353951,354447,53,496,2,7200,1.10685483871
353937,353978,354507,41,529,2,7200,1.0775047259
353952,354058,354575,106,517,2,7200,1.20502901354
353978,354111,354656,133,545,2,7200,1.24403669725
354058,354152,354680,94,528,2,7200,1.17803030303
354111,354232,354775,121,543,2,7200,1.22283609576
354150,354385,354885,235,500,2,7200,1.47
354228,354414,354892,186,478,2,7200,1.38912133891
354381,354420,354926,39,506,2,7200,1.07707509881
354411,354459,354959,48,500,2,7200,1.096
354418,354465,354961,47,496,2,7200,1.09475806452
354459,354519,355047,60,528,2,7200,1.11363636364
354461,354587,355099,126,512,2,7200,1.24609375
354520,354667,355161,147,494,2,7200,1.2975708502
354588,354692,355224,104,532,2,7200,1.1954887218
354668,354787,355318,119,531,2,7200,1.22410546139
354689,354897,355422,208,525,2,7200,1.39619047619
354787,354904,355414,117,510,2,7200,1.22941176471
354898,354938,355442,40,504,2,7200,1.07936507937
354900,354971,355468,71,497,2,7200,1.14285714286
354935,354978,355476,43,498,2,7200,1.08634538153
354968,355059,355541,91,482,2,7200,1.1887966805
354975,355111,355652,136,541,2,7200,1.25138632163
355058,355173,355668,115,495,2,7200,1.23232323232
355112,355236,355722,124,486,2,7200,1.25514403292
355174,355330,355861,156,531,2,7200,1.29378531073
355236,355425,355939,189,514,2,7200,1.36770428016
355331,355434,355963,103,529,2,7200,1.19470699433
355427,355455,355990,28,535,2,7200,1.0523364486
355434,355480,355982,46,502,2,7200,1.09163346614
355454,355488,355993,34,505,2,7200,1.06732673267
355480,355553,356041,73,488,2,7200,1.14959016393
355487,355664,356193,177,529,2,7200,1.33459357278
355550,355680,356208,130,528,2,7200,1.24621212121
355663,355735,356257,72,522,2,7200,1.13793103448
355679,355873,356404,194,531,2,7200,1.36534839925
355735,355951,356425,216,474,2,7200,1.45569620253
355870,355975,356442,105,467,2,7200,1.22483940043
355948,355993,356506,45,513,2,7200,1.08771929825
355971,356002,356510,31,508,2,7200,1.06102362205
355992,356008,356498,16,490,2,7200,1.03265306122
355999,356053,356554,54,501,2,7200,1.10778443114
356014,356205,356734,191,529,2,7200,1.36105860113
356052,356219,356745,167,526,2,7200,1.3174904943
356205,356268,356782,63,514,2,7200,1.12256809339
356220,356417,356911,197,494,2,7200,1.3987854251
356265,356437,356911,172,474,2,7200,1.36286919831
356417,356454,356965,37,511,2,7200,1.07240704501
356438,356510,357040,72,530,2,7200,1.1358490566
356453,356519,357035,66,516,2,7200,1.12790697674
356509,356525,357036,16,511,2,7200,1.0313111546
356516,356566,357041,50,475,2,7200,1.10526315789
356531,356746,357226,215,480,2,7200,1.44791666667
356566,356757,357275,191,518,2,7200,1.36872586873
356746,356795,357325,49,530,2,7200,1.09245283019
356753,356922,357475,169,553,2,7200,1.30560578662
356794,356928,357418,134,490,2,7200,1.27346938776
356923,356977,357484,54,507,2,7200,1.10650887574
356924,357047,357551,123,504,2,7200,1.24404761905
356977,357054,357605,77,551,2,7200,1.13974591652
357044,357059,357550,15,491,2,7200,1.03054989817
357051,357065,357546,14,481,2,7200,1.02910602911
357058,357237,357772,179,535,2,7200,1.33457943925
357064,357287,357759,223,472,2,7200,1.47245762712
357238,357337,357858,99,521,2,7200,1.19001919386
357283,357430,357994,147,564,2,7200,1.26063829787
357334,357487,357999,153,512,2,7200,1.298828125
357427,357495,358021,68,526,2,7200,1.12927756654
357489,357558,358073,69,515,2,7200,1.13398058252
357496,357565,358070,69,505,2,7200,1.13663366337
357558,357570,358063,12,493,2,7200,1.02434077079
357565,357617,358136,52,519,2,7200,1.10019267823
357567,357772,358250,205,478,2,7200,1.42887029289
357617,357784,358262,167,478,2,7200,1.34937238494
357773,357870,358324,97,454,2,7200,1.21365638767
357780,358005,358512,225,507,2,7200,1.44378698225
357869,358013,358504,144,491,2,7200,1.2932790224
358007,358033,358531,26,498,2,7200,1.05220883534
358009,358075,358569,66,494,2,7200,1.13360323887
358029,358081,358556,52,475,2,7200,1.10947368421
358071,358088,358594,17,506,2,7200,1.03359683794
358078,358149,358652,71,503,2,7200,1.14115308151
358093,358262,358762,169,500,2,7200,1.338
358149,358274,358770,125,496,2,7200,1.25201612903
358264,358336,358865,72,529,2,7200,1.13610586011
358270,358516,358994,246,478,2,7200,1.51464435146
358336,358524,359013,188,489,2,7200,1.38445807771
358517,358544,359073,27,529,2,7200,1.05103969754
358524,358568,359048,44,480,2,7200,1.09166666667
358545,358581,359040,36,459,2,7200,1.07843137255
358566,358607,359100,41,493,2,7200,1.0831643002
358581,358665,359202,84,537,2,7200,1.15642458101
358607,358773,359293,166,520,2,7200,1.31923076923
358661,358781,359345,120,564,2,7200,1.21276595745
358775,358877,359345,102,468,2,7200,1.21794871795
358781,359006,359528,225,522,2,7200,1.43103448276
358876,359025,359518,149,493,2,7200,1.30223123732
359005,359052,359559,47,507,2,7200,1.09270216963
359025,359060,359546,35,486,2,7200,1.07201646091
359051,359085,359573,34,488,2,7200,1.06967213115
359058,359112,359589,54,477,2,7200,1.11320754717
359082,359214,359744,132,530,2,7200,1.24905660377
359109,359304,359800,195,496,2,7200,1.39314516129
359211,359357,359876,146,519,2,7200,1.28131021195
359301,359362,359890,61,528,2,7200,1.11553030303
359357,359529,360004,172,475,2,7200,1.36210526316
359359,359539,360064,180,525,2,7200,1.34285714286
359527,359558,360108,31,550,2,7200,1.05636363636
359542,359571,360064,29,493,2,7200,1.05882352941
359558,359584,360084,26,500,2,7200,1.052
359573,359600,360138,27,538,2,7200,1.05018587361
359580,359757,360238,177,481,2,7200,1.36798336798
359601,359812,360307,211,495,2,7200,1.42626262626
359756,359888,360375,132,487,2,7200,1.27104722793
359812,359901,360399,89,498,2,7200,1.17871485944
359884,360016,360525,132,509,2,7200,1.25933202358
359900,360075,360529,175,454,2,7200,1.38546255507
360016,360081,360591,65,510,2,7200,1.12745098039
360075,360097,360583,22,486,2,7200,1.04526748971
360077,360120,360640,43,520,2,7200,1.08269230769
360097,360150,360665,53,515,2,7200,1.10291262136
360118,360250,360745,132,495,2,7200,1.26666666667
360150,360318,360812,168,494,2,7200,1.34008097166
360251,360386,360894,135,508,2,7200,1.2657480315
360319,360411,360964,92,553,2,7200,1.16636528029
360387,360536,361064,149,528,2,7200,1.2821969697
360408,360543,361075,135,532,2,7200,1.2537593985
360537,360594,361118,57,524,2,7200,1.10877862595
360538,360604,361109,66,505,2,7200,1.13069306931
360592,360652,361162,60,510,2,7200,1.11764705882
360599,360678,361129,79,451,2,7200,1.17516629712
360652,360757,361258,105,501,2,7200,1.20958083832
360678,360825,361342,147,517,2,7200,1.28433268859
360753,360906,361421,153,515,2,7200,1.29708737864
360825,360976,361503,151,527,2,7200,1.28652751423
360902,361076,361592,174,516,2,7200,1.33720930233
360977,361087,361578,110,491,2,7200,1.22403258656
361073,361121,361650,48,529,2,7200,1.09073724008
361088,361131,361655,43,524,2,7200,1.0820610687
361118,361140,361665,22,525,2,7200,1.0419047619
361134,361173,361666,39,493,2,7200,1.07910750507
361135,361270,361818,135,548,2,7200,1.24635036496
361171,361355,361840,184,485,2,7200,1.3793814433
361267,361433,361923,166,490,2,7200,1.3387755102
361354,361515,362036,161,521,2,7200,1.30902111324
361434,361590,362106,156,516,2,7200,1.3023255814
361512,361603,362105,91,502,2,7200,1.1812749004
361589,361661,362201,72,540,2,7200,1.13333333333
361604,361668,362174,64,506,2,7200,1.12648221344
361658,361676,362210,18,534,2,7200,1.03370786517
361665,361684,362162,19,478,2,7200,1.03974895397
361681,361830,362348,149,518,2,7200,1.28764478764
361682,361853,362392,171,539,2,7200,1.3172541744
361827,361936,362440,109,504,2,7200,1.21626984127
361853,362049,362533,196,484,2,7200,1.40495867769
361936,362117,362646,181,529,2,7200,1.34215500945
362049,362124,362596,75,472,2,7200,1.15889830508
362118,362174,362638,56,464,2,7200,1.12068965517
362120,362186,362667,66,481,2,7200,1.13721413721
362170,362213,362720,43,507,2,7200,1.08481262327
362186,362222,362742,36,520,2,7200,1.06923076923
362209,362360,362832,151,472,2,7200,1.31991525424
362225,362404,362902,179,498,2,7200,1.359437751
362360,362451,362972,91,521,2,7200,1.17466410749
362404,362545,363050,141,505,2,7200,1.27920792079
362448,362609,363143,161,534,2,7200,1.30149812734
362541,362651,363144,110,493,2,7200,1.22312373225
362609,362657,363129,48,472,2,7200,1.10169491525
362651,362680,363180,29,500,2,7200,1.058
362657,362732,363214,75,482,2,7200,1.15560165975
362678,362754,363250,76,496,2,7200,1.15322580645
362729,362845,363348,116,503,2,7200,1.23061630219
362755,362913,363394,158,481,2,7200,1.32848232848
362844,362984,363503,140,519,2,7200,1.2697495183
362910,363062,363552,152,490,2,7200,1.31020408163
362984,363141,363657,157,516,2,7200,1.30426356589
363059,363154,363679,95,525,2,7200,1.18095238095
363143,363162,363671,19,509,2,7200,1.0373280943
363159,363192,363741,33,549,2,7200,1.06010928962
363160,363226,363744,66,518,2,7200,1.12741312741
363192,363261,363758,69,497,2,7200,1.13883299799
363222,363360,363888,138,528,2,7200,1.26136363636
363263,363406,363894,143,488,2,7200,1.29303278689
363356,363516,364042,160,526,2,7200,1.30418250951
363406,363564,364092,158,528,2,7200,1.29924242424
363516,363669,364182,153,513,2,7200,1.29824561404
363563,363683,364190,120,507,2,7200,1.23668639053
363668,363691,364204,23,513,2,7200,1.04483430799
363683,363753,364253,70,500,2,7200,1.14
363690,363760,364304,70,544,2,7200,1.12867647059
363750,363770,364286,20,516,2,7200,1.03875968992
363757,363900,364456,143,556,2,7200,1.2571942446
363772,363906,364438,134,532,2,7200,1.25187969925
363902,364055,364528,153,473,2,7200,1.32346723044
363903,364104,364591,201,487,2,7200,1.41273100616
364056,364194,364698,138,504,2,7200,1.27380952381
364103,364202,364723,99,521,2,7200,1.19001919386
364190,364216,364757,26,541,2,7200,1.04805914972
364202,364264,364825,62,561,2,7200,1.11051693405
364218,364298,364795,80,497,2,7200,1.16096579477
364265,364316,364836,51,520,2,7200,1.09807692308
364295,364449,364994,154,545,2,7200,1.28256880734
364315,364468,364967,153,499,2,7200,1.30661322645
364447,364540,365065,93,525,2,7200,1.17714285714
364468,364602,365083,134,481,2,7200,1.27858627859
364539,364710,365279,171,569,2,7200,1.30052724077
364599,364735,365277,136,542,2,7200,1.25092250923
364709,364769,365272,60,503,2,7200,1.11928429423
364735,364807,365341,72,534,2,7200,1.13483146067
364769,364836,365312,67,476,2,7200,1.14075630252
364807,364848,365349,41,501,2,7200,1.08183632735
364836,364979,365460,143,481,2,7200,1.2972972973
364848,365006,365508,158,502,2,7200,1.31474103586
364980,365076,365561,96,485,2,7200,1.19793814433
365006,365094,365594,88,500,2,7200,1.176
365077,365284,365751,207,467,2,7200,1.44325481799
365092,365291,365808,199,517,2,7200,1.38491295938
365284,365296,365823,12,527,2,7200,1.02277039848
365291,365324,365828,33,504,2,7200,1.06547619048
365293,365353,365890,60,537,2,7200,1.11173184358
365325,365360,365860,35,500,2,7200,1.07
365354,365473,365993,119,520,2,7200,1.22884615385
365355,365521,366011,166,490,2,7200,1.3387755102
365470,365573,366124,103,551,2,7200,1.18693284936
365520,365606,366099,86,493,2,7200,1.17444219067
365573,365764,366272,191,508,2,7200,1.37598425197
365603,365820,366306,217,486,2,7200,1.44650205761
365765,365835,366336,70,501,2,7200,1.13972055888
365821,365842,366389,21,547,2,7200,1.03839122486
365837,365871,366359,34,488,2,7200,1.06967213115
365838,365902,366420,64,518,2,7200,1.12355212355
365868,366004,366531,136,527,2,7200,1.25806451613
365903,366023,366531,120,508,2,7200,1.23622047244
366002,366111,366637,109,526,2,7200,1.2072243346
366022,366136,366680,114,544,2,7200,1.20955882353
366112,366285,366819,173,534,2,7200,1.32397003745
366132,366317,366812,185,495,2,7200,1.37373737374
366285,366348,366851,63,503,2,7200,1.12524850895
366315,366371,366890,56,519,2,7200,1.10789980732
366350,366401,366914,51,513,2,7200,1.09941520468
366370,366433,366920,63,487,2,7200,1.12936344969
366397,366542,367014,145,472,2,7200,1.30720338983
366432,366548,367062,116,514,2,7200,1.22568093385
366542,366648,367149,106,501,2,7200,1.21157684631
366544,366692,367201,148,509,2,7200,1.29076620825
366646,366825,367371,179,546,2,7200,1.32783882784
366693,366831,367346,138,515,2,7200,1.26796116505
366825,366864,367317,39,453,2,7200,1.08609271523
366832,366902,367475,70,573,2,7200,1.12216404887
366864,366927,367434,63,507,2,7200,1.12426035503
366901,366934,367495,33,561,2,7200,1.05882352941
366928,367027,367558,99,531,2,7200,1.18644067797
366929,367074,367597,145,523,2,7200,1.27724665392
367027,367161,367666,134,505,2,7200,1.26534653465
367074,367213,367728,139,515,2,7200,1.26990291262
367160,367329,367823,169,494,2,7200,1.34210526316
367214,367358,367855,144,497,2,7200,1.28973843058
367330,367383,367907,53,524,2,7200,1.10114503817
367359,367446,367949,87,503,2,7200,1.17296222664
367380,367487,368035,107,548,2,7200,1.19525547445
367442,367507,368026,65,519,2,7200,1.12524084778
367484,367570,368041,86,471,2,7200,1.18259023355
367505,367609,368126,104,517,2,7200,1.20116054159
367570,367677,368156,107,479,2,7200,1.22338204593
367606,367740,368276,134,536,2,7200,1.25
367675,367835,368329,160,494,2,7200,1.32388663968
367740,367867,368363,127,496,2,7200,1.2560483871
367835,367919,368440,84,521,2,7200,1.16122840691
367867,367961,368477,94,516,2,7200,1.18217054264
367920,368038,368581,118,543,2,7200,1.21731123389
367961,368048,368560,87,512,2,7200,1.169921875
368038,368055,368518,17,463,2,7200,1.03671706263
368045,368139,368646,94,507,2,7200,1.18540433925
368060,368169,368675,109,506,2,7200,1.21541501976
368137,368288,368775,151,487,2,7200,1.31006160164
368169,368341,368851,172,510,2,7200,1.33725490196
368289,368374,368916,85,542,2,7200,1.15682656827
368342,368453,369011,111,558,2,7200,1.19892473118
368371,368489,368979,118,490,2,7200,1.24081632653
368449,368530,369017,81,487,2,7200,1.16632443532
368485,368571,369102,86,531,2,7200,1.16195856874
368527,368593,369094,66,501,2,7200,1.13173652695
368569,368659,369201,90,542,2,7200,1.16605166052
368589,368687,369162,98,475,2,7200,1.20631578947
368655,368786,369312,131,526,2,7200,1.24904942966
368687,368863,369336,176,473,2,7200,1.37209302326
368783,368928,369435,145,507,2,7200,1.28599605523
368863,368991,369499,128,508,2,7200,1.25196850394
368928,369023,369531,95,508,2,7200,1.18700787402
368990,369030,369560,40,530,2,7200,1.07547169811
369022,369106,369620,84,514,2,7200,1.16342412451
369029,369113,369591,84,478,2,7200,1.17573221757
369107,369174,369693,67,519,2,7200,1.12909441233
369114,369213,369701,99,488,2,7200,1.20286885246
369171,369325,369827,154,502,2,7200,1.30677290837
369210,369349,369897,139,548,2,7200,1.25364963504
369326,369447,369991,121,544,2,7200,1.22242647059
369347,369511,370048,164,537,2,7200,1.30540037244
369443,369544,370089,101,545,2,7200,1.18532110092
369511,369572,370085,61,513,2,7200,1.11890838207
369543,369603,370120,60,517,2,7200,1.11605415861
369572,369633,370103,61,470,2,7200,1.12978723404
369604,369704,370171,100,467,2,7200,1.21413276231
369633,369712,370236,79,524,2,7200,1.15076335878
369702,369839,370383,137,544,2,7200,1.25183823529
369709,369908,370404,199,496,2,7200,1.40120967742
369835,370003,370521,168,518,2,7200,1.32432432432
369910,370060,370576,150,516,2,7200,1.29069767442
370000,370098,370620,98,522,2,7200,1.1877394636
370059,370105,370596,46,491,2,7200,1.09368635438
370097,370114,370609,17,495,2,7200,1.03434343434
370104,370132,370600,28,468,2,7200,1.05982905983
370119,370183,370653,64,470,2,7200,1.13617021277
370135,370248,370709,113,461,2,7200,1.24511930586
370179,370396,370899,217,503,2,7200,1.43141153082
370247,370415,370912,168,497,2,7200,1.33802816901
370392,370533,370992,141,459,2,7200,1.30718954248
370413,370589,371083,176,494,2,7200,1.35627530364
370530,370608,371108,78,500,2,7200,1.156
370589,370615,371105,26,490,2,7200,1.05306122449
370604,370621,371121,17,500,2,7200,1.034
370611,370632,371191,21,559,2,7200,1.03756708408
370627,370666,371188,39,522,2,7200,1.07471264368
370628,370722,371279,94,557,2,7200,1.16876122083
370666,370911,371470,245,559,2,7200,1.43828264758
370722,370923,371404,201,481,2,7200,1.41787941788
370911,371004,371494,93,490,2,7200,1.18979591837
370926,371094,371662,168,568,2,7200,1.29577464789
371003,371116,371589,113,473,2,7200,1.23890063425
371096,371122,371625,26,503,2,7200,1.05168986083
371117,371133,371644,16,511,2,7200,1.0313111546
371118,371199,371657,81,458,2,7200,1.1768558952
371134,371206,371726,72,520,2,7200,1.13846153846
371196,371291,371813,95,522,2,7200,1.18199233716
371203,371415,371933,212,518,2,7200,1.40926640927
371287,371482,372001,195,519,2,7200,1.37572254335
371416,371506,372033,90,527,2,7200,1.17077798861
371481,371600,372077,119,477,2,7200,1.24947589099
371507,371636,372121,129,485,2,7200,1.26597938144
371597,371657,372161,60,504,2,7200,1.11904761905
371633,371668,372224,35,556,2,7200,1.06294964029
371653,371675,372171,22,496,2,7200,1.04435483871
371669,371739,372239,70,500,2,7200,1.14
371670,371825,372344,155,519,2,7200,1.29865125241
371739,371944,372437,205,493,2,7200,1.41582150101
371825,372013,372493,188,480,2,7200,1.39166666667
371942,372046,372569,104,523,2,7200,1.19885277247
372013,372089,372548,76,459,2,7200,1.16557734205
372047,372133,372612,86,479,2,7200,1.17954070981
372088,372174,372716,86,542,2,7200,1.15867158672
372130,372183,372707,53,524,2,7200,1.10114503817
372174,372236,372758,62,522,2,7200,1.11877394636
372181,372251,372810,70,559,2,7200,1.1252236136
372231,372356,372870,125,514,2,7200,1.24319066148
372247,372449,372956,202,507,2,7200,1.39842209073
372357,372505,373015,148,510,2,7200,1.29019607843
372450,372561,373079,111,518,2,7200,1.21428571429
372506,372581,373106,75,525,2,7200,1.14285714286
372558,372625,373112,67,487,2,7200,1.13757700205
372578,372719,373207,141,488,2,7200,1.28893442623
372625,372728,373221,103,493,2,7200,1.20892494929
372716,372770,373262,54,492,2,7200,1.10975609756
372731,372822,373311,91,489,2,7200,1.18609406953
372767,372882,373369,115,487,2,7200,1.23613963039
372792,372837,373116,45,279,64,43200,1.16129032258
372823,372969,373538,146,569,2,7200,1.25659050967
372882,373027,373554,145,527,2,7200,1.27514231499
372968,373091,373624,123,533,2,7200,1.23076923077
373027,373118,373655,91,537,2,7200,1.16945996276
373087,373124,373632,37,508,2,7200,1.07283464567
373088,373132,373273,44,141,64,43200,1.31205673759
373114,373219,373764,105,545,2,7200,1.19266055046
373121,373232,373730,111,498,2,7200,1.22289156627
373219,373274,373765,55,491,2,7200,1.11201629328
373235,373339,373868,104,529,2,7200,1.1965973535
373273,373381,373901,108,520,2,7200,1.20769230769
373339,373551,374065,212,514,2,7200,1.41245136187
373377,373566,374070,189,504,2,7200,1.375
373520,393204,394440,19684,1236,32,1200,16.925566343
373551,373645,374193,94,548,2,7200,1.17153284672
373567,373650,374175,83,525,2,7200,1.1580952381
373644,373677,374160,33,483,2,7200,1.06832298137
373650,373743,374248,93,505,2,7200,1.18415841584
373676,373783,374251,107,468,2,7200,1.22863247863
373739,373788,374320,49,532,2,7200,1.09210526316
373782,373879,374398,97,519,2,7200,1.18689788054
373784,373920,374440,136,520,2,7200,1.26153846154
373877,374078,374589,201,511,2,7200,1.39334637965
373917,374090,374611,173,521,2,7200,1.3320537428
374075,374172,374717,97,545,2,7200,1.17798165138
374087,374187,374680,100,493,2,7200,1.20283975659
374168,374214,374685,46,471,2,7200,1.09766454352
374183,374267,374745,84,478,2,7200,1.17573221757
374215,374272,374780,57,508,2,7200,1.11220472441
374267,374338,374815,71,477,2,7200,1.14884696017
374269,374417,374955,148,538,2,7200,1.2750929368
374334,374490,374993,156,503,2,7200,1.31013916501
374416,374608,375159,192,551,2,7200,1.34845735027
374486,374623,375116,137,493,2,7200,1.27789046653
374608,374700,375191,92,491,2,7200,1.18737270876
374625,374713,375211,88,498,2,7200,1.17670682731
374699,374729,375220,30,491,2,7200,1.06109979633
374711,374757,375244,46,487,2,7200,1.09445585216
374726,374797,375310,71,513,2,7200,1.13840155945
374753,374835,375344,82,509,2,7200,1.16110019646
374794,374968,375472,174,504,2,7200,1.34523809524
374834,375008,375539,174,531,2,7200,1.32768361582
374965,375128,375637,163,509,2,7200,1.32023575639
375006,375179,375673,173,494,2,7200,1.35020242915
375128,375207,375713,79,506,2,7200,1.15612648221
375178,375226,375705,48,479,2,7200,1.10020876827
375204,375238,375748,34,510,2,7200,1.06666666667
375224,375264,375771,40,507,2,7200,1.07889546351
375237,375331,375848,94,517,2,7200,1.18181818182
375263,375358,375844,95,486,2,7200,1.19547325103
375327,375490,375993,163,503,2,7200,1.324055666
375356,375556,376056,200,500,2,7200,1.4
375490,375649,376195,159,546,2,7200,1.29120879121
375558,375689,376179,131,490,2,7200,1.26734693878
375650,375727,376217,77,490,2,7200,1.15714285714
375690,375740,376272,50,532,2,7200,1.09398496241
375725,375769,376255,44,486,2,7200,1.09053497942
375737,375783,376296,46,513,2,7200,1.08966861598
375768,375862,376335,94,473,2,7200,1.19873150106
375783,375867,376423,84,556,2,7200,1.15107913669
375860,376011,376504,151,493,2,7200,1.30628803245
375867,376077,376549,210,472,2,7200,1.44491525424
376010,376196,376690,186,494,2,7200,1.37651821862
376074,376208,376744,134,536,2,7200,1.25
376196,376236,376773,40,537,2,7200,1.07448789572
376208,376276,376769,68,493,2,7200,1.13793103448
376234,376290,376818,56,528,2,7200,1.10606060606
376274,376317,376820,43,503,2,7200,1.08548707753
376286,376355,376877,69,522,2,7200,1.13218390805
376317,376435,376925,118,490,2,7200,1.24081632653
376355,376525,377033,170,508,2,7200,1.33464566929
376435,376566,377072,131,506,2,7200,1.25889328063
376524,376711,377289,187,578,2,7200,1.32352941176
376562,376764,377307,202,543,2,7200,1.37200736648
376658,404138,431870,27480,27732,48,28800,1.99091302466
376708,376789,377317,81,528,2,7200,1.15340909091
376760,376802,377367,42,565,2,7200,1.07433628319
376787,376830,377310,43,480,2,7200,1.08958333333
376799,376842,377359,43,517,2,7200,1.083172147
376831,376896,377411,65,515,2,7200,1.12621359223
376838,376937,377462,99,525,2,7200,1.18857142857
376893,377054,377550,161,496,2,7200,1.32459677419
376938,377093,377611,155,518,2,7200,1.29922779923
377050,377304,377803,254,499,2,7200,1.50901803607
377090,377319,377851,229,532,2,7200,1.43045112782
377303,377331,377845,28,514,2,7200,1.05447470817
377319,377344,377858,25,514,2,7200,1.0486381323
377331,377372,377877,41,505,2,7200,1.08118811881
377344,377384,377844,40,460,2,7200,1.08695652174
377373,377426,377961,53,535,2,7200,1.09906542056
377380,377479,378031,99,552,2,7200,1.17934782609
377424,377563,378057,139,494,2,7200,1.28137651822
377480,377629,378177,149,548,2,7200,1.27189781022
377564,377823,378304,259,481,2,7200,1.53846153846
377629,377864,378341,235,477,2,7200,1.49266247379
377823,377869,378344,46,475,2,7200,1.09684210526
377861,377881,378412,20,531,2,7200,1.03766478343
377868,377886,378407,18,521,2,7200,1.03454894434
377880,377898,378389,18,491,2,7200,1.0366598778
377887,377978,378497,91,519,2,7200,1.1753371869
377899,417097,434028,39198,16931,2,36000,3.31516153801
377902,378045,378550,143,505,2,7200,1.28316831683
377976,378072,378596,96,524,2,7200,1.18320610687
378044,378192,378706,148,514,2,7200,1.28793774319
378070,378323,378872,253,549,2,7200,1.46083788707
378190,378353,378847,163,494,2,7200,1.32995951417
378324,378365,378851,41,486,2,7200,1.08436213992
378353,378406,378967,53,561,2,7200,1.0944741533
378365,378419,378908,54,489,2,7200,1.11042944785
378403,378437,378917,34,480,2,7200,1.07083333333
378419,378518,379008,99,490,2,7200,1.20204081633
378436,378571,379083,135,512,2,7200,1.263671875
378515,378611,379150,96,539,2,7200,1.17810760668
378567,378718,379224,151,506,2,7200,1.29841897233
378608,378864,379388,256,524,2,7200,1.48854961832
378719,378869,379413,150,544,2,7200,1.27573529412
378865,378884,379346,19,462,2,7200,1.04112554113
378867,378924,379415,57,491,2,7200,1.11608961303
378882,378936,379419,54,483,2,7200,1.11180124224
378920,378979,379504,59,525,2,7200,1.11238095238
378932,379030,379557,98,527,2,7200,1.18595825427
378980,379097,379594,117,497,2,7200,1.23541247485
379031,379163,379732,132,569,2,7200,1.23198594025
379096,379242,379797,146,555,2,7200,1.26306306306
379161,379360,379885,199,525,2,7200,1.37904761905
379241,379400,379895,159,495,2,7200,1.32121212121
379360,379427,379927,67,500,2,7200,1.134
379396,379432,379931,36,499,2,7200,1.07214428858
379425,379444,379968,19,524,2,7200,1.03625954198
379432,379524,380014,92,490,2,7200,1.18775510204
379444,379577,380079,133,502,2,7200,1.26494023904
379524,379615,380110,91,495,2,7200,1.18383838384
379576,379747,380306,171,559,2,7200,1.30590339893
379613,379813,380309,200,496,2,7200,1.40322580645
379745,379905,380402,160,497,2,7200,1.32193158954
379810,379917,380432,107,515,2,7200,1.20776699029
379901,379945,380452,44,507,2,7200,1.08678500986
379914,379950,380440,36,490,2,7200,1.07346938776
379945,379988,380523,43,535,2,7200,1.08037383178
379946,380029,380514,83,485,2,7200,1.17113402062
379987,380095,380613,108,518,2,7200,1.20849420849
380028,380122,380679,94,557,2,7200,1.16876122083
380093,380319,380842,226,523,2,7200,1.43212237094
380122,380331,380791,209,460,2,7200,1.45434782609
380157,429448,559049,49291,129601,25,129599,1.38032885549
380319,380422,380935,103,513,2,7200,1.2007797271
380331,380450,380954,119,504,2,7200,1.23611111111
380419,380462,380956,43,494,2,7200,1.08704453441
380451,380475,381018,24,543,2,7200,1.04419889503
380458,380529,381008,71,479,2,7200,1.14822546973
380473,380541,381025,68,484,2,7200,1.14049586777
380526,380635,381150,109,515,2,7200,1.21165048544
380538,380699,381219,161,520,2,7200,1.30961538462
380635,380806,381302,171,496,2,7200,1.34475806452
380697,380858,381374,161,516,2,7200,1.31201550388
380804,380951,381485,147,534,2,7200,1.27528089888
380860,380966,381456,106,490,2,7200,1.21632653061
380949,380978,381515,29,537,2,7200,1.05400372439
380964,381021,381577,57,556,2,7200,1.10251798561
380976,381034,381550,58,516,2,7200,1.11240310078
381021,381046,381560,25,514,2,7200,1.0486381323
381033,381165,381629,132,464,2,7200,1.28448275862
381048,381233,381750,185,517,2,7200,1.35783365571
381162,381313,381827,151,514,2,7200,1.29377431907
381230,381391,381928,161,537,2,7200,1.29981378026
381314,381471,381987,157,516,2,7200,1.30426356589
381388,381498,382043,110,545,2,7200,1.20183486239
381468,381536,382045,68,509,2,7200,1.13359528487
381497,381564,382119,67,555,2,7200,1.12072072072
381534,381577,382073,43,496,2,7200,1.08669354839
381563,381591,382110,28,519,2,7200,1.05394990366
381576,381642,382182,66,540,2,7200,1.12222222222
381591,381762,382284,171,522,2,7200,1.3275862069
381641,381842,382372,201,530,2,7200,1.37924528302
381761,381947,382404,186,457,2,7200,1.40700218818
381843,382000,382519,157,519,2,7200,1.30250481696
381948,382064,382537,116,473,2,7200,1.24524312896
382001,382077,382571,76,494,2,7200,1.15384615385
382062,382091,382562,29,471,2,7200,1.06157112527
382075,382130,382635,55,505,2,7200,1.10891089109
382090,382143,382647,53,504,2,7200,1.10515873016
382127,382197,382700,70,503,2,7200,1.13916500994
382139,382302,382849,163,547,2,7200,1.29798903108
382195,382392,382907,197,515,2,7200,1.38252427184
382302,382420,382955,118,535,2,7200,1.22056074766
382391,382537,383062,146,525,2,7200,1.2780952381
382417,382552,383047,135,495,2,7200,1.27272727273
382538,382579,383090,41,511,2,7200,1.08023483366
382551,382591,383110,40,519,2,7200,1.07707129094
382577,382647,383177,70,530,2,7200,1.1320754717
382589,382661,383160,72,499,2,7200,1.14428857715
382648,382714,383197,66,483,2,7200,1.13664596273
382661,382869,383391,208,522,2,7200,1.39846743295
382714,382923,383422,209,499,2,7200,1.41883767535
382866,382976,383463,110,487,2,7200,1.22587268994
382919,383068,383605,149,537,2,7200,1.27746741155
382974,383079,383580,105,501,2,7200,1.20958083832
383068,383107,383613,39,506,2,7200,1.07707509881
383075,383132,383618,57,486,2,7200,1.11728395062
383104,383172,383696,68,524,2,7200,1.12977099237
383130,383198,383728,68,530,2,7200,1.12830188679
383174,383213,383705,39,492,2,7200,1.07926829268
383195,383410,383924,215,514,2,7200,1.41828793774
383210,383437,383954,227,517,2,7200,1.43907156673
383410,383477,383990,67,513,2,7200,1.1306042885
383436,383595,384137,159,542,2,7200,1.29335793358
383477,383622,384147,145,525,2,7200,1.27619047619
383594,383634,384118,40,484,2,7200,1.0826446281
383620,383647,384147,27,500,2,7200,1.054
383632,383714,384249,82,535,2,7200,1.15327102804
383644,383726,384193,82,467,2,7200,1.1755888651
383715,383741,384185,26,444,2,7200,1.05855855856
383721,383942,384447,221,505,2,7200,1.43762376238
383737,383968,384507,231,539,2,7200,1.42857142857
383842,429464,429470,45622,6,16,36000,4562.8
383938,384009,384521,71,512,2,7200,1.138671875
383967,384138,384655,171,517,2,7200,1.33075435203
384007,384153,384655,146,502,2,7200,1.29083665339
384138,384165,384676,27,511,2,7200,1.05283757339
384143,429481,430728,45338,1247,16,36000,37.3576583801
384150,384170,384652,20,482,2,7200,1.04149377593
384160,430740,432214,46580,1474,16,36000,32.6010854817
384165,384197,384753,32,556,2,7200,1.05755395683
384167,384211,384710,44,499,2,7200,1.08817635271
384194,384264,384761,70,497,2,7200,1.14084507042
384211,384461,385000,250,539,2,7200,1.46382189239
384261,384527,385029,266,502,2,7200,1.52988047809
384459,384539,385079,80,540,2,7200,1.14814814815
384524,384672,385173,148,501,2,7200,1.29540918164
384536,384677,385151,141,474,2,7200,1.29746835443
384670,384689,385199,19,510,2,7200,1.03725490196
384677,384702,385252,25,550,2,7200,1.04545454545
384689,384730,385234,41,504,2,7200,1.08134920635
384704,384769,385246,65,477,2,7200,1.13626834382
384730,384782,385276,52,494,2,7200,1.10526315789
384770,385019,385579,249,560,2,7200,1.44464285714
384777,385046,385609,269,563,2,7200,1.47779751332
384961,453518,497511,68557,43993,8,86400,2.55836155752
385017,385098,385579,81,481,2,7200,1.1683991684
385043,385164,385659,121,495,2,7200,1.24444444444
385098,385191,385710,93,519,2,7200,1.17919075145
385163,385218,385751,55,533,2,7200,1.10318949343
385189,385256,385770,67,514,2,7200,1.13035019455
385215,385269,385774,54,505,2,7200,1.10693069307
385235,419143,649551,33908,230408,2,230400,1.14716502899
385258,385282,385805,24,523,2,7200,1.04588910134
385270,385295,385844,25,549,2,7200,1.04553734062
385282,385598,386136,316,538,2,7200,1.5873605948
385291,432226,468271,46935,36045,16,36000,2.30212234707
385297,385603,386094,306,491,2,7200,1.62321792261
385329,429453,621882,44124,192429,18,198000,1.22930015746
385361,487218,515101,101857,27883,16,108000,4.65301438152
385394,429459,620066,44065,190607,18,198000,1.23118248543
385597,385630,386140,33,510,2,7200,1.06470588235
385599,385671,386160,72,489,2,7200,1.1472392638
385630,385723,386186,93,463,2,7200,1.20086393089
385671,385767,386276,96,509,2,7200,1.18860510806
385724,385782,386292,58,510,2,7200,1.1137254902
385765,385794,386269,29,475,2,7200,1.06105263158
385780,385822,386340,42,518,2,7200,1.08108108108
385792,385889,386412,97,523,2,7200,1.18546845124
385818,386112,386648,294,536,2,7200,1.54850746269
385887,386152,386656,265,504,2,7200,1.52579365079
386112,386157,386668,45,511,2,7200,1.08806262231
386150,386172,386666,22,494,2,7200,1.04453441296
386157,386199,386724,42,525,2,7200,1.08
386172,386290,386847,118,557,2,7200,1.2118491921
386196,386303,386835,107,532,2,7200,1.20112781955
386287,386316,386838,29,522,2,7200,1.05555555556
386299,386357,386859,58,502,2,7200,1.11553784861
386315,386424,386944,109,520,2,7200,1.20961538462
386358,386661,387151,303,490,2,7200,1.61836734694
386423,386673,387188,250,515,2,7200,1.4854368932
386466,388726,392363,2260,3637,1,3600,1.62139125653
386469,388732,392347,2263,3615,1,3600,1.62600276625
386471,388737,392377,2266,3640,1,3600,1.62252747253
386474,388743,392381,2269,3638,1,3600,1.62369433755
386478,388756,392186,2278,3430,1,3600,1.66413994169
386480,388762,392386,2282,3624,1,3600,1.62969094923
386482,388767,392407,2285,3640,1,3600,1.62774725275
386484,388772,392406,2288,3634,1,3600,1.62960924601
386485,388778,392412,2293,3634,1,3600,1.63098514034
386629,388783,392414,2154,3631,1,3600,1.59322500689
386631,388788,392402,2157,3614,1,3600,1.59684560044
386661,386685,387187,24,502,2,7200,1.04780876494
386673,386698,387203,25,505,2,7200,1.0495049505
386688,386739,387226,51,487,2,7200,1.10472279261
386695,386855,387370,160,515,2,7200,1.31067961165
386701,389524,393146,2823,3622,1,3600,1.7794036444
386703,389529,393167,2826,3638,1,3600,1.7768004398
386704,389535,393174,2831,3639,1,3600,1.77796097829
386706,389540,393146,2834,3606,1,3600,1.78591236828
386707,389546,393192,2839,3646,1,3600,1.7786615469
386709,389551,393197,2842,3646,1,3600,1.77948436643
386710,389556,393192,2846,3636,1,3600,1.78272827283
386712,389562,393198,2850,3636,1,3600,1.78382838284
386714,389567,393208,2853,3641,1,3600,1.78357594068
386715,389572,393207,2857,3635,1,3600,1.78596973865
386717,389579,393206,2862,3627,1,3600,1.78908188586
386718,389584,393230,2866,3646,1,3600,1.78606692265
386720,389590,393212,2870,3622,1,3600,1.79237990061
386721,389595,393217,2874,3622,1,3600,1.79348426284
386723,389600,393240,2877,3640,1,3600,1.79038461538
386724,389606,393235,2882,3629,1,3600,1.79415817029
386736,386868,387386,132,518,2,7200,1.25482625483
386737,389736,389737,2999,1,1,3600,300.0
386743,389796,389797,3053,1,1,3600,305.4
386745,389819,393451,3074,3632,1,3600,1.84636563877
386747,389824,393434,3077,3610,1,3600,1.85235457064
386748,389841,393466,3093,3625,1,3600,1.85324137931
386750,389846,393473,3096,3627,1,3600,1.85359801489
386855,386874,387372,19,498,2,7200,1.03815261044
386867,386886,387436,19,550,2,7200,1.03454545455
386874,386964,387500,90,536,2,7200,1.16791044776
386890,387163,387670,273,507,2,7200,1.53846153846
386963,387203,387683,240,480,2,7200,1.5
387159,387208,387678,49,470,2,7200,1.10425531915
387201,387220,387765,19,545,2,7200,1.03486238532
387208,387248,387731,40,483,2,7200,1.08281573499
387223,387391,387861,168,470,2,7200,1.35744680851
387250,387404,387943,154,539,2,7200,1.28571428571
387393,387417,387885,24,468,2,7200,1.05128205128
387400,387456,387976,56,520,2,7200,1.10769230769
387417,387512,388089,95,577,2,7200,1.16464471404
387454,387688,388186,234,498,2,7200,1.46987951807
387508,387699,388227,191,528,2,7200,1.36174242424
387519,481841,519104,94322,37263,4,72000,3.53125083863
387688,387705,388236,17,531,2,7200,1.03201506591
387700,387745,388222,45,477,2,7200,1.09433962264
387701,387785,388325,84,540,2,7200,1.15555555556
387746,387877,388395,131,518,2,7200,1.2528957529
387783,387904,388433,121,529,2,7200,1.22873345936
387877,387957,388485,80,528,2,7200,1.15151515152
387903,387996,388534,93,538,2,7200,1.17286245353
387957,388102,388598,145,496,2,7200,1.29233870968
387994,388207,388736,213,529,2,7200,1.40264650284
388101,388234,388774,133,540,2,7200,1.2462962963
388205,388246,388703,41,457,2,7200,1.08971553611
388234,388259,388779,25,520,2,7200,1.04807692308
388241,388339,388860,98,521,2,7200,1.18809980806
388256,388416,388920,160,504,2,7200,1.31746031746
388340,388445,388961,105,516,2,7200,1.20348837209
388414,388498,388990,84,492,2,7200,1.17073170732
388446,388551,389085,105,534,2,7200,1.19662921348
388499,388617,389085,118,468,2,7200,1.25213675214
388552,388716,389274,164,558,2,7200,1.29390681004
388616,388721,389255,105,534,2,7200,1.19662921348
388739,388804,389307,65,503,2,7200,1.12922465209
388804,388820,389358,16,538,2,7200,1.02973977695
388862,388869,389401,7,532,2,7200,1.01315789474
388923,388932,389498,9,566,2,7200,1.01590106007
388962,388978,389480,16,502,2,7200,1.03187250996
388993,389002,389003,9,1,2,7200,1.0
389087,389100,389602,13,502,2,7200,1.02589641434
389089,389105,389657,16,552,2,7200,1.02898550725
389258,389272,389820,14,548,2,7200,1.02554744526
389276,389289,389800,13,511,2,7200,1.02544031311
389309,389321,389853,12,532,2,7200,1.02255639098
389360,389368,389890,8,522,2,7200,1.0153256705
389403,389415,389904,12,489,2,7200,1.0245398773
389481,389492,390008,11,516,2,7200,1.02131782946
389500,389508,390003,8,495,2,7200,1.01616161616
389660,389667,390155,7,488,2,7200,1.0143442623
389857,389864,390413,7,549,2,7200,1.01275045537
389909,389925,390452,16,527,2,7200,1.03036053131
390006,390017,390519,11,502,2,7200,1.0219123506
390021,390034,390589,13,555,2,7200,1.02342342342
390157,390171,390622,14,451,2,7200,1.0310421286
390416,390428,390901,12,473,2,7200,1.02536997886
390455,390462,390981,7,519,2,7200,1.01348747592
392007,392014,392020,7,6,1,1800,1.3
392008,392019,392492,11,473,1,3600,1.02325581395
392050,392057,392543,7,486,1,3600,1.01440329218
392165,392172,392216,7,44,1,1800,1.15909090909
392446,392452,392527,6,75,1,1800,1.08
392509,392515,392562,6,47,1,1800,1.12765957447
392806,392813,392897,7,84,1,1800,1.08333333333
393135,393143,393409,8,266,1,1800,1.03007518797
393508,393514,393776,6,262,1,1800,1.02290076336
393711,393718,396311,7,2593,8,7200,1.00269957578
393846,393852,393854,6,2,1,900,1.0
394123,394130,399897,7,5767,8,10800,1.00121380267
394222,394452,402871,230,8419,8,10800,1.02731915905
396489,396496,399937,7,3441,20,3599,1.00203429236
397417,397423,397425,6,2,2,3600,1.0
397685,397691,397692,6,1,2,3600,1.0
398449,402899,406528,4450,3629,64,3600,2.22623312207
398572,417491,453504,18919,36013,4,36000,1.52533807236
399960,409408,409409,9448,1,20,7199,944.9
402185,407369,407404,5184,35,1,7200,149.114285714
402901,406841,420188,3940,13347,25,43199,1.29519742264
403142,408496,422930,5354,14434,4,14400,1.3709297492
403921,406877,410602,2956,3725,4,3600,1.79355704698
404272,431882,459578,27610,27696,48,28800,1.99689485846
405770,405776,406304,6,528,2,7200,1.01136363636
405772,405783,406255,11,472,2,7200,1.02330508475
405773,405788,406298,15,510,2,7200,1.02941176471
405780,405794,406332,14,538,2,7200,1.02602230483
405787,405800,406297,13,497,2,7200,1.02615694165
405794,405806,406329,12,523,2,7200,1.02294455067
405795,405812,406315,17,503,2,7200,1.0337972167
405803,405818,406344,15,526,2,7200,1.02851711027
405810,405824,406378,14,554,2,7200,1.02527075812
405817,405830,406350,13,520,2,7200,1.025
405823,406267,406787,444,520,2,7200,1.85384615385
405830,406309,406829,479,520,2,7200,1.92115384615
406266,406315,406846,49,531,2,7200,1.0922787194
406305,406320,406812,15,492,2,7200,1.03048780488
406311,406327,406840,16,513,2,7200,1.03118908382
406318,406341,406832,23,491,2,7200,1.04684317719
406325,406348,406821,23,473,2,7200,1.04862579281
406337,406355,406880,18,525,2,7200,1.03428571429
406344,406362,406840,18,478,2,7200,1.03765690377
406351,406390,406869,39,479,2,7200,1.08141962422
406359,406807,407308,448,501,2,7200,1.89421157685
406386,406824,407325,438,501,2,7200,1.87425149701
406807,406847,407356,40,509,2,7200,1.07858546169
406824,406859,407415,35,556,2,7200,1.06294964029
406847,406864,407379,17,515,2,7200,1.03300970874
406859,406882,407404,23,522,2,7200,1.04406130268
406861,406888,407422,27,534,2,7200,1.05056179775
406878,406900,407421,22,521,2,7200,1.04222648752
406885,406905,407389,20,484,2,7200,1.04132231405
406897,406917,407429,20,512,2,7200,1.0390625
406905,406922,407449,17,527,2,7200,1.03225806452
406917,407328,407830,411,502,2,7200,1.8187250996
406919,407342,407854,423,512,2,7200,1.826171875
407324,407396,407958,72,562,2,7200,1.128113879
407341,407414,407934,73,520,2,7200,1.14038461538
407395,407427,407888,32,461,2,7200,1.0694143167
407412,407440,407898,28,458,2,7200,1.06113537118
407424,407446,407986,22,540,2,7200,1.04074074074
407436,407458,407963,22,505,2,7200,1.04356435644
407443,407463,408015,20,552,2,7200,1.03623188406
407455,407475,407961,20,486,2,7200,1.04115226337
407462,407843,408351,381,508,2,7200,1.75
407474,407870,408410,396,540,2,7200,1.73333333333
407594,447182,453991,39588,6809,2,54000,6.81406961375
407842,407909,408431,67,522,2,7200,1.12835249042
407870,407921,408424,51,503,2,7200,1.1013916501
407908,407949,408445,41,496,2,7200,1.08266129032
407920,407976,408495,56,519,2,7200,1.10789980732
407948,407981,408497,33,516,2,7200,1.06395348837
407976,407993,408498,17,505,2,7200,1.03366336634
407978,408006,408548,28,542,2,7200,1.05166051661
407993,408034,408554,41,520,2,7200,1.07884615385
408005,408373,408895,368,522,2,7200,1.70498084291
408033,408490,408996,457,506,2,7200,1.90316205534
408469,410485,425472,2016,14987,2,28800,1.13451658104
408487,408511,408988,24,477,2,7200,1.05031446541
408511,408526,409007,15,481,2,7200,1.03118503119
408524,408541,409052,17,511,2,7200,1.03326810176
408538,408556,409085,18,529,2,7200,1.03402646503
408552,408571,409078,19,507,2,7200,1.03747534517
408570,408586,409115,16,529,2,7200,1.03024574669
408584,408601,409118,17,517,2,7200,1.03288201161
408598,408616,409090,18,474,2,7200,1.03797468354
408620,408633,409152,13,519,2,7200,1.02504816956
408753,410490,423793,1737,13303,2,28800,1.13057205142
409004,409019,409514,15,495,2,7200,1.0303030303
409019,409034,409556,15,522,2,7200,1.02873563218
409097,409111,409586,14,475,2,7200,1.02947368421
409212,454003,465598,44791,11595,2,72000,4.86295817163
409517,409524,410063,7,539,2,7200,1.01298701299
409559,409566,410121,7,555,2,7200,1.01261261261
409589,409595,410144,6,549,2,7200,1.01092896175
410066,410072,410586,6,514,2,7200,1.01167315175
410123,410129,410617,6,488,2,7200,1.01229508197
410148,410154,410690,6,536,2,7200,1.01119402985
415773,497523,541423,81750,43900,8,86400,2.86218678815
418863,418869,418871,6,2,2,3540,1.0
422642,422648,425931,6,3283,2,9600,1.00182759671
423134,423140,426443,6,3303,2,9600,1.00181653043
423245,423252,426554,7,3302,2,9300,1.00211992732
428220,428227,428743,7,516,2,7200,1.01356589147
428221,428233,428728,12,495,2,7200,1.02424242424
428223,428245,428736,22,491,2,7200,1.04480651731
428230,428250,428768,20,518,2,7200,1.03861003861
428262,428276,428795,14,519,2,7200,1.02697495183
428263,428282,428785,19,503,2,7200,1.03777335984
428275,428293,428838,18,545,2,7200,1.03302752294
428282,428299,428778,17,479,2,7200,1.03549060543
428294,428311,428820,17,509,2,7200,1.03339882122
428296,428316,428839,20,523,2,7200,1.03824091778
428308,428328,428845,20,517,2,7200,1.03868471954
428314,428741,429232,427,491,2,7200,1.86965376782
428326,428753,429235,427,482,2,7200,1.88589211618
428740,428766,429278,26,512,2,7200,1.05078125
428753,428781,429302,28,521,2,7200,1.0537428023
428765,428795,429329,30,534,2,7200,1.05617977528
428777,428807,429286,30,479,2,7200,1.06263048017
428794,428820,429334,26,514,2,7200,1.05058365759
428806,428835,429309,29,474,2,7200,1.0611814346
428818,428850,429377,32,527,2,7200,1.06072106262
428830,428862,429367,32,505,2,7200,1.06336633663
428848,428867,429307,19,440,2,7200,1.04318181818
428860,429246,429772,386,526,2,7200,1.73384030418
428866,429252,429776,386,524,2,7200,1.73664122137
429244,429292,429808,48,516,2,7200,1.09302325581
429250,429304,429825,54,521,2,7200,1.10364683301
429289,429319,429821,30,502,2,7200,1.05976095618
429301,429331,429824,30,493,2,7200,1.06085192698
429318,429336,429803,18,467,2,7200,1.03854389722
429330,429348,429856,18,508,2,7200,1.03543307087
429338,429361,429863,23,502,2,7200,1.04581673307
429345,429387,429861,42,474,2,7200,1.08860759494
429357,429400,429917,43,517,2,7200,1.083172147
429385,429470,429954,85,484,2,7200,1.17561983471
429397,429784,430317,387,533,2,7200,1.72607879925
429466,429791,430242,325,451,2,7200,1.72062084257
429781,429815,430320,34,505,2,7200,1.06732673267
429788,429822,430272,34,450,2,7200,1.07555555556
429816,429833,430331,17,498,2,7200,1.03413654618
429823,429840,430325,17,485,2,7200,1.03505154639
429830,429845,430337,15,492,2,7200,1.03048780488
429836,429868,430336,32,468,2,7200,1.06837606838
429841,434057,434058,4216,1,1,240,421.7
429843,429874,430332,31,458,2,7200,1.06768558952
429866,429880,430401,14,521,2,7200,1.02687140115
429873,429929,430466,56,537,2,7200,1.104283054
429879,429965,430493,86,528,2,7200,1.16287878788
429928,430254,430813,326,559,2,7200,1.5831842576
429961,430284,430785,323,501,2,7200,1.64471057884
430250,430329,430891,79,562,2,7200,1.14056939502
430283,430336,430884,53,548,2,7200,1.09671532847
430330,430343,430877,13,534,2,7200,1.02434456929
430332,430348,430860,16,512,2,7200,1.03125
430339,430355,430866,16,511,2,7200,1.0313111546
430345,430360,430854,15,494,2,7200,1.03036437247
430352,430367,430922,15,555,2,7200,1.02702702703
430359,430413,430916,54,503,2,7200,1.10735586481
430366,430478,430990,112,512,2,7200,1.21875
430409,430504,431010,95,506,2,7200,1.18774703557
430474,430797,431339,323,542,2,7200,1.59594095941
430502,430825,431345,323,520,2,7200,1.62115384615
430795,430866,431390,71,524,2,7200,1.13549618321
430823,430873,431352,50,479,2,7200,1.10438413361
430861,430880,431402,19,522,2,7200,1.03639846743
430868,430889,431426,21,537,2,7200,1.03910614525
430875,430895,431405,20,510,2,7200,1.03921568627
430887,430902,431419,15,517,2,7200,1.02901353965
430894,430928,431381,34,453,2,7200,1.07505518764
430901,430935,431463,34,528,2,7200,1.06439393939
430923,431002,431524,79,522,2,7200,1.15134099617
430938,431022,431572,84,550,2,7200,1.15272727273
430997,431351,431853,354,502,2,7200,1.70517928287
431020,431357,431909,337,552,2,7200,1.61050724638
431351,431363,431926,12,563,2,7200,1.02131438721
431358,431394,431906,36,512,2,7200,1.0703125
431359,431402,431914,43,512,2,7200,1.083984375
431392,431414,431931,22,517,2,7200,1.04255319149
431399,431421,431954,22,533,2,7200,1.04127579737
431411,431431,431985,20,554,2,7200,1.03610108303
431418,431437,431979,19,542,2,7200,1.03505535055
431430,431475,431990,45,515,2,7200,1.08737864078
431437,431536,432116,99,580,2,7200,1.17068965517
431475,431584,432090,109,506,2,7200,1.21541501976
431534,431865,432370,331,505,2,7200,1.65544554455
431583,431917,432462,334,545,2,7200,1.6128440367
431846,547131,547136,115285,5,16,36000,11529.0
431861,431925,432455,64,530,2,7200,1.12075471698
431883,459601,487200,27718,27599,48,28800,2.00431175043
431915,431931,432462,16,531,2,7200,1.03013182674
431931,431938,432471,7,533,2,7200,1.01313320826
431932,431945,432457,13,512,2,7200,1.025390625
431934,431966,432489,32,523,2,7200,1.06118546845
431941,431991,432466,50,475,2,7200,1.10526315789
431963,431997,432556,34,559,2,7200,1.06082289803
431991,432004,432537,13,533,2,7200,1.0243902439
431998,432102,432632,104,530,2,7200,1.19622641509
431999,432129,432612,130,483,2,7200,1.26915113872
432100,432382,432855,282,473,2,7200,1.59619450317
432128,432467,433008,339,541,2,7200,1.62661737523
432381,432473,432951,92,478,2,7200,1.19246861925
432466,432478,432968,12,490,2,7200,1.02448979592
432473,432486,433003,13,517,2,7200,1.0251450677
432474,432491,432977,17,486,2,7200,1.03497942387
432486,432498,433037,12,539,2,7200,1.02226345083
432488,432505,433025,17,520,2,7200,1.03269230769
432495,432549,433062,54,513,2,7200,1.10526315789
432502,432568,433116,66,548,2,7200,1.1204379562
432545,432624,433133,79,509,2,7200,1.15520628684
432565,432644,433177,79,533,2,7200,1.14821763602
432619,432867,433367,248,500,2,7200,1.496
432642,432963,433501,321,538,2,7200,1.59665427509
432863,432980,433487,117,507,2,7200,1.23076923077
432959,432990,433546,31,556,2,7200,1.05575539568
432976,433015,433575,39,560,2,7200,1.06964285714
432988,433022,433542,34,520,2,7200,1.06538461538
433011,433037,433513,26,476,2,7200,1.05462184874
433018,433049,433585,31,536,2,7200,1.0578358209
433035,433074,433618,39,544,2,7200,1.07169117647
433047,433128,433626,81,498,2,7200,1.16265060241
433069,433144,433665,75,521,2,7200,1.14395393474
433123,433189,433723,66,534,2,7200,1.12359550562
433141,433378,433863,237,485,2,7200,1.48865979381
433184,433500,433983,316,483,2,7200,1.65424430642
433374,433513,434020,139,507,2,7200,1.2741617357
433496,433526,434026,30,500,2,7200,1.06
433511,433554,434058,43,504,2,7200,1.08531746032
433523,433561,434029,38,468,2,7200,1.0811965812
433551,433587,434145,36,558,2,7200,1.06451612903
433558,433596,434141,38,545,2,7200,1.06972477064
433586,433631,434149,45,518,2,7200,1.08687258687
433592,433638,434162,46,524,2,7200,1.08778625954
433631,433677,434162,46,485,2,7200,1.09484536082
433637,433735,434255,98,520,2,7200,1.18846153846
433676,433875,434365,199,490,2,7200,1.40612244898
433735,433996,434518,261,522,2,7200,1.5
433872,434031,434567,159,536,2,7200,1.29664179104
433994,434038,434575,44,537,2,7200,1.08193668529
434027,434046,434609,19,563,2,7200,1.03374777975
434034,434051,434608,17,557,2,7200,1.03052064632
434046,434070,434598,24,528,2,7200,1.04545454545
434048,434153,434696,105,543,2,7200,1.19337016575
434070,434160,434651,90,491,2,7200,1.183299389
434153,434167,434715,14,548,2,7200,1.02554744526
434159,434173,434678,14,505,2,7200,1.02772277228
434166,434179,434672,13,493,2,7200,1.02636916836
434173,434267,434758,94,491,2,7200,1.19144602851
434174,434378,434893,204,515,2,7200,1.39611650485
434264,434530,435038,266,508,2,7200,1.52362204724
434374,434579,435109,205,530,2,7200,1.38679245283
434531,434588,435094,57,506,2,7200,1.11264822134
434574,434610,435142,36,532,2,7200,1.06766917293
434586,434620,435139,34,519,2,7200,1.0655105973
434609,434625,435125,16,500,2,7200,1.032
434615,434663,435182,48,519,2,7200,1.09248554913
434622,434684,435169,62,485,2,7200,1.12783505155
434660,434691,435212,31,521,2,7200,1.05950095969
434682,434708,435225,26,517,2,7200,1.0502901354
434689,434727,435238,38,511,2,7200,1.07436399217
434706,434769,435257,63,488,2,7200,1.12909836066
434723,434905,435417,182,512,2,7200,1.35546875
434770,435050,435579,280,529,2,7200,1.52930056711
434902,435106,435674,204,568,2,7200,1.35915492958
435049,435121,435658,72,537,2,7200,1.13407821229
435103,435137,435629,34,492,2,7200,1.06910569106
435120,435151,435701,31,550,2,7200,1.05636363636
435133,435157,435679,24,522,2,7200,1.04597701149
435150,435181,435674,31,493,2,7200,1.06288032454
435157,435194,435700,37,506,2,7200,1.07312252964
435179,435224,435731,45,507,2,7200,1.08875739645
435191,435236,435718,45,482,2,7200,1.09336099585
435219,435250,435811,31,561,2,7200,1.05525846702
435236,435269,435814,33,545,2,7200,1.06055045872
435248,435429,435938,181,509,2,7200,1.35559921415
435266,435591,436140,325,549,2,7200,1.59198542805
435424,435640,436185,216,545,2,7200,1.39633027523
435588,435670,436225,82,555,2,7200,1.14774774775
435640,435685,436241,45,556,2,7200,1.0809352518
435668,435691,436206,23,515,2,7200,1.04466019417
435685,435698,436272,13,574,2,7200,1.02264808362
435687,435712,436227,25,515,2,7200,1.04854368932
435693,435719,436236,26,517,2,7200,1.0502901354
435711,435731,436279,20,548,2,7200,1.03649635036
435718,435743,436253,25,510,2,7200,1.04901960784
435730,435824,436304,94,480,2,7200,1.19583333333
435742,435831,436343,89,512,2,7200,1.173828125
435822,435950,436471,128,521,2,7200,1.24568138196
435828,436153,436674,325,521,2,7200,1.62380038388
435950,436196,436677,246,481,2,7200,1.51143451143
436150,436218,436780,68,562,2,7200,1.12099644128
436194,436236,436785,42,549,2,7200,1.07650273224
436216,436244,436800,28,556,2,7200,1.05035971223
436234,436251,436741,17,490,2,7200,1.03469387755
436249,436258,436772,9,514,2,7200,1.01750972763
436250,436264,436785,14,521,2,7200,1.02687140115
436257,436284,436802,27,518,2,7200,1.05212355212
436264,436290,436837,26,547,2,7200,1.04753199269
436281,436317,436844,36,527,2,7200,1.06831119545
436288,436354,436904,66,550,2,7200,1.12
436316,436483,437021,167,538,2,7200,1.31040892193
436354,436686,437159,332,473,2,7200,1.70190274841
436481,436693,437190,212,497,2,7200,1.42655935614
436682,436754,437251,72,497,2,7200,1.14486921529
436688,436785,437323,97,538,2,7200,1.18029739777
436753,436792,437359,39,567,2,7200,1.06878306878
436780,436799,437345,19,546,2,7200,1.0347985348
436787,436804,437311,17,507,2,7200,1.03353057199
436794,436813,437368,19,555,2,7200,1.03423423423
436801,436819,437332,18,513,2,7200,1.0350877193
436813,436849,437367,36,518,2,7200,1.0694980695
436820,436855,437383,35,528,2,7200,1.06628787879
436846,436916,437444,70,528,2,7200,1.13257575758
436853,437034,437541,181,507,2,7200,1.35700197239
436912,437171,437638,259,467,2,7200,1.55460385439
437034,437202,437748,168,546,2,7200,1.30769230769
437171,437262,437744,91,482,2,7200,1.1887966805
437199,437323,437889,124,566,2,7200,1.21908127208
437258,437335,437861,77,526,2,7200,1.1463878327
437322,437344,437817,22,473,2,7200,1.04651162791
437334,437357,437927,23,570,2,7200,1.04035087719
437341,437371,437873,30,502,2,7200,1.05976095618
437353,437380,437894,27,514,2,7200,1.05252918288
437370,437385,437879,15,494,2,7200,1.03036437247
437377,437395,437884,18,489,2,7200,1.03680981595
437384,437456,437974,72,518,2,7200,1.138996139
437391,437553,438098,162,545,2,7200,1.29724770642
437455,437650,438198,195,548,2,7200,1.35583941606
437551,437756,438306,205,550,2,7200,1.37272727273
437651,437763,438332,112,569,2,7200,1.19683655536
437752,437829,438329,77,500,2,7200,1.154
437759,437873,438361,114,488,2,7200,1.23360655738
437829,437885,438407,56,522,2,7200,1.10727969349
437872,437892,438436,20,544,2,7200,1.03676470588
437884,437899,438434,15,535,2,7200,1.02803738318
437891,437905,438414,14,509,2,7200,1.02750491159
437898,437911,438420,13,509,2,7200,1.02554027505
437905,437939,438466,34,527,2,7200,1.06451612903
437907,437988,438535,81,547,2,7200,1.14808043876
437934,438110,438672,176,562,2,7200,1.31316725979
437988,438210,438709,222,499,2,7200,1.44488977956
438110,438318,438829,208,511,2,7200,1.40704500978
438206,438342,438908,136,566,2,7200,1.24028268551
438317,438349,438830,32,481,2,7200,1.06652806653
438340,438373,438895,33,522,2,7200,1.0632183908
438355,438419,438922,64,503,2,7200,1.12723658052
438372,438426,438951,54,525,2,7200,1.10285714286
438416,438433,438943,17,510,2,7200,1.03333333333
438422,438446,438960,24,514,2,7200,1.046692607
438429,438453,438940,24,487,2,7200,1.04928131417
438441,438478,438976,37,498,2,7200,1.07429718876
438453,438547,439050,94,503,2,7200,1.18687872763
438476,438684,439223,208,539,2,7200,1.38589981447
438545,438721,439311,176,590,2,7200,1.29830508475
438683,438841,439350,158,509,2,7200,1.31041257367
438721,438847,439345,126,498,2,7200,1.25301204819
438838,438908,439421,70,513,2,7200,1.13645224172
438845,438920,439463,75,543,2,7200,1.13812154696
438904,438934,439435,30,501,2,7200,1.05988023952
438916,438953,439507,37,554,2,7200,1.06678700361
438933,438960,439502,27,542,2,7200,1.04981549815
438954,438967,439512,13,545,2,7200,1.02385321101
438955,438974,439475,19,501,2,7200,1.0379241517
438967,438988,439557,21,569,2,7200,1.03690685413
438974,439062,439590,88,528,2,7200,1.16666666667
438986,439235,439776,249,541,2,7200,1.46025878004
439061,439323,439855,262,532,2,7200,1.49248120301
439235,439357,439871,122,514,2,7200,1.2373540856
439320,439364,439907,44,543,2,7200,1.08103130755
439353,439434,439941,81,507,2,7200,1.15976331361
439360,439447,439991,87,544,2,7200,1.15992647059
439430,439475,440018,45,543,2,7200,1.08287292818
439447,439487,440046,40,559,2,7200,1.07155635063
439475,439514,440049,39,535,2,7200,1.07289719626
439487,439521,440084,34,563,2,7200,1.06039076377
439510,439528,440074,18,546,2,7200,1.03296703297
439516,439569,440080,53,511,2,7200,1.10371819961
439523,439602,440149,79,547,2,7200,1.14442413163
439567,439788,440329,221,541,2,7200,1.40850277264
439603,439867,440416,264,549,2,7200,1.48087431694
439788,439883,440434,95,551,2,7200,1.1724137931
439863,439919,440459,56,540,2,7200,1.1037037037
439880,439953,440486,73,533,2,7200,1.13696060038
439918,440003,440527,85,524,2,7200,1.16221374046
439951,440030,440559,79,529,2,7200,1.14933837429
440000,440058,440579,58,521,2,7200,1.1113243762
440027,440065,440599,38,534,2,7200,1.07116104869
440055,440086,440599,31,513,2,7200,1.0604288499
440062,440093,440625,31,532,2,7200,1.05827067669
440085,440100,440646,15,546,2,7200,1.02747252747
440091,440161,440718,70,557,2,7200,1.12567324955
440098,440341,440872,243,531,2,7200,1.45762711864
440157,440429,440940,272,511,2,7200,1.53228962818
440336,440447,440953,111,506,2,7200,1.21936758893
440427,440471,440996,44,525,2,7200,1.08380952381
440447,440498,440994,51,496,2,7200,1.10282258065
440470,440540,441068,70,528,2,7200,1.13257575758
440498,440571,441108,73,537,2,7200,1.13594040968
440536,440591,441089,55,498,2,7200,1.11044176707
440569,440611,441115,42,504,2,7200,1.08333333333
440591,440616,441105,25,489,2,7200,1.05112474438
440609,440637,441192,28,555,2,7200,1.05045045045
440615,440658,441112,43,454,2,7200,1.09471365639
440633,440731,441285,98,554,2,7200,1.17689530686
440655,440885,441384,230,499,2,7200,1.46092184369
440670,440678,440685,8,7,1,3600,1.5
440730,440952,441474,222,522,2,7200,1.42528735632
440796,440802,440926,6,124,1,3600,1.04838709677
440883,440965,441506,82,541,2,7200,1.15157116451
440947,441007,441511,60,504,2,7200,1.11904761905
440965,441014,441526,49,512,2,7200,1.095703125
441003,441081,441556,78,475,2,7200,1.16421052632
441010,441101,441616,91,515,2,7200,1.17669902913
441056,441063,441328,7,265,1,3600,1.02641509434
441078,441117,441657,39,540,2,7200,1.07222222222
441100,441124,441564,24,440,2,7200,1.05454545455
441112,441129,441614,17,485,2,7200,1.03505154639
441124,441136,441605,12,469,2,7200,1.02558635394
441126,441203,441757,77,554,2,7200,1.13898916968
441133,441298,441797,165,499,2,7200,1.33066132265
441203,441397,441933,194,536,2,7200,1.36194029851
441298,441486,441975,188,489,2,7200,1.38445807771
441394,441517,442067,123,550,2,7200,1.22363636364
441485,441524,442019,39,495,2,7200,1.07878787879
441518,441539,442046,21,507,2,7200,1.04142011834
441519,441568,442108,49,540,2,7200,1.09074074074
441537,441580,442081,43,501,2,7200,1.08582834331
441562,441573,442002,11,429,1,3600,1.02564102564
441564,441617,442154,53,537,2,7200,1.09869646182
441576,441626,442144,50,518,2,7200,1.09652509653
441615,441632,442118,17,486,2,7200,1.03497942387
441630,441670,442215,40,545,2,7200,1.07339449541
441631,441769,442268,138,499,2,7200,1.27655310621
441670,441809,442324,139,515,2,7200,1.26990291262
441765,441945,442418,180,473,2,7200,1.38054968288
441809,441987,442492,178,505,2,7200,1.35247524752
441941,442031,442518,90,487,2,7200,1.18480492813
441985,442059,442524,74,465,2,7200,1.15913978495
442028,442079,442569,51,490,2,7200,1.10408163265
442056,442093,442645,37,552,2,7200,1.06702898551
442079,442120,442650,41,530,2,7200,1.07735849057
442091,442130,442702,39,572,2,7200,1.06818181818
442118,442156,442635,38,479,2,7200,1.07933194154
442125,442166,442702,41,536,2,7200,1.07649253731
442153,442228,442729,75,501,2,7200,1.1497005988
442165,442279,442807,114,528,2,7200,1.21590909091
442224,442337,442888,113,551,2,7200,1.20508166969
442278,442430,442953,152,523,2,7200,1.29063097514
442335,442504,443024,169,520,2,7200,1.325
442426,442530,443075,104,545,2,7200,1.19082568807
442501,442537,443111,36,574,2,7200,1.06271777003
442528,442581,443128,53,547,2,7200,1.09689213894
442535,442648,443154,113,506,2,7200,1.2233201581
442546,442553,442558,7,5,1,3600,1.2
442579,442657,443132,78,475,2,7200,1.16421052632
442643,442664,443154,21,490,2,7200,1.04285714286
442655,442714,443267,59,553,2,7200,1.10669077758
442662,442719,443204,57,485,2,7200,1.1175257732
442671,442677,442946,6,269,1,3600,1.02230483271
442711,442741,443241,30,500,2,7200,1.06
442717,442820,443327,103,507,2,7200,1.20315581854
442740,442889,443454,149,565,2,7200,1.26371681416
442820,442894,443433,74,539,2,7200,1.13729128015
442884,442901,443391,17,490,2,7200,1.03469387755
442891,442953,443483,62,530,2,7200,1.11698113208
442898,442966,443466,68,500,2,7200,1.136
442950,443037,443525,87,488,2,7200,1.17827868852
442962,443088,443620,126,532,2,7200,1.23684210526
443037,443123,443665,86,542,2,7200,1.15867158672
443086,443140,443665,54,525,2,7200,1.10285714286
443089,445049,445444,1960,395,1,3600,5.96202531646
443119,443147,443611,28,464,2,7200,1.06034482759
443136,443166,443744,30,578,2,7200,1.05190311419
443143,443171,443676,28,505,2,7200,1.05544554455
443165,443216,443712,51,496,2,7200,1.10282258065
443167,443253,443825,86,572,2,7200,1.15034965035
443216,443279,443838,63,559,2,7200,1.11270125224
443249,443339,443840,90,501,2,7200,1.17964071856
443276,443403,443899,127,496,2,7200,1.2560483871
443336,443446,443946,110,500,2,7200,1.22
443403,443466,444030,63,564,2,7200,1.11170212766
443442,443479,443990,37,511,2,7200,1.07240704501
443464,443495,444013,31,518,2,7200,1.05984555985
443476,443537,444042,61,505,2,7200,1.12079207921
443493,443623,444142,130,519,2,7200,1.25048169557
443537,443632,444146,95,514,2,7200,1.18482490272
443622,443676,444204,54,528,2,7200,1.10227272727
443629,443682,444243,53,561,2,7200,1.0944741533
443673,443689,444203,16,514,2,7200,1.03112840467
443679,443724,444217,45,493,2,7200,1.09127789047
443686,443756,444331,70,575,2,7200,1.12173913043
443719,443837,444344,118,507,2,7200,1.23274161736
443752,443851,444391,99,540,2,7200,1.18333333333
443836,443857,444354,21,497,2,7200,1.04225352113
443848,443911,444465,63,554,2,7200,1.11371841155
443855,443958,444474,103,516,2,7200,1.1996124031
443908,444003,444546,95,543,2,7200,1.17495395948
443957,444026,444537,69,511,2,7200,1.13502935421
444001,444042,444532,41,490,2,7200,1.08367346939
444023,444054,444603,31,549,2,7200,1.05646630237
444040,444154,444674,114,520,2,7200,1.21923076923
444052,444161,444741,109,580,2,7200,1.18793103448
444153,444198,444731,45,533,2,7200,1.08442776735
444160,444203,444753,43,550,2,7200,1.07818181818
444198,444215,444772,17,557,2,7200,1.03052064632
444200,444221,444711,21,490,2,7200,1.04285714286
444215,444228,444780,13,552,2,7200,1.02355072464
444217,444242,444816,25,574,2,7200,1.04355400697
444224,444247,444786,23,539,2,7200,1.0426716141
444241,444254,444815,13,561,2,7200,1.02317290553
444248,444261,444752,13,491,2,7200,1.02647657841
444249,444343,444852,94,509,2,7200,1.18467583497
444256,444356,444924,100,568,2,7200,1.17605633803
444264,446350,446358,2086,8,1,1800,209.4
444341,444366,444875,25,509,2,7200,1.04911591356
444354,444403,444922,49,519,2,7200,1.09441233141
444366,444477,445033,111,556,2,7200,1.19964028777
444399,444486,444958,87,472,2,7200,1.1843220339
444474,444544,445039,70,495,2,7200,1.14141414141
444489,444551,445061,62,510,2,7200,1.12156862745
444543,444558,445054,15,496,2,7200,1.03024193548
444550,444616,445107,66,491,2,7200,1.13441955193
444557,444686,445182,129,496,2,7200,1.26008064516
444584,446368,446520,1784,152,1,3600,12.7368421053
444616,444723,445279,107,556,2,7200,1.19244604317
444686,444744,445266,58,522,2,7200,1.11111111111
444719,444753,445279,34,526,2,7200,1.06463878327
444741,444763,445306,22,543,2,7200,1.04051565378
444757,444770,445313,13,543,2,7200,1.02394106814
444764,444784,445314,20,530,2,7200,1.03773584906
444771,444792,445317,21,525,2,7200,1.04
444783,444799,445361,16,562,2,7200,1.02846975089
444790,444827,445378,37,551,2,7200,1.06715063521
444797,444834,445323,37,489,2,7200,1.07566462168
444824,444864,445340,40,476,2,7200,1.08403361345
444831,444887,445381,56,494,2,7200,1.11336032389
444864,444934,445443,70,509,2,7200,1.13752455796
444887,444941,445484,54,543,2,7200,1.09944751381
444934,444970,445499,36,529,2,7200,1.06805293006
444941,445044,445552,103,508,2,7200,1.20275590551
444968,445057,445578,89,521,2,7200,1.17082533589
445043,445062,445564,19,502,2,7200,1.03784860558
445055,445069,445531,14,462,2,7200,1.0303030303
445062,445076,445582,14,506,2,7200,1.02766798419
445069,445119,445665,50,546,2,7200,1.09157509158
445076,445194,445699,118,505,2,7200,1.23366336634
445115,445278,445803,163,525,2,7200,1.31047619048
445193,445291,445826,98,535,2,7200,1.18317757009
445278,445296,445809,18,513,2,7200,1.0350877193
445290,445318,445882,28,564,2,7200,1.04964539007
445292,445324,445865,32,541,2,7200,1.05914972274
445314,445331,445841,17,510,2,7200,1.03333333333
445321,445336,445850,15,514,2,7200,1.02918287938
445328,445343,445864,15,521,2,7200,1.02879078695
445344,445353,445912,9,559,2,7200,1.01610017889
445345,445373,445856,28,483,2,7200,1.05797101449
445352,445390,445920,38,530,2,7200,1.07169811321
445369,445397,445954,28,557,2,7200,1.05026929982
445387,445431,445985,44,554,2,7200,1.07942238267
445393,445436,445961,43,525,2,7200,1.0819047619
445426,445454,445993,28,539,2,7200,1.05194805195
445433,445461,445988,28,527,2,7200,1.05313092979
445450,445496,446027,46,531,2,7200,1.08662900188
445466,445512,446016,46,504,2,7200,1.09126984127
445494,445543,446053,49,510,2,7200,1.09607843137
445511,445564,446097,53,533,2,7200,1.09943714822
445539,445576,446083,37,507,2,7200,1.07297830375
445565,445590,446134,25,544,2,7200,1.04595588235
445571,445597,446127,26,530,2,7200,1.04905660377
445589,445677,446218,88,541,2,7200,1.16266173752
445596,445711,446175,115,464,2,7200,1.24784482759
445676,445815,446288,139,473,2,7200,1.29386892178
445699,446427,446961,728,534,1,3600,2.36329588015
445712,445822,446321,110,499,2,7200,1.22044088176
445813,445837,446337,24,500,2,7200,1.048
445820,445853,446367,33,514,2,7200,1.06420233463
445837,445862,446387,25,525,2,7200,1.04761904762
445853,445869,446381,16,512,2,7200,1.03125
445860,445876,446434,16,558,2,7200,1.02867383513
445866,445883,446420,17,537,2,7200,1.03165735568
445873,445894,446422,21,528,2,7200,1.03977272727
445880,445924,446443,44,519,2,7200,1.08477842004
445896,445932,446464,36,532,2,7200,1.06766917293
445924,445967,446415,43,448,2,7200,1.09598214286
445930,445974,446472,44,498,2,7200,1.08835341365
445963,445997,446531,34,534,2,7200,1.06367041199
445979,446004,446551,25,547,2,7200,1.04570383912
445996,446011,446561,15,550,2,7200,1.02727272727
446003,446028,446561,25,533,2,7200,1.0469043152
446010,446039,446608,29,569,2,7200,1.05096660808
446025,446065,446597,40,532,2,7200,1.07518796992
446037,446095,446638,58,543,2,7200,1.10681399632
446065,446109,446636,44,527,2,7200,1.0834914611
446093,446140,446647,47,507,2,7200,1.09270216963
446108,446147,446659,39,512,2,7200,1.076171875
446136,446187,446725,51,538,2,7200,1.09479553903
446143,446230,446716,87,486,2,7200,1.17901234568
446186,446300,446838,114,538,2,7200,1.21189591078
446228,446333,446862,105,529,2,7200,1.19848771267
446297,446379,446912,82,533,2,7200,1.15384615385
446330,446394,446919,64,525,2,7200,1.1219047619
446379,446401,446896,22,495,2,7200,1.04444444444
446395,446432,446986,37,554,2,7200,1.06678700361
446397,446439,446963,42,524,2,7200,1.08015267176
446430,446444,446927,14,483,2,7200,1.02898550725
446436,446451,446963,15,512,2,7200,1.029296875
446443,446458,446963,15,505,2,7200,1.0297029703
446450,446476,446999,26,523,2,7200,1.04971319312
446466,446485,447018,19,533,2,7200,1.03564727955
446472,446544,447032,72,488,2,7200,1.14754098361
446484,446563,447128,79,565,2,7200,1.13982300885
446540,446551,446632,11,81,1,1800,1.13580246914
446544,446572,447083,28,511,2,7200,1.05479452055
446561,446578,447098,17,520,2,7200,1.03269230769
446568,446620,447165,52,545,2,7200,1.09541284404
446583,446649,447166,66,517,2,7200,1.12765957447
446616,446661,447184,45,523,2,7200,1.08604206501
446648,446655,446953,7,298,1,3600,1.02348993289
446649,446668,447175,19,507,2,7200,1.03747534517
446661,446729,447269,68,540,2,7200,1.12592592593
446668,446736,447266,68,530,2,7200,1.12830188679
446725,446850,447395,125,545,2,7200,1.22935779817
446732,446874,447386,142,512,2,7200,1.27734375
446849,446908,447464,59,556,2,7200,1.10611510791
446871,446924,447407,53,483,2,7200,1.10973084886
446904,446930,447421,26,491,2,7200,1.05295315682
446910,446916,447016,6,100,1,1800,1.06
446922,446939,447480,17,541,2,7200,1.0314232902
446928,446975,447492,47,517,2,7200,1.09090909091
446935,446980,447506,45,526,2,7200,1.0855513308
446972,446987,447524,15,537,2,7200,1.02793296089
446979,446998,447478,19,480,2,7200,1.03958333333
446985,447011,447544,26,533,2,7200,1.0487804878
446997,447030,447562,33,532,2,7200,1.06203007519
447010,447045,447579,35,534,2,7200,1.06554307116
447027,447095,447594,68,499,2,7200,1.13627254509
447044,447110,447621,66,511,2,7200,1.12915851272
447093,447140,447704,47,564,2,7200,1.08333333333
447105,447189,447750,84,561,2,7200,1.14973262032
447136,447194,447704,58,510,2,7200,1.1137254902
447170,447177,447762,7,585,1,3600,1.01196581197
447185,447201,447717,16,516,2,7200,1.03100775194
447192,447278,447774,86,496,2,7200,1.17338709677
447199,447285,447763,86,478,2,7200,1.17991631799
447274,447397,447886,123,489,2,7200,1.25153374233
447281,447407,447922,126,515,2,7200,1.24466019417
447398,447420,447922,22,502,2,7200,1.0438247012
447407,447413,447420,6,7,1,3600,1.3
447413,447433,447970,20,537,2,7200,1.03724394786
447420,447475,447985,55,510,2,7200,1.10784313725
447432,447490,447973,58,483,2,7200,1.12008281573
447444,447450,447678,6,228,1,1800,1.02631578947
447475,447497,448013,22,516,2,7200,1.04263565891
447488,447503,448082,15,579,2,7200,1.02590673575
447494,447517,448042,23,525,2,7200,1.04380952381
447501,447542,448069,41,527,2,7200,1.07779886148
447513,447557,448135,44,578,2,7200,1.07612456747
447528,447535,447649,7,114,1,3600,1.06140350877
447541,447574,448109,33,535,2,7200,1.06168224299
447557,447591,448165,34,574,2,7200,1.05923344948
447574,447606,448123,32,517,2,7200,1.06189555126
447591,447634,448204,43,570,2,7200,1.07543859649
447603,447716,448278,113,562,2,7200,1.20106761566
447631,447721,448228,90,507,2,7200,1.1775147929
447711,447729,448280,18,551,2,7200,1.03266787659
447718,447762,448264,44,502,2,7200,1.08764940239
447725,447776,448303,51,527,2,7200,1.09677419355
447762,447785,448345,23,560,2,7200,1.04107142857
447774,447898,448407,124,509,2,7200,1.24361493124
447785,447792,448123,7,331,1,3600,1.02114803625
447786,447934,448489,148,555,2,7200,1.26666666667
447897,447939,448482,42,543,2,7200,1.0773480663
447930,447983,448530,53,547,2,7200,1.09689213894
447937,447990,448512,53,522,2,7200,1.10153256705
447981,447997,448567,16,570,2,7200,1.02807017544
447987,448025,448574,38,549,2,7200,1.06921675774
448003,448054,448583,51,529,2,7200,1.09640831758
448020,448081,448645,61,564,2,7200,1.10815602837
448053,448094,448600,41,506,2,7200,1.08102766798
448076,448121,448653,45,532,2,7200,1.08458646617
448093,448136,448698,43,562,2,7200,1.07651245552
448121,448147,448708,26,561,2,7200,1.04634581105
448133,448177,448710,44,533,2,7200,1.08255159475
448145,448216,448722,71,506,2,7200,1.14031620553
448177,448241,448729,64,488,2,7200,1.13114754098
448215,448276,448772,61,496,2,7200,1.12298387097
448238,448290,448811,52,521,2,7200,1.09980806142
448276,448297,448809,21,512,2,7200,1.041015625
448288,448315,448801,27,486,2,7200,1.05555555556
448295,448356,448921,61,565,2,7200,1.10796460177
448312,448419,448945,107,526,2,7200,1.20342205323
448329,448336,449005,7,669,1,3600,1.01046337818
448352,448363,448369,11,6,1,1800,1.7
448356,448495,449047,139,552,2,7200,1.2518115942
448419,448502,449023,83,521,2,7200,1.15930902111
448494,448525,449021,31,496,2,7200,1.0625
448500,448547,449091,47,544,2,7200,1.08639705882
448523,448584,449149,61,565,2,7200,1.10796460177
448535,448541,448582,6,41,1,1800,1.14634146341
448546,448591,449075,45,484,2,7200,1.09297520661
448570,448577,448753,7,176,1,3600,1.03977272727
448584,448597,449146,13,549,2,7200,1.02367941712
448591,448612,449127,21,515,2,7200,1.04077669903
448593,448656,449144,63,488,2,7200,1.12909836066
448608,448665,449233,57,568,2,7200,1.10035211268
448657,448710,449239,53,529,2,7200,1.10018903592
448664,448720,449269,56,549,2,7200,1.10200364299
448708,448727,449256,19,529,2,7200,1.0359168242
448720,448734,449307,14,573,2,7200,1.02443280977
448727,448740,449270,13,530,2,7200,1.02452830189
448734,448785,449360,51,575,2,7200,1.08869565217
448740,448813,449359,73,546,2,7200,1.1336996337
448782,448821,449335,39,514,2,7200,1.07587548638
448810,448828,449397,18,569,2,7200,1.0316344464
448817,448933,449449,116,516,2,7200,1.22480620155
448824,448956,449488,132,532,2,7200,1.24812030075
448857,448863,448938,6,75,1,1800,1.08
448875,448882,449303,7,421,1,3600,1.01662707838
448930,449034,449527,104,493,2,7200,1.21095334686
448953,449041,449566,88,525,2,7200,1.16761904762
449033,449060,449616,27,556,2,7200,1.04856115108
449040,449087,449623,47,536,2,7200,1.08768656716
449061,449104,449624,43,520,2,7200,1.08269230769
449083,449139,449697,56,558,2,7200,1.10035842294
449101,449156,449708,55,552,2,7200,1.09963768116
449139,449163,449678,24,515,2,7200,1.04660194175
449151,449168,449674,17,506,2,7200,1.03359683794
449164,449245,449802,81,557,2,7200,1.14542190305
449165,449251,449801,86,550,2,7200,1.15636363636
449240,449268,449813,28,545,2,7200,1.05137614679
449256,449281,449801,25,520,2,7200,1.04807692308
449268,449286,449770,18,484,2,7200,1.03719008264
449280,449320,449795,40,475,2,7200,1.08421052632
449282,449347,449843,65,496,2,7200,1.1310483871
449320,449371,449893,51,522,2,7200,1.09770114943
449343,449377,449867,34,490,2,7200,1.0693877551
449370,449409,449921,39,512,2,7200,1.076171875
449377,449462,449961,85,499,2,7200,1.17034068136
449408,449416,449588,8,172,1,1800,1.04651162791
449409,449505,449980,96,475,2,7200,1.20210526316
449457,449540,450063,83,523,2,7200,1.1586998088
449492,449498,449504,6,6,1,3600,1.2
449501,449583,450097,82,514,2,7200,1.15953307393
449539,449629,450140,90,511,2,7200,1.17612524462
449572,449578,450140,6,562,1,3600,1.01067615658
449583,449635,450151,52,516,2,7200,1.1007751938
449610,449618,449709,8,91,1,3600,1.08791208791
449626,449641,450172,15,531,2,7200,1.02824858757
449633,449686,450201,53,515,2,7200,1.10291262136
449640,449692,450214,52,522,2,7200,1.09961685824
449687,449709,450232,22,523,2,7200,1.04206500956
449689,449721,450240,32,519,2,7200,1.06165703276
449706,449782,450336,76,554,2,7200,1.13718411552
449718,449807,450337,89,530,2,7200,1.1679245283
449777,449813,450348,36,535,2,7200,1.06728971963
449805,449819,450346,14,527,2,7200,1.0265654649
449812,449826,450306,14,480,2,7200,1.02916666667
449819,449831,450391,12,560,2,7200,1.02142857143
449825,449855,450411,30,556,2,7200,1.05395683453
449841,449879,450440,38,561,2,7200,1.06773618538
449843,449849,450099,6,250,1,3600,1.024
449853,449905,450411,52,506,2,7200,1.10276679842
449876,449933,450429,57,496,2,7200,1.11491935484
449903,449973,450495,70,522,2,7200,1.13409961686
449931,449992,450527,61,535,2,7200,1.11401869159
449970,450075,450598,105,523,2,7200,1.20076481836
449992,450109,450647,117,538,2,7200,1.21747211896
450072,450152,450664,80,512,2,7200,1.15625
450109,450163,450664,54,501,2,7200,1.10778443114
450147,450184,450711,37,527,2,7200,1.07020872865
450159,450213,450715,54,502,2,7200,1.10756972112
450182,450226,450780,44,554,2,7200,1.07942238267
450210,450244,450795,34,551,2,7200,1.06170598911
450222,450253,450755,31,502,2,7200,1.06175298805
450239,450318,450829,79,511,2,7200,1.15459882583
450251,450348,450864,97,516,2,7200,1.18798449612
450319,450355,450834,36,479,2,7200,1.0751565762
450347,450362,450859,15,497,2,7200,1.03018108652
450352,453523,453904,3171,381,1,3600,9.32283464567
450354,450367,450886,13,519,2,7200,1.02504816956
450361,450404,450952,43,548,2,7200,1.07846715328
450363,450423,450985,60,562,2,7200,1.10676156584
450401,450428,450914,27,486,2,7200,1.05555555556
450418,450441,451001,23,560,2,7200,1.04107142857
450425,450452,451008,27,556,2,7200,1.04856115108
450441,450507,451033,66,526,2,7200,1.12547528517
450448,450540,451093,92,553,2,7200,1.16636528029
450507,450610,451167,103,557,2,7200,1.18491921005
450540,450659,451165,119,506,2,7200,1.23517786561
450609,450675,451198,66,523,2,7200,1.12619502868
450658,450681,451236,23,555,2,7200,1.04144144144
450675,450723,451236,48,513,2,7200,1.09356725146
450677,450730,451252,53,522,2,7200,1.10153256705
450720,450767,451303,47,536,2,7200,1.08768656716
450736,450792,451273,56,481,2,7200,1.11642411642
450764,450807,451359,43,552,2,7200,1.07789855072
450792,450841,451294,49,453,2,7200,1.10816777042
450804,450848,451342,44,494,2,7200,1.08906882591
450837,450871,451429,34,558,2,7200,1.06093189964
450843,450877,451421,34,544,2,7200,1.0625
450871,450898,451470,27,572,2,7200,1.0472027972
450873,450925,451437,52,512,2,7200,1.1015625
450899,450965,451487,66,522,2,7200,1.12643678161
450922,450996,451517,74,521,2,7200,1.14203454894
450965,451013,451516,48,503,2,7200,1.09542743539
450993,451019,451546,26,527,2,7200,1.04933586338
451010,451046,451620,36,574,2,7200,1.06271777003
451017,451105,451648,88,543,2,7200,1.1620626151
451045,451177,451665,132,488,2,7200,1.27049180328
451104,451183,451731,79,548,2,7200,1.14416058394
451177,451210,451750,33,540,2,7200,1.06111111111
451184,451247,451757,63,510,2,7200,1.12352941176
451206,451252,451807,46,555,2,7200,1.08288288288
451245,451265,451769,20,504,2,7200,1.03968253968
451251,451285,451846,34,561,2,7200,1.06060606061
451264,451306,451853,42,547,2,7200,1.07678244973
451281,451315,451866,34,551,2,7200,1.06170598911
451304,451354,451872,50,518,2,7200,1.09652509653
451310,451372,451928,62,556,2,7200,1.11151079137
451352,451434,451945,82,511,2,7200,1.16046966732
451370,451440,451946,70,506,2,7200,1.13833992095
451434,451450,451988,16,538,2,7200,1.02973977695
451441,451457,452017,16,560,2,7200,1.02857142857
451448,451483,452008,35,525,2,7200,1.06666666667
451455,451499,452032,44,533,2,7200,1.08255159475
451482,451528,452014,46,486,2,7200,1.09465020576
451495,451535,452084,40,549,2,7200,1.07285974499
451526,451558,452116,32,558,2,7200,1.05734767025
451533,451632,452130,99,498,2,7200,1.19879518072
451556,451660,452198,104,538,2,7200,1.19330855019
451630,451677,452228,47,551,2,7200,1.08529945554
451658,451743,452312,85,569,2,7200,1.14938488576
451676,451762,452292,86,530,2,7200,1.16226415094
451740,451769,452326,29,557,2,7200,1.05206463196
451757,451782,452341,25,559,2,7200,1.04472271914
451773,451819,452325,46,506,2,7200,1.09090909091
451780,451858,452405,78,547,2,7200,1.14259597806
451819,451865,452374,46,509,2,7200,1.09037328094
451820,453528,453612,1708,84,1,1800,21.3333333333
451857,451879,452379,22,500,2,7200,1.044
451864,451886,452431,22,545,2,7200,1.04036697248
451876,451940,452489,64,549,2,7200,1.11657559199
451883,451957,452464,74,507,2,7200,1.1459566075
451937,451964,452502,27,538,2,7200,1.05018587361
451958,452001,452519,43,518,2,7200,1.08301158301
451960,452020,452556,60,536,2,7200,1.11194029851
451998,452027,452578,29,551,2,7200,1.05263157895
452016,452034,452547,18,513,2,7200,1.0350877193
452023,452044,452604,21,560,2,7200,1.0375
452029,452096,452542,67,446,2,7200,1.15022421525
452042,452128,452681,86,553,2,7200,1.15551537071
452096,452142,452698,46,556,2,7200,1.08273381295
452127,452210,452729,83,519,2,7200,1.15992292871
452139,452240,452784,101,544,2,7200,1.18566176471
452209,452304,452815,95,511,2,7200,1.18590998043
452237,452324,452907,87,583,2,7200,1.14922813036
452301,452337,452890,36,553,2,7200,1.0650994575
452324,452343,452821,19,478,2,7200,1.03974895397
452336,452353,452847,17,494,2,7200,1.03441295547
452352,452386,452936,34,550,2,7200,1.06181818182
452354,452393,452918,39,525,2,7200,1.07428571429
452387,452417,452927,30,510,2,7200,1.05882352941
452388,452443,452927,55,484,2,7200,1.11363636364
452416,452476,453012,60,536,2,7200,1.11194029851
452439,452501,453056,62,555,2,7200,1.11171171171
452472,452514,453011,42,497,2,7200,1.08450704225
452500,452531,453025,31,494,2,7200,1.06275303644
452515,452555,453088,40,533,2,7200,1.07504690432
452528,452562,453082,34,520,2,7200,1.06538461538
452555,452569,453097,14,528,2,7200,1.02651515152
452562,452590,453139,28,549,2,7200,1.05100182149
452569,452615,453116,46,501,2,7200,1.09181636727
452586,452693,453252,107,559,2,7200,1.19141323792
452614,452710,453204,96,494,2,7200,1.19433198381
452693,452741,453296,48,555,2,7200,1.08648648649
452710,452796,453363,86,567,2,7200,1.15167548501
452738,452827,453374,89,547,2,7200,1.16270566728
452792,452834,453346,42,512,2,7200,1.08203125
452825,452859,453426,34,567,2,7200,1.05996472663
452831,452901,453435,70,534,2,7200,1.13108614232
452859,452919,453435,60,516,2,7200,1.11627906977
452901,452930,453494,29,564,2,7200,1.05141843972
452919,452938,453494,19,556,2,7200,1.03417266187
452926,452944,453480,18,536,2,7200,1.03358208955
452938,452951,453509,13,558,2,7200,1.02329749104
452940,453023,453495,83,472,2,7200,1.17584745763
452947,453030,453564,83,534,2,7200,1.15543071161
453022,453038,453548,16,510,2,7200,1.03137254902
453037,453068,453569,31,501,2,7200,1.0618762475
453039,453094,453605,55,511,2,7200,1.10763209393
453067,453101,453636,34,535,2,7200,1.06355140187
453089,453109,453667,20,558,2,7200,1.03584229391
453096,453128,453628,32,500,2,7200,1.064
453108,453151,453684,43,533,2,7200,1.08067542214
453126,453216,453751,90,535,2,7200,1.16822429907
453148,453264,453819,116,555,2,7200,1.20900900901
453217,453308,453869,91,561,2,7200,1.16221033868
453260,453359,453879,99,520,2,7200,1.19038461538
453303,453375,453895,72,520,2,7200,1.13846153846
453357,453386,453905,29,519,2,7200,1.05587668593
453375,453437,453993,62,556,2,7200,1.11151079137
453382,453447,453945,65,498,2,7200,1.13052208835
453436,453452,454031,16,579,2,7200,1.02763385147
453451,453492,454014,41,522,2,7200,1.0785440613
453453,453505,454063,52,558,2,7200,1.09318996416
453491,453511,454021,20,510,2,7200,1.03921568627
453503,453536,454059,33,523,2,7200,1.06309751434
453510,453560,454115,50,555,2,7200,1.09009009009
453533,453575,454106,42,531,2,7200,1.0790960452
453555,453583,454109,28,526,2,7200,1.05323193916
453573,453617,454119,44,502,2,7200,1.08764940239
453588,453624,454132,36,508,2,7200,1.07086614173
453616,453641,454218,25,577,2,7200,1.04332755633
453623,453679,454175,56,496,2,7200,1.11290322581
453640,453695,454242,55,547,2,7200,1.10054844607
453679,453763,454345,84,582,2,7200,1.14432989691
453696,453830,454340,134,510,2,7200,1.26274509804
453760,453881,454387,121,506,2,7200,1.23913043478
453830,453891,454411,61,520,2,7200,1.11730769231
453842,453849,453955,7,106,1,1800,1.06603773585
453877,453907,454418,30,511,2,7200,1.05870841487
453889,453917,454465,28,548,2,7200,1.05109489051
453907,453957,454512,50,555,2,7200,1.09009009009
453914,454010,454563,96,553,2,7200,1.17359855335
453957,454026,454569,69,543,2,7200,1.1270718232
454006,454033,454555,27,522,2,7200,1.05172413793
454023,454043,454548,20,505,2,7200,1.0396039604
454030,454071,454573,41,502,2,7200,1.08167330677
454046,454078,454603,32,525,2,7200,1.06095238095
454069,454117,454577,48,460,2,7200,1.10434782609
454076,454124,454653,48,529,2,7200,1.09073724008
454114,454131,454678,17,547,2,7200,1.0310786106
454121,454136,454675,15,539,2,7200,1.02782931354
454128,454145,454689,17,544,2,7200,1.03125
454134,454188,454691,54,503,2,7200,1.10735586481
454141,454230,454751,89,521,2,7200,1.17082533589
454189,454254,454778,65,524,2,7200,1.12404580153
454227,454352,454836,125,484,2,7200,1.25826446281
454249,454359,454882,110,523,2,7200,1.2103250478
454351,454399,454945,48,546,2,7200,1.08791208791
454357,454423,454917,66,494,2,7200,1.13360323887
454396,454430,454973,34,543,2,7200,1.06261510129
454423,454476,454974,53,498,2,7200,1.10642570281
454430,454524,455030,94,506,2,7200,1.18577075099
454450,454457,454817,7,360,1,1800,1.01944444444
454478,454560,455079,82,519,2,7200,1.15799614644
454521,454567,455106,46,539,2,7200,1.0853432282
454560,454576,455064,16,488,2,7200,1.03278688525
454567,454583,455141,16,558,2,7200,1.02867383513
454574,454590,455139,16,549,2,7200,1.029143898
454580,454595,455163,15,568,2,7200,1.0264084507
454587,454615,455173,28,558,2,7200,1.05017921147
454594,454665,455167,71,502,2,7200,1.14143426295
454615,454687,455244,72,557,2,7200,1.12926391382
454664,454694,455154,30,460,2,7200,1.0652173913
454686,454701,455183,15,482,2,7200,1.03112033195
454693,454708,455275,15,567,2,7200,1.02645502646
454700,454764,455332,64,568,2,7200,1.11267605634
454707,454790,455307,83,517,2,7200,1.16054158607
454761,454848,455333,87,485,2,7200,1.1793814433
454789,454894,455389,105,495,2,7200,1.21212121212
454846,454929,455484,83,555,2,7200,1.14954954955
454890,454956,455448,66,492,2,7200,1.13414634146
454928,454985,455494,57,509,2,7200,1.11198428291
454956,454992,455542,36,550,2,7200,1.06545454545
454984,455042,455570,58,528,2,7200,1.10984848485
454991,455075,455629,84,554,2,7200,1.15162454874
455039,455091,455604,52,513,2,7200,1.10136452242
455072,455118,455657,46,539,2,7200,1.0853432282
455088,455151,455658,63,507,2,7200,1.12426035503
455116,455158,455701,42,543,2,7200,1.0773480663
455149,455167,455703,18,536,2,7200,1.03358208955
455156,455175,455737,19,562,2,7200,1.03380782918
455163,455181,455709,18,528,2,7200,1.03409090909
455175,455188,455713,13,525,2,7200,1.02476190476
455177,455194,455721,17,527,2,7200,1.03225806452
455183,455255,455747,72,492,2,7200,1.14634146341
455199,455287,455819,88,532,2,7200,1.16541353383
455253,455319,455861,66,542,2,7200,1.12177121771
455286,455345,455891,59,546,2,7200,1.10805860806
455319,455350,455859,31,509,2,7200,1.06090373281
455342,455401,455930,59,529,2,7200,1.11153119093
455349,455460,455977,111,517,2,7200,1.21470019342
455397,455495,456016,98,521,2,7200,1.18809980806
455457,455507,456073,50,566,2,7200,1.08833922261
455494,455554,456034,60,480,2,7200,1.125
455506,455582,456064,76,482,2,7200,1.15767634855
455549,455616,456133,67,517,2,7200,1.12959381044
455577,455641,456219,64,578,2,7200,1.1107266436
455616,455669,456179,53,510,2,7200,1.10392156863
455638,455676,456185,38,509,2,7200,1.07465618861
455667,455713,456271,46,558,2,7200,1.08243727599
455674,455720,456264,46,544,2,7200,1.08455882353
455711,455727,456248,16,521,2,7200,1.03071017274
455718,455732,456284,14,552,2,7200,1.02536231884
455725,455739,456248,14,509,2,7200,1.02750491159
455731,455749,456313,18,564,2,7200,1.03191489362
455738,455759,456300,21,541,2,7200,1.03881700555
455745,455832,456399,87,567,2,7200,1.15343915344
455757,455871,456418,114,547,2,7200,1.2084095064
455832,455878,456372,46,494,2,7200,1.09311740891
455870,455903,456372,33,469,2,7200,1.07036247335
455877,455942,456481,65,539,2,7200,1.12059369202
455904,455989,456519,85,530,2,7200,1.16037735849
455927,455934,455973,7,39,1,1800,1.17948717949
455937,456029,456563,92,534,2,7200,1.17228464419
455986,456047,456527,61,480,2,7200,1.12708333333
456024,456076,456563,52,487,2,7200,1.1067761807
456047,456086,456581,39,495,2,7200,1.07878787879
456075,456145,456666,70,521,2,7200,1.13435700576
456082,456191,456744,109,553,2,7200,1.19710669078
456141,456198,456710,57,512,2,7200,1.111328125
456188,456231,456762,43,531,2,7200,1.08097928437
456195,456259,456760,64,501,2,7200,1.12774451098
456209,456216,456287,7,71,1,1800,1.0985915493
456228,456265,456798,37,533,2,7200,1.06941838649
456256,456276,456708,20,432,2,7200,1.0462962963
456263,456282,456818,19,536,2,7200,1.03544776119
456275,456296,456874,21,578,2,7200,1.03633217993
456282,456312,456830,30,518,2,7200,1.05791505792
456294,456325,456829,31,504,2,7200,1.06150793651
456311,456384,456891,73,507,2,7200,1.14398422091
456328,456389,456911,61,522,2,7200,1.11685823755
456382,456411,456957,29,546,2,7200,1.05311355311
456389,456431,456955,42,524,2,7200,1.08015267176
456411,456493,457013,82,520,2,7200,1.15769230769
456428,456531,457043,103,512,2,7200,1.201171875
456493,456539,457095,46,556,2,7200,1.08273381295
456531,456575,457077,44,502,2,7200,1.08764940239
456538,456580,457117,42,537,2,7200,1.0782122905
456574,456593,457127,19,534,2,7200,1.03558052434
456576,456678,457206,102,528,2,7200,1.19318181818
456588,456720,457250,132,530,2,7200,1.24905660377
456673,456727,457247,54,520,2,7200,1.10384615385
456717,456755,457298,38,543,2,7200,1.06998158379
456724,456772,457339,48,567,2,7200,1.08465608466
456751,456779,457296,28,517,2,7200,1.05415860735
456769,456810,457298,41,488,2,7200,1.08401639344
456776,456830,457366,54,536,2,7200,1.10074626866
456807,456841,457361,34,520,2,7200,1.06538461538
456830,456848,457404,18,556,2,7200,1.03237410072
456837,456886,457427,49,541,2,7200,1.09057301294
456843,456903,457439,60,536,2,7200,1.11194029851
456882,456924,457479,42,555,2,7200,1.07567567568
456889,456896,457136,7,240,1,1800,1.02916666667
456899,456967,457513,68,546,2,7200,1.12454212454
456921,456974,457477,53,503,2,7200,1.10536779324
456965,457025,457535,60,510,2,7200,1.11764705882
456981,457054,457604,73,550,2,7200,1.13272727273
457024,457090,457606,66,516,2,7200,1.12790697674
457052,457107,457637,55,530,2,7200,1.10377358491
457090,457129,457624,39,495,2,7200,1.07878787879
457102,457139,457642,37,503,2,7200,1.07355864811
457125,457218,457759,93,541,2,7200,1.1719038817
457137,457259,457834,122,575,2,7200,1.21217391304
457217,457265,457843,48,578,2,7200,1.0830449827
457262,457308,457799,46,491,2,7200,1.09368635438
457263,457315,457861,52,546,2,7200,1.09523809524
457307,457320,457842,13,522,2,7200,1.02490421456
457314,457351,457874,37,523,2,7200,1.0707456979
457315,457373,457898,58,525,2,7200,1.11047619048
457348,457380,457915,32,535,2,7200,1.05981308411
457371,457416,457943,45,527,2,7200,1.08538899431
457378,457440,457941,62,501,2,7200,1.12375249501
457416,457451,457943,35,492,2,7200,1.07113821138
457438,457489,458038,51,549,2,7200,1.09289617486
457450,457496,457989,46,493,2,7200,1.09330628803
457488,457526,458089,38,563,2,7200,1.0674955595
457495,457547,458109,52,562,2,7200,1.09252669039
457523,457617,458192,94,575,2,7200,1.16347826087
457545,457624,458141,79,517,2,7200,1.15280464217
457615,457636,458120,21,484,2,7200,1.04338842975
457622,457649,458144,27,495,2,7200,1.05454545455
457638,457656,458194,18,538,2,7200,1.03345724907
457645,457772,458255,127,483,2,7200,1.26293995859
457652,457811,458367,159,556,2,7200,1.28597122302
457768,457846,458397,78,551,2,7200,1.14156079855
457807,457854,458366,47,512,2,7200,1.091796875
457845,457861,458420,16,559,2,7200,1.02862254025
457852,457873,458410,21,537,2,7200,1.03910614525
457858,457886,458424,28,538,2,7200,1.05204460967
457870,457910,458418,40,508,2,7200,1.07874015748
457886,457927,458424,41,497,2,7200,1.08249496982
457909,457952,458433,43,481,2,7200,1.0893970894
457926,457960,458454,34,494,2,7200,1.06882591093
457949,457965,458485,16,520,2,7200,1.03076923077
457956,458001,458495,45,494,2,7200,1.09109311741
457962,458050,458527,88,477,2,7200,1.18448637317
458001,458102,458663,101,561,2,7200,1.18003565062
458049,458121,458639,72,518,2,7200,1.138996139
458102,458132,458700,30,568,2,7200,1.05281690141
458119,458153,458708,34,555,2,7200,1.06126126126
458131,458160,458703,29,543,2,7200,1.05340699816
458149,458204,458732,55,528,2,7200,1.10416666667
458156,458210,458708,54,498,2,7200,1.10843373494
458199,458268,458766,69,498,2,7200,1.13855421687
458206,458378,458878,172,500,2,7200,1.344
458265,458385,458930,120,545,2,7200,1.22018348624
458375,458392,458848,17,456,2,7200,1.03728070175
458382,458409,458934,27,525,2,7200,1.05142857143
458389,458422,458929,33,507,2,7200,1.0650887574
458406,458430,458946,24,516,2,7200,1.04651162791
458419,458437,458922,18,485,2,7200,1.03711340206
458431,458442,459021,11,579,2,7200,1.01899827288
458432,458449,459009,17,560,2,7200,1.03035714286
458439,458454,458959,15,505,2,7200,1.0297029703
458446,458467,458959,21,492,2,7200,1.04268292683
458462,458497,459031,35,534,2,7200,1.06554307116
458463,458507,459067,44,560,2,7200,1.07857142857
458497,458540,459078,43,538,2,7200,1.07992565056
458503,458651,459221,148,570,2,7200,1.25964912281
458536,458675,459238,139,563,2,7200,1.24689165187
458648,458713,459232,65,519,2,7200,1.12524084778
458676,458720,459257,44,537,2,7200,1.08193668529
458709,458725,459274,16,549,2,7200,1.029143898
458725,458732,459289,7,557,2,7200,1.01256732496
458726,458744,459277,18,533,2,7200,1.03377110694
458728,458778,459344,50,566,2,7200,1.08833922261
458740,458890,459334,150,444,2,7200,1.33783783784
458778,458934,459442,156,508,2,7200,1.30708661417
458890,458940,459497,50,557,2,7200,1.08976660682
458933,458948,459457,15,509,2,7200,1.02946954813
458940,458953,459473,13,520,2,7200,1.025
458947,458960,459451,13,491,2,7200,1.02647657841
458963,458971,459461,8,490,2,7200,1.01632653061
458965,458977,459522,12,545,2,7200,1.02201834862
458966,459021,459548,55,527,2,7200,1.10436432638
458973,459033,459577,60,544,2,7200,1.11029411765
459017,459043,459577,26,534,2,7200,1.04868913858
459029,459079,459577,50,498,2,7200,1.10040160643
459041,459091,459607,50,516,2,7200,1.09689922481
459079,459233,459744,154,511,2,7200,1.30136986301
459086,459244,459780,158,536,2,7200,1.2947761194
459229,459251,459738,22,487,2,7200,1.04517453799
459241,459269,459801,28,532,2,7200,1.05263157895
459258,459286,459718,28,432,2,7200,1.06481481481
459265,459293,459795,28,502,2,7200,1.05577689243
459282,459301,459861,19,560,2,7200,1.03392857143
459289,459346,459848,57,502,2,7200,1.11354581673
459301,459357,459859,56,502,2,7200,1.11155378486
459345,459454,459997,109,543,2,7200,1.20073664825
459357,459464,459998,107,534,2,7200,1.20037453184
459453,459471,459990,18,519,2,7200,1.03468208092
459460,459478,459958,18,480,2,7200,1.0375
459476,459485,460014,9,529,2,7200,1.01701323251
459477,459509,459996,32,487,2,7200,1.06570841889
459484,459534,460074,50,540,2,7200,1.09259259259
459507,459560,460071,53,511,2,7200,1.10371819961
459530,459589,460093,59,504,2,7200,1.11706349206
459557,459594,460101,37,507,2,7200,1.07297830375
459585,459606,460135,21,529,2,7200,1.03969754253
459592,459612,460124,20,512,2,7200,1.0390625
459602,487344,504770,27742,17426,48,28800,2.59198898198
459604,459618,460146,14,528,2,7200,1.02651515152
459611,459730,460205,119,475,2,7200,1.25052631579
459627,459750,460257,123,507,2,7200,1.2426035503
459729,459762,460263,33,501,2,7200,1.06586826347
459746,459792,460322,46,530,2,7200,1.08679245283
459759,459807,460372,48,565,2,7200,1.08495575221
459792,459814,460301,22,487,2,7200,1.04517453799
459804,459860,460351,56,491,2,7200,1.11405295316
459811,459871,460401,60,530,2,7200,1.11320754717
459858,459877,460436,19,559,2,7200,1.03398926655
459870,459971,460472,101,501,2,7200,1.20159680639
459877,460002,460573,125,571,2,7200,1.21891418564
459968,460008,460524,40,516,2,7200,1.07751937984
460001,460013,460516,12,503,2,7200,1.02385685885
460008,460020,460575,12,555,2,7200,1.02162162162
460009,460027,460498,18,471,2,7200,1.03821656051
460016,460083,460569,67,486,2,7200,1.1378600823
460032,460090,460581,58,491,2,7200,1.11812627291
460081,460106,460570,25,464,2,7200,1.05387931034
460088,460113,460642,25,529,2,7200,1.04725897921
460105,460136,460648,31,512,2,7200,1.060546875
460112,460147,460652,35,505,2,7200,1.06930693069
460134,460158,460651,24,493,2,7200,1.04868154158
460147,460217,460766,70,549,2,7200,1.12750455373
460163,460269,460801,106,532,2,7200,1.1992481203
460217,460276,460766,59,490,2,7200,1.12040816327
460265,460313,460795,48,482,2,7200,1.09958506224
460272,460335,460867,63,532,2,7200,1.11842105263
460310,460363,460908,53,545,2,7200,1.09724770642
460333,460384,460924,51,540,2,7200,1.09444444444
460361,460413,460928,52,515,2,7200,1.10097087379
460382,460448,460928,66,480,2,7200,1.1375
460410,460485,461008,75,523,2,7200,1.14340344168
460443,460510,460966,67,456,2,7200,1.14692982456
460481,460529,461046,48,517,2,7200,1.09284332689
460509,460535,461054,26,519,2,7200,1.05009633911
460527,460581,461088,54,507,2,7200,1.10650887574
460533,460588,461110,55,522,2,7200,1.10536398467
460581,460593,461138,12,545,2,7200,1.02201834862
460588,460605,461092,17,487,2,7200,1.03490759754
460590,460610,461103,20,493,2,7200,1.04056795132
460602,460654,461182,52,528,2,7200,1.09848484848
460609,460661,461216,52,555,2,7200,1.09369369369
460652,460668,461193,16,525,2,7200,1.03047619048
460659,460673,461160,14,487,2,7200,1.02874743326
460666,460778,461292,112,514,2,7200,1.21789883268
460672,460783,461310,111,527,2,7200,1.21062618596
460773,460807,461368,34,561,2,7200,1.06060606061
460790,460813,461384,23,571,2,7200,1.04028021016
460807,460878,461389,71,511,2,7200,1.13894324853
460814,460921,461465,107,544,2,7200,1.19669117647
460878,460937,461474,59,537,2,7200,1.10986964618
460916,460944,461432,28,488,2,7200,1.05737704918
460934,460949,461531,15,582,2,7200,1.02577319588
460941,460978,461477,37,499,2,7200,1.07414829659
460957,461021,461526,64,505,2,7200,1.12673267327
460974,461058,461575,84,517,2,7200,1.16247582205
461018,461067,461588,49,521,2,7200,1.09404990403
461056,461100,461597,44,497,2,7200,1.08853118712
461063,461107,461680,44,573,2,7200,1.07678883072
461096,461116,461622,20,506,2,7200,1.0395256917
461103,461123,461661,20,538,2,7200,1.03717472119
461119,461150,461684,31,534,2,7200,1.05805243446
461121,461172,461669,51,497,2,7200,1.10261569416
461148,461193,461717,45,524,2,7200,1.0858778626
461171,461205,461741,34,536,2,7200,1.06343283582
461193,461228,461755,35,527,2,7200,1.06641366224
461200,461304,461837,104,533,2,7200,1.19512195122
461228,461322,461775,94,453,2,7200,1.20750551876
461303,461380,461926,77,546,2,7200,1.14102564103
461319,461396,461967,77,571,2,7200,1.13485113835
461332,466868,477009,5536,10141,4,18000,1.54590277093
461378,461403,461901,25,498,2,7200,1.05020080321
461396,461445,461947,49,502,2,7200,1.09760956175
461403,461477,462036,74,559,2,7200,1.13237924866
461441,461486,462013,45,527,2,7200,1.08538899431
461474,461492,461996,18,504,2,7200,1.03571428571
461486,461538,462042,52,504,2,7200,1.10317460317
461502,461545,462072,43,527,2,7200,1.08159392789
461535,461587,462077,52,490,2,7200,1.10612244898
461542,461600,462104,58,504,2,7200,1.11507936508
461585,461609,462147,24,538,2,7200,1.04460966543
461597,461635,462157,38,522,2,7200,1.07279693487
461609,461672,462182,63,510,2,7200,1.12352941176
461632,461680,462183,48,503,2,7200,1.09542743539
461674,461692,462202,18,510,2,7200,1.03529411765
461676,461699,462239,23,540,2,7200,1.04259259259
461688,461730,462219,42,489,2,7200,1.08588957055
461695,461753,462276,58,523,2,7200,1.11089866157
461728,461767,462266,39,499,2,7200,1.07815631263
461751,461787,462301,36,514,2,7200,1.07003891051
461763,461849,462422,86,573,2,7200,1.15008726003
461786,461913,462424,127,511,2,7200,1.24853228963
461849,461938,462424,89,486,2,7200,1.18312757202
461913,461959,462489,46,530,2,7200,1.08679245283
461936,461979,462516,43,537,2,7200,1.0800744879
461959,462008,462502,49,494,2,7200,1.0991902834
461976,462025,462558,49,533,2,7200,1.09193245779
462004,462049,462554,45,505,2,7200,1.08910891089
462021,462056,462612,35,556,2,7200,1.06294964029
462048,462084,462616,36,532,2,7200,1.06766917293
462055,462091,462617,36,526,2,7200,1.06844106464
462083,462116,462608,33,492,2,7200,1.06707317073
462089,462159,462675,70,516,2,7200,1.13565891473
462112,462169,462726,57,557,2,7200,1.10233393178
462155,462194,462694,39,500,2,7200,1.078
462167,462201,462698,34,497,2,7200,1.06841046278
462190,462215,462732,25,517,2,7200,1.04835589942
462206,462231,462751,25,520,2,7200,1.04807692308
462213,462251,462773,38,522,2,7200,1.07279693487
462230,462279,462758,49,479,2,7200,1.10229645094
462247,462288,462791,41,503,2,7200,1.08151093439
462275,462313,462885,38,572,2,7200,1.06643356643
462287,462434,462983,147,549,2,7200,1.26775956284
462310,462441,462914,131,473,2,7200,1.27695560254
462432,462446,462946,14,500,2,7200,1.028
462448,462501,463031,53,530,2,7200,1.1
462450,462514,463036,64,522,2,7200,1.12260536398
462498,462528,463031,30,503,2,7200,1.05964214712
462510,462566,463098,56,532,2,7200,1.10526315789
462528,462572,463047,44,475,2,7200,1.09263157895
462566,462620,463162,54,542,2,7200,1.09963099631
462573,462627,463137,54,510,2,7200,1.10588235294
462617,462634,463191,17,557,2,7200,1.03052064632
462633,462640,463184,7,544,2,7200,1.01286764706
462635,462687,463216,52,529,2,7200,1.09829867675
462636,462706,463234,70,528,2,7200,1.13257575758
462684,486085,498310,23401,12225,2,54000,2.91419222904
462685,462713,463234,28,521,2,7200,1.0537428023
462703,462739,463237,36,498,2,7200,1.07228915663
462709,462746,463186,37,440,2,7200,1.08409090909
462737,462763,463290,26,527,2,7200,1.04933586338
462744,462769,463257,25,488,2,7200,1.0512295082
462762,462785,463306,23,521,2,7200,1.04414587332
462776,463127,466858,351,3731,4,3600,1.09407665505
462778,462803,463362,25,559,2,7200,1.04472271914
462785,462899,463393,114,494,2,7200,1.23076923077
462802,462926,463478,124,552,2,7200,1.22463768116
462809,482183,554198,19374,72015,3,72000,1.26902728598
462898,462958,463453,60,495,2,7200,1.12121212121
462926,462995,463522,69,527,2,7200,1.13092979127
462954,463043,463538,89,495,2,7200,1.1797979798
462992,463048,463577,56,529,2,7200,1.10586011342
463041,463055,463569,14,514,2,7200,1.02723735409
463058,463065,463623,7,558,2,7200,1.01254480287
463059,463110,463622,51,512,2,7200,1.099609375
463061,463149,463594,88,445,2,7200,1.19775280899
463110,463174,463683,64,509,2,7200,1.1257367387
463148,463197,463720,49,523,2,7200,1.09369024857
463171,463204,463722,33,518,2,7200,1.06370656371
463193,463209,463715,16,506,2,7200,1.03162055336
463200,463229,463738,29,509,2,7200,1.05697445972
463207,463246,463759,39,513,2,7200,1.07602339181
463229,463251,463731,22,480,2,7200,1.04583333333
463246,463258,463796,12,538,2,7200,1.02230483271
463248,463270,463825,22,555,2,7200,1.03963963964
463255,463302,463826,47,524,2,7200,1.08969465649
463267,463318,463868,51,550,2,7200,1.09272727273
463300,463374,463857,74,483,2,7200,1.15320910973
463318,463405,463916,87,511,2,7200,1.17025440313
463376,463465,463977,89,512,2,7200,1.173828125
463404,463490,464016,86,526,2,7200,1.16349809886
463463,463534,464025,71,491,2,7200,1.14460285132
463486,463550,464095,64,545,2,7200,1.11743119266
463530,463582,464097,52,515,2,7200,1.10097087379
463547,463588,464162,41,574,2,7200,1.07142857143
463580,463606,464145,26,539,2,7200,1.04823747681
463596,463634,464151,38,517,2,7200,1.07350096712
463603,463641,464155,38,514,2,7200,1.07392996109
463631,463696,464221,65,525,2,7200,1.12380952381
463638,463728,464242,90,514,2,7200,1.17509727626
463692,463735,464266,43,531,2,7200,1.08097928437
463725,463740,464302,15,562,2,7200,1.02669039146
463732,463747,464255,15,508,2,7200,1.02952755906
463739,463754,464278,15,524,2,7200,1.0286259542
463755,463771,464346,16,575,2,7200,1.02782608696
463757,463808,464328,51,520,2,7200,1.09807692308
463769,463837,464347,68,510,2,7200,1.13333333333
463807,463844,464382,37,538,2,7200,1.0687732342
463835,463870,464417,35,547,2,7200,1.06398537477
463842,463880,464450,38,570,2,7200,1.06666666667
463870,463928,464458,58,530,2,7200,1.10943396226
463877,463989,464512,112,523,2,7200,1.21414913958
463930,464028,464533,98,505,2,7200,1.19405940594
463984,464038,464563,54,525,2,7200,1.10285714286
464028,464107,464653,79,546,2,7200,1.14468864469
464035,464114,464651,79,537,2,7200,1.14711359404
464104,464157,464653,53,496,2,7200,1.10685483871
464111,464164,464696,53,532,2,7200,1.09962406015
464155,464171,464691,16,520,2,7200,1.03076923077
464171,464178,464709,7,531,2,7200,1.0131826742
464173,464232,464745,59,513,2,7200,1.11500974659
464175,464254,464755,79,501,2,7200,1.15768463074
464229,464267,464838,38,571,2,7200,1.06654991243
464251,464278,464767,27,489,2,7200,1.05521472393
464263,464290,464806,27,516,2,7200,1.0523255814
464275,464314,464826,39,512,2,7200,1.076171875
464288,464340,464853,52,513,2,7200,1.10136452242
464310,464358,464847,48,489,2,7200,1.0981595092
464337,464365,464876,28,511,2,7200,1.05479452055
464354,464394,464906,40,512,2,7200,1.078125
464361,464430,464944,69,514,2,7200,1.13424124514
464394,464462,464958,68,496,2,7200,1.13709677419
464427,464471,465021,44,550,2,7200,1.08
464447,487213,487332,22766,119,64,5400,192.31092437
464460,464524,465101,64,577,2,7200,1.11091854419
464467,464546,465073,79,527,2,7200,1.14990512334
464526,464575,465065,49,490,2,7200,1.1
464543,464663,465173,120,510,2,7200,1.23529411765
464558,486353,497701,21795,11348,2,72000,2.92060274938
464571,464670,465175,99,505,2,7200,1.19603960396
464662,464675,465170,13,495,2,7200,1.02626262626
464668,464703,465207,35,504,2,7200,1.06944444444
464675,464710,465191,35,481,2,7200,1.07276507277
464703,464722,465244,19,522,2,7200,1.03639846743
464719,464757,465289,38,532,2,7200,1.07142857143
464721,464767,465294,46,527,2,7200,1.08728652751
464754,464779,465282,25,503,2,7200,1.04970178926
464766,464818,465314,52,496,2,7200,1.10483870968
464778,464838,465352,60,514,2,7200,1.11673151751
464817,464850,465375,33,525,2,7200,1.06285714286
464834,464859,465369,25,510,2,7200,1.04901960784
464846,464866,465405,20,539,2,7200,1.03710575139
464863,464888,465340,25,452,2,7200,1.05530973451
464865,464919,465457,54,538,2,7200,1.10037174721
464887,464956,465504,69,548,2,7200,1.12591240876
464915,464970,465455,55,485,2,7200,1.11340206186
464953,465033,465522,80,489,2,7200,1.163599182
464965,465077,465629,112,552,2,7200,1.20289855072
465030,465086,465617,56,531,2,7200,1.1054613936
465074,465113,465648,39,535,2,7200,1.07289719626
465090,465183,465742,93,559,2,7200,1.16636851521
465112,465190,465685,78,495,2,7200,1.15757575758
465182,465195,465724,13,529,2,7200,1.02457466919
465189,465204,465710,15,506,2,7200,1.02964426877
465195,468288,470105,3093,1817,3,1800,2.7022564667
465196,465219,465734,23,515,2,7200,1.04466019417
465202,465257,465775,55,518,2,7200,1.10617760618
465215,465294,465828,79,534,2,7200,1.14794007491
465257,465300,465842,43,542,2,7200,1.07933579336
465290,465307,465815,17,508,2,7200,1.03346456693
465297,465326,465839,29,513,2,7200,1.05653021442
465304,465353,465881,49,528,2,7200,1.0928030303
465326,465364,465893,38,529,2,7200,1.07183364839
465349,465382,465921,33,539,2,7200,1.0612244898
465361,465389,465903,28,514,2,7200,1.05447470817
465383,465417,465905,34,488,2,7200,1.06967213115
465384,465467,465995,83,528,2,7200,1.1571969697
465417,465474,466031,57,557,2,7200,1.10233393178
465423,557777,561065,92354,3288,16,36000,29.0881995134
465429,487224,501255,21795,14031,2,72000,2.55334616207
465466,465517,466004,51,487,2,7200,1.10472279261
465473,465534,466065,61,531,2,7200,1.11487758945
465517,465611,466094,94,483,2,7200,1.19461697723
465534,465629,466134,95,505,2,7200,1.18811881188
465609,465640,466125,31,485,2,7200,1.06391752577
465630,465660,466185,30,525,2,7200,1.05714285714
465637,465697,466221,60,524,2,7200,1.11450381679
465660,465722,466243,62,521,2,7200,1.11900191939
465693,465737,466251,44,514,2,7200,1.08560311284
465721,465746,466291,25,545,2,7200,1.04587155963
465733,465754,466236,21,482,2,7200,1.04356846473
465745,465786,466310,41,524,2,7200,1.07824427481
465780,465827,466349,47,522,2,7200,1.09003831418
465782,465840,466353,58,513,2,7200,1.11306042885
465825,465851,466367,26,516,2,7200,1.0503875969
465837,465858,466346,21,488,2,7200,1.04303278689
465850,465893,466402,43,509,2,7200,1.08447937132
465856,465906,466408,50,502,2,7200,1.09960159363
465890,465916,466451,26,535,2,7200,1.04859813084
465906,465923,466421,17,498,2,7200,1.03413654618
465913,465933,466511,20,578,2,7200,1.03460207612
465917,533549,550905,67632,17356,32,28800,4.89675040332
465920,466007,466520,87,513,2,7200,1.16959064327
465932,466016,466504,84,488,2,7200,1.17213114754
466007,466043,466532,36,489,2,7200,1.0736196319
466014,466077,466577,63,500,2,7200,1.126
466042,466106,466567,64,461,2,7200,1.13882863341
466075,466138,466642,63,504,2,7200,1.125
466108,466146,466631,38,485,2,7200,1.07835051546
466135,466197,466697,62,500,2,7200,1.124
466142,466233,466753,91,520,2,7200,1.175
466196,466248,466825,52,577,2,7200,1.09012131716
466229,466255,466727,26,472,2,7200,1.05508474576
466247,466263,466789,16,526,2,7200,1.03041825095
466254,468283,471443,2029,3160,8,14400,1.64208860759
466259,497713,506709,31454,8996,2,72000,4.49644286349
466263,466303,466801,40,498,2,7200,1.08032128514
466264,466322,466880,58,558,2,7200,1.10394265233
466303,466358,466831,55,473,2,7200,1.11627906977
466320,466364,466893,44,529,2,7200,1.0831758034
466353,466370,466883,17,513,2,7200,1.03313840156
466360,466380,466874,20,494,2,7200,1.04048582996
466367,466414,466934,47,520,2,7200,1.09038461538
466384,466421,466929,37,508,2,7200,1.07283464567
466412,466433,466948,21,515,2,7200,1.04077669903
466418,466463,467013,45,550,2,7200,1.08181818182
466431,466517,467040,86,523,2,7200,1.16443594646
466458,466524,467061,66,537,2,7200,1.12290502793
466513,466532,467030,19,498,2,7200,1.03815261044
466529,466545,467046,16,501,2,7200,1.03193612774
466530,466579,467063,49,484,2,7200,1.10123966942
466543,466589,467064,46,475,2,7200,1.09684210526
466576,466643,467118,67,475,2,7200,1.14105263158
466588,466654,467123,66,469,2,7200,1.1407249467
466642,466709,467169,67,460,2,7200,1.14565217391
466654,466739,467238,85,499,2,7200,1.17034068136
466708,466765,467314,57,549,2,7200,1.10382513661
466735,466801,467314,66,513,2,7200,1.12865497076
466763,466813,467367,50,554,2,7200,1.09025270758
466796,466837,467339,41,502,2,7200,1.08167330677
466809,466844,467372,35,528,2,7200,1.06628787879
466837,466886,467380,49,494,2,7200,1.0991902834
466853,466892,467438,39,546,2,7200,1.07142857143
466886,466899,467397,13,498,2,7200,1.02610441767
466893,466905,467429,12,524,2,7200,1.02290076336
466895,466941,467451,46,510,2,7200,1.09019607843
466902,466948,467432,46,484,2,7200,1.09504132231
466940,466960,467471,20,511,2,7200,1.03913894325
466956,467025,467507,69,482,2,7200,1.14315352697
466958,467043,467570,85,527,2,7200,1.16129032258
467023,467052,467562,29,510,2,7200,1.0568627451
467040,467059,467556,19,497,2,7200,1.03822937626
467052,467074,467591,22,517,2,7200,1.04255319149
467059,467081,467586,22,505,2,7200,1.04356435644
467071,467086,467595,15,509,2,7200,1.02946954813
467088,467130,467651,42,521,2,7200,1.08061420345
467090,467137,467629,47,492,2,7200,1.09552845528
467128,467181,467701,53,520,2,7200,1.10192307692
467135,467250,467715,115,465,2,7200,1.24731182796
467179,467326,467870,147,544,2,7200,1.27022058824
467249,467331,467897,82,566,2,7200,1.14487632509
467324,467352,467932,28,580,2,7200,1.04827586207
467340,467379,467864,39,485,2,7200,1.08041237113
467352,467386,467907,34,521,2,7200,1.06525911708
467375,467393,467905,18,512,2,7200,1.03515625
467382,467409,467962,27,553,2,7200,1.04882459313
467389,467440,467965,51,525,2,7200,1.09714285714
467406,467448,467972,42,524,2,7200,1.08015267176
467439,467455,467942,16,487,2,7200,1.03285420945
467456,467462,467984,6,522,2,7200,1.01149425287
467458,467483,468001,25,518,2,7200,1.04826254826
467459,467519,468072,60,553,2,7200,1.10849909584
467482,467568,468085,86,517,2,7200,1.166344294
467515,467575,468115,60,540,2,7200,1.11111111111
467564,467581,468140,17,559,2,7200,1.03041144902
467570,467598,468096,28,498,2,7200,1.0562248996
467577,467605,468126,28,521,2,7200,1.0537428023
467599,467612,468114,13,502,2,7200,1.02589641434
467601,467641,468169,40,528,2,7200,1.07575757576
467608,467663,468126,55,463,2,7200,1.11879049676
467641,467713,468200,72,487,2,7200,1.14784394251
467658,467727,468247,69,520,2,7200,1.13269230769
467712,467876,468425,164,549,2,7200,1.29872495446
467724,467883,468431,159,548,2,7200,1.2901459854
467872,467909,468438,37,529,2,7200,1.06994328922
467889,467918,468427,29,509,2,7200,1.05697445972
467906,467924,468434,18,510,2,7200,1.03529411765
467917,504781,510653,36864,5872,25,14399,7.27792915531
467918,467944,468462,26,518,2,7200,1.05019305019
467920,467955,468529,35,574,2,7200,1.06097560976
467942,467974,468476,32,502,2,7200,1.06374501992
467955,467981,468507,26,526,2,7200,1.04942965779
467971,467988,468496,17,508,2,7200,1.03346456693
467977,551390,557765,83413,6375,20,21599,14.0843921569
467978,467997,468536,19,539,2,7200,1.03525046382
467985,468013,468520,28,507,2,7200,1.05522682446
467997,468083,468656,86,573,2,7200,1.15008726003
468009,468096,468594,87,498,2,7200,1.17469879518
468025,498323,504549,30298,6226,2,72000,5.8663668487
468079,468108,468570,29,462,2,7200,1.06277056277
468096,468126,468666,30,540,2,7200,1.05555555556
468113,468133,468654,20,521,2,7200,1.03838771593
468125,468140,468661,15,521,2,7200,1.02879078695
468132,468145,468665,13,520,2,7200,1.025
468139,468151,468694,12,543,2,7200,1.02209944751
468146,468181,468723,35,542,2,7200,1.06457564576
468147,468212,468743,65,531,2,7200,1.12241054614
468179,468259,468778,80,519,2,7200,1.15414258189
468207,468293,468805,86,512,2,7200,1.16796875
468256,468299,468834,43,535,2,7200,1.08037383178
468289,468437,468970,148,533,2,7200,1.27767354597
468296,468444,468977,148,533,2,7200,1.27767354597
468434,468449,468954,15,505,2,7200,1.0297029703
468450,468456,468968,6,512,2,7200,1.01171875
468452,468464,468987,12,523,2,7200,1.02294455067
468453,468474,468987,21,513,2,7200,1.04093567251
468460,468488,469050,28,562,2,7200,1.04982206406
468472,468508,468961,36,453,2,7200,1.07947019868
468484,468519,469070,35,551,2,7200,1.06352087114
468507,468533,469086,26,553,2,7200,1.04701627486
468523,468542,469014,19,472,2,7200,1.04025423729
468530,468548,469050,18,502,2,7200,1.03585657371
468542,468582,469131,40,549,2,7200,1.07285974499
468549,468606,469126,57,520,2,7200,1.10961538462
468582,468666,469139,84,473,2,7200,1.17758985201
468587,501267,760503,32680,259236,2,259200,1.1260627382
468604,468672,469172,68,500,2,7200,1.136
468663,468677,469183,14,506,2,7200,1.02766798419
468670,468684,469213,14,529,2,7200,1.02646502836
468677,468689,469171,12,482,2,7200,1.02489626556
468693,468706,469278,13,572,2,7200,1.02272727273
468695,468735,469235,40,500,2,7200,1.08
468702,468755,469278,53,523,2,7200,1.10133843212
468735,468789,469330,54,541,2,7200,1.09981515712
468752,468816,469340,64,524,2,7200,1.12213740458
468790,468846,469342,56,496,2,7200,1.11290322581
468812,468966,469484,154,518,2,7200,1.2972972973
468845,468973,469511,128,538,2,7200,1.23791821561
468866,541435,562507,72569,21072,8,86400,4.44385914958
468960,504561,505864,35601,1303,2,36000,28.3223330775
468962,468980,469548,18,568,2,7200,1.03169014085
468979,468987,469549,8,562,2,7200,1.01423487544
468981,468994,469521,13,527,2,7200,1.02466793169
468982,469001,469501,19,500,2,7200,1.038
468989,469006,469507,17,501,2,7200,1.03393213573
469001,469026,469513,25,487,2,7200,1.05133470226
469003,469062,469576,59,514,2,7200,1.11478599222
469025,469067,469578,42,511,2,7200,1.08219178082
469063,469082,469638,19,556,2,7200,1.03417266187
469065,469098,469605,33,507,2,7200,1.0650887574
469082,469138,469663,56,525,2,7200,1.10666666667
469094,469144,469712,50,568,2,7200,1.08802816901
469138,469152,469660,14,508,2,7200,1.02755905512
469155,469183,469742,28,559,2,7200,1.05008944544
469157,469190,469738,33,548,2,7200,1.0602189781
469180,469197,469738,17,541,2,7200,1.0314232902
469186,469226,469735,40,509,2,7200,1.07858546169
469193,469247,469748,54,501,2,7200,1.10778443114
469226,469289,469785,63,496,2,7200,1.12701612903
469243,469295,469785,52,490,2,7200,1.10612244898
469286,469342,469799,56,457,2,7200,1.12253829322
469293,469352,469857,59,505,2,7200,1.11683168317
469314,781216,987291,311902,206075,8,259200,2.51353633386
469342,469359,469879,17,520,2,7200,1.03269230769
469349,469496,470032,147,536,2,7200,1.27425373134
469355,469514,470071,159,557,2,7200,1.28545780969
469493,469521,470043,28,522,2,7200,1.05363984674
469511,469528,470043,17,515,2,7200,1.03300970874
469527,469535,470104,8,569,2,7200,1.01405975395
469529,469540,470093,11,553,2,7200,1.0198915009
469530,469560,470062,30,502,2,7200,1.05976095618
469537,469567,470107,30,540,2,7200,1.05555555556
469560,469588,470115,28,527,2,7200,1.05313092979
469566,469595,470109,29,514,2,7200,1.05642023346
469584,469617,470152,33,535,2,7200,1.06168224299
469600,469652,470144,52,492,2,7200,1.10569105691
469617,469672,470155,55,483,2,7200,1.11387163561
469638,469645,472100,7,2455,1,3600,1.00285132383
469650,469679,470160,29,481,2,7200,1.06029106029
469668,469724,470218,56,494,2,7200,1.11336032389
469684,469747,470277,63,530,2,7200,1.11886792453
469722,469754,470295,32,541,2,7200,1.05914972274
469745,469759,470269,14,510,2,7200,1.02745098039
469746,469764,469766,18,2,1,3600,2.0
469751,469771,470304,20,533,2,7200,1.03752345216
469768,469777,470282,9,505,2,7200,1.01782178218
469769,469797,470298,28,501,2,7200,1.05588822355
469776,469802,470347,26,545,2,7200,1.04770642202
469793,469811,470348,18,537,2,7200,1.03351955307
469800,469869,470435,69,566,2,7200,1.12190812721
469807,469891,470407,84,516,2,7200,1.16279069767
469871,470044,470550,173,506,2,7200,1.3418972332
469889,470055,470590,166,535,2,7200,1.31028037383
470042,470060,470583,18,523,2,7200,1.034416826
470054,470074,470619,20,545,2,7200,1.03669724771
470071,470083,470564,12,481,2,7200,1.02494802495
470073,470105,470652,32,547,2,7200,1.05850091408
470080,470116,470621,36,505,2,7200,1.07128712871
470103,470123,470649,20,526,2,7200,1.03802281369
470115,470129,470653,14,524,2,7200,1.02671755725
470122,470136,470642,14,506,2,7200,1.02766798419
470139,470146,470665,7,519,2,7200,1.01348747592
470140,470156,470664,16,508,2,7200,1.03149606299
470142,470165,470722,23,557,2,7200,1.04129263914
470154,470171,470690,17,519,2,7200,1.03275529865
470161,470177,470705,16,528,2,7200,1.0303030303
470178,470230,470707,52,477,2,7200,1.10901467505
470180,470281,470812,101,531,2,7200,1.19020715631
470229,470288,470823,59,535,2,7200,1.11028037383
470245,470300,470303,55,3,1,3600,5.8
470278,470295,470836,17,541,2,7200,1.0314232902
470295,470307,470867,12,560,2,7200,1.02142857143
470296,470314,470806,18,492,2,7200,1.03658536585
470303,470321,470844,18,523,2,7200,1.034416826
470310,470359,470867,49,508,2,7200,1.09645669291
470327,470366,470940,39,574,2,7200,1.06794425087
470355,470419,470956,64,537,2,7200,1.11918063315
470361,470447,470950,86,503,2,7200,1.17097415507
470420,470562,471121,142,559,2,7200,1.25402504472
470443,470576,471095,133,519,2,7200,1.25626204239
470448,470455,470457,7,2,1,3600,1.0
470560,470595,471167,35,572,2,7200,1.06118881119
470576,470603,471097,27,494,2,7200,1.05465587045
470594,470631,471150,37,519,2,7200,1.07129094412
470601,470638,471148,37,510,2,7200,1.07254901961
470634,470654,471180,20,526,2,7200,1.03802281369
470635,470661,471151,26,490,2,7200,1.05306122449
470653,470668,471167,15,499,2,7200,1.03006012024
470660,470673,471227,13,554,2,7200,1.02346570397
470677,470683,471212,6,529,2,7200,1.01134215501
470679,470691,471248,12,557,2,7200,1.02154398564
470680,470703,471201,23,498,2,7200,1.04618473896
470687,470717,471186,30,469,2,7200,1.06396588486
470699,470723,471273,24,550,2,7200,1.04363636364
470717,470734,471234,17,500,2,7200,1.034
470733,470818,471326,85,508,2,7200,1.16732283465
470735,470825,471349,90,524,2,7200,1.17175572519
470815,470835,471335,20,500,2,7200,1.04
470822,470848,471337,26,489,2,7200,1.05316973415
470839,470857,471401,18,544,2,7200,1.03308823529
470846,470878,471369,32,491,2,7200,1.06517311609
470853,470884,471426,31,542,2,7200,1.05719557196
470875,470953,471475,78,522,2,7200,1.14942528736
470892,470962,471523,70,561,2,7200,1.1247771836
470951,470969,471488,18,519,2,7200,1.03468208092
470958,471107,471613,149,506,2,7200,1.29446640316
470974,471114,471666,140,552,2,7200,1.25362318841
470974,470980,470981,6,1,1,3600,1.0
470991,470997,470998,6,1,1,3600,1.0
471107,471133,471663,26,530,2,7200,1.04905660377
471113,471160,471687,47,527,2,7200,1.08918406072
471130,471168,471721,38,553,2,7200,1.06871609403
471133,471140,471141,7,1,1,3600,1.0
471158,471173,471705,15,532,2,7200,1.02819548872
471165,471180,471695,15,515,2,7200,1.02912621359
471182,471188,471688,6,500,2,7200,1.012
471184,471196,471714,12,518,2,7200,1.02316602317
471185,471203,471735,18,532,2,7200,1.03383458647
471192,471213,471773,21,560,2,7200,1.0375
471199,471224,471707,25,483,2,7200,1.05175983437
471211,471240,471792,29,552,2,7200,1.05253623188
471228,471247,471792,19,545,2,7200,1.03486238532
471240,471260,471784,20,524,2,7200,1.03816793893
471247,471285,471833,38,548,2,7200,1.06934306569
471259,471338,471821,79,483,2,7200,1.1635610766
471286,471346,471856,60,510,2,7200,1.11764705882
471335,471354,471887,19,533,2,7200,1.03564727955
471342,471360,471893,18,533,2,7200,1.03377110694
471353,471366,474996,13,3630,1,3600,1.00358126722
471359,471381,471867,22,486,2,7200,1.04526748971
471360,471414,471919,54,505,2,7200,1.10693069307
471378,471438,471964,60,526,2,7200,1.11406844106
471411,471455,471963,44,508,2,7200,1.08661417323
471438,471460,471948,22,488,2,7200,1.04508196721
471455,471467,472032,12,565,2,7200,1.02123893805
471457,471472,471985,15,513,2,7200,1.02923976608
471477,471487,472041,10,554,2,7200,1.01805054152
471493,471499,472049,6,550,2,7200,1.01090909091
471495,479040,479138,7545,98,1,288000,77.9897959184
471495,478825,478921,7330,96,1,288000,77.3541666667
471495,478770,478867,7275,97,1,288000,76.0
471495,478653,478750,7158,97,1,288000,74.793814433
471495,478933,479028,7438,95,1,288000,79.2947368421
471501,479266,479361,7765,95,1,288000,82.7368421053
471501,479585,479676,8084,91,1,288000,89.8351648352
471501,479374,479467,7873,93,1,288000,85.6559139785
471501,479478,479573,7977,95,1,288000,84.9684210526
471501,479156,479254,7655,98,1,288000,79.112244898
471508,479693,479787,8185,94,1,288000,88.0744680851
471508,479798,479894,8290,96,1,288000,87.3541666667
471509,480502,480592,8993,90,1,288000,100.922222222
471509,479906,480000,8397,94,1,288000,90.329787234
471509,479953,480043,8444,90,1,288000,94.8222222222
471521,480911,481001,9390,90,1,172800,105.333333333
471521,480604,480694,9083,90,1,172800,101.922222222
471521,480706,480795,9185,89,1,172800,104.202247191
471521,481013,481104,9492,91,1,172800,105.307692308
471521,480807,480898,9286,91,1,172800,103.043956044
471526,471536,472050,10,514,2,7200,1.01945525292
471613,781210,781214,309597,4,10,259200,30960.1
471616,471625,472163,9,538,2,7200,1.01672862454
471669,471675,472199,6,524,2,7200,1.01145038168
471670,471681,472167,11,486,2,7200,1.02263374486
471690,471698,472183,8,485,2,7200,1.01649484536
471692,471705,472229,13,524,2,7200,1.02480916031
471709,471716,472226,7,510,2,7200,1.0137254902
471711,471723,472277,12,554,2,7200,1.02166064982
471712,471728,472250,16,522,2,7200,1.030651341
471729,471736,472216,7,480,2,7200,1.01458333333
471731,471742,472279,11,537,2,7200,1.02048417132
471747,471753,472279,6,526,2,7200,1.01140684411
471777,471785,472302,8,517,2,7200,1.01547388781
471794,471801,472291,7,490,2,7200,1.01428571429
471795,471808,472331,13,523,2,7200,1.02485659656
471797,471813,472302,16,489,2,7200,1.0327198364
471824,471833,472296,9,463,2,7200,1.01943844492
471840,471847,472400,7,553,2,7200,1.01265822785
471860,471867,472386,7,519,2,7200,1.01348747592
471877,471884,472405,7,521,2,7200,1.01343570058
471894,471901,472457,7,556,2,7200,1.01258992806
471896,471908,472432,12,524,2,7200,1.02290076336
471923,471930,472445,7,515,2,7200,1.01359223301
471952,471960,472467,8,507,2,7200,1.0157790927
471969,471976,472471,7,495,2,7200,1.01414141414
471970,471982,472535,12,553,2,7200,1.02169981917
471990,471996,472568,6,572,2,7200,1.01048951049
472035,472044,472537,9,493,2,7200,1.01825557809
472052,472058,472583,6,525,2,7200,1.01142857143
472054,472065,472591,11,526,2,7200,1.02091254753
472055,472070,472579,15,509,2,7200,1.02946954813
472061,510670,520974,38609,10304,8,14400,4.74699145963
472164,472175,472704,11,529,2,7200,1.02079395085
472180,472187,472706,7,519,2,7200,1.01348747592
472197,472204,472764,7,560,2,7200,1.0125
472213,472221,472741,8,520,2,7200,1.01538461538
472231,472238,472762,7,524,2,7200,1.01335877863
472232,472245,472785,13,540,2,7200,1.02407407407
472234,472250,472765,16,515,2,7200,1.03106796117
472254,472262,472805,8,543,2,7200,1.01473296501
472281,472289,472784,8,495,2,7200,1.01616161616
472282,472296,472810,14,514,2,7200,1.02723735409
472289,472301,472840,12,539,2,7200,1.02226345083
472306,472312,472797,6,485,2,7200,1.01237113402
472308,472320,472844,12,524,2,7200,1.02290076336
472309,472325,472840,16,515,2,7200,1.03106796117
472316,472332,472833,16,501,2,7200,1.03193612774
472333,472343,472865,10,522,2,7200,1.01915708812
472391,472399,472896,8,497,2,7200,1.01609657948
472408,472414,472931,6,517,2,7200,1.01160541586
472410,472421,472987,11,566,2,7200,1.01943462898
472436,472443,472969,7,526,2,7200,1.01330798479
472453,472460,472977,7,517,2,7200,1.01353965184
472470,472476,473003,6,527,2,7200,1.01138519924
472472,472483,473011,11,528,2,7200,1.02083333333
472474,477469,478407,4995,938,8,1800,6.32515991471
472488,472495,473034,7,539,2,7200,1.01298701299
472497,472504,475023,7,2519,1,3600,1.00277888051
472538,472547,473107,9,560,2,7200,1.01607142857
472540,472554,473071,14,517,2,7200,1.02707930368
472573,472579,473090,6,511,2,7200,1.01174168297
472590,472597,473126,7,529,2,7200,1.01323251418
472591,472604,473115,13,511,2,7200,1.02544031311
472609,472616,473141,7,525,2,7200,1.01333333333
472708,472716,473203,8,487,2,7200,1.01642710472
472710,472723,473255,13,532,2,7200,1.02443609023
472743,472753,473293,10,540,2,7200,1.01851851852
472767,472774,473318,7,544,2,7200,1.01286764706
472769,472781,473339,12,558,2,7200,1.02150537634
472770,472786,473342,16,556,2,7200,1.02877697842
472788,472797,473373,9,576,2,7200,1.015625
472789,472802,473338,13,536,2,7200,1.02425373134
472807,472815,473338,8,523,2,7200,1.01529636711
472808,472821,473342,13,521,2,7200,1.02495201536
472825,472832,473367,7,535,2,7200,1.01308411215
472842,472848,473364,6,516,2,7200,1.01162790698
472844,472856,473422,12,566,2,7200,1.02120141343
472845,472861,473378,16,517,2,7200,1.03094777563
472862,472868,473418,6,550,2,7200,1.01090909091
472878,472884,473434,6,550,2,7200,1.01090909091
472899,472908,473417,9,509,2,7200,1.01768172888
472934,472943,473477,9,534,2,7200,1.01685393258
472974,472981,473511,7,530,2,7200,1.01320754717
472991,472998,473513,7,515,2,7200,1.01359223301
472993,473005,473499,12,494,2,7200,1.02429149798
473010,473017,473524,7,507,2,7200,1.01380670611
473026,473032,473529,6,497,2,7200,1.01207243461
473043,473050,473569,7,519,2,7200,1.01348747592
473076,473082,473590,6,508,2,7200,1.01181102362
473093,473103,473601,10,498,2,7200,1.02008032129
473110,473118,473655,8,537,2,7200,1.01489757914
473111,473131,473649,20,518,2,7200,1.03861003861
473128,473137,473695,9,558,2,7200,1.01612903226
473145,473153,473643,8,490,2,7200,1.01632653061
473207,473216,473733,9,517,2,7200,1.01740812379
473258,473277,473790,19,513,2,7200,1.03703703704
473298,473304,473809,6,505,2,7200,1.01188118812
473321,473330,473853,9,523,2,7200,1.017208413
473342,473350,473891,8,541,2,7200,1.01478743068
473343,473355,473855,12,500,2,7200,1.024
473350,473362,473915,12,553,2,7200,1.02169981917
473367,473375,473837,8,462,2,7200,1.01731601732
473369,473382,473891,13,509,2,7200,1.02554027505
473371,473387,473919,16,532,2,7200,1.03007518797
473387,473394,473921,7,527,2,7200,1.01328273245
473389,473401,473917,12,516,2,7200,1.02325581395
473390,473406,473882,16,476,2,7200,1.03361344538
473421,473428,473941,7,513,2,7200,1.01364522417
473422,473435,473948,13,513,2,7200,1.0253411306
473439,473446,473957,7,511,2,7200,1.01369863014
473441,473453,473963,12,510,2,7200,1.02352941176
473480,473489,473984,9,495,2,7200,1.01818181818
473504,473511,474044,7,533,2,7200,1.01313320826
473521,473528,474015,7,487,2,7200,1.01437371663
473522,473535,474076,13,541,2,7200,1.02402957486
473540,473547,474083,7,536,2,7200,1.01305970149
473541,473554,474066,13,512,2,7200,1.025390625
473571,473581,474097,10,516,2,7200,1.01937984496
473595,473602,474115,7,513,2,7200,1.01364522417
473609,781221,1010264,307612,229043,4,345600,2.34303165781
473612,473618,474163,6,545,2,7200,1.01100917431
473648,473655,474182,7,527,2,7200,1.01328273245
473665,473672,474199,7,527,2,7200,1.01328273245
473666,473679,474223,13,544,2,7200,1.02389705882
473700,473707,474219,7,512,2,7200,1.013671875
473737,473745,474277,8,532,2,7200,1.01503759398
473795,473802,474330,7,528,2,7200,1.01325757576
473812,473821,474307,9,486,2,7200,1.01851851852
473842,473848,474348,6,500,2,7200,1.012
473859,473865,474406,6,541,2,7200,1.01109057301
473860,473872,474402,12,530,2,7200,1.02264150943
473887,473893,474416,6,523,2,7200,1.01147227533
473904,473911,474442,7,531,2,7200,1.0131826742
473905,473917,474409,12,492,2,7200,1.0243902439
473923,473929,474442,6,513,2,7200,1.01169590643
473925,473936,474449,11,513,2,7200,1.02144249513
473926,473941,474489,15,548,2,7200,1.02737226277
473933,473948,474422,15,474,2,7200,1.03164556962
473950,473956,474456,6,500,2,7200,1.012
473952,473964,474463,12,499,2,7200,1.02404809619
473969,473975,474517,6,542,2,7200,1.0110701107
473970,473982,474489,12,507,2,7200,1.02366863905
473988,473997,474481,9,484,2,7200,1.01859504132
474017,474027,474550,10,523,2,7200,1.01912045889
474047,474056,474572,9,516,2,7200,1.01744186047
474070,474079,474621,9,542,2,7200,1.01660516605
474087,474093,474563,6,470,2,7200,1.01276595745
474089,474101,474627,12,526,2,7200,1.02281368821
474105,474113,474646,8,533,2,7200,1.01500938086
474109,479518,551545,5409,72027,2,72000,1.07509683869
474122,474129,474657,7,528,2,7200,1.01325757576
474162,474175,474694,13,519,2,7200,1.02504816956
474208,474215,474692,7,477,2,7200,1.01467505241
474210,474222,474753,12,531,2,7200,1.02259887006
474227,474233,474726,6,493,2,7200,1.0121703854
474229,474241,474753,12,512,2,7200,1.0234375
474281,474288,474851,7,563,2,7200,1.01243339254
474313,474320,474866,7,546,2,7200,1.01282051282
474333,474342,474862,9,520,2,7200,1.01730769231
474359,474367,474897,8,530,2,7200,1.01509433962
474405,474414,474938,9,524,2,7200,1.01717557252
474423,474430,474914,7,484,2,7200,1.01446280992
474424,474436,474947,12,511,2,7200,1.02348336595
474426,474442,474993,16,551,2,7200,1.02903811252
474433,474449,474973,16,524,2,7200,1.03053435115
474451,474458,474970,7,512,2,7200,1.013671875
474452,474465,475011,13,546,2,7200,1.02380952381
474454,474470,475004,16,534,2,7200,1.02996254682
474471,474479,474985,8,506,2,7200,1.01581027668
474473,474484,475002,11,518,2,7200,1.02123552124
474490,474496,475024,6,528,2,7200,1.01136363636
474492,474504,475020,12,516,2,7200,1.02325581395
474493,474509,475001,16,492,2,7200,1.0325203252
474521,474529,475090,8,561,2,7200,1.01426024955
474553,474563,475088,10,525,2,7200,1.01904761905
474570,474576,475061,6,485,2,7200,1.01237113402
474587,474594,475125,7,531,2,7200,1.0131826742
474623,474633,475136,10,503,2,7200,1.01988071571
474640,474647,475172,7,525,2,7200,1.01333333333
474658,474664,475165,6,501,2,7200,1.0119760479
474660,474672,475170,12,498,2,7200,1.02409638554
474696,474709,475254,13,545,2,7200,1.02385321101
474698,474714,475245,16,531,2,7200,1.03013182674
474734,474741,475253,7,512,2,7200,1.013671875
474757,474765,475285,8,520,2,7200,1.01538461538
474759,474771,475252,12,481,2,7200,1.02494802495
474855,474863,475388,8,525,2,7200,1.01523809524
474871,474878,475384,7,506,2,7200,1.01383399209
474873,474885,475421,12,536,2,7200,1.0223880597
474900,474909,475381,9,472,2,7200,1.01906779661
474917,474926,475442,9,516,2,7200,1.01744186047
474943,474949,475493,6,544,2,7200,1.01102941176
474960,474966,475500,6,534,2,7200,1.01123595506
474977,474988,475471,11,483,2,7200,1.02277432712
474978,474993,475572,15,579,2,7200,1.02590673575
474996,475002,475519,6,517,2,7200,1.01160541586
474997,475009,475496,12,487,2,7200,1.02464065708
475014,475021,475530,7,509,2,7200,1.0137524558
475016,475028,475571,12,543,2,7200,1.02209944751
475018,475033,475555,15,522,2,7200,1.02873563218
475024,475040,475555,16,515,2,7200,1.03106796117
475042,475049,475621,7,572,2,7200,1.01223776224
475043,475056,475600,13,544,2,7200,1.02389705882
475064,475071,475504,7,433,2,7200,1.01616628176
475094,475100,475598,6,498,2,7200,1.01204819277
475095,475107,475634,12,527,2,7200,1.02277039848
475128,475135,475631,7,496,2,7200,1.01411290323
475145,475151,475613,6,462,2,7200,1.01298701299
475168,475174,475711,6,537,2,7200,1.01117318436
475185,475192,475709,7,517,2,7200,1.01353965184
475187,475199,475691,12,492,2,7200,1.0243902439
475250,475257,475813,7,556,2,7200,1.01258992806
475267,475274,475770,7,496,2,7200,1.01411290323
475268,475281,475797,13,516,2,7200,1.02519379845
475270,475286,475820,16,534,2,7200,1.02996254682
475288,475294,475791,6,497,2,7200,1.01207243461
475385,475391,475952,6,561,2,7200,1.01069518717
475387,475398,475890,11,492,2,7200,1.02235772358
475404,475411,475957,7,546,2,7200,1.01282051282
475408,478423,479502,3015,1079,8,1800,3.79425393883
475424,475431,475935,7,504,2,7200,1.01388888889
475444,475450,475976,6,526,2,7200,1.01140684411
475474,475481,476012,7,531,2,7200,1.0131826742
475494,475501,476022,7,521,2,7200,1.01343570058
475511,475518,476015,7,497,2,7200,1.01408450704
475513,475525,476025,12,500,2,7200,1.024
475515,475530,476021,15,491,2,7200,1.03054989817
475532,475539,476038,7,499,2,7200,1.01402805611
475534,475546,476068,12,522,2,7200,1.02298850575
475557,475563,476092,6,529,2,7200,1.01134215501
475559,475571,476116,12,545,2,7200,1.02201834862
475576,475582,476104,6,522,2,7200,1.01149425287
475578,475590,476155,12,565,2,7200,1.02123893805
475601,475607,476176,6,569,2,7200,1.01054481547
475603,475615,476146,12,531,2,7200,1.02259887006
475621,475627,476128,6,501,2,7200,1.0119760479
475638,475644,476188,6,544,2,7200,1.01102941176
475639,475651,476134,12,483,2,7200,1.0248447205
475641,475656,476183,15,527,2,7200,1.0284629981
475693,475701,476213,8,512,2,7200,1.015625
475714,475720,476262,6,542,2,7200,1.0110701107
475716,475727,476253,11,526,2,7200,1.02091254753
475790,475797,476293,7,496,2,7200,1.01411290323
475807,475814,476332,7,518,2,7200,1.01351351351
475808,475821,476340,13,519,2,7200,1.02504816956
475825,475832,476381,7,549,2,7200,1.01275045537
475827,475838,476352,11,514,2,7200,1.02140077821
475900,475907,476421,7,514,2,7200,1.01361867704
475940,475946,476502,6,556,2,7200,1.01079136691
475957,475964,476450,7,486,2,7200,1.01440329218
475974,475980,476445,6,465,2,7200,1.01290322581
475990,475997,476520,7,523,2,7200,1.01338432122
476017,476024,476523,7,499,2,7200,1.01402805611
476019,476031,476583,12,552,2,7200,1.02173913043
476036,476042,476556,6,514,2,7200,1.01167315175
476038,476049,476554,11,505,2,7200,1.02178217822
476039,476054,476611,15,557,2,7200,1.02692998205
476057,476064,476575,7,511,2,7200,1.01369863014
476074,476081,476562,7,481,2,7200,1.01455301455
476095,476102,476621,7,519,2,7200,1.01348747592
476112,476118,476632,6,514,2,7200,1.01167315175
476129,476136,476663,7,527,2,7200,1.01328273245
476131,476143,476666,12,523,2,7200,1.02294455067
476148,476154,476711,6,557,2,7200,1.01077199282
476150,476161,476696,11,535,2,7200,1.02056074766
476167,476173,476705,6,532,2,7200,1.01127819549
476184,476190,476757,6,567,2,7200,1.01058201058
476186,476197,476731,11,534,2,7200,1.02059925094
476202,476209,476702,7,493,2,7200,1.01419878296
476219,476226,476749,7,523,2,7200,1.01338432122
476256,476262,476790,6,528,2,7200,1.01136363636
476272,476279,476818,7,539,2,7200,1.01298701299
476296,476303,476782,7,479,2,7200,1.01461377871
476336,476342,476904,6,562,2,7200,1.01067615658
476353,476359,476923,6,564,2,7200,1.01063829787
476355,476366,476887,11,521,2,7200,1.02111324376
476385,476392,476897,7,505,2,7200,1.01386138614
476425,476432,476903,7,471,2,7200,1.01486199575
476449,476456,476989,7,533,2,7200,1.01313320826
476466,476473,476961,7,488,2,7200,1.0143442623
476505,476513,477023,8,510,2,7200,1.01568627451
476523,476530,477061,7,531,2,7200,1.0131826742
476539,476546,477045,7,499,2,7200,1.01402805611
476557,476563,477059,6,496,2,7200,1.01209677419
476558,476571,477118,13,547,2,7200,1.02376599634
476576,476583,477117,7,534,2,7200,1.01310861423
476577,476590,477091,13,501,2,7200,1.02594810379
476595,476602,477103,7,501,2,7200,1.01397205589
476615,476622,477118,7,496,2,7200,1.01411290323
476632,476638,477200,6,562,2,7200,1.01067615658
476649,476656,477148,7,492,2,7200,1.01422764228
476666,476674,477170,8,496,2,7200,1.01612903226
476683,476689,477217,6,528,2,7200,1.01136363636
476700,476707,477269,7,562,2,7200,1.01245551601
476717,476725,477243,8,518,2,7200,1.01544401544
476719,476731,477241,12,510,2,7200,1.02352941176
476720,476737,477252,17,515,2,7200,1.03300970874
476738,476744,477270,6,526,2,7200,1.01140684411
476755,476761,477267,6,506,2,7200,1.01185770751
476771,476779,477294,8,515,2,7200,1.01553398058
476788,476796,477360,8,564,2,7200,1.01418439716
476805,476811,477333,6,522,2,7200,1.01149425287
476822,476829,477304,7,475,2,7200,1.01473684211
476891,476898,477435,7,537,2,7200,1.01303538175
476908,476915,477455,7,540,2,7200,1.01296296296
476910,476922,477423,12,501,2,7200,1.02395209581
476911,476927,477457,16,530,2,7200,1.03018867925
476929,476937,477466,8,529,2,7200,1.01512287335
476965,476972,477508,7,536,2,7200,1.01305970149
476992,476999,477512,7,513,2,7200,1.01364522417
477029,477036,477577,7,541,2,7200,1.01293900185
477049,477056,477595,7,539,2,7200,1.01298701299
477067,477075,477577,8,502,2,7200,1.01593625498
477069,477080,477631,11,551,2,7200,1.01996370236
477096,477102,477616,6,514,2,7200,1.01167315175
477112,477119,477661,7,542,2,7200,1.01291512915
477129,477136,477625,7,489,2,7200,1.01431492843
477131,477142,477690,11,548,2,7200,1.0200729927
477133,477148,477633,15,485,2,7200,1.03092783505
477153,477160,477655,7,495,2,7200,1.01414141414
477173,477181,477744,8,563,2,7200,1.01420959147
477203,477211,477761,8,550,2,7200,1.01454545455
477221,477228,477788,7,560,2,7200,1.0125
477242,477249,477774,7,525,2,7200,1.01333333333
477244,477256,477759,12,503,2,7200,1.02385685885
477261,477267,477835,6,568,2,7200,1.01056338028
477278,477285,477812,7,527,2,7200,1.01328273245
477280,477291,477824,11,533,2,7200,1.02063789869
477282,477297,477796,15,499,2,7200,1.03006012024
477299,477306,477876,7,570,2,7200,1.01228070175
477316,477322,477863,6,541,2,7200,1.01109057301
477336,477343,477845,7,502,2,7200,1.01394422311
477363,477370,477820,7,450,2,7200,1.01555555556
477429,477435,477988,6,553,2,7200,1.01084990958
477446,477453,477919,7,466,2,7200,1.01502145923
477463,477475,478007,12,532,2,7200,1.02255639098
477465,477482,477994,17,512,2,7200,1.033203125
477481,477520,477981,39,461,2,7200,1.08459869848
477511,477527,478049,16,522,2,7200,1.030651341
477529,477589,478120,60,531,2,7200,1.11299435028
477581,477594,478104,13,510,2,7200,1.02549019608
477588,477606,478139,18,533,2,7200,1.03377110694
477604,477628,478168,24,540,2,7200,1.04444444444
477622,477637,478097,15,460,2,7200,1.03260869565
477637,477643,478627,6,984,1,7200,1.00609756098
477639,477651,478179,12,528,2,7200,1.02272727273
477641,477667,478196,26,529,2,7200,1.04914933837
477648,477674,478168,26,494,2,7200,1.05263157895
477665,477703,478183,38,480,2,7200,1.07916666667
477672,477757,478215,85,458,2,7200,1.18558951965
477701,477771,478295,70,524,2,7200,1.13358778626
477755,477778,478311,23,533,2,7200,1.04315196998
477773,477786,478290,13,504,2,7200,1.02579365079
477775,477801,478316,26,515,2,7200,1.05048543689
477791,477808,478306,17,498,2,7200,1.03413654618
477798,477825,478359,27,534,2,7200,1.05056179775
477815,477832,478358,17,526,2,7200,1.03231939163
477822,477839,478350,17,511,2,7200,1.03326810176
477839,477847,478398,8,551,2,7200,1.01451905626
477841,477857,478360,16,503,2,7200,1.03180914513
477843,477875,478373,32,498,2,7200,1.06425702811
477860,477888,478398,28,510,2,7200,1.05490196078
477878,477932,478474,54,542,2,7200,1.09963099631
477884,477994,478466,110,472,2,7200,1.23305084746
477930,478001,478532,71,531,2,7200,1.13370998117
477997,478008,478538,11,530,2,7200,1.02075471698
477999,478019,478547,20,528,2,7200,1.03787878788
478006,478061,478563,55,502,2,7200,1.10956175299
478024,478110,478636,86,526,2,7200,1.16349809886
478059,478117,478695,58,578,2,7200,1.10034602076
478113,478132,478693,19,561,2,7200,1.03386809269
478114,478151,478643,37,492,2,7200,1.07520325203
478131,478179,478678,48,499,2,7200,1.09619238477
478148,478185,478704,37,519,2,7200,1.07129094412
478177,478192,478713,15,521,2,7200,1.02879078695
478184,478199,478689,15,490,2,7200,1.0306122449
478202,478208,478746,6,538,2,7200,1.01115241636
478203,478215,478691,12,476,2,7200,1.02521008403
478205,478220,478747,15,527,2,7200,1.0284629981
478222,478229,478777,7,548,2,7200,1.01277372263
478293,478302,478813,9,511,2,7200,1.01761252446
478310,478317,478852,7,535,2,7200,1.01308411215
478312,478324,478787,12,463,2,7200,1.02591792657
478329,478336,478795,7,459,2,7200,1.01525054466
478330,478343,478830,13,487,2,7200,1.02669404517
478354,478362,478885,8,523,2,7200,1.01529636711
478371,478378,478886,7,508,2,7200,1.01377952756
478373,478384,478936,11,552,2,7200,1.01992753623
478375,478390,478863,15,473,2,7200,1.03171247357
478392,478399,478885,7,486,2,7200,1.01440329218
478408,478416,478950,8,534,2,7200,1.01498127341
478410,478428,478908,18,480,2,7200,1.0375
478468,478478,479006,10,528,2,7200,1.01893939394
478480,478488,485733,8,7245,1,7200,1.0011042098
478485,478495,479047,10,552,2,7200,1.01811594203
478535,478544,479066,9,522,2,7200,1.01724137931
478552,478558,479105,6,547,2,7200,1.01096892139
478553,478565,479079,12,514,2,7200,1.0233463035
478570,478578,479093,8,515,2,7200,1.01553398058
478639,478648,479138,9,490,2,7200,1.01836734694
478656,478663,479179,7,516,2,7200,1.01356589147
478683,478690,479232,7,542,2,7200,1.01291512915
478700,478707,479192,7,485,2,7200,1.01443298969
478702,478714,479268,12,554,2,7200,1.02166064982
478703,478719,479277,16,558,2,7200,1.02867383513
478710,478726,479239,16,513,2,7200,1.03118908382
478728,478735,479293,7,558,2,7200,1.01254480287
478729,478742,479300,13,558,2,7200,1.02329749104
478750,478758,479281,8,523,2,7200,1.01529636711
478751,478763,479275,12,512,2,7200,1.0234375
478785,478792,479292,7,500,2,7200,1.014
478802,478808,479307,6,499,2,7200,1.0120240481
478803,478815,479329,12,514,2,7200,1.0233463035
478821,478842,479338,21,496,2,7200,1.04233870968
478838,478864,479341,26,477,2,7200,1.05450733753
478855,478875,479372,20,497,2,7200,1.04024144869
478872,478882,479405,10,523,2,7200,1.01912045889
478889,478896,479363,7,467,2,7200,1.01498929336
478891,478902,479430,11,528,2,7200,1.02083333333
478892,478909,479430,17,521,2,7200,1.03262955854
478913,478920,479431,7,511,2,7200,1.01369863014
478940,478949,479497,9,548,2,7200,1.01642335766
478957,478963,479473,6,510,2,7200,1.01176470588
479010,479017,479505,7,488,2,7200,1.0143442623
479053,479059,479548,6,489,2,7200,1.01226993865
479070,479077,479631,7,554,2,7200,1.01263537906
479087,479094,479662,7,568,2,7200,1.01232394366
479105,479111,479622,6,511,2,7200,1.01174168297
479121,479128,479642,7,514,2,7200,1.01361867704
479142,479151,479656,9,505,2,7200,1.01782178218
479181,479191,479715,10,524,2,7200,1.01908396947
479198,479204,479728,6,524,2,7200,1.01145038168
479235,479244,479752,9,508,2,7200,1.01771653543
479252,479259,479801,7,542,2,7200,1.01291512915
479272,479281,479835,9,554,2,7200,1.01624548736
479289,479295,479844,6,549,2,7200,1.01092896175
479291,479302,479798,11,496,2,7200,1.02217741935
479292,479307,479856,15,549,2,7200,1.02732240437
479310,479316,479825,6,509,2,7200,1.01178781925
479312,479324,479863,12,539,2,7200,1.02226345083
479313,479329,479822,16,493,2,7200,1.03245436105
479320,479341,479867,21,526,2,7200,1.03992395437
479337,479348,479915,11,567,2,7200,1.01940035273
479354,479360,479865,6,505,2,7200,1.01188118812
479356,479367,479911,11,544,2,7200,1.02022058824
479373,479381,479919,8,538,2,7200,1.01486988848
479375,479388,479909,13,521,2,7200,1.02495201536
479408,479417,479937,9,520,2,7200,1.01730769231
479435,479441,479986,6,545,2,7200,1.01100917431
479437,479449,479980,12,531,2,7200,1.02259887006
479438,479454,479994,16,540,2,7200,1.02962962963
479476,479485,480024,9,539,2,7200,1.01669758813
479503,479511,480024,8,513,2,7200,1.01559454191
479520,479526,480014,6,488,2,7200,1.01229508197
479553,479560,480055,7,495,2,7200,1.01414141414
479625,479631,480135,6,504,2,7200,1.0119047619
479642,479649,480189,7,540,2,7200,1.01296296296
479660,479666,480147,6,481,2,7200,1.01247401247
479661,479673,480162,12,489,2,7200,1.0245398773
479679,479686,480198,7,512,2,7200,1.013671875
479718,479725,480232,7,507,2,7200,1.01380670611
479736,479742,480266,6,524,2,7200,1.01145038168
479756,479762,480290,6,528,2,7200,1.01136363636
479802,479809,480347,7,538,2,7200,1.01301115242
479804,479816,480374,12,558,2,7200,1.02150537634
479825,479832,480362,7,530,2,7200,1.01320754717
479842,479849,480362,7,513,2,7200,1.01364522417
479843,479855,480379,12,524,2,7200,1.02290076336
479861,479867,480417,6,550,2,7200,1.01090909091
479862,479874,480352,12,478,2,7200,1.02510460251
479879,479886,480387,7,501,2,7200,1.01397205589
479881,479893,480396,12,503,2,7200,1.02385685885
479882,479898,480415,16,517,2,7200,1.03094777563
479913,479920,480417,7,497,2,7200,1.01408450704
479915,479928,480462,13,534,2,7200,1.02434456929
479933,479939,480444,6,505,2,7200,1.01188118812
479935,479946,480429,11,483,2,7200,1.02277432712
479951,479960,480443,9,483,2,7200,1.01863354037
479985,479992,480552,7,560,2,7200,1.0125
480002,480009,480530,7,521,2,7200,1.01343570058
480004,480017,480484,13,467,2,7200,1.0278372591
480022,480028,480565,6,537,2,7200,1.01117318436
480042,480050,480564,8,514,2,7200,1.01556420233
480044,480057,480627,13,570,2,7200,1.02280701754
480065,480072,480564,7,492,2,7200,1.01422764228
480137,480145,480657,8,512,2,7200,1.015625
480155,480161,480680,6,519,2,7200,1.01156069364
480171,480179,480743,8,564,2,7200,1.01418439716
480192,480199,480729,7,530,2,7200,1.01320754717
480209,480216,480727,7,511,2,7200,1.01369863014
480237,480244,480785,7,541,2,7200,1.01293900185
480270,480276,480767,6,491,2,7200,1.01221995927
480294,480300,480814,6,514,2,7200,1.01167315175
480349,480357,480859,8,502,2,7200,1.01593625498
480367,480373,480900,6,527,2,7200,1.01138519924
480368,480379,480949,11,570,2,7200,1.01929824561
480370,480385,480869,15,484,2,7200,1.03099173554
480388,480395,480908,7,513,2,7200,1.01364522417
480390,480402,480961,12,559,2,7200,1.02146690519
480391,480407,480886,16,479,2,7200,1.03340292276
480409,480416,480944,7,528,2,7200,1.01325757576
480426,480432,480974,6,542,2,7200,1.0110701107
480428,480439,480949,11,510,2,7200,1.02156862745
480429,480444,480975,15,531,2,7200,1.02824858757
480447,480453,480969,6,516,2,7200,1.01162790698
480449,480461,481016,12,555,2,7200,1.02162162162
480450,480466,480935,16,469,2,7200,1.03411513859
480468,480474,480933,6,459,2,7200,1.01307189542
480488,480495,481030,7,535,2,7200,1.01308411215
480534,480541,481057,7,516,2,7200,1.01356589147
480558,480566,481095,8,529,2,7200,1.01512287335
480575,480581,481076,6,495,2,7200,1.01212121212
480577,480588,481084,11,496,2,7200,1.02217741935
480578,480593,481174,15,581,2,7200,1.02581755594
480631,480638,481137,7,499,2,7200,1.01402805611
480662,480669,481183,7,514,2,7200,1.01361867704
480683,480690,481201,7,511,2,7200,1.01369863014
480732,480739,481213,7,474,2,7200,1.01476793249
480733,480746,481273,13,527,2,7200,1.02466793169
480751,480757,481258,6,501,2,7200,1.0119760479
480772,480778,481324,6,546,2,7200,1.01098901099
480789,480795,481346,6,551,2,7200,1.0108892922
480820,480826,481340,6,514,2,7200,1.01167315175
480863,480869,481434,6,565,2,7200,1.01061946903
480880,480887,481414,7,527,2,7200,1.01328273245
480897,480904,481363,7,459,2,7200,1.01525054466
480914,480921,481428,7,507,2,7200,1.01380670611
480916,480929,481406,13,477,2,7200,1.02725366876
480937,480943,481443,6,500,2,7200,1.012
480939,480951,481418,12,467,2,7200,1.02569593148
480956,480963,481443,7,480,2,7200,1.01458333333
480958,480970,481494,12,524,2,7200,1.02290076336
480959,480975,481513,16,538,2,7200,1.02973977695
480977,480985,481513,8,528,2,7200,1.01515151515
480979,480992,481424,13,432,2,7200,1.03009259259
480981,480997,481545,16,548,2,7200,1.02919708029
480988,481003,481503,15,500,2,7200,1.03
481022,481030,481573,8,543,2,7200,1.01473296501
481039,481046,481539,7,493,2,7200,1.01419878296
481060,481067,481604,7,537,2,7200,1.01303538175
481081,481088,481552,7,464,2,7200,1.0150862069
481099,481106,481651,7,545,2,7200,1.0128440367
481100,481113,481625,13,512,2,7200,1.025390625
481141,481148,481658,7,510,2,7200,1.0137254902
481179,481186,481707,7,521,2,7200,1.01343570058
481196,481203,481740,7,537,2,7200,1.01303538175
481213,481220,481725,7,505,2,7200,1.01386138614
481230,481238,481738,8,500,2,7200,1.016
481261,481267,481748,6,481,2,7200,1.01247401247
481279,481285,481752,6,467,2,7200,1.01284796574
481328,481335,481844,7,509,2,7200,1.0137524558
481346,481353,481877,7,524,2,7200,1.01335877863
481364,481371,481869,7,498,2,7200,1.0140562249
481365,481378,481944,13,566,2,7200,1.02296819788
481409,481416,481928,7,512,2,7200,1.013671875
481427,481434,481962,7,528,2,7200,1.01325757576
481429,481446,481998,17,552,2,7200,1.03079710145
481430,481455,481933,25,478,2,7200,1.05230125523
481448,481460,481975,12,515,2,7200,1.02330097087
481455,481506,482060,51,554,2,7200,1.09205776173
481457,481516,482065,59,549,2,7200,1.10746812386
481506,481524,482061,18,537,2,7200,1.03351955307
481523,481557,482091,34,534,2,7200,1.06367041199
481525,481585,482104,60,519,2,7200,1.11560693642
481553,481670,482218,117,548,2,7200,1.21350364964
481581,481719,482234,138,515,2,7200,1.26796116505
481672,481737,482224,65,487,2,7200,1.13347022587
481715,481751,482278,36,527,2,7200,1.06831119545
481733,481758,482286,25,528,2,7200,1.04734848485
481750,481765,482315,15,550,2,7200,1.02727272727
481757,481770,482325,13,555,2,7200,1.02342342342
481764,481847,482441,83,594,2,7200,1.13973063973
481766,481856,482338,90,482,2,7200,1.1867219917
481797,635272,635332,153475,60,16,108000,2558.91666667
481846,481881,482432,35,551,2,7200,1.06352087114
481874,481890,482400,16,510,2,7200,1.03137254902
481881,481940,482422,59,482,2,7200,1.122406639
481888,481947,482504,59,557,2,7200,1.10592459605
481937,481956,482516,19,560,2,7200,1.03392857143
481944,481974,482502,30,528,2,7200,1.05681818182
481956,481986,482484,30,498,2,7200,1.06024096386
481974,482010,482519,36,509,2,7200,1.07072691552
481984,559069,559096,77085,27,16,108000,2856.0
481986,482071,482583,85,512,2,7200,1.166015625
481990,559114,559139,77124,25,16,108000,3085.96
482008,482077,482617,69,540,2,7200,1.12777777778
482067,482083,482626,16,543,2,7200,1.02946593002
482074,482103,482629,29,526,2,7200,1.05513307985
482081,482116,482669,35,553,2,7200,1.06329113924
482099,482188,482744,89,556,2,7200,1.16007194245
482111,482230,482758,119,528,2,7200,1.22537878788
482186,482237,482739,51,502,2,7200,1.1015936255
482229,482247,482767,18,520,2,7200,1.03461538462
482236,482290,482817,54,527,2,7200,1.10246679317
482243,482299,482858,56,559,2,7200,1.10017889088
482287,482327,482847,40,520,2,7200,1.07692307692
482299,482338,482839,39,501,2,7200,1.07784431138
482327,482350,482848,23,498,2,7200,1.04618473896
482333,482412,482902,79,490,2,7200,1.1612244898
482350,482434,482947,84,513,2,7200,1.16374269006
482410,482444,483000,34,556,2,7200,1.06115107914
482432,482453,482957,21,504,2,7200,1.04166666667
482439,482496,483010,57,514,2,7200,1.11089494163
482451,482514,483052,63,538,2,7200,1.11710037175
482495,482521,483052,26,531,2,7200,1.04896421846
482512,482528,483023,16,495,2,7200,1.03232323232
482519,482535,483063,16,528,2,7200,1.0303030303
482526,482596,483100,70,504,2,7200,1.13888888889
482533,482629,483125,96,496,2,7200,1.1935483871
482592,482638,483186,46,548,2,7200,1.08394160584
482625,482645,483140,20,495,2,7200,1.0404040404
482637,482681,483141,44,460,2,7200,1.09565217391
482654,482751,483270,97,519,2,7200,1.18689788054
482677,482758,483197,81,439,2,7200,1.18451025057
482747,482770,483267,23,497,2,7200,1.046277666
482753,482780,483287,27,507,2,7200,1.05325443787
482766,482829,483309,63,480,2,7200,1.13125
482778,482851,483398,73,547,2,7200,1.13345521024
482832,482859,483388,27,529,2,7200,1.05103969754
482850,482864,483359,14,495,2,7200,1.02828282828
482857,482871,483394,14,523,2,7200,1.02676864245
482864,482914,483396,50,482,2,7200,1.10373443983
482870,482959,483438,89,479,2,7200,1.18580375783
482914,482969,483485,55,516,2,7200,1.10658914729
482958,483012,483538,54,526,2,7200,1.10266159696
482965,483023,483542,58,519,2,7200,1.11175337187
483008,483036,483556,28,520,2,7200,1.05384615385
483020,483063,483585,43,522,2,7200,1.08237547893
483032,483068,483607,36,539,2,7200,1.0667903525
483060,483075,483543,15,468,2,7200,1.03205128205
483067,483112,483641,45,529,2,7200,1.08506616257
483084,483138,483646,54,508,2,7200,1.1062992126
483112,483152,483701,40,549,2,7200,1.07285974499
483134,483159,483681,25,522,2,7200,1.04789272031
483152,483198,483709,46,511,2,7200,1.09001956947
483158,483209,483706,51,497,2,7200,1.10261569416
483197,483278,483769,81,491,2,7200,1.1649694501
483214,483286,483784,72,498,2,7200,1.14457831325
483278,483299,483799,21,500,2,7200,1.042
483285,483321,483790,36,469,2,7200,1.07675906183
483297,483371,483859,74,488,2,7200,1.15163934426
483320,483400,483900,80,500,2,7200,1.16
483369,483407,483915,38,508,2,7200,1.07480314961
483402,483414,483944,12,530,2,7200,1.02264150943
483404,483419,483926,15,507,2,7200,1.02958579882
483411,483450,483983,39,533,2,7200,1.07317073171
483418,483497,484000,79,503,2,7200,1.15705765408
483445,483551,484033,106,482,2,7200,1.21991701245
483494,483557,484074,63,517,2,7200,1.12185686654
483548,483563,484037,15,474,2,7200,1.03164556962
483555,483570,484116,15,546,2,7200,1.02747252747
483562,483597,484104,35,507,2,7200,1.06903353057
483579,483619,484108,40,489,2,7200,1.081799591
483596,483653,484199,57,546,2,7200,1.1043956044
483619,483660,484165,41,505,2,7200,1.08118811881
483652,483693,484213,41,520,2,7200,1.07884615385
483659,483713,484248,54,535,2,7200,1.10093457944
483692,483720,484217,28,497,2,7200,1.05633802817
483715,483726,484199,11,473,2,7200,1.02325581395
483717,483782,484307,65,525,2,7200,1.12380952381
483724,483796,484349,72,553,2,7200,1.13019891501
483778,483803,484341,25,538,2,7200,1.04646840149
483795,483811,484335,16,524,2,7200,1.03053435115
483802,483871,484380,69,509,2,7200,1.13555992141
483809,483912,484423,103,511,2,7200,1.20156555773
483868,483928,484423,60,495,2,7200,1.12121212121
483912,483938,484458,26,520,2,7200,1.05
483924,483956,484469,32,513,2,7200,1.06237816764
483936,483995,484511,59,516,2,7200,1.11434108527
483953,484012,484519,59,507,2,7200,1.11637080868
483992,484045,484587,53,542,2,7200,1.09778597786
484009,484051,484560,42,509,2,7200,1.08251473477
484044,486323,486326,2279,3,1,259200,228.2
484047,484086,484589,39,503,2,7200,1.07753479125
484049,484116,484643,67,527,2,7200,1.12713472486
484082,484128,484644,46,516,2,7200,1.08914728682
484115,484140,484693,25,553,2,7200,1.0452079566
484127,484177,484705,50,528,2,7200,1.0946969697
484139,484211,484740,72,529,2,7200,1.13610586011
484178,484216,484721,38,505,2,7200,1.07524752475
484211,484225,484745,14,520,2,7200,1.02692307692
484213,484232,484784,19,552,2,7200,1.03442028986
484225,484260,484740,35,480,2,7200,1.07291666667
484232,484319,484792,87,473,2,7200,1.18393234672
484260,484347,484915,87,568,2,7200,1.15316901408
484315,484354,484845,39,491,2,7200,1.07942973523
484348,484360,484923,12,563,2,7200,1.02131438721
484365,484393,484912,28,519,2,7200,1.05394990366
484367,484435,484971,68,536,2,7200,1.12686567164
484389,484440,484908,51,468,2,7200,1.10897435897
484433,484470,484990,37,520,2,7200,1.07115384615
484440,484482,485022,42,540,2,7200,1.07777777778
484468,484523,485018,55,495,2,7200,1.11111111111
484480,484531,485009,51,478,2,7200,1.10669456067
484524,484572,485113,48,541,2,7200,1.0887245841
484531,484599,485113,68,514,2,7200,1.13229571984
484569,484606,485128,37,522,2,7200,1.07088122605
484597,484655,485171,58,516,2,7200,1.11240310078
484604,484662,485168,58,506,2,7200,1.11462450593
484653,484705,485233,52,528,2,7200,1.09848484848
484660,484717,485253,57,536,2,7200,1.10634328358
484703,484733,485279,30,546,2,7200,1.05494505495
484716,484751,485217,35,466,2,7200,1.07510729614
484733,484757,485319,24,562,2,7200,1.04270462633
484751,484764,485294,13,530,2,7200,1.02452830189
484752,484796,485317,44,521,2,7200,1.08445297505
484764,484804,485267,40,463,2,7200,1.08639308855
484798,484857,485383,59,526,2,7200,1.11216730038
484800,484920,485430,120,510,2,7200,1.23529411765
484854,484927,485463,73,536,2,7200,1.13619402985
484919,484933,485417,14,484,2,7200,1.02892561983
484926,484940,485491,14,551,2,7200,1.02540834846
484933,484984,485498,51,514,2,7200,1.09922178988
484939,485002,485546,63,544,2,7200,1.11580882353
484983,485021,485519,38,498,2,7200,1.07630522088
485001,485030,485578,29,548,2,7200,1.05291970803
485018,485037,485562,19,525,2,7200,1.03619047619
485030,485125,485671,95,546,2,7200,1.17399267399
485037,485130,485675,93,545,2,7200,1.17064220183
485123,485140,485686,17,546,2,7200,1.03113553114
485140,485181,485671,41,490,2,7200,1.08367346939
485141,485188,485752,47,564,2,7200,1.08333333333
485180,485229,485749,49,520,2,7200,1.09423076923
485186,485246,485738,60,492,2,7200,1.12195121951
485225,485265,485760,40,495,2,7200,1.08080808081
485242,485279,485793,37,514,2,7200,1.0719844358
485265,485291,485819,26,528,2,7200,1.04924242424
485283,485306,485849,23,543,2,7200,1.0423572744
485290,485329,485806,39,477,2,7200,1.08176100629
485302,485336,485853,34,517,2,7200,1.06576402321
485325,485396,485855,71,459,2,7200,1.15468409586
485332,485429,485936,97,507,2,7200,1.19132149901
485396,485442,485931,46,489,2,7200,1.09406952965
485429,485476,485960,47,484,2,7200,1.09710743802
485447,485503,485999,56,496,2,7200,1.11290322581
485475,485510,486019,35,509,2,7200,1.06876227898
485503,485532,486073,29,541,2,7200,1.05360443623
485509,485557,486091,48,534,2,7200,1.08988764045
485532,485575,486130,43,555,2,7200,1.07747747748
485555,485590,486111,35,521,2,7200,1.06717850288
485578,485683,486205,105,522,2,7200,1.20114942529
485590,485688,486204,98,516,2,7200,1.18992248062
485680,485695,486197,15,502,2,7200,1.02988047809
485687,485702,486225,15,523,2,7200,1.02868068834
485694,485750,486199,56,449,2,7200,1.12472160356
485701,485761,486280,60,519,2,7200,1.11560693642
485750,485767,486290,17,523,2,7200,1.03250478011
485757,485775,486270,18,495,2,7200,1.03636363636
485763,485805,486311,42,506,2,7200,1.08300395257
485770,485818,486341,48,523,2,7200,1.09177820268
485803,485831,486343,28,512,2,7200,1.0546875
485815,485861,486409,46,548,2,7200,1.08394160584
485828,485867,486403,39,536,2,7200,1.07276119403
485861,485872,486449,11,577,2,7200,1.01906412478
485878,485943,486471,65,528,2,7200,1.12310606061
485880,485950,486455,70,505,2,7200,1.13861386139
485939,485973,486518,34,545,2,7200,1.0623853211
485946,486011,486489,65,478,2,7200,1.1359832636
485973,486031,486541,58,510,2,7200,1.1137254902
486361,519514,519519,33153,5,3,36000,3315.8
486394,486400,486909,6,509,2,7200,1.01178781925
486395,486406,486955,11,549,2,7200,1.02003642987
486397,486412,486898,15,486,2,7200,1.03086419753
486404,486419,486928,15,509,2,7200,1.02946954813
486411,486424,486919,13,495,2,7200,1.02626262626
486418,486431,486930,13,499,2,7200,1.02605210421
486424,486436,486980,12,544,2,7200,1.02205882353
486431,486443,486918,12,475,2,7200,1.02526315789
486433,486448,486956,15,508,2,7200,1.02952755906
486440,486455,487018,15,563,2,7200,1.02664298401
486447,486460,487004,13,544,2,7200,1.02389705882
486453,486467,487032,14,565,2,7200,1.02477876106
486460,486472,486986,12,514,2,7200,1.0233463035
486467,486479,487046,12,567,2,7200,1.02116402116
486469,486484,487004,15,520,2,7200,1.02884615385
486475,486491,487045,16,554,2,7200,1.02888086643
486482,486496,487040,14,544,2,7200,1.02573529412
486486,519520,519524,33034,4,3,36000,3303.8
486489,486503,487073,14,570,2,7200,1.02456140351
486496,486508,486932,12,424,2,7200,1.02830188679
486503,486531,487014,28,483,2,7200,1.05797101449
486504,486553,487035,49,482,2,7200,1.10165975104
486527,486910,487431,383,521,2,7200,1.73512476008
486557,486921,487451,364,530,2,7200,1.68679245283
486608,486939,501702,331,14763,5,21600,1.02242091716
486609,486947,502008,338,15061,5,21600,1.02244206892
486610,486992,501885,382,14893,5,21600,1.02564963406
486611,487017,502335,406,15318,5,21600,1.02650476564
486612,487034,501497,422,14463,5,21600,1.02917790223
486613,487059,501676,446,14617,5,21600,1.03051241705
486613,487052,502080,439,15028,5,21600,1.02921213734
486614,487463,502107,849,14644,5,21600,1.05797596285
486615,501509,516012,14894,14503,5,21600,2.02695993932
486616,501688,515968,15072,14280,5,21600,2.05546218487
486617,501714,516354,15097,14640,5,21600,2.03121584699
486618,501897,516032,15279,14135,5,21600,2.08093385214
486619,502020,516826,15401,14806,5,21600,2.04018641091
486620,502119,515850,15499,13731,5,21600,2.12875974073
486620,502092,515994,15472,13902,5,21600,2.11293339088
486621,502347,516551,15726,14204,5,21600,2.10715291467
486622,504792,519106,18170,14314,5,21600,2.2693866145
486623,515981,530200,29358,14219,5,21600,3.06470215908
486863,547180,570176,60317,22996,2,28800,3.62293442338
486906,547185,572036,60279,24851,2,43200,3.42561667539
486933,559165,581667,72232,22502,2,43200,4.21002577549
486997,487026,487073,29,47,1,7200,1.6170212766
487563,520591,563848,33028,43257,4,43200,1.76352960215
487647,547174,551668,59527,4494,4,43200,14.2458834001
488587,520986,525866,32399,4880,4,14400,7.63913934426
488643,520991,522369,32348,1378,4,14400,24.4746008708
488649,522381,523369,33732,988,4,14400,35.1417004049
489661,504798,504799,15137,1,2,600,1513.8
492405,515119,518752,22714,3633,3,3600,7.25213322323
492588,519116,722184,26528,203068,4,259200,1.1306360431
492710,519532,519536,26822,4,3,72000,2682.6
493946,515330,515341,21384,11,2,600,1945.0
494274,524964,526001,30690,1037,2,54000,30.5949855352
496281,519123,533533,22842,14410,4,14399,2.58514920194
500506,561405,561975,60899,570,16,72000,107.840350877
500506,561198,561388,60692,190,16,72000,320.431578947
500506,635277,707296,134771,72019,16,72000,2.87132562241
500507,562606,634641,62099,72035,16,72000,1.86206705074
500507,652071,724097,151564,72026,16,72000,3.10429567101
500507,652353,724378,151846,72025,16,72000,3.10824019438
500507,660916,698037,160409,37121,16,72000,5.32124673365
500507,635344,707363,134837,72019,16,72000,2.87224204724
500508,652369,724413,151861,72044,16,72000,3.10789239909
500508,578849,650880,78341,72031,16,72000,2.08760117172
500508,652364,724402,151856,72038,16,72000,3.10799855632
500509,609802,681815,109293,72013,16,72000,2.517684307
500509,580007,652058,79498,72051,16,72000,2.1033573441
500509,609786,660905,109277,51119,16,72000,3.13769831178
500509,609796,681800,109287,72004,16,72000,2.5177906783
500509,578937,650962,78428,72025,16,72000,2.08889968761
500510,635267,677813,134757,42546,16,72000,4.16732477789
504793,504811,505317,18,506,2,7200,1.03557312253
504810,505330,505818,520,488,2,7200,2.06557377049
505330,505831,506332,501,501,2,7200,2.0
505406,519509,547116,14103,27607,48,32400,1.51084869779
505828,505877,506440,49,563,2,7200,1.08703374778
505877,506344,506826,467,482,2,7200,1.96887966805
506344,506452,506964,108,512,2,7200,1.2109375
506450,506721,507243,271,522,2,7200,1.51915708812
506728,506839,507326,111,487,2,7200,1.22792607803
506835,506976,507462,141,486,2,7200,1.29012345679
506972,507255,507774,283,519,2,7200,1.54527938343
507251,507337,507856,86,519,2,7200,1.16570327553
507336,507474,508012,138,538,2,7200,1.25650557621
507474,507787,508348,313,561,2,7200,1.55793226381
507784,507868,508368,84,500,2,7200,1.168
507864,508024,508591,160,567,2,7200,1.28218694885
508022,508361,508897,339,536,2,7200,1.63246268657
508358,508380,508895,22,515,2,7200,1.0427184466
508376,508603,509106,227,503,2,7200,1.45129224652
508602,508907,509428,305,521,2,7200,1.58541266795
508907,508913,509425,6,512,2,7200,1.01171875
508909,509119,509634,210,515,2,7200,1.40776699029
509119,509437,509941,318,504,2,7200,1.63095238095
509435,509444,509970,9,526,2,7200,1.01711026616
509442,509646,510170,204,524,2,7200,1.3893129771
509459,519525,519918,10066,393,1,259200,26.6132315522
509642,509953,510521,311,568,2,7200,1.54753521127
509952,509982,510538,30,556,2,7200,1.05395683453
509980,510182,510740,202,558,2,7200,1.36200716846
510157,515308,515313,5151,5,10,600,515.6
510181,510533,511068,352,535,2,7200,1.65794392523
510533,510550,511047,17,497,2,7200,1.03420523139
510550,510675,511168,125,493,2,7200,1.25354969574
510672,510752,511268,80,516,2,7200,1.15503875969
510752,511059,511600,307,541,2,7200,1.5674676525
511057,511080,511605,23,525,2,7200,1.04380952381
511080,511180,511729,100,549,2,7200,1.18214936248
511183,511280,511794,97,514,2,7200,1.18871595331
511279,511613,512120,334,507,2,7200,1.65877712032
511609,511620,512134,11,514,2,7200,1.02140077821
511616,511742,512247,126,505,2,7200,1.2495049505
511737,511806,512277,69,471,2,7200,1.14649681529
511802,512132,512594,330,462,2,7200,1.71428571429
512131,512146,512718,15,572,2,7200,1.02622377622
512143,512259,512752,116,493,2,7200,1.23529411765
512254,512289,512866,35,577,2,7200,1.06065857886
512287,512606,513142,319,536,2,7200,1.59514925373
512602,512730,513280,128,550,2,7200,1.23272727273
512729,512764,513327,35,563,2,7200,1.0621669627
512762,512878,513384,116,506,2,7200,1.22924901186
512800,515313,516207,2513,894,1,3600,3.81096196868
512874,513154,513659,280,505,2,7200,1.55445544554
513151,513292,513827,141,535,2,7200,1.26355140187
513288,513340,513859,52,519,2,7200,1.10019267823
513337,513396,513924,59,528,2,7200,1.11174242424
513396,513671,514195,275,524,2,7200,1.52480916031
513531,515114,515296,1583,182,11,3600,9.6978021978
513670,513840,514316,170,476,2,7200,1.35714285714
513837,513871,514384,34,513,2,7200,1.06627680312
513870,513937,514465,67,528,2,7200,1.12689393939
513934,514208,514720,274,512,2,7200,1.53515625
514205,514327,514857,122,530,2,7200,1.23018867925
514326,514395,514893,69,498,2,7200,1.13855421687
514391,514477,515016,86,539,2,7200,1.15955473098
514476,514732,515258,256,526,2,7200,1.48669201521
514737,514869,515332,132,463,2,7200,1.28509719222
514765,526032,528956,11267,2924,2,12600,4.85328317373
514865,514905,515414,40,509,2,7200,1.07858546169
514903,515028,515525,125,497,2,7200,1.25150905433
515025,515124,515668,99,544,2,7200,1.18198529412
515121,515270,515780,149,510,2,7200,1.29215686275
515269,515325,515923,56,598,2,7200,1.09364548495
515323,515336,515815,13,479,2,7200,1.02713987474
515335,515344,515880,9,536,2,7200,1.01679104478
515342,515350,515877,8,527,2,7200,1.01518026565
515349,515358,515900,9,542,2,7200,1.01660516605
515355,515365,515856,10,491,2,7200,1.02036659878
515362,515427,515956,65,529,2,7200,1.12287334594
515427,515538,516027,111,489,2,7200,1.22699386503
515539,515679,516186,140,507,2,7200,1.27613412229
515676,515793,516345,117,552,2,7200,1.21195652174
515793,515827,516358,34,531,2,7200,1.06403013183
515827,515862,516390,35,528,2,7200,1.06628787879
515860,515869,516412,9,543,2,7200,1.01657458564
515866,515876,516375,10,499,2,7200,1.02004008016
515873,515889,516456,16,567,2,7200,1.02821869489
515885,515896,516398,11,502,2,7200,1.0219123506
515892,515912,516456,20,544,2,7200,1.03676470588
515910,515935,516458,25,523,2,7200,1.04780114723
515932,515968,516480,36,512,2,7200,1.0703125
515965,516006,516560,41,554,2,7200,1.07400722022
515977,516011,516526,34,515,2,7200,1.06601941748
516005,516018,516570,13,552,2,7200,1.02355072464
516007,516025,516519,18,494,2,7200,1.03643724696
516013,516030,516573,17,543,2,7200,1.03130755064
516020,516038,516545,18,507,2,7200,1.03550295858
516027,516046,516571,19,525,2,7200,1.03619047619
516034,516051,516589,17,538,2,7200,1.03159851301
516046,516058,516546,12,488,2,7200,1.02459016393
516047,516198,516709,151,511,2,7200,1.29549902153
516054,516356,516801,302,445,2,7200,1.67865168539
516197,516366,516875,169,509,2,7200,1.33202357564
516238,516245,516246,7,1,1,240,1.0
516284,516290,517110,6,820,1,3600,1.00731707317
516356,516371,516900,15,529,2,7200,1.02835538752
516363,516378,516948,15,570,2,7200,1.02631578947
516370,516387,516890,17,503,2,7200,1.0337972167
516377,516402,516886,25,484,2,7200,1.05165289256
516383,516411,516924,28,513,2,7200,1.05458089669
516401,516424,516943,23,519,2,7200,1.04431599229
516417,516468,517045,51,577,2,7200,1.0883882149
516424,516473,516952,49,479,2,7200,1.10229645094
516468,516480,517004,12,524,2,7200,1.02290076336
516469,516492,517059,23,567,2,7200,1.0405643739
516476,516531,517080,55,549,2,7200,1.10018214936
516488,516538,517050,50,512,2,7200,1.09765625
516532,516557,517064,25,507,2,7200,1.04930966469
516538,516564,517115,26,551,2,7200,1.04718693285
516555,516569,517083,14,514,2,7200,1.02723735409
516562,516576,517084,14,508,2,7200,1.02755905512
516569,516581,517131,12,550,2,7200,1.02181818182
516575,516588,517118,13,530,2,7200,1.02452830189
516577,516593,517138,16,545,2,7200,1.02935779817
516584,516600,517101,16,501,2,7200,1.03193612774
516591,516605,517160,14,555,2,7200,1.02522522523
516598,516612,517158,14,546,2,7200,1.02564102564
516615,516721,517251,106,530,2,7200,1.2
516617,516814,517349,197,535,2,7200,1.36822429907
516718,516838,517312,120,474,2,7200,1.25316455696
516814,516844,517358,30,514,2,7200,1.05836575875
516836,516887,517365,51,478,2,7200,1.10669456067
516852,516895,517404,43,509,2,7200,1.08447937132
516885,516902,517411,17,509,2,7200,1.03339882122
516902,516909,517384,7,475,2,7200,1.01473684211
516904,516916,517451,12,535,2,7200,1.02242990654
516906,516921,517428,15,507,2,7200,1.02958579882
516912,516927,517429,15,502,2,7200,1.02988047809
516928,516935,517436,7,501,2,7200,1.01397205589
516947,516954,517500,7,546,2,7200,1.01282051282
516963,516970,517479,7,509,2,7200,1.0137524558
516964,516977,517520,13,543,2,7200,1.02394106814
517008,517014,517508,6,494,2,7200,1.01214574899
517048,517055,517614,7,559,2,7200,1.01252236136
517064,517071,517592,7,521,2,7200,1.01343570058
517066,517078,517567,12,489,2,7200,1.0245398773
517068,517083,517581,15,498,2,7200,1.03012048193
517084,517091,517620,7,529,2,7200,1.01323251418
517086,517098,517603,12,505,2,7200,1.02376237624
517103,517110,517617,7,507,2,7200,1.01380670611
517104,517117,517606,13,489,2,7200,1.02658486708
517121,517127,517643,6,516,2,7200,1.01162790698
517122,517134,517677,12,543,2,7200,1.02209944751
517138,517146,517637,8,491,2,7200,1.01629327902
517154,517161,517664,7,503,2,7200,1.01391650099
517170,517176,517704,6,528,2,7200,1.01136363636
517171,517183,517685,12,502,2,7200,1.02390438247
517254,517260,517790,6,530,2,7200,1.01132075472
517316,517322,517878,6,556,2,7200,1.01079136691
517353,517359,517891,6,532,2,7200,1.01127819549
517369,517376,517848,7,472,2,7200,1.01483050847
517370,517382,517883,12,501,2,7200,1.02395209581
517386,517393,517939,7,546,2,7200,1.01282051282
517408,517415,517939,7,524,2,7200,1.01335877863
517423,517431,517894,8,463,2,7200,1.01727861771
517439,517446,518013,7,567,2,7200,1.01234567901
517441,517453,518015,12,562,2,7200,1.02135231317
517443,517458,518000,15,542,2,7200,1.02767527675
517458,517465,517976,7,511,2,7200,1.01369863014
517483,517490,518053,7,563,2,7200,1.01243339254
517502,517509,518007,7,498,2,7200,1.0140562249
517517,517524,518019,7,495,2,7200,1.01414141414
517533,517540,518087,7,547,2,7200,1.01279707495
517570,517577,518084,7,507,2,7200,1.01380670611
517585,517593,518112,8,519,2,7200,1.01541425819
517601,517607,518113,6,506,2,7200,1.01185770751
517617,517623,518102,6,479,2,7200,1.01252609603
517619,517631,518176,12,545,2,7200,1.02201834862
517621,517636,518087,15,451,2,7200,1.0332594235
517627,517644,518146,17,502,2,7200,1.03386454183
517644,517651,518150,7,499,2,7200,1.01402805611
517646,517658,518161,12,503,2,7200,1.02385685885
517648,517663,518174,15,511,2,7200,1.02935420744
517667,517674,518219,7,545,2,7200,1.0128440367
517682,517689,518223,7,534,2,7200,1.01310861423
517698,517704,518230,6,526,2,7200,1.01140684411
517713,517721,518195,8,474,2,7200,1.01687763713
517793,517799,518335,6,536,2,7200,1.01119402985
517851,517858,518394,7,536,2,7200,1.01305970149
517882,517889,518391,7,502,2,7200,1.01394422311
517898,517905,518405,7,500,2,7200,1.014
517900,517911,518433,11,522,2,7200,1.02107279693
517901,517917,518428,16,511,2,7200,1.0313111546
517936,517942,518480,6,538,2,7200,1.01115241636
517938,517950,518484,12,534,2,7200,1.02247191011
517978,517985,518501,7,516,2,7200,1.01356589147
518002,518099,518605,97,506,2,7200,1.19169960474
518019,518158,518692,139,534,2,7200,1.26029962547
518099,518165,518677,66,512,2,7200,1.12890625
518158,518186,518704,28,518,2,7200,1.05405405405
518177,518207,518720,30,513,2,7200,1.05847953216
518184,518231,518701,47,470,2,7200,1.1
518206,518238,518789,32,551,2,7200,1.05807622505
518229,518245,518736,16,491,2,7200,1.03258655804
518236,518347,518868,111,521,2,7200,1.21305182342
518242,518403,518937,161,534,2,7200,1.30149812734
518343,518410,518911,67,501,2,7200,1.13373253493
518403,518419,518946,16,527,2,7200,1.03036053131
518410,518439,518945,29,506,2,7200,1.05731225296
518416,518447,519008,31,561,2,7200,1.05525846702
518439,518492,519015,53,523,2,7200,1.10133843212
518446,518499,519049,53,550,2,7200,1.09636363636
518489,518513,519065,24,552,2,7200,1.04347826087
518507,518617,519152,110,535,2,7200,1.20560747664
518508,518689,519219,181,530,2,7200,1.34150943396
518615,518706,519234,91,528,2,7200,1.17234848485
518684,518713,519267,29,554,2,7200,1.0523465704
518702,518720,519262,18,542,2,7200,1.0332103321
518708,518732,519239,24,507,2,7200,1.04733727811
518715,518749,519286,34,537,2,7200,1.06331471136
518727,518801,519347,74,546,2,7200,1.13553113553
518745,518880,519398,135,518,2,7200,1.26061776062
518799,518923,519472,124,549,2,7200,1.22586520947
518879,518950,519445,71,495,2,7200,1.14343434343
518893,518900,519781,7,881,1,3600,1.00794551646
518923,518957,519454,34,497,2,7200,1.06841046278
518945,518964,519470,19,506,2,7200,1.03754940711
518962,519021,519521,59,500,2,7200,1.118
518964,519028,519591,64,563,2,7200,1.11367673179
519018,519061,519588,43,527,2,7200,1.08159392789
519025,519077,519622,52,545,2,7200,1.09541284404
519058,519128,519630,70,502,2,7200,1.13944223108
519075,519164,519687,89,523,2,7200,1.17017208413
519124,519232,519800,108,568,2,7200,1.19014084507
519162,519247,519773,85,526,2,7200,1.16159695817
519232,519254,519814,22,560,2,7200,1.03928571429
519244,519274,519769,30,495,2,7200,1.06060606061
519251,519281,519767,30,486,2,7200,1.06172839506
519274,519298,519808,24,510,2,7200,1.04705882353
519281,519360,519887,79,527,2,7200,1.14990512334
519298,519410,519957,112,547,2,7200,1.20475319927
519357,519458,519998,101,540,2,7200,1.18703703704
519406,519467,520043,61,576,2,7200,1.10590277778
519454,519483,519991,29,508,2,7200,1.05708661417
519467,519490,520019,23,529,2,7200,1.04347826087
519479,519539,520009,60,470,2,7200,1.12765957447
519486,519544,520056,58,512,2,7200,1.11328125
519510,551376,578837,31866,27461,48,32400,2.16040930775
519540,519551,520050,11,499,2,7200,1.02204408818
519541,519556,520128,15,572,2,7200,1.02622377622
519548,519601,520089,53,488,2,7200,1.10860655738
519555,519608,520134,53,526,2,7200,1.10076045627
519604,519633,520161,29,528,2,7200,1.05492424242
519606,519642,520120,36,478,2,7200,1.07531380753
519634,519700,520248,66,548,2,7200,1.1204379562
519640,519779,520290,139,511,2,7200,1.27201565558
519700,519786,520315,86,529,2,7200,1.16257088847
519775,519791,520316,16,525,2,7200,1.03047619048
519782,519812,520278,30,466,2,7200,1.0643776824
519788,519820,520338,32,518,2,7200,1.06177606178
519811,519827,520351,16,524,2,7200,1.03053435115
519828,519898,520439,70,541,2,7200,1.12939001848
519829,519930,520449,101,519,2,7200,1.19460500963
519894,519970,520457,76,487,2,7200,1.15605749487
519927,520003,520535,76,532,2,7200,1.14285714286
519970,520011,520514,41,503,2,7200,1.08151093439
520003,520021,520567,18,546,2,7200,1.03296703297
520010,520031,520567,21,536,2,7200,1.03917910448
520017,520055,520567,38,512,2,7200,1.07421875
520029,520062,520577,33,515,2,7200,1.0640776699
520056,520069,520548,13,479,2,7200,1.02713987474
520058,520101,520634,43,533,2,7200,1.08067542214
520065,520132,520673,67,541,2,7200,1.12384473198
520097,520141,520685,44,544,2,7200,1.08088235294
520130,520148,520681,18,533,2,7200,1.03377110694
520137,520173,520697,36,524,2,7200,1.06870229008
520143,520261,520784,118,523,2,7200,1.22562141491
520171,520290,520831,119,541,2,7200,1.21996303142
520260,520301,520794,41,493,2,7200,1.0831643002
520287,520327,520854,40,527,2,7200,1.07590132827
520299,520334,520872,35,538,2,7200,1.06505576208
520327,520350,520875,23,525,2,7200,1.04380952381
520333,520363,520901,30,538,2,7200,1.05576208178
520346,520450,520982,104,532,2,7200,1.1954887218
520363,520461,521030,98,569,2,7200,1.17223198594
520452,520470,520944,18,474,2,7200,1.03797468354
520459,520526,521027,67,501,2,7200,1.13373253493
520465,520547,521101,82,554,2,7200,1.14801444043
520524,520560,521065,36,505,2,7200,1.07128712871
520547,520579,521068,32,489,2,7200,1.0654396728
520559,520584,521082,25,498,2,7200,1.05020080321
520576,520646,521190,70,544,2,7200,1.12867647059
520583,520685,521233,102,548,2,7200,1.18613138686
520647,520693,521234,46,541,2,7200,1.08502772643
520685,520700,521182,15,482,2,7200,1.03112033195
520692,520710,521284,18,574,2,7200,1.03135888502
520698,520796,521348,98,552,2,7200,1.17753623188
520710,520806,521306,96,500,2,7200,1.192
520795,520843,521377,48,534,2,7200,1.08988764045
520802,520866,521335,64,469,2,7200,1.13646055437
520840,520884,521407,44,523,2,7200,1.08413001912
520863,520891,521431,28,540,2,7200,1.05185185185
520886,520913,521428,27,515,2,7200,1.05242718447
520888,520957,521478,69,521,2,7200,1.13243761996
520910,520998,521483,88,485,2,7200,1.18144329897
520954,521039,521585,85,546,2,7200,1.15567765568
520997,521046,521552,49,506,2,7200,1.09683794466
521036,521077,521562,41,485,2,7200,1.08453608247
521042,521084,521640,42,556,2,7200,1.07553956835
521076,521094,521602,18,508,2,7200,1.03543307087
521082,521113,521665,31,552,2,7200,1.05615942029
521089,521194,521700,105,506,2,7200,1.20750988142
521111,521202,521706,91,504,2,7200,1.18055555556
521191,521245,521781,54,536,2,7200,1.10074626866
521198,521252,521794,54,542,2,7200,1.09963099631
521242,521296,521811,54,515,2,7200,1.10485436893
521248,521318,521878,70,560,2,7200,1.125
521292,521348,521848,56,500,2,7200,1.112
521314,521360,521910,46,550,2,7200,1.08363636364
521347,521389,521900,42,511,2,7200,1.08219178082
521359,521419,521976,60,557,2,7200,1.10771992819
521386,521441,521963,55,522,2,7200,1.10536398467
521414,521448,521983,34,535,2,7200,1.06355140187
521437,521490,522027,53,537,2,7200,1.09869646182
521444,521497,522028,53,531,2,7200,1.09981167608
521487,521564,522097,77,533,2,7200,1.14446529081
521494,521575,522092,81,517,2,7200,1.15667311412
521564,521596,522111,32,515,2,7200,1.06213592233
521571,521614,522114,43,500,2,7200,1.086
521593,521652,522192,59,540,2,7200,1.10925925926
521615,521677,522204,62,527,2,7200,1.11764705882
521648,521712,522278,64,566,2,7200,1.11307420495
521676,521719,522216,43,497,2,7200,1.08651911469
521709,521793,522325,84,532,2,7200,1.15789473684
521716,521806,522350,90,544,2,7200,1.16544117647
521791,521823,522329,32,506,2,7200,1.06324110672
521803,521860,522391,57,531,2,7200,1.10734463277
521820,521890,522404,70,514,2,7200,1.13618677043
521859,521912,522425,53,513,2,7200,1.10331384016
521891,521921,522447,30,526,2,7200,1.05703422053
521909,521976,522537,67,561,2,7200,1.11942959002
521921,521988,522489,67,501,2,7200,1.13373253493
521975,521995,522536,20,541,2,7200,1.03696857671
521987,522039,522570,52,531,2,7200,1.09792843691
521994,522046,522563,52,517,2,7200,1.10058027079
522037,522104,522629,67,525,2,7200,1.12761904762
522045,522111,522611,66,500,2,7200,1.132
522100,522124,522636,24,512,2,7200,1.046875
522118,522131,522644,13,513,2,7200,1.0253411306
522120,522204,522670,84,466,2,7200,1.18025751073
522126,522216,522760,90,544,2,7200,1.16544117647
522201,522228,522803,27,575,2,7200,1.04695652174
522214,522290,522834,76,544,2,7200,1.13970588235
522226,522337,522823,111,486,2,7200,1.22839506173
522290,522343,522826,53,483,2,7200,1.10973084886
522334,522362,522928,28,566,2,7200,1.04946996466
522340,522404,522888,64,484,2,7200,1.13223140496
522358,522416,522940,58,524,2,7200,1.1106870229
522401,522438,522971,37,533,2,7200,1.06941838649
522420,522458,522983,38,525,2,7200,1.07238095238
522437,522501,522999,64,498,2,7200,1.12851405622
522455,522547,523073,92,526,2,7200,1.17490494297
522498,522555,523092,57,537,2,7200,1.1061452514
522547,522575,523021,28,446,2,7200,1.06278026906
522554,522582,523078,28,496,2,7200,1.0564516129
522571,522624,523128,53,504,2,7200,1.10515873016
522578,522641,523162,63,521,2,7200,1.12092130518
522622,522647,523166,25,519,2,7200,1.04816955684
522639,522657,523193,18,536,2,7200,1.03358208955
522645,522683,523207,38,524,2,7200,1.07251908397
522652,522773,523306,121,533,2,7200,1.22701688555
522680,522815,523321,135,506,2,7200,1.26679841897
522771,522834,523361,63,527,2,7200,1.11954459203
522814,522842,523376,28,534,2,7200,1.05243445693
522832,522849,523353,17,504,2,7200,1.03373015873
522839,522901,523385,62,484,2,7200,1.12809917355
522846,522940,523438,94,498,2,7200,1.18875502008
522900,522952,523448,52,496,2,7200,1.10483870968
522938,522984,523518,46,534,2,7200,1.0861423221
522950,522995,523556,45,561,2,7200,1.08021390374
522983,523011,523558,28,547,2,7200,1.05118829982
522995,523033,523545,38,512,2,7200,1.07421875
523007,523085,523590,78,505,2,7200,1.15445544554
523030,523092,523626,62,534,2,7200,1.11610486891
523084,523104,523643,20,539,2,7200,1.03710575139
523091,523140,523663,49,523,2,7200,1.09369024857
523103,523175,523677,72,502,2,7200,1.14342629482
523140,523182,523706,42,524,2,7200,1.08015267176
523173,523204,523705,31,501,2,7200,1.0618762475
523180,523220,523723,40,503,2,7200,1.07952286282
523203,523318,523807,115,489,2,7200,1.23517382413
523220,523333,523852,113,519,2,7200,1.21772639692
523316,523365,523887,49,522,2,7200,1.0938697318
523334,523374,523881,40,507,2,7200,1.07889546351
523361,523381,523886,20,505,2,7200,1.0396039604
523374,523386,523895,12,509,2,7200,1.02357563851
523391,523398,523922,7,524,2,7200,1.01335877863
523393,523405,523936,12,531,2,7200,1.02259887006
523394,523450,524000,56,550,2,7200,1.10181818182
523401,523460,523959,59,499,2,7200,1.11823647295
523450,523530,524045,80,515,2,7200,1.15533980583
523457,523557,524040,100,483,2,7200,1.20703933747
523527,523568,524097,41,529,2,7200,1.0775047259
523555,523575,524096,20,521,2,7200,1.03838771593
523567,523601,524115,34,514,2,7200,1.06614785992
523573,523638,524170,65,532,2,7200,1.12218045113
523600,523656,524135,56,479,2,7200,1.11691022965
523633,523675,524225,42,550,2,7200,1.07636363636
523656,523689,524176,33,487,2,7200,1.06776180698
523673,523717,524232,44,515,2,7200,1.0854368932
523685,523724,524241,39,517,2,7200,1.07543520309
523713,523735,524233,22,498,2,7200,1.04417670683
523720,523819,524362,99,543,2,7200,1.18232044199
523738,523864,524358,126,494,2,7200,1.25506072874
523818,523893,524377,75,484,2,7200,1.15495867769
523862,523900,524423,38,523,2,7200,1.07265774379
523889,523905,524423,16,518,2,7200,1.03088803089
523896,523913,524462,17,549,2,7200,1.03096539162
523903,523934,524469,31,535,2,7200,1.05794392523
523910,523948,524442,38,494,2,7200,1.07692307692
523932,523971,524485,39,514,2,7200,1.07587548638
523944,524012,524573,68,561,2,7200,1.12121212121
523967,524052,524541,85,489,2,7200,1.17382413088
524010,524059,524582,49,523,2,7200,1.09369024857
524049,524108,524629,59,521,2,7200,1.113243762
524055,524114,524644,59,530,2,7200,1.11132075472
524104,524127,524669,23,542,2,7200,1.04243542435
524121,524148,524654,27,506,2,7200,1.05335968379
524123,524182,524744,59,562,2,7200,1.10498220641
524145,524189,524717,44,528,2,7200,1.08333333333
524178,524237,524753,59,516,2,7200,1.11434108527
524185,524244,524735,59,491,2,7200,1.12016293279
524234,524250,524741,16,491,2,7200,1.03258655804
524241,524257,524807,16,550,2,7200,1.02909090909
524248,524370,524897,122,527,2,7200,1.23149905123
524264,524377,524865,113,488,2,7200,1.23155737705
524370,524389,524948,19,559,2,7200,1.03398926655
524377,524434,524945,57,511,2,7200,1.11154598826
524390,524440,524949,50,509,2,7200,1.09823182711
524433,524454,524956,21,502,2,7200,1.04183266932
524440,524474,524977,34,503,2,7200,1.0675944334
524452,524480,525018,28,538,2,7200,1.05204460967
524474,524497,525039,23,542,2,7200,1.04243542435
524481,524553,525060,72,507,2,7200,1.14201183432
524493,524585,525110,92,525,2,7200,1.17523809524
524552,524595,525089,43,494,2,7200,1.08704453441
524585,524641,525152,56,511,2,7200,1.1095890411
524592,524656,525183,64,527,2,7200,1.12144212524
524641,524666,525211,25,545,2,7200,1.04587155963
524653,524681,525211,28,530,2,7200,1.05283018868
524670,524729,525282,59,553,2,7200,1.10669077758
524677,524747,525228,70,481,2,7200,1.14553014553
524726,524754,525260,28,506,2,7200,1.05533596838
524743,524761,525322,18,561,2,7200,1.0320855615
524750,524768,525286,18,518,2,7200,1.03474903475
524757,524819,525373,62,554,2,7200,1.1119133574
524764,524877,525388,113,511,2,7200,1.22113502935
524818,524909,525410,91,501,2,7200,1.18163672655
524876,524957,525462,81,505,2,7200,1.1603960396
524909,524969,525477,60,508,2,7200,1.11811023622
524953,524976,525511,23,535,2,7200,1.04299065421
524965,524989,525487,24,498,2,7200,1.04819277108
524972,525030,525556,58,526,2,7200,1.1102661597
524989,525052,525596,63,544,2,7200,1.11580882353
525027,525072,525554,45,482,2,7200,1.09336099585
525049,525101,525611,52,510,2,7200,1.10196078431
525071,525122,525597,51,475,2,7200,1.10736842105
525099,525165,525686,66,521,2,7200,1.12667946257
525122,525195,525695,73,500,2,7200,1.146
525165,525222,525736,57,514,2,7200,1.11089494163
525193,525227,525732,34,505,2,7200,1.06732673267
525221,525240,525738,19,498,2,7200,1.03815261044
525228,525272,525785,44,513,2,7200,1.08576998051
525244,525294,525786,50,492,2,7200,1.10162601626
525272,525301,525802,29,501,2,7200,1.05788423154
525289,525334,525851,45,517,2,7200,1.08704061896
525296,525385,525925,89,540,2,7200,1.16481481481
525329,525400,525926,71,526,2,7200,1.13498098859
525383,525422,525994,39,572,2,7200,1.06818181818
525395,525474,526010,79,536,2,7200,1.1473880597
525418,525490,526004,72,514,2,7200,1.14007782101
525471,525499,526010,28,511,2,7200,1.05479452055
525488,525523,526072,35,549,2,7200,1.06375227687
525495,525566,526099,71,533,2,7200,1.13320825516
525523,525573,526072,50,499,2,7200,1.1002004008
525561,525608,526186,47,578,2,7200,1.08131487889
525573,525614,526156,41,542,2,7200,1.07564575646
525606,525623,526131,17,508,2,7200,1.03346456693
525613,525697,526237,84,540,2,7200,1.15555555556
525629,525707,526197,78,490,2,7200,1.15918367347
525694,525745,526312,51,567,2,7200,1.08994708995
525706,525752,526251,46,499,2,7200,1.09218436874
525744,525757,526294,13,537,2,7200,1.02420856611
525751,525797,526298,46,501,2,7200,1.09181636727
525753,525804,526297,51,493,2,7200,1.10344827586
525796,525814,526300,18,486,2,7200,1.03703703704
525803,525863,526414,60,551,2,7200,1.10889292196
525819,525877,526388,58,511,2,7200,1.11350293542
525863,525883,526403,20,520,2,7200,1.03846153846
525875,525937,526492,62,555,2,7200,1.11171171171
525882,525944,526464,62,520,2,7200,1.11923076923
525936,526006,526505,70,499,2,7200,1.14028056112
525942,526012,526554,70,542,2,7200,1.12915129151
526002,526020,526526,18,506,2,7200,1.03557312253
526008,526027,526532,19,505,2,7200,1.03762376238
526025,526084,526615,59,531,2,7200,1.11111111111
526026,526089,526605,63,516,2,7200,1.12209302326
526080,526112,526615,32,503,2,7200,1.06361829026
526087,526143,526659,56,516,2,7200,1.10852713178
526110,526168,526661,58,493,2,7200,1.11764705882
526143,526198,526698,55,500,2,7200,1.11
526165,526210,526728,45,518,2,7200,1.08687258687
526198,526249,526820,51,571,2,7200,1.08931698774
526210,526263,526834,53,571,2,7200,1.09281961471
526248,526306,526800,58,494,2,7200,1.11740890688
526260,526313,526841,53,528,2,7200,1.10037878788
526304,526318,526834,14,516,2,7200,1.02713178295
526311,526325,526853,14,528,2,7200,1.02651515152
526328,526334,526856,6,522,2,7200,1.01149425287
526330,526400,526930,70,530,2,7200,1.1320754717
526331,526415,526880,84,465,2,7200,1.18064516129
526396,526426,526972,30,546,2,7200,1.05494505495
526413,526476,526961,63,485,2,7200,1.12989690722
526425,526504,527070,79,566,2,7200,1.13957597173
526474,526517,527049,43,532,2,7200,1.08082706767
526502,526538,527076,36,538,2,7200,1.06691449814
526519,526546,527105,27,559,2,7200,1.04830053667
526536,526566,527087,30,521,2,7200,1.0575815739
526543,526618,527120,75,502,2,7200,1.14940239044
526565,526627,527156,62,529,2,7200,1.11720226843
526614,526632,527131,18,499,2,7200,1.03607214429
526626,526671,527204,45,533,2,7200,1.08442776735
526642,526678,527205,36,527,2,7200,1.06831119545
526670,526710,527232,40,522,2,7200,1.07662835249
526677,526741,527233,64,492,2,7200,1.13008130081
526710,526813,527347,103,534,2,7200,1.19288389513
526738,526832,527347,94,515,2,7200,1.18252427184
526812,526846,527375,34,529,2,7200,1.06427221172
526829,526851,527361,22,510,2,7200,1.0431372549
526846,526858,527356,12,498,2,7200,1.02409638554
526848,526864,527381,16,517,2,7200,1.03094777563
526855,526871,527416,16,545,2,7200,1.02935779817
526861,526892,527449,31,557,2,7200,1.05565529623
526868,526943,527464,75,521,2,7200,1.14395393474
526890,526974,527448,84,474,2,7200,1.17721518987
526939,526984,527526,45,542,2,7200,1.08302583026
526972,527061,527566,89,505,2,7200,1.17623762376
526984,527082,527585,98,503,2,7200,1.19483101392
527059,527088,527666,29,578,2,7200,1.05017301038
527082,527099,527642,17,543,2,7200,1.03130755064
527098,527117,527629,19,512,2,7200,1.037109375
527100,527132,527626,32,494,2,7200,1.06477732794
527117,527143,527657,26,514,2,7200,1.05058365759
527129,527168,527678,39,510,2,7200,1.07647058824
527141,527216,527789,75,573,2,7200,1.13089005236
527164,527222,527720,58,498,2,7200,1.11646586345
527213,527244,527762,31,518,2,7200,1.05984555985
527229,527251,527759,22,508,2,7200,1.04330708661
527241,527359,527843,118,484,2,7200,1.24380165289
527247,527364,527841,117,477,2,7200,1.24528301887
527359,527371,527913,12,542,2,7200,1.0221402214
527361,527378,527865,17,487,2,7200,1.03490759754
527368,527388,527918,20,530,2,7200,1.03773584906
527384,527395,527918,11,523,2,7200,1.02103250478
527386,527428,527973,42,545,2,7200,1.07706422018
527393,527460,528006,67,546,2,7200,1.12271062271
527426,527467,528000,41,533,2,7200,1.07692307692
527459,527476,527942,17,466,2,7200,1.0364806867
527466,527538,528023,72,485,2,7200,1.14845360825
527473,527578,528134,105,556,2,7200,1.18884892086
527538,527597,528113,59,516,2,7200,1.11434108527
527581,527638,528153,57,515,2,7200,1.11067961165
527593,527645,528121,52,476,2,7200,1.10924369748
527637,527654,528187,17,533,2,7200,1.03189493433
527644,527669,528172,25,503,2,7200,1.04970178926
527651,527678,528178,27,500,2,7200,1.054
527668,527690,528191,22,501,2,7200,1.04391217565
527685,527733,528233,48,500,2,7200,1.096
527687,527771,528279,84,508,2,7200,1.16535433071
527730,527778,528233,48,455,2,7200,1.10549450549
527769,527801,528287,32,486,2,7200,1.0658436214
527776,527854,528350,78,496,2,7200,1.15725806452
527798,527860,528352,62,492,2,7200,1.12601626016
527852,527878,528371,26,493,2,7200,1.05273833671
527869,527925,528406,56,481,2,7200,1.11642411642
527876,527932,528444,56,512,2,7200,1.109375
527924,527937,528441,13,504,2,7200,1.02579365079
527931,527954,528448,23,494,2,7200,1.04655870445
527933,527985,528489,52,504,2,7200,1.10317460317
527950,528012,528548,62,536,2,7200,1.11567164179
527984,528019,528545,35,526,2,7200,1.06653992395
528010,528035,528531,25,496,2,7200,1.05040322581
528017,528125,528641,108,516,2,7200,1.20930232558
528035,528133,528635,98,502,2,7200,1.19521912351
528120,528146,528689,26,543,2,7200,1.04788213628
528132,528166,528672,34,506,2,7200,1.06719367589
528145,528184,528684,39,500,2,7200,1.078
528162,528190,528684,28,494,2,7200,1.05668016194
528184,528199,528725,15,526,2,7200,1.02851711027
528191,528206,528754,15,548,2,7200,1.02737226277
528198,528245,528803,47,558,2,7200,1.08422939068
528205,528252,528775,47,523,2,7200,1.08986615679
528243,528291,528849,48,558,2,7200,1.08602150538
528250,528300,528823,50,523,2,7200,1.09560229446
528288,528362,528908,74,546,2,7200,1.13553113553
528304,528369,528903,65,534,2,7200,1.12172284644
528358,528384,528888,26,504,2,7200,1.05158730159
528365,528418,528939,53,521,2,7200,1.10172744722
528382,528453,528928,71,475,2,7200,1.14947368421
528416,528460,528987,44,527,2,7200,1.0834914611
528449,528465,529011,16,546,2,7200,1.0293040293
528465,528502,529016,37,514,2,7200,1.0719844358
528466,528544,529042,78,498,2,7200,1.15662650602
528500,528557,529057,57,500,2,7200,1.114
528543,528564,529095,21,531,2,7200,1.0395480226
528555,528648,529177,93,529,2,7200,1.17580340265
528562,528655,529144,93,489,2,7200,1.19018404908
528647,528684,529189,37,505,2,7200,1.07326732673
528663,528696,529214,33,518,2,7200,1.06370656371
528681,528701,529191,20,490,2,7200,1.04081632653
528693,528708,529207,15,499,2,7200,1.03006012024
528700,528737,529274,37,537,2,7200,1.06890130354
528707,528767,529260,60,493,2,7200,1.12170385396
528734,528787,529303,53,516,2,7200,1.10271317829
528766,528815,529323,49,508,2,7200,1.09645669291
528784,528835,529333,51,498,2,7200,1.10240963855
528812,528861,529426,49,565,2,7200,1.08672566372
528834,528900,529424,66,524,2,7200,1.12595419847
528857,528915,529448,58,533,2,7200,1.10881801126
528900,528922,529479,22,557,2,7200,1.039497307
528918,528940,529408,22,468,2,7200,1.04700854701
528919,528951,529451,32,500,2,7200,1.064
528937,528968,529524,31,556,2,7200,1.05575539568
528949,528998,529544,49,546,2,7200,1.08974358974
528966,529023,529584,57,561,2,7200,1.10160427807
528999,529030,529560,31,530,2,7200,1.05849056604
529022,529054,529535,32,481,2,7200,1.06652806653
529038,529069,529589,31,520,2,7200,1.05961538462
529050,529107,529625,57,518,2,7200,1.11003861004
529067,529156,529640,89,484,2,7200,1.18388429752
529105,529190,529686,85,496,2,7200,1.17137096774
529154,529202,529692,48,490,2,7200,1.09795918367
529192,529208,529744,16,536,2,7200,1.02985074627
529199,529219,529755,20,536,2,7200,1.03731343284
529206,529226,529732,20,506,2,7200,1.0395256917
529218,529273,529773,55,500,2,7200,1.11
529225,529286,529798,61,512,2,7200,1.119140625
529269,529315,529799,46,484,2,7200,1.09504132231
529286,529335,529862,49,527,2,7200,1.09297912713
529313,529345,529876,32,531,2,7200,1.06026365348
529335,529420,529984,85,564,2,7200,1.15070921986
529342,529436,529941,94,505,2,7200,1.18613861386
529417,529443,529971,26,528,2,7200,1.04924242424
529435,529460,529984,25,524,2,7200,1.04770992366
529452,529467,530004,15,537,2,7200,1.02793296089
529458,529492,530009,34,517,2,7200,1.06576402321
529465,529536,530067,71,531,2,7200,1.13370998117
529488,529547,530045,59,498,2,7200,1.11847389558
529531,529556,530076,25,520,2,7200,1.04807692308
529543,529572,530123,29,551,2,7200,1.05263157895
529556,529596,530080,40,484,2,7200,1.0826446281
529572,529603,530093,31,490,2,7200,1.06326530612
529594,529637,530176,43,539,2,7200,1.07977736549
529601,529653,530140,52,487,2,7200,1.1067761807
529634,529699,530200,65,501,2,7200,1.12974051896
529652,529706,530199,54,493,2,7200,1.10953346856
529699,529744,530292,45,548,2,7200,1.08211678832
529706,529757,530306,51,549,2,7200,1.09289617486
529744,529767,530283,23,516,2,7200,1.04457364341
529757,529785,530322,28,537,2,7200,1.052141527
529763,529810,530317,47,507,2,7200,1.09270216963
529781,529816,530389,35,573,2,7200,1.06108202443
529808,529873,530337,65,464,2,7200,1.1400862069
529814,529953,530444,139,491,2,7200,1.28309572301
529874,529983,530487,109,504,2,7200,1.21626984127
529949,529995,530511,46,516,2,7200,1.08914728682
529982,530000,530523,18,523,2,7200,1.034416826
529994,530021,530535,27,514,2,7200,1.05252918288
530011,530057,530571,46,514,2,7200,1.08949416342
530017,530092,530629,75,537,2,7200,1.13966480447
530056,530105,530611,49,506,2,7200,1.09683794466
530089,530136,530638,47,502,2,7200,1.09362549801
530101,530152,530673,51,521,2,7200,1.09788867562
530134,530211,530731,77,520,2,7200,1.14807692308
530151,530218,530767,67,549,2,7200,1.12204007286
530211,530223,530778,12,555,2,7200,1.02162162162
530228,530235,530772,7,537,2,7200,1.01303538175
530230,530295,530801,65,506,2,7200,1.12845849802
530231,530304,530852,73,548,2,7200,1.13321167883
530291,530318,530864,27,546,2,7200,1.04945054945
530303,530334,530857,31,523,2,7200,1.05927342256
530315,530348,530883,33,535,2,7200,1.06168224299
530332,530402,530913,70,511,2,7200,1.13698630137
530344,530456,530961,112,505,2,7200,1.22178217822
530398,530499,531000,101,501,2,7200,1.20159680639
530452,530524,531049,72,525,2,7200,1.13714285714
530501,530534,531061,33,527,2,7200,1.06261859583
530524,530547,531032,23,485,2,7200,1.04742268041
530530,530584,531062,54,478,2,7200,1.1129707113
530542,530624,531157,82,533,2,7200,1.15384615385
530553,530561,530568,8,7,1,1800,1.5
530581,530641,531181,60,540,2,7200,1.11111111111
530624,530650,531188,26,538,2,7200,1.04832713755
530642,530685,531215,43,530,2,7200,1.08113207547
530648,530743,531259,95,516,2,7200,1.18410852713
530681,530779,531313,98,534,2,7200,1.18352059925
530704,530710,530791,6,81,1,1800,1.07407407407
530746,530786,531364,40,578,2,7200,1.06920415225
530774,530793,531280,19,487,2,7200,1.03901437372
530786,530813,531388,27,575,2,7200,1.04695652174
530793,530863,531388,70,525,2,7200,1.13333333333
530811,530870,531359,59,489,2,7200,1.12065439673
530859,530877,531374,18,497,2,7200,1.03621730382
530866,530895,531397,29,502,2,7200,1.0577689243
530873,530925,531414,52,489,2,7200,1.1063394683
530890,530973,531500,83,527,2,7200,1.15749525617
530923,531012,531550,89,538,2,7200,1.16542750929
530972,531044,531556,72,512,2,7200,1.140625
530983,530989,531083,6,94,1,1800,1.06382978723
531010,531061,531603,51,542,2,7200,1.09409594096
531043,531073,531578,30,505,2,7200,1.05940594059
531061,531080,531602,19,522,2,7200,1.03639846743
531073,531169,531671,96,502,2,7200,1.19123505976
531080,531193,531726,113,533,2,7200,1.21200750469
531165,531199,531745,34,546,2,7200,1.06227106227
531193,531227,531738,34,511,2,7200,1.06653620352
531209,531272,531795,63,523,2,7200,1.12045889101
531226,531292,531765,66,473,2,7200,1.13953488372
531270,531326,531835,56,509,2,7200,1.11001964637
531293,531371,531947,78,576,2,7200,1.13541666667
531326,531378,531921,52,543,2,7200,1.09576427256
531369,531387,531905,18,518,2,7200,1.03474903475
531376,531399,531893,23,494,2,7200,1.04655870445
531383,531405,531900,22,495,2,7200,1.04444444444
531395,531412,531894,17,482,2,7200,1.03526970954
531413,531426,531928,13,502,2,7200,1.02589641434
531415,531512,532030,97,518,2,7200,1.18725868726
531422,531562,532091,140,529,2,7200,1.26465028355
531512,531569,532140,57,571,2,7200,1.09982486865
531537,531543,531740,6,197,1,1800,1.03045685279
531561,531590,532088,29,498,2,7200,1.05823293173
531568,531615,532149,47,534,2,7200,1.08801498127
531590,531620,532137,30,517,2,7200,1.0580270793
531613,531684,532167,71,483,2,7200,1.14699792961
531620,531738,532292,118,554,2,7200,1.21299638989
531684,531750,532270,66,520,2,7200,1.12692307692
531738,531757,532246,19,489,2,7200,1.03885480573
531750,531777,532286,27,509,2,7200,1.05304518664
531757,531807,532344,50,537,2,7200,1.09310986965
531775,531848,532340,73,492,2,7200,1.14837398374
531803,531905,532432,102,527,2,7200,1.1935483871
531846,531912,532429,66,517,2,7200,1.12765957447
531905,531917,532431,12,514,2,7200,1.0233463035
531912,531924,532473,12,549,2,7200,1.0218579235
531914,531934,532430,20,496,2,7200,1.04032258065
531921,531941,532424,20,483,2,7200,1.04140786749
531938,531960,532461,22,501,2,7200,1.04391217565
531940,532042,532570,102,528,2,7200,1.19318181818
531957,532100,532610,143,510,2,7200,1.28039215686
532037,532107,532633,70,526,2,7200,1.13307984791
532096,532149,532640,53,491,2,7200,1.10794297352
532103,532156,532614,53,458,2,7200,1.11572052402
532147,532162,532726,15,564,2,7200,1.02659574468
532154,532178,532731,24,553,2,7200,1.04339963834
532161,532258,532807,97,549,2,7200,1.1766848816
532178,532282,532784,104,502,2,7200,1.20717131474
532257,532298,532866,41,568,2,7200,1.07218309859
532280,532305,532814,25,509,2,7200,1.04911591356
532297,532352,532878,55,526,2,7200,1.10456273764
532304,532358,532866,54,508,2,7200,1.1062992126
532347,532437,532930,90,493,2,7200,1.18255578093
532354,532444,532952,90,508,2,7200,1.17716535433
532384,547158,547165,14774,7,1,1800,1478.1
532434,532449,532981,15,532,2,7200,1.02819548872
532441,532456,532943,15,487,2,7200,1.03080082136
532448,532461,532946,13,485,2,7200,1.02680412371
532466,532472,533002,6,530,2,7200,1.01132075472
532467,532485,532997,18,512,2,7200,1.03515625
532469,532582,533080,113,498,2,7200,1.22690763052
532481,532622,533150,141,528,2,7200,1.26704545455
532582,532629,533161,47,532,2,7200,1.08834586466
532620,532646,533145,26,499,2,7200,1.05210420842
532627,532653,533179,26,526,2,7200,1.04942965779
532645,532738,533247,93,509,2,7200,1.18271119843
532651,532745,533249,94,504,2,7200,1.18650793651
532737,532797,533306,60,509,2,7200,1.11787819253
532744,532819,533305,75,486,2,7200,1.15432098765
532797,532825,533327,28,502,2,7200,1.05577689243
532814,532877,533384,63,507,2,7200,1.12426035503
532821,532883,533449,62,566,2,7200,1.10954063604
532876,532891,533402,15,511,2,7200,1.02935420744
532883,532942,533493,59,551,2,7200,1.10707803993
532890,532955,533476,65,521,2,7200,1.12476007678
532938,532962,533521,24,559,2,7200,1.04293381038
532951,532969,533427,18,458,2,7200,1.03930131004
532957,532993,533499,36,506,2,7200,1.07114624506
532974,533009,533542,35,533,2,7200,1.06566604128
532991,533016,533563,25,547,2,7200,1.04570383912
533009,533092,533649,83,557,2,7200,1.14901256732
533015,533157,533682,142,525,2,7200,1.27047619048
533090,533164,533658,74,494,2,7200,1.14979757085
533155,533173,533644,18,471,2,7200,1.03821656051
533162,533191,533743,29,552,2,7200,1.05253623188
533168,533258,533738,90,480,2,7200,1.1875
533191,533266,533800,75,534,2,7200,1.1404494382
533261,533317,533801,56,484,2,7200,1.11570247934
533263,533323,533844,60,521,2,7200,1.11516314779
533317,533340,533860,23,520,2,7200,1.04423076923
533319,533397,533937,78,540,2,7200,1.14444444444
533336,533414,533931,78,517,2,7200,1.15087040619
533395,533438,533973,43,535,2,7200,1.08037383178
533412,533461,533949,49,488,2,7200,1.10040983607
533435,533488,533986,53,498,2,7200,1.10642570281
533457,533505,533995,48,490,2,7200,1.09795918367
533485,533512,534020,27,508,2,7200,1.0531496063
533509,533533,534080,24,547,2,7200,1.04387568556
533510,533556,534066,46,510,2,7200,1.09019607843
533533,533575,534092,42,517,2,7200,1.08123791103
533555,533656,534180,101,524,2,7200,1.1927480916
533573,533663,534119,90,456,2,7200,1.19736842105
533653,533670,534175,17,505,2,7200,1.03366336634
533659,533694,534207,35,513,2,7200,1.06822612086
533666,533750,534275,84,525,2,7200,1.16
533694,533757,534297,63,540,2,7200,1.11666666667
533748,533812,534306,64,494,2,7200,1.12955465587
533764,533819,534351,55,532,2,7200,1.10338345865
533808,533856,534369,48,513,2,7200,1.09356725146
533814,533872,534397,58,525,2,7200,1.11047619048
533852,533944,534486,92,542,2,7200,1.16974169742
533870,533951,534490,81,539,2,7200,1.15027829314
533939,533961,534478,22,517,2,7200,1.04255319149
533946,533986,534502,40,516,2,7200,1.07751937984
533958,533998,534497,40,499,2,7200,1.08016032064
533986,534007,534490,21,483,2,7200,1.04347826087
534003,534032,534557,29,525,2,7200,1.05523809524
534004,534078,534607,74,529,2,7200,1.13988657845
534032,534092,534550,60,458,2,7200,1.13100436681
534076,534104,534645,28,541,2,7200,1.05175600739
534088,534131,534661,43,530,2,7200,1.08113207547
534100,534188,534695,88,507,2,7200,1.17357001972
534128,534195,534743,67,548,2,7200,1.12226277372
534187,534220,534718,33,498,2,7200,1.06626506024
534194,534287,534798,93,511,2,7200,1.18199608611
534216,534309,534783,93,474,2,7200,1.19620253165
534285,534318,534855,33,537,2,7200,1.06145251397
534308,534363,534922,55,559,2,7200,1.09838998211
534315,534381,534913,66,532,2,7200,1.12406015038
534358,534409,534947,51,538,2,7200,1.09479553903
534381,534490,535053,109,563,2,7200,1.19360568384
534409,534499,534999,90,500,2,7200,1.18
534489,534506,535029,17,523,2,7200,1.03250478011
534496,534511,535060,15,549,2,7200,1.02732240437
534502,534518,535043,16,525,2,7200,1.03047619048
534520,534526,535047,6,521,2,7200,1.01151631478
534521,534562,535085,41,523,2,7200,1.07839388145
534523,534568,535074,45,506,2,7200,1.08893280632
534561,534619,535115,58,496,2,7200,1.11693548387
534568,534657,535184,89,527,2,7200,1.16888045541
534617,534673,535184,56,511,2,7200,1.1095890411
534655,534707,535237,52,530,2,7200,1.09811320755
534673,534731,535317,58,586,2,7200,1.09897610922
534706,534755,535255,49,500,2,7200,1.098
534729,534796,535345,67,549,2,7200,1.12204007286
534751,534810,535339,59,529,2,7200,1.11153119093
534794,534867,535396,73,529,2,7200,1.13799621928
534806,534925,535402,119,477,2,7200,1.24947589099
534866,534934,535491,68,557,2,7200,1.12208258528
534925,534960,535478,35,518,2,7200,1.06756756757
534932,535012,535517,80,505,2,7200,1.15841584158
534960,535042,535560,82,518,2,7200,1.1583011583
535008,535056,535597,48,541,2,7200,1.0887245841
535042,535063,535571,21,508,2,7200,1.04133858268
535054,535070,535641,16,571,2,7200,1.02802101576
535071,535077,535626,6,549,2,7200,1.01092896175
535072,535086,535563,14,477,2,7200,1.02935010482
535074,535097,535596,23,499,2,7200,1.04609218437
535086,535127,535630,41,503,2,7200,1.08151093439
535093,535196,535696,103,500,2,7200,1.206
535126,535201,535733,75,532,2,7200,1.14097744361
535196,535249,535757,53,508,2,7200,1.10433070866
535197,535267,535834,70,567,2,7200,1.12345679012
535246,535329,535850,83,521,2,7200,1.15930902111
535264,535351,535836,87,485,2,7200,1.1793814433
535328,535358,535832,30,474,2,7200,1.06329113924
535350,535408,535951,58,543,2,7200,1.10681399632
535357,535415,535915,58,500,2,7200,1.116
535406,535491,536009,85,518,2,7200,1.16409266409
535412,535503,536050,91,547,2,7200,1.16636197441
535487,535529,536032,42,503,2,7200,1.08349900596
535500,535572,536096,72,524,2,7200,1.13740458015
535527,535579,536104,52,525,2,7200,1.09904761905
535571,535586,536039,15,453,2,7200,1.03311258278
535578,535608,536120,30,512,2,7200,1.05859375
535585,535615,536125,30,510,2,7200,1.05882352941
535607,535638,536130,31,492,2,7200,1.06300813008
535613,535644,536216,31,572,2,7200,1.0541958042
535636,535653,536145,17,492,2,7200,1.03455284553
535643,535708,536217,65,509,2,7200,1.12770137525
535650,535745,536265,95,520,2,7200,1.18269230769
535704,535769,536296,65,527,2,7200,1.12333965844
535742,535844,536343,102,499,2,7200,1.20440881764
535764,535851,536365,87,514,2,7200,1.16926070039
535839,535856,536385,17,529,2,7200,1.03213610586
535851,535863,536367,12,504,2,7200,1.02380952381
535868,535927,536455,59,528,2,7200,1.11174242424
535869,535963,536513,94,550,2,7200,1.17090909091
535923,536020,536579,97,559,2,7200,1.17352415027
535962,536044,536525,82,481,2,7200,1.17047817048
536021,536051,536596,30,545,2,7200,1.05504587156
536043,536062,536625,19,563,2,7200,1.03374777975
536050,536109,536622,59,513,2,7200,1.11500974659
536062,536115,536592,53,477,2,7200,1.11111111111
536106,536132,536680,26,548,2,7200,1.04744525547
536112,536138,536645,26,507,2,7200,1.05128205128
536129,536145,536651,16,506,2,7200,1.03162055336
536136,536157,536675,21,518,2,7200,1.04054054054
536143,536228,536734,85,506,2,7200,1.16798418972
536155,536233,536770,78,537,2,7200,1.14525139665
536225,536277,536789,52,512,2,7200,1.1015625
536231,536308,536813,77,505,2,7200,1.15247524752
536275,536355,536873,80,518,2,7200,1.15444015444
536308,536377,536891,69,514,2,7200,1.13424124514
536351,536384,536924,33,540,2,7200,1.06111111111
536374,536397,536875,23,478,2,7200,1.04811715481
536390,536468,537034,78,566,2,7200,1.13780918728
536397,536525,537024,128,499,2,7200,1.25651302605
536467,536538,537053,71,515,2,7200,1.13786407767
536521,536591,537078,70,487,2,7200,1.14373716632
536538,536604,537117,66,513,2,7200,1.12865497076
536587,536611,537158,24,547,2,7200,1.04387568556
536604,536634,537132,30,498,2,7200,1.06024096386
536611,536641,537157,30,516,2,7200,1.05813953488
536634,536657,537196,23,539,2,7200,1.0426716141
536640,536664,537192,24,528,2,7200,1.04545454545
536658,536687,537221,29,534,2,7200,1.0543071161
536664,536693,537174,29,481,2,7200,1.06029106029
536687,536746,537223,59,477,2,7200,1.12368972746
536694,536782,537287,88,505,2,7200,1.17425742574
536743,536801,537277,58,476,2,7200,1.1218487395
536781,536825,537350,44,525,2,7200,1.08380952381
536798,536885,537407,87,522,2,7200,1.16666666667
536821,536892,537430,71,538,2,7200,1.13197026022
536880,536903,537430,23,527,2,7200,1.04364326376
536892,536937,537477,45,540,2,7200,1.08333333333
536908,537036,537576,128,540,2,7200,1.23703703704
536936,537046,537516,110,470,2,7200,1.23404255319
537032,537066,537578,34,512,2,7200,1.06640625
537044,537090,537571,46,481,2,7200,1.09563409563
537062,537128,537628,66,500,2,7200,1.132
537090,537144,537655,54,511,2,7200,1.10567514677
537128,537169,537723,41,554,2,7200,1.07400722022
537140,537176,537673,36,497,2,7200,1.07243460765
537168,537187,537685,19,498,2,7200,1.03815261044
537184,537204,537767,20,563,2,7200,1.03552397869
537186,537211,537717,25,506,2,7200,1.04940711462
537203,537233,537740,30,507,2,7200,1.05917159763
537210,537239,537769,29,530,2,7200,1.05471698113
537233,537289,537800,56,511,2,7200,1.1095890411
537240,537299,537842,59,543,2,7200,1.10865561694
537288,537363,537881,75,518,2,7200,1.14478764479
537295,537419,537925,124,506,2,7200,1.24505928854
537360,537443,537991,83,548,2,7200,1.15145985401
537419,537448,537953,29,505,2,7200,1.05742574257
537441,537489,537992,48,503,2,7200,1.09542743539
537448,537528,538001,80,473,2,7200,1.16913319239
537486,537583,538081,97,498,2,7200,1.19477911647
537524,537590,538115,66,525,2,7200,1.12571428571
537578,537595,538107,17,512,2,7200,1.033203125
537585,537640,538141,55,501,2,7200,1.10978043912
537592,537666,538187,74,521,2,7200,1.14203454894
537641,537686,538215,45,529,2,7200,1.08506616257
537663,537698,538187,35,489,2,7200,1.07157464213
537686,537729,538237,43,508,2,7200,1.08464566929
537703,537736,538223,33,487,2,7200,1.06776180698
537725,537752,538295,27,543,2,7200,1.04972375691
537732,537779,538270,47,491,2,7200,1.09572301426
537749,537786,538301,37,515,2,7200,1.07184466019
537777,537812,538374,35,562,2,7200,1.06227758007
537784,537855,538370,71,515,2,7200,1.13786407767
537812,537893,538374,81,481,2,7200,1.1683991684
537850,537937,538451,87,514,2,7200,1.16926070039
537888,537965,538487,77,522,2,7200,1.14750957854
537937,538003,538531,66,528,2,7200,1.125
537964,538009,538544,45,535,2,7200,1.08411214953
538003,538016,538539,13,523,2,7200,1.02485659656
538010,538093,538635,83,542,2,7200,1.15313653137
538011,538119,538634,108,515,2,7200,1.20970873786
538091,538127,538624,36,497,2,7200,1.07243460765
538119,538153,538658,34,505,2,7200,1.06732673267
538126,538199,538694,73,495,2,7200,1.14747474747
538149,538204,538705,55,501,2,7200,1.10978043912
538197,538228,538731,31,503,2,7200,1.06163021869
538204,538234,538788,30,554,2,7200,1.05415162455
538226,538250,538717,24,467,2,7200,1.05139186296
538233,538282,538822,49,540,2,7200,1.09074074074
538245,538307,538797,62,490,2,7200,1.12653061224
538279,538314,538860,35,546,2,7200,1.0641025641
538283,547164,547250,8881,86,1,1800,104.26744186
538307,538382,538892,75,510,2,7200,1.14705882353
538313,538389,538936,76,547,2,7200,1.13893967093
538378,538394,538913,16,519,2,7200,1.03082851638
538385,538463,538993,78,530,2,7200,1.14716981132
538401,538499,538962,98,463,2,7200,1.21166306695
538461,538543,539053,82,510,2,7200,1.16078431373
538499,538551,539051,52,500,2,7200,1.104
538542,538558,539069,16,511,2,7200,1.0313111546
538549,547137,550772,8588,3635,11,3600,3.36258596974
538549,538636,539157,87,521,2,7200,1.1669865643
538556,538646,539172,90,526,2,7200,1.1711026616
538637,538653,539219,16,566,2,7200,1.02826855124
538643,538670,539189,27,519,2,7200,1.05202312139
538650,538706,539241,56,535,2,7200,1.1046728972
538673,538717,539208,44,491,2,7200,1.08961303462
538707,538729,539293,22,564,2,7200,1.0390070922
538713,538743,539261,30,518,2,7200,1.05791505792
538726,538801,539335,75,534,2,7200,1.1404494382
538743,538810,539390,67,580,2,7200,1.11551724138
538797,538834,539369,37,535,2,7200,1.0691588785
538809,538873,539409,64,536,2,7200,1.11940298507
538832,538904,539404,72,500,2,7200,1.144
538870,538925,539397,55,472,2,7200,1.11652542373
538903,538948,539470,45,522,2,7200,1.08620689655
538925,538974,539489,49,515,2,7200,1.09514563107
538948,539005,539527,57,522,2,7200,1.1091954023
538971,539063,539634,92,571,2,7200,1.16112084063
539004,539069,539519,65,450,2,7200,1.14444444444
539063,539080,539631,17,551,2,7200,1.03085299456
539070,539169,539670,99,501,2,7200,1.19760479042
539077,539184,539738,107,554,2,7200,1.19314079422
539167,539201,539766,34,565,2,7200,1.06017699115
539184,539220,539715,36,495,2,7200,1.07272727273
539201,539232,539743,31,511,2,7200,1.06066536204
539219,539253,539785,34,532,2,7200,1.06390977444
539231,539274,539789,43,515,2,7200,1.08349514563
539253,539305,539837,52,532,2,7200,1.0977443609
539270,539347,539813,77,466,2,7200,1.1652360515
539303,539381,539897,78,516,2,7200,1.1511627907
539347,539402,539910,55,508,2,7200,1.10826771654
539380,539408,539903,28,495,2,7200,1.05656565657
539402,539417,539937,15,520,2,7200,1.02884615385
539404,539424,539952,20,528,2,7200,1.03787878788
539416,539482,539997,66,515,2,7200,1.12815533981
539422,539501,539996,79,495,2,7200,1.1595959596
539482,539531,540051,49,520,2,7200,1.09423076923
539499,539540,540099,41,559,2,7200,1.07334525939
539527,539643,540155,116,512,2,7200,1.2265625
539539,539650,540163,111,513,2,7200,1.21637426901
539640,539682,540206,42,524,2,7200,1.08015267176
539646,539727,540275,81,548,2,7200,1.14781021898
539685,539750,540235,65,485,2,7200,1.13402061856
539723,539757,540317,34,560,2,7200,1.06071428571
539746,539778,540334,32,556,2,7200,1.05755395683
539753,539796,540308,43,512,2,7200,1.083984375
539775,539804,540315,29,511,2,7200,1.05675146771
539793,539826,540343,33,517,2,7200,1.06382978723
539799,539850,540387,51,537,2,7200,1.09497206704
539822,539910,540477,88,567,2,7200,1.15520282187
539850,539917,540457,67,540,2,7200,1.12407407407
539909,539924,540465,15,541,2,7200,1.02772643253
539916,539949,540484,33,535,2,7200,1.06168224299
539923,539964,540486,41,522,2,7200,1.0785440613
539946,540008,540549,62,541,2,7200,1.1146025878
539963,540015,540535,52,520,2,7200,1.1
540007,540063,540575,56,512,2,7200,1.109375
540013,540111,540692,98,581,2,7200,1.1686746988
540062,540168,540676,106,508,2,7200,1.20866141732
540111,540174,540653,63,479,2,7200,1.13152400835
540165,540218,540736,53,518,2,7200,1.10231660232
540181,540246,540736,65,490,2,7200,1.13265306122
540214,540288,540825,74,537,2,7200,1.13780260708
540242,540320,540875,78,555,2,7200,1.14054054054
540286,540327,540811,41,484,2,7200,1.0847107438
540319,540334,540901,15,567,2,7200,1.02645502646
540326,540347,540878,21,531,2,7200,1.0395480226
540332,540355,540872,23,517,2,7200,1.04448742747
540344,540399,540901,55,502,2,7200,1.10956175299
540351,540470,540987,119,517,2,7200,1.23017408124
540399,540477,541009,78,532,2,7200,1.14661654135
540469,540488,540995,19,507,2,7200,1.03747534517
540476,540495,541021,19,526,2,7200,1.036121673
540488,540502,541015,14,513,2,7200,1.02729044834
540495,540547,541108,52,561,2,7200,1.0926916221
540502,540561,541092,59,531,2,7200,1.11111111111
540545,540587,541116,42,529,2,7200,1.07939508507
540557,540666,541171,109,505,2,7200,1.21584158416
540585,540688,541150,103,462,2,7200,1.22294372294
540665,540704,541205,39,501,2,7200,1.07784431138
540687,540748,541287,61,539,2,7200,1.11317254174
540699,540753,541226,54,473,2,7200,1.11416490486
540748,540823,541351,75,528,2,7200,1.14204545455
540750,540837,541357,87,520,2,7200,1.16730769231
540819,540885,541395,66,510,2,7200,1.12941176471
540837,540892,541424,55,532,2,7200,1.10338345865
540880,540897,541392,17,495,2,7200,1.03434343434
540892,540912,541446,20,534,2,7200,1.03745318352
540909,540920,541406,11,486,2,7200,1.02263374486
540911,540999,541518,88,519,2,7200,1.16955684008
540918,541008,541506,90,498,2,7200,1.18072289157
540998,541021,541581,23,560,2,7200,1.04107142857
541006,541028,541554,22,526,2,7200,1.04182509506
541018,541035,541554,17,519,2,7200,1.03275529865
541025,541105,541635,80,530,2,7200,1.15094339623
541032,541120,541621,88,501,2,7200,1.17564870259
541102,541129,541690,27,561,2,7200,1.04812834225
541119,541162,541678,43,516,2,7200,1.08333333333
541126,541183,541712,57,529,2,7200,1.10775047259
541164,541217,541723,53,506,2,7200,1.104743083
541182,541239,541744,57,505,2,7200,1.11287128713
541215,541298,541851,83,553,2,7200,1.15009041591
541237,541362,541884,125,522,2,7200,1.23946360153
541296,541370,541872,74,502,2,7200,1.14741035857
541361,541403,541953,42,550,2,7200,1.07636363636
541368,541411,541921,43,510,2,7200,1.08431372549
541401,541417,541936,16,519,2,7200,1.03082851638
541408,541441,541930,33,489,2,7200,1.06748466258
541425,541459,541985,34,526,2,7200,1.06463878327
541437,541518,542037,81,519,2,7200,1.15606936416
541454,541530,542030,76,500,2,7200,1.152
541514,541566,542104,52,538,2,7200,1.09665427509
541526,541571,542092,45,521,2,7200,1.08637236084
541564,541593,542119,29,526,2,7200,1.05513307985
541571,541633,542164,62,531,2,7200,1.11676082863
541588,541647,542195,59,548,2,7200,1.10766423358
541632,541690,542176,58,486,2,7200,1.11934156379
541644,541702,542159,58,457,2,7200,1.12691466083
541693,541723,542208,30,485,2,7200,1.0618556701
541700,541736,542259,36,523,2,7200,1.06883365201
541723,541757,542267,34,510,2,7200,1.06666666667
541735,541863,542382,128,519,2,7200,1.24662813102
541752,541884,542370,132,486,2,7200,1.27160493827
541859,541896,542404,37,508,2,7200,1.07283464567
541881,541933,542418,52,485,2,7200,1.10721649485
541893,541942,542445,49,503,2,7200,1.09741550696
541932,541949,542454,17,505,2,7200,1.03366336634
541939,541965,542500,26,535,2,7200,1.04859813084
541956,541997,542503,41,506,2,7200,1.08102766798
541963,542042,542578,79,536,2,7200,1.1473880597
541996,542049,542544,53,495,2,7200,1.10707070707
542039,542105,542619,66,514,2,7200,1.12840466926
542046,542116,542639,70,523,2,7200,1.13384321224
542105,542131,542649,26,518,2,7200,1.05019305019
542112,542172,542709,60,537,2,7200,1.11173184358
542130,542179,542731,49,552,2,7200,1.08876811594
542168,542188,542705,20,517,2,7200,1.03868471954
542175,542207,542710,32,503,2,7200,1.06361829026
542192,542220,542717,28,497,2,7200,1.05633802817
542205,542271,542784,66,513,2,7200,1.12865497076
542217,542280,542772,63,492,2,7200,1.12804878049
542271,542382,542900,111,518,2,7200,1.21428571429
542278,542394,542895,116,501,2,7200,1.23153692615
542379,542416,542899,37,483,2,7200,1.07660455487
542391,542430,542949,39,519,2,7200,1.07514450867
542414,542457,542997,43,540,2,7200,1.07962962963
542426,542466,542966,40,500,2,7200,1.08
542459,542512,543025,53,513,2,7200,1.10331384016
542466,542519,543050,53,531,2,7200,1.09981167608
542509,542556,543058,47,502,2,7200,1.09362549801
542516,542590,543153,74,563,2,7200,1.13143872114
542555,542631,543099,76,468,2,7200,1.16239316239
542588,542651,543180,63,529,2,7200,1.1190926276
542631,542662,543168,31,506,2,7200,1.06126482213
542649,542717,543227,68,510,2,7200,1.13333333333
542661,542724,543218,63,494,2,7200,1.12753036437
542715,542729,543166,14,437,2,7200,1.03203661327
542733,542739,543264,6,525,2,7200,1.01142857143
542735,542747,543251,12,504,2,7200,1.02380952381
542736,542785,543317,49,532,2,7200,1.09210526316
542743,542796,543306,53,510,2,7200,1.10392156863
542782,542907,543410,125,503,2,7200,1.24850894632
542794,542914,543398,120,484,2,7200,1.2479338843
542905,542919,543478,14,559,2,7200,1.02504472272
542912,542962,543452,50,490,2,7200,1.10204081633
542919,542978,543498,59,520,2,7200,1.11346153846
542957,543008,543507,51,499,2,7200,1.10220440882
542975,543037,543537,62,500,2,7200,1.124
543008,543063,543597,55,534,2,7200,1.10299625468
543035,543070,543575,35,505,2,7200,1.06930693069
543062,543112,543641,50,529,2,7200,1.09451795841
543069,543165,543660,96,495,2,7200,1.19393939394
543108,543178,543691,70,513,2,7200,1.13645224172
543162,543185,543683,23,498,2,7200,1.04618473896
543174,543192,543712,18,520,2,7200,1.03461538462
543181,543230,543761,49,531,2,7200,1.0922787194
543187,543239,543748,52,509,2,7200,1.1021611002
543226,543263,543774,37,511,2,7200,1.07240704501
543243,543276,543817,33,541,2,7200,1.06099815157
543261,543318,543868,57,550,2,7200,1.10363636364
543273,543330,543864,57,534,2,7200,1.10674157303
543316,543410,543945,94,535,2,7200,1.17570093458
543328,543423,543935,95,512,2,7200,1.185546875
543409,543464,543971,55,507,2,7200,1.10848126233
543421,543490,544003,69,513,2,7200,1.13450292398
543464,543510,544049,46,539,2,7200,1.0853432282
543487,543518,544030,31,512,2,7200,1.060546875
543509,543550,544057,41,507,2,7200,1.0808678501
543516,543587,544093,71,506,2,7200,1.14031620553
543549,543609,544115,60,506,2,7200,1.1185770751
543587,543653,544173,66,520,2,7200,1.12692307692
543605,543672,544218,67,546,2,7200,1.12271062271
543650,543695,544202,45,507,2,7200,1.08875739645
543672,543702,544215,30,513,2,7200,1.05847953216
543695,543724,544228,29,504,2,7200,1.05753968254
543702,543760,544323,58,563,2,7200,1.10301953819
543720,543774,544321,54,547,2,7200,1.0987202925
543764,543786,544301,22,515,2,7200,1.0427184466
543771,543829,544339,58,510,2,7200,1.1137254902
543783,543877,544400,94,523,2,7200,1.17973231358
543827,543884,544393,57,509,2,7200,1.11198428291
543876,543947,544407,71,460,2,7200,1.15434782609
543882,543957,544449,75,492,2,7200,1.15243902439
543947,543984,544489,37,505,2,7200,1.07326732673
543954,544016,544536,62,520,2,7200,1.11923076923
543981,544042,544581,61,539,2,7200,1.11317254174
544015,544061,544555,46,494,2,7200,1.09311740891
544042,544070,544639,28,569,2,7200,1.04920913884
544060,544105,544624,45,519,2,7200,1.08670520231
544066,544127,544683,61,556,2,7200,1.10971223022
544105,544186,544692,81,506,2,7200,1.16007905138
544127,544214,544761,87,547,2,7200,1.15904936015
544186,544227,544742,41,515,2,7200,1.07961165049
544214,544234,544724,20,490,2,7200,1.04081632653
544226,544240,544753,14,513,2,7200,1.02729044834
544233,544313,544882,80,569,2,7200,1.14059753954
544249,544333,544858,84,525,2,7200,1.16
544309,544340,544899,31,559,2,7200,1.05545617174
544331,544351,544869,20,518,2,7200,1.03861003861
544338,544405,544918,67,513,2,7200,1.1306042885
544350,544413,544930,63,517,2,7200,1.12185686654
544404,544420,544931,16,511,2,7200,1.0313111546
544411,544461,544983,50,522,2,7200,1.09578544061
544418,544501,545034,83,533,2,7200,1.15572232645
544461,544548,545053,87,505,2,7200,1.17227722772
544499,544567,545083,68,516,2,7200,1.13178294574
544548,544592,545100,44,508,2,7200,1.08661417323
544565,544636,545166,71,530,2,7200,1.13396226415
544593,544651,545167,58,516,2,7200,1.11240310078
544636,544695,545188,59,493,2,7200,1.11967545639
544648,544704,545220,56,516,2,7200,1.10852713178
544692,544737,545240,45,503,2,7200,1.08946322068
544704,544754,545273,50,519,2,7200,1.09633911368
544737,544764,545291,27,527,2,7200,1.05123339658
544754,544772,545314,18,542,2,7200,1.0332103321
544761,544870,545410,109,540,2,7200,1.20185185185
544768,544881,545373,113,492,2,7200,1.22967479675
544869,544895,545379,26,484,2,7200,1.05371900826
544881,544912,545421,31,509,2,7200,1.06090373281
544893,544930,545450,37,520,2,7200,1.07115384615
544911,544941,545444,30,503,2,7200,1.05964214712
544928,544948,545477,20,529,2,7200,1.03780718336
544940,544995,545503,55,508,2,7200,1.10826771654
544947,545046,545558,99,512,2,7200,1.193359375
544995,545064,545550,69,486,2,7200,1.14197530864
545044,545096,545617,52,521,2,7200,1.09980806142
545061,545112,545665,51,553,2,7200,1.09222423146
545094,545178,545658,84,480,2,7200,1.175
545111,545183,545689,72,506,2,7200,1.14229249012
545176,545199,545700,23,501,2,7200,1.04590818363
545183,545232,545794,49,562,2,7200,1.0871886121
545195,545252,545766,57,514,2,7200,1.11089494163
545228,545285,545768,57,483,2,7200,1.11801242236
545250,545303,545805,53,502,2,7200,1.10557768924
545283,545326,545859,43,533,2,7200,1.08067542214
545300,545386,545874,86,488,2,7200,1.1762295082
545323,545393,545889,70,496,2,7200,1.14112903226
545382,545422,545911,40,489,2,7200,1.081799591
545389,545433,545974,44,541,2,7200,1.08133086876
545422,545457,545977,35,520,2,7200,1.06730769231
545429,545464,545986,35,522,2,7200,1.06704980843
545448,547169,548166,1721,997,1,3600,2.72617853561
545457,545490,545979,33,489,2,7200,1.06748466258
545473,545516,546043,43,527,2,7200,1.08159392789
545490,545563,546117,73,554,2,7200,1.13176895307
545513,545570,546088,57,518,2,7200,1.11003861004
545562,545629,546152,67,523,2,7200,1.12810707457
545569,545670,546194,101,524,2,7200,1.1927480916
545628,545677,546189,49,512,2,7200,1.095703125
545666,545702,546202,36,500,2,7200,1.072
545673,545713,546221,40,508,2,7200,1.07874015748
545701,545778,546263,77,485,2,7200,1.1587628866
545718,545785,546275,67,490,2,7200,1.13673469388
545777,545805,546328,28,523,2,7200,1.05353728489
545784,545817,546359,33,542,2,7200,1.06088560886
545801,545871,546386,70,515,2,7200,1.1359223301
545813,545886,546354,73,468,2,7200,1.15598290598
545867,545901,546394,34,493,2,7200,1.06896551724
545885,545923,546446,38,523,2,7200,1.07265774379
545897,545986,546485,89,499,2,7200,1.17835671343
545919,545993,546542,74,549,2,7200,1.13479052823
545984,545998,546513,14,515,2,7200,1.02718446602
545991,546005,546596,14,591,2,7200,1.02368866328
545998,546055,546560,57,505,2,7200,1.11287128713
546005,546100,546651,95,551,2,7200,1.1724137931
546053,546130,546652,77,522,2,7200,1.14750957854
546097,546164,546670,67,506,2,7200,1.13241106719
546130,546201,546734,71,533,2,7200,1.13320825516
546163,546207,546767,44,560,2,7200,1.07857142857
546201,546214,546783,13,569,2,7200,1.02284710018
546203,546233,546793,30,560,2,7200,1.05357142857
546210,546275,546830,65,555,2,7200,1.11711711712
546232,546287,546839,55,552,2,7200,1.09963768116
546275,546340,546900,65,560,2,7200,1.11607142857
546287,546366,546878,79,512,2,7200,1.154296875
546336,546373,546929,37,556,2,7200,1.06654676259
546364,546399,546925,35,526,2,7200,1.06653992395
546371,546405,546902,34,497,2,7200,1.06841046278
546398,546458,546996,60,538,2,7200,1.11152416357
546405,546497,547023,92,526,2,7200,1.17490494297
546454,546525,547069,71,544,2,7200,1.13051470588
546497,546554,547113,57,559,2,7200,1.10196779964
546525,546573,547074,48,501,2,7200,1.09580838323
546552,546608,547133,56,525,2,7200,1.10666666667
546570,546663,547221,93,558,2,7200,1.16666666667
546608,546670,547170,62,500,2,7200,1.124
546662,546682,547213,20,531,2,7200,1.03766478343
546669,546746,547285,77,539,2,7200,1.14285714286
546681,546779,547298,98,519,2,7200,1.18882466281
546700,547190,565058,490,17868,1,36000,1.02742332662
546746,546795,547344,49,549,2,7200,1.08925318761
546778,546805,547370,27,565,2,7200,1.04778761062
546795,546843,547406,48,563,2,7200,1.08525754885
546802,546851,547344,49,493,2,7200,1.09939148073
546840,546890,547426,50,536,2,7200,1.09328358209
546847,546912,547461,65,549,2,7200,1.11839708561
546885,546919,547474,34,555,2,7200,1.06126126126
546908,546938,547463,30,525,2,7200,1.05714285714
546915,546945,547500,30,555,2,7200,1.05405405405
546937,547009,547546,72,537,2,7200,1.13407821229
546953,547036,547497,83,461,2,7200,1.18004338395
547007,547081,547581,74,500,2,7200,1.148
547035,547088,547581,53,493,2,7200,1.10750507099
547079,547125,547611,46,486,2,7200,1.09465020576
547085,547142,547704,57,562,2,7200,1.10142348754
547124,547148,547657,24,509,2,7200,1.04715127701
547141,547198,547749,57,551,2,7200,1.10344827586
547148,547203,547706,55,503,2,7200,1.10934393638
547197,547210,547712,13,502,2,7200,1.02589641434
547214,547222,547762,8,540,2,7200,1.01481481481
547216,547229,547747,13,518,2,7200,1.0250965251
547218,547234,547729,16,495,2,7200,1.03232323232
547225,547241,547788,16,547,2,7200,1.02925045704
547232,547246,547743,14,497,2,7200,1.02816901408
547238,547253,547768,15,515,2,7200,1.02912621359
547245,547258,547779,13,521,2,7200,1.02495201536
547252,547266,547764,14,498,2,7200,1.0281124498
547269,547276,547823,7,547,2,7200,1.01279707495
547288,547297,547773,9,476,2,7200,1.01890756303
547303,547310,547823,7,513,2,7200,1.01364522417
547347,547355,547867,8,512,2,7200,1.015625
547348,547363,547845,15,482,2,7200,1.03112033195
547373,547381,547898,8,517,2,7200,1.01547388781
547408,547418,547891,10,473,2,7200,1.02114164905
547418,547425,547474,7,49,1,1800,1.14285714286
547430,547439,547934,9,495,2,7200,1.01818181818
547465,547475,547994,10,519,2,7200,1.01926782274
547466,547480,547983,14,503,2,7200,1.02783300199
547482,547490,548022,8,532,2,7200,1.01503759398
547501,547509,548025,8,516,2,7200,1.01550387597
547503,547516,548036,13,520,2,7200,1.025
547549,547559,548082,10,523,2,7200,1.01912045889
547584,547592,548082,8,490,2,7200,1.01632653061
547585,547597,548161,12,564,2,7200,1.02127659574
547586,547604,547710,18,106,1,1800,1.16981132075
547614,547624,548145,10,521,2,7200,1.01919385797
547660,547719,548216,59,497,2,7200,1.11871227364
547706,547726,548246,20,520,2,7200,1.03846153846
547718,547741,548254,23,513,2,7200,1.04483430799
547734,547755,548260,21,505,2,7200,1.04158415842
547741,547762,548261,21,499,2,7200,1.04208416834
547758,547769,548316,11,547,2,7200,1.02010968921
547760,547776,548246,16,470,2,7200,1.03404255319
547767,547781,548285,14,504,2,7200,1.02777777778
547784,547791,548335,7,544,2,7200,1.01286764706
547786,547797,548362,11,565,2,7200,1.01946902655
547787,547803,548289,16,486,2,7200,1.0329218107
547794,547810,548304,16,494,2,7200,1.03238866397
547801,547834,548346,33,512,2,7200,1.064453125
547817,547840,548364,23,524,2,7200,1.04389312977
547832,547857,548398,25,541,2,7200,1.04621072089
547839,547879,548413,40,534,2,7200,1.07490636704
547853,547864,547954,11,90,1,1800,1.12222222222
547855,547903,548382,48,479,2,7200,1.10020876827
547876,547910,548445,34,535,2,7200,1.06355140187
547900,547946,548503,46,557,2,7200,1.08258527828
547907,547995,548472,88,477,2,7200,1.18448637317
547946,548006,548533,60,527,2,7200,1.11385199241
547992,548034,548523,42,489,2,7200,1.08588957055
548008,548041,548513,33,472,2,7200,1.06991525424
548034,548048,548566,14,518,2,7200,1.02702702703
548041,548094,548644,53,550,2,7200,1.09636363636
548057,548099,548611,42,512,2,7200,1.08203125
548096,548158,548648,62,490,2,7200,1.12653061224
548098,548173,548661,75,488,2,7200,1.15368852459
548158,548228,548719,70,491,2,7200,1.14256619145
548173,548258,548768,85,510,2,7200,1.16666666667
548225,548263,548819,38,556,2,7200,1.06834532374
548256,548270,548783,14,513,2,7200,1.02729044834
548263,548277,548794,14,517,2,7200,1.02707930368
548270,548282,548788,12,506,2,7200,1.02371541502
548286,548297,548802,11,505,2,7200,1.02178217822
548288,548304,548843,16,539,2,7200,1.02968460111
548295,548316,548857,21,541,2,7200,1.03881700555
548311,548348,548852,37,504,2,7200,1.07341269841
548313,548358,548913,45,555,2,7200,1.08108108108
548322,548328,548709,6,381,1,1800,1.0157480315
548351,548375,548855,24,480,2,7200,1.05
548357,548381,548921,24,540,2,7200,1.04444444444
548375,548394,548859,19,465,2,7200,1.04086021505
548390,548415,548948,25,533,2,7200,1.0469043152
548392,548425,548938,33,513,2,7200,1.06432748538
548403,548409,548985,6,576,1,3600,1.01041666667
548415,548460,548988,45,528,2,7200,1.08522727273
548430,548484,549011,54,527,2,7200,1.10246679317
548446,548453,548622,7,169,1,1800,1.04142011834
548458,548516,549007,58,491,2,7200,1.11812627291
548484,548525,549062,41,537,2,7200,1.07635009311
548512,548535,549065,23,530,2,7200,1.04339622642
548528,548542,549085,14,543,2,7200,1.02578268877
548535,548547,549083,12,536,2,7200,1.0223880597
548535,551352,551364,2817,12,64,5400,235.75
548542,548554,549111,12,557,2,7200,1.02154398564
548558,548565,549059,7,494,2,7200,1.01417004049
548573,548580,549080,7,500,2,7200,1.014
548614,548621,549158,7,537,2,7200,1.01303538175
548648,548654,549179,6,525,2,7200,1.01142857143
548650,548662,549157,12,495,2,7200,1.02424242424
548666,548673,549199,7,526,2,7200,1.01330798479
548721,548729,549230,8,501,2,7200,1.01596806387
548771,548777,549264,6,487,2,7200,1.01232032854
548787,548793,549266,6,473,2,7200,1.01268498943
548803,548809,549383,6,574,2,7200,1.01045296167
548805,548817,549325,12,508,2,7200,1.02362204724
548806,548822,549329,16,507,2,7200,1.0315581854
548822,548829,549319,7,490,2,7200,1.01428571429
548844,548850,549352,6,502,2,7200,1.01195219124
548860,548867,549381,7,514,2,7200,1.01361867704
548862,548874,549403,12,529,2,7200,1.02268431002
548864,548880,549414,16,534,2,7200,1.02996254682
548871,548887,549398,16,511,2,7200,1.0313111546
548917,548924,549430,7,506,2,7200,1.01383399209
548933,548939,549477,6,538,2,7200,1.01115241636
548949,548956,549418,7,462,2,7200,1.01515151515
548950,548963,549470,13,507,2,7200,1.02564102564
548991,548997,549569,6,572,2,7200,1.01048951049
549010,549017,549534,7,517,2,7200,1.01353965184
549026,549033,549553,7,520,2,7200,1.01346153846
549063,549071,549557,8,486,2,7200,1.01646090535
549065,549078,549634,13,556,2,7200,1.02338129496
549082,549089,549603,7,514,2,7200,1.01361867704
549084,549096,549650,12,554,2,7200,1.02166064982
549100,549107,549564,7,457,2,7200,1.01531728665
549101,549114,549668,13,554,2,7200,1.02346570397
549117,549125,549658,8,533,2,7200,1.01500938086
549161,549168,549696,7,528,2,7200,1.01325757576
549163,549175,549636,12,461,2,7200,1.02603036876
549182,549189,549656,7,467,2,7200,1.01498929336
549201,549208,549732,7,524,2,7200,1.01335877863
549234,549241,549774,7,533,2,7200,1.01313320826
549268,549275,549805,7,530,2,7200,1.01320754717
549270,549282,549814,12,532,2,7200,1.02255639098
549323,549329,549826,6,497,2,7200,1.01207243461
549339,549345,549834,6,489,2,7200,1.01226993865
549341,549353,549880,12,527,2,7200,1.02277039848
549357,549364,549891,7,527,2,7200,1.01328273245
549385,549391,549885,6,494,2,7200,1.01214574899
549387,549399,549929,12,530,2,7200,1.02264150943
549403,549410,549971,7,561,2,7200,1.01247771836
549419,549426,549919,7,493,2,7200,1.01419878296
549421,549433,549981,12,548,2,7200,1.02189781022
549422,549438,549980,16,542,2,7200,1.0295202952
549438,549446,549969,8,523,2,7200,1.01529636711
549473,549480,549981,7,501,2,7200,1.01397205589
549488,549496,550035,8,539,2,7200,1.01484230056
549532,549539,550093,7,554,2,7200,1.01263537906
549557,549564,550117,7,553,2,7200,1.01265822785
549559,549571,550041,12,470,2,7200,1.02553191489
549575,549583,550081,8,498,2,7200,1.01606425703
549577,549588,550123,11,535,2,7200,1.02056074766
549605,549612,550137,7,525,2,7200,1.01333333333
549637,549644,550147,7,503,2,7200,1.01391650099
549638,549651,550208,13,557,2,7200,1.02333931777
549655,549662,550185,7,523,2,7200,1.01338432122
549671,549678,550206,7,528,2,7200,1.01325757576
549673,549685,550181,12,496,2,7200,1.02419354839
549674,549690,550189,16,499,2,7200,1.03206412826
549700,549707,550221,7,514,2,7200,1.01361867704
549734,549741,550258,7,517,2,7200,1.01353965184
549779,549786,550289,7,503,2,7200,1.01391650099
549807,549814,550268,7,454,2,7200,1.0154185022
549822,549829,550360,7,531,2,7200,1.0131826742
549838,549844,550318,6,474,2,7200,1.01265822785
549840,549852,550334,12,482,2,7200,1.02489626556
549884,549891,550389,7,498,2,7200,1.0140562249
549887,549898,549945,11,47,1,1800,1.23404255319
549899,549906,550365,7,459,2,7200,1.01525054466
549901,549914,550425,13,511,2,7200,1.02544031311
549923,549930,550445,7,515,2,7200,1.01359223301
549931,549938,550026,7,88,1,3600,1.07954545455
549939,549945,550478,6,533,2,7200,1.01125703565
549973,549980,550486,7,506,2,7200,1.01383399209
549975,549987,550516,12,529,2,7200,1.02268431002
549991,549997,550431,6,434,2,7200,1.01382488479
549993,550004,550515,11,511,2,7200,1.02152641879
549994,550010,550509,16,499,2,7200,1.03206412826
550039,550046,550571,7,525,2,7200,1.01333333333
550054,550060,550609,6,549,2,7200,1.01092896175
550082,550089,550572,7,483,2,7200,1.01449275362
550098,550104,550593,6,489,2,7200,1.01226993865
550120,550126,550679,6,553,2,7200,1.01084990958
550135,550143,550653,8,510,2,7200,1.01568627451
550151,550159,550656,8,497,2,7200,1.01609657948
550153,550166,550697,13,531,2,7200,1.02448210923
550161,550199,550463,38,264,1,3600,1.14393939394
550185,550192,550698,7,506,2,7200,1.01383399209
550192,550205,550293,13,88,1,1800,1.14772727273
550201,550212,550681,11,469,2,7200,1.02345415778
550203,550217,550696,14,479,2,7200,1.02922755741
550218,550226,550737,8,511,2,7200,1.0156555773
550220,550233,550740,13,507,2,7200,1.02564102564
550236,550243,550764,7,521,2,7200,1.01343570058
550261,550268,550780,7,512,2,7200,1.013671875
550276,550283,550813,7,530,2,7200,1.01320754717
550292,550298,550805,6,507,2,7200,1.01183431953
550320,550327,550838,7,511,2,7200,1.01369863014
550336,550344,550864,8,520,2,7200,1.01538461538
550362,550369,550858,7,489,2,7200,1.01431492843
550377,550383,550881,6,498,2,7200,1.01204819277
550393,550399,550933,6,534,2,7200,1.01123595506
550427,550434,550942,7,508,2,7200,1.01377952756
550442,550450,550981,8,531,2,7200,1.01506591337
550458,550465,550959,7,494,2,7200,1.01417004049
550480,550487,551003,7,516,2,7200,1.01356589147
550496,550503,550996,7,493,2,7200,1.01419878296
550511,550519,551047,8,528,2,7200,1.01515151515
550527,550533,551053,6,520,2,7200,1.01153846154
550529,550540,551039,11,499,2,7200,1.02204408818
550575,550582,551087,7,505,2,7200,1.01386138614
550577,550589,551090,12,501,2,7200,1.02395209581
550596,550603,551129,7,526,2,7200,1.01330798479
550611,550618,551140,7,522,2,7200,1.01340996169
550655,550662,551185,7,523,2,7200,1.01338432122
550671,550677,551197,6,520,2,7200,1.01153846154
550686,550694,551243,8,549,2,7200,1.014571949
550688,550701,551248,13,547,2,7200,1.02376599634
550705,550712,551266,7,554,2,7200,1.01263537906
550707,550718,551200,11,482,2,7200,1.02282157676
550708,550724,551255,16,531,2,7200,1.03013182674
550740,550747,551269,7,522,2,7200,1.01340996169
550755,550762,551263,7,501,2,7200,1.01397205589
550763,550770,551243,7,473,1,3600,1.01479915433
550771,550779,551301,8,522,2,7200,1.0153256705
550787,550793,551289,6,496,2,7200,1.01209677419
550806,550813,551304,7,491,2,7200,1.01425661914
550821,550828,551357,7,529,2,7200,1.01323251418
550840,550846,551340,6,494,2,7200,1.01214574899
550862,550869,551378,7,509,2,7200,1.0137524558
550878,550885,551383,7,498,2,7200,1.0140562249
550893,550901,551421,8,520,2,7200,1.01538461538
550906,550913,551170,7,257,1,1800,1.02723735409
550937,550943,551493,6,550,2,7200,1.01090909091
550952,550959,551461,7,502,2,7200,1.01394422311
550968,550975,551520,7,545,2,7200,1.0128440367
550983,550990,551489,7,499,2,7200,1.01402805611
550999,551006,551523,7,517,2,7200,1.01353965184
551015,551021,551532,6,511,2,7200,1.01174168297
551043,551050,551559,7,509,2,7200,1.0137524558
551059,551065,551563,6,498,2,7200,1.01204819277
551060,551072,551612,12,540,2,7200,1.02222222222
551089,551096,551630,7,534,2,7200,1.01310861423
551104,551110,551648,6,538,2,7200,1.01115241636
551132,551138,551673,6,535,2,7200,1.01121495327
551148,551155,551683,7,528,2,7200,1.01325757576
551188,551209,551715,21,506,2,7200,1.04150197628
551204,551216,551759,12,543,2,7200,1.02209944751
551206,551260,551770,54,510,2,7200,1.10588235294
551246,551267,551810,21,543,2,7200,1.03867403315
551264,551278,551782,14,504,2,7200,1.02777777778
551265,551285,551836,20,551,2,7200,1.03629764065
551277,551313,551828,36,515,2,7200,1.06990291262
551294,551397,551880,103,483,2,7200,1.2132505176
551311,551434,551958,123,524,2,7200,1.23473282443
551397,551473,551964,76,491,2,7200,1.15478615071
551435,551501,552028,66,527,2,7200,1.12523719165
551473,551507,552016,34,509,2,7200,1.06679764244
551501,551532,552052,31,520,2,7200,1.05961538462
551508,551539,552084,31,545,2,7200,1.05688073394
551530,551546,552090,16,544,2,7200,1.02941176471
551537,551558,552084,21,526,2,7200,1.03992395437
551544,551571,552088,27,517,2,7200,1.05222437137
551561,551578,552088,17,510,2,7200,1.03333333333
551568,551624,552197,56,573,2,7200,1.09773123909
551575,551643,552144,68,501,2,7200,1.13572854291
551624,551660,552135,36,475,2,7200,1.07578947368
551641,551679,552183,38,504,2,7200,1.0753968254
551659,551685,552255,26,570,2,7200,1.04561403509
551676,551692,552166,16,474,2,7200,1.03375527426
551693,551699,552213,6,514,2,7200,1.01167315175
551694,551727,552237,33,510,2,7200,1.06470588235
551696,551772,552322,76,550,2,7200,1.13818181818
551724,551782,552296,58,514,2,7200,1.11284046693
551767,551795,552308,28,513,2,7200,1.05458089669
551779,551822,552349,43,527,2,7200,1.08159392789
551795,551840,552361,45,521,2,7200,1.08637236084
551818,551848,552395,30,547,2,7200,1.05484460695
551835,551976,552550,141,574,2,7200,1.2456445993
551847,552029,552547,182,518,2,7200,1.35135135135
551974,552039,552505,65,466,2,7200,1.13948497854
552028,552064,552609,36,545,2,7200,1.06605504587
552035,552096,552609,61,513,2,7200,1.11890838207
552063,552101,552595,38,494,2,7200,1.07692307692
552096,552108,552662,12,554,2,7200,1.02166064982
552098,552113,552645,15,532,2,7200,1.02819548872
552114,552121,552642,7,521,2,7200,1.01343570058
552116,552147,552681,31,534,2,7200,1.05805243446
552118,552156,552677,38,521,2,7200,1.07293666027
552146,552178,552697,32,519,2,7200,1.06165703276
552152,552209,552717,57,508,2,7200,1.11220472441
552175,552225,552764,50,539,2,7200,1.09276437848
552208,552249,552783,41,534,2,7200,1.07677902622
552220,552308,552793,88,485,2,7200,1.18144329897
552248,552320,552830,72,510,2,7200,1.14117647059
552307,552334,552887,27,553,2,7200,1.04882459313
552319,552362,552887,43,525,2,7200,1.0819047619
552331,552373,552862,42,489,2,7200,1.08588957055
552359,552407,552912,48,505,2,7200,1.09504950495
552371,552517,553040,146,523,2,7200,1.27915869981
552405,552559,553073,154,514,2,7200,1.29961089494
552515,552565,553099,50,534,2,7200,1.0936329588
552559,552607,553103,48,496,2,7200,1.09677419355
552566,552621,553135,55,514,2,7200,1.10700389105
552604,552626,553174,22,548,2,7200,1.0401459854
552616,552654,553123,38,469,2,7200,1.08102345416
552623,552661,553170,38,509,2,7200,1.07465618861
552651,552674,553215,23,541,2,7200,1.04251386322
552658,552690,553234,32,544,2,7200,1.05882352941
552675,552697,553271,22,574,2,7200,1.03832752613
552687,552709,553268,22,559,2,7200,1.03935599284
552694,552729,553229,35,500,2,7200,1.07
552706,552776,553291,70,515,2,7200,1.1359223301
552728,552795,553295,67,500,2,7200,1.134
552772,552806,553320,34,514,2,7200,1.06614785992
552795,552842,553395,47,553,2,7200,1.08499095841
552802,552874,553420,72,546,2,7200,1.13186813187
552839,552898,553468,59,570,2,7200,1.10350877193
552872,552904,553410,32,506,2,7200,1.06324110672
552895,552924,553441,29,517,2,7200,1.05609284333
552902,553052,553584,150,532,2,7200,1.28195488722
552924,553086,553601,162,515,2,7200,1.3145631068
553052,553111,553652,59,541,2,7200,1.10905730129
553085,553118,553666,33,548,2,7200,1.0602189781
553107,553135,553633,28,498,2,7200,1.0562248996
553124,553147,553651,23,504,2,7200,1.04563492063
553131,553182,553686,51,504,2,7200,1.10119047619
553143,553188,553674,45,486,2,7200,1.09259259259
553182,553227,553724,45,497,2,7200,1.09054325956
553189,553241,553749,52,508,2,7200,1.10236220472
553228,553248,553737,20,489,2,7200,1.0408997955
553240,553280,553779,40,499,2,7200,1.08016032064
553247,553286,553781,39,495,2,7200,1.07878787879
553280,553303,553861,23,558,2,7200,1.04121863799
553298,553310,553847,12,537,2,7200,1.02234636872
553300,553333,553865,33,532,2,7200,1.06203007519
553307,553407,553940,100,533,2,7200,1.18761726079
553329,553423,553901,94,478,2,7200,1.19665271967
553404,553432,553924,28,492,2,7200,1.05691056911
553422,553453,553970,31,517,2,7200,1.05996131528
553428,553479,553997,51,518,2,7200,1.09845559846
553451,553596,554119,145,523,2,7200,1.27724665392
553479,553614,554151,135,537,2,7200,1.25139664804
553596,553645,554133,49,488,2,7200,1.10040983607
553612,553663,554155,51,492,2,7200,1.10365853659
553645,553670,554198,25,528,2,7200,1.04734848485
553663,553678,554169,15,491,2,7200,1.03054989817
553669,553686,554229,17,543,2,7200,1.03130755064
553676,553698,554221,22,523,2,7200,1.04206500956
553676,554210,640464,534,86254,4,144000,1.00619101723
553683,553736,554251,53,515,2,7200,1.10291262136
553692,781242,781244,227550,2,5,324000,22755.2
553695,553750,554241,55,491,2,7200,1.11201629328
553733,553761,554232,28,471,2,7200,1.05944798301
553751,553792,554285,41,493,2,7200,1.0831643002
553757,553799,554359,42,560,2,7200,1.075
553790,553859,554390,69,531,2,7200,1.12994350282
553797,553873,554400,76,527,2,7200,1.14421252372
553857,553880,554383,23,503,2,7200,1.04572564612
553869,553913,554446,44,533,2,7200,1.08255159475
553876,553936,554433,60,497,2,7200,1.12072434608
553909,553952,554458,43,506,2,7200,1.08498023715
553931,553983,554536,52,553,2,7200,1.09403254973
553953,554009,554560,56,551,2,7200,1.10163339383
553981,554131,554643,150,512,2,7200,1.29296875
554009,554145,554671,136,526,2,7200,1.25855513308
554130,554163,554665,33,502,2,7200,1.06573705179
554143,554170,554656,27,486,2,7200,1.05555555556
554160,554181,554658,21,477,2,7200,1.04402515723
554167,554215,554736,48,521,2,7200,1.09213051823
554179,554233,554738,54,505,2,7200,1.10693069307
554216,554241,554780,25,539,2,7200,1.04638218924
554229,554247,554779,18,532,2,7200,1.03383458647
554241,554254,554762,13,508,2,7200,1.02559055118
554242,554263,554782,21,519,2,7200,1.04046242775
554254,554297,554820,43,523,2,7200,1.08221797323
554261,554371,554865,110,494,2,7200,1.22267206478
554294,554396,554903,102,507,2,7200,1.20118343195
554369,554403,554913,34,510,2,7200,1.06666666667
554397,554411,554931,14,520,2,7200,1.02692307692
554404,554445,554950,41,505,2,7200,1.08118811881
554410,554459,554964,49,505,2,7200,1.09702970297
554444,554470,555003,26,533,2,7200,1.0487804878
554456,554548,555027,92,479,2,7200,1.19206680585
554468,554571,555108,103,537,2,7200,1.19180633147
554548,554655,555172,107,517,2,7200,1.20696324952
554570,554668,555249,98,581,2,7200,1.1686746988
554573,557811,559805,3238,1994,1,259200,2.62387161484
554650,554675,555211,25,536,2,7200,1.04664179104
554668,554682,555227,14,545,2,7200,1.02568807339
554675,554689,555192,14,503,2,7200,1.02783300199
554681,554748,555256,67,508,2,7200,1.13188976378
554688,554755,555230,67,475,2,7200,1.14105263158
554748,554774,555287,26,513,2,7200,1.05068226121
554754,554791,555334,37,543,2,7200,1.06813996317
554772,554797,555283,25,486,2,7200,1.05144032922
554789,554803,555313,14,510,2,7200,1.02745098039
554796,554832,555334,36,502,2,7200,1.07171314741
554803,554877,555388,74,511,2,7200,1.14481409002
554830,554915,555426,85,511,2,7200,1.16634050881
554873,554925,555420,52,495,2,7200,1.10505050505
554912,554943,555476,31,533,2,7200,1.05816135084
554924,554962,555476,38,514,2,7200,1.07392996109
554941,554976,555502,35,526,2,7200,1.06653992395
554958,555015,555528,57,513,2,7200,1.11111111111
554976,555038,555524,62,486,2,7200,1.12757201646
555014,555120,555636,106,516,2,7200,1.20542635659
555036,555184,555673,148,489,2,7200,1.30265848671
555116,555204,555693,88,489,2,7200,1.1799591002
555180,555223,555694,43,471,2,7200,1.09129511677
555203,555240,555769,37,529,2,7200,1.06994328922
555220,555247,555762,27,515,2,7200,1.05242718447
555237,555262,555776,25,514,2,7200,1.0486381323
555244,555269,555760,25,491,2,7200,1.05091649695
555262,555295,555805,33,510,2,7200,1.06470588235
555278,555302,555777,24,475,2,7200,1.05052631579
555295,555325,555841,30,516,2,7200,1.05813953488
555302,555346,555908,44,562,2,7200,1.07829181495
555325,555351,555873,26,522,2,7200,1.04980842912
555342,555399,555903,57,504,2,7200,1.1130952381
555349,555431,555975,82,544,2,7200,1.15073529412
555397,555439,555938,42,499,2,7200,1.08416833667
555431,555488,556047,57,559,2,7200,1.10196779964
555447,555493,556004,46,511,2,7200,1.09001956947
555486,555514,555989,28,475,2,7200,1.05894736842
555493,555536,556045,43,509,2,7200,1.08447937132
555511,555543,556052,32,509,2,7200,1.06286836935
555533,555649,556179,116,530,2,7200,1.21886792453
555540,555686,556210,146,524,2,7200,1.2786259542
555647,555705,556229,58,524,2,7200,1.1106870229
555685,555712,556207,27,495,2,7200,1.05454545455
555708,555772,556308,64,536,2,7200,1.11940298507
555710,555779,556254,69,475,2,7200,1.14526315789
555769,555786,556291,17,505,2,7200,1.03366336634
555776,555793,556301,17,508,2,7200,1.03346456693
555783,555798,556325,15,527,2,7200,1.0284629981
555790,555817,556314,27,497,2,7200,1.05432595573
555797,555854,556327,57,473,2,7200,1.12050739958
555814,555885,556383,71,498,2,7200,1.14257028112
555853,555915,556417,62,502,2,7200,1.1235059761
555885,555922,556460,37,538,2,7200,1.0687732342
555913,555951,556478,38,527,2,7200,1.07210626186
555920,555987,556535,67,548,2,7200,1.12226277372
555948,556001,556542,53,541,2,7200,1.09796672828
555986,556016,556491,30,475,2,7200,1.06315789474
555998,556058,556580,60,522,2,7200,1.11494252874
556015,556065,556617,50,552,2,7200,1.09057971014
556054,556070,556602,16,532,2,7200,1.03007518797
556070,556191,556681,121,490,2,7200,1.24693877551
556072,556219,556757,147,538,2,7200,1.27323420074
556189,556226,556723,37,497,2,7200,1.07444668008
556217,556241,556768,24,527,2,7200,1.04554079696
556224,556266,556731,42,465,2,7200,1.09032258065
556236,556304,556849,68,545,2,7200,1.1247706422
556264,556314,556796,50,482,2,7200,1.10373443983
556303,556321,556850,18,529,2,7200,1.03402646503
556309,556328,556882,19,554,2,7200,1.03429602888
556327,556338,556855,11,517,2,7200,1.02127659574
556329,556345,556841,16,496,2,7200,1.03225806452
556336,556395,556933,59,538,2,7200,1.10966542751
556342,556429,557006,87,577,2,7200,1.15077989601
556391,556472,557038,81,566,2,7200,1.14310954064
556425,556490,556999,65,509,2,7200,1.12770137525
556471,556503,557004,32,501,2,7200,1.06387225549
556491,556547,557051,56,504,2,7200,1.11111111111
556504,556553,557051,49,498,2,7200,1.0983935743
556545,556592,557120,47,528,2,7200,1.08901515152
556563,556615,557159,52,544,2,7200,1.09558823529
556594,556630,557150,36,520,2,7200,1.06923076923
556611,556694,557207,83,513,2,7200,1.16179337232
556629,556735,557250,106,515,2,7200,1.20582524272
556693,556744,557241,51,497,2,7200,1.10261569416
556731,556769,557282,38,513,2,7200,1.07407407407
556744,556779,557245,35,466,2,7200,1.07510729614
556766,556808,557390,42,582,2,7200,1.07216494845
556784,556853,557361,69,508,2,7200,1.13582677165
556807,556861,557378,54,517,2,7200,1.10444874275
556853,556866,557399,13,533,2,7200,1.0243902439
556860,556873,557386,13,513,2,7200,1.0253411306
556867,556894,557465,27,571,2,7200,1.0472854641
556874,556945,557500,71,555,2,7200,1.12792792793
556891,557011,557498,120,487,2,7200,1.24640657084
556943,557018,557515,75,497,2,7200,1.1509054326
557014,557024,557527,10,503,2,7200,1.01988071571
557016,557050,557577,34,527,2,7200,1.06451612903
557024,557062,557603,38,541,2,7200,1.07024029575
557050,557068,557613,18,545,2,7200,1.03302752294
557062,557132,557629,70,497,2,7200,1.14084507042
557064,557162,557685,98,523,2,7200,1.18738049713
557128,557171,557664,43,493,2,7200,1.08722109533
557161,557219,557721,58,502,2,7200,1.11553784861
557168,557253,557790,85,537,2,7200,1.1582867784
557217,557259,557780,42,521,2,7200,1.08061420345
557256,557266,557766,10,500,2,7200,1.02
557257,557294,557791,37,497,2,7200,1.07444668008
557264,557373,557903,109,530,2,7200,1.20566037736
557292,557391,557891,99,500,2,7200,1.198
557372,557397,557902,25,505,2,7200,1.0495049505
557389,557405,557890,16,485,2,7200,1.03298969072
557396,557412,557888,16,476,2,7200,1.03361344538
557403,557477,557999,74,522,2,7200,1.14176245211
557410,557510,558005,100,495,2,7200,1.20202020202
557474,557517,558016,43,499,2,7200,1.08617234469
557513,557527,558080,14,553,2,7200,1.0253164557
557514,557540,558065,26,525,2,7200,1.04952380952
557526,557588,558086,62,498,2,7200,1.12449799197
557539,557615,558135,76,520,2,7200,1.14615384615
557586,557625,558125,39,500,2,7200,1.078
557615,557642,558134,27,492,2,7200,1.05487804878
557622,557676,558202,54,526,2,7200,1.10266159696
557639,557697,558199,58,502,2,7200,1.11553784861
557673,557733,558212,60,479,2,7200,1.12526096033
557695,557782,558248,87,466,2,7200,1.18669527897
557735,557787,558346,52,559,2,7200,1.09302325581
557782,557794,558337,12,543,2,7200,1.02209944751
557784,557799,558312,15,513,2,7200,1.02923976608
557793,557806,558341,13,535,2,7200,1.02429906542
557801,557900,558393,99,493,2,7200,1.20081135903
557804,557907,558412,103,505,2,7200,1.20396039604
557897,557912,558400,15,488,2,7200,1.03073770492
557916,557923,558416,7,493,2,7200,1.01419878296
557919,557929,558429,10,500,2,7200,1.02
557921,558012,558507,91,495,2,7200,1.18383838384
557929,558019,558529,90,510,2,7200,1.17647058824
558011,781226,781227,223215,1,16,259200,22321.6
558011,558028,558519,17,491,2,7200,1.03462321792
558020,558077,558600,57,523,2,7200,1.10898661568
558027,558092,558589,65,497,2,7200,1.13078470825
558075,558099,558625,24,526,2,7200,1.04562737643
558088,558138,558645,50,507,2,7200,1.09861932939
558096,558146,558635,50,489,2,7200,1.10224948875
558139,558153,558695,14,542,2,7200,1.0258302583
558147,558212,558782,65,570,2,7200,1.11403508772
558149,558219,558722,70,503,2,7200,1.13916500994
558212,558226,558751,14,525,2,7200,1.02666666667
558214,558260,558831,46,571,2,7200,1.08056042032
558226,558324,558841,98,517,2,7200,1.18955512573
558259,558350,558850,91,500,2,7200,1.182
558324,558357,558839,33,482,2,7200,1.06846473029
558346,558364,558893,18,529,2,7200,1.03402646503
558363,558405,558905,42,500,2,7200,1.084
558364,558411,558893,47,482,2,7200,1.09751037344
558403,558424,558920,21,496,2,7200,1.04233870968
558410,558431,558977,21,546,2,7200,1.03846153846
558426,558441,558933,15,492,2,7200,1.03048780488
558428,558519,559069,91,550,2,7200,1.16545454545
558442,558532,559050,90,518,2,7200,1.17374517375
558519,558541,559045,22,504,2,7200,1.04365079365
558540,558601,559086,61,485,2,7200,1.12577319588
558542,558612,559122,70,510,2,7200,1.13725490196
558602,558636,559129,34,493,2,7200,1.06896551724
558609,558648,559170,39,522,2,7200,1.07471264368
558632,558657,559202,25,545,2,7200,1.04587155963
558644,558707,559268,63,561,2,7200,1.11229946524
558656,558735,559263,79,528,2,7200,1.14962121212
558705,558763,559341,58,578,2,7200,1.10034602076
558732,558794,559343,62,549,2,7200,1.11293260474
558760,558843,559348,83,505,2,7200,1.16435643564
558793,558851,559346,58,495,2,7200,1.11717171717
558842,558858,559381,16,523,2,7200,1.03059273423
558849,558865,559388,16,523,2,7200,1.03059273423
558856,558906,559429,50,523,2,7200,1.09560229446
558862,558911,559402,49,491,2,7200,1.09979633401
558906,558918,559413,12,495,2,7200,1.02424242424
558907,558932,559483,25,551,2,7200,1.04537205082
558914,558945,559467,31,522,2,7200,1.05938697318
558931,558990,559527,59,537,2,7200,1.10986964618
558944,559057,559583,113,526,2,7200,1.21482889734
558987,559075,559525,88,450,2,7200,1.19555555556
559056,559087,559633,31,546,2,7200,1.05677655678
559071,559102,559597,31,495,2,7200,1.06262626263
559085,559142,559704,57,562,2,7200,1.10142348754
559105,559147,559650,42,503,2,7200,1.08349900596
559140,559159,559683,19,524,2,7200,1.03625954198
559149,559177,559742,28,565,2,7200,1.04955752212
559158,559182,559726,24,544,2,7200,1.04411764706
559174,559194,559737,20,543,2,7200,1.03683241252
559182,559200,559752,18,552,2,7200,1.03260869565
559198,559212,559694,14,482,2,7200,1.02904564315
559219,559226,559734,7,508,2,7200,1.01377952756
559222,559238,559783,16,545,2,7200,1.02935779817
559224,559244,559777,20,533,2,7200,1.03752345216
559239,559284,559813,45,529,2,7200,1.08506616257
559268,559289,559808,21,519,2,7200,1.04046242775
559284,559355,559877,71,522,2,7200,1.13601532567
559349,559360,559885,11,525,2,7200,1.02095238095
559352,559372,559863,20,491,2,7200,1.04073319756
559362,559385,559873,23,488,2,7200,1.04713114754
559381,559400,559900,19,500,2,7200,1.038
559402,559414,559943,12,529,2,7200,1.02268431002
559405,559419,559960,14,541,2,7200,1.0258780037
559427,559434,559924,7,490,2,7200,1.01428571429
559430,559446,559966,16,520,2,7200,1.03076923077
559451,559487,559989,36,502,2,7200,1.07171314741
559472,559500,560040,28,540,2,7200,1.05185185185
559494,559540,560047,46,507,2,7200,1.09072978304
559534,559552,560041,18,489,2,7200,1.03680981595
559537,559604,560080,67,476,2,7200,1.14075630252
559593,559618,560145,25,527,2,7200,1.04743833017
559612,559645,560202,33,557,2,7200,1.0592459605
559640,559672,560188,32,516,2,7200,1.06201550388
559661,559699,560216,38,517,2,7200,1.07350096712
559690,559711,560239,21,528,2,7200,1.03977272727
559711,559724,560207,13,483,2,7200,1.02691511387
559713,559739,560311,26,572,2,7200,1.04545454545
559729,559750,560274,21,524,2,7200,1.04007633588
559746,559763,560289,17,526,2,7200,1.03231939163
559749,559769,560273,20,504,2,7200,1.03968253968
559764,559781,560316,17,535,2,7200,1.03177570093
559783,559796,560297,13,501,2,7200,1.02594810379
559786,559801,560283,15,482,2,7200,1.03112033195
559804,559827,560334,23,507,2,7200,1.04536489152
559821,559840,560280,19,440,2,7200,1.04318181818
559824,559846,560388,22,542,2,7200,1.0405904059
559868,559885,560411,17,526,2,7200,1.03231939163
559889,559896,560435,7,539,2,7200,1.01298701299
559892,559903,560394,11,491,2,7200,1.02240325866
559896,559912,560447,16,535,2,7200,1.02990654206
559918,559936,560420,18,484,2,7200,1.03719008264
559939,559956,560458,17,502,2,7200,1.03386454183
559960,559972,560490,12,518,2,7200,1.02316602317
559976,560001,560493,25,492,2,7200,1.05081300813
559978,560052,560574,74,522,2,7200,1.14176245211
559999,560059,560556,60,497,2,7200,1.12072434608
560053,560066,560569,13,503,2,7200,1.02584493042
560055,560092,560608,37,516,2,7200,1.07170542636
560062,560157,560647,95,490,2,7200,1.19387755102
560089,560201,560705,112,504,2,7200,1.22222222222
560153,560214,560752,61,538,2,7200,1.11338289963
560199,560221,560759,22,538,2,7200,1.04089219331
560218,560292,560806,74,514,2,7200,1.1439688716
560220,560299,560820,79,521,2,7200,1.15163147793
560292,560306,560852,14,546,2,7200,1.02564102564
560312,560319,560816,7,497,2,7200,1.01408450704
560316,560326,560884,10,558,2,7200,1.01792114695
560319,560333,560894,14,561,2,7200,1.02495543672
560329,560347,560866,18,519,2,7200,1.03468208092
560332,560401,560901,69,500,2,7200,1.138
560348,560408,560920,60,512,2,7200,1.1171875
560401,560423,560946,22,523,2,7200,1.04206500956
560426,560433,560946,7,513,2,7200,1.01364522417
560430,560447,560951,17,504,2,7200,1.03373015873
560433,560459,560994,26,535,2,7200,1.04859813084
560449,560470,560994,21,524,2,7200,1.04007633588
560458,560502,561040,44,538,2,7200,1.08178438662
560467,560509,561052,42,543,2,7200,1.0773480663
560507,560568,561089,61,521,2,7200,1.11708253359
560510,560581,561129,71,548,2,7200,1.1295620438
560570,560588,561123,18,535,2,7200,1.03364485981
560579,560620,561158,41,538,2,7200,1.07620817844
560589,560659,561184,70,525,2,7200,1.13333333333
560616,560717,561223,101,506,2,7200,1.19960474308
560662,560764,561289,102,525,2,7200,1.19428571429
560720,560771,561270,51,499,2,7200,1.10220440882
560761,560818,561373,57,555,2,7200,1.1027027027
560769,560828,561352,59,524,2,7200,1.11259541985
560816,560835,561396,19,561,2,7200,1.03386809269
560836,560865,561394,29,529,2,7200,1.05482041588
560840,560878,561390,38,512,2,7200,1.07421875
560862,560896,561423,34,527,2,7200,1.06451612903
560877,560906,561392,29,486,2,7200,1.05967078189
560900,560912,561426,12,514,2,7200,1.0233463035
560903,560933,561457,30,524,2,7200,1.0572519084
560921,560958,561480,37,522,2,7200,1.07088122605
560930,560963,561462,33,499,2,7200,1.06613226453
560958,560970,561477,12,507,2,7200,1.02366863905
560960,561006,562578,46,1572,2,7200,1.02926208651
560969,561011,561952,42,941,2,7200,1.04463336876
561009,561052,562578,43,1526,2,7200,1.02817824377
561011,561064,562577,53,1513,2,7200,1.03502974223
561051,561082,562578,31,1496,2,7200,1.02072192513
561066,561088,562578,22,1490,2,7200,1.01476510067
561082,561100,562578,18,1478,2,7200,1.01217861976
561086,561105,562578,19,1473,2,7200,1.01289884589
561107,561118,562389,11,1271,2,7200,1.00865460268
561110,561124,562578,14,1454,2,7200,1.00962861073
561119,561136,562578,17,1442,2,7200,1.01178918169
561137,561150,562578,13,1428,2,7200,1.00910364146
561141,561156,562577,15,1421,2,7200,1.01055594652
561160,561212,562577,52,1365,2,7200,1.0380952381
561188,561217,562578,29,1361,2,7200,1.02130786187
561225,561244,562578,19,1334,2,7200,1.01424287856
561272,561284,562578,12,1294,2,7200,1.00927357032
561296,561311,562578,15,1267,2,7200,1.01183898974
561361,561376,562576,15,1200,2,7200,1.0125
561381,561391,562578,10,1187,2,7200,1.00842459983
561403,561417,562578,14,1161,2,7200,1.0120585702
561405,561422,562578,17,1156,2,7200,1.01470588235
561414,561434,562578,20,1144,2,7200,1.01748251748
561424,561447,562578,23,1131,2,7200,1.02033598585
561444,561460,562578,16,1118,2,7200,1.01431127013
561446,561466,562577,20,1111,2,7200,1.01800180018
561464,561478,562577,14,1099,2,7200,1.0127388535
561467,561491,562577,24,1086,2,7200,1.02209944751
561486,561504,562578,18,1074,2,7200,1.01675977654
561488,561510,562578,22,1068,2,7200,1.02059925094
561540,561969,563109,429,1140,2,7200,1.37631578947
561542,561996,563110,454,1114,2,7200,1.40754039497
561973,562001,563052,28,1051,2,7200,1.02664129401
561994,562013,563129,19,1116,2,7200,1.01702508961
562004,562026,563079,22,1053,2,7200,1.02089268756
562012,562031,563054,19,1023,2,7200,1.01857282502
562027,562044,563083,17,1039,2,7200,1.01636188643
562029,562049,563104,20,1055,2,7200,1.01895734597
562044,562403,563127,359,724,2,7200,1.49585635359
562046,562587,563088,541,501,2,7200,2.07984031936
562401,562592,563125,191,533,2,7200,1.35834896811
562587,562611,563112,24,501,2,7200,1.04790419162
562589,562617,563155,28,538,2,7200,1.05204460967
562611,562629,563179,18,550,2,7200,1.03272727273
562613,562634,563169,21,535,2,7200,1.03925233645
562625,562646,563147,21,501,2,7200,1.04191616766
562631,562651,563194,20,543,2,7200,1.03683241252
562644,562668,563194,24,526,2,7200,1.04562737643
562650,562674,563192,24,518,2,7200,1.04633204633
562668,562686,563209,18,523,2,7200,1.034416826
562669,562692,563188,23,496,2,7200,1.04637096774
562687,562704,563240,17,536,2,7200,1.03171641791
562688,562709,563233,21,524,2,7200,1.04007633588
562700,562721,563258,21,537,2,7200,1.03910614525
562707,562726,563273,19,547,2,7200,1.03473491773
562719,562738,563272,19,534,2,7200,1.03558052434
562735,562751,563272,16,521,2,7200,1.03071017274
562737,562756,563263,19,507,2,7200,1.03747534517
562749,562768,563328,19,560,2,7200,1.03392857143
562756,562773,563326,17,553,2,7200,1.03074141049
563056,563063,563618,7,555,2,7200,1.01261261261
563058,563075,563605,17,530,2,7200,1.0320754717
563083,563090,563601,7,511,2,7200,1.01369863014
563099,563116,563629,17,513,2,7200,1.03313840156
563101,563121,563627,20,506,2,7200,1.0395256917
563117,563133,563648,16,515,2,7200,1.03106796117
563119,563138,563656,19,518,2,7200,1.03667953668
563131,563151,563729,20,578,2,7200,1.03460207612
563138,563156,563693,18,537,2,7200,1.03351955307
563155,563168,563645,13,477,2,7200,1.02725366876
563157,563174,563668,17,494,2,7200,1.03441295547
563169,563185,563686,16,501,2,7200,1.03193612774
563170,563191,563664,21,473,2,7200,1.044397463
563188,563203,563699,15,496,2,7200,1.03024193548
563189,563208,563712,19,504,2,7200,1.0376984127
563201,563220,563759,19,539,2,7200,1.03525046382
563218,563233,563750,15,517,2,7200,1.02901353965
563219,563238,563767,19,529,2,7200,1.0359168242
563231,563251,563781,20,530,2,7200,1.03773584906
563238,563256,563785,18,529,2,7200,1.03402646503
563250,563268,563742,18,474,2,7200,1.03797468354
563267,563281,563805,14,524,2,7200,1.02671755725
563268,563286,563843,18,557,2,7200,1.03231597846
563280,563298,563836,18,538,2,7200,1.03345724907
563282,563303,563814,21,511,2,7200,1.04109589041
563298,563316,563867,18,551,2,7200,1.03266787659
563299,563321,563811,22,490,2,7200,1.04489795918
563311,563333,563850,22,517,2,7200,1.04255319149
563327,563346,563822,19,476,2,7200,1.03991596639
563343,563359,563902,16,543,2,7200,1.02946593002
563604,563621,564111,17,490,2,7200,1.03469387755
563620,563634,564129,14,495,2,7200,1.02828282828
563622,563647,564162,25,515,2,7200,1.04854368932
563638,563660,564186,22,526,2,7200,1.04182509506
563645,563666,564145,21,479,2,7200,1.04384133612
563661,563678,564182,17,504,2,7200,1.03373015873
563663,563684,564231,21,547,2,7200,1.03839122486
563675,563696,564193,21,497,2,7200,1.04225352113
563691,563709,564228,18,519,2,7200,1.03468208092
563692,563715,564207,23,492,2,7200,1.04674796748
563710,563727,564242,17,515,2,7200,1.03300970874
563726,563740,564262,14,522,2,7200,1.02681992337
563728,563746,564202,18,456,2,7200,1.03947368421
563740,563758,564258,18,500,2,7200,1.036
563756,563771,564320,15,549,2,7200,1.02732240437
563758,563777,564297,19,520,2,7200,1.03653846154
563770,563789,564295,19,506,2,7200,1.03754940711
563786,563802,564354,16,552,2,7200,1.02898550725
563788,563808,564312,20,504,2,7200,1.03968253968
563800,563821,564332,21,511,2,7200,1.04109589041
563807,563826,564315,19,489,2,7200,1.03885480573
563825,563838,564324,13,486,2,7200,1.02674897119
563826,563844,564351,18,507,2,7200,1.03550295858
563839,563857,564371,18,514,2,7200,1.03501945525
563841,563862,564440,21,578,2,7200,1.03633217993
563857,563875,564436,18,561,2,7200,1.0320855615
563859,563880,564436,21,556,2,7200,1.03776978417
563871,563893,564385,22,492,2,7200,1.04471544715
563889,563905,564441,16,536,2,7200,1.02985074627
563905,563918,564396,13,478,2,7200,1.02719665272
564115,564130,564649,15,519,2,7200,1.0289017341
564131,564142,564681,11,539,2,7200,1.02040816327
564147,564157,564666,10,509,2,7200,1.01964636542
564165,564182,564694,17,512,2,7200,1.033203125
564185,564197,564688,12,491,2,7200,1.02443991853
564201,564211,564721,10,510,2,7200,1.01960784314
564202,564216,564703,14,487,2,7200,1.02874743326
564219,564229,564750,10,521,2,7200,1.01919385797
564221,564235,564741,14,506,2,7200,1.02766798419
564237,564249,564747,12,498,2,7200,1.02409638554
564239,564254,564777,15,523,2,7200,1.02868068834
564254,564266,564792,12,526,2,7200,1.02281368821
564270,564280,564785,10,505,2,7200,1.0198019802
564272,564286,564818,14,532,2,7200,1.02631578947
564298,564313,564835,15,522,2,7200,1.02873563218
564299,564318,564849,19,531,2,7200,1.03578154426
564316,564330,564833,14,503,2,7200,1.02783300199
564317,564335,564878,18,543,2,7200,1.03314917127
564334,564347,564827,13,480,2,7200,1.02708333333
564336,564360,564834,24,474,2,7200,1.05063291139
564343,564366,564881,23,515,2,7200,1.04466019417
564359,564378,564887,19,509,2,7200,1.0373280943
564366,564383,564934,17,551,2,7200,1.03085299456
564381,564396,564888,15,492,2,7200,1.03048780488
564398,564411,564944,13,533,2,7200,1.0243902439
564400,564416,564902,16,486,2,7200,1.0329218107
564438,564454,564980,16,526,2,7200,1.03041825095
564439,564467,564932,28,465,2,7200,1.06021505376
564456,564481,565043,25,562,2,7200,1.04448398577
564463,564486,565022,23,536,2,7200,1.04291044776
564651,564658,565151,7,493,2,7200,1.01419878296
564670,564685,565211,15,526,2,7200,1.02851711027
564685,564697,565220,12,523,2,7200,1.02294455067
564702,564712,565198,10,486,2,7200,1.02057613169
564703,564717,565254,14,537,2,7200,1.0260707635
564720,564731,565265,11,534,2,7200,1.02059925094
564735,564745,565288,10,543,2,7200,1.01841620626
564752,564758,565242,6,484,2,7200,1.01239669421
564753,564770,565267,17,497,2,7200,1.03420523139
564755,564775,565255,20,480,2,7200,1.04166666667
564780,564789,565302,9,513,2,7200,1.01754385965
564796,564802,565329,6,527,2,7200,1.01138519924
564797,564814,565328,17,514,2,7200,1.03307392996
564820,564828,565342,8,514,2,7200,1.01556420233
564836,564843,565323,7,480,2,7200,1.01458333333
564838,564855,565374,17,519,2,7200,1.03275529865
564840,564860,565428,20,568,2,7200,1.03521126761
564852,564872,565361,20,489,2,7200,1.0408997955
564867,564885,565401,18,516,2,7200,1.03488372093
564883,564898,565381,15,483,2,7200,1.03105590062
564885,564903,565396,18,493,2,7200,1.03651115619
564902,564915,565426,13,511,2,7200,1.02544031311
564904,564920,565458,16,538,2,7200,1.02973977695
564919,564933,565387,14,454,2,7200,1.03083700441
564936,564948,565454,12,506,2,7200,1.02371541502
564938,564953,565508,15,555,2,7200,1.02702702703
564954,564965,565472,11,507,2,7200,1.02169625247
564982,564993,565492,11,499,2,7200,1.02204408818
565025,565033,565540,8,507,2,7200,1.0157790927
565044,565060,565589,16,529,2,7200,1.03024574669
565153,565166,565660,13,494,2,7200,1.02631578947
565199,565206,565779,7,573,2,7200,1.01221640489
565215,565221,565792,6,571,2,7200,1.01050788091
565230,565247,565738,17,491,2,7200,1.03462321792
565248,565262,565800,14,538,2,7200,1.02602230483
565265,565276,565800,11,524,2,7200,1.02099236641
565266,565281,565841,15,560,2,7200,1.02678571429
565283,565294,565803,11,509,2,7200,1.02161100196
565284,565300,565861,16,561,2,7200,1.02852049911
565300,565312,565845,12,533,2,7200,1.02251407129
565317,565327,565826,10,499,2,7200,1.02004008016
565333,565341,565883,8,542,2,7200,1.0147601476
565335,565353,565867,18,514,2,7200,1.03501945525
565337,565358,565867,21,509,2,7200,1.04125736739
565352,565370,565875,18,505,2,7200,1.03564356436
565368,565383,565871,15,488,2,7200,1.03073770492
565383,565396,565981,13,585,2,7200,1.02222222222
565385,565409,565919,24,510,2,7200,1.04705882353
565402,565422,565948,20,526,2,7200,1.03802281369
565409,565428,565962,19,534,2,7200,1.03558052434
565421,565440,565939,19,499,2,7200,1.0380761523
565437,565453,565984,16,531,2,7200,1.03013182674
565438,565459,565984,21,525,2,7200,1.04
565457,565471,565972,14,501,2,7200,1.02794411178
565474,565486,566014,12,528,2,7200,1.02272727273
565475,565491,566008,16,517,2,7200,1.03094777563
565494,565505,565992,11,487,2,7200,1.02258726899
565510,565518,566038,8,520,2,7200,1.01538461538
565544,565559,566063,15,504,2,7200,1.02976190476
565591,565598,566110,7,512,2,7200,1.013671875
565662,565679,566205,17,526,2,7200,1.03231939163
565742,565758,566297,16,539,2,7200,1.02968460111
565782,565798,566316,16,518,2,7200,1.03088803089
565798,565809,566340,11,531,2,7200,1.02071563089
565814,565825,566303,11,478,2,7200,1.0230125523
565815,565830,566317,15,487,2,7200,1.03080082136
565822,565842,566368,20,526,2,7200,1.03802281369
565838,565855,566380,17,525,2,7200,1.03238095238
565854,565868,566418,14,550,2,7200,1.02545454545
565855,565873,566422,18,549,2,7200,1.03278688525
565872,565885,566385,13,500,2,7200,1.026
565874,565898,566436,24,538,2,7200,1.04460966543
565881,565904,566408,23,504,2,7200,1.04563492063
565898,565916,566431,18,515,2,7200,1.03495145631
565914,565929,566422,15,493,2,7200,1.03042596349
565915,565934,566443,19,509,2,7200,1.0373280943
565932,565947,566461,15,514,2,7200,1.02918287938
565948,565962,566465,14,503,2,7200,1.02783300199
565965,565976,566504,11,528,2,7200,1.02083333333
565966,565981,566500,15,519,2,7200,1.0289017341
565983,565995,566499,12,504,2,7200,1.02380952381
565984,566000,566500,16,500,2,7200,1.032
566000,566012,566545,12,533,2,7200,1.02251407129
566002,566025,566538,23,513,2,7200,1.04483430799
566009,566031,566530,22,499,2,7200,1.04408817635
566024,566043,566565,19,522,2,7200,1.03639846743
566026,566049,566574,23,525,2,7200,1.04380952381
566042,566061,566543,19,482,2,7200,1.03941908714
566067,566076,566603,9,527,2,7200,1.01707779886
566114,566129,566684,15,555,2,7200,1.02702702703
566206,566221,566707,15,486,2,7200,1.03086419753
566299,566313,566836,14,523,2,7200,1.02676864245
566316,566326,566856,10,530,2,7200,1.01886792453
566332,566341,566860,9,519,2,7200,1.01734104046
566333,566346,566880,13,534,2,7200,1.02434456929
566349,566360,566880,11,520,2,7200,1.02115384615
566371,566387,566881,16,494,2,7200,1.03238866397
566387,566399,566920,12,521,2,7200,1.02303262956
566388,566412,566952,24,540,2,7200,1.04444444444
566410,566425,566939,15,514,2,7200,1.02918287938
566427,566440,566953,13,513,2,7200,1.0253411306
566428,566445,566995,17,550,2,7200,1.03090909091
566440,566457,566968,17,511,2,7200,1.03326810176
566456,566470,567013,14,543,2,7200,1.02578268877
566458,566476,566973,18,497,2,7200,1.03621730382
566470,566488,567025,18,537,2,7200,1.03351955307
566486,566501,566989,15,488,2,7200,1.03073770492
566487,566506,566999,19,493,2,7200,1.03853955375
566504,566519,567059,15,540,2,7200,1.02777777778
566506,566524,567048,18,524,2,7200,1.03435114504
566518,566536,567035,18,499,2,7200,1.03607214429
566525,566549,567061,24,512,2,7200,1.046875
566541,566562,567060,21,498,2,7200,1.0421686747
566548,566568,567078,20,510,2,7200,1.03921568627
566565,566580,567126,15,546,2,7200,1.02747252747
566566,566585,567141,19,556,2,7200,1.03417266187
566583,566598,567119,15,521,2,7200,1.02879078695
566584,566603,567126,19,523,2,7200,1.03632887189
566607,566618,567160,11,542,2,7200,1.02029520295
566687,566711,567223,24,512,2,7200,1.046875
566709,566723,567227,14,504,2,7200,1.02777777778
566839,566854,567368,15,514,2,7200,1.02918287938
566857,566868,567351,11,483,2,7200,1.02277432712
566873,566882,567408,9,526,2,7200,1.01711026616
566889,566896,567403,7,507,2,7200,1.01380670611
566890,566908,567421,18,513,2,7200,1.0350877193
566892,566913,567470,21,557,2,7200,1.03770197487
566924,566940,567470,16,530,2,7200,1.03018867925
566943,566954,567473,11,519,2,7200,1.02119460501
566959,566968,567466,9,498,2,7200,1.01807228916
566961,566973,567485,12,512,2,7200,1.0234375
566977,566987,567528,10,541,2,7200,1.01848428835
566978,566992,567525,14,533,2,7200,1.02626641651
566995,567006,567505,11,499,2,7200,1.02204408818
567011,567020,567535,9,515,2,7200,1.01747572816
567012,567025,567565,13,540,2,7200,1.02407407407
567028,567040,567587,12,547,2,7200,1.02193784278
567030,567045,567559,15,514,2,7200,1.02918287938
567046,567059,567582,13,523,2,7200,1.02485659656
567048,567064,567558,16,494,2,7200,1.03238866397
567064,567076,567581,12,505,2,7200,1.02376237624
567066,567089,567623,23,534,2,7200,1.04307116105
567073,567095,567604,22,509,2,7200,1.04322200393
567088,567107,567618,19,511,2,7200,1.03718199609
567123,567135,567652,12,517,2,7200,1.02321083172
567139,567149,567653,10,504,2,7200,1.01984126984
567141,567154,567664,13,510,2,7200,1.02549019608
567157,567168,567674,11,506,2,7200,1.02173913043
567173,567181,567735,8,554,2,7200,1.01444043321
567226,567235,567758,9,523,2,7200,1.017208413
567241,567249,567742,8,493,2,7200,1.01622718053
567352,567368,567889,16,521,2,7200,1.03071017274
567372,567382,567922,10,540,2,7200,1.01851851852
567406,567422,567907,16,485,2,7200,1.03298969072
567422,567434,567920,12,486,2,7200,1.02469135802
567424,567447,567977,23,530,2,7200,1.04339622642
567468,567475,568015,7,540,2,7200,1.01296296296
567484,567491,568038,7,547,2,7200,1.01279707495
567486,567503,568039,17,536,2,7200,1.03171641791
567487,567509,568015,22,506,2,7200,1.04347826087
567503,567521,568009,18,488,2,7200,1.0368852459
567518,567534,568060,16,526,2,7200,1.03041825095
567535,567547,568058,12,511,2,7200,1.02348336595
567536,567560,568075,24,515,2,7200,1.04660194175
567552,567573,568111,21,538,2,7200,1.03903345725
567568,567586,568099,18,513,2,7200,1.0350877193
567570,567592,568118,22,526,2,7200,1.04182509506
567582,567605,568170,23,565,2,7200,1.0407079646
567598,567617,568189,19,572,2,7200,1.03321678322
567605,567623,568149,18,526,2,7200,1.03422053232
567617,567635,568185,18,550,2,7200,1.03272727273
567633,567649,568164,16,515,2,7200,1.03106796117
567635,567654,568175,19,521,2,7200,1.03646833013
567647,567666,568177,19,511,2,7200,1.03718199609
567663,567679,568182,16,503,2,7200,1.03180914513
567665,567684,568198,19,514,2,7200,1.03696498054
567681,567696,568179,15,483,2,7200,1.03105590062
567682,567701,568191,19,490,2,7200,1.0387755102
567736,567742,568268,6,526,2,7200,1.01140684411
567751,567768,568294,17,526,2,7200,1.03231939163
567767,567781,568281,14,500,2,7200,1.028
567891,567901,568422,10,521,2,7200,1.01919385797
567910,567926,568429,16,503,2,7200,1.03180914513
567926,567939,568450,13,511,2,7200,1.02544031311
567928,567952,568441,24,489,2,7200,1.0490797546
567978,567993,568494,15,501,2,7200,1.02994011976
568012,568020,568538,8,518,2,7200,1.01544401544
568028,568034,568539,6,505,2,7200,1.01188118812
568029,568046,568563,17,517,2,7200,1.03288201161
568045,568059,568593,14,534,2,7200,1.02621722846
568047,568072,568623,25,551,2,7200,1.04537205082
568063,568085,568577,22,492,2,7200,1.04471544715
568070,568090,568661,20,571,2,7200,1.0350262697
568086,568103,568596,17,493,2,7200,1.03448275862
568101,568116,568649,15,533,2,7200,1.02814258912
568118,568131,568605,13,474,2,7200,1.02742616034
568134,568145,568681,11,536,2,7200,1.02052238806
568153,568160,568659,7,499,2,7200,1.01402805611
568169,568175,568666,6,491,2,7200,1.01221995927
568185,568202,568727,17,525,2,7200,1.03238095238
568187,568208,568763,21,555,2,7200,1.03783783784
568199,568220,568732,21,512,2,7200,1.041015625
568206,568226,568737,20,511,2,7200,1.03913894325
568218,568238,568728,20,490,2,7200,1.04081632653
568225,568244,568750,19,506,2,7200,1.03754940711
568242,568256,568752,14,496,2,7200,1.02822580645
568244,568262,568801,18,539,2,7200,1.03339517625
568256,568274,568775,18,501,2,7200,1.03592814371
568271,568287,568827,16,540,2,7200,1.02962962963
568287,568300,568832,13,532,2,7200,1.02443609023
568303,568314,568791,11,477,2,7200,1.02306079665
568423,568433,568944,10,511,2,7200,1.01956947162
568439,568447,568978,8,531,2,7200,1.01506591337
568455,568461,568987,6,526,2,7200,1.01140684411
568456,568474,568996,18,522,2,7200,1.03448275862
568497,568513,569026,16,513,2,7200,1.03118908382
568540,568554,569036,14,482,2,7200,1.02904564315
568542,568559,569037,17,478,2,7200,1.03556485356
568564,568572,569067,8,495,2,7200,1.01616161616
568580,568586,569127,6,541,2,7200,1.01109057301
568595,568602,569088,7,486,2,7200,1.01440329218
568611,568627,569131,16,504,2,7200,1.03174603175
568613,568632,569122,19,490,2,7200,1.0387755102
568629,568645,569158,16,513,2,7200,1.03118908382
568651,568660,569156,9,496,2,7200,1.01814516129
568668,568674,569179,6,505,2,7200,1.01188118812
568669,568686,569168,17,482,2,7200,1.03526970954
568671,568691,569213,20,522,2,7200,1.03831417625
568686,568703,569213,17,510,2,7200,1.03333333333
568730,568744,569249,14,505,2,7200,1.02772277228
568731,568749,569283,18,534,2,7200,1.03370786517
568748,568761,569295,13,534,2,7200,1.02434456929
568749,568766,569322,17,556,2,7200,1.03057553957
568766,568778,569300,12,522,2,7200,1.02298850575
568767,568791,569337,24,546,2,7200,1.04395604396
568774,568796,569297,22,501,2,7200,1.04391217565
568790,568808,569327,18,519,2,7200,1.03468208092
568806,568822,569333,16,511,2,7200,1.0313111546
568808,568827,569301,19,474,2,7200,1.04008438819
568830,568840,569345,10,505,2,7200,1.0198019802
568846,568854,569382,8,528,2,7200,1.01515151515
568947,568959,569474,12,515,2,7200,1.02330097087
568982,568998,569519,16,521,2,7200,1.03071017274
568997,569011,569519,14,508,2,7200,1.02755905512
568999,569025,569537,26,512,2,7200,1.05078125
569027,569039,569564,12,525,2,7200,1.02285714286
569044,569053,569585,9,532,2,7200,1.01691729323
569045,569058,569569,13,511,2,7200,1.02544031311
569070,569086,569604,16,518,2,7200,1.03088803089
569089,569100,569590,11,490,2,7200,1.02244897959
569124,569138,569650,14,512,2,7200,1.02734375
569139,569151,569647,12,496,2,7200,1.02419354839
569141,569164,569702,23,538,2,7200,1.04275092937
569157,569178,569660,21,482,2,7200,1.04356846473
569173,569190,569730,17,540,2,7200,1.03148148148
569174,569196,569680,22,484,2,7200,1.04545454545
569190,569208,569731,18,523,2,7200,1.034416826
569215,569222,569752,7,530,2,7200,1.01320754717
569217,569235,569758,18,523,2,7200,1.034416826
569251,569263,569757,12,494,2,7200,1.02429149798
569286,569301,569841,15,540,2,7200,1.02777777778
569303,569316,569845,13,529,2,7200,1.02457466919
569304,569321,569856,17,535,2,7200,1.03177570093
569316,569333,569789,17,456,2,7200,1.03728070175
569318,569338,569868,20,530,2,7200,1.03773584906
569335,569351,569922,16,571,2,7200,1.02802101576
569337,569356,569906,19,550,2,7200,1.03454545455
569349,569369,569908,20,539,2,7200,1.03710575139
569365,569382,569911,17,529,2,7200,1.03213610586
569366,569387,569888,21,501,2,7200,1.04191616766
569385,569399,569896,14,497,2,7200,1.02816901408
569428,781232,781233,211804,1,16,259200,21180.5
569477,569493,569999,16,506,2,7200,1.03162055336
569521,569533,570109,12,576,2,7200,1.02083333333
569523,569538,570053,15,515,2,7200,1.02912621359
569542,569553,570051,11,498,2,7200,1.02208835341
569567,569580,570065,13,485,2,7200,1.02680412371
569582,569594,570118,12,524,2,7200,1.02290076336
569598,569608,570107,10,499,2,7200,1.02004008016
569600,569613,570145,13,532,2,7200,1.02443609023
569616,569626,570146,10,520,2,7200,1.01923076923
569650,569665,570222,15,557,2,7200,1.02692998205
569666,569680,570240,14,560,2,7200,1.025
569668,569685,570212,17,527,2,7200,1.03225806452
569684,569697,570241,13,544,2,7200,1.02389705882
569706,569713,570200,7,487,2,7200,1.01437371663
569734,569740,570263,6,523,2,7200,1.01147227533
569736,569752,570313,16,561,2,7200,1.02852049911
569755,569767,570294,12,527,2,7200,1.02277039848
569771,569781,570289,10,508,2,7200,1.01968503937
569773,569786,570342,13,556,2,7200,1.02338129496
569791,569800,570326,9,526,2,7200,1.01711026616
569844,569853,570337,9,484,2,7200,1.01859504132
569860,569867,570376,7,509,2,7200,1.0137524558
569861,569879,570374,18,495,2,7200,1.03636363636
569877,569892,570426,15,534,2,7200,1.02808988764
569892,569905,570400,13,495,2,7200,1.02626262626
569909,569920,570441,11,521,2,7200,1.02111324376
569910,569925,570477,15,552,2,7200,1.02717391304
569917,569937,570467,20,530,2,7200,1.03773584906
569933,569950,570509,17,559,2,7200,1.03041144902
569934,569955,570490,21,535,2,7200,1.03925233645
570003,570009,570553,6,544,2,7200,1.01102941176
570052,570062,570630,10,568,2,7200,1.0176056338
570068,570077,570600,9,523,2,7200,1.017208413
570070,570082,570641,12,559,2,7200,1.02146690519
570111,570122,570579,11,457,2,7200,1.02407002188
570112,570127,570628,15,501,2,7200,1.02994011976
570128,570139,570680,11,541,2,7200,1.02033271719
570147,570154,570640,7,486,2,7200,1.01440329218
570148,570166,570651,18,485,2,7200,1.03711340206
570204,570219,570714,15,495,2,7200,1.0303030303
570220,570231,570763,11,532,2,7200,1.02067669173
570236,570245,570753,9,508,2,7200,1.01771653543
570251,570259,570823,8,564,2,7200,1.01418439716
570253,570265,570798,12,533,2,7200,1.02251407129
570269,570279,570798,10,519,2,7200,1.01926782274
570291,570306,570844,15,538,2,7200,1.02788104089
570306,570318,570875,12,557,2,7200,1.02154398564
570322,570333,570861,11,528,2,7200,1.02083333333
570338,570346,570879,8,533,2,7200,1.01500938086
570340,570351,570880,11,529,2,7200,1.02079395085
570356,570366,570910,10,544,2,7200,1.01838235294
570378,570393,570963,15,570,2,7200,1.02631578947
570380,570398,570920,18,522,2,7200,1.03448275862
570405,570412,570929,7,517,2,7200,1.01353965184
570430,570439,570941,9,502,2,7200,1.01792828685
570445,570452,571014,7,562,2,7200,1.01245551601
570470,570478,570950,8,472,2,7200,1.01694915254
570486,570492,570990,6,498,2,7200,1.01204819277
570501,570517,571042,16,525,2,7200,1.03047619048
570517,570530,571016,13,486,2,7200,1.02674897119
570554,570570,571070,16,500,2,7200,1.032
570580,570596,571131,16,535,2,7200,1.02990654206
570602,570611,571120,9,509,2,7200,1.01768172888
570630,570638,571167,8,529,2,7200,1.01512287335
570646,570664,571167,18,503,2,7200,1.03578528827
570648,570677,571172,29,495,2,7200,1.05858585859
570660,570682,571194,22,512,2,7200,1.04296875
570676,570694,571251,18,557,2,7200,1.03231597846
570692,570708,571182,16,474,2,7200,1.03375527426
570717,570723,571230,6,507,2,7200,1.01183431953
570757,570765,571284,8,519,2,7200,1.01541425819
570773,570779,571267,6,488,2,7200,1.01229508197
570801,570808,571306,7,498,2,7200,1.0140562249
570803,570821,571368,18,547,2,7200,1.03290676417
570825,570836,571322,11,486,2,7200,1.02263374486
570847,570863,571396,16,533,2,7200,1.03001876173
570863,570875,571392,12,517,2,7200,1.02321083172
570877,781237,781238,210360,1,16,259200,21036.1
570879,570890,571402,11,512,2,7200,1.021484375
570895,570904,571418,9,514,2,7200,1.01750972763
570897,570909,571429,12,520,2,7200,1.02307692308
570913,570924,571434,11,510,2,7200,1.02156862745
570929,570938,571461,9,523,2,7200,1.017208413
570945,570952,571493,7,541,2,7200,1.01293900185
570947,570964,571478,17,514,2,7200,1.03307392996
570963,570977,571508,14,531,2,7200,1.0263653484
570979,570992,571504,13,512,2,7200,1.025390625
570995,571006,571542,11,536,2,7200,1.02052238806
571017,571033,571550,16,517,2,7200,1.03094777563
571019,571039,571557,20,518,2,7200,1.03861003861
571045,571053,571566,8,513,2,7200,1.01559454191
571073,571080,571623,7,543,2,7200,1.01289134438
571122,571133,571633,11,500,2,7200,1.022
571138,571147,571636,9,489,2,7200,1.01840490798
571170,571186,571693,16,507,2,7200,1.0315581854
571172,571198,571699,26,501,2,7200,1.05189620758
571188,571211,571671,23,460,2,7200,1.05
571195,571217,571756,22,539,2,7200,1.04081632653
571211,571229,571764,18,535,2,7200,1.03364485981
571233,571244,571729,11,485,2,7200,1.02268041237
571255,571271,571783,16,512,2,7200,1.03125
571271,571283,571810,12,527,2,7200,1.02277039848
571287,571298,571831,11,533,2,7200,1.02063789869
571309,571325,571825,16,500,2,7200,1.032
571325,571337,571870,12,533,2,7200,1.02251407129
571372,571379,571878,7,499,2,7200,1.01402805611
571394,571405,571941,11,536,2,7200,1.02052238806
571410,571420,571917,10,497,2,7200,1.02012072435
571411,571425,571970,14,545,2,7200,1.02568807339
571428,571439,571957,11,518,2,7200,1.02123552124
571444,571452,572019,8,567,2,7200,1.01410934744
571445,571458,571956,13,498,2,7200,1.02610441767
571464,571472,571973,8,501,2,7200,1.01596806387
571480,571487,571968,7,481,2,7200,1.01455301455
571496,571512,572064,16,552,2,7200,1.02898550725
571512,571525,572093,13,568,2,7200,1.02288732394
571514,571539,572073,25,534,2,7200,1.0468164794
571545,571552,572051,7,499,2,7200,1.01402805611
571561,571578,572131,17,553,2,7200,1.03074141049
571563,571591,572114,28,523,2,7200,1.05353728489
571579,571597,572166,18,569,2,7200,1.0316344464
571626,571637,572141,11,504,2,7200,1.02182539683
571642,571651,572199,9,548,2,7200,1.01642335766
571644,571656,572183,12,527,2,7200,1.02277039848
571675,571683,572195,8,512,2,7200,1.015625
571698,571710,572226,12,516,2,7200,1.02325581395
571714,571724,572182,10,458,2,7200,1.02183406114
571733,571749,572256,16,507,2,7200,1.0315581854
571758,571765,572309,7,544,2,7200,1.01286764706
571774,571790,572323,16,533,2,7200,1.03001876173
571789,571803,572323,14,520,2,7200,1.02692307692
571812,571818,572352,6,534,2,7200,1.01123595506
571827,571843,572377,16,534,2,7200,1.02996254682
571843,571857,572379,14,522,2,7200,1.02681992337
571871,571884,572391,13,507,2,7200,1.02564102564
571887,571898,572381,11,483,2,7200,1.02277432712
571918,571926,572446,8,520,2,7200,1.01538461538
571944,571953,572468,9,515,2,7200,1.01747572816
571959,571966,572513,7,547,2,7200,1.01279707495
571961,571979,572527,18,548,2,7200,1.03284671533
571977,571992,572511,15,519,2,7200,1.0289017341
571979,571998,572513,19,515,2,7200,1.03689320388
571991,572010,572547,19,537,2,7200,1.03538175047
572022,572038,572569,16,531,2,7200,1.03013182674
572053,572065,572639,12,574,2,7200,1.02090592334
572069,572079,572579,10,500,2,7200,1.02
572085,572093,572600,8,507,2,7200,1.0157790927
572100,572107,572612,7,505,2,7200,1.01386138614
572116,572132,572692,16,560,2,7200,1.02857142857
572135,572147,572668,12,521,2,7200,1.02303262956
572151,572161,572686,10,525,2,7200,1.01904761905
572167,572174,572691,7,517,2,7200,1.01353965184
572183,572200,572715,17,515,2,7200,1.03300970874
572200,572214,572744,14,530,2,7200,1.02641509434
572201,572227,572763,26,536,2,7200,1.04850746269
572213,572232,572746,19,514,2,7200,1.03696498054
572230,572244,572763,14,519,2,7200,1.02697495183
572258,572272,572815,14,543,2,7200,1.02578268877
572310,572325,572816,15,491,2,7200,1.03054989817
572327,572339,572866,12,527,2,7200,1.02277039848
572328,572344,572916,16,572,2,7200,1.02797202797
572356,572371,572890,15,519,2,7200,1.0289017341
572378,572384,572899,6,515,2,7200,1.01165048544
572394,572409,572942,15,533,2,7200,1.02814258912
572396,572422,572926,26,504,2,7200,1.05158730159
572408,572428,572936,20,508,2,7200,1.03937007874
572449,572456,572932,7,476,2,7200,1.01470588235
572471,572483,573042,12,559,2,7200,1.02146690519
572515,572523,573057,8,534,2,7200,1.01498127341
572516,572528,573035,12,507,2,7200,1.02366863905
572523,572540,573068,17,528,2,7200,1.0321969697
572539,572553,573066,14,513,2,7200,1.02729044834
572554,572567,573072,13,505,2,7200,1.02574257426
572574,572582,573092,8,510,2,7200,1.01568627451
572589,572596,573134,7,538,2,7200,1.01301115242
572605,572611,573123,6,512,2,7200,1.01171875
572620,572636,573190,16,554,2,7200,1.02888086643
572642,572651,573177,9,526,2,7200,1.01711026616
572670,572678,573147,8,469,2,7200,1.0170575693
572690,572705,573190,15,485,2,7200,1.03092783505
572705,572717,573248,12,531,2,7200,1.02259887006
572707,572730,573250,23,520,2,7200,1.04423076923
572723,572743,573229,20,486,2,7200,1.04115226337
572748,572758,573256,10,498,2,7200,1.02008032129
572750,572763,573289,13,526,2,7200,1.0247148289
572766,572777,573302,11,525,2,7200,1.02095238095
572768,572782,573293,14,511,2,7200,1.02739726027
572817,572823,573318,6,495,2,7200,1.01212121212
572819,572836,573354,17,518,2,7200,1.03281853282
572869,572876,573400,7,524,2,7200,1.01335877863
572894,572903,573427,9,524,2,7200,1.01717557252
572909,572917,573415,8,498,2,7200,1.01606425703
572925,572942,573519,17,577,2,7200,1.0294627383
572941,572955,573501,14,546,2,7200,1.02564102564
572943,572968,573480,25,512,2,7200,1.048828125
572955,572974,573471,19,497,2,7200,1.03822937626
572971,572986,573474,15,488,2,7200,1.03073770492
573039,573053,573544,14,491,2,7200,1.02851323829
573055,573066,573552,11,486,2,7200,1.02263374486
573072,573080,573615,8,535,2,7200,1.01495327103
573074,573085,573606,11,521,2,7200,1.02111324376
573080,573097,573621,17,524,2,7200,1.03244274809
573096,573110,573626,14,516,2,7200,1.02713178295
573098,573123,573686,25,563,2,7200,1.04440497336
573123,573136,573710,13,574,2,7200,1.02264808362
573139,573151,573681,12,530,2,7200,1.02264150943
573155,573165,573693,10,528,2,7200,1.01893939394
573180,573192,573717,12,525,2,7200,1.02285714286
573196,573205,573706,9,501,2,7200,1.01796407186
573198,573210,573703,12,493,2,7200,1.02434077079
573232,573248,573813,16,565,2,7200,1.02831858407
573252,573263,573788,11,525,2,7200,1.02095238095
573253,573268,573839,15,571,2,7200,1.02626970228
573270,573281,573787,11,506,2,7200,1.02173913043
573292,573307,573855,15,548,2,7200,1.02737226277
573307,573320,573822,13,502,2,7200,1.02589641434
573309,573333,573862,24,529,2,7200,1.04536862004
573325,573346,573874,21,528,2,7200,1.03977272727
573356,573363,573882,7,519,2,7200,1.01348747592
573403,573443,573945,40,502,2,7200,1.0796812749
573419,573448,573976,29,528,2,7200,1.05492424242
573440,573461,573971,21,510,2,7200,1.04117647059
573474,573489,574017,15,528,2,7200,1.02840909091
573476,573494,574031,18,537,2,7200,1.03351955307
573493,573506,574026,13,520,2,7200,1.025
573509,573521,574052,12,531,2,7200,1.02259887006
573525,573535,574069,10,534,2,7200,1.01872659176
573547,573562,574057,15,495,2,7200,1.0303030303
573563,573574,574096,11,522,2,7200,1.02107279693
573609,573616,574129,7,513,2,7200,1.01364522417
573625,573641,574141,16,500,2,7200,1.032
573627,573684,574233,57,549,2,7200,1.10382513661
573643,573697,574253,54,556,2,7200,1.09712230216
573683,573703,574205,20,502,2,7200,1.03984063745
573699,573715,574229,16,514,2,7200,1.03112840467
573701,573720,574275,19,555,2,7200,1.03423423423
573718,573733,574260,15,527,2,7200,1.0284629981
573720,573739,574295,19,556,2,7200,1.03417266187
573732,573751,574294,19,543,2,7200,1.0349907919
573738,573756,574261,18,505,2,7200,1.03564356436
573791,573807,574324,16,517,2,7200,1.03094777563
573793,573821,574378,28,557,2,7200,1.05026929982
573815,573833,574368,18,535,2,7200,1.03364485981
573831,573846,574323,15,477,2,7200,1.03144654088
573846,573860,574373,14,513,2,7200,1.02729044834
573863,573874,574373,11,499,2,7200,1.02204408818
573864,573879,574413,15,534,2,7200,1.02808988764
573881,573893,574446,12,553,2,7200,1.02169981917
573897,573907,574414,10,507,2,7200,1.01972386588
573950,573960,574469,10,509,2,7200,1.01964636542
573972,573987,574504,15,517,2,7200,1.02901353965
573988,574000,574509,12,509,2,7200,1.02357563851
574019,574028,574524,9,496,2,7200,1.01814516129
574035,574041,574519,6,478,2,7200,1.01255230126
574037,574053,574606,16,553,2,7200,1.02893309222
574056,574068,574552,12,484,2,7200,1.02479338843
574072,574082,574584,10,502,2,7200,1.01992031873
574074,574087,574641,13,554,2,7200,1.02346570397
574099,574114,574618,15,504,2,7200,1.02976190476
574133,574141,574639,8,498,2,7200,1.01606425703
574149,574166,574665,17,499,2,7200,1.03406813627
574208,574221,574704,13,483,2,7200,1.02691511387
574233,574248,574790,15,542,2,7200,1.02767527675
574249,574262,574776,13,514,2,7200,1.02529182879
574266,574276,574831,10,555,2,7200,1.01801801802
574267,574281,574809,14,528,2,7200,1.02651515152
574274,574294,574829,20,535,2,7200,1.03738317757
574290,574307,574872,17,565,2,7200,1.03008849558
574306,574320,574852,14,532,2,7200,1.02631578947
574307,574326,574857,19,531,2,7200,1.03578154426
574326,574338,574803,12,465,2,7200,1.02580645161
574328,574351,574845,23,494,2,7200,1.04655870445
574371,574378,574928,7,550,2,7200,1.01272727273
574387,574395,574921,8,526,2,7200,1.01520912548
574389,574407,574932,18,525,2,7200,1.03428571429
574391,574412,574941,21,529,2,7200,1.03969754253
574416,574426,574946,10,520,2,7200,1.01923076923
574418,574431,574927,13,496,2,7200,1.02620967742
574449,574459,575034,10,575,2,7200,1.01739130435
574471,574486,575039,15,553,2,7200,1.02712477396
574506,574512,574993,6,481,2,7200,1.01247401247
574522,574539,575020,17,481,2,7200,1.03534303534
574523,574551,575097,28,546,2,7200,1.05128205128
574539,574557,575097,18,540,2,7200,1.03333333333
574555,574569,575095,14,526,2,7200,1.02661596958
574586,574597,575128,11,531,2,7200,1.02071563089
574609,574624,575123,15,499,2,7200,1.03006012024
574625,574636,575175,11,539,2,7200,1.02040816327
574641,574651,575141,10,490,2,7200,1.02040816327
574642,574656,575164,14,508,2,7200,1.02755905512
574668,574683,575197,15,514,2,7200,1.02918287938
574705,574721,575246,16,525,2,7200,1.03047619048
574780,574788,575263,8,475,2,7200,1.01684210526
574796,574802,575341,6,539,2,7200,1.01113172542
574812,574827,575347,15,520,2,7200,1.02884615385
574814,574840,575312,26,472,2,7200,1.05508474576
574833,574854,575416,21,562,2,7200,1.03736654804
574840,574859,575424,19,565,2,7200,1.03362831858
574857,574871,575366,14,495,2,7200,1.02828282828
574858,574877,575408,19,531,2,7200,1.03578154426
574875,574889,575405,14,516,2,7200,1.02713178295
574877,574894,575387,17,493,2,7200,1.03448275862
574923,574934,575441,11,507,2,7200,1.02169625247
574940,574948,575505,8,557,2,7200,1.01436265709
574941,574953,575476,12,523,2,7200,1.02294455067
574948,574965,575506,17,541,2,7200,1.0314232902
574964,574978,575483,14,505,2,7200,1.02772277228
574966,574984,575511,18,527,2,7200,1.03415559772
574995,575010,575556,15,546,2,7200,1.02747252747
575023,575037,575568,14,531,2,7200,1.0263653484
575039,575051,575588,12,537,2,7200,1.02234636872
575041,575056,575603,15,547,2,7200,1.02742230347
575098,575124,575625,26,501,2,7200,1.05189620758
575099,575129,575684,30,555,2,7200,1.05405405405
575122,575141,575652,19,511,2,7200,1.03718199609
575138,575154,575680,16,526,2,7200,1.03041825095
575140,575160,575675,20,515,2,7200,1.03883495146
575156,575172,575707,16,535,2,7200,1.02990654206
575171,575185,575741,14,556,2,7200,1.02517985612
575188,575200,575709,12,509,2,7200,1.02357563851
575204,575214,575732,10,518,2,7200,1.01930501931
575247,575253,575809,6,556,2,7200,1.01079136691
575266,575281,575751,15,470,2,7200,1.03191489362
575316,575322,575820,6,498,2,7200,1.01204819277
575344,575350,575852,6,502,2,7200,1.01195219124
575359,575376,575884,17,508,2,7200,1.03346456693
575375,575389,575891,14,502,2,7200,1.02788844622
575391,575404,575981,13,577,2,7200,1.02253032929
575408,575418,575956,10,538,2,7200,1.01858736059
575424,575432,575990,8,558,2,7200,1.01433691756
575425,575437,575917,12,480,2,7200,1.025
575441,575451,575916,10,465,2,7200,1.02150537634
575443,575456,575944,13,488,2,7200,1.02663934426
575480,575496,575991,16,495,2,7200,1.03232323232
575496,575508,576047,12,539,2,7200,1.02226345083
575512,575523,576056,11,533,2,7200,1.02063789869
575514,575528,576021,14,493,2,7200,1.02839756592
575520,575540,576102,20,562,2,7200,1.03558718861
575558,575568,576128,10,560,2,7200,1.01785714286
575573,575582,576098,9,516,2,7200,1.01744186047
575589,575596,576069,7,473,2,7200,1.01479915433
575605,575621,576150,16,529,2,7200,1.03024574669
575627,575635,576150,8,515,2,7200,1.01553398058
575655,575663,576150,8,487,2,7200,1.01642710472
575677,575690,576214,13,524,2,7200,1.02480916031
575694,575704,576199,10,495,2,7200,1.0202020202
575695,575709,576212,14,503,2,7200,1.02783300199
575712,575723,576266,11,543,2,7200,1.02025782689
575713,575728,576254,15,526,2,7200,1.02851711027
575735,575742,576268,7,526,2,7200,1.01330798479
575751,575767,576270,16,503,2,7200,1.03180914513
575753,575780,576311,27,531,2,7200,1.05084745763
575812,575822,576342,10,520,2,7200,1.01923076923
575828,575836,576323,8,487,2,7200,1.01642710472
575856,575862,576394,6,532,2,7200,1.01127819549
575887,575902,576410,15,508,2,7200,1.02952755906
575903,575914,576393,11,479,2,7200,1.02296450939
575919,575929,576428,10,499,2,7200,1.02004008016
575920,575934,576467,14,533,2,7200,1.02626641651
575945,575961,576462,16,501,2,7200,1.03193612774
575961,575972,576524,11,552,2,7200,1.01992753623
575983,575998,576515,15,517,2,7200,1.02901353965
575999,576012,576518,13,506,2,7200,1.0256916996
576000,576025,576510,25,485,2,7200,1.05154639175
576026,576038,576568,12,530,2,7200,1.02264150943
576051,576066,576530,15,464,2,7200,1.03232758621
576066,576078,576547,12,469,2,7200,1.02558635394
576082,576093,576636,11,543,2,7200,1.02025782689
576101,576108,576638,7,530,2,7200,1.01320754717
576117,576133,576641,16,508,2,7200,1.03149606299
576132,576146,576706,14,560,2,7200,1.025
576152,576160,576636,8,476,2,7200,1.01680672269
576153,576166,576695,13,529,2,7200,1.02457466919
576155,580001,594447,3846,14446,25,14399,1.26623286723
576160,576178,576694,18,516,2,7200,1.03488372093
576201,576217,576727,16,510,2,7200,1.03137254902
576217,576231,576805,14,574,2,7200,1.0243902439
576219,576236,576765,17,529,2,7200,1.03213610586
576256,576263,576778,7,515,2,7200,1.01359223301
576272,576288,576830,16,542,2,7200,1.0295202952
576274,576301,576800,27,499,2,7200,1.05410821643
576286,576307,576846,21,539,2,7200,1.03896103896
576314,576321,576830,7,509,2,7200,1.0137524558
576330,576346,576845,16,499,2,7200,1.03206412826
576346,576359,576870,13,511,2,7200,1.02544031311
576395,576402,576927,7,525,2,7200,1.01333333333
576397,576414,576951,17,537,2,7200,1.03165735568
576413,576427,576978,14,551,2,7200,1.02540834846
576432,576442,576964,10,522,2,7200,1.01915708812
576466,576472,576965,6,493,2,7200,1.0121703854
576481,576498,577009,17,511,2,7200,1.03326810176
576513,576526,577040,13,514,2,7200,1.02529182879
576530,576540,577051,10,511,2,7200,1.01956947162
576532,576545,577073,13,528,2,7200,1.02462121212
576538,576557,577104,19,547,2,7200,1.03473491773
576554,576570,577059,16,489,2,7200,1.0327198364
576556,576575,577106,19,531,2,7200,1.03578154426
576572,576588,577101,16,513,2,7200,1.03118908382
576639,576654,577129,15,475,2,7200,1.03157894737
576640,576667,577154,27,487,2,7200,1.05544147844
576652,576672,577149,20,477,2,7200,1.04192872117
576669,576684,577217,15,533,2,7200,1.02814258912
576697,576712,577262,15,550,2,7200,1.02727272727
576699,576717,577277,18,560,2,7200,1.03214285714
576715,576729,577280,14,551,2,7200,1.02540834846
576731,576744,577274,13,530,2,7200,1.02452830189
576757,594459,601692,17702,7233,20,7199,3.44739388912
576768,576784,577282,16,498,2,7200,1.03212851406
576784,576795,577349,11,554,2,7200,1.01985559567
576803,576811,577303,8,492,2,7200,1.0162601626
576818,576826,577316,8,490,2,7200,1.01632653061
576834,576840,577340,6,500,2,7200,1.012
576836,576853,577343,17,490,2,7200,1.03469387755
576852,576866,577417,14,551,2,7200,1.02540834846
576853,576872,577373,19,501,2,7200,1.0379241517
576873,576886,577387,13,501,2,7200,1.02594810379
576929,576939,577455,10,516,2,7200,1.01937984496
576954,576966,577513,12,547,2,7200,1.02193784278
576970,576979,577504,9,525,2,7200,1.01714285714
576972,576984,577533,12,549,2,7200,1.0218579235
576988,576998,577518,10,520,2,7200,1.01923076923
577013,577025,577547,12,522,2,7200,1.02298850575
577041,577052,577573,11,521,2,7200,1.02111324376
577057,577066,577633,9,567,2,7200,1.01587301587
577073,577080,577582,7,502,2,7200,1.01394422311
577075,577092,577641,17,549,2,7200,1.03096539162
577103,577118,577600,15,482,2,7200,1.03112033195
577120,577133,577660,13,527,2,7200,1.02466793169
577121,577138,577699,17,561,2,7200,1.0303030303
577137,577150,577639,13,489,2,7200,1.02658486708
577154,577165,577653,11,488,2,7200,1.02254098361
577169,577179,577669,10,490,2,7200,1.02040816327
577220,577232,577784,12,552,2,7200,1.02173913043
577266,577285,577791,19,506,2,7200,1.03754940711
577283,577297,577790,14,493,2,7200,1.02839756592
577285,577302,577808,17,506,2,7200,1.03359683794
577297,577314,577866,17,552,2,7200,1.03079710145
577298,577319,577857,21,538,2,7200,1.03903345725
577314,577331,577827,17,496,2,7200,1.03427419355
577330,577344,577904,14,560,2,7200,1.025
577347,577359,577790,12,431,2,7200,1.02784222738
577348,577364,577868,16,504,2,7200,1.03174603175
577364,577376,577875,12,499,2,7200,1.02404809619
577380,577391,577900,11,509,2,7200,1.02161100196
577395,577405,577919,10,514,2,7200,1.01945525292
577420,577432,577953,12,521,2,7200,1.02303262956
577457,577472,578011,15,539,2,7200,1.02782931354
577507,577523,578076,16,553,2,7200,1.02893309222
577523,577536,577985,13,449,2,7200,1.0289532294
577525,577550,578038,25,488,2,7200,1.0512295082
577541,577562,578048,21,486,2,7200,1.04320987654
577556,577576,578074,20,498,2,7200,1.04016064257
577575,577589,578069,14,480,2,7200,1.02916666667
577592,577604,578115,12,511,2,7200,1.02348336595
577608,577617,578172,9,555,2,7200,1.01621621622
577636,577644,578144,8,500,2,7200,1.016
577651,577658,578136,7,478,2,7200,1.01464435146
577653,577670,578208,17,538,2,7200,1.03159851301
577669,577683,578201,14,518,2,7200,1.02702702703
577671,577688,578190,17,502,2,7200,1.03386454183
577683,577700,578233,17,533,2,7200,1.03189493433
577703,577715,578265,12,550,2,7200,1.02181818182
577786,577794,578322,8,528,2,7200,1.01515151515
577802,577819,578322,17,503,2,7200,1.0337972167
577804,577832,578350,28,518,2,7200,1.05405405405
577816,577838,578336,22,498,2,7200,1.04417670683
577832,577850,578367,18,517,2,7200,1.03481624758
577834,577856,578317,22,461,2,7200,1.04772234273
577859,577870,578343,11,473,2,7200,1.02325581395
577876,577884,578364,8,480,2,7200,1.01666666667
577877,577889,578444,12,555,2,7200,1.02162162162
577885,577902,578386,17,484,2,7200,1.03512396694
577904,577917,578447,13,530,2,7200,1.02452830189
577906,577922,578397,16,475,2,7200,1.03368421053
577922,577934,578426,12,492,2,7200,1.0243902439
577958,577976,578522,18,546,2,7200,1.03296703297
577986,578003,578521,17,518,2,7200,1.03281853282
578015,578030,578509,15,479,2,7200,1.03131524008
578040,578057,578563,17,506,2,7200,1.03359683794
578055,578069,578590,14,521,2,7200,1.02687140115
578072,578084,578600,12,516,2,7200,1.02325581395
578088,578098,578646,10,548,2,7200,1.01824817518
578090,578103,578616,13,513,2,7200,1.0253411306
578118,578131,578643,13,512,2,7200,1.025390625
578139,578156,578684,17,528,2,7200,1.0321969697
578155,578169,578675,14,506,2,7200,1.02766798419
578174,578184,578708,10,524,2,7200,1.01908396947
578193,578209,578710,16,501,2,7200,1.03193612774
578209,578222,578735,13,513,2,7200,1.0253411306
578225,578237,578762,12,525,2,7200,1.02285714286
578241,578251,578812,10,561,2,7200,1.01782531194
578269,578278,578771,9,493,2,7200,1.01825557809
578321,578331,578815,10,484,2,7200,1.02066115702
578323,578336,578853,13,517,2,7200,1.0251450677
578340,578351,578897,11,546,2,7200,1.02014652015
578341,578357,578869,16,512,2,7200,1.03125
578357,578369,578913,12,544,2,7200,1.02205882353
578359,578382,578911,23,529,2,7200,1.04347826087
578374,578395,578939,21,544,2,7200,1.03860294118
578381,578401,578903,20,502,2,7200,1.03984063745
578398,578413,578924,15,511,2,7200,1.02935420744
578399,578419,578922,20,503,2,7200,1.03976143141
578428,578444,578916,16,472,2,7200,1.03389830508
578447,578459,578975,12,516,2,7200,1.02325581395
578449,578464,578974,15,510,2,7200,1.02941176471
578511,578518,579075,7,557,2,7200,1.01256732496
578527,578544,579050,17,506,2,7200,1.03359683794
578529,578549,579061,20,512,2,7200,1.0390625
578566,578576,579121,10,545,2,7200,1.01834862385
578595,578603,579141,8,538,2,7200,1.01486988848
578610,578617,579134,7,517,2,7200,1.01353965184
578626,578642,579147,16,505,2,7200,1.03168316832
578645,578657,579179,12,522,2,7200,1.02298850575
578661,578671,579195,10,524,2,7200,1.01908396947
578679,578696,579243,17,547,2,7200,1.0310786106
578695,578709,579244,14,535,2,7200,1.0261682243
578711,578724,579268,13,544,2,7200,1.02389705882
578713,578729,579262,16,533,2,7200,1.03001876173
578738,578745,579270,7,525,2,7200,1.01333333333
578764,578771,579321,7,550,2,7200,1.01272727273
578779,578786,579258,7,472,2,7200,1.01483050847
578817,578826,579322,9,496,2,7200,1.01814516129
578819,578831,579355,12,524,2,7200,1.02290076336
578856,578863,579382,7,519,2,7200,1.01348747592
578872,578878,579423,6,545,2,7200,1.01100917431
578900,578906,579436,6,530,2,7200,1.01132075472
578916,578922,579455,6,533,2,7200,1.01125703565
578918,578942,579459,24,517,2,7200,1.04642166344
578919,578948,579484,29,536,2,7200,1.05410447761
578942,578960,579465,18,505,2,7200,1.03564356436
578958,578973,579488,15,515,2,7200,1.02912621359
578960,578978,579521,18,543,2,7200,1.03314917127
578972,578991,579514,19,523,2,7200,1.03632887189
578987,579004,579554,17,550,2,7200,1.03090909091
578989,579009,579504,20,495,2,7200,1.0404040404
579054,579062,579571,8,509,2,7200,1.01571709234
579069,579076,579590,7,514,2,7200,1.01361867704
579085,579101,579582,16,481,2,7200,1.03326403326
579123,579142,579680,19,538,2,7200,1.03531598513
579139,579154,579647,15,493,2,7200,1.03042596349
579155,579167,579694,12,527,2,7200,1.02277039848
579156,579180,579730,24,550,2,7200,1.04363636364
579181,579195,579707,14,512,2,7200,1.02734375
579198,579209,579737,11,528,2,7200,1.02083333333
579247,579262,579780,15,518,2,7200,1.02895752896
579249,579267,579807,18,540,2,7200,1.03333333333
579265,579279,579777,14,498,2,7200,1.0281124498
579266,579284,579797,18,513,2,7200,1.0350877193
579283,579296,579886,13,590,2,7200,1.02203389831
579285,579302,579805,17,503,2,7200,1.0337972167
579325,579342,579896,17,554,2,7200,1.03068592058
579327,579347,579879,20,532,2,7200,1.03759398496
579358,579374,579912,16,538,2,7200,1.02973977695
579386,579401,579932,15,531,2,7200,1.02824858757
579427,579441,579940,14,499,2,7200,1.02805611222
579443,579455,579962,12,507,2,7200,1.02366863905
579459,579469,579988,10,519,2,7200,1.01926782274
579461,579481,580008,20,527,2,7200,1.03795066414
579477,579494,580012,17,518,2,7200,1.03281853282
579493,579507,580036,14,529,2,7200,1.02646502836
579494,579513,580041,19,528,2,7200,1.03598484848
579510,579525,580072,15,547,2,7200,1.02742230347
579526,579539,580061,13,522,2,7200,1.02490421456
579527,579545,580058,18,513,2,7200,1.0350877193
579558,579572,580064,14,492,2,7200,1.02845528455
579575,579586,580147,11,561,2,7200,1.01960784314
579590,579600,580096,10,496,2,7200,1.02016129032
579592,579612,580143,20,531,2,7200,1.03766478343
579651,579666,580200,15,534,2,7200,1.02808988764
579682,579693,580219,11,526,2,7200,1.02091254753
579698,579706,580201,8,495,2,7200,1.01616161616
579713,579720,580224,7,504,2,7200,1.01388888889
579732,579747,580261,15,514,2,7200,1.02918287938
579748,579761,580294,13,533,2,7200,1.0243902439
579780,579799,580328,19,529,2,7200,1.0359168242
579781,579812,580333,31,521,2,7200,1.05950095969
579800,579825,580375,25,550,2,7200,1.04545454545
579816,579838,580310,22,472,2,7200,1.04661016949
579823,579844,580370,21,526,2,7200,1.03992395437
579882,579897,580408,15,511,2,7200,1.02935420744
579898,579909,580416,11,507,2,7200,1.02169625247
579899,579922,580412,23,490,2,7200,1.04693877551
579915,579935,580445,20,510,2,7200,1.03921568627
579937,579950,580524,13,574,2,7200,1.02264808362
579953,579964,580449,11,485,2,7200,1.02268041237
579968,580014,580537,46,523,2,7200,1.0879541109
579990,580019,580541,29,522,2,7200,1.05555555556
580012,580027,580552,15,525,2,7200,1.02857142857
580019,580032,580546,13,514,2,7200,1.02529182879
580038,580044,580602,6,558,2,7200,1.01075268817
580054,580061,580561,7,500,2,7200,1.014
580070,580076,580610,6,534,2,7200,1.01123595506
580071,580083,580555,12,472,2,7200,1.02542372881
580073,580088,580600,15,512,2,7200,1.029296875
580089,580095,580546,6,451,2,7200,1.0133037694
580104,580111,580649,7,538,2,7200,1.01301115242
580145,580151,580618,6,467,2,7200,1.01284796574
580160,580166,580696,6,530,2,7200,1.01132075472
580203,580210,580692,7,482,2,7200,1.01452282158
580205,580217,580738,12,521,2,7200,1.02303262956
580221,580227,580774,6,547,2,7200,1.01096892139
580237,580243,580743,6,500,2,7200,1.012
580265,580271,580729,6,458,2,7200,1.01310043668
580296,580302,580773,6,471,2,7200,1.0127388535
580312,580319,580865,7,546,2,7200,1.01282051282
580330,580337,580883,7,546,2,7200,1.01282051282
580346,580353,580866,7,513,2,7200,1.01364522417
580374,580380,580895,6,515,2,7200,1.01165048544
580389,580396,580898,7,502,2,7200,1.01394422311
580411,580417,580908,6,491,2,7200,1.01221995927
580427,580433,580944,6,511,2,7200,1.01174168297
580429,580439,580967,10,528,2,7200,1.01893939394
580448,580454,580983,6,529,2,7200,1.01134215501
580463,580469,580988,6,519,2,7200,1.01156069364
580525,580531,581038,6,507,2,7200,1.01183431953
580541,580548,581036,7,488,2,7200,1.0143442623
580557,580564,581074,7,510,2,7200,1.0137254902
580559,580571,581107,12,536,2,7200,1.0223880597
580561,580576,581119,15,543,2,7200,1.02762430939
580567,580583,581112,16,529,2,7200,1.03024574669
580574,580588,581089,14,501,2,7200,1.02794411178
580590,580597,581104,7,507,2,7200,1.01380670611
580606,580613,581135,7,522,2,7200,1.01340996169
580608,580619,581119,11,500,2,7200,1.022
580624,580631,581182,7,551,2,7200,1.01270417423
580626,580638,581131,12,493,2,7200,1.02434077079
580651,580657,581163,6,506,2,7200,1.01185770751
580694,580701,581217,7,516,2,7200,1.01356589147
580710,580716,581237,6,521,2,7200,1.01151631478
580731,580737,581228,6,491,2,7200,1.01221995927
580747,580754,581187,7,433,2,7200,1.01616628176
580748,580761,581247,13,486,2,7200,1.02674897119
580777,580784,581312,7,528,2,7200,1.01325757576
580779,580791,581228,12,437,2,7200,1.02745995423
580866,580873,581377,7,504,2,7200,1.01388888889
580881,580888,581427,7,539,2,7200,1.01298701299
580897,580904,581382,7,478,2,7200,1.01464435146
580899,580911,581390,12,479,2,7200,1.02505219207
580915,580922,581455,7,533,2,7200,1.01313320826
580916,580928,581442,12,514,2,7200,1.0233463035
580948,580955,581515,7,560,2,7200,1.0125
580970,580976,581456,6,480,2,7200,1.0125
580986,580993,581496,7,503,2,7200,1.01391650099
581001,581009,581555,8,546,2,7200,1.01465201465
581039,581046,581515,7,469,2,7200,1.01492537313
581040,581053,581541,13,488,2,7200,1.02663934426
581078,581084,581572,6,488,2,7200,1.01229508197
581094,581100,581592,6,492,2,7200,1.01219512195
581110,581116,581618,6,502,2,7200,1.01195219124
581112,581123,581659,11,536,2,7200,1.02052238806
581128,581135,581634,7,499,2,7200,1.01402805611
581130,581142,581691,12,549,2,7200,1.0218579235
581132,581147,581622,15,475,2,7200,1.03157894737
581148,581154,581687,6,533,2,7200,1.01125703565
581149,581160,581696,11,536,2,7200,1.02052238806
581165,581172,581708,7,536,2,7200,1.01305970149
581184,581191,581659,7,468,2,7200,1.01495726496
581199,581206,581754,7,548,2,7200,1.01277372263
581218,581225,581756,7,531,2,7200,1.0131826742
581235,581241,581749,6,508,2,7200,1.01181102362
581236,581248,581765,12,517,2,7200,1.02321083172
581252,581259,581774,7,515,2,7200,1.01359223301
581254,581265,581767,11,502,2,7200,1.0219123506
581316,581323,581815,7,492,2,7200,1.01422764228
581378,581385,581887,7,502,2,7200,1.01394422311
581393,581401,581909,8,508,2,7200,1.0157480315
581395,581408,581934,13,526,2,7200,1.0247148289
581430,581437,581940,7,503,2,7200,1.01391650099
581446,581453,582023,7,570,2,7200,1.01228070175
581462,581470,581998,8,528,2,7200,1.01515151515
581463,581475,581981,12,506,2,7200,1.02371541502
581498,581505,582027,7,522,2,7200,1.01340996169
581517,581524,581997,7,473,2,7200,1.01479915433
581519,581531,582087,12,556,2,7200,1.02158273381
581544,581550,582027,6,477,2,7200,1.01257861635
581560,581567,582108,7,541,2,7200,1.01293900185
581576,581583,582128,7,545,2,7200,1.0128440367
581595,581602,582109,7,507,2,7200,1.01380670611
581620,581626,582138,6,512,2,7200,1.01171875
581636,581642,582188,6,546,2,7200,1.01098901099
581638,581650,582191,12,541,2,7200,1.02218114603
581663,581670,582181,7,511,2,7200,1.01369863014
581665,581677,582199,12,522,2,7200,1.02298850575
581691,581698,582163,7,465,2,7200,1.01505376344
581707,581714,582244,7,530,2,7200,1.01320754717
581709,581721,582233,12,512,2,7200,1.0234375
581725,581732,582253,7,521,2,7200,1.01343570058
581753,581760,582268,7,508,2,7200,1.01377952756
581770,581777,582321,7,544,2,7200,1.01286764706
581771,581784,582295,13,511,2,7200,1.02544031311
581773,581789,582331,16,542,2,7200,1.0295202952
581780,581796,582340,16,544,2,7200,1.02941176471
581796,581803,582287,7,484,2,7200,1.01446280992
581818,581824,582327,6,503,2,7200,1.01192842942
581889,581895,582409,6,514,2,7200,1.01167315175
581911,581918,582419,7,501,2,7200,1.01397205589
581936,581943,582450,7,507,2,7200,1.01380670611
581952,581959,582524,7,565,2,7200,1.01238938053
581983,581989,582525,6,536,2,7200,1.01119402985
582000,582007,582543,7,536,2,7200,1.01305970149
582001,582014,582556,13,542,2,7200,1.02398523985
582027,582034,582554,7,520,2,7200,1.01346153846
582029,582041,582573,12,532,2,7200,1.02255639098
582045,582051,582556,6,505,2,7200,1.01188118812
582089,582096,582633,7,537,2,7200,1.01303538175
582111,582118,582615,7,497,2,7200,1.01408450704
582113,582125,582669,12,544,2,7200,1.02205882353
582132,582139,582702,7,563,2,7200,1.01243339254
582148,582155,582722,7,567,2,7200,1.01234567901
582167,582174,582719,7,545,2,7200,1.0128440367
582183,582190,582700,7,510,2,7200,1.0137254902
582199,582206,582729,7,523,2,7200,1.01338432122
582200,582213,582717,13,504,2,7200,1.02579365079
582216,582222,582729,6,507,2,7200,1.01183431953
582235,582242,582754,7,512,2,7200,1.013671875
582251,582258,582804,7,546,2,7200,1.01282051282
582267,582274,582764,7,490,2,7200,1.01428571429
582282,582288,582774,6,486,2,7200,1.01234567901
582298,582304,582816,6,512,2,7200,1.01171875
582300,582312,582809,12,497,2,7200,1.02414486922
582322,582329,582818,7,489,2,7200,1.01431492843
582338,582346,582850,8,504,2,7200,1.01587301587
582340,582353,582901,13,548,2,7200,1.02372262774
582356,582362,582912,6,550,2,7200,1.01090909091
582412,582419,582946,7,527,2,7200,1.01328273245
582428,582435,582932,7,497,2,7200,1.01408450704
582453,582461,582982,8,521,2,7200,1.01535508637
582528,582535,583077,7,542,2,7200,1.01291512915
582530,582542,583026,12,484,2,7200,1.02479338843
582546,582552,583092,6,540,2,7200,1.01111111111
582562,582569,583102,7,533,2,7200,1.01313320826
582564,582576,583034,12,458,2,7200,1.02620087336
582565,582581,583120,16,539,2,7200,1.02968460111
582581,582588,583075,7,487,2,7200,1.01437371663
582615,582622,583117,7,495,2,7200,1.01414141414
582637,582643,583172,6,529,2,7200,1.01134215501
582671,582679,583199,8,520,2,7200,1.01538461538
582703,582710,583237,7,527,2,7200,1.01328273245
582704,582717,583199,13,482,2,7200,1.02697095436
582721,582727,583232,6,505,2,7200,1.01188118812
582723,582735,583217,12,482,2,7200,1.02489626556
582739,582746,583266,7,520,2,7200,1.01346153846
582741,582753,583271,12,518,2,7200,1.02316602317
582742,582758,583321,16,563,2,7200,1.02841918295
582758,582765,583285,7,520,2,7200,1.01346153846
582774,582781,583311,7,530,2,7200,1.01320754717
582790,582797,583316,7,519,2,7200,1.01348747592
582805,582812,583310,7,498,2,7200,1.0140562249
582822,582829,583338,7,509,2,7200,1.0137524558
582824,582835,583369,11,534,2,7200,1.02059925094
582825,582841,583340,16,499,2,7200,1.03206412826
582854,582861,583427,7,566,2,7200,1.01236749117
582903,582909,583443,6,534,2,7200,1.01123595506
582919,582925,583491,6,566,2,7200,1.01060070671
582934,582942,583478,8,536,2,7200,1.01492537313
582950,582956,583472,6,516,2,7200,1.01162790698
582984,582991,583501,7,510,2,7200,1.0137254902
583028,583035,583526,7,491,2,7200,1.01425661914
583043,583051,583540,8,489,2,7200,1.0163599182
583078,583084,583591,6,507,2,7200,1.01183431953
583079,583092,583599,13,507,2,7200,1.02564102564
583096,583103,583592,7,489,2,7200,1.01431492843
583111,583117,583645,6,528,2,7200,1.01136363636
583127,583133,583642,6,509,2,7200,1.01178781925
583129,583141,583699,12,558,2,7200,1.02150537634
583175,583181,583674,6,493,2,7200,1.0121703854
583200,583208,583683,8,475,2,7200,1.01684210526
583202,583215,583730,13,515,2,7200,1.02524271845
583221,583229,583807,8,578,2,7200,1.01384083045
583238,583244,583748,6,504,2,7200,1.0119047619
583239,583251,583773,12,522,2,7200,1.02298850575
583268,583274,583794,6,520,2,7200,1.01153846154
583284,583290,583808,6,518,2,7200,1.01158301158
583299,583306,583819,7,513,2,7200,1.01364522417
583316,583324,583873,8,549,2,7200,1.014571949
583318,583329,583841,11,512,2,7200,1.021484375
583334,583340,583858,6,518,2,7200,1.01158301158
583335,583347,583855,12,508,2,7200,1.02362204724
583351,583358,583853,7,495,2,7200,1.01414141414
583353,583364,583876,11,512,2,7200,1.021484375
583372,583379,583908,7,529,2,7200,1.01323251418
583431,583437,583954,6,517,2,7200,1.01160541586
583447,583453,584001,6,548,2,7200,1.01094890511
583475,583482,584000,7,518,2,7200,1.01351351351
583491,583498,584023,7,525,2,7200,1.01333333333
583507,583513,584030,6,517,2,7200,1.01160541586
583508,583519,584041,11,522,2,7200,1.02107279693
583527,583533,584083,6,550,2,7200,1.01090909091
583543,583555,584070,12,515,2,7200,1.02330097087
583593,583600,584099,7,499,2,7200,1.01402805611
583594,583607,584101,13,494,2,7200,1.02631578947
583611,583618,584120,7,502,2,7200,1.01394422311
583645,583651,584167,6,516,2,7200,1.01162790698
583661,583668,584162,7,494,2,7200,1.01417004049
583676,583682,584207,6,525,2,7200,1.01142857143
583692,583698,584261,6,563,2,7200,1.01065719361
583707,583715,584236,8,521,2,7200,1.01535508637
583732,583739,584284,7,545,2,7200,1.0128440367
583752,583759,584287,7,528,2,7200,1.01325757576
583777,583783,584310,6,527,2,7200,1.01138519924
583796,583802,584317,6,515,2,7200,1.01165048544
583811,583818,584362,7,544,2,7200,1.01286764706
583813,583825,584372,12,547,2,7200,1.02193784278
583829,583836,584357,7,521,2,7200,1.01343570058
583844,583851,584349,7,498,2,7200,1.0140562249
583861,583867,584373,6,506,2,7200,1.01185770751
583862,583874,584359,12,485,2,7200,1.02474226804
583864,583879,584432,15,553,2,7200,1.02712477396
583880,583888,584384,8,496,2,7200,1.01612903226
583882,583895,584442,13,547,2,7200,1.02376599634
583910,583917,584427,7,510,2,7200,1.0137254902
583957,583964,584469,7,505,2,7200,1.01386138614
584003,584010,584510,7,500,2,7200,1.014
584005,584017,584521,12,504,2,7200,1.02380952381
584027,584034,584556,7,522,2,7200,1.01340996169
584043,584049,584570,6,521,2,7200,1.01151631478
584045,584056,584590,11,534,2,7200,1.02059925094
584073,584080,584578,7,498,2,7200,1.0140562249
584089,584095,584593,6,498,2,7200,1.01204819277
584105,584111,584619,6,508,2,7200,1.01181102362
584106,584118,584607,12,489,2,7200,1.0245398773
584122,584129,584633,7,504,2,7200,1.01388888889
584165,584173,584697,8,524,2,7200,1.01526717557
584181,584187,584685,6,498,2,7200,1.01204819277
584209,584215,584692,6,477,2,7200,1.01257861635
584238,584251,584784,13,533,2,7200,1.0243902439
584263,584269,584780,6,511,2,7200,1.01174168297
584288,584294,584856,6,562,2,7200,1.01067615658
584290,584301,584802,11,501,2,7200,1.02195608782
584312,584318,584832,6,514,2,7200,1.01167315175
584327,584333,584872,6,539,2,7200,1.01113172542
584352,584360,584899,8,539,2,7200,1.01484230056
584369,584375,584877,6,502,2,7200,1.01195219124
584371,584383,584922,12,539,2,7200,1.02226345083
584372,584388,584882,16,494,2,7200,1.03238866397
584388,584395,584918,7,523,2,7200,1.01338432122
584390,584402,584919,12,517,2,7200,1.02321083172
584392,584407,584913,15,506,2,7200,1.02964426877
584429,584436,584956,7,520,2,7200,1.01346153846
584445,584452,585022,7,570,2,7200,1.01228070175
584447,584459,584976,12,517,2,7200,1.02321083172
584472,584479,584970,7,491,2,7200,1.01425661914
584513,584519,585057,6,538,2,7200,1.01115241636
584528,584534,585051,6,517,2,7200,1.01160541586
584560,584566,585121,6,555,2,7200,1.01081081081
584576,584583,585120,7,537,2,7200,1.01303538175
584592,584599,585137,7,538,2,7200,1.01301115242
584594,584607,585098,13,491,2,7200,1.02647657841
584611,584617,585180,6,563,2,7200,1.01065719361
584612,584624,585124,12,500,2,7200,1.024
584628,584635,585121,7,486,2,7200,1.01440329218
584644,584651,585173,7,522,2,7200,1.01340996169
584687,584694,585246,7,552,2,7200,1.01268115942
584703,584711,585222,8,511,2,7200,1.0156555773
584705,584718,585260,13,542,2,7200,1.02398523985
584783,584789,585284,6,495,2,7200,1.01212121212
584799,584805,585315,6,510,2,7200,1.01176470588
584814,584821,585357,7,536,2,7200,1.01305970149
584833,584840,585329,7,489,2,7200,1.01431492843
584858,584864,585392,6,528,2,7200,1.01136363636
584874,584881,585422,7,541,2,7200,1.01293900185
584890,584896,585387,6,491,2,7200,1.01221995927
584892,584902,585395,10,493,2,7200,1.02028397566
584907,584914,585435,7,521,2,7200,1.01343570058
584924,584932,585455,8,523,2,7200,1.01529636711
584926,584939,585486,13,547,2,7200,1.02376599634
584927,584944,585475,17,531,2,7200,1.03201506591
584939,584951,585449,12,498,2,7200,1.02409638554
584959,584965,585477,6,512,2,7200,1.01171875
584975,584981,585501,6,520,2,7200,1.01153846154
584990,584997,585483,7,486,2,7200,1.01440329218
585025,585032,585514,7,482,2,7200,1.01452282158
585053,585060,585550,7,490,2,7200,1.01428571429
585069,585076,585569,7,493,2,7200,1.01419878296
585100,585107,585607,7,500,2,7200,1.014
585123,585130,585675,7,545,2,7200,1.0128440367
585125,585137,585663,12,526,2,7200,1.02281368821
585126,585142,585669,16,527,2,7200,1.03036053131
585142,585150,585594,8,444,2,7200,1.01801801802
585144,585157,585705,13,548,2,7200,1.02372262774
585176,585182,585725,6,543,2,7200,1.01104972376
585191,585198,585748,7,550,2,7200,1.01272727273
585226,585233,585751,7,518,2,7200,1.01351351351
585248,585255,585770,7,515,2,7200,1.01359223301
585263,585270,585773,7,503,2,7200,1.01391650099
585288,585296,585803,8,507,2,7200,1.0157790927
585317,585323,585846,6,523,2,7200,1.01147227533
585333,585340,585821,7,481,2,7200,1.01455301455
585361,585368,585927,7,559,2,7200,1.01252236136
585389,585396,585884,7,488,2,7200,1.0143442623
585404,585412,585949,8,537,2,7200,1.01489757914
585406,585419,585941,13,522,2,7200,1.02490421456
585425,585431,585931,6,500,2,7200,1.012
585441,585449,586012,8,563,2,7200,1.01420959147
585457,585465,585978,8,513,2,7200,1.01559454191
585459,585472,585982,13,510,2,7200,1.02549019608
585478,585486,585974,8,488,2,7200,1.01639344262
585480,585493,585989,13,496,2,7200,1.02620967742
585497,585503,586025,6,522,2,7200,1.01149425287
585499,585511,586062,12,551,2,7200,1.02177858439
585515,585521,586073,6,552,2,7200,1.01086956522
585517,585529,586040,12,511,2,7200,1.02348336595
585554,585560,586095,6,535,2,7200,1.01121495327
585573,585580,586134,7,554,2,7200,1.01263537906
585598,585604,586185,6,581,2,7200,1.01032702238
585614,585620,586103,6,483,2,7200,1.01242236025
585666,585674,586156,8,482,2,7200,1.01659751037
585682,585689,586231,7,542,2,7200,1.01291512915
585684,585697,586192,13,495,2,7200,1.02626262626
585706,585713,586219,7,506,2,7200,1.01383399209
585729,585735,586242,6,507,2,7200,1.01183431953
585750,585756,586250,6,494,2,7200,1.01214574899
585766,585773,586357,7,584,2,7200,1.01198630137
585782,585789,586282,7,493,2,7200,1.01419878296
585783,585796,586309,13,513,2,7200,1.0253411306
585805,585813,586299,8,486,2,7200,1.01646090535
585824,585832,586294,8,462,2,7200,1.01731601732
585850,585856,586355,6,499,2,7200,1.0120240481
585887,585894,586420,7,526,2,7200,1.01330798479
585931,585938,586463,7,525,2,7200,1.01333333333
585947,585953,586480,6,527,2,7200,1.01138519924
585948,585960,586536,12,576,2,7200,1.02083333333
585964,585970,586488,6,518,2,7200,1.01158301158
585980,585987,586534,7,547,2,7200,1.01279707495
585982,585994,586484,12,490,2,7200,1.02448979592
585998,586004,586551,6,547,2,7200,1.01096892139
586000,586011,586551,11,540,2,7200,1.02037037037
586015,586023,586519,8,496,2,7200,1.01612903226
586031,586039,586581,8,542,2,7200,1.0147601476
586047,586055,586575,8,520,2,7200,1.01538461538
586066,586073,586573,7,500,2,7200,1.014
586082,586088,586572,6,484,2,7200,1.01239669421
586097,586103,586626,6,523,2,7200,1.01147227533
586113,586120,586618,7,498,2,7200,1.0140562249
586135,586141,586650,6,509,2,7200,1.01178781925
586160,586167,586657,7,490,2,7200,1.01428571429
586188,586195,586747,7,552,2,7200,1.01268115942
586204,586211,586712,7,501,2,7200,1.01397205589
586220,586227,586767,7,540,2,7200,1.01296296296
586235,586242,586776,7,534,2,7200,1.01310861423
586251,586257,586814,6,557,2,7200,1.01077199282
586253,586265,586739,12,474,2,7200,1.0253164557
586284,586291,586794,7,503,2,7200,1.01391650099
586300,586308,586852,8,544,2,7200,1.01470588235
586302,586313,586818,11,505,2,7200,1.02178217822
586317,586324,586842,7,518,2,7200,1.01351351351
586358,586364,586872,6,508,2,7200,1.01181102362
586359,586371,586865,12,494,2,7200,1.02429149798
586422,586429,586962,7,533,2,7200,1.01313320826
586465,586471,586979,6,508,2,7200,1.01181102362
586481,586488,587006,7,518,2,7200,1.01351351351
586497,586503,587058,6,555,2,7200,1.01081081081
586498,586509,587004,11,495,2,7200,1.02222222222
586520,586527,587074,7,547,2,7200,1.01279707495
586537,586543,587066,6,523,2,7200,1.01147227533
586539,586550,587051,11,501,2,7200,1.02195608782
586555,586562,587129,7,567,2,7200,1.01234567901
586556,586569,587075,13,506,2,7200,1.0256916996
586575,586583,587093,8,510,2,7200,1.01568627451
586577,586590,587059,13,469,2,7200,1.02771855011
586579,586595,587103,16,508,2,7200,1.03149606299
586594,586603,587177,9,574,2,7200,1.01567944251
586619,586626,587152,7,526,2,7200,1.01330798479
586628,586639,759442,11,172803,1,172800,1.0000636563
586628,586634,759443,6,172809,1,172800,1.00003472041
586628,587072,759918,444,172846,1,172800,1.00256876063
586628,586864,759710,236,172846,1,172800,1.00136537727
586628,586670,759481,42,172811,1,172800,1.00024304008
586634,640476,928483,53842,288007,1,288000,1.18694684504
586635,649563,937591,62928,288028,1,288000,1.21847875901
586635,586646,587138,11,492,2,7200,1.02235772358
586635,728758,1005764,142123,277006,1,288000,1.51306830899
586635,728753,1016754,142118,288001,1,288000,1.49346356436
586635,729108,1017134,142473,288026,1,288000,1.49465326047
586639,759454,1019052,172815,259598,1,288000,1.66570235518
586640,781264,1019036,194624,237772,1,288000,1.8185320391
586640,781248,1019036,194608,237788,1,288000,1.81840967585
586640,781253,1019036,194613,237783,1,288000,1.81844791259
586640,781258,1019036,194618,237778,1,288000,1.81848615095
586645,781275,1019033,194630,237758,1,288000,1.81860547279
586645,781280,1019036,194635,237756,1,288000,1.81863338885
586645,781269,1016974,194624,235705,1,288000,1.82571010373
586646,781285,1019036,194639,237751,1,288000,1.81866742937
586646,781291,1019036,194645,237745,1,288000,1.8187133273
586654,586661,587144,7,483,2,7200,1.01449275362
586669,586677,587259,8,582,2,7200,1.01374570447
586716,586722,587229,6,507,2,7200,1.01183431953
586741,586748,587242,7,494,2,7200,1.01417004049
586756,586763,587314,7,551,2,7200,1.01270417423
586772,586779,587312,7,533,2,7200,1.01313320826
586787,586794,587304,7,510,2,7200,1.0137254902
586803,586809,587326,6,517,2,7200,1.01160541586
586819,586826,587337,7,511,2,7200,1.01369863014
586821,586833,587354,12,521,2,7200,1.02303262956
586848,586855,587320,7,465,2,7200,1.01505376344
586866,586872,587367,6,495,2,7200,1.01212121212
586868,586879,587441,11,562,2,7200,1.01957295374
586883,586891,587426,8,535,2,7200,1.01495327103
586965,586972,587508,7,536,2,7200,1.01305970149
586981,586987,587511,6,524,2,7200,1.01145038168
587006,587013,587532,7,519,2,7200,1.01348747592
587022,587029,587523,7,494,2,7200,1.01417004049
587053,587060,587543,7,483,2,7200,1.01449275362
587069,587079,587641,10,562,2,7200,1.01779359431
587071,587084,587629,13,545,2,7200,1.02385321101
587078,587091,587563,13,472,2,7200,1.02754237288
587094,587101,587662,7,561,2,7200,1.01247771836
587095,587108,587607,13,499,2,7200,1.02605210421
587097,587113,587621,16,508,2,7200,1.03149606299
587113,587120,587613,7,493,2,7200,1.01419878296
587132,587139,587675,7,536,2,7200,1.01305970149
587147,587154,587691,7,537,2,7200,1.01303538175
587149,587162,587664,13,502,2,7200,1.02589641434
587165,587173,587666,8,493,2,7200,1.01622718053
587181,587188,587721,7,533,2,7200,1.01313320826
587230,587237,587750,7,513,2,7200,1.01364522417
587246,587253,587761,7,508,2,7200,1.01377952756
587262,587268,587737,6,469,2,7200,1.01279317697
587306,587313,587821,7,508,2,7200,1.01377952756
587322,587329,587840,7,511,2,7200,1.01369863014
587323,587336,587874,13,538,2,7200,1.02416356877
587325,587341,587933,16,592,2,7200,1.02702702703
587341,587348,587909,7,561,2,7200,1.01247771836
587342,587355,587924,13,569,2,7200,1.02284710018
587358,587365,587895,7,530,2,7200,1.01320754717
587374,587381,587922,7,541,2,7200,1.01293900185
587429,587437,587935,8,498,2,7200,1.01606425703
587445,587451,587954,6,503,2,7200,1.01192842942
587510,587517,588011,7,494,2,7200,1.01417004049
587526,587533,588059,7,526,2,7200,1.01330798479
587527,587540,588074,13,534,2,7200,1.02434456929
587544,587550,588082,6,532,2,7200,1.01127819549
587545,587558,588066,13,508,2,7200,1.02559055118
587567,587574,588083,7,509,2,7200,1.0137524558
587611,587618,588120,7,502,2,7200,1.01394422311
587626,587633,588187,7,554,2,7200,1.01263537906
587628,587640,588137,12,497,2,7200,1.02414486922
587644,587650,588127,6,477,2,7200,1.01257861635
587646,587657,588165,11,508,2,7200,1.02165354331
587665,587672,588187,7,515,2,7200,1.01359223301
587667,587679,588223,12,544,2,7200,1.02205882353
587683,587690,588196,7,506,2,7200,1.01383399209
587685,587696,588220,11,524,2,7200,1.02099236641
587701,587708,588239,7,531,2,7200,1.0131826742
587722,587730,588275,8,545,2,7200,1.01467889908
587738,587745,588277,7,532,2,7200,1.01315789474
587754,587761,588276,7,515,2,7200,1.01359223301
587770,587776,588301,6,525,2,7200,1.01142857143
587823,587830,588383,7,553,2,7200,1.01265822785
587842,587848,588338,6,490,2,7200,1.01224489796
587876,587883,588421,7,538,2,7200,1.01301115242
587899,587906,588461,7,555,2,7200,1.01261261261
587914,587920,588450,6,530,2,7200,1.01132075472
587930,587937,588416,7,479,2,7200,1.01461377871
587932,587944,588457,12,513,2,7200,1.02339181287
587948,587955,588441,7,486,2,7200,1.01440329218
587949,587962,588474,13,512,2,7200,1.025390625
587965,587972,588540,7,568,2,7200,1.01232394366
588014,588022,588554,8,532,2,7200,1.01503759398
588061,588068,588608,7,540,2,7200,1.01296296296
588077,588084,588646,7,562,2,7200,1.01245551601
588078,588091,588672,13,581,2,7200,1.02237521515
588095,588102,588613,7,511,2,7200,1.01369863014
588096,588109,588613,13,504,2,7200,1.02579365079
588121,588129,588651,8,522,2,7200,1.0153256705
588137,588143,588638,6,495,2,7200,1.01212121212
588153,588160,588721,7,561,2,7200,1.01247771836
588169,588176,588733,7,557,2,7200,1.01256732496
588191,588198,588735,7,537,2,7200,1.01303538175
588193,588205,588732,12,527,2,7200,1.02277039848
588209,588219,588724,10,505,2,7200,1.0198019802
588225,588232,588803,7,571,2,7200,1.0122591944
588226,588239,588753,13,514,2,7200,1.02529182879
588243,588250,588751,7,501,2,7200,1.01397205589
588277,588284,588870,7,586,2,7200,1.01194539249
588279,588292,588852,13,560,2,7200,1.02321428571
588296,588303,588803,7,500,2,7200,1.014
588311,588318,588786,7,468,2,7200,1.01495726496
588340,588347,588857,7,510,2,7200,1.0137254902
588386,588392,588852,6,460,2,7200,1.01304347826
588418,588424,588947,6,523,2,7200,1.01147227533
588433,588441,588927,8,486,2,7200,1.01646090535
588449,588456,588997,7,541,2,7200,1.01293900185
588466,588472,588990,6,518,2,7200,1.01158301158
588467,588479,589038,12,559,2,7200,1.02146690519
588469,588484,588981,15,497,2,7200,1.03018108652
588485,588491,588960,6,469,2,7200,1.01279317697
588544,588551,589099,7,548,2,7200,1.01277372263
588559,588566,589105,7,539,2,7200,1.01298701299
588612,588619,589155,7,536,2,7200,1.01305970149
588628,588635,589173,7,538,2,7200,1.01301115242
588630,588642,589182,12,540,2,7200,1.02222222222
588646,588653,589165,7,512,2,7200,1.013671875
588662,588670,589172,8,502,2,7200,1.01593625498
588664,588677,589212,13,535,2,7200,1.02429906542
588680,588687,589188,7,501,2,7200,1.01397205589
588724,588731,589265,7,534,2,7200,1.01310861423
588740,588748,589285,8,537,2,7200,1.01489757914
588742,588753,589314,11,561,2,7200,1.01960784314
588749,588760,589289,11,529,2,7200,1.02079395085
588750,588765,589270,15,505,2,7200,1.0297029703
588766,588774,589333,8,559,2,7200,1.01431127013
588768,588779,589249,11,470,2,7200,1.02340425532
588790,588796,589238,6,442,2,7200,1.01357466063
588806,588813,589336,7,523,2,7200,1.01338432122
588808,588820,589327,12,507,2,7200,1.02366863905
588857,588864,589427,7,563,2,7200,1.01243339254
588858,588871,589386,13,515,2,7200,1.02524271845
588875,588881,589398,6,517,2,7200,1.01160541586
588877,588888,589396,11,508,2,7200,1.02165354331
588929,588937,589464,8,527,2,7200,1.01518026565
588948,588956,589493,8,537,2,7200,1.01489757914
588964,588971,589507,7,536,2,7200,1.01305970149
588983,588990,589527,7,537,2,7200,1.01303538175
588999,589007,589520,8,513,2,7200,1.01559454191
589001,589014,589508,13,494,2,7200,1.02631578947
589041,589047,589589,6,542,2,7200,1.0110701107
589056,663963,669227,74907,5264,8,86400,15.2300531915
589100,589108,589630,8,522,2,7200,1.0153256705
589116,589123,589638,7,515,2,7200,1.01359223301
589159,589166,589665,7,499,2,7200,1.01402805611
589175,589183,589696,8,513,2,7200,1.01559454191
589177,589190,589723,13,533,2,7200,1.0243902439
589179,589195,589735,16,540,2,7200,1.02962962963
589195,589202,589692,7,490,2,7200,1.01428571429
589196,589209,589763,13,554,2,7200,1.02346570397
589216,589222,589784,6,562,2,7200,1.01067615658
589241,589248,589742,7,494,2,7200,1.01417004049
589257,589264,589809,7,545,2,7200,1.0128440367
589272,589278,589843,6,565,2,7200,1.01061946903
589274,589286,589814,12,528,2,7200,1.02272727273
589291,589297,589832,6,535,2,7200,1.01121495327
589292,589304,589829,12,525,2,7200,1.02285714286
589318,589325,589851,7,526,2,7200,1.01330798479
589334,589341,589851,7,510,2,7200,1.0137254902
589350,589357,589878,7,521,2,7200,1.01343570058
589351,589364,589894,13,530,2,7200,1.02452830189
589389,589395,589907,6,512,2,7200,1.01171875
589405,589412,589955,7,543,2,7200,1.01289134438
589406,589419,589939,13,520,2,7200,1.025
589429,589436,589966,7,530,2,7200,1.01320754717
589466,589473,589988,7,515,2,7200,1.01359223301
589494,589501,590015,7,514,2,7200,1.01361867704
589511,589518,590021,7,503,2,7200,1.01391650099
589512,589525,590045,13,520,2,7200,1.025
589529,589535,590057,6,522,2,7200,1.01149425287
589531,589543,590074,12,531,2,7200,1.02259887006
589592,589600,590132,8,532,2,7200,1.01503759398
589633,589639,590128,6,489,2,7200,1.01226993865
589649,589656,590191,7,535,2,7200,1.01308411215
589668,589675,590204,7,529,2,7200,1.01323251418
589696,589703,590195,7,492,2,7200,1.01422764228
589698,589711,590203,13,492,2,7200,1.02642276423
589727,589733,590199,6,466,2,7200,1.01287553648
589743,589750,590311,7,561,2,7200,1.01247771836
589745,589757,590321,12,564,2,7200,1.02127659574
589767,589773,590298,6,525,2,7200,1.01142857143
589786,589793,590329,7,536,2,7200,1.01305970149
589811,589817,590323,6,506,2,7200,1.01185770751
589827,589837,590358,10,521,2,7200,1.01919385797
589843,589849,590338,6,489,2,7200,1.01226993865
589845,589857,590363,12,506,2,7200,1.02371541502
589846,589862,590393,16,531,2,7200,1.03013182674
589862,589869,590388,7,519,2,7200,1.01348747592
589864,589876,590404,12,528,2,7200,1.02272727273
589880,589887,590469,7,582,2,7200,1.01202749141
589896,589903,590441,7,538,2,7200,1.01301115242
589911,589919,590357,8,438,2,7200,1.01826484018
589943,589949,590440,6,491,2,7200,1.01221995927
589959,589966,590510,7,544,2,7200,1.01286764706
589974,589981,590487,7,506,2,7200,1.01383399209
589990,589996,590502,6,506,2,7200,1.01185770751
590019,590025,590541,6,516,2,7200,1.01162790698
590035,590042,590544,7,502,2,7200,1.01394422311
590050,590057,590585,7,528,2,7200,1.01325757576
590066,590072,590578,6,506,2,7200,1.01185770751
590082,590088,590604,6,516,2,7200,1.01162790698
590131,590138,590646,7,508,2,7200,1.01377952756
590147,590153,590696,6,543,2,7200,1.01104972376
590194,590200,590696,6,496,2,7200,1.01209677419
590211,590217,590777,6,560,2,7200,1.01071428571
590212,590224,590753,12,529,2,7200,1.02268431002
590214,590229,590770,15,541,2,7200,1.02772643253
590221,590236,590771,15,535,2,7200,1.02803738318
590301,590307,590840,6,533,2,7200,1.01125703565
590317,590323,590853,6,530,2,7200,1.01132075472
590333,590340,590867,7,527,2,7200,1.01328273245
590334,590347,590871,13,524,2,7200,1.02480916031
590336,590352,590883,16,531,2,7200,1.03013182674
590352,590359,590879,7,520,2,7200,1.01346153846
590368,590375,590879,7,504,2,7200,1.01388888889
590369,590382,590877,13,495,2,7200,1.02626262626
590371,590387,590933,16,546,2,7200,1.0293040293
590390,590397,590840,7,443,2,7200,1.0158013544
590406,590414,590957,8,543,2,7200,1.01473296501
590408,590421,590948,13,527,2,7200,1.02466793169
590442,590450,590949,8,499,2,7200,1.01603206413
590444,590457,590950,13,493,2,7200,1.02636916836
590473,590479,590982,6,503,2,7200,1.01192842942
590488,590496,591000,8,504,2,7200,1.01587301587
590504,590510,591036,6,526,2,7200,1.01140684411
590520,590526,591006,6,480,2,7200,1.0125
590543,590549,591074,6,525,2,7200,1.01142857143
590558,590565,591121,7,556,2,7200,1.01258992806
590580,590586,591127,6,541,2,7200,1.01109057301
590596,590602,591162,6,560,2,7200,1.01071428571
590611,590619,591082,8,463,2,7200,1.01727861771
590649,590656,591160,7,504,2,7200,1.01388888889
590699,590705,591184,6,479,2,7200,1.01252609603
590701,590713,591193,12,480,2,7200,1.025
590756,590764,591319,8,555,2,7200,1.01441441441
590772,590780,591290,8,510,2,7200,1.01568627451
590774,590787,591273,13,486,2,7200,1.02674897119
590790,590798,591305,8,507,2,7200,1.0157790927
590843,590850,591370,7,520,2,7200,1.01346153846
590845,590857,591360,12,503,2,7200,1.02385685885
590861,590867,591376,6,509,2,7200,1.01178781925
590877,590883,591411,6,528,2,7200,1.01136363636
590879,590890,591376,11,486,2,7200,1.02263374486
590880,590896,591417,16,521,2,7200,1.03071017274
590896,590903,591383,7,480,2,7200,1.01458333333
590898,590910,591469,12,559,2,7200,1.02146690519
590900,590915,591430,15,515,2,7200,1.02912621359
590937,590945,591491,8,546,2,7200,1.01465201465
590954,590960,591469,6,509,2,7200,1.01178781925
590955,590967,591516,12,549,2,7200,1.0218579235
590957,590972,591413,15,441,2,7200,1.03401360544
590973,590980,591494,7,514,2,7200,1.01361867704
590989,590995,591483,6,488,2,7200,1.01229508197
591005,591011,591534,6,523,2,7200,1.01147227533
591020,591027,591528,7,501,2,7200,1.01397205589
591039,591047,591568,8,521,2,7200,1.01535508637
591077,591083,591564,6,481,2,7200,1.01247401247
591092,591099,591624,7,525,2,7200,1.01333333333
591124,591130,591654,6,524,2,7200,1.01145038168
591139,591145,591682,6,537,2,7200,1.01117318436
591162,591169,591674,7,505,2,7200,1.01386138614
591177,591184,591701,7,517,2,7200,1.01353965184
591193,591200,591717,7,517,2,7200,1.01353965184
591195,591207,591733,12,526,2,7200,1.02281368821
591275,591281,591803,6,522,2,7200,1.01149425287
591291,591297,591776,6,479,2,7200,1.01252609603
591307,591314,591880,7,566,2,7200,1.01236749117
591323,591329,591864,6,535,2,7200,1.01121495327
591364,591370,591890,6,520,2,7200,1.01153846154
591380,591387,591913,7,526,2,7200,1.01330798479
591382,591394,591927,12,533,2,7200,1.02251407129
591384,591399,591919,15,520,2,7200,1.02884615385
591399,591406,591942,7,536,2,7200,1.01305970149
591416,591423,591969,7,546,2,7200,1.01282051282
591417,591430,591950,13,520,2,7200,1.025
591433,591441,592005,8,564,2,7200,1.01418439716
591435,591447,591987,12,540,2,7200,1.02222222222
591470,591477,592000,7,523,2,7200,1.01338432122
591471,591484,591979,13,495,2,7200,1.02626262626
591488,591495,592071,7,576,2,7200,1.01215277778
591503,591510,592026,7,516,2,7200,1.01356589147
591505,591517,592045,12,528,2,7200,1.02272727273
591521,591527,592058,6,531,2,7200,1.01129943503
591537,591544,592054,7,510,2,7200,1.0137254902
591539,591551,592036,12,485,2,7200,1.02474226804
591567,591574,592097,7,523,2,7200,1.01338432122
591583,591589,592108,6,519,2,7200,1.01156069364
591627,591633,592128,6,495,2,7200,1.01212121212
591655,591662,592221,7,559,2,7200,1.01252236136
591677,591683,592187,6,504,2,7200,1.0119047619
591693,591699,592250,6,551,2,7200,1.0108892922
591709,591716,592205,7,489,2,7200,1.01431492843
591724,591731,592247,7,516,2,7200,1.01356589147
591733,601125,601128,9392,3,10,600,939.5
591740,591747,592237,7,490,2,7200,1.01428571429
591778,591785,592298,7,513,2,7200,1.01364522417
591806,591813,592319,7,506,2,7200,1.01383399209
591868,591874,592387,6,513,2,7200,1.01169590643
591883,591890,592386,7,496,2,7200,1.01411290323
591899,591905,592362,6,457,2,7200,1.01312910284
591915,591922,592444,7,522,2,7200,1.01340996169
591931,591938,592438,7,500,2,7200,1.014
591933,591945,592394,12,449,2,7200,1.02672605791
591949,591956,592509,7,553,2,7200,1.01265822785
591965,591972,592496,7,524,2,7200,1.01335877863
591981,591988,592503,7,515,2,7200,1.01359223301
591982,591995,592549,13,554,2,7200,1.02346570397
591999,592006,592575,7,569,2,7200,1.01230228471
592014,592021,592534,7,513,2,7200,1.01364522417
592016,592027,592542,11,515,2,7200,1.0213592233
592032,592038,592589,6,551,2,7200,1.0108892922
592048,592055,592527,7,472,2,7200,1.01483050847
592050,592062,592578,12,516,2,7200,1.02325581395
592066,592073,592596,7,523,2,7200,1.01338432122
592068,592080,592636,12,556,2,7200,1.02158273381
592084,592090,592605,6,515,2,7200,1.01165048544
592099,592106,592643,7,537,2,7200,1.01303538175
592115,592121,592597,6,476,2,7200,1.01260504202
592131,592138,592636,7,498,2,7200,1.0140562249
592190,592196,592771,6,575,2,7200,1.01043478261
592209,592216,592734,7,518,2,7200,1.01351351351
592225,592231,592744,6,513,2,7200,1.01169590643
592241,592248,592797,7,549,2,7200,1.01275045537
592257,592263,592771,6,508,2,7200,1.01181102362
592259,592271,592841,12,570,2,7200,1.02105263158
592299,592306,592842,7,536,2,7200,1.01305970149
592322,592329,592853,7,524,2,7200,1.01335877863
592323,592379,592381,56,2,2,3540,5.8
592365,592372,592919,7,547,2,7200,1.01279707495
592388,592395,592875,7,480,2,7200,1.01458333333
592390,592402,592886,12,484,2,7200,1.02479338843
592406,592413,592897,7,484,2,7200,1.01446280992
592440,592447,592954,7,507,2,7200,1.01380670611
592456,592463,592995,7,532,2,7200,1.01315789474
592499,592506,593046,7,540,2,7200,1.01296296296
592515,592523,593024,8,501,2,7200,1.01596806387
592517,592530,593022,13,492,2,7200,1.02642276423
592534,592541,593050,7,509,2,7200,1.0137524558
592550,592557,593069,7,512,2,7200,1.013671875
592552,592564,593075,12,511,2,7200,1.02348336595
592553,592569,593085,16,516,2,7200,1.03100775194
592579,592586,593075,7,489,2,7200,1.01431492843
592581,592593,593114,12,521,2,7200,1.02303262956
592598,592605,593093,7,488,2,7200,1.0143442623
592600,592612,593104,12,492,2,7200,1.0243902439
592601,592617,593107,16,490,2,7200,1.03265306122
592617,592625,593127,8,502,2,7200,1.01593625498
592640,592647,593181,7,534,2,7200,1.01310861423
592641,592654,593160,13,506,2,7200,1.0256916996
592657,592665,593188,8,523,2,7200,1.01529636711
592735,592743,593244,8,501,2,7200,1.01596806387
592750,592757,593294,7,537,2,7200,1.01303538175
592773,592780,593280,7,500,2,7200,1.014
592775,592787,593320,12,533,2,7200,1.02251407129
592800,592808,593282,8,474,2,7200,1.01687763713
592844,592850,593402,6,552,2,7200,1.01086956522
592846,592858,593359,12,501,2,7200,1.02395209581
592862,592869,593377,7,508,2,7200,1.01377952756
592878,592885,593407,7,522,2,7200,1.01340996169
592893,592901,593431,8,530,2,7200,1.01509433962
592909,592916,593462,7,546,2,7200,1.01282051282
592925,592932,593496,7,564,2,7200,1.01241134752
592956,592963,593525,7,562,2,7200,1.01245551601
592997,593004,593557,7,553,2,7200,1.01265822785
593025,593033,593536,8,503,2,7200,1.01590457256
593027,593040,593544,13,504,2,7200,1.02579365079
593050,593057,593586,7,529,2,7200,1.01323251418
593066,593073,593570,7,497,2,7200,1.01408450704
593082,593090,593603,8,513,2,7200,1.01559454191
593084,593097,593603,13,506,2,7200,1.0256916996
593086,593102,593573,16,471,2,7200,1.03397027601
593102,593109,593640,7,531,2,7200,1.0131826742
593103,593116,593621,13,505,2,7200,1.02574257426
593120,593127,593663,7,536,2,7200,1.01305970149
593122,593133,593653,11,520,2,7200,1.02115384615
593124,593139,593622,15,483,2,7200,1.03105590062
593139,593146,593628,7,482,2,7200,1.01452282158
593162,593169,593658,7,489,2,7200,1.01431492843
593184,593190,593748,6,558,2,7200,1.01075268817
593199,593206,593734,7,528,2,7200,1.01325757576
593246,593253,593762,7,509,2,7200,1.0137524558
593284,593291,593809,7,518,2,7200,1.01351351351
593286,593298,593799,12,501,2,7200,1.02395209581
593302,593309,593848,7,539,2,7200,1.01298701299
593324,593331,593839,7,508,2,7200,1.01377952756
593361,593368,593879,7,511,2,7200,1.01369863014
593380,593386,593960,6,574,2,7200,1.01045296167
593405,593411,593912,6,501,2,7200,1.0119760479
593421,593427,593953,6,526,2,7200,1.01140684411
593436,593443,593997,7,554,2,7200,1.01263537906
593464,593470,593962,6,492,2,7200,1.01219512195
593499,593506,593977,7,471,2,7200,1.01486199575
593527,593533,594035,6,502,2,7200,1.01195219124
593543,593550,594060,7,510,2,7200,1.0137254902
593559,593566,594108,7,542,2,7200,1.01291512915
593560,593573,594038,13,465,2,7200,1.02795698925
593577,593583,594112,6,529,2,7200,1.01134215501
593579,593591,594082,12,491,2,7200,1.02443991853
593595,593601,594113,6,512,2,7200,1.01171875
593610,593617,594177,7,560,2,7200,1.0125
593612,593624,594150,12,526,2,7200,1.02281368821
593629,593635,594170,6,535,2,7200,1.01121495327
593630,593642,594140,12,498,2,7200,1.02409638554
593632,593647,594164,15,517,2,7200,1.02901353965
593648,593656,594200,8,544,2,7200,1.01470588235
593664,593671,594192,7,521,2,7200,1.01343570058
593666,593679,594187,13,508,2,7200,1.02559055118
593668,593684,594193,16,509,2,7200,1.03143418468
593739,593746,594272,7,526,2,7200,1.01330798479
593755,593761,594284,6,523,2,7200,1.01147227533
593770,593777,594301,7,524,2,7200,1.01335877863
593801,593808,594351,7,543,2,7200,1.01289134438
593817,593823,594387,6,564,2,7200,1.01063829787
593842,593848,594400,6,552,2,7200,1.01086956522
593858,593864,594363,6,499,2,7200,1.0120240481
593880,593886,594408,6,522,2,7200,1.01149425287
593914,593920,594431,6,511,2,7200,1.01174168297
593955,593962,594504,7,542,2,7200,1.01291512915
593971,593977,594471,6,494,2,7200,1.01214574899
593972,593983,594484,11,501,2,7200,1.02195608782
593988,593995,594476,7,481,2,7200,1.01455301455
594004,594010,594560,6,550,2,7200,1.01090909091
594035,594041,594504,6,463,2,7200,1.01295896328
594051,594057,594544,6,487,2,7200,1.01232032854
594067,594073,594559,6,486,2,7200,1.01234567901
594086,594092,594627,6,535,2,7200,1.01121495327
594111,594118,594677,7,559,2,7200,1.01252236136
594127,594133,594639,6,506,2,7200,1.01185770751
594128,594139,594686,11,547,2,7200,1.02010968921
594144,594151,594613,7,462,2,7200,1.01515151515
594160,594166,594682,6,516,2,7200,1.01162790698
594176,594183,594724,7,541,2,7200,1.01293900185
594178,594190,594723,12,533,2,7200,1.02251407129
594194,594201,594700,7,499,2,7200,1.01402805611
594196,594208,594698,12,490,2,7200,1.02448979592
594198,594213,594764,15,551,2,7200,1.02722323049
594204,594220,594717,16,497,2,7200,1.03219315895
594220,594226,594699,6,473,2,7200,1.01268498943
594276,594283,594797,7,514,2,7200,1.01361867704
594291,594299,594809,8,510,2,7200,1.01568627451
594307,594313,594872,6,559,2,7200,1.01073345259
594353,594361,594916,8,555,2,7200,1.01441441441
594369,594377,594865,8,488,2,7200,1.01639344262
594388,594396,594933,8,537,2,7200,1.01489757914
594404,594411,594966,7,555,2,7200,1.01261261261
594420,594427,594903,7,476,2,7200,1.01470588235
594436,594442,594976,6,534,2,7200,1.01123595506
594474,594481,595013,7,532,2,7200,1.01315789474
594490,594496,595011,6,515,2,7200,1.01165048544
594491,594503,595024,12,521,2,7200,1.02303262956
594507,594513,595030,6,517,2,7200,1.01160541586
594509,594521,595015,12,494,2,7200,1.02429149798
594546,594553,595091,7,538,2,7200,1.01301115242
594562,594568,595108,6,540,2,7200,1.01111111111
594564,594576,595109,12,533,2,7200,1.02251407129
594617,594624,595106,7,482,2,7200,1.01452282158
594632,594639,595165,7,526,2,7200,1.01330798479
594648,594655,595188,7,533,2,7200,1.01313320826
594679,594686,595208,7,522,2,7200,1.01340996169
594695,594702,595210,7,508,2,7200,1.01377952756
594697,594709,595253,12,544,2,7200,1.02205882353
594713,594721,595217,8,496,2,7200,1.01612903226
594715,594728,595276,13,548,2,7200,1.02372262774
594717,594733,595269,16,536,2,7200,1.02985074627
594733,594740,595279,7,539,2,7200,1.01298701299
594734,594747,595228,13,481,2,7200,1.02702702703
594736,594752,595275,16,523,2,7200,1.03059273423
594768,594775,595324,7,549,2,7200,1.01275045537
594802,594809,595341,7,532,2,7200,1.01315789474
594818,594824,595306,6,482,2,7200,1.01244813278
594867,594874,595374,7,500,2,7200,1.014
594883,594890,595410,7,520,2,7200,1.01346153846
594906,594912,595413,6,501,2,7200,1.0119760479
594921,594928,595417,7,489,2,7200,1.01431492843
594937,594944,595460,7,516,2,7200,1.01356589147
594968,594976,595476,8,500,2,7200,1.016
594984,594991,595559,7,568,2,7200,1.01232394366
595012,595020,595548,8,528,2,7200,1.01515151515
595029,595036,595545,7,509,2,7200,1.0137524558
595031,595043,595478,12,435,2,7200,1.0275862069
595032,595048,595549,16,501,2,7200,1.03193612774
595039,595054,595525,15,471,2,7200,1.03184713376
595092,595099,595615,7,516,2,7200,1.01356589147
595108,595115,595651,7,536,2,7200,1.01305970149
595124,595131,595631,7,500,2,7200,1.014
595126,595138,595658,12,520,2,7200,1.02307692308
595167,595174,595644,7,470,2,7200,1.01489361702
595192,595199,595695,7,496,2,7200,1.01411290323
595211,595217,595732,6,515,2,7200,1.01165048544
595213,595225,595764,12,539,2,7200,1.02226345083
595229,595235,595740,6,505,2,7200,1.01188118812
595231,595242,595787,11,545,2,7200,1.02018348624
595256,595263,595750,7,487,2,7200,1.01437371663
595272,595278,595799,6,521,2,7200,1.01151631478
595288,595294,595792,6,498,2,7200,1.01204819277
595290,595302,595828,12,526,2,7200,1.02281368821
595291,595307,595863,16,556,2,7200,1.02877697842
595307,595314,595823,7,509,2,7200,1.0137524558
595326,595333,595853,7,520,2,7200,1.01346153846
595345,595353,595867,8,514,2,7200,1.01556420233
595377,595384,595898,7,514,2,7200,1.01361867704
595411,595417,595939,6,522,2,7200,1.01149425287
595427,595434,596003,7,569,2,7200,1.01230228471
595429,595440,595955,11,515,2,7200,1.0213592233
595463,595470,596039,7,569,2,7200,1.01230228471
595479,595486,595999,7,513,2,7200,1.01364522417
595481,595493,596010,12,517,2,7200,1.02321083172
595528,595534,596049,6,515,2,7200,1.01165048544
595547,595553,596076,6,523,2,7200,1.01147227533
595563,595569,596082,6,513,2,7200,1.01169590643
595564,595576,596117,12,541,2,7200,1.02218114603
595566,595581,596094,15,513,2,7200,1.02923976608
595619,595626,596176,7,550,2,7200,1.01272727273
595634,595642,596200,8,558,2,7200,1.01433691756
595650,595658,596198,8,540,2,7200,1.01481481481
595666,595673,596164,7,491,2,7200,1.01425661914
595668,595679,596204,11,525,2,7200,1.02095238095
595699,595706,596251,7,545,2,7200,1.0128440367
595736,595744,596257,8,513,2,7200,1.01559454191
595752,595760,596299,8,539,2,7200,1.01484230056
595754,595767,596266,13,499,2,7200,1.02605210421
595771,595778,596338,7,560,2,7200,1.0125
595790,595797,596304,7,507,2,7200,1.01380670611
595806,595813,596323,7,510,2,7200,1.0137254902
595808,595821,596356,13,535,2,7200,1.02429906542
595827,595834,596319,7,485,2,7200,1.01443298969
595842,595850,596342,8,492,2,7200,1.0162601626
595858,595865,596440,7,575,2,7200,1.01217391304
595874,595882,596422,8,540,2,7200,1.01481481481
595876,595889,596448,13,559,2,7200,1.02325581395
595902,595909,596474,7,565,2,7200,1.01238938053
595943,595950,596497,7,547,2,7200,1.01279707495
595959,595966,596462,7,496,2,7200,1.01411290323
596003,596010,596532,7,522,2,7200,1.01340996169
596018,596026,596569,8,543,2,7200,1.01473296501
596020,596033,596606,13,573,2,7200,1.02268760908
596043,596049,596560,6,511,2,7200,1.01174168297
596059,596065,596537,6,472,2,7200,1.01271186441
596078,596084,596620,6,536,2,7200,1.01119402985
596094,596100,596632,6,532,2,7200,1.01127819549
596110,596116,596629,6,513,2,7200,1.01169590643
596125,596133,596684,8,551,2,7200,1.01451905626
596166,596173,596716,7,543,2,7200,1.01289134438
596182,596190,596687,8,497,2,7200,1.01609657948
596201,596208,596735,7,527,2,7200,1.01328273245
596203,596215,596763,12,548,2,7200,1.02189781022
596219,596226,596737,7,511,2,7200,1.01369863014
596253,596259,596735,6,476,2,7200,1.01260504202
596269,596276,596817,7,541,2,7200,1.01293900185
596271,596283,596807,12,524,2,7200,1.02290076336
596302,596309,596851,7,542,2,7200,1.01291512915
596318,596324,596847,6,523,2,7200,1.01147227533
596334,596340,596830,6,490,2,7200,1.01224489796
596336,596348,596871,12,523,2,7200,1.02294455067
596352,596359,596896,7,537,2,7200,1.01303538175
596354,596366,596862,12,496,2,7200,1.02419354839
596370,596377,596897,7,520,2,7200,1.01346153846
596426,596433,596958,7,525,2,7200,1.01333333333
596442,596449,596975,7,526,2,7200,1.01330798479
596457,596465,596990,8,525,2,7200,1.01523809524
596473,596481,596996,8,515,2,7200,1.01553398058
596489,596495,596998,6,503,2,7200,1.01192842942
596505,596511,597032,6,521,2,7200,1.01151631478
596538,596545,597105,7,560,2,7200,1.0125
596539,596552,597070,13,518,2,7200,1.0250965251
596562,596569,597095,7,526,2,7200,1.01330798479
596578,596585,597113,7,528,2,7200,1.01325757576
596609,596616,597108,7,492,2,7200,1.01422764228
596625,596632,597148,7,516,2,7200,1.01356589147
596640,596647,597136,7,489,2,7200,1.01431492843
596642,596655,597141,13,486,2,7200,1.02674897119
596686,596693,597206,7,513,2,7200,1.01364522417
596702,596708,597238,6,530,2,7200,1.01132075472
596718,596724,597252,6,528,2,7200,1.01136363636
596738,596745,597203,7,458,2,7200,1.01528384279
596739,596752,597231,13,479,2,7200,1.02713987474
596741,596757,597254,16,497,2,7200,1.03219315895
596767,596774,597309,7,535,2,7200,1.01308411215
596810,596817,597388,7,571,2,7200,1.0122591944
596826,596833,597315,7,482,2,7200,1.01452282158
596842,596849,597364,7,515,2,7200,1.01359223301
596858,596866,597387,8,521,2,7200,1.01535508637
596860,596871,597388,11,517,2,7200,1.02127659574
596876,596883,597362,7,479,2,7200,1.01461377871
596877,596890,597387,13,497,2,7200,1.02615694165
596900,596907,597425,7,518,2,7200,1.01351351351
596901,596914,597420,13,506,2,7200,1.0256916996
596961,596968,597552,7,584,2,7200,1.01198630137
596977,596983,597486,6,503,2,7200,1.01192842942
596993,596999,597495,6,496,2,7200,1.01209677419
597008,597015,597484,7,469,2,7200,1.01492537313
597010,597021,597501,11,480,2,7200,1.02291666667
597035,597042,597523,7,481,2,7200,1.01455301455
597073,597079,597576,6,497,2,7200,1.01207243461
597098,597105,597638,7,533,2,7200,1.01313320826
597114,597122,597667,8,545,2,7200,1.01467889908
597116,597129,597645,13,516,2,7200,1.02519379845
597118,597134,597664,16,530,2,7200,1.03018867925
597140,597146,597642,6,496,2,7200,1.01209677419
597156,597162,597653,6,491,2,7200,1.01221995927
597157,597169,597745,12,576,2,7200,1.02083333333
597204,597211,597716,7,505,2,7200,1.01386138614
597220,597227,597721,7,494,2,7200,1.01417004049
597236,597243,597776,7,533,2,7200,1.01313320826
597252,597258,597802,6,544,2,7200,1.01102941176
597254,597266,597790,12,524,2,7200,1.02290076336
597270,597276,597781,6,505,2,7200,1.01188118812
597314,597321,597827,7,506,2,7200,1.01383399209
597329,597336,597872,7,536,2,7200,1.01305970149
597364,597371,597858,7,487,2,7200,1.01437371663
597366,597378,597939,12,561,2,7200,1.02139037433
597392,597399,597907,7,508,2,7200,1.01377952756
597394,597406,597918,12,512,2,7200,1.0234375
597396,597411,597910,15,499,2,7200,1.03006012024
597402,597418,597890,16,472,2,7200,1.03389830508
597422,597429,597947,7,518,2,7200,1.01351351351
597438,597444,597958,6,514,2,7200,1.01167315175
597487,597494,598003,7,509,2,7200,1.0137524558
597489,597501,597998,12,497,2,7200,1.02414486922
597505,597512,598006,7,494,2,7200,1.01417004049
597506,597519,598068,13,549,2,7200,1.02367941712
597525,597533,598030,8,497,2,7200,1.01609657948
597554,597560,598088,6,528,2,7200,1.01136363636
597579,597586,598085,7,499,2,7200,1.01402805611
597641,597648,598153,7,505,2,7200,1.01386138614
597657,597664,598222,7,558,2,7200,1.01254480287
597659,597671,598231,12,560,2,7200,1.02142857143
597660,597676,598197,16,521,2,7200,1.03071017274
597676,597683,598192,7,509,2,7200,1.0137524558
597678,597690,598268,12,578,2,7200,1.02076124567
597719,597725,598239,6,514,2,7200,1.01167315175
597734,597741,598262,7,521,2,7200,1.01343570058
597750,597757,598270,7,513,2,7200,1.01364522417
597778,597785,598269,7,484,2,7200,1.01446280992
597795,597801,598322,6,521,2,7200,1.01151631478
597796,597807,598302,11,495,2,7200,1.02222222222
597812,597819,598367,7,548,2,7200,1.01277372263
597831,597838,598315,7,477,2,7200,1.01467505241
597863,597870,598419,7,549,2,7200,1.01275045537
597879,597885,598406,6,521,2,7200,1.01151631478
597894,597900,598420,6,520,2,7200,1.01153846154
597910,597918,598414,8,496,2,7200,1.01612903226
597926,597933,598430,7,497,2,7200,1.01408450704
597928,597940,598483,12,543,2,7200,1.02209944751
597944,597951,598484,7,533,2,7200,1.01313320826
597960,597966,598444,6,478,2,7200,1.01255230126
597962,597974,598478,12,504,2,7200,1.02380952381
597999,598006,598531,7,525,2,7200,1.01333333333
598015,598022,598510,7,488,2,7200,1.0143442623
598017,598029,598548,12,519,2,7200,1.02312138728
598033,598039,598550,6,511,2,7200,1.01174168297
598071,598078,598599,7,521,2,7200,1.01343570058
598086,598094,598654,8,560,2,7200,1.01428571429
598102,598108,598662,6,554,2,7200,1.01083032491
598156,598163,598645,7,482,2,7200,1.01452282158
598196,598204,598670,8,466,2,7200,1.01716738197
598212,598218,598758,6,540,2,7200,1.01111111111
598228,598234,598738,6,504,2,7200,1.0119047619
598244,598250,598710,6,460,2,7200,1.01304347826
598246,598258,598769,12,511,2,7200,1.02348336595
598265,598271,598809,6,538,2,7200,1.01115241636
598281,598287,598800,6,513,2,7200,1.01169590643
598283,598295,598826,12,531,2,7200,1.02259887006
598284,598300,598813,16,513,2,7200,1.03118908382
598307,598314,598845,7,531,2,7200,1.0131826742
598323,598329,598887,6,558,2,7200,1.01075268817
598324,598336,598877,12,541,2,7200,1.02218114603
598371,598377,598895,6,518,2,7200,1.01158301158
598409,598415,598956,6,541,2,7200,1.01109057301
598426,598432,598938,6,506,2,7200,1.01185770751
598427,598438,598962,11,524,2,7200,1.02099236641
598429,598444,598960,15,516,2,7200,1.02906976744
598445,598452,598950,7,498,2,7200,1.0140562249
598447,598459,598963,12,504,2,7200,1.02380952381
598482,598488,598996,6,508,2,7200,1.01181102362
598498,598504,599042,6,538,2,7200,1.01115241636
598500,598511,598994,11,483,2,7200,1.02277432712
598515,598522,599039,7,517,2,7200,1.01353965184
598535,598542,599073,7,531,2,7200,1.0131826742
598551,598558,599097,7,539,2,7200,1.01298701299
598553,598565,599098,12,533,2,7200,1.02251407129
598602,598609,599117,7,508,2,7200,1.01377952756
598649,598656,599208,7,552,2,7200,1.01268115942
598665,598671,599196,6,525,2,7200,1.01142857143
598667,598679,599203,12,524,2,7200,1.02290076336
598683,598690,599159,7,469,2,7200,1.01492537313
598711,598718,599223,7,505,2,7200,1.01386138614
598739,598745,599252,6,507,2,7200,1.01183431953
598761,598767,599339,6,572,2,7200,1.01048951049
598777,598784,599286,7,502,2,7200,1.01394422311
598802,598809,599316,7,507,2,7200,1.01380670611
598818,598825,599313,7,488,2,7200,1.0143442623
598819,598832,599373,13,541,2,7200,1.02402957486
598835,598842,599333,7,491,2,7200,1.01425661914
598851,598859,599373,8,514,2,7200,1.01556420233
598880,598887,599419,7,532,2,7200,1.01315789474
598896,598902,599407,6,505,2,7200,1.01188118812
598898,598910,599391,12,481,2,7200,1.02494802495
598942,598948,599524,6,576,2,7200,1.01041666667
598957,598965,599470,8,505,2,7200,1.01584158416
598959,598972,599500,13,528,2,7200,1.02462121212
598976,598982,599505,6,523,2,7200,1.01147227533
598978,598988,599517,10,529,2,7200,1.01890359168
598979,598994,599515,15,521,2,7200,1.02879078695
598999,599007,599528,8,521,2,7200,1.01535508637
599001,599014,599512,13,498,2,7200,1.02610441767
599042,599049,599514,7,465,2,7200,1.01505376344
599044,599056,599558,12,502,2,7200,1.02390438247
599075,599082,599598,7,516,2,7200,1.01356589147
599101,599107,599594,6,487,2,7200,1.01232032854
599102,599115,599645,13,530,2,7200,1.02452830189
599119,599126,599663,7,537,2,7200,1.01303538175
599162,599169,599641,7,472,2,7200,1.01483050847
599200,599207,599708,7,501,2,7200,1.01397205589
599215,599222,599757,7,535,2,7200,1.01308411215
599217,599229,599768,12,539,2,7200,1.02226345083
599232,599240,599758,8,518,2,7200,1.01544401544
599254,599260,599728,6,468,2,7200,1.01282051282
599288,599296,599809,8,513,2,7200,1.01559454191
599317,599323,599846,6,523,2,7200,1.01147227533
599318,599330,599838,12,508,2,7200,1.02362204724
599334,599340,599914,6,574,2,7200,1.01045296167
599350,599357,599856,7,499,2,7200,1.01402805611
599375,599382,599868,7,486,2,7200,1.01440329218
599376,599389,599907,13,518,2,7200,1.0250965251
599395,599402,599924,7,522,2,7200,1.01340996169
599411,599418,599910,7,492,2,7200,1.01422764228
599426,599434,599915,8,481,2,7200,1.01663201663
599472,599480,599985,8,505,2,7200,1.01584158416
599504,599511,600038,7,527,2,7200,1.01328273245
599520,599527,600069,7,542,2,7200,1.01291512915
599522,599534,600048,12,514,2,7200,1.0233463035
599524,599539,600017,15,478,2,7200,1.03138075314
599530,599546,600091,16,545,2,7200,1.02935779817
599537,599551,600048,14,497,2,7200,1.02816901408
599554,599561,600085,7,524,2,7200,1.01335877863
599555,599568,600081,13,513,2,7200,1.0253411306
599572,599579,600101,7,522,2,7200,1.01340996169
599597,599604,600158,7,554,2,7200,1.01263537906
599612,599620,600141,8,521,2,7200,1.01535508637
599643,599650,600167,7,517,2,7200,1.01353965184
599659,599666,600170,7,504,2,7200,1.01388888889
599674,599681,600186,7,505,2,7200,1.01386138614
599712,599718,600221,6,503,2,7200,1.01192842942
599731,599738,600259,7,521,2,7200,1.01343570058
599759,599766,600287,7,521,2,7200,1.01343570058
599761,599773,600285,12,512,2,7200,1.0234375
599777,599783,600328,6,545,2,7200,1.01100917431
599811,599818,600320,7,502,2,7200,1.01394422311
599843,599850,600342,7,492,2,7200,1.01422764228
599859,599866,600406,7,540,2,7200,1.01296296296
599861,599873,600370,12,497,2,7200,1.02414486922
599877,599884,600417,7,533,2,7200,1.01313320826
599912,599919,600460,7,541,2,7200,1.01293900185
599913,599926,600483,13,557,2,7200,1.02333931777
599930,599937,600450,7,513,2,7200,1.01364522417
599932,599945,600427,13,482,2,7200,1.02697095436
599933,599950,600456,17,506,2,7200,1.03359683794
599990,599997,600547,7,550,2,7200,1.01272727273
600021,600027,600582,6,555,2,7200,1.01081081081
600040,600046,600567,6,521,2,7200,1.01151631478
600056,600063,600544,7,481,2,7200,1.01455301455
600058,600070,600534,12,464,2,7200,1.02586206897
600074,600081,600564,7,483,2,7200,1.01449275362
600090,600097,600607,7,510,2,7200,1.0137254902
600092,600104,600666,12,562,2,7200,1.02135231317
600110,600117,600618,7,501,2,7200,1.01397205589
600111,600124,600638,13,514,2,7200,1.02529182879
600143,600150,600644,7,494,2,7200,1.01417004049
600159,600166,600717,7,551,2,7200,1.01270417423
600175,600182,600705,7,523,2,7200,1.01338432122
600177,600189,600710,12,521,2,7200,1.02303262956
600193,600200,600723,7,523,2,7200,1.01338432122
600225,600231,600808,6,577,2,7200,1.01039861352
600262,600270,600811,8,541,2,7200,1.01478743068
600288,600295,600811,7,516,2,7200,1.01356589147
600290,600302,600845,12,543,2,7200,1.02209944751
600325,600332,600856,7,524,2,7200,1.01335877863
600326,600339,600868,13,529,2,7200,1.02457466919
600346,600353,600837,7,484,2,7200,1.01446280992
600371,600378,600920,7,542,2,7200,1.01291512915
600408,600415,600966,7,551,2,7200,1.01270417423
600424,600431,600948,7,517,2,7200,1.01353965184
600440,600447,600956,7,509,2,7200,1.0137524558
600456,600462,600983,6,521,2,7200,1.01151631478
600472,600478,600957,6,479,2,7200,1.01252609603
600474,600486,600960,12,474,2,7200,1.0253164557
600490,600496,601039,6,543,2,7200,1.01104972376
600536,600544,601082,8,538,2,7200,1.01486988848
600552,600558,601102,6,544,2,7200,1.01102941176
600554,600566,601068,12,502,2,7200,1.02390438247
600570,600576,601108,6,532,2,7200,1.01127819549
600572,600583,601099,11,516,2,7200,1.02131782946
600588,600594,601122,6,528,2,7200,1.01136363636
600610,600616,601109,6,493,2,7200,1.0121703854
600625,600633,601132,8,499,2,7200,1.01603206413
600641,600648,601176,7,528,2,7200,1.01325757576
600657,600664,601205,7,541,2,7200,1.01293900185
600673,600679,601217,6,538,2,7200,1.01115241636
600707,600714,601261,7,547,2,7200,1.01279707495
600723,600730,601210,7,480,2,7200,1.01458333333
600725,600738,601260,13,522,2,7200,1.02490421456
600742,600749,601265,7,516,2,7200,1.01356589147
600810,600816,601332,6,516,2,7200,1.01162790698
600825,600833,601349,8,516,2,7200,1.01550387597
600827,600840,601374,13,534,2,7200,1.02434456929
600844,600850,601407,6,557,2,7200,1.01077199282
600860,600867,601434,7,567,2,7200,1.01234567901
600861,600874,601419,13,545,2,7200,1.02385321101
600878,600885,601389,7,504,2,7200,1.01388888889
600924,600932,601467,8,535,2,7200,1.01495327103
600950,600957,601442,7,485,2,7200,1.01443298969
600966,600974,601530,8,556,2,7200,1.01438848921
600968,600981,601486,13,505,2,7200,1.02574257426
600969,600986,601453,17,467,2,7200,1.03640256959
600985,600993,601520,8,527,2,7200,1.01518026565
600987,601000,601540,13,540,2,7200,1.02407407407
601041,601048,601571,7,523,2,7200,1.01338432122
601072,601079,601610,7,531,2,7200,1.0131826742
601087,601094,601593,7,499,2,7200,1.01402805611
601103,601111,601622,8,511,2,7200,1.0156555773
601105,601118,601616,13,498,2,7200,1.02610441767
601122,601132,601695,10,563,2,7200,1.01776198934
601123,601137,601606,14,469,2,7200,1.02985074627
601130,601144,601649,14,505,2,7200,1.02772277228
601147,601189,601728,42,539,2,7200,1.07792207792
601179,601217,601759,38,542,2,7200,1.07011070111
601207,601272,601800,65,528,2,7200,1.12310606061
601223,601277,601775,54,498,2,7200,1.10843373494
601272,601285,601822,13,537,2,7200,1.02420856611
601289,601344,601848,55,504,2,7200,1.10912698413
601290,601361,601906,71,545,2,7200,1.13027522936
601339,601387,601922,48,535,2,7200,1.08971962617
601361,601401,601929,40,528,2,7200,1.07575757576
601383,601420,601917,37,497,2,7200,1.07444668008
601399,601432,601922,33,490,2,7200,1.06734693878
601416,601447,601969,31,522,2,7200,1.05938697318
601432,601453,601950,21,497,2,7200,1.04225352113
601445,601583,602135,138,552,2,7200,1.25
601461,601605,602089,144,484,2,7200,1.29752066116
601583,601618,602144,35,526,2,7200,1.06653992395
601600,601625,602118,25,493,2,7200,1.05070993915
601618,601632,602157,14,525,2,7200,1.02666666667
601625,601639,602139,14,500,2,7200,1.028
601631,601661,602173,30,512,2,7200,1.05859375
601638,601707,602182,69,475,2,7200,1.14526315789
601661,601740,602238,79,498,2,7200,1.15863453815
601704,601772,602306,68,534,2,7200,1.12734082397
601737,601787,602293,50,506,2,7200,1.09881422925
601770,601812,602346,42,534,2,7200,1.07865168539
601783,601835,602354,52,519,2,7200,1.10019267823
601810,601861,602391,51,530,2,7200,1.09622641509
601832,601918,602443,86,525,2,7200,1.16380952381
601860,601929,602457,69,528,2,7200,1.13068181818
601914,601936,602474,22,538,2,7200,1.04089219331
601926,601941,602514,15,573,2,7200,1.02617801047
601933,601948,602461,15,513,2,7200,1.02923976608
601940,601961,602494,21,533,2,7200,1.03939962477
601947,601981,602474,34,493,2,7200,1.06896551724
601959,602101,602649,142,548,2,7200,1.25912408759
601981,602130,602615,149,485,2,7200,1.30721649485
602097,602147,602694,50,547,2,7200,1.09140767824
602125,602154,602671,29,517,2,7200,1.05609284333
602143,602161,602684,18,523,2,7200,1.034416826
602149,602169,602650,20,481,2,7200,1.04158004158
602156,602185,602765,29,580,2,7200,1.05
602168,602195,602727,27,532,2,7200,1.0507518797
602180,602250,602775,70,525,2,7200,1.13333333333
602198,602305,602791,107,486,2,7200,1.22016460905
602247,602319,602831,72,512,2,7200,1.140625
602301,602358,602850,57,492,2,7200,1.11585365854
602318,602367,602871,49,504,2,7200,1.09722222222
602357,602403,602962,46,559,2,7200,1.08228980322
602363,602456,602955,93,499,2,7200,1.18637274549
602402,602469,603028,67,559,2,7200,1.1198568873
602456,602476,603031,20,555,2,7200,1.03603603604
602473,602486,603035,13,549,2,7200,1.02367941712
602475,602491,603015,16,524,2,7200,1.03053435115
602482,602506,603057,24,551,2,7200,1.04355716878
602489,602526,603035,37,509,2,7200,1.07269155206
602506,602627,603198,121,571,2,7200,1.2119089317
602523,602661,603205,138,544,2,7200,1.25367647059
602624,602668,603182,44,514,2,7200,1.08560311284
602628,602636,602637,8,1,1,240,1.0
602657,602684,603176,27,492,2,7200,1.05487804878
602664,602696,603203,32,507,2,7200,1.06311637081
602688,602706,603227,18,521,2,7200,1.03454894434
602695,602740,603237,45,497,2,7200,1.09054325956
602701,602777,603288,76,511,2,7200,1.14872798434
602740,602787,603327,47,540,2,7200,1.08703703704
602773,602803,603305,30,502,2,7200,1.05976095618
602785,602843,603377,58,534,2,7200,1.10861423221
602802,602863,603404,61,541,2,7200,1.11275415896
602840,602883,603420,43,537,2,7200,1.0800744879
602863,602968,603451,105,483,2,7200,1.21739130435
602886,602975,603484,89,509,2,7200,1.17485265226
602966,603027,603589,61,562,2,7200,1.10854092527
602973,603040,603603,67,563,2,7200,1.1190053286
603027,603047,603528,20,481,2,7200,1.04158004158
603039,603052,603621,13,569,2,7200,1.02284710018
603046,603059,603593,13,534,2,7200,1.02434456929
603053,603069,603631,16,562,2,7200,1.02846975089
603055,603188,603722,133,534,2,7200,1.24906367041
603073,603195,603775,122,580,2,7200,1.21034482759
603184,603210,603721,26,511,2,7200,1.05088062622
603191,603217,603708,26,491,2,7200,1.05295315682
603209,603222,603747,13,525,2,7200,1.02476190476
603216,603240,603781,24,541,2,7200,1.04436229205
603222,603249,603778,27,529,2,7200,1.05103969754
603240,603300,603793,60,493,2,7200,1.12170385396
603247,603317,603832,70,515,2,7200,1.1359223301
603300,603339,603867,39,528,2,7200,1.07386363636
603313,603389,603901,76,512,2,7200,1.1484375
603335,603416,603927,81,511,2,7200,1.15851272016
603389,603432,603965,43,533,2,7200,1.08067542214
603412,603463,604028,51,565,2,7200,1.09026548673
603429,603496,603981,67,485,2,7200,1.1381443299
603462,603541,604054,79,513,2,7200,1.15399610136
603495,603601,604087,106,486,2,7200,1.21810699588
603538,603608,604142,70,534,2,7200,1.13108614232
603598,603615,604120,17,505,2,7200,1.03366336634
603605,603633,604098,28,465,2,7200,1.06021505376
603612,603643,604152,31,509,2,7200,1.06090373281
603629,603720,604230,91,510,2,7200,1.17843137255
603641,603733,604249,92,516,2,7200,1.17829457364
603716,603740,604237,24,497,2,7200,1.04828973843
603734,603759,604248,25,489,2,7200,1.05112474438
603751,603787,604277,36,490,2,7200,1.07346938776
603758,603794,604337,36,543,2,7200,1.06629834254
603786,603799,604316,13,517,2,7200,1.0251450677
603792,603806,604329,14,523,2,7200,1.02676864245
603799,603844,604400,45,556,2,7200,1.0809352518
603806,603879,604443,73,564,2,7200,1.12943262411
603844,603914,604462,70,548,2,7200,1.12773722628
603877,603940,604469,63,529,2,7200,1.1190926276
603911,603977,604496,66,519,2,7200,1.12716763006
603938,603993,604514,55,521,2,7200,1.10556621881
603976,604039,604571,63,532,2,7200,1.11842105263
603994,604067,604602,73,535,2,7200,1.13644859813
604037,604099,604632,62,533,2,7200,1.11632270169
604065,604110,604646,45,536,2,7200,1.08395522388
604098,604132,604638,34,506,2,7200,1.06719367589
604110,604154,604629,44,475,2,7200,1.09263157895
604127,604164,604688,37,524,2,7200,1.07061068702
604155,604241,604757,86,516,2,7200,1.16666666667
604162,604249,604777,87,528,2,7200,1.16477272727
604237,604260,604764,23,504,2,7200,1.04563492063
604249,604267,604743,18,476,2,7200,1.03781512605
604256,604289,604784,33,495,2,7200,1.06666666667
604263,604329,604869,66,540,2,7200,1.12222222222
604286,604341,604816,55,475,2,7200,1.11578947368
604329,604350,604870,21,520,2,7200,1.04038461538
604341,604412,604963,71,551,2,7200,1.12885662432
604358,604455,604996,97,541,2,7200,1.17929759704
604412,604475,605000,63,525,2,7200,1.12
604455,604481,605043,26,562,2,7200,1.0462633452
604473,604509,604993,36,484,2,7200,1.07438016529
604480,604526,605026,46,500,2,7200,1.092
604507,604583,605099,76,516,2,7200,1.14728682171
604525,604614,605099,89,485,2,7200,1.18350515464
604579,604641,605142,62,501,2,7200,1.12375249501
604618,604648,605180,30,532,2,7200,1.05639097744
604640,604655,605147,15,492,2,7200,1.03048780488
604647,604662,605176,15,514,2,7200,1.02918287938
604654,604700,605252,46,552,2,7200,1.08333333333
604661,604756,605253,95,497,2,7200,1.19114688129
604699,604769,605321,70,552,2,7200,1.1268115942
604753,604775,605337,22,562,2,7200,1.03914590747
604765,604789,605304,24,515,2,7200,1.04660194175
604783,604796,605318,13,522,2,7200,1.02490421456
604784,604828,605340,44,512,2,7200,1.0859375
604791,604881,605362,90,481,2,7200,1.18711018711
