SubmitTime,StartTime,EndTime,QueuedTime,RunTime,NodesRequested,walltime,bslowdown
101,746,865,645,119,4,3540,6.42016806723
151,157,281,6,124,1,3540,1.04838709677
1157,1164,30012,7,28848,4,172800,1.00024265114
1253,30019,33114,28766,3095,4,172800,10.2943457189
3187,3193,3229,6,36,20,172800,1.16666666667
3447,3453,7153,6,3700,1,7200,1.00162162162
4114,4120,4148,6,28,20,172800,1.21428571429
7193,7199,36004,6,28805,1,28800,1.00020829717
7964,7970,12642,6,4672,20,12600,1.00128424658
8115,8122,31540,7,23418,1,23400,1.00029891536
8131,9202,10623,1071,1421,6,1800,1.75369458128
8643,8650,8656,7,6,1,3600,1.3
8774,8780,8894,6,114,1,3600,1.05263157895
9031,9037,9298,6,261,1,3600,1.02298850575
9550,9556,10316,6,760,1,3600,1.00789473684
10866,10872,10878,6,6,1,3600,1.2
10995,11001,11080,6,79,1,3600,1.07594936709
11216,11223,11468,7,245,1,3600,1.02857142857
11774,11781,12281,7,500,1,3600,1.014
12206,12212,12220,6,8,1,1800,1.4
12399,12406,12480,7,74,1,1800,1.09459459459
12547,12553,12696,6,143,1,3600,1.04195804196
12721,12727,12825,6,98,1,1800,1.0612244898
12830,12836,13212,6,376,1,3600,1.01595744681
13343,13349,13735,6,386,1,1800,1.01554404145
13454,13461,14295,7,834,1,3600,1.00839328537
14421,14428,14434,7,6,1,1800,1.3
14583,14589,14627,6,38,1,1800,1.15789473684
14845,14852,14926,7,74,1,1800,1.09459459459
15192,15198,15280,6,82,1,3600,1.07317073171
15415,15421,15660,6,239,1,3600,1.02510460251
15540,15546,15811,6,265,1,1800,1.02264150943
15958,15964,16446,6,482,1,3600,1.01244813278
20451,20457,20531,6,74,1,1800,1.08108108108
20552,20558,20891,6,333,20,172800,1.01801801802
20846,20852,20946,6,94,1,1800,1.06382978723
20945,20952,22103,7,1151,20,172800,1.00608166811
21410,21416,21776,6,360,1,1800,1.01666666667
22915,22921,22960,6,39,1,1800,1.15384615385
23188,23194,23266,6,72,1,1800,1.08333333333
23848,23854,24098,6,244,1,1800,1.02459016393
25050,25057,25972,7,915,10,172800,1.00765027322
26067,26074,198916,7,172842,10,172800,1.00004049942
27838,27844,29458,6,1614,12,43200,1.00371747212
27923,27930,30275,7,2345,12,43200,1.00298507463
29484,29490,51140,6,21650,2,21600,1.00027713626
29520,29526,43982,6,14456,2,14400,1.00041505257
29592,29598,29672,6,74,4,72000,1.08108108108
31053,31059,62667,6,31608,4,72000,1.00018982536
31120,31125,31643,5,518,8,6000,1.00965250965
31120,31132,31660,12,528,8,6000,1.02272727273
31131,31139,31679,8,540,8,6000,1.01481481481
31131,31145,31680,14,535,8,6000,1.0261682243
31142,31151,31657,9,506,8,6000,1.01778656126
31142,31157,31661,15,504,8,6000,1.02976190476
31153,31169,31698,16,529,8,6000,1.03024574669
31153,31163,31697,10,534,8,6000,1.01872659176
31164,31175,31706,11,531,8,6000,1.02071563089
31165,31181,31688,16,507,8,6000,1.0315581854
31175,31187,31698,12,511,8,6000,1.02348336595
31186,31193,31713,7,520,8,6000,1.01346153846
31197,31654,32167,457,513,8,6000,1.89083820663
31656,31668,32173,12,505,8,6000,1.02376237624
31666,31675,32199,9,524,8,6000,1.01717557252
31677,31683,32221,6,538,8,6000,1.01115241636
31688,31700,32231,12,531,8,6000,1.02259887006
31688,31694,32235,6,541,8,6000,1.01109057301
31699,31712,32253,13,541,8,6000,1.02402957486
31699,31706,32234,7,528,8,6000,1.01325757576
31710,31725,32264,15,539,8,6000,1.02782931354
31710,31719,32229,9,510,8,6000,1.01764705882
31721,31732,32258,11,526,8,6000,1.02091254753
31732,31738,32262,6,524,8,6000,1.01145038168
31742,32178,32692,436,514,8,6000,1.84824902724
32181,32187,32708,6,521,8,6000,1.01151631478
32192,32210,32743,18,533,8,6000,1.03377110694
32213,32232,32770,19,538,8,6000,1.03531598513
32233,32240,32748,7,508,8,6000,1.01377952756
32244,32250,32799,6,549,8,6000,1.01092896175
32245,32256,32792,11,536,8,6000,1.02052238806
32255,32262,32777,7,515,8,6000,1.01359223301
32266,32272,32795,6,523,8,6000,1.01147227533
32266,32278,32788,12,510,8,6000,1.02352941176
32277,32285,32824,8,539,8,6000,1.01484230056
32288,32294,32835,6,541,8,6000,1.01109057301
32298,32703,33037,405,334,8,6000,2.2125748503
32706,32719,33037,13,318,8,6000,1.04088050314
32717,32755,33037,38,282,8,6000,1.13475177305
32758,32765,33037,7,272,8,6000,1.02573529412
32769,32781,33037,12,256,8,6000,1.046875
32780,32788,33037,8,249,8,6000,1.03212851406
32790,32799,33038,9,239,8,6000,1.03765690377
32801,32813,33037,12,224,8,6000,1.05357142857
32801,32807,33037,6,230,8,6000,1.02608695652
32812,32819,33037,7,218,8,6000,1.03211009174
32823,32836,33037,13,201,8,6000,1.06467661692
32833,32846,33037,13,191,8,6000,1.06806282723
33060,33066,33127,6,61,1,3600,1.09836065574
33061,33084,33138,23,54,1,3600,1.42592592593
33061,33078,33139,17,61,1,3600,1.27868852459
33061,33072,33133,11,61,1,3600,1.18032786885
33062,33105,33166,43,61,1,3600,1.70491803279
33062,33100,33161,38,61,1,3600,1.62295081967
33062,33094,33155,32,61,1,3600,1.52459016393
33062,33089,33150,27,61,1,3600,1.44262295082
33063,33127,33188,64,61,1,3600,2.04918032787
33063,33121,33182,58,61,1,3600,1.95081967213
33063,33116,33177,53,61,1,3600,1.86885245902
33063,33111,33171,48,60,1,3600,1.8
33311,33328,33349,17,21,1,3600,1.80952380952
33311,33322,33343,11,21,1,3600,1.52380952381
33311,33317,33328,6,11,1,3600,1.54545454545
33312,33340,33371,28,31,1,3600,1.90322580645
33312,33345,33366,33,21,1,3600,2.57142857143
33312,33334,33355,22,21,1,3600,2.04761904762
33313,33367,33407,54,40,1,3600,2.35
33313,33361,33392,48,31,1,3600,2.54838709677
33313,33356,33386,43,30,1,3600,2.43333333333
33313,33350,33381,37,31,1,3600,2.1935483871
33314,33377,33418,63,41,1,3600,2.53658536585
33314,33372,33413,58,41,1,3600,2.41463414634
33593,33600,33650,7,50,1,3600,1.14
33594,33605,33656,11,51,1,3600,1.21568627451
33594,33612,33672,18,60,1,3600,1.3
33594,33617,33678,23,61,1,3600,1.37704918033
33595,33622,33683,27,61,1,3600,1.44262295082
33595,33628,33700,33,72,1,3600,1.45833333333
33596,33633,33694,37,61,1,3600,1.60655737705
33900,33907,33918,7,11,1,3600,1.63636363636
33901,33912,33923,11,11,1,3600,2.0
33901,33918,33938,17,20,1,3600,1.85
33901,33924,33945,23,21,1,3600,2.09523809524
33902,33930,33950,28,20,1,3600,2.4
33902,33941,33961,39,20,1,3600,2.95
33902,33935,33966,33,31,1,3600,2.06451612903
33949,33956,33995,7,39,32,14400,1.17948717949
34120,34126,34878,6,752,8,6000,1.0079787234
34121,34132,34877,11,745,8,6000,1.01476510067
34131,34138,34879,7,741,8,6000,1.00944669366
34132,34143,34899,11,756,8,6000,1.01455026455
34143,34150,34900,7,750,8,6000,1.00933333333
34143,34155,34904,12,749,8,6000,1.01602136182
34154,34167,34915,13,748,8,6000,1.01737967914
34154,34161,34907,7,746,8,6000,1.00938337802
34165,34173,34914,8,741,8,6000,1.01079622132
34165,34179,34929,14,750,8,6000,1.01866666667
34176,34185,34940,9,755,8,6000,1.0119205298
34187,34193,34948,6,755,8,6000,1.00794701987
34198,34204,34947,6,743,8,6000,1.00807537012
34209,34888,35641,679,753,8,6000,1.90172642762
34893,34899,35665,6,766,8,6000,1.00783289817
34903,34909,35664,6,755,8,6000,1.00794701987
34914,34926,35667,12,741,8,6000,1.01619433198
34914,34920,35655,6,735,8,6000,1.00816326531
34925,34932,35667,7,735,8,6000,1.00952380952
34926,34938,35693,12,755,8,6000,1.01589403974
34936,34945,35673,9,728,8,6000,1.01236263736
34947,34959,35703,12,744,8,6000,1.01612903226
34947,34953,35678,6,725,8,6000,1.00827586207
34958,34965,35715,7,750,8,6000,1.00933333333
34969,34975,35725,6,750,8,6000,1.008
34980,34986,35725,6,739,8,6000,1.00811907984
34990,35652,36384,662,732,8,6000,1.9043715847
35654,35666,36419,12,753,8,6000,1.01593625498
35664,35675,36437,11,762,8,6000,1.01443569554
35675,35682,36430,7,748,8,6000,1.00935828877
35676,35687,36441,11,754,8,6000,1.01458885942
35686,35694,36452,8,758,8,6000,1.01055408971
35697,35703,36460,6,757,8,6000,1.00792602378
35708,35714,36462,6,748,8,6000,1.00802139037
35718,35725,36468,7,743,8,6000,1.00942126514
35729,35735,36486,6,751,8,6000,1.00798934754
35730,35741,36504,11,763,8,6000,1.01441677588
35740,35747,36490,7,743,8,6000,1.00942126514
35751,35757,36494,6,737,8,6000,1.00814111262
35762,36395,37157,633,762,8,6000,1.83070866142
35764,36014,70346,250,34332,4,72000,1.00728183619
36105,36454,36487,349,33,1,36000,11.5757575758
36182,36449,36480,267,31,4,1800,9.61290322581
36376,36459,37783,83,1324,1,3600,1.06268882175
36394,36430,37199,36,769,8,6000,1.04681404421
36435,36442,37198,7,756,8,6000,1.00925925926
36446,36466,37225,20,759,8,6000,1.02635046113
36467,36473,37235,6,762,8,6000,1.00787401575
36468,36479,37229,11,750,8,6000,1.01466666667
36478,36485,37244,7,759,8,6000,1.0092226614
36489,36495,37248,6,753,8,6000,1.00796812749
36500,36506,37281,6,775,8,6000,1.00774193548
36500,36512,37261,12,749,8,6000,1.01602136182
36511,36519,37279,8,760,8,6000,1.01052631579
36521,36528,37291,7,763,8,6000,1.00917431193
36532,36993,37766,461,773,8,6000,1.59637774903
36784,36790,136198,6,99408,1,108000,1.00006035732
36991,37168,37932,177,764,8,6000,1.23167539267
37165,37210,37971,45,761,8,6000,1.05913272011
37206,37217,37993,11,776,8,6000,1.01417525773
37217,37237,38003,20,766,8,6000,1.02610966057
37238,37244,37996,6,752,8,6000,1.0079787234
37249,37255,38009,6,754,8,6000,1.00795755968
37259,37265,38017,6,752,8,6000,1.0079787234
37270,37276,38045,6,769,8,6000,1.0078023407
37281,37287,38054,6,767,8,6000,1.00782268579
37291,37297,38046,6,749,8,6000,1.00801068091
37302,37308,38069,6,761,8,6000,1.00788436268
37313,37319,38082,6,763,8,6000,1.00786369594
37323,37777,38532,454,755,8,6000,1.60132450331
37641,37647,37674,6,27,4,1800,1.22222222222
37827,38007,38920,180,913,8,6000,1.19715224535
38001,38028,38927,27,899,8,6000,1.03003337041
38012,38056,38957,44,901,8,6000,1.04883462819
38033,38931,39851,898,920,8,6000,1.97608695652
38054,38943,39841,889,898,8,6000,1.98997772829
38562,238678,670709,200116,432031,6,432000,1.46319824272
38927,38937,39696,10,759,8,6000,1.01317523057
38938,38949,39738,11,789,8,6000,1.01394169835
38948,38956,39731,8,775,8,6000,1.01032258065
38949,38962,39731,13,769,8,6000,1.01690507152
38960,38969,39753,9,784,8,6000,1.01147959184
38960,38974,39730,14,756,8,6000,1.01851851852
38971,38986,39740,15,754,8,6000,1.0198938992
38971,38980,39744,9,764,8,6000,1.01178010471
38982,38992,39765,10,773,8,6000,1.01293661061
38993,38999,39768,6,769,8,6000,1.0078023407
39003,39009,39778,6,769,8,6000,1.0078023407
39014,39707,40479,693,772,8,6000,1.89766839378
39318,39753,41453,435,1700,12,43200,1.25588235294
39357,41305,42992,1948,1687,12,43200,2.15471250741
39707,39741,40510,34,769,8,6000,1.04421326398
39738,39747,40518,9,771,8,6000,1.01167315175
39749,39760,40510,11,750,8,6000,1.01466666667
39750,39765,40534,15,769,8,6000,1.01950585176
39760,39771,40539,11,768,8,6000,1.01432291667
39771,39778,40536,7,758,8,6000,1.0092348285
39772,39783,40558,11,775,8,6000,1.01419354839
39782,39789,40570,7,781,8,6000,1.00896286812
39793,39799,40583,6,784,8,6000,1.00765306122
39804,39852,40623,48,771,8,6000,1.06225680934
39855,39863,40633,8,770,8,6000,1.01038961039
39866,40490,41272,624,782,8,6000,1.79795396419
40488,40521,41294,33,773,8,6000,1.04269081501
40519,40527,41314,8,787,8,6000,1.01016518424
40529,40536,41322,7,786,8,6000,1.00890585242
40540,40546,41307,6,761,8,6000,1.00788436268
40541,40553,41339,12,786,8,6000,1.01526717557
40551,40560,41326,9,766,8,6000,1.01174934726
40562,40569,41356,7,787,8,6000,1.00889453621
40573,40581,41360,8,779,8,6000,1.01026957638
40583,40594,41377,11,783,8,6000,1.01404853129
40594,40635,41404,41,769,8,6000,1.0533159948
40635,40644,41396,9,752,8,6000,1.01196808511
40643,41285,57523,642,16238,5,16200,1.03953688878
41286,41319,57544,33,16225,5,16200,1.00203389831
41317,41325,57550,8,16225,5,16200,1.00049306626
41318,41330,57576,12,16246,5,16200,1.00073864336
41328,41336,57544,8,16208,5,16200,1.00049358342
41329,41343,57548,14,16205,5,16200,1.00086393089
41339,41350,57581,11,16231,5,16200,1.00067771548
41340,41356,57561,16,16205,5,16200,1.00098734958
41351,41362,57608,11,16246,5,16200,1.00067708975
41361,41370,57592,9,16222,5,16200,1.00055480212
41362,41376,57585,14,16209,5,16200,1.00086371769
41373,41390,57613,17,16223,5,16200,1.00104789496
41373,41384,57602,11,16218,5,16200,1.00067825872
41384,41407,57622,23,16215,5,16200,1.00141843972
41405,41420,57639,15,16219,5,16200,1.00092484124
41405,41413,57637,8,16224,5,16200,1.00049309665
41416,41427,57660,11,16233,5,16200,1.00067763198
41427,41464,57693,37,16229,5,16200,1.00227986937
41468,41474,57683,6,16209,5,16200,1.00037016472
41479,43003,59226,1524,16223,5,16200,1.09394070147
43008,43014,59238,6,16224,5,16200,1.00036982249
43018,43993,60218,975,16225,5,16200,1.06009244992
43989,57535,73768,13546,16233,5,16200,1.83447298712
51572,57563,57565,5991,2,6,21600,599.3
51592,57575,57577,5983,2,6,21600,598.5
52245,57607,61456,5362,3849,6,10800,2.39308911406
52721,57619,57623,4898,4,6,21600,490.2
54579,97030,104258,42451,7228,20,7199,6.87313226342
54622,97035,104240,42413,7205,20,7199,6.88660652325
54713,57595,61173,2882,3578,4,4800,1.80547792063
54738,97025,104232,42287,7207,24,7199,6.86748994034
54798,57624,61085,2826,3461,4,4800,1.81652701531
57032,57039,59145,7,2106,1,3600,1.00332383666
57540,57556,73763,16,16207,5,16200,1.00098722774
57561,57569,73804,8,16235,5,16200,1.00049276255
57572,57582,73833,10,16251,5,16200,1.00061534675
57582,57590,73806,8,16216,5,16200,1.00049333991
57593,57601,73826,8,16225,5,16200,1.00049306626
57604,57613,73841,9,16228,5,16200,1.00055459699
57615,57631,73839,16,16208,5,16200,1.00098716683
57625,57638,73867,13,16229,5,16200,1.00080103518
57636,57644,73873,8,16229,5,16200,1.00049294473
57647,57653,73884,6,16231,5,16200,1.00036966299
57657,57664,73882,7,16218,5,16200,1.00043161919
57668,57674,73905,6,16231,5,16200,1.00036966299
57679,57685,73895,6,16210,5,16200,1.00037014189
57689,57696,73928,7,16232,5,16200,1.00043124692
57700,57706,73939,6,16233,5,16200,1.00036961745
57711,57827,74043,116,16216,5,16200,1.00715342871
57778,93646,101299,35868,7653,32,23400,5.68678949432
57778,90216,97013,32438,6797,64,23400,5.77239958805
57778,63564,72646,5786,9082,16,23400,1.63708434266
57824,59238,75471,1414,16233,5,16200,1.08710651143
58728,73781,83821,15053,10040,6,21600,2.49930278884
58813,73845,84381,15032,10536,6,21600,2.42672741078
58816,73908,83858,15092,9950,6,21600,2.5167839196
59173,59180,62791,7,3611,1,3600,1.00193852119
59243,59249,75483,6,16234,5,16200,1.00036959468
59253,60229,76462,976,16233,5,16200,1.06012443787
60234,61098,77311,864,16213,5,16200,1.0532905693
61102,61185,77390,83,16205,5,16200,1.00512187596
61185,61467,77700,282,16233,5,16200,1.01737201996
61203,61473,72895,270,11422,1,14400,1.02363859219
61471,62679,78904,1208,16225,5,16200,1.07445300462
62676,65381,81609,2705,16228,5,16200,1.1666872073
65380,67113,83348,1733,16235,5,16200,1.1067446874
67116,69645,85886,2529,16241,5,16200,1.1557170125
69191,238694,500330,169503,261636,2,261600,1.64785809292
69205,238699,500326,169494,261627,2,261600,1.6478459792
69233,238705,500337,169472,261632,2,261600,1.64774951076
69642,70358,86584,716,16226,5,16200,1.04412671022
69998,72663,108176,2665,35513,5,43200,1.07504294202
70356,72657,86723,2301,14066,5,16200,1.16358595194
72632,72668,72703,36,35,1,290,2.02857142857
72632,72674,72702,42,28,1,290,2.5
72633,72695,72714,62,19,1,290,4.26315789474
72633,72679,72703,46,24,1,290,2.91666666667
72633,72685,72705,52,20,1,290,3.6
72633,72690,72707,57,17,1,290,4.35294117647
72634,72714,72721,80,7,1,290,8.7
72634,72719,72726,85,7,1,290,9.2
72654,72733,88979,79,16246,5,16200,1.00486273544
72736,73774,90008,1038,16234,5,16200,1.06393987927
73778,73815,90049,37,16234,5,16200,1.00227916718
73819,73826,90051,7,16225,5,16200,1.00043143297
73830,73837,90071,7,16234,5,16200,1.00043119379
73841,73852,90084,11,16232,5,16200,1.00067767373
73852,73858,90086,6,16228,5,16200,1.00036973133
73863,73879,90112,16,16233,5,16200,1.00098564652
73884,73890,90126,6,16236,5,16200,1.00036954915
73894,73901,90129,7,16228,5,16200,1.00043135322
73905,73917,90127,12,16210,5,16200,1.00074028378
73916,73939,90173,23,16234,5,16200,1.0014167796
73937,73950,90184,13,16234,5,16200,1.00080078847
73948,74055,90288,107,16233,5,16200,1.00659151112
74050,75482,91716,1432,16234,5,16200,1.08820992978
74716,74728,74914,12,186,1,3600,1.06451612903
74716,74722,83756,6,9034,2,14400,1.00066415763
74775,74925,87375,150,12450,2,21600,1.01204819277
74980,76151,79046,1171,2895,1,14400,1.40449050086
75380,79247,98593,3867,19346,2,28800,1.1998862814
75480,75494,91728,14,16234,5,16200,1.00086238758
75491,76146,92366,655,16220,5,16200,1.04038224414
75943,83767,85729,7824,1962,2,21600,4.9877675841
76103,238743,670754,162640,432011,6,432000,1.37647189539
76145,76474,92708,329,16234,5,16200,1.02026610817
76252,238748,670775,162496,432027,6,432000,1.37612464036
76472,77322,93556,850,16234,5,16200,1.05235924603
77320,77401,93634,81,16233,5,16200,1.00498983552
77402,77712,93945,310,16233,5,16200,1.01909690137
77709,78915,95149,1206,16234,5,16200,1.07428853025
78914,81621,97853,2707,16232,5,16200,1.1667693445
79739,80935,81788,1196,853,1,3600,2.4021101993
79946,81933,82726,1987,793,1,7200,3.50567465322
79956,82736,83553,2780,817,1,7200,4.40269277846
79965,83563,84417,3598,854,1,7200,5.2131147541
81619,83360,99593,1741,16233,5,16200,1.10725066223
81693,81798,81921,105,123,1,290,1.85365853659
83355,83832,100048,477,16216,5,16200,1.02941539221
83807,83838,83905,31,67,1,180,1.46268656716
83835,83869,100098,34,16229,5,16200,1.0020950151
83866,90061,106294,6195,16233,5,16200,1.38163001294
84279,84285,84502,6,217,1,180,1.02764976959
84598,84604,85378,6,774,1,1380,1.00775193798
84727,84733,84912,6,179,1,1800,1.03351955307
84775,84781,93351,6,8570,1,21600,1.00070011669
84974,84981,85233,7,252,1,3540,1.02777777778
85341,85349,87384,8,2035,1,3540,1.00393120393
85418,85425,85606,7,181,1,3540,1.03867403315
85436,85442,85490,6,48,1,540,1.125
85468,85475,85740,7,265,1,3540,1.02641509434
85516,85522,86002,6,480,1,3540,1.0125
85547,85555,86316,8,761,1,1800,1.01051248357
85588,85594,85955,6,361,1,3540,1.01662049861
85635,85642,86150,7,508,1,3540,1.01377952756
85683,85689,86165,6,476,1,3540,1.01260504202
85699,86255,87696,556,1441,8,1800,1.38584316447
85730,85737,86244,7,507,1,3540,1.01380670611
85778,85784,86263,6,479,1,3540,1.01252609603
85828,85834,86342,6,508,1,3540,1.01181102362
85910,85917,86450,7,533,1,3540,1.01313320826
86072,86078,86887,6,809,1,1800,1.00741656366
86109,86115,86381,6,266,1,3540,1.02255639098
86359,86365,86550,6,185,1,1800,1.03243243243
86369,86377,86561,8,184,1,3540,1.04347826087
86545,86558,86674,13,116,4,3540,1.11206896552
86593,86600,86726,7,126,1,3540,1.05555555556
86980,86987,87787,7,800,1,1800,1.00875
87021,87028,87436,7,408,1,1800,1.01715686275
87719,87725,87771,6,46,1,540,1.13043478261
88100,88107,88139,7,32,1,540,1.21875
89403,91728,93098,2325,1370,8,1800,2.69708029197
89484,98579,100013,9095,1434,8,1800,7.34239888424
89719,90194,90368,475,174,1,1800,3.72988505747
89862,90304,90356,442,52,1,540,9.5
90063,90098,106311,35,16213,5,16200,1.00215876149
90094,90124,106357,30,16233,5,16200,1.00184808723
90125,90138,106372,13,16234,5,16200,1.00080078847
90136,90145,106374,9,16229,5,16200,1.00055456282
90147,90185,106396,38,16211,5,16200,1.00234408735
90188,93956,110190,3768,16234,5,16200,1.23210545768
90272,90310,90336,38,26,1,180,2.46153846154
90447,90453,90467,6,14,1,180,1.42857142857
90868,90875,90878,7,3,1,180,1.0
91021,91028,91125,7,97,1,180,1.07216494845
91133,91139,91330,6,191,1,180,1.03141361257
91355,91362,91681,7,319,1,1800,1.02194357367
91384,91390,91581,6,191,1,780,1.03141361257
91396,91402,92463,6,1061,1,1800,1.00565504241
91480,91486,92806,6,1320,1,5400,1.00454545455
92182,92188,92189,6,1,1,550,1.0
92233,92239,92240,6,1,1,550,1.0
92369,95161,111394,2792,16233,5,16200,1.17199531818
92532,92719,96356,187,3637,1,3600,1.0514160022
92613,92619,92671,6,52,1,550,1.11538461538
92831,92838,95813,7,2975,1,5400,1.00235294118
92998,93362,96326,364,2964,1,5400,1.12280701754
93951,97865,114098,3914,16233,5,16200,1.24111378057
95054,95061,95068,7,7,1,3600,1.4
95165,98586,114821,3421,16235,5,16200,1.21071758546
95184,95192,95303,8,111,1,3600,1.07207207207
95439,95447,95708,8,261,1,3600,1.030651341
95776,95783,96641,7,858,1,1800,1.00815850816
95865,95871,97730,6,1859,1,5400,1.00322754169
95964,95970,96554,6,584,1,3600,1.0102739726
96006,96336,99262,330,2926,1,5400,1.11278195489
96886,96893,97603,7,710,1,1800,1.00985915493
97085,97093,98535,8,1442,1,5400,1.00554785021
97142,97149,97155,7,6,1,3600,1.3
97274,97281,97360,7,79,1,3600,1.08860759494
97504,97511,97753,7,242,1,3600,1.02892561983
97672,97678,99165,6,1487,1,5400,1.00403496974
97867,98594,114825,727,16231,5,16200,1.04479083236
98073,98081,98586,8,505,1,3600,1.01584158416
98540,98546,98557,6,11,1,1800,1.54545454545
98592,98605,114809,13,16204,5,16200,1.00080227104
98592,98946,115180,354,16234,5,16200,1.02180608599
98603,99604,115829,1001,16225,5,16200,1.06169491525
98695,98951,99028,256,77,1,1800,4.32467532468
98896,99038,99151,142,113,1,3600,2.25663716814
99232,99238,99338,6,100,1,1800,1.06
99276,99283,99538,7,255,1,3600,1.02745098039
99603,100024,116253,421,16229,5,16200,1.02594121634
99784,99791,100338,7,547,1,3600,1.01279707495
99855,99862,100245,7,383,1,1800,1.0182767624
100022,100060,116306,38,16246,5,16200,1.0023390373
100063,100110,116356,47,16246,5,16200,1.00289301982
100114,100252,116481,138,16229,5,16200,1.00850329657
100247,101310,117518,1063,16208,5,16200,1.06558489635
100962,100969,100976,7,7,1,1800,1.4
101126,101132,101169,6,37,1,1800,1.16216216216
101222,101228,101304,6,76,1,3600,1.07894736842
101308,101316,117550,8,16234,5,16200,1.0004927929
101319,101326,117541,7,16215,5,16200,1.00043169904
101330,101336,117573,6,16237,5,16200,1.00036952639
101340,101346,117581,6,16235,5,16200,1.00036957191
101348,101354,103014,6,1660,8,6000,1.00361445783
101359,103025,104758,1666,1733,8,6000,1.96133871898
101386,104249,104333,2863,84,1,1800,35.0833333333
101444,104254,104765,2810,511,1,3600,6.49902152642
103022,104244,105654,1222,1410,8,6000,1.86666666667
104246,104260,105669,14,1409,8,6000,1.00993612491
104257,104267,105673,10,1406,8,6000,1.00711237553
104267,104275,105681,8,1406,8,6000,1.00568990043
104278,104284,105694,6,1410,8,6000,1.00425531915
104289,104296,105716,7,1420,8,6000,1.00492957746
104299,104306,105717,7,1411,8,6000,1.00496102055
104310,104770,106352,460,1582,8,6000,1.29077117573
104772,104778,106182,6,1404,8,6000,1.00427350427
104782,105666,107067,884,1401,8,6000,1.63097787295
105067,105693,106813,626,1120,1,3600,1.55892857143
105096,105699,105961,603,262,1,1800,3.30152671756
105670,105681,107083,11,1402,8,6000,1.00784593438
105681,105687,107102,6,1415,8,6000,1.00424028269
105691,105706,107106,15,1400,8,6000,1.01071428571
105702,105728,107139,26,1411,8,6000,1.01842664777
105723,105735,107137,12,1402,8,6000,1.00855920114
105734,106194,107623,460,1429,8,6000,1.32190342897
106193,106306,107702,113,1396,8,6000,1.08094555874
106306,106322,107729,16,1407,8,6000,1.01137171286
106327,106364,108088,37,1724,8,6000,1.02146171694
106368,106384,107804,16,1420,8,6000,1.01126760563
106379,106391,107799,12,1408,8,6000,1.00852272727
106390,107078,108483,688,1405,8,6000,1.4896797153
106788,106823,106900,35,77,1,1800,1.45454545455
107084,107095,108521,11,1426,8,6000,1.00771388499
107095,107114,108524,19,1410,8,6000,1.0134751773
107116,107122,108507,6,1385,8,6000,1.00433212996
107126,107149,108561,23,1412,8,6000,1.01628895184
107133,107139,107230,6,91,1,1800,1.06593406593
107147,107156,108560,9,1404,8,6000,1.00641025641
107158,107634,109021,476,1387,8,6000,1.34318673396
107638,107714,109122,76,1408,8,6000,1.05397727273
107710,107743,109139,33,1396,8,6000,1.02363896848
107731,107737,108102,6,365,1,1800,1.01643835616
107741,107811,109219,70,1408,8,6000,1.04971590909
107813,107824,109226,11,1402,8,6000,1.00784593438
107823,108099,109667,276,1568,8,6000,1.17602040816
108099,108186,109610,87,1424,8,6000,1.06109550562
108181,108494,109908,313,1414,8,6000,1.22135785007
108248,108253,122491,5,14238,2,21600,1.00035117292
108498,108518,109918,20,1400,8,6000,1.01428571429
108519,108532,109936,13,1404,8,6000,1.00925925926
108529,108539,109955,10,1416,8,6000,1.00706214689
108540,108572,109986,32,1414,8,6000,1.02263083451
108571,108578,109972,7,1394,8,6000,1.0050215208
108582,109032,110454,450,1422,8,6000,1.3164556962
109031,109133,110518,102,1385,8,6000,1.07364620939
109133,109151,110551,18,1400,8,6000,1.01285714286
109154,109230,110623,76,1393,8,6000,1.05455850682
109199,109206,181245,7,72039,1,72000,1.00009716959
109226,109237,110644,11,1407,8,6000,1.00781805259
109237,109622,111040,385,1418,8,6000,1.27150916784
109245,110212,182215,967,72003,1,72000,1.01342999597
109473,110218,182244,745,72026,1,72000,1.01034348707
109500,110201,182234,701,72033,1,72000,1.00973165077
109624,109678,111239,54,1561,8,6000,1.03459320948
109676,109920,111342,244,1422,8,6000,1.17158931083
109828,110207,110247,379,40,1,1800,10.475
109921,109930,111345,9,1415,8,6000,1.00636042403
109932,109948,111372,16,1424,8,6000,1.01123595506
109953,109967,111382,14,1415,8,6000,1.00989399293
109964,109984,111397,20,1413,8,6000,1.01415428167
109985,109997,111427,12,1430,8,6000,1.00839160839
109995,110466,111875,471,1409,8,6000,1.33427963094
110260,110266,182311,6,72045,1,72000,1.00008328128
110274,110281,182325,7,72044,1,72000,1.00009716284
110290,111406,183438,1116,72032,1,72000,1.01549311417
110299,111411,183422,1112,72011,1,72000,1.01544208524
110465,110530,111954,65,1424,8,6000,1.04564606742
110475,111416,111490,941,74,1,1800,13.7162162162
110526,110563,111958,37,1395,8,6000,1.02652329749
110568,110635,112053,67,1418,8,6000,1.04724964739
110640,110657,112070,17,1413,8,6000,1.01203113942
110660,111051,112466,391,1415,8,6000,1.27632508834
111048,111250,112896,202,1646,8,6000,1.1227217497
111252,111354,112767,102,1413,8,6000,1.07218683652
111355,111361,112782,6,1421,8,6000,1.00422237861
111365,111384,112788,19,1404,8,6000,1.01353276353
111386,111394,112821,8,1427,8,6000,1.00560616678
111397,111422,112861,25,1439,8,6000,1.01737317582
111428,111438,112864,10,1426,8,6000,1.00701262272
111439,111887,113306,448,1419,8,6000,1.31571529246
111891,111966,113381,75,1415,8,6000,1.05300353357
111963,111973,113398,10,1425,8,6000,1.00701754386
111974,112065,113490,91,1425,8,6000,1.06385964912
112066,112081,113484,15,1403,8,6000,1.01069137562
112077,112478,113908,401,1430,8,6000,1.28041958042
112080,112089,112335,9,246,1,1800,1.03658536585
112475,112778,114200,303,1422,8,6000,1.21308016878
112781,112793,114224,12,1431,8,6000,1.00838574423
112792,112801,114239,9,1438,8,6000,1.00625869263
112802,112833,114263,31,1430,8,6000,1.02167832168
112834,112872,114298,38,1426,8,6000,1.02664796634
112875,112881,114308,6,1427,8,6000,1.00420462509
112885,112907,114603,22,1696,8,6000,1.01297169811
112906,113319,114748,413,1429,8,6000,1.28901329601
113314,113393,114807,79,1414,8,6000,1.0558698727
113397,113410,114818,13,1408,8,6000,1.00923295455
113407,113495,114933,88,1438,8,6000,1.0611961057
113500,113506,114926,6,1420,8,6000,1.00422535211
113510,113919,115342,409,1423,8,6000,1.28742094167
113917,114109,135654,192,21545,5,28800,1.00891158041
114111,114212,133568,101,19356,5,28800,1.00521802025
114214,114220,136066,6,21846,5,28800,1.00027464982
114225,114237,132609,12,18372,5,28800,1.00065316786
114236,114251,135074,15,20823,5,28800,1.0007203573
114247,114257,135293,10,21036,5,28800,1.00047537555
114257,114276,135691,19,21415,5,28800,1.00088722858
114278,114285,134262,7,19977,5,28800,1.00035040296
114289,114311,136377,22,22066,5,28800,1.00099700897
114310,114320,135620,10,21300,5,28800,1.00046948357
114321,114327,135685,6,21358,5,28800,1.00028092518
114331,114615,133616,284,19001,5,28800,1.01494658176
114617,114654,136787,37,22133,5,28800,1.00167171192
114659,114665,137412,6,22747,5,28800,1.00026377105
114669,114675,134881,6,20206,5,28800,1.0002969415
114680,114687,136219,7,21532,5,28800,1.00032509753
114691,114697,136155,6,21458,5,28800,1.00027961599
114702,114708,136247,6,21539,5,28800,1.00027856446
114712,114718,136879,6,22161,5,28800,1.0002707459
114723,114760,135020,37,20260,5,28800,1.00182625864
114764,114819,135872,55,21053,5,28800,1.00261245428
114816,114826,136014,10,21188,5,28800,1.00047196526
114826,114834,136253,8,21419,5,28800,1.00037350016
114833,238906,517607,124073,278701,1,345600,1.44518318915
114837,114843,135615,6,20772,5,28800,1.00028885038
114848,114855,135643,7,20788,5,28800,1.00033673273
114859,114866,136116,7,21250,5,28800,1.00032941176
114869,114875,135921,6,21046,5,28800,1.0002850898
114880,114937,135167,57,20230,5,28800,1.00281759763
114942,114948,135638,6,20690,5,28800,1.00028999517
114952,114959,133167,7,18208,5,28800,1.0003844464
114963,115192,137211,229,22019,5,28800,1.010400109
115188,115355,131569,167,16214,5,28800,1.01029974096
115352,115841,138431,489,22590,5,28800,1.02164674635
115842,116265,135485,423,19220,5,28800,1.02200832466
116265,116329,137529,64,21200,5,28800,1.00301886792
116340,116368,139043,28,22675,5,28800,1.00123484013
116363,116493,139780,130,23287,5,28800,1.00558251385
116497,117530,136439,1033,18909,5,28800,1.05463007034
117406,117413,137601,7,20188,2,21600,1.00034674064
117530,117552,138128,22,20576,5,28800,1.00106920684
117551,117562,139839,11,22277,5,28800,1.00049378283
117562,117586,137123,24,19537,5,28800,1.00122843835
117583,117592,138430,9,20838,5,28800,1.00043190325
118046,118052,118169,6,117,1,300,1.05128205128
118903,126929,159028,8026,32099,4,32400,1.25003894202
119037,119044,119346,7,302,1,300,1.02317880795
119570,119577,119918,7,341,1,420,1.02052785924
120811,120817,121121,6,304,1,420,1.01973684211
121496,164369,171263,42873,6894,16,14400,7.21888598782
121662,238777,669211,117115,430434,6,432000,1.27208584824
121744,238783,670817,117039,432034,6,432000,1.2709022901
121873,238873,667337,117000,428464,6,432000,1.27306844916
121936,238878,478949,116942,240071,6,432000,1.48711422871
122142,122149,122493,7,344,1,420,1.02034883721
122695,122702,123093,7,391,1,420,1.0179028133
122791,123104,137801,313,14697,2,43200,1.02129686331
123965,123971,123974,6,3,2,21600,1.0
124266,124272,124502,6,230,1,600,1.02608695652
124409,124416,124831,7,415,1,420,1.01686746988
124433,132829,134244,8396,1415,2,21600,6.93356890459
124546,124552,124666,6,114,1,250,1.05263157895
124778,124785,124886,7,101,1,250,1.06930693069
124779,124899,124999,120,100,1,250,2.2
124779,124843,125001,64,158,1,250,1.40506329114
124779,125018,125097,239,79,1,250,4.0253164557
124780,125109,125192,329,83,1,250,4.96385542169
125005,125011,125358,6,347,1,420,1.01729106628
125085,125369,128019,284,2650,2,36000,1.10716981132
125105,138448,160000,13343,21552,6,21600,1.61910727543
125107,155349,175061,30242,19712,6,21600,2.53419237013
125160,125204,125287,44,83,1,250,1.53012048193
125527,128031,144733,2504,16702,2,43200,1.14992216501
125534,126935,127810,1401,875,1,1800,2.60114285714
125877,133208,152917,7331,19709,2,43200,1.3719620478
126112,126919,136297,807,9378,10,57600,1.08605246321
126153,136125,136439,9972,314,1,420,32.7579617834
126347,136130,136174,9783,44,1,250,223.340909091
126494,127821,130907,1327,3086,1,3600,1.43000648088
126752,131463,134508,4711,3045,1,3600,2.54712643678
126912,126924,140919,12,13995,5,28800,1.00085744909
126923,131581,152058,4658,20477,5,28800,1.22747472774
127452,238761,238783,111309,22,14,43200,5060.5
128436,176618,183819,48182,7201,24,7199,7.69101513679
128543,134261,136093,5718,1832,1,3600,4.1211790393
128643,134518,135089,5875,571,1,1800,11.288966725
128773,133238,158051,4465,24813,2,43200,1.17994599605
128861,238928,238930,110067,2,1,108000,11006.9
128944,136186,136859,7242,673,1,3600,11.7607726597
129048,136212,136424,7164,212,1,180,34.7924528302
129252,133467,137412,4215,3945,2,43200,2.06844106464
129730,130917,131450,1187,533,1,57600,3.22701688555
129887,133418,139146,3531,5728,2,36000,1.61644553073
130194,133756,146311,3562,12555,2,36000,1.28371166866
131581,132621,155337,1040,22716,5,28800,1.04578270822
131620,238884,437554,107264,198670,1,576000,1.53991040419
131797,238889,345213,107092,106324,1,576000,2.00722320454
131992,238895,370040,106903,131145,1,576000,1.81515116855
132075,238900,472749,106825,233849,1,576000,1.45681187433
132624,133179,154184,555,21005,5,28800,1.02642228041
132631,134255,155493,1624,21238,1,57600,1.07646671061
132944,135099,135932,2155,833,1,1800,3.58703481393
133177,133579,154994,402,21415,5,28800,1.01877188886
133452,135709,136570,2257,861,1,1800,3.62137049942
133502,135942,136746,2440,804,1,1800,4.03482587065
133578,133629,156219,51,22590,5,28800,1.00225763612
133630,134273,156333,643,22060,5,28800,1.02914777879
134086,135703,135705,1617,2,4,3600,161.9
134274,134892,156735,618,21843,5,28800,1.02829281692
134898,135033,157882,135,22849,5,28800,1.00590835485
135031,135086,154340,55,19254,5,28800,1.00285654929
135083,135178,153893,95,18715,5,28800,1.00507614213
135175,135306,157376,131,22070,5,28800,1.00593565927
135193,135717,162091,524,26374,4,36000,1.01986805187
135308,135497,155091,189,19594,5,28800,1.00964580994
135474,136309,178605,835,42296,8,64800,1.01974181956
135502,135628,156521,126,20893,5,28800,1.006030728
135624,135635,156012,11,20377,5,28800,1.00053982431
135635,135649,156627,14,20978,5,28800,1.00066736581
135646,135656,156147,10,20491,5,28800,1.00048801913
135656,135666,155624,10,19958,5,28800,1.00050105221
135667,135697,156688,30,20991,5,28800,1.00142918394
135679,136450,200826,771,64376,8,64800,1.01197651299
135700,135884,156789,184,20905,5,28800,1.00880172208
135818,137424,181540,1606,44116,8,64800,1.03640402575
135856,136104,136415,248,311,1,1800,1.79742765273
135868,138140,192751,2272,54611,8,64800,1.04160333999
135883,135933,157056,50,21123,5,28800,1.00236708801
135903,238726,303562,102823,64836,8,64800,2.58589363934
135935,136025,157048,90,21023,5,28800,1.00428102554
135938,238732,283513,102794,44781,8,64800,3.29548245908
136027,136077,157839,50,21762,5,28800,1.00229758294
136079,136137,155761,58,19624,5,28800,1.00295556461
136141,136166,155598,25,19432,5,28800,1.00128653767
136162,136230,158279,68,22049,5,28800,1.00308404009
136233,136258,157621,25,21363,5,28800,1.00117024762
136242,136315,138264,73,1949,1,3600,1.03745510518
136254,136265,156186,11,19921,5,28800,1.00055218112
136265,136389,157379,124,20990,5,28800,1.00590757504
136387,136799,154388,412,17589,5,28800,1.02342373074
136488,137813,137814,1325,1,4,3600,132.6
136517,136580,136891,63,311,1,420,1.20257234727
136528,238767,265152,102239,26385,10,57600,4.87489103657
136797,136892,154784,95,17892,5,28800,1.00530963559
136890,136899,156739,9,19840,5,28800,1.00045362903
136901,137135,158340,234,21205,5,28800,1.01103513322
137057,137063,137398,6,335,1,420,1.01791044776
137136,137223,157653,87,20430,5,28800,1.00425844347
137218,137542,158568,324,21026,5,28800,1.01540949301
137493,137612,137655,119,43,1,250,3.76744186047
137546,138442,156277,896,17835,5,28800,1.05023829549
137916,162646,162956,24730,310,12,10799,80.7741935484
138051,138058,141593,7,3535,1,3600,1.00198019802
138115,238689,277547,100574,38858,32,129600,3.58824437696
138446,139054,162634,608,23580,5,28800,1.02578456319
138529,145316,145318,6787,2,4,3600,678.9
138934,238772,261582,99838,22810,10,57600,5.37693993862
139054,139792,162096,738,22304,5,28800,1.03308823529
139098,139158,139879,60,721,2,3600,1.08321775312
139661,139891,144594,230,4703,2,21600,1.04890495428
139794,139851,160836,57,20985,5,28800,1.00271622588
139848,140931,161964,1083,21033,5,28800,1.05149051491
140036,140186,141324,150,1138,2,3600,1.13181019332
140931,145532,164308,4601,18776,5,28800,1.24504686834
141032,141336,144946,304,3610,1,3600,1.08421052632
141215,238737,267704,97522,28967,8,64800,4.36665861152
141384,141391,143339,7,1948,1,3600,1.00359342916
141748,141755,143720,7,1965,1,3600,1.00356234097
141810,142708,143769,898,1061,1,1800,1.84637134779
141853,143349,144403,1496,1054,1,1800,2.41935483871
141908,143730,144866,1822,1136,1,1800,2.60387323944
141949,143779,144801,1830,1022,1,1800,2.79060665362
142021,144413,145525,2392,1112,1,1800,3.15107913669
142040,144606,145191,2566,585,2,14400,5.38632478632
142051,144812,145896,2761,1084,1,1800,3.54704797048
142088,144876,145973,2788,1097,1,1800,3.54147675479
142189,144745,145035,2556,290,2,14400,9.81379310345
142454,164319,164358,21865,39,16,1800,561.641025641
144024,238912,238913,94888,1,1,72000,9488.9
144157,144981,145654,824,673,1,3600,2.22436849926
144768,144956,144957,188,1,1,600,18.9
144917,145203,145217,286,14,3,1200,21.4285714286
145058,145065,145252,7,187,1,1430,1.03743315508
145171,238823,304380,93652,65557,4,72000,2.4285583538
145217,145229,145305,12,76,1,1430,1.15789473684
145349,238917,238918,93568,1,1,72000,9356.9
145564,145666,146169,102,503,1,1430,1.2027833002
145668,145906,149453,238,3547,1,3600,1.06709895686
146189,238756,254581,92567,15825,8,86400,6.84941548183
146468,146474,147073,6,599,2,3600,1.01001669449
146544,146551,147077,7,526,2,3600,1.01330798479
146552,147612,147902,1060,290,2,3600,4.65517241379
146557,147621,147925,1064,304,2,3600,4.5
146687,147937,147976,1250,39,2,3600,33.0512820513
146705,147988,148014,1283,26,2,3600,50.3461538462
146709,148026,148050,1317,24,2,3600,55.875
146871,147085,147089,214,4,2,10800,21.8
147066,147091,147601,25,510,1,1430,1.04901960784
147067,147104,147599,37,495,1,1430,1.07474747475
147067,147097,147609,30,512,1,1430,1.05859375
147184,157057,158446,9873,1389,8,1800,8.10799136069
147323,157208,158621,9885,1413,8,1800,7.9957537155
147525,238934,310956,91409,72022,4,72000,2.26918163894
147818,147913,148784,95,871,1,1800,1.10907003444
147827,238710,670750,90883,432040,20,432000,1.21035783724
147838,238716,670724,90878,432008,20,432000,1.21036184515
147893,238721,670729,90828,432008,20,432000,1.21024610655
148155,148162,148987,7,825,1,1800,1.00848484848
148156,148168,155781,12,7613,2,21600,1.00157625115
148166,148794,149401,628,607,1,1800,2.03459637562
148278,154405,154897,6127,492,1,1430,13.4532520325
148287,148997,149401,710,404,1,1800,2.75742574257
148292,149465,149723,1173,258,1,1800,5.54651162791
148389,154411,154982,6022,571,1,1430,11.5464098074
148449,154416,154852,5967,436,1,1430,14.6857798165
148532,152655,154687,4123,2032,1,3600,3.02903543307
148613,154942,156730,6329,1788,1,3600,4.53970917226
148722,152070,173782,3348,21712,5,28800,1.15420044215
148734,154421,154606,5687,185,1,1430,31.7405405405
148833,149411,155638,578,6227,2,21600,1.09282158343
149006,149733,149915,727,182,1,1800,4.99450549451
149048,152930,174547,3882,21617,2,21600,1.17958088541
149347,149925,150100,578,175,1,1800,4.30285714286
149513,150111,150943,598,832,1,1800,1.71875
149519,150953,151814,1434,861,1,1800,2.66550522648
149731,151824,152213,2093,389,1,1800,6.38046272494
149736,152223,152645,2487,422,1,1800,6.89336492891
149989,155103,156536,5114,1433,6,1800,4.56873691556
150001,154400,158557,4399,4157,1,5400,2.05821505894
150129,173794,176607,23665,2813,20,12600,9.41272662638
152071,154196,155595,2125,1399,8,6000,2.5189421015
153107,154352,154742,1245,390,1,1800,4.19230769231
153257,154357,154456,1100,99,1,1800,12.1111111111
153468,154362,157286,894,2924,1,3600,1.30574555404
153515,154368,157270,853,2902,1,3600,1.29393521709
153629,154373,155555,744,1182,1,4500,1.62944162437
154198,154796,156212,598,1416,8,6000,1.42231638418
154791,155005,156422,214,1417,8,6000,1.15102328864
154927,154933,155088,6,155,1,1800,1.03870967742
155002,155607,157004,605,1397,8,6000,1.43307086614
155355,155506,155821,151,315,1,1800,1.47936507937
155437,155565,157717,128,2152,1,4500,1.0594795539
155496,155614,158626,118,3012,1,4500,1.03917662683
155587,155619,159222,32,3603,1,3600,1.00888148765
155606,155636,157046,30,1410,8,6000,1.02127659574
155637,155793,157196,156,1403,8,6000,1.11119030649
155791,156160,157547,369,1387,8,6000,1.26604181687
155855,155862,156193,7,331,1,1800,1.02114803625
156160,156198,157618,38,1420,8,6000,1.02676056338
156201,156224,157638,23,1414,8,6000,1.01626591231
156222,156289,157707,67,1418,8,6000,1.04724964739
156294,156345,158062,51,1717,8,6000,1.0297029703
156346,156434,157840,88,1406,8,6000,1.06258890469
156439,156548,157958,109,1410,8,6000,1.07730496454
156549,156639,195153,90,38514,5,43200,1.00233681259
156642,156700,191462,58,34762,5,43200,1.00166848858
156704,156747,196484,43,39737,5,43200,1.00108211491
156745,156755,188996,10,32241,5,43200,1.00031016408
156756,156801,192731,45,35930,5,43200,1.00125243529
156798,157016,196800,218,39784,5,43200,1.00547958978
156948,156954,160574,6,3620,1,3600,1.00165745856
157014,157023,193819,9,36796,5,43200,1.0002445918
157025,157065,192525,40,35460,5,43200,1.00112803158
157066,157073,198114,7,41041,5,43200,1.00017056115
157077,157388,197297,311,39909,5,43200,1.00779272846
157384,157394,197631,10,40237,5,43200,1.00024852747
157395,157559,190382,164,32823,5,43200,1.00499649636
157559,157565,197668,6,40103,5,43200,1.00014961474
157570,157630,194455,60,36825,5,43200,1.0016293279
157631,157639,190895,8,33256,5,43200,1.00024055809
157642,157649,196524,7,38875,5,43200,1.00018006431
157653,157659,192945,6,35286,5,43200,1.00017003911
157664,157670,193721,6,36051,5,43200,1.00016643089
157674,157719,197518,45,39799,5,43200,1.00113068168
157716,157727,193420,11,35693,5,43200,1.00030818368
157726,157851,198645,125,40794,5,43200,1.0030641761
157849,157858,194729,9,36871,5,43200,1.00024409427
157860,157894,195543,34,37649,5,43200,1.00090307844
157891,157971,193547,80,35576,5,43200,1.00224870699
157973,157980,197478,7,39498,5,43200,1.00017722416
157984,158073,199248,89,41175,5,43200,1.00216150577
158077,158084,193834,7,35750,5,43200,1.0001958042
158087,158292,193682,205,35390,5,43200,1.00579259678
158292,158351,191561,59,33210,5,43200,1.00177657332
158354,158458,191474,104,33016,5,43200,1.00314998788
158456,158465,199129,9,40664,5,43200,1.00022132599
158467,158580,187351,113,28771,5,43200,1.00392756595
158580,158633,196918,53,38285,5,43200,1.00138435419
158632,158639,190634,7,31995,5,43200,1.00021878419
158642,159941,194621,1299,34680,5,43200,1.0374567474
159940,160012,200554,72,40542,5,43200,1.00177593607
160012,160848,203020,836,42172,5,43200,1.01982357963
160851,161976,192793,1125,30817,5,43200,1.03650582471
162102,162109,198123,7,36014,4,36000,1.00019436886
168553,171274,172082,2721,808,8,3540,4.36757425743
171375,171383,171634,8,251,1,3540,1.03187250996
171738,171744,173778,6,2034,1,3540,1.00294985251
171811,171817,171995,6,178,1,3540,1.03370786517
171860,171866,172131,6,265,1,3540,1.02264150943
171909,171915,172393,6,478,1,3540,1.01255230126
171979,171985,172344,6,359,1,3540,1.01671309192
172026,172032,172535,6,503,1,3540,1.01192842942
172075,172082,172559,7,477,1,3540,1.01467505241
172123,172130,172634,7,504,1,3540,1.01388888889
172170,172177,172657,7,480,1,3540,1.01458333333
172219,172226,172731,7,505,1,3540,1.01386138614
172300,172307,172839,7,532,1,3540,1.01315789474
172497,172504,172768,7,264,1,3540,1.02651515152
172758,172764,172946,6,182,1,3540,1.03296703297
172826,172832,172956,6,124,1,3540,1.04838709677
173659,173666,189238,7,15572,2,21600,1.00044952479
181437,181443,181450,6,7,1,3600,1.3
181563,181570,181678,7,108,1,3600,1.06481481481
181811,181817,182071,6,254,1,3600,1.02362204724
182319,182325,182888,6,563,1,3600,1.01065719361
183427,183433,183439,6,6,1,3600,1.2
183556,183562,183639,6,77,1,3600,1.07792207792
183774,183780,184017,6,237,1,3600,1.0253164557
184322,184328,184728,6,400,1,3600,1.015
185005,185011,185019,6,8,1,1800,1.4
185167,185174,185246,7,72,1,1800,1.09722222222
185360,185367,185474,7,107,1,3600,1.06542056075
185453,185460,185551,7,91,1,1800,1.07692307692
185607,185614,185857,7,243,1,3600,1.02880658436
186006,186012,186406,6,394,1,1800,1.0152284264
186099,186105,186669,6,564,1,3600,1.01063829787
187110,187117,187124,7,7,1,1800,1.4
187275,187282,187320,7,38,1,1800,1.18421052632
187510,187517,187597,7,80,1,3600,1.0875
187537,187543,187619,6,76,1,1800,1.07894736842
187733,187739,187967,6,228,1,3600,1.02631578947
188226,188233,188436,7,203,1,1800,1.03448275862
188258,188265,188716,7,451,1,3600,1.0155210643
192589,192595,192668,6,73,1,1800,1.08219178082
192890,192896,192982,6,86,1,1800,1.06976744186
193445,193451,193808,6,357,1,1800,1.01680672269
194898,194905,194946,7,41,1,1800,1.17073170732
195070,245239,250263,50169,5024,4,21600,10.9858678344
195177,195183,195255,6,72,1,1800,1.08333333333
195849,195855,196095,6,240,1,1800,1.025
200286,251034,282586,50748,31552,4,36000,2.60839249493
201798,201804,201819,6,15,16,900,1.4
201863,201870,201906,7,36,16,900,1.19444444444
202156,202163,202198,7,35,16,900,1.2
204066,204072,204108,6,36,32,900,1.16666666667
205453,241787,243190,36334,1403,8,1800,26.897362794
205627,238839,238843,33212,4,1,60,3321.6
205890,238788,242530,32898,3742,20,7200,9.79155531801
206362,238799,239139,32437,340,12,300,96.4029411765
208240,241793,246702,33553,4909,4,10800,7.83499694439
208322,241798,246708,33476,4910,4,10800,7.81792260692
208359,238810,238837,30451,27,8,12000,1128.81481481
208360,238815,238838,30455,23,8,12000,1325.13043478
210580,245445,252787,34865,7342,2,21600,5.74870607464
211692,249781,252462,38089,2681,2,21600,15.2070123088
212016,252474,254883,40458,2409,2,21600,17.7945205479
212411,252799,254204,40388,1405,2,21600,29.7459074733
212773,255424,283284,42651,27860,2,43200,2.53090452261
213680,238805,238810,25125,5,8,1800,2513.0
213852,255721,274452,41869,18731,6,25200,3.23527841546
213858,255727,274594,41869,18867,2,43200,3.21916573912
214351,256882,276223,42531,19341,6,25200,3.19900729021
215012,254216,256706,39204,2490,2,21600,16.7445783133
215062,238794,238935,23732,141,16,72000,169.312056738
215457,238957,239891,23500,934,16,72000,26.1605995717
215465,239902,240422,24437,520,16,72000,47.9942307692
216440,238939,253357,22499,14418,4,14400,2.56047995561
217752,262852,291761,45100,28909,2,86400,2.56006779896
217869,238962,251812,21093,12850,4,14400,2.64147859922
218416,238944,245216,20528,6272,12,57600,4.27295918367
219254,238950,249769,19696,10819,2,28800,2.82050097051
219334,264363,291768,45029,27405,2,86400,2.64309432585
219860,255418,270370,35558,14952,4,28800,3.37814339219
238381,238388,238392,7,4,4,3600,1.1
238382,238393,238401,11,8,4,3600,1.9
239140,240433,240875,1293,442,16,72000,3.92533936652
239282,239288,239301,6,13,8,12000,1.46153846154
239282,239293,239306,11,13,8,12000,1.84615384615
239293,239300,239311,7,11,8,12000,1.63636363636
239293,239312,239324,19,12,8,12000,2.58333333333
239304,239319,239331,15,12,8,12000,2.25
239315,239335,239348,20,13,8,12000,2.53846153846
239315,239326,239337,11,11,8,12000,2.0
239492,239498,240938,6,1440,8,12000,1.00416666667
239493,239504,240943,11,1439,8,12000,1.00764419736
239503,239510,240959,7,1449,8,12000,1.00483091787
240049,240949,242383,900,1434,8,12000,1.62761506276
240050,240957,242402,907,1445,8,12000,1.6276816609
240883,264494,305602,23611,41108,16,72000,1.57436508709
240948,240970,242417,22,1447,8,12000,1.01520387008
240959,242395,243847,1436,1452,8,12000,1.98898071625
240970,242415,243827,1445,1412,8,12000,2.02337110482
241312,241319,241320,7,1,1,900,1.0
241479,274463,274783,32984,320,40,3540,104.075
242399,242428,243854,29,1426,8,12000,1.02033660589
242420,242543,243980,123,1437,8,12000,1.08559498956
242430,242548,243989,118,1441,8,12000,1.08188757807
242543,243838,245265,1295,1427,8,12000,1.90749824807
242544,243859,245292,1315,1433,8,12000,1.91765526867
243840,243866,245293,26,1427,8,12000,1.01822004205
243861,243992,245423,131,1431,8,12000,1.09154437456
243862,243997,245421,135,1424,8,12000,1.09480337079
243878,277559,288482,33681,10923,8,86400,4.08349354573
243995,245228,246666,1233,1438,8,12000,1.85744089013
243995,245233,246688,1238,1455,8,12000,1.85085910653
245231,245304,246742,73,1438,8,12000,1.05076495132
245231,245277,246710,46,1433,8,12000,1.03210048849
245273,245310,246746,37,1436,8,12000,1.02576601671
245304,245434,246869,130,1435,8,12000,1.09059233449
245315,245439,246878,124,1439,8,12000,1.08617095205
245438,246683,248109,1245,1426,8,12000,1.87307152875
245438,246678,248109,1240,1431,8,12000,1.86652690426
246216,254231,264289,8015,10058,8,64800,1.79687810698
246277,274796,346842,28519,72046,16,72000,1.39584432168
246675,246722,248166,47,1444,8,12000,1.03254847645
246686,246754,248201,68,1447,8,12000,1.04699378023
246717,246761,248193,44,1432,8,12000,1.03072625698
246759,246886,248323,127,1437,8,12000,1.08837856646
246759,246881,248327,122,1446,8,12000,1.08437067773
246882,246894,248369,12,1475,8,12000,1.00813559322
246883,248121,249552,1238,1431,8,12000,1.86512928022
246893,248126,249577,1233,1451,8,12000,1.84975878704
248120,248178,249631,58,1453,8,12000,1.03991741225
248130,248205,249678,75,1473,8,12000,1.05091649695
248182,248212,249660,30,1448,8,12000,1.02071823204
248203,248335,249787,132,1452,8,12000,1.09090909091
248214,248340,249787,126,1447,8,12000,1.08707671044
248337,248381,249831,44,1450,8,12000,1.03034482759
248457,254839,263034,6382,8195,8,86400,1.77876754118
248657,249564,251010,907,1446,8,12000,1.62724757953
248658,249569,251018,911,1449,8,12000,1.6287094548
248677,264430,264433,15753,3,8,64800,1575.6
248842,255716,320545,6874,64829,8,64800,1.10603279397
249265,277581,352237,28316,74656,5,259200,1.37928632662
249567,249642,251076,75,1434,8,12000,1.05230125523
249568,249673,251123,105,1450,8,12000,1.0724137931
249640,249691,251140,51,1449,8,12000,1.03519668737
249671,249799,251253,128,1454,8,12000,1.08803301238
249692,249804,251252,112,1448,8,12000,1.0773480663
249794,249842,251298,48,1456,8,12000,1.03296703297
249805,251023,252470,1218,1447,8,12000,1.84174153421
249847,251028,252487,1181,1459,8,12000,1.80945853324
250277,255413,277032,5136,21619,4,21600,1.23756880522
250408,274801,346847,24393,72046,16,72000,1.33857535463
251021,251088,252516,67,1428,8,12000,1.04691876751
251032,251135,252592,103,1457,8,12000,1.07069320522
251084,251152,252598,68,1446,8,12000,1.04702627939
251135,251264,252723,129,1459,8,12000,1.08841672378
251156,251269,252724,113,1455,8,12000,1.07766323024
251269,251310,252751,41,1441,8,12000,1.02845246357
252041,252482,253932,441,1450,8,12000,1.30413793103
252042,252487,253936,445,1449,8,12000,1.30710835059
252481,252527,253969,46,1442,8,12000,1.0319001387
252491,252604,254055,113,1451,8,12000,1.07787732598
252533,252610,254045,77,1435,8,12000,1.05365853659
252604,252740,254180,136,1440,8,12000,1.09444444444
252615,252746,254214,131,1468,8,12000,1.08923705722
252738,252763,254211,25,1448,8,12000,1.01726519337
252749,253369,254827,620,1458,8,12000,1.42524005487
252759,253374,254853,615,1479,8,12000,1.41582150101
253372,253948,255414,576,1466,8,12000,1.3929058663
253933,253953,255396,20,1443,8,12000,1.01386001386
253944,253981,255433,37,1452,8,12000,1.02548209366
253975,254057,255513,82,1456,8,12000,1.05631868132
254047,254066,255504,19,1438,8,12000,1.01321279555
254058,254224,255680,166,1456,8,12000,1.11401098901
254181,254236,255704,55,1468,8,12000,1.03746594005
254222,254844,256296,622,1452,8,12000,1.42837465565
254233,255408,256870,1175,1462,8,12000,1.80369357045
254845,255445,295382,600,39937,5,57600,1.01502366227
255406,255515,291304,109,35789,5,57600,1.00304562855
255448,255520,294355,72,38835,5,57600,1.00185399768
255519,255527,289903,8,34376,5,57600,1.0002327205
255520,255692,293466,172,37774,5,57600,1.00455339652
255530,255697,294886,167,39189,5,57600,1.00426139988
255694,262840,303867,7146,41027,5,57600,1.17417798035
255694,277570,312091,21876,34521,5,57600,1.63370122534
257796,257803,258051,7,248,1,3540,1.02822580645
257824,264445,264482,6621,37,10,360000,179.945945946
258165,258171,260217,6,2046,1,3540,1.00293255132
258230,276235,312151,18005,35916,10,86400,1.50130860898
258248,258255,258437,7,182,1,3540,1.03846153846
258298,258305,258571,7,266,1,3540,1.02631578947
258346,258353,258836,7,483,1,3540,1.01449275362
258419,258425,258790,6,365,1,3540,1.01643835616
258449,277887,454037,19438,176150,10,576000,1.11034913426
258467,258473,258976,6,503,1,3540,1.01192842942
258514,258520,258999,6,479,1,3540,1.01252609603
258562,258570,259078,8,508,1,3540,1.0157480315
258573,259191,262821,618,3630,12,14400,1.17024793388
258595,262834,269590,4239,6756,12,14400,1.62744227353
258611,258617,259092,6,475,1,3540,1.01263157895
258661,258668,259179,7,511,1,3540,1.01369863014
258738,258744,259279,6,535,1,3540,1.01121495327
258936,258942,259205,6,263,1,3540,1.02281368821
259191,259216,259396,25,180,1,3540,1.13888888889
259260,259291,259415,31,124,1,3540,1.25
262845,277575,317077,14730,39502,5,57600,1.37289251177
263203,277565,277876,14362,311,15,540000,47.1800643087
265208,277893,277931,12685,38,10,360000,334.815789474
277571,277948,318595,377,40647,5,57600,1.00927497724
277571,277942,319487,371,41545,5,57600,1.00893007582
278483,311381,714723,32898,403342,15,540000,1.08156353665
282518,289916,326994,7398,37078,5,57600,1.19952532499
282549,283709,322776,1160,39067,5,57600,1.02969257941
283712,291316,333629,7604,42313,5,57600,1.17970836386
285242,285249,306865,7,21616,4,21600,1.0003238342
285471,305659,385614,20188,79955,1,172800,1.25249202677
285496,310950,408377,25454,97427,1,172800,1.26126227842
285519,311026,410119,25507,99093,1,172800,1.25740466027
285534,288604,418252,3070,129648,1,172800,1.02367950142
285548,288610,450787,3062,162177,1,172800,1.01888060576
285560,288615,427220,3055,138605,1,172800,1.02204105191
285572,288620,405716,3048,117096,1,172800,1.02602992416
285583,299590,402917,14007,103327,1,172800,1.13555992141
287483,401551,437983,114068,36432,8,64800,4.13098375055
287679,305648,322119,17969,16471,8,86400,2.09094772631
287749,305654,341018,17905,35364,8,64800,1.50630584775
289504,292674,299573,3170,6899,2,21600,1.45948688216
289918,293478,330674,3560,37196,5,57600,1.09570921604
291126,304167,383300,13041,79133,4,216000,1.16479850378
291315,294367,333877,3052,39510,5,57600,1.07724626677
291772,318625,405065,26853,86440,2,86400,1.31065478945
291784,331186,417619,39402,86433,2,86400,1.45586755059
291953,291959,293104,6,1145,4,14400,1.00524017467
292346,358232,379286,65886,21054,10,57600,4.1293815902
292660,341185,348652,48525,7467,2,43200,7.49859381278
293024,358227,385776,65203,27549,14,43200,3.36680097281
293111,293117,294741,6,1624,4,14400,1.00369458128
293142,358019,358408,64877,389,2,43200,167.778920308
293156,297302,299023,4146,1721,4,28800,3.40906449739
293202,295669,296390,2467,721,4,14460,4.42163661581
293444,293451,293579,7,128,4,120,1.0546875
293477,294897,330323,1420,35426,5,57600,1.04008355445
293907,293915,294247,8,332,8,900,1.02409638554
294166,294259,294393,93,134,4,120,1.69402985075
294364,295395,334059,1031,38664,5,57600,1.02666563211
294373,294380,294625,7,245,4,240,1.02857142857
294591,304161,304435,9570,274,12,900,35.9270072993
294619,294626,294753,7,127,4,120,1.05511811024
294736,358238,384604,63502,26366,10,57600,3.40848061898
294777,296835,311268,2058,14433,4,14400,1.14258989815
294907,294914,295199,7,285,4,240,1.02456140351
295166,295211,295214,45,3,8,1800,4.8
295299,295306,295892,7,586,4,2700,1.01194539249
295642,295654,295657,12,3,8,1800,1.5
295749,295903,295910,154,7,8,1800,16.1
295968,295975,296103,7,128,4,120,1.0546875
296134,296158,296418,24,260,4,240,1.09230769231
296134,296140,296145,6,5,8,1800,1.1
296142,296163,296432,21,269,4,240,1.0780669145
296242,296429,296598,187,169,4,120,2.10650887574
296396,296890,311367,494,14477,4,14460,1.0341230918
296597,296604,296878,7,274,4,240,1.02554744526
296682,296689,296823,7,134,4,120,1.05223880597
297161,330119,337347,32958,7228,24,7199,5.55976757056
297182,299585,299592,2403,7,4,7200,241.0
297292,299604,299606,2312,2,4,7200,231.4
297473,341031,392713,43558,51682,10,576000,1.84280794087
297531,299618,299683,2087,65,4,120,33.1076923077
297611,297618,302893,7,5275,1,18000,1.00132701422
297767,303590,304149,5823,559,8,900,11.4168157424
298488,298494,299582,6,1088,1,1800,1.00551470588
298522,303575,303579,5053,4,8,1800,505.7
298722,299035,300079,313,1044,1,900,1.29980842912
298869,299609,472418,740,172809,1,172800,1.00428218438
299721,303879,305636,4158,1757,1,36000,3.36653386454
299827,299835,300078,8,243,1,900,1.0329218107
299840,299846,299907,6,61,3,120,1.09836065574
299985,299992,300005,7,13,2,900,1.53846153846
299991,312108,316747,12117,4639,4,7200,3.61198534167
299994,312169,316688,12175,4519,4,7200,3.69418012835
300089,300095,300280,6,185,1,900,1.03243243243
300094,318580,338105,18486,19525,6,25200,1.94678617157
300324,300330,300407,6,77,3,120,1.07792207792
300476,404896,486279,104420,81383,32,129600,2.2830689456
300677,300683,300753,6,70,3,120,1.08571428571
300925,300932,300936,7,4,2,900,1.1
301282,301288,301289,6,1,2,3600,1.0
301729,301735,301739,6,4,3,300,1.0
302159,302167,302170,8,3,3,300,1.1
302401,307803,320735,5402,12932,8,86400,1.41772347665
302571,307808,358002,5237,50194,8,64800,1.1043351795
302590,302596,302600,6,4,2,300,1.0
302687,302694,302698,7,4,3,300,1.1
303016,303023,303026,7,3,2,300,1.0
303432,402231,414936,98799,12705,8,86400,8.77638724911
303515,303521,303669,6,148,3,120,1.04054054054
303556,414949,427935,111393,12986,8,64800,9.57793007855
303914,303921,304074,7,153,3,120,1.04575163399
304249,304453,304471,204,18,4,108000,12.3333333333
304350,306402,306409,2052,7,8,1800,205.9
304368,304447,304738,79,291,12,900,1.27147766323
304490,305666,305904,1176,238,16,900,5.94117647059
304794,305916,306390,1122,474,12,900,3.36708860759
305064,305072,305186,8,114,3,120,1.0701754386
305414,306063,306190,649,127,3,120,6.11023622047
305438,305921,306051,483,130,4,120,4.71538461538
305926,306877,310938,951,4061,1,18000,1.2341787737
306495,306503,306627,8,124,3,120,1.06451612903
306636,306642,307073,6,431,16,900,1.01392111369
306749,306882,311014,133,4132,1,18000,1.03218780252
306822,312700,316904,5878,4204,1,18000,2.39819219791
306944,312706,316380,5762,3674,1,18000,2.56831790964
307091,307097,307101,6,4,5,120,1.0
307362,316916,321054,9554,4138,1,18000,3.30884485259
307520,307526,307660,6,134,5,120,1.0447761194
307636,307643,307791,7,148,5,120,1.0472972973
307909,307915,308077,6,162,3,120,1.03703703704
308173,311198,311360,3025,162,6,120,19.6728395062
308492,318586,336632,10094,18046,1,18000,1.55934833204
309461,358254,360073,48793,1819,4,28800,27.8240791644
310009,310016,310282,7,266,4,240,1.02631578947
310417,312548,312683,2131,135,6,120,16.7851851852
310912,310919,311186,7,267,4,240,1.02621722846
311170,311386,318613,216,7227,1,7200,1.0298879203
311712,312695,312916,983,221,4,240,5.4479638009
311723,312102,330107,379,18005,1,18000,1.02104970841
312128,316700,331174,4572,14474,4,14460,1.31587674451
312136,312164,312536,28,372,6,900,1.0752688172
312160,318344,332757,6184,14413,4,14400,1.42905710123
312233,345117,374059,32884,28942,4,28920,2.13620344137
313011,313018,313453,7,435,4,900,1.01609195402
313025,317255,317378,4230,123,7,120,35.3902439024
313420,317390,317513,3970,123,6,120,33.2764227642
314361,316393,489198,2032,172805,1,172800,1.01175891901
315325,315332,318038,7,2706,4,2700,1.00258684405
316442,317089,317243,647,154,8,120,5.2012987013
317390,317524,317648,134,124,8,120,2.08064516129
317549,317659,317783,110,124,9,120,1.88709677419
317712,317795,317918,83,123,4,120,1.67479674797
317879,318200,318327,321,127,10,120,3.52755905512
317913,318050,318188,137,138,11,120,1.99275362319
318065,318338,318508,273,170,4,120,2.60588235294
318574,346854,346859,28280,5,64,3600,2828.5
318663,318669,338077,6,19408,6,25200,1.00030915087
318703,319499,323127,796,3628,4,3600,1.21940463065
318738,320752,320888,2014,136,4,120,15.8088235294
319141,320557,341081,1416,20524,6,25200,1.06899239914
319144,320747,341261,1603,20514,6,21600,1.07814175685
320610,321066,321203,456,137,6,120,4.32846715328
320758,322296,322422,1538,126,10,120,13.2063492063
320765,322131,322283,1366,152,12,120,9.98684210526
320786,323139,323262,2353,123,22,120,20.1300813008
320796,341025,341172,20229,147,32,120,138.612244898
320949,327006,367269,6057,40263,5,57600,1.15043588406
320950,330336,359476,9386,29140,5,57600,1.3221002059
322287,322301,322428,14,127,4,120,1.11023622047
322308,322788,322918,480,130,6,120,4.69230769231
322322,322925,323052,603,127,8,120,5.74803149606
322326,322434,322598,108,164,10,120,1.65853658537
322331,322610,322735,279,125,12,120,3.232
322416,322747,322913,331,166,12,120,2.99397590361
322432,323275,323397,843,122,22,120,7.90983606557
322514,323410,323536,896,126,22,120,8.11111111111
323485,323559,323700,74,141,4,120,1.52482269504
323513,323553,323696,40,143,5,120,1.27972027972
323514,323548,323716,34,168,6,120,1.20238095238
323660,323666,323826,6,160,6,120,1.0375
323660,323708,323871,48,163,4,120,1.29447852761
323661,323904,324027,243,123,8,120,2.9756097561
323661,323884,324010,223,126,10,120,2.76984126984
323662,323728,323892,66,164,12,120,1.40243902439
327006,330686,367687,3680,37001,5,57600,1.09945677144
327897,483189,589056,155292,105867,16,144000,2.46685936127
330339,333641,366724,3302,33083,5,57600,1.09980956987
333011,333019,333020,8,1,2,3540,1.0
333644,333889,375296,245,41407,5,57600,1.00591687396
333869,334071,375818,202,41747,5,57600,1.00483867104
333890,358243,389538,24353,31295,5,57600,1.77817542738
334074,358249,397370,24175,39121,5,57600,1.61795455126
337228,338089,341013,861,2924,32,3600,1.29445964432
337835,346871,353145,9036,6274,32,7200,2.44022951865
338595,338749,338917,154,168,4,120,1.91666666667
338596,338602,338758,6,156,6,120,1.03846153846
338596,338607,338737,11,130,5,120,1.08461538462
339286,339293,339433,7,140,4,120,1.05
339790,339796,339928,6,132,4,120,1.04545454545
340145,340152,340292,7,140,4,120,1.05
340472,340479,340562,7,83,4,60,1.0843373494
340849,340855,340923,6,68,4,60,1.08823529412
341682,341688,341700,6,12,1,900,1.5
341813,341819,341831,6,12,1,900,1.5
341892,341899,341987,7,88,4,60,1.07954545455
342201,342207,342221,6,14,4,60,1.42857142857
342598,342604,342617,6,13,4,60,1.46153846154
342638,342644,342748,6,104,4,60,1.05769230769
342927,342934,343022,7,88,4,60,1.07954545455
343183,343190,343292,7,102,4,60,1.06862745098
343438,343445,343518,7,73,4,60,1.09589041096
343784,343790,343814,6,24,4,90,1.25
344108,344115,344138,7,23,4,90,1.30434782609
344169,344176,344200,7,24,5,90,1.29166666667
344185,344764,345011,579,247,1,3540,3.34412955466
344193,344199,344328,6,129,4,120,1.04651162791
344223,344229,344369,6,140,6,120,1.04285714286
344229,344235,344259,6,24,6,90,1.25
344253,344260,344420,7,160,8,120,1.04375
344284,344291,344416,7,125,10,120,1.056
344289,344297,344321,8,24,7,90,1.33333333333
344314,344321,344444,7,123,12,120,1.05691056911
344349,344357,344380,8,23,8,90,1.34782608696
344410,344417,344440,7,23,9,90,1.30434782609
344470,344476,344500,6,24,10,90,1.25
344511,344517,344692,6,175,22,120,1.03428571429
344530,344538,344561,8,23,11,90,1.34782608696
344542,344922,345051,380,129,32,120,3.94573643411
344552,344769,346809,217,2040,1,3540,1.10637254902
344591,344598,344621,7,23,12,90,1.30434782609
344629,344775,344949,146,174,1,3540,1.83908045977
344667,344674,344697,7,23,22,90,1.30434782609
344672,344710,344868,38,158,42,120,1.24050632911
344677,344780,345040,103,260,1,3540,1.39615384615
344688,345063,345087,375,24,32,90,16.625
344696,352247,352391,7551,144,52,120,53.4375
344726,353564,353701,8838,137,62,120,65.5109489051
344736,344786,345267,50,481,1,3540,1.10395010395
344748,344881,344910,133,29,42,90,5.58620689655
344757,353349,353515,8592,166,72,120,52.7590361446
344787,353157,353291,8370,134,82,120,63.4626865672
344808,352403,352432,7595,29,52,90,262.896551724
344811,344819,345180,8,361,1,3540,1.02216066482
344817,358014,358160,13197,146,92,120,91.3904109589
344859,344865,345371,6,506,1,3540,1.01185770751
344869,353713,353737,8844,24,62,90,369.5
344906,344913,345389,7,476,1,3540,1.01470588235
344929,353528,353552,8599,24,72,90,359.291666667
344954,344961,345466,7,505,1,3540,1.01386138614
344989,353303,353336,8314,33,82,90,252.939393939
345003,345011,345489,8,478,1,3540,1.01673640167
345050,358171,358212,13121,41,92,90,321.024390244
345059,345070,345579,11,509,1,3540,1.02161100196
345138,345145,345682,7,537,1,3540,1.01303538175
345357,345364,345632,7,268,1,3540,1.02611940299
345632,345639,345820,7,181,1,3540,1.03867403315
345815,345822,345942,7,120,4,3540,1.05833333333
345866,345873,345997,7,124,1,3540,1.0564516129
348512,348520,348521,8,1,1,3540,1.0
358239,358261,396225,22,37964,5,57600,1.00057949636
358250,358266,394886,16,36620,5,57600,1.00043691972
358261,358273,396801,12,38528,5,57600,1.00031146179
358272,358280,393377,8,35097,5,57600,1.00022793971
358272,358285,392486,13,34201,5,57600,1.00038010584
358283,358292,392695,9,34403,5,57600,1.00026160509
358283,358297,392216,14,33919,5,57600,1.00041274802
358294,358304,390774,10,32470,5,57600,1.00030797659
358295,358309,399454,14,41145,5,57600,1.00034026006
358305,359488,391603,1183,32115,5,57600,1.0368363693
359489,366736,404609,7247,37873,5,57600,1.19135003829
366737,367281,392459,544,25178,5,57600,1.02160616411
367278,367699,401960,421,34261,5,57600,1.01228802428
369983,375308,406448,5325,31140,5,57600,1.17100192678
370346,427948,461315,57602,33367,8,64800,2.72631642042
370685,392902,393237,22217,335,62,300,67.3194029851
370773,395260,395582,24487,322,72,300,77.0465838509
370804,397382,397694,26578,312,82,300,86.1858974359
370834,397800,398147,26966,347,92,300,78.711815562
370864,400512,400858,29648,346,102,300,86.6878612717
371016,400870,400898,29854,28,102,210,1067.21428571
372743,483202,548719,110459,65517,16,72000,2.68595936932
372747,483207,555234,110460,72027,16,72000,2.53359156983
374931,400221,411725,25290,11504,2,57600,3.19836578581
374938,401556,430112,26618,28556,2,57600,1.93213335201
374943,402237,410799,27294,8562,2,57600,4.18780658725
375311,375830,414928,519,39098,5,57600,1.01327433628
375832,391616,424105,15784,32489,5,57600,1.48582597187
376222,376230,378344,8,2114,4,3600,1.00378429518
378459,378466,378599,7,133,4,3600,1.05263157895
378641,378649,380268,8,1619,4,3600,1.0049413218
379057,483740,591760,104683,108020,4,108000,1.96910757267
379182,483195,490906,104013,7711,8,72000,14.488911944
379876,379882,380193,6,311,12,300,1.0192926045
379906,384796,385098,4890,302,22,300,17.1920529801
379936,393583,393913,13647,330,32,300,42.3545454545
379967,392546,392875,12579,329,42,300,39.2340425532
379997,393249,393552,13252,303,52,300,44.7359735974
380378,380385,381643,7,1258,6,3600,1.00556438792
380433,383359,411757,2926,28398,1,43200,1.10303542503
380793,380799,383342,6,2543,2,18000,1.00235941801
380816,380823,383342,7,2519,4,18000,1.00277888051
380847,380853,380877,6,24,8,18000,1.25
380943,380950,381157,7,207,1,7200,1.03381642512
381135,381143,383341,8,2198,8,18000,1.00363967243
381163,381170,398434,7,17264,1,18000,1.00040546803
381235,384411,384784,3176,373,16,18000,9.51474530831
381800,381807,382570,7,763,1,32400,1.00917431193
381960,381967,382130,7,163,1,3600,1.04294478528
382223,383313,384399,1090,1086,8,3600,2.00368324125
382624,382631,415041,7,32410,1,32400,1.00021598272
382630,382638,382790,8,152,1,3600,1.05263157895
382655,382662,415079,7,32417,1,32400,1.00021593608
383280,411739,486152,28459,74413,5,86400,1.38244661551
383317,383353,383513,36,160,2,18000,1.225
383482,392726,435564,9244,42838,1,54000,1.21578971941
383503,383510,383511,7,1,2,18000,1.0
383588,385631,418071,2043,32440,1,32400,1.06297780518
383913,383920,384005,7,85,2,18000,1.08235294118
384135,384143,384145,8,2,2,18000,1.0
384174,384181,384216,7,35,2,18000,1.2
384347,384354,384403,7,49,2,18000,1.14285714286
384885,384893,384894,8,1,1,3540,1.0
384907,384914,389821,7,4907,4,7200,1.00142653352
384964,384970,385198,6,228,2,3600,1.02631578947
384967,384978,384979,11,1,1,3540,1.2
385220,385227,385275,7,48,2,18000,1.14583333333
385331,385338,390247,7,4909,4,7200,1.00142595233
385359,385366,389973,7,4607,2,18000,1.00151942696
385540,385547,390506,7,4959,4,10800,1.00141157491
386303,386310,389014,7,2704,2,3600,1.0025887574
386388,386396,386689,8,293,2,3600,1.02730375427
386520,386528,386699,8,171,2,3600,1.04678362573
386555,386562,391414,7,4852,4,7200,1.00144270404
386584,386591,386668,7,77,4,28920,1.09090909091
386645,386652,386671,7,19,4,28920,1.36842105263
386668,386677,386720,9,43,4,28920,1.20930232558
386710,386718,386719,8,1,2,60,1.0
386764,386771,386779,7,8,4,1800,1.5
386795,386802,400138,7,13336,4,28920,1.00052489502
386914,386921,386922,7,1,2,60,1.0
387117,387124,387132,7,8,1,1800,1.5
388433,388440,388441,7,1,1,3540,1.0
388722,388729,388749,7,20,1,3540,1.35
389267,389275,400112,8,10837,4,10800,1.00073821168
389718,389726,393367,8,3641,1,3600,1.00219719857
390165,390173,392383,8,2210,2,18000,1.0036199095
390344,390352,390393,8,41,4,3600,1.19512195122
390385,390392,394442,7,4050,1,18000,1.00172839506
390405,390412,391614,7,1202,4,18000,1.00582362729
390424,390431,394063,7,3632,4,3600,1.00192731278
390426,390439,391126,13,687,8,18000,1.01892285298
390451,390590,391028,139,438,16,18000,1.31735159817
390478,390485,390577,7,92,4,3600,1.07608695652
390480,392229,392534,1749,305,32,18000,6.73442622951
390506,402942,403176,12436,234,64,18000,54.1452991453
390777,392471,427412,1694,34941,5,57600,1.04848172634
390967,404909,407725,13942,2816,4,28800,5.95099431818
391055,404914,412779,13859,7865,4,28800,2.76211061666
391101,391108,391110,7,2,16,60,1.0
391179,391187,391195,8,8,16,60,1.6
391281,391288,391714,7,426,16,18000,1.01643192488
391294,391303,391363,9,60,1,3540,1.15
391454,392887,392890,1433,3,64,3600,143.6
391614,401972,442002,10358,40030,5,57600,1.25875593305
391664,391671,392708,7,1037,4,3600,1.00675024108
391713,391721,392857,8,1136,4,3600,1.00704225352
392938,393389,398097,451,4708,4,7200,1.09579439252
393033,404920,433751,11887,28831,4,28800,1.41229926121
393057,404925,432081,11868,27156,4,28800,1.4370304905
393314,393564,393570,250,6,64,3600,25.6
393647,393654,395248,7,1594,4,3600,1.00439146801
393650,393661,395394,11,1733,4,3600,1.0063473745
394027,394454,394461,427,7,64,3600,43.4
394704,394711,394715,7,4,64,3600,1.1
395316,395407,397769,91,2362,4,3600,1.03852667231
395416,395595,397785,179,2190,4,3600,1.08173515982
395641,395648,396112,7,464,1,3600,1.0150862069
396947,402983,435423,6036,32440,1,32400,1.18606658446
397834,398109,399012,275,903,4,3600,1.30454042082
397899,398159,398837,260,678,4,3600,1.38348082596
398218,402959,407867,4741,4908,4,7200,1.96597392013
398856,402954,407688,4098,4734,1,7200,1.86565272497
398943,402949,411021,4006,8072,2,18000,1.49628344896
398958,398964,402601,6,3637,2,3600,1.0016497113
399359,399365,400226,6,861,4,1800,1.00696864111
399709,399715,399745,6,30,1,300,1.2
399861,402970,424607,3109,21637,4,21600,1.14368905116
400083,400089,400407,6,318,12,300,1.01886792453
400113,400119,400443,6,324,22,300,1.01851851852
400143,400149,400501,6,352,32,300,1.01704545455
400174,404201,404505,4027,304,42,300,14.2467105263
400178,401236,430180,1058,28944,4,28920,1.03655334439
400184,403189,403514,3005,325,62,300,10.2461538462
400204,403843,404189,3639,346,52,300,11.5173410405
400234,403526,403831,3292,305,62,300,11.793442623
400244,402225,402571,1981,346,82,300,6.72543352601
400275,401545,401895,1270,350,92,300,4.62857142857
400295,402582,402931,2287,349,82,300,7.55300859599
400305,400910,401219,605,309,102,300,2.95792880259
400325,401906,402214,1581,308,92,300,6.13311688312
400355,401230,401534,875,304,102,300,3.87828947368
400624,402977,412859,2353,9882,4,21600,1.23810969439
400999,402934,402942,1935,8,1,1800,194.3
401317,402965,406574,1648,3609,2,3600,1.45663618731
401944,404903,440937,2959,36034,16,36000,1.0821168896
404064,406460,440796,2396,34336,5,57600,1.06978098788
404064,404621,442646,557,38025,5,57600,1.01464825773
404221,404227,414910,6,10683,2,18000,1.00056163999
404257,408463,408464,4206,1,2,18000,420.7
404270,408727,414908,4457,6181,4,18000,1.72108073127
404289,408968,408971,4679,3,4,18000,468.2
404625,412618,451054,7993,38436,5,57600,1.20795608284
405134,405140,407153,6,2013,2,3600,1.00298062593
405167,405174,405191,7,17,1,3600,1.41176470588
405334,486422,714710,81088,228288,10,360000,1.35520044856
405336,405344,405660,8,316,1,3600,1.0253164557
405424,408393,408426,2969,33,1,32400,90.9696969697
405466,449633,492849,44167,43216,24,43199,2.02200573862
405692,405699,405983,7,284,1,3600,1.02464788732
406131,409342,409669,3211,327,4,300,10.8195718654
406199,406206,409829,7,3623,1,3600,1.00193210047
406268,407880,408714,1612,834,4,3600,2.93285371703
406274,409681,409704,3407,23,4,300,149.130434783
406285,441120,441229,34835,109,12,7199,320.587155963
406889,441107,441108,34218,1,12,7200,3421.9
407069,407076,408450,7,1374,2,3600,1.00509461426
407353,407361,407679,8,318,2,3600,1.0251572327
407373,407737,407951,364,214,4,3600,2.70093457944
407397,433764,433918,26367,154,8,3600,172.214285714
407538,407690,408956,152,1266,2,3600,1.12006319115
407604,407963,409267,359,1304,4,3600,1.27530674847
407682,441242,443184,33560,1942,16,3600,18.2811534501
407729,446845,448534,39116,1689,8,3600,24.1592658378
407813,440952,441094,33139,142,16,3600,234.373239437
408053,408059,411675,6,3616,2,3600,1.00165929204
408139,408983,412604,844,3621,4,3600,1.23308478321
408179,446850,450487,38671,3637,8,3600,11.6326642838
408215,409836,430882,1621,21046,6,21600,1.07702176185
408217,443197,446829,34980,3632,16,3600,10.6310572687
408254,461327,464934,53073,3607,32,3600,15.713889659
408266,412792,448640,4526,35848,5,57600,1.12625530016
408328,481999,483178,73671,1179,64,3600,63.4860050891
410166,448652,448990,38486,338,12,300,114.863905325
410196,454053,454358,43857,305,22,300,144.793442623
410234,464947,465249,54713,302,32,300,182.168874172
410269,449003,449305,38734,302,12,300,129.258278146
410299,454371,454673,44072,302,22,300,146.933774834
410330,449318,449620,38988,302,12,300,130.099337748
410330,465261,465565,54931,304,32,300,181.694078947
410360,454686,454991,44326,305,22,300,146.331147541
410364,477076,477425,66712,349,42,300,192.151862464
410391,465577,465879,55186,302,32,300,183.735099338
410396,477437,477781,67041,344,42,300,195.886627907
410398,477793,478103,67395,310,42,300,218.403225806
410929,410937,416688,8,5751,1,32400,1.00139106242
411081,411152,414486,71,3334,2,18000,1.02129574085
412616,414499,454892,1883,40393,5,57600,1.04661698809
412789,414924,449544,2135,34620,5,57600,1.06166955517
413736,413744,435071,8,21327,1,86400,1.00037511136
414263,414271,414456,8,185,2,32400,1.04324324324
414500,414941,453322,441,38381,5,57600,1.01149006019
414964,414971,415919,7,948,1,32400,1.00738396624
416148,417632,449505,1484,31873,5,57600,1.04655978414
416169,424118,457584,7949,33466,5,57600,1.23752465189
418806,418814,418816,8,2,2,3540,1.0
420157,420166,430772,9,10606,2,21600,1.00084857628
420303,420310,441157,7,20847,1,32400,1.00033577973
420310,424625,424947,4315,322,1,32400,14.400621118
420379,424631,444294,4252,19663,1,32400,1.21624370645
420453,424960,457570,4507,32610,1,32400,1.1382091383
421139,424620,478635,3481,54015,2,54000,1.06444506156
426079,431605,435943,5526,4338,4,28800,2.27385892116
427099,430193,471540,3094,41347,5,57600,1.0748300965
427099,427426,469081,327,41655,5,57600,1.00785019806
427426,430895,469715,3469,38820,5,57600,1.08936115404
430194,433932,472409,3738,38477,5,57600,1.09714894612
430594,430601,430852,7,251,1,3540,1.02788844622
430724,430734,430913,10,179,1,3540,1.05586592179
430776,430786,431050,10,264,1,3540,1.03787878788
430833,430841,431322,8,481,1,3540,1.01663201663
430899,435459,468441,4560,32982,5,57600,1.13825723122
430910,430919,431279,9,360,1,3540,1.025
430963,430971,431487,8,516,1,3540,1.01550387597
431010,431031,431032,21,1,1,25200,2.2
431011,431091,431092,80,1,1,25200,8.1
431011,431107,431586,96,479,1,3540,1.20041753653
431014,431210,431211,196,1,1,25200,19.7
431014,431237,431238,223,1,1,25200,22.4
431016,431309,431310,293,1,1,25200,29.4
431016,431291,431292,275,1,1,25200,27.6
431017,431334,431335,317,1,1,25200,31.8
431019,431384,431385,365,1,1,25200,36.6
431021,431416,431417,395,1,1,25200,39.6
431021,431425,431426,404,1,1,25200,40.5
431023,431467,431468,444,1,1,25200,44.5
431024,431486,431487,462,1,1,25200,46.3
431024,431495,431496,471,1,1,25200,47.2
431025,431520,431521,495,1,1,25200,49.6
431026,431539,431540,513,1,1,25200,51.4
431028,431586,431587,558,1,1,25200,55.9
431029,431639,431640,610,1,1,25200,61.1
431029,431653,431654,624,1,1,25200,62.5
431032,431762,431763,730,1,1,25200,73.1
431033,431831,431832,798,1,1,25200,79.9
431034,431857,431858,823,1,1,25200,82.4
431034,431871,431872,837,1,1,25200,83.8
431035,431898,431899,863,1,1,25200,86.4
431035,431924,431925,889,1,1,25200,89.0
431036,431938,431939,902,1,1,25200,90.3
431036,431966,431967,930,1,1,25200,93.1
431038,432060,432061,1022,1,1,25200,102.3
431039,432095,432096,1056,1,1,25200,105.7
431040,432131,432132,1091,1,1,25200,109.2
431042,432174,432175,1132,1,1,25200,113.3
431043,432201,432202,1158,1,1,25200,115.9
431044,432250,432251,1206,1,1,25200,120.7
431045,432291,432292,1246,1,1,25200,124.7
431045,432305,432306,1260,1,1,25200,126.1
431045,432264,432265,1219,1,1,25200,122.0
431047,432372,432373,1325,1,1,25200,132.6
431047,432399,432400,1352,1,1,25200,135.3
431048,432413,432414,1365,1,1,25200,136.6
431048,432453,432454,1405,1,1,25200,140.6
431050,432535,432536,1485,1,1,25200,148.6
431051,432563,432564,1512,1,1,25200,151.3
431053,432688,432689,1635,1,1,25200,163.6
431053,432663,432664,1610,1,1,25200,161.1
431055,432723,432724,1668,1,1,25200,166.9
431056,432751,432752,1695,1,1,25200,169.6
431058,432791,432792,1733,1,1,25200,173.4
431060,432840,432841,1780,1,1,25200,178.1
431061,432145,432653,1084,508,1,3540,3.13385826772
431061,432873,432874,1812,1,1,25200,181.3
431063,432919,432920,1856,1,1,25200,185.7
431064,432952,432953,1888,1,1,25200,188.9
431065,432961,432962,1896,1,1,25200,189.7
431067,433003,433004,1936,1,1,25200,193.7
431069,433050,433051,1981,1,1,25200,198.2
431070,433069,433070,1999,1,1,25200,200.0
431071,433105,433106,2034,1,1,25200,203.5
431071,433085,433086,2014,1,1,25200,201.5
431073,433130,433131,2057,1,1,25200,205.8
431073,433144,433145,2071,1,1,25200,207.2
431075,433180,433181,2105,1,1,25200,210.6
431076,433205,433206,2129,1,1,25200,213.0
431077,433219,433220,2142,1,1,25200,214.3
431080,433279,433280,2199,1,1,25200,220.0
431081,433293,433294,2212,1,1,25200,221.3
431085,433377,433378,2292,1,1,25200,229.3
431086,433402,433403,2316,1,1,25200,231.7
431087,433432,433433,2345,1,1,25200,234.6
431087,433416,433417,2329,1,1,25200,233.0
431088,433441,433442,2353,1,1,25200,235.4
431089,433457,433458,2368,1,1,25200,236.9
431090,433477,433478,2387,1,1,25200,238.8
431092,433546,433547,2454,1,1,25200,245.5
431095,433590,433591,2495,1,1,25200,249.6
431096,433626,433627,2530,1,1,25200,253.1
431097,433640,433641,2543,1,1,25200,254.4
431098,433656,433657,2558,1,1,25200,255.9
431099,433676,433677,2577,1,1,25200,257.8
431100,433701,433702,2601,1,1,25200,260.2
431102,433739,433740,2637,1,1,25200,263.8
431104,433800,433801,2696,1,1,25200,269.7
431105,433868,433869,2763,1,1,25200,276.4
431106,433882,433883,2776,1,1,25200,277.7
431106,433896,433897,2790,1,1,25200,279.1
431106,433909,433910,2803,1,1,25200,280.4
431108,433967,433968,2859,1,1,25200,286.0
431109,432161,432635,1052,474,1,3540,3.2194092827
431109,433987,433988,2878,1,1,25200,287.9
431114,434104,434105,2990,1,1,25200,299.1
431115,434124,434125,3009,1,1,25200,301.0
431117,434172,434173,3055,1,1,25200,305.6
431118,434183,434184,3065,1,1,25200,306.6
431119,434203,434204,3084,1,1,25200,308.5
431119,434212,434213,3093,1,1,25200,309.4
431120,434231,434232,3111,1,1,25200,311.2
431122,434288,434289,3166,1,1,25200,316.7
431123,434319,434320,3196,1,1,25200,319.7
431123,434308,434309,3185,1,1,25200,318.6
431123,434299,434300,3176,1,1,25200,317.7
431124,434327,434328,3203,1,1,25200,320.4
431125,434357,434358,3232,1,1,25200,323.3
431126,434377,434378,3251,1,1,25200,325.2
431126,434386,434387,3260,1,1,25200,326.1
431127,434405,434406,3278,1,1,25200,327.9
431129,434435,434436,3306,1,1,25200,330.7
431130,434474,434475,3344,1,1,25200,334.5
431130,434463,434464,3333,1,1,25200,333.4
431131,434487,434488,3356,1,1,25200,335.7
431132,434501,434502,3369,1,1,25200,337.0
431133,434539,434540,3406,1,1,25200,340.7
431134,434557,434558,3423,1,1,25200,342.4
431135,434576,434577,3441,1,1,25200,344.2
431135,434587,434588,3452,1,1,25200,345.3
431136,434607,434608,3471,1,1,25200,347.2
431138,434647,434648,3509,1,1,25200,351.0
431139,434675,434676,3536,1,1,25200,353.7
431140,434695,434696,3555,1,1,25200,355.6
431141,434724,434725,3583,1,1,25200,358.4
431142,434732,434733,3590,1,1,25200,359.1
431143,434776,434777,3633,1,1,25200,363.4
431145,434820,434821,3675,1,1,25200,367.6
431146,434840,434841,3694,1,1,25200,369.5
431146,434829,434830,3683,1,1,25200,368.4
431148,434888,434889,3740,1,1,25200,374.1
431149,434908,434909,3759,1,1,25200,376.0
431150,434927,434928,3777,1,1,25200,377.8
431151,434946,434947,3795,1,1,25200,379.6
431152,434976,434977,3824,1,1,25200,382.5
431153,435005,435006,3852,1,1,25200,385.3
431153,434996,434997,3843,1,1,25200,384.4
431154,435016,435017,3862,1,1,25200,386.3
431155,435036,435037,3881,1,1,25200,388.2
431155,435045,435046,3890,1,1,25200,389.1
431156,435056,435057,3900,1,1,25200,390.1
431158,432180,432679,1022,499,1,3540,3.04809619238
431159,435120,435121,3961,1,1,25200,396.2
431160,435145,435146,3985,1,1,25200,398.6
431162,435195,435196,4033,1,1,25200,403.4
431162,435184,435185,4022,1,1,25200,402.3
431164,435220,435221,4056,1,1,25200,405.7
431165,435245,435246,4080,1,1,25200,408.1
431166,435275,435276,4109,1,1,25200,411.0
431167,435295,435296,4128,1,1,25200,412.9
431168,435309,435310,4141,1,1,25200,414.2
431169,435334,435335,4165,1,1,25200,416.6
431171,435375,435376,4204,1,1,25200,420.5
431172,435395,435396,4223,1,1,25200,422.4
431174,435445,435446,4271,1,1,25200,427.2
431175,435495,435496,4320,1,1,25200,432.1
431177,435590,435591,4413,1,1,25200,441.4
431177,435582,435583,4405,1,1,25200,440.6
431177,435563,435564,4386,1,1,25200,438.7
431178,435615,435616,4437,1,1,25200,443.8
431183,435745,435746,4562,1,1,25200,456.3
431187,435855,435856,4668,1,1,25200,466.9
431188,435881,435882,4693,1,1,25200,469.4
431190,435982,435983,4792,1,1,25200,479.3
431193,436132,436133,4939,1,1,25200,494.0
431193,436146,436147,4953,1,1,25200,495.4
431194,436186,436187,4992,1,1,25200,499.3
431195,436242,436243,5047,1,1,25200,504.8
431195,436228,436229,5033,1,1,25200,503.4
431197,436310,436311,5113,1,1,25200,511.4
431197,436324,436325,5127,1,1,25200,512.8
431199,436404,436405,5205,1,1,25200,520.6
431200,436457,436458,5257,1,1,25200,525.8
431201,436498,436499,5297,1,1,25200,529.8
431201,436512,436513,5311,1,1,25200,531.2
431203,436592,436593,5389,1,1,25200,539.0
431203,436606,436607,5403,1,1,25200,540.4
431204,436686,436687,5482,1,1,25200,548.3
431207,436792,436793,5585,1,1,25200,558.6
431209,436888,436889,5679,1,1,25200,568.0
431212,437034,437035,5822,1,1,25200,582.3
431212,437048,437049,5836,1,1,25200,583.7
431213,437101,437102,5888,1,1,25200,588.9
431219,437341,437342,6122,1,1,25200,612.3
431220,437408,437409,6188,1,1,25200,618.9
431224,437605,437606,6381,1,1,25200,638.2
431226,437645,437646,6419,1,1,25200,642.0
431227,437669,437670,6442,1,1,25200,644.3
431229,437726,437727,6497,1,1,25200,649.8
431230,437750,437751,6520,1,1,25200,652.1
431230,437759,437760,6529,1,1,25200,653.0
431231,437791,437792,6560,1,1,25200,656.1
431232,437808,437809,6576,1,1,25200,657.7
431233,437831,437832,6598,1,1,25200,659.9
431240,438022,438023,6782,1,1,25200,678.3
431240,438036,438037,6796,1,1,25200,679.7
431241,438055,438056,6814,1,1,25200,681.5
431242,438080,438081,6838,1,1,25200,683.9
431244,438121,438122,6877,1,1,25200,687.8
431245,438130,438131,6885,1,1,25200,688.6
431246,438166,438167,6920,1,1,25200,692.1
431246,438155,438156,6909,1,1,25200,691.0
431246,432241,432775,995,534,1,3540,2.86329588015
431247,438180,438181,6933,1,1,25200,693.4
431248,438191,438192,6943,1,1,25200,694.4
431249,438216,438217,6967,1,1,25200,696.8
431255,438340,438341,7085,1,1,25200,708.6
431256,438370,438371,7114,1,1,25200,711.5
431257,438390,438391,7133,1,1,25200,713.4
431258,438404,438405,7146,1,1,25200,714.7
431259,438440,438441,7181,1,1,25200,718.2
431260,438465,438466,7205,1,1,25200,720.6
431263,438515,438516,7252,1,1,25200,725.3
431264,438545,438546,7281,1,1,25200,728.2
431265,438554,438555,7289,1,1,25200,729.0
431268,438628,438629,7360,1,1,25200,736.1
431269,438653,438654,7384,1,1,25200,738.5
431270,438678,438679,7408,1,1,25200,740.9
431270,438664,438665,7394,1,1,25200,739.5
431271,438703,438704,7432,1,1,25200,743.3
431272,438728,438729,7456,1,1,25200,745.7
431273,438764,438765,7491,1,1,25200,749.2
431275,438789,438790,7514,1,1,25200,751.5
431276,438828,438829,7552,1,1,25200,755.3
431278,438864,438865,7586,1,1,25200,758.7
431279,438878,438879,7599,1,1,25200,760.0
431280,438903,438904,7623,1,1,25200,762.4
431281,438939,438940,7658,1,1,25200,765.9
431281,438928,438929,7647,1,1,25200,764.8
431282,438953,438954,7671,1,1,25200,767.2
431284,439003,439004,7719,1,1,25200,772.0
431445,432632,432900,1187,268,1,3540,5.42910447761
431705,432850,433030,1145,180,1,3540,7.36111111111
431767,432897,433021,1130,124,1,3540,10.1129032258
433929,435961,470111,2032,34150,5,57600,1.05950219619
435100,441171,443047,6071,1876,1,86400,4.23614072495
435459,438000,477063,2541,39063,5,57600,1.06504876738
437998,439672,470682,1674,31010,5,57600,1.05398258626
438955,439020,439659,65,639,1,1800,1.10172143975
439676,440809,479321,1133,38512,5,57600,1.02941940174
440810,442015,479278,1205,37263,5,57600,1.03233770765
440988,441113,441214,125,101,1,1800,2.23762376238
442016,442658,480408,642,37750,5,57600,1.01700662252
442154,443057,443161,903,104,1,1800,9.68269230769
442660,453335,491460,10675,38125,5,57600,1.28
443529,443537,443547,8,10,1,86400,1.8
443588,443596,447232,8,3636,1,86400,1.00220022002
443620,447245,467116,3625,19871,1,86400,1.1824266519
443689,458655,478699,14966,20044,1,86400,1.74665735382
443721,458667,481385,14946,22718,1,86400,1.65789242011
443768,486429,507615,42661,21186,1,86400,3.01364108373
443812,486434,506717,42622,20283,1,86400,3.10136567569
443861,486439,506031,42578,19592,1,86400,3.17323397305
443923,486445,506531,42522,20086,1,86400,3.11699691327
443991,486450,506207,42459,19757,1,86400,3.14906109227
447267,557722,581559,110455,23837,1,86400,5.63376263792
460523,460529,460571,6,42,1,3600,1.14285714286
460523,460542,460582,19,40,1,3600,1.475
460523,460547,460588,24,41,1,3600,1.58536585366
460523,460552,460603,29,51,1,3600,1.56862745098
460524,460563,460604,39,41,1,3600,1.9512195122
460524,460558,460609,34,51,1,3600,1.66666666667
460524,460569,460610,45,41,1,3600,2.09756097561
460525,460590,460641,65,51,1,3600,2.27450980392
460525,460574,460635,49,61,1,3600,1.80327868852
460525,460579,460630,54,51,1,3600,2.05882352941
460525,460585,460636,60,51,1,3600,2.17647058824
460526,460596,460636,70,40,1,3600,2.75
461622,461634,462286,12,652,1,25200,1.01840490798
461622,461639,461642,17,3,1,25200,2.0
461622,461628,461805,6,177,1,25200,1.03389830508
461623,461646,461647,23,1,1,25200,2.4
461623,461662,463841,39,2179,1,25200,1.0178981184
461624,461717,461718,93,1,1,25200,9.4
461624,461683,461684,59,1,1,25200,6.0
461624,461696,461704,72,8,1,25200,8.0
461625,461730,461732,105,2,1,25200,10.7
461625,461744,461745,119,1,1,25200,12.0
461626,461771,462202,145,431,1,25200,1.33642691415
461626,462215,462216,589,1,1,25200,59.0
461626,461816,462973,190,1157,1,25200,1.16421780467
461627,462241,462242,614,1,1,25200,61.5
461627,462300,462482,673,182,1,25200,4.6978021978
461627,462255,462300,628,45,1,25200,14.9555555556
461628,462676,462769,1048,93,1,25200,12.2688172043
461628,462695,462892,1067,197,1,25200,6.41624365482
461628,462313,462470,685,157,1,25200,5.36305732484
461628,462681,462682,1053,1,1,25200,105.4
461630,462890,463255,1260,365,1,25200,4.45205479452
461630,462905,465638,1275,2733,1,25200,1.46652030735
461630,462986,465294,1356,2308,1,25200,1.58752166378
461631,463375,481854,1744,18479,1,25200,1.09437740137
461631,463854,463855,2223,1,1,25200,222.4
461631,463868,463905,2237,37,1,25200,61.4594594595
461632,465651,465652,4019,1,1,25200,402.0
461632,465308,472131,3676,6823,1,25200,1.53876593874
461632,463918,489159,2286,25241,1,25200,1.09056693475
461633,465913,466453,4280,540,1,25200,8.92592592593
461633,465919,465920,4286,1,1,25200,428.7
461633,465924,482835,4291,16911,1,25200,1.25374016912
461633,465670,474565,4037,8895,1,25200,1.4538504778
461634,465929,465930,4295,1,1,25200,429.6
461634,465940,465941,4306,1,1,25200,430.7
461634,465935,465989,4301,54,1,25200,80.6481481481
461635,465946,465960,4311,14,1,25200,308.928571429
461635,465951,465957,4316,6,1,25200,432.2
461636,465986,484386,4350,18400,1,25200,1.23641304348
461636,465978,465982,4342,4,1,25200,434.6
461637,466004,466126,4367,122,1,25200,36.7950819672
461637,466076,466079,4439,3,1,25200,444.2
461637,466011,466064,4374,53,1,25200,83.5283018868
461638,466185,466196,4547,11,1,25200,414.363636364
461638,466209,467350,4571,1141,1,25200,5.00613496933
461638,466092,466172,4454,80,1,25200,56.675
461638,466139,466454,4501,315,1,25200,15.2888888889
461639,466473,466475,4834,2,1,25200,483.6
461639,466483,469083,4844,2600,1,25200,2.86307692308
461639,466466,466469,4827,3,1,25200,483.0
461640,466523,466559,4883,36,1,25200,136.638888889
461640,466491,466493,4851,2,1,25200,485.3
461640,466506,467481,4866,975,1,25200,5.99076923077
461641,466573,466576,4932,3,1,25200,493.5
461641,466528,466529,4887,1,1,25200,488.8
461641,466542,469603,4901,3061,1,25200,2.60111074812
461642,466625,466788,4983,163,1,25200,31.5705521472
461642,466604,466611,4962,7,1,25200,496.9
461642,466590,466591,4948,1,1,25200,494.9
461643,466815,466959,5172,144,1,25200,36.9166666667
461643,467128,481328,5485,14200,1,25200,1.38626760563
461643,466971,486586,5328,19615,1,25200,1.27162885547
461643,466801,466802,5158,1,1,25200,515.9
461644,467364,467383,5720,19,1,25200,302.052631579
461644,467493,467565,5849,72,1,25200,82.2361111111
461644,467401,468253,5757,852,1,25200,7.75704225352
461645,467593,475202,5948,7609,1,25200,1.78170587462
461645,467578,467580,5933,2,1,25200,593.5
461645,468459,468461,6814,2,1,25200,681.6
461645,468474,468557,6829,83,1,25200,83.2771084337
461646,468571,470478,6925,1907,1,25200,4.63135815417
461646,478711,478899,17065,188,1,25200,91.7712765957
461646,478911,479003,17265,92,1,25200,188.663043478
461647,481397,484106,19750,2709,1,25200,8.29051310447
461647,482864,488195,21217,5331,1,25200,4.97992871881
461647,482847,482851,21200,4,1,25200,2120.4
461648,490942,490943,29294,1,1,25200,2929.5
461648,490736,493933,29088,3197,1,25200,10.0985298718
461649,490981,490984,29332,3,1,25200,2933.5
461650,491166,491168,29516,2,1,25200,2951.8
461650,491008,491153,29358,145,1,25200,203.468965517
461651,491192,495524,29541,4332,1,25200,7.81925207756
461651,492883,492884,31232,1,1,25200,3123.3
461651,492888,493038,31237,150,1,25200,209.246666667
461652,493028,493030,31376,2,1,25200,3137.8
461652,492923,493149,31271,226,1,25200,139.367256637
461652,492897,492898,31245,1,1,25200,3124.6
461652,492910,492911,31258,1,1,25200,3125.9
461653,493039,497163,31386,4124,1,25200,8.61057225994
461653,493046,507009,31393,13963,1,25200,3.24829907613
461653,493034,493201,31381,167,1,25200,188.910179641
461654,493053,493120,31399,67,1,25200,469.641791045
461654,493161,493164,31507,3,1,25200,3151.0
461654,493132,493227,31478,95,1,25200,332.347368421
461655,493176,493177,31521,1,1,25200,3152.2
461655,493189,493190,31534,1,1,25200,3153.5
461655,493207,493208,31552,1,1,25200,3155.3
461655,493201,493226,31546,25,1,25200,1262.84
461656,493219,493221,31563,2,1,25200,3156.5
461656,493226,493227,31570,1,1,25200,3157.1
461656,493212,499489,31556,6277,1,25200,6.02724231321
461657,493247,518487,31590,25240,1,25200,2.25158478605
461657,493241,493242,31584,1,1,25200,3158.5
461657,493233,500181,31576,6948,1,25200,5.54461715602
461658,493890,493891,32232,1,1,25200,3223.3
461658,493252,496472,31594,3220,1,25200,10.8118012422
461658,493874,493878,32216,4,1,25200,3222.0
461659,493259,493414,31600,155,1,25200,204.870967742
461659,493426,493862,31767,436,1,25200,73.8600917431
461660,495371,495372,33711,1,1,25200,3371.2
461660,494913,494914,33253,1,1,25200,3325.4
461660,495229,496310,33569,1081,1,25200,32.0536540241
461661,493959,496886,32298,2927,1,25200,12.0345063205
461661,493945,493947,32284,2,1,25200,3228.6
461661,493916,494037,32255,121,1,25200,267.570247934
461662,494892,494893,33230,1,1,25200,3323.1
461662,494906,494977,33244,71,1,25200,469.225352113
461662,494926,494997,33264,71,1,25200,469.507042254
461662,494050,495217,32388,1167,1,25200,28.7532133676
461663,495010,499570,33347,4560,1,25200,8.31293859649
461663,494990,495359,33327,369,1,25200,91.3170731707
461663,495384,508441,33721,13057,1,25200,3.58259937198
461664,495562,496220,33898,658,1,25200,52.5167173252
461664,495537,495550,33873,13,1,25200,2606.61538462
461664,496233,497358,34569,1125,1,25200,31.728
461665,496337,496338,34672,1,1,25200,3467.3
461665,496322,496324,34657,2,1,25200,3465.9
461665,496350,501744,34685,5394,1,25200,7.43029291806
461666,496498,501758,34832,5260,1,25200,7.62205323194
461666,496484,496486,34818,2,1,25200,3482.0
461666,497175,497177,35509,2,1,25200,3551.1
461666,496898,500633,35232,3735,1,25200,10.4329317269
461667,501785,502220,40118,435,1,25200,93.2252873563
461667,497189,497190,35522,1,1,25200,3552.3
461667,497202,497203,35535,1,1,25200,3553.6
461668,497215,497218,35547,3,1,25200,3555.0
461668,499582,499586,37914,4,1,25200,3791.8
461668,499598,501620,37930,2022,1,25200,19.7586547972
461668,497230,503482,35562,6252,1,25200,6.68809980806
461669,501633,504372,39964,2739,1,25200,15.5907265425
461669,502232,502234,40563,2,1,25200,4056.5
461669,501771,501773,40102,2,1,25200,4010.4
461670,504384,504386,42714,2,1,25200,4271.6
461670,502246,521082,40576,18836,1,25200,3.15417286048
461670,531946,538469,70276,6523,1,25200,11.773570443
461670,504402,504403,42732,1,1,25200,4273.3
461671,504415,504416,42744,1,1,25200,4274.5
461671,504441,504455,42770,14,1,25200,3056.0
461672,504495,504496,42823,1,1,25200,4282.4
461672,504481,504483,42809,2,1,25200,4281.1
461672,504509,504585,42837,76,1,25200,564.644736842
461673,506543,506826,44870,283,1,25200,159.551236749
461673,506734,507364,45061,630,1,25200,72.5253968254
461673,504598,514116,42925,9518,1,25200,5.50987602437
461674,507659,507661,45985,2,1,25200,4598.7
461674,506839,507642,45165,803,1,25200,57.2453300125
461674,507377,532598,45703,25221,1,25200,2.81210102692
461675,508482,509217,46807,735,1,25200,64.6829931973
461675,508454,508470,46779,16,1,25200,2924.6875
461675,507673,507674,45998,1,1,25200,4599.9
461675,515072,530177,53397,15105,1,25200,4.53505461768
461676,527495,527529,65819,34,1,25200,1936.85294118
461676,527482,527483,65806,1,1,25200,6580.7
461677,531957,533872,70280,1915,1,25200,37.6997389034
461677,531962,531982,70285,20,1,25200,3515.25
461678,542459,542636,80781,177,1,25200,457.389830508
461678,531973,531974,70295,1,1,25200,7029.6
461678,531984,556907,70306,24923,1,25200,3.82092845966
461679,542648,542649,80969,1,1,25200,8097.0
461679,542662,542830,80983,168,1,25200,483.041666667
461679,542842,542844,81163,2,1,25200,8116.5
461680,531989,534607,70309,2618,1,25200,27.8559969442
461680,541402,557327,79722,15925,1,25200,6.00609105181
461680,541688,542433,80008,745,1,25200,108.393288591
461681,542355,543656,80674,1301,1,25200,63.0092236741
461681,542445,542447,80764,2,1,25200,8076.6
461681,543631,546224,81950,2593,1,25200,32.6043193212
461681,542856,551466,81175,8610,1,25200,10.4279907085
461682,543589,568834,81907,25245,1,25200,4.24448405625
461682,543583,543584,81901,1,1,25200,8190.2
461682,543669,568899,81987,25230,1,25200,4.24958382878
461683,543599,543600,81916,1,1,25200,8191.7
461683,543685,543686,82002,1,1,25200,8200.3
461683,543698,550958,82015,7260,1,25200,12.2968319559
461683,543594,568816,81911,25222,1,25200,4.24760130045
461684,543605,543606,81921,1,1,25200,8192.2
461684,543617,543618,81933,1,1,25200,8193.4
461684,543612,543738,81928,126,1,25200,651.222222222
461685,544266,544823,82581,557,1,25200,149.26032316
461685,544253,544254,82568,1,1,25200,8256.9
461685,543624,543673,81939,49,1,25200,1673.2244898
461686,546020,546575,84334,555,1,25200,152.953153153
461686,546012,546013,84326,1,1,25200,8432.7
461686,545987,545988,84301,1,1,25200,8430.2
461687,548758,549567,87071,809,1,25200,108.627935723
461687,546027,563168,84340,17141,1,25200,5.92036637302
461687,547506,572734,85819,25228,1,25200,4.40173616616
461688,543750,543768,82062,18,1,25200,4560.0
461688,543853,543855,82165,2,1,25200,8216.7
461688,543780,545414,82092,1634,1,25200,51.2399020808
461689,543859,544212,82170,353,1,25200,233.776203966
461689,543868,569080,82179,25212,1,25200,4.25951927653
461689,543873,543915,82184,42,1,25200,1957.76190476
461689,543879,543880,82190,1,1,25200,8219.1
461690,544225,544228,82535,3,1,25200,8253.8
461690,543892,554689,82202,10797,1,25200,8.61341113272
461690,543928,544971,82238,1043,1,25200,79.8475551294
461691,544836,545959,83145,1123,1,25200,75.0382902939
461691,544240,544241,82549,1,1,25200,8255.0
461691,544984,544995,83293,11,1,25200,7573.09090909
461692,545427,570654,83735,25227,1,25200,4.31926110913
461692,545007,570247,83315,25240,1,25200,4.30091125198
461692,545972,545974,84280,2,1,25200,8428.2
461693,546236,551166,84543,4930,1,25200,18.1486815416
461693,546610,547494,84917,884,1,25200,97.0599547511
461693,546588,546598,84895,10,1,25200,8490.5
461693,548764,548765,87071,1,1,25200,8707.2
461694,548769,549463,87075,694,1,25200,126.468299712
461694,548842,548845,87148,3,1,25200,8715.1
461695,548857,548945,87162,88,1,25200,991.477272727
461695,548958,548960,87263,2,1,25200,8726.5
461695,548864,554762,87169,5898,1,25200,15.7794167514
461696,548999,574213,87303,25214,1,25200,4.46248116126
461696,550970,550972,89274,2,1,25200,8927.6
461697,551189,551191,89492,2,1,25200,8949.4
461697,550984,570555,89287,19571,1,25200,5.56220939145
461697,551183,552497,89486,1314,1,25200,69.101978691
461698,552382,553847,90684,1465,1,25200,62.9003412969
461698,554526,557394,92828,2868,1,25200,33.3668061367
461698,551688,552059,89990,371,1,25200,243.5606469
461699,552509,552512,90810,3,1,25200,9081.3
461699,553531,553563,91832,32,1,25200,2870.75
461699,552524,558892,90825,6368,1,25200,15.2627198492
461699,554702,554711,93003,9,1,25200,9301.2
461700,554724,554768,93024,44,1,25200,2115.18181818
461700,553860,554923,92160,1063,1,25200,87.6980244591
461700,553945,553946,92245,1,1,25200,9224.6
461701,554782,555068,93081,286,1,25200,326.458041958
461701,554775,559100,93074,4325,1,25200,22.52
461701,555120,556084,93419,964,1,25200,97.9076763485
461702,555721,558617,94019,2896,1,25200,33.4651243094
461702,554935,554938,93233,3,1,25200,9323.6
461702,554950,554951,93248,1,1,25200,9324.9
461702,556097,556210,94395,113,1,25200,836.353982301
461703,554963,556420,93260,1457,1,25200,65.0082361016
461703,555081,555082,93378,1,1,25200,9337.9
461704,555264,574586,93560,19322,1,25200,5.84214884588
461704,555107,555108,93403,1,1,25200,9340.4
461704,555094,555095,93390,1,1,25200,9339.1
461705,555344,555477,93639,133,1,25200,705.052631579
461705,556436,556442,94731,6,1,25200,9473.7
461705,555331,555332,93626,1,1,25200,9362.7
461706,556919,557647,95213,728,1,25200,131.787087912
461706,556455,560315,94749,3860,1,25200,25.546373057
461706,557408,557445,95702,37,1,25200,2587.54054054
461707,557462,557549,95755,87,1,25200,1101.63218391
461707,557570,557571,95863,1,1,25200,9586.4
461707,557448,557709,95741,261,1,25200,367.823754789
461707,557584,558796,95877,1212,1,25200,80.1064356436
461708,557667,558179,95959,512,1,25200,188.419921875
461708,558191,558236,96483,45,1,25200,2145.06666667
461708,557660,568337,95952,10677,1,25200,9.98679404327
461709,558249,582298,96540,24049,1,25200,5.01430412907
461709,558808,558810,97099,2,1,25200,9710.1
461709,558629,560642,96920,2013,1,25200,49.1470442126
461710,558822,561571,97112,2749,1,25200,36.3263004729
461710,558904,558908,97194,4,1,25200,9719.8
461710,558917,561994,97207,3077,1,25200,32.5914852129
461710,561010,561042,99300,32,1,25200,3104.125
461711,560332,561562,98621,1230,1,25200,81.1796747967
461711,559898,563826,98187,3928,1,25200,25.9966904277
461711,559860,559885,98149,25,1,25200,3926.96
461712,560655,560657,98943,2,1,25200,9894.5
461712,560670,560671,98958,1,1,25200,9895.9
461712,560683,560684,98971,1,1,25200,9897.2
461713,560812,560813,99099,1,1,25200,9910.0
461713,560936,560937,99223,1,1,25200,9922.4
461713,560696,560924,98983,228,1,25200,435.135964912
461714,563659,563797,101945,138,1,25200,739.731884058
461714,560949,560998,99235,49,1,25200,2026.20408163
461714,563679,563828,101965,149,1,25200,685.32885906
461715,561961,562515,100246,554,1,25200,181.949458484
461715,561584,562516,99869,932,1,25200,108.155579399
461715,561769,587000,100054,25231,1,25200,4.96551860806
461715,561756,563811,100041,2055,1,25200,49.6817518248
461716,562027,566266,100311,4239,1,25200,24.6638358103
461716,562007,562015,100291,8,1,25200,10029.9
461716,562527,562571,100811,44,1,25200,2292.15909091
461717,562583,562584,100866,1,1,25200,10086.7
461717,562534,562844,100817,310,1,25200,326.216129032
461717,562597,572149,100880,9552,1,25200,11.5611390285
461718,563196,563975,101478,779,1,25200,131.267008986
461718,563648,563661,101930,13,1,25200,7841.76923077
461718,563181,563183,101463,2,1,25200,10146.5
461718,562856,588097,101138,25241,1,25200,5.00689354621
461719,564209,569300,102490,5091,1,25200,21.1316047928
461719,563810,589012,102091,25202,1,25200,5.05090865804
461719,563823,589065,102104,25242,1,25200,5.04500435782
461720,563988,566554,102268,2566,1,25200,40.8550272798
461720,563839,564133,102119,294,1,25200,348.343537415
461720,563846,589081,102126,25235,1,25200,5.04699821676
461721,565347,565386,103626,39,1,25200,2658.07692308
461721,564597,564598,102876,1,1,25200,10287.7
461721,565250,590457,103529,25207,1,25200,5.10715277502
461721,564145,564196,102424,51,1,25200,2009.31372549
461722,564608,565434,102886,826,1,25200,125.559322034
461722,564603,565026,102881,423,1,25200,244.21749409
461722,565561,565742,103839,181,1,25200,574.696132597
461723,564626,564631,102903,5,1,25200,10290.8
461723,564613,564614,102890,1,1,25200,10289.1
461723,564621,565335,102898,714,1,25200,145.114845938
461724,564646,572749,102922,8103,1,25200,13.701715414
461724,564632,564663,102908,31,1,25200,3320.61290323
461724,564677,570853,102953,6176,1,25200,17.6698510363
461724,564639,589865,102915,25226,1,25200,5.07971933719
461725,565015,590236,103290,25221,1,25200,5.09539669323
461725,564946,590185,103221,25239,1,25200,5.08974206585
461725,564952,567209,103227,2257,1,25200,46.73637572
461726,565039,565040,103313,1,1,25200,10331.4
461726,565020,574066,103294,9046,1,25200,12.4187486182
461726,565052,565100,103326,48,1,25200,2153.625
461727,565112,568970,103385,3858,1,25200,27.7975635044
461727,565202,565203,103475,1,1,25200,10347.6
461727,565197,565198,103470,1,1,25200,10347.1
461728,565224,565225,103496,1,1,25200,10349.7
461728,565237,565238,103509,1,1,25200,10351.0
461728,565540,565541,103812,1,1,25200,10381.3
461729,565551,576336,103822,10785,1,25200,10.6265183125
461729,565545,571459,103816,5914,1,25200,18.5542779844
461729,565556,565559,103827,3,1,25200,10383.0
461730,565567,565925,103837,358,1,25200,291.047486034
461730,565572,565575,103842,3,1,25200,10384.5
461731,565587,565724,103856,137,1,25200,759.072992701
461731,565592,566799,103861,1207,1,25200,87.0488815244
461731,565611,565656,103880,45,1,25200,2309.44444444
461731,565598,565599,103867,1,1,25200,10386.8
461732,565772,590999,104040,25227,1,25200,5.12415269354
461732,565668,570607,103936,4939,1,25200,22.0439360194
461732,565750,586951,104018,21201,1,25200,5.90627800575
461733,565757,565760,104024,3,1,25200,10402.7
461733,567221,571172,105488,3951,1,25200,27.6990635282
461733,565938,591178,104205,25240,1,25200,5.12856576862
461733,566045,591270,104312,25225,1,25200,5.13526263627
461734,566050,566762,104316,712,1,25200,147.511235955
461734,566278,566281,104544,3,1,25200,10454.7
461734,566294,566532,104560,238,1,25200,440.327731092
461735,566566,566878,104831,312,1,25200,336.996794872
461735,566774,566776,105039,2,1,25200,10504.1
461735,566544,573958,104809,7414,1,25200,15.1366333963
461736,566812,592041,105076,25229,1,25200,5.16488961116
461736,566891,566893,105155,2,1,25200,10515.7
461736,566788,573836,105052,7048,1,25200,15.9052213394
461736,566906,570831,105170,3925,1,25200,27.7949044586
461737,569313,569466,107576,153,1,25200,704.111111111
461737,569094,571309,107357,2215,1,25200,49.4681715576
461737,570261,570264,108524,3,1,25200,10852.7
461738,569803,595024,108065,25221,1,25200,5.28472304825
461738,569809,575848,108071,6039,1,25200,18.8955125021
461738,570276,570277,108538,1,1,25200,10853.9
461739,570881,571337,109142,456,1,25200,240.346491228
461739,570866,570869,109127,3,1,25200,10913.0
461740,571629,571798,109889,169,1,25200,651.230769231
461740,571321,571752,109581,431,1,25200,255.248259861
461740,571405,571408,109665,3,1,25200,10966.8
461740,575302,591323,113562,16021,1,25200,8.08832157793
461741,571521,575826,109780,4305,1,25200,26.5005807201
461741,572161,597408,110420,25247,1,25200,5.37358894126
461741,571461,571618,109720,157,1,25200,699.853503185
461742,573898,573901,112156,3,1,25200,11215.9
461742,573903,591864,112161,17961,1,25200,7.24469684316
461742,575307,575309,113565,2,1,25200,11356.7
461742,575841,575844,114099,3,1,25200,11410.2
461743,573972,574634,112229,662,1,25200,170.53021148
461743,573915,575243,112172,1328,1,25200,85.4668674699
461743,574079,574168,112336,89,1,25200,1263.20224719
461744,574233,575829,112489,1596,1,25200,71.4818295739
461744,574223,577389,112479,3166,1,25200,36.5271636134
461744,574204,574209,112460,5,1,25200,11246.5
461744,574189,574190,112445,1,1,25200,11244.6
461745,574602,574817,112857,215,1,25200,525.91627907
461745,574831,600040,113086,25209,1,25200,5.48593756198
461745,574647,577555,112902,2908,1,25200,39.8246217331
461746,575317,575331,113571,14,1,25200,8113.21428571
461746,575291,575294,113545,3,1,25200,11354.8
461746,575256,580174,113510,4918,1,25200,24.0805205368
461746,575296,589171,113550,13875,1,25200,9.18378378378
461747,575345,576753,113598,1408,1,25200,81.6803977273
461747,575327,587408,113580,12081,1,25200,10.4015396076
461747,575851,576375,114104,524,1,25200,218.755725191
461748,575868,601085,114120,25217,1,25200,5.52551849942
461748,576351,581019,114603,4668,1,25200,25.5507712082
461748,575860,577147,114112,1287,1,25200,89.6651126651
461748,576390,576393,114642,3,1,25200,11464.5
461749,576407,591668,114658,15261,1,25200,8.51313806435
461749,576767,576771,115018,4,1,25200,11502.2
461749,577620,580350,115871,2730,1,25200,43.4435897436
461750,577166,577169,115416,3,1,25200,11541.9
461750,576785,576786,115035,1,1,25200,11503.6
461750,576850,581558,115100,4708,1,25200,25.4477485132
461750,576801,576835,115051,34,1,25200,3384.85294118
461751,577564,577565,115813,1,1,25200,11581.4
461751,577184,599029,115433,21845,1,25200,6.2841840238
461751,577403,577673,115652,270,1,25200,429.340740741
461752,577581,602827,115829,25246,1,25200,5.5880139428
461752,577575,577596,115823,21,1,25200,5516.38095238
461752,577570,577571,115818,1,1,25200,11581.9
461753,577594,581148,115841,3554,1,25200,33.5945413618
461753,577600,577604,115847,4,1,25200,11585.1
461753,577589,577590,115836,1,1,25200,11583.7
461754,577641,578265,115887,624,1,25200,186.716346154
461754,577610,577611,115856,1,1,25200,11585.7
461754,577625,577628,115871,3,1,25200,11587.4
461755,577663,602881,115908,25218,1,25200,5.59624078039
461755,577652,577653,115897,1,1,25200,11589.8
461755,577647,577662,115892,15,1,25200,7727.13333333
461755,577658,579174,115903,1516,1,25200,77.4531662269
461756,577685,577911,115929,226,1,25200,513.960176991
461756,577668,577670,115912,2,1,25200,11591.4
461756,577679,577865,115923,186,1,25200,624.241935484
461756,577674,602920,115918,25246,1,25200,5.59153925374
461757,577889,577890,116132,1,1,25200,11613.3
461757,577700,577702,115943,2,1,25200,11594.5
461757,577695,577696,115938,1,1,25200,11593.9
461758,577727,586252,115969,8525,1,25200,14.6034017595
461758,577717,577934,115959,217,1,25200,535.373271889
461758,577711,589776,115953,12065,1,25200,10.6106920845
461758,577706,581833,115948,4127,1,25200,29.0949842501
461759,577738,602947,115979,25209,1,25200,5.60069816335
461759,577732,577898,115973,166,1,25200,699.63253012
461759,577743,587045,115984,9302,1,25200,13.4687164051
461760,577748,577749,115988,1,1,25200,11598.9
461760,577763,577764,116003,1,1,25200,11600.4
461760,577754,577854,115994,100,1,25200,1160.94
461760,577778,585551,116018,7773,1,25200,15.9257686865
461761,578156,578253,116395,97,1,25200,1200.94845361
461761,577880,577881,116119,1,1,25200,11612.0
461761,577870,577871,116109,1,1,25200,11611.0
461762,577899,603145,116137,25246,1,25200,5.60021389527
461762,577919,578222,116157,303,1,25200,384.356435644
461762,577908,585646,116146,7738,1,25200,16.0098216593
461762,578173,578174,116411,1,1,25200,11641.2
461763,577946,577947,116183,1,1,25200,11618.4
461763,577957,577969,116194,12,1,25200,9683.83333333
461763,577927,577931,116164,4,1,25200,11616.8
461764,577986,578017,116222,31,1,25200,3750.09677419
461764,578031,580630,116267,2599,1,25200,45.7352828011
461764,577966,580354,116202,2388,1,25200,49.6608040201
461765,578057,578079,116292,22,1,25200,5287.0
461765,578097,579203,116332,1106,1,25200,106.182640145
461765,578063,597469,116298,19406,1,25200,6.99288879728
461766,578161,578210,116395,49,1,25200,2376.40816327
461766,578184,583860,116418,5676,1,25200,21.5105708245
461766,578167,578931,116401,764,1,25200,153.357329843
461766,578150,578151,116384,1,1,25200,11638.5
461767,578228,603447,116461,25219,1,25200,5.6179864388
461767,578239,578251,116472,12,1,25200,9707.0
461767,578194,578240,116427,46,1,25200,2532.02173913
461768,578268,578276,116500,8,1,25200,11650.8
461768,578257,579319,116489,1062,1,25200,110.688323917
461769,578278,578330,116509,52,1,25200,2241.55769231
461769,578288,603494,116519,25206,1,25200,5.62266920574
461769,578299,595950,116530,17651,1,25200,7.60189224407
461769,578508,578509,116739,1,1,25200,11674.0
461770,578457,578459,116687,2,1,25200,11668.9
461770,578361,579478,116591,1117,1,25200,105.378692927
461770,578463,578521,116693,58,1,25200,2012.94827586
461771,578514,578515,116743,1,1,25200,11674.4
461771,578473,578475,116702,2,1,25200,11670.4
461771,578483,578484,116712,1,1,25200,11671.3
461771,578468,603700,116697,25232,1,25200,5.62496036779
461772,578519,578521,116747,2,1,25200,11674.9
461772,578492,578524,116720,32,1,25200,3648.5
461773,578538,603784,116765,25246,1,25200,5.62508912303
461773,578532,581094,116759,2562,1,25200,46.5733801717
461773,578560,580355,116787,1795,1,25200,66.0623955432
461774,578604,603840,116830,25236,1,25200,5.62949754319
461774,578555,579524,116781,969,1,25200,121.517027864
461774,578545,578553,116771,8,1,25200,11677.9
461775,578620,603866,116845,25246,1,25200,5.62825794185
461775,578609,583148,116834,4539,1,25200,26.7400308438
461775,578615,588870,116840,10255,1,25200,12.3934666017
461775,578974,589360,117199,10386,1,25200,12.284325053
461776,578626,579838,116850,1212,1,25200,97.4108910891
461776,578571,578909,116795,338,1,25200,346.547337278
461776,578565,590606,116789,12041,1,25200,10.6992774686
461777,578576,603808,116799,25232,1,25200,5.62900285352
461777,578582,578583,116805,1,1,25200,11680.6
461777,578588,578949,116811,361,1,25200,324.576177285
461778,578631,603861,116853,25230,1,25200,5.63151010702
461778,578593,578594,116815,1,1,25200,11681.6
461778,578642,599302,116864,20660,1,25200,6.65653436592
461778,578599,580209,116821,1610,1,25200,73.5596273292
461779,578653,582367,116874,3714,1,25200,32.4684975767
461779,578648,578649,116869,1,1,25200,11687.0
461780,578964,578972,117184,8,1,25200,11719.2
461780,578926,586894,117146,7968,1,25200,15.7020582329
461780,578663,591027,116883,12364,1,25200,10.4534940149
461780,578945,578960,117165,15,1,25200,7812.0
461781,579218,579238,117437,20,1,25200,5872.85
461781,578988,579597,117207,609,1,25200,193.458128079
461781,579189,588617,117408,9428,1,25200,13.4531183708
461782,579492,603693,117710,24201,1,25200,5.8638486013
461782,579336,581562,117554,2226,1,25200,53.8095238095
461782,579255,604489,117473,25234,1,25200,5.6553459618
461783,580697,588301,118914,7604,1,25200,16.6383482378
461783,579558,602718,117775,23160,1,25200,6.08527633851
461783,579539,579542,117756,3,1,25200,11775.9
461783,580914,582922,119131,2008,1,25200,60.328187251
461784,579652,595232,117868,15580,1,25200,8.56534017972
461784,579613,579618,117829,5,1,25200,11783.4
461785,580193,580202,118408,9,1,25200,11841.7
461785,580218,580219,118433,1,1,25200,11843.4
461785,580229,580245,118444,16,1,25200,7403.75
461785,579854,600998,118069,21144,1,25200,6.58404275445
461786,580241,593046,118455,12805,1,25200,10.2506833268
461786,580262,581260,118476,998,1,25200,119.713426854
461786,580365,580658,118579,293,1,25200,405.706484642
461787,580401,589502,118614,9101,1,25200,14.0330732886
461787,580375,602350,118588,21975,1,25200,6.3964960182
461787,580381,580386,118594,5,1,25200,11859.9
461787,580646,580662,118859,16,1,25200,7429.6875
461788,580872,581908,119084,1036,1,25200,115.945945946
461788,580682,580683,118894,1,1,25200,11889.5
461788,580673,583120,118885,2447,1,25200,49.5839803841
461789,580882,580883,119093,1,1,25200,11909.4
461789,580877,585824,119088,4947,1,25200,25.0727713766
461789,580896,583297,119107,2401,1,25200,50.6072469804
461789,580891,584916,119102,4025,1,25200,30.5905590062
461790,580902,582261,119112,1359,1,25200,88.646799117
461790,580990,580995,119200,5,1,25200,11920.5
461790,580995,580996,119205,1,1,25200,11920.6
461791,581022,581980,119231,958,1,25200,125.458246347
461791,581010,581013,119219,3,1,25200,11922.2
461791,581001,581112,119210,111,1,25200,1074.96396396
461792,581045,581052,119253,7,1,25200,11926.0
461792,581027,581058,119235,31,1,25200,3847.29032258
461793,581069,606291,119276,25222,1,25200,5.72904607089
461793,581085,582664,119292,1579,1,25200,76.5490816973
461793,581080,605940,119287,24860,1,25200,5.79835076428
461794,581111,582607,119317,1496,1,25200,80.7573529412
461794,581169,581176,119375,7,1,25200,11938.2
461794,581193,581198,119399,5,1,25200,11940.4
461794,581128,582735,119334,1607,1,25200,75.2588674549
461795,581215,581216,119420,1,1,25200,11942.1
461795,581276,581552,119481,276,1,25200,433.902173913
461795,581231,593734,119436,12503,1,25200,10.552587379
461796,581580,588879,119784,7299,1,25200,17.4110152076
461796,581567,601826,119771,20259,1,25200,6.91198973296
461796,581585,581591,119789,6,1,25200,11979.5
461797,581644,581645,119847,1,1,25200,11984.8
461797,581596,606829,119799,25233,1,25200,5.7477113304
461797,581628,581629,119831,1,1,25200,11983.2
461798,581678,584959,119880,3281,1,25200,37.5376409631
461798,581661,581662,119863,1,1,25200,11986.4
461798,581849,581855,120051,6,1,25200,12005.7
461799,581873,596540,120074,14667,1,25200,9.18667757551
461799,582026,588965,120227,6939,1,25200,18.3262717971
461799,581925,607153,120126,25228,1,25200,5.76161407959
461799,582001,582007,120202,6,1,25200,12020.8
461800,583871,584179,122071,308,1,25200,397.334415584
461800,582130,582136,120330,6,1,25200,12033.6
461800,582135,582136,120335,1,1,25200,12033.6
461801,582173,594226,120372,12053,1,25200,10.9868912304
461801,582158,582159,120357,1,1,25200,12035.8
461801,583882,584892,122081,1010,1,25200,121.872277228
461802,582184,607387,120382,25203,1,25200,5.77649486172
461802,582277,607512,120475,25235,1,25200,5.77412324153
461802,582313,582319,120511,6,1,25200,12051.7
461803,582431,583289,120628,858,1,25200,141.592074592
461803,582623,584516,120820,1893,1,25200,64.82461701
461803,582390,582409,120587,19,1,25200,6347.68421053
461803,582334,585232,120531,2898,1,25200,42.5910973085
461804,582752,582759,120948,7,1,25200,12095.5
461804,582775,607998,120971,25223,1,25200,5.79605915236
461804,582683,584214,120879,1531,1,25200,79.9542782495
461805,583159,608405,121354,25246,1,25200,5.80686049275
461805,582938,588027,121133,5089,1,25200,24.8029082334
461805,583137,583143,121332,6,1,25200,12133.8
461806,583172,583787,121366,615,1,25200,198.343089431
461806,583323,583329,121517,6,1,25200,12152.3
461806,583310,583352,121504,42,1,25200,2893.95238095
461806,583346,583347,121540,1,1,25200,12154.1
461807,583397,583398,121590,1,1,25200,12159.1
461807,583367,608367,121560,25000,1,25200,5.8624
461808,583437,583438,121629,1,1,25200,12163.0
461808,584909,593048,123101,8139,1,25200,16.1248310603
461808,583415,583416,121607,1,1,25200,12160.8
461809,585127,585128,123318,1,1,25200,12331.9
461809,583805,583811,121996,6,1,25200,12200.2
461809,583828,583836,122019,8,1,25200,12202.7
461809,583459,583854,121650,395,1,25200,308.974683544
461810,583853,590997,122043,7144,1,25200,18.0832866741
461810,584197,587247,122387,3050,1,25200,41.1268852459
461811,584531,589955,122720,5424,1,25200,23.6253687316
461811,584234,592954,122423,8720,1,25200,15.0393348624
461812,584975,587677,123163,2702,1,25200,46.582161362
461812,584955,585111,123143,156,1,25200,790.378205128
461812,584933,584939,123121,6,1,25200,12312.7
461812,585164,587632,123352,2468,1,25200,50.9805510535
461813,585567,586629,123754,1062,1,25200,117.529190207
461813,585722,585723,123909,1,1,25200,12391.0
461813,585686,585704,123873,18,1,25200,6882.83333333
461814,585581,588209,123767,2628,1,25200,48.0955098935
461814,585739,601523,123925,15784,1,25200,8.85130511911
461814,585663,585669,123849,6,1,25200,12385.5
461814,586973,587257,125159,284,1,25200,441.700704225
461815,585879,606712,124064,20833,1,25200,6.95516728268
461815,585840,585845,124025,5,1,25200,12403.0
461815,585862,585863,124047,1,1,25200,12404.8
461816,586267,588124,124451,1857,1,25200,68.0172320948
461816,586646,601505,124830,14859,1,25200,9.40096910963
461816,586668,592722,124852,6054,1,25200,21.6230591345
461817,587176,587177,125359,1,1,25200,12536.0
461817,587020,587277,125203,257,1,25200,488.171206226
461817,587181,591579,125364,4398,1,25200,29.5047748977
461817,586912,587786,125095,874,1,25200,144.129290618
461818,587133,588140,125315,1007,1,25200,125.443892751
461818,587062,589176,125244,2114,1,25200,60.2450331126
461818,587122,587149,125304,27,1,25200,4641.88888889
461818,587127,587307,125309,180,1,25200,697.161111111
461819,587149,587722,125330,573,1,25200,219.72600349
461819,587144,612353,125325,25209,1,25200,5.97143877187
461819,587138,587139,125319,1,1,25200,12532.0
461820,587163,587164,125343,1,1,25200,12534.4
461820,587158,589824,125338,2666,1,25200,48.0135033758
461820,587192,598915,125372,11723,1,25200,11.6945321164
461821,587216,588092,125395,876,1,25200,144.144977169
461821,587198,587199,125377,1,1,25200,12537.8
461821,587265,589980,125444,2715,1,25200,47.2040515654
461821,587278,592194,125457,4916,1,25200,26.5201383238
461822,587341,592578,125519,5237,1,25200,24.9677296162
461822,587293,589413,125471,2120,1,25200,60.1844339623
461822,587325,587326,125503,1,1,25200,12550.4
461823,587670,595974,125847,8304,1,25200,16.1549855491
461823,587649,587654,125826,5,1,25200,12583.1
461823,587430,604473,125607,17043,1,25200,8.37000528076
461823,587717,587718,125894,1,1,25200,12589.5
461824,588110,588117,126286,7,1,25200,12629.3
461824,587694,587700,125870,6,1,25200,12587.6
461824,588042,613278,126218,25236,1,25200,6.00150578539
461825,587747,590069,125922,2322,1,25200,55.2299741602
461825,587759,588380,125934,621,1,25200,203.792270531
461825,587802,605559,125977,17757,1,25200,8.09449794447
461825,587734,587735,125909,1,1,25200,12591.0
461826,588147,588369,126321,222,1,25200,570.013513514
461826,588122,606092,126296,17970,1,25200,8.02815804118
461826,588133,591539,126307,3406,1,25200,38.0836758661
461827,588382,608906,126555,20524,1,25200,7.16619567336
461827,588437,588438,126610,1,1,25200,12661.1
461827,588451,601196,126624,12745,1,25200,10.9351902707
461827,588159,597193,126332,9034,1,25200,14.984060217
461828,588227,589585,126399,1358,1,25200,94.0773195876
461828,588377,602196,126549,13819,1,25200,10.1576090889
461828,588319,592727,126491,4408,1,25200,29.6957803993
461829,588388,599697,126559,11309,1,25200,12.1909983199
461829,588405,601059,126576,12654,1,25200,11.0028449502
461829,588393,588394,126564,1,1,25200,12656.5
461830,588463,596238,126633,7775,1,25200,17.2872025723
461830,588657,601306,126827,12649,1,25200,11.0266424223
461830,588632,588641,126802,9,1,25200,12681.1
461831,588887,599271,127056,10384,1,25200,13.2357473035
461831,588424,588428,126593,4,1,25200,12659.7
461831,588980,588988,127149,8,1,25200,12715.7
461831,588897,603283,127066,14386,1,25200,9.8326150424
461832,589028,592859,127196,3831,1,25200,34.2017749935
461832,589009,590347,127177,1338,1,25200,96.0500747384
461832,619322,619323,157490,1,1,25200,15749.1
461833,619365,644573,157532,25208,1,25200,7.24928594097
461833,619333,626957,157500,7624,1,25200,21.6584470094
461833,619338,619392,157505,54,1,25200,2917.75925926
461833,619327,619328,157494,1,1,25200,15749.5
461834,619344,643216,157510,23872,1,25200,7.59810656836
461834,619371,619387,157537,16,1,25200,9847.0625
461834,619349,619350,157515,1,1,25200,15751.6
461835,619360,625003,157525,5643,1,25200,28.915116073
461835,619376,621985,157541,2609,1,25200,61.3836719049
461835,619354,619435,157519,81,1,25200,1945.67901235
461836,619387,619388,157551,1,1,25200,15755.2
461836,619415,643725,157579,24310,1,25200,7.48206499383
461836,619392,628804,157556,9412,1,25200,17.7399065023
461836,619382,644604,157546,25222,1,25200,7.24637221473
461837,619404,622789,157567,3385,1,25200,47.5485967504
461837,619398,619401,157561,3,1,25200,15756.4
461837,619420,619423,157583,3,1,25200,15758.6
461838,619480,619481,157642,1,1,25200,15764.3
461838,619501,624642,157663,5141,1,25200,31.6677689166
461838,619425,619428,157587,3,1,25200,15759.0
461838,619409,619435,157571,26,1,25200,6061.42307692
461839,619431,619432,157592,1,1,25200,15759.3
461839,619436,620358,157597,922,1,25200,171.929501085
461839,619442,644645,157603,25203,1,25200,7.25334285601
461840,619447,619449,157607,2,1,25200,15760.9
461840,619485,619486,157645,1,1,25200,15764.6
461841,619528,619529,157687,1,1,25200,15768.8
461841,619496,644728,157655,25232,1,25200,7.24821655041
461841,619490,644729,157649,25239,1,25200,7.2462458893
461842,619523,620784,157681,1261,1,25200,126.044409199
461842,619517,625905,157675,6388,1,25200,25.6829993738
461842,619512,619514,157670,2,1,25200,15767.2
461843,619572,627072,157729,7500,1,25200,22.0305333333
461843,619545,619546,157702,1,1,25200,15770.3
461843,619539,619541,157696,2,1,25200,15769.8
461843,619534,619536,157691,2,1,25200,15769.3
461844,619555,619664,157711,109,1,25200,1447.88990826
461844,619550,620120,157706,570,1,25200,277.677192982
461844,619577,619579,157733,2,1,25200,15773.5
461844,619561,624869,157717,5308,1,25200,30.7130746044
461845,619588,619589,157743,1,1,25200,15774.4
461845,619582,619584,157737,2,1,25200,15773.9
461845,619566,619908,157721,342,1,25200,462.17251462
461846,619599,631664,157753,12065,1,25200,14.0752590137
461846,619610,624447,157764,4837,1,25200,33.6160843498
461846,619604,619606,157758,2,1,25200,15776.0
461846,619593,619595,157747,2,1,25200,15774.9
461847,619626,619629,157779,3,1,25200,15778.2
461847,619620,619769,157773,149,1,25200,1059.87919463
461847,619615,619617,157768,2,1,25200,15777.0
461848,619642,619645,157794,3,1,25200,15779.7
461848,619631,633706,157783,14075,1,25200,12.2101598579
461848,619648,619744,157800,96,1,25200,1644.75
461848,619637,620776,157789,1139,1,25200,139.532923617
461849,619659,619780,157810,121,1,25200,1305.21487603
461849,619653,619654,157804,1,1,25200,15780.5
461849,619664,644910,157815,25246,1,25200,7.25108928147
461850,619675,624502,157825,4827,1,25200,33.6962916926
461850,619707,621391,157857,1684,1,25200,94.7393111639
461850,619680,619683,157830,3,1,25200,15783.3
461850,619669,619670,157819,1,1,25200,15782.0
461851,619686,640050,157835,20364,1,25200,8.75068748772
461851,619691,629381,157840,9690,1,25200,17.2889576883
461851,619696,619697,157845,1,1,25200,15784.6
461852,619702,644906,157850,25204,1,25200,7.26289477861
461852,619718,619721,157866,3,1,25200,15786.9
461852,619713,619733,157861,20,1,25200,7894.05
461852,619724,628269,157872,8545,1,25200,19.4753657109
461853,619729,632299,157876,12570,1,25200,13.5597454256
461853,619794,620468,157941,674,1,25200,235.333827893
461853,619756,619758,157903,2,1,25200,15790.5
461854,619734,621799,157880,2065,1,25200,77.4552058111
461854,619740,621964,157886,2224,1,25200,71.9919064748
461854,619745,621972,157891,2227,1,25200,71.8985181859
461854,619751,619833,157897,82,1,25200,1926.57317073
461855,619762,644995,157907,25233,1,25200,7.25795585146
461855,619800,619803,157945,3,1,25200,15794.8
461855,619805,619809,157950,4,1,25200,15795.4
461856,619767,619770,157911,3,1,25200,15791.4
461856,619772,645008,157916,25236,1,25200,7.25756855286
461857,619783,625421,157926,5638,1,25200,29.0109968074
461857,619778,619779,157921,1,1,25200,15792.2
461857,619810,635292,157953,15482,1,25200,11.2023640357
461857,619789,619858,157932,69,1,25200,2289.86956522
461858,636534,636633,174676,99,1,25200,1765.4040404
461858,619837,619838,157979,1,1,25200,15798.0
461858,619816,623182,157958,3366,1,25200,47.9275103981
461859,619880,619881,158021,1,1,25200,15802.2
461859,619842,619843,157983,1,1,25200,15798.4
461859,619848,631422,157989,11574,1,25200,14.6503369622
461860,619853,627216,157993,7363,1,25200,22.4576938748
461860,619864,619865,158004,1,1,25200,15800.5
461860,619858,641965,157998,22107,1,25200,8.14696702402
461861,619885,626254,158024,6369,1,25200,25.8114303658
461861,619896,619897,158035,1,1,25200,15803.6
461861,619869,619870,158008,1,1,25200,15800.9
461861,619891,619894,158030,3,1,25200,15803.3
461862,619912,620189,158050,277,1,25200,571.577617329
461862,619907,620727,158045,820,1,25200,193.737804878
461862,619902,619904,158040,2,1,25200,15804.2
461863,619923,620489,158060,566,1,25200,280.25795053
461863,619918,619920,158055,2,1,25200,15805.7
461863,619929,621253,158066,1324,1,25200,120.385196375
461863,619934,619935,158071,1,1,25200,15807.2
461864,619950,619951,158086,1,1,25200,15808.7
461864,619956,620567,158092,611,1,25200,259.74304419
461864,619939,619944,158075,5,1,25200,15808.0
461864,619945,619947,158081,2,1,25200,15808.3
461865,619966,645175,158101,25209,1,25200,7.27160934587
461865,619961,645180,158096,25219,1,25200,7.2689242238
461865,619972,621276,158107,1304,1,25200,122.247699387
461866,619977,620386,158111,409,1,25200,387.579462103
461866,619993,619994,158127,1,1,25200,15812.8
461866,619982,626855,158116,6873,1,25200,24.0053833843
461866,619988,619989,158122,1,1,25200,15812.3
461867,620009,620067,158142,58,1,25200,2727.5862069
461867,620004,645250,158137,25246,1,25200,7.26384377723
461868,620015,620026,158147,11,1,25200,14378.0
461868,620020,620021,158152,1,1,25200,15815.3
461868,620039,620040,158171,1,1,25200,15817.2
461869,620055,620576,158186,521,1,25200,304.619961612
461869,620050,620274,158181,224,1,25200,707.165178571
461869,620045,620762,158176,717,1,25200,221.608089261
461870,620071,620072,158201,1,1,25200,15820.2
461870,620066,636175,158196,16109,1,25200,10.8203488733
461870,620077,642666,158207,22589,1,25200,8.00371862411
461871,620082,620083,158211,1,1,25200,15821.2
461871,620100,624609,158229,4509,1,25200,36.0918163673
461871,620088,630671,158217,10583,1,25200,15.9501086648
461871,620105,627051,158234,6946,1,25200,23.7805931471
461872,620286,634510,158414,14224,1,25200,12.1370922385
461872,620132,645336,158260,25204,1,25200,7.27916203777
461872,620202,620397,158330,195,1,25200,812.948717949
461873,620480,630844,158607,10364,1,25200,16.3036472404
461873,620425,645628,158552,25203,1,25200,7.29099710352
461873,620409,620413,158536,4,1,25200,15854.0
461873,620370,621407,158497,1037,1,25200,153.841851495
461874,620502,645727,158628,25225,1,25200,7.28852329039
461874,620774,620779,158900,5,1,25200,15890.5
461874,620739,623466,158865,2727,1,25200,59.2563256326
461875,621266,639612,159391,18346,1,25200,9.68805189142
461875,620799,646029,158924,25230,1,25200,7.29900911613
461875,621420,646624,159545,25204,1,25200,7.33014600857
461876,621812,621914,159936,102,1,25200,1569.0
461876,621939,622319,160063,380,1,25200,422.218421053
461876,621926,621927,160050,1,1,25200,16005.1
461876,621976,647200,160100,25224,1,25200,7.34712971773
461877,621997,622010,160120,13,1,25200,12317.9230769
461877,621985,625019,160108,3034,1,25200,53.7712590639
461877,622026,622027,160149,1,1,25200,16015.0
461878,623478,623483,161600,5,1,25200,16160.5
461878,622802,623675,160924,873,1,25200,185.334478809
461878,622040,632109,160162,10069,1,25200,16.9064455259
461878,622331,647570,160453,25239,1,25200,7.35734379334
461879,623496,648711,161617,25215,1,25200,7.4095578029
461879,623751,623916,161872,165,1,25200,982.042424242
461879,623689,623739,161810,50,1,25200,3237.2
461880,624625,624630,162745,5,1,25200,16275.0
461880,624460,631573,162580,7113,1,25200,23.8567411781
461880,623928,632360,162048,8432,1,25200,20.2182163188
461880,624630,628502,162750,3872,1,25200,43.0325413223
461881,624636,649858,162755,25222,1,25200,7.45289826342
461881,624641,624737,162760,96,1,25200,1696.41666667
461881,624647,626732,162766,2085,1,25200,79.0652278177
461882,624750,628792,162868,4042,1,25200,41.293913904
461882,624654,629325,162772,4671,1,25200,35.8473560265
461882,624882,643493,163000,18611,1,25200,9.75826124335
461883,625015,625021,163132,6,1,25200,16313.8
461883,625433,625439,163550,6,1,25200,16355.6
461883,625034,625546,163151,512,1,25200,319.654296875
461883,625451,650663,163568,25212,1,25200,7.48770426781
461884,625917,625943,164033,26,1,25200,6309.96153846
461884,625955,625956,164071,1,1,25200,16407.2
461884,625558,628954,163674,3396,1,25200,49.1961130742
461885,626268,629810,164383,3542,1,25200,47.4096555618
461885,626745,626750,164860,5,1,25200,16486.5
461885,625969,627271,164084,1302,1,25200,127.024577573
461886,626763,634309,164877,7546,1,25200,22.8495891863
461886,626836,629898,164950,3062,1,25200,54.870019595
461886,626830,626831,164944,1,1,25200,16494.5
461887,626970,628551,165083,1581,1,25200,105.416824794
461887,627101,652332,165214,25231,1,25200,7.5480559629
461887,627066,640333,165179,13267,1,25200,13.4503655687
461887,627085,627088,165198,3,1,25200,16520.1
461888,627229,652444,165341,25215,1,25200,7.55724767004
461888,627285,652512,165397,25227,1,25200,7.55634835692
461888,628565,635746,166677,7181,1,25200,24.2108341457
461889,628570,630223,166681,1653,1,25200,101.835450696
461889,628586,641971,166697,13385,1,25200,13.4540156892
461889,628581,628585,166692,4,1,25200,16669.6
461889,628576,629781,166687,1205,1,25200,139.329460581
461890,629338,629341,167448,3,1,25200,16745.1
461890,628967,641309,167077,12342,1,25200,14.5372711068
461890,628818,654033,166928,25215,1,25200,7.62018639699
461891,629722,629727,167831,5,1,25200,16783.6
461891,629793,642655,167902,12862,1,25200,14.0541128907
461891,629697,632256,167806,2559,1,25200,66.5748339195
461891,629355,629683,167464,328,1,25200,511.56097561
461892,630096,633688,168204,3592,1,25200,47.8273942094
461892,630090,631109,168198,1019,1,25200,166.061825319
461892,629823,655031,167931,25208,1,25200,7.66181370993
461893,630434,630438,168541,4,1,25200,16854.5
461893,630439,655662,168546,25223,1,25200,7.68223446854
461893,630355,630359,168462,4,1,25200,16846.6
461894,631122,631126,169228,4,1,25200,16923.2
461894,631220,631221,169326,1,1,25200,16932.7
461894,630831,633655,168937,2824,1,25200,60.8218838527
461894,631138,644541,169244,13403,1,25200,13.6273222413
461895,631435,631439,169540,4,1,25200,16954.4
461895,631452,631488,169557,36,1,25200,4710.91666667
461895,631502,631503,169607,1,1,25200,16960.8
461896,631588,637601,169692,6013,1,25200,29.2208548146
461896,631741,631759,169845,18,1,25200,9436.83333333
461896,631517,631923,169621,406,1,25200,418.785714286
461896,631677,656923,169781,25246,1,25200,7.72506535689
461897,631936,631987,170039,51,1,25200,3335.09803922
461897,632001,657247,170104,25246,1,25200,7.73785946289
461897,634323,635646,172426,1323,1,25200,131.329554044
461898,635659,635662,173761,3,1,25200,17376.4
461898,635640,636010,173742,370,1,25200,470.572972973
461898,635324,660569,173426,25245,1,25200,7.8697167756
461898,635305,635312,173407,7,1,25200,17341.4
461899,635676,643441,173777,7765,1,25200,23.3795235029
461899,636025,636084,174126,59,1,25200,2952.28813559
461899,636103,653082,174204,16979,1,25200,11.259968196
461900,636443,641793,174543,5350,1,25200,33.6248598131
461900,636432,637298,174532,866,1,25200,202.538106236
461900,636437,656777,174537,20340,1,25200,9.58097345133
461900,636448,660636,174548,24188,1,25200,8.21630560609
461901,636459,638143,174558,1684,1,25200,104.656769596
461901,636464,647630,174563,11166,1,25200,16.6334408024
461901,636453,636540,174552,87,1,25200,2007.34482759
461902,636480,642976,174578,6496,1,25200,27.8746921182
461902,636475,640097,174573,3622,1,25200,49.1979569299
461902,636470,638210,174568,1740,1,25200,101.326436782
461903,636491,661737,174588,25246,1,25200,7.9154717579
461903,636497,639866,174594,3369,1,25200,52.8236865539
461903,636486,638404,174583,1918,1,25200,92.0234619395
461903,636540,637581,174637,1041,1,25200,168.758885687
461904,636513,636868,174609,355,1,25200,492.856338028
461904,636502,636513,174598,11,1,25200,15873.5454545
461904,636507,656186,174603,19679,1,25200,9.87255449972
461905,636529,650716,174624,14187,1,25200,13.3087333474
461905,636523,636525,174618,2,1,25200,17462.0
461905,636518,656006,174613,19488,1,25200,9.96002668309
461906,636564,642098,174658,5534,1,25200,32.5608962776
461906,636556,639471,174650,2915,1,25200,60.9142367067
461906,636545,636550,174639,5,1,25200,17464.4
461906,636550,636816,174644,266,1,25200,657.556390977
462416,462423,462663,7,240,1,3600,1.02916666667
462416,462429,462663,13,234,1,3600,1.05555555556
462417,462437,462663,20,226,1,3600,1.08849557522
462417,462442,462663,25,221,1,3600,1.11312217195
462417,462448,462663,31,215,1,3600,1.14418604651
462418,462482,462663,64,181,1,3600,1.35359116022
462418,462495,462663,77,168,1,3600,1.45833333333
462698,462705,462716,7,11,1,3600,1.63636363636
462698,462710,462721,12,11,1,3600,2.09090909091
462699,462719,462739,20,20,1,3600,2.0
462699,462729,462750,30,21,1,3600,2.42857142857
462699,462724,462745,25,21,1,3600,2.19047619048
462700,462743,462777,43,34,1,3600,2.26470588235
462700,462738,462769,38,31,1,3600,2.22580645161
462701,462755,462785,54,30,1,3600,2.8
462701,462781,462822,80,41,1,3600,2.9512195122
462701,462768,462799,67,31,1,3600,3.16129032258
462701,462763,462793,62,30,1,3600,3.06666666667
462702,462786,462837,84,51,1,3600,2.64705882353
463043,465902,473168,2859,7266,4,7200,1.39347646573
463183,463190,463261,7,71,1,3600,1.0985915493
463184,463195,463276,11,81,1,3600,1.13580246914
463184,463201,463281,17,80,1,3600,1.2125
463184,463208,463289,24,81,1,3600,1.2962962963
463184,463213,463294,29,81,1,3600,1.35802469136
463185,463269,463361,84,92,1,3600,1.91304347826
463185,463277,463368,92,91,1,3600,2.01098901099
463185,463289,463369,104,80,1,3600,2.3
463206,465908,466504,2702,596,4,3600,5.53355704698
463600,542344,614382,78744,72038,4,72000,2.09308975818
464056,483751,512702,19695,28951,4,28920,1.68028738213
464343,507686,585565,43343,77879,1,90000,1.5565428421
464810,464816,464827,6,11,1,3600,1.54545454545
464810,464822,464842,12,20,1,3600,1.6
464810,464835,464856,25,21,1,3600,2.19047619048
464810,464830,464850,20,20,1,3600,2.0
464811,464840,464861,29,21,1,3600,2.38095238095
464811,464849,464879,38,30,1,3600,2.26666666667
464812,464857,464877,45,20,1,3600,3.25
464819,560912,580857,96093,19945,6,25200,5.81789922286
464923,509229,541676,44306,32447,1,32400,2.36548833482
464992,464999,465000,7,1,1,3600,1.0
464992,465010,465011,18,1,1,3600,1.9
464993,465028,465029,35,1,1,3600,3.6
465112,465124,465185,12,61,1,3600,1.19672131148
465112,465119,465170,7,51,1,3600,1.13725490196
465113,465183,465243,70,60,1,3600,2.16666666667
465113,465137,465197,24,60,1,3600,1.4
465113,465130,465190,17,60,1,3600,1.28333333333
465113,465142,465203,29,61,1,3600,1.47540983607
465114,465206,465266,92,60,1,3600,2.53333333333
465114,465198,465258,84,60,1,3600,2.4
465407,465425,465446,18,21,1,3600,1.85714285714
465407,465420,465440,13,20,1,3600,1.65
465407,465415,465425,8,10,1,3600,1.8
465408,465432,465453,24,21,1,3600,2.14285714286
465408,465446,465476,38,30,1,3600,2.26666666667
465408,465438,465458,30,20,1,3600,2.5
465409,465454,465474,45,20,1,3600,3.25
465654,527541,700380,61887,172839,1,172800,1.35806154861
465666,465892,466636,226,744,8,12000,1.30376344086
465667,465897,466642,230,745,8,12000,1.30872483221
465897,465959,466706,62,747,8,12000,1.08299866131
465933,470124,475008,4191,4884,4,7200,1.85810810811
466236,466517,470148,281,3631,2,3600,1.07738914899
466299,468266,471580,1967,3314,1,18000,1.59354254677
466330,470158,478489,3828,8331,2,18000,1.45948865682
466371,468454,478393,2083,9939,4,18000,1.20957842841
466438,466649,467382,211,733,8,12000,1.28785811733
466645,466658,467390,13,732,8,12000,1.01775956284
466646,466719,467444,73,725,8,12000,1.10068965517
467170,467396,468140,226,744,8,12000,1.30376344086
467388,467410,468158,22,748,8,12000,1.02941176471
467400,467457,468184,57,727,8,12000,1.07840440165
467961,468157,468904,196,747,8,12000,1.26238286479
468147,468171,468911,24,740,8,12000,1.03243243243
468159,468197,468921,38,724,8,12000,1.05248618785
468192,468918,469644,726,726,8,12000,2.0
468392,470696,470697,2304,1,4,1800,230.5
468667,469097,490724,430,21627,1,21600,1.01988255421
468700,468926,469664,226,738,8,12000,1.30623306233
468746,469734,473366,988,3632,2,3600,1.27202643172
468816,471158,471191,2342,33,10,3600,71.9696969697
468924,468933,469674,9,741,8,12000,1.01214574899
468925,469657,470409,732,752,8,12000,1.97340425532
469420,469677,470404,257,727,8,12000,1.35350756534
469655,469688,470433,33,745,8,12000,1.04429530201
469677,469728,470472,51,744,8,12000,1.0685483871
469690,470417,471143,727,726,8,12000,2.00137741047
470212,470493,481439,281,10946,2,18000,1.02567147817
470213,470425,471185,212,760,8,12000,1.27894736842
470387,470395,470396,8,1,1,3600,1.0
470419,470449,471203,30,754,8,12000,1.03978779841
470427,470441,470444,14,3,1,3600,1.7
470431,470485,471236,54,751,8,12000,1.07190412783
470454,471198,471940,744,742,8,12000,2.00269541779
470495,470697,472501,202,1804,1,3600,1.11197339246
470944,471206,471959,262,753,8,12000,1.34794156707
471196,471216,471955,20,739,8,12000,1.02706359946
471208,471249,472003,41,754,8,12000,1.05437665782
471220,471558,472311,338,753,8,12000,1.44887118194
471253,471954,472706,701,752,8,12000,1.93218085106
471487,471495,472111,8,616,1,3600,1.01298701299
471544,471551,471552,7,1,1,3600,1.0
471664,471672,472113,8,441,1,3600,1.01814058957
471690,481449,504005,9759,22556,2,86400,1.43265649938
471731,471969,472724,238,755,8,12000,1.31523178808
471797,486302,497368,14505,11066,2,86400,2.31077173324
471959,471977,472729,18,752,8,12000,1.02393617021
471971,472017,472765,46,748,8,12000,1.0614973262
471983,472324,473091,341,767,8,12000,1.444589309
472017,472423,473199,406,776,8,12000,1.52319587629
472154,472161,472163,7,2,1,3600,1.0
472199,472207,472213,8,6,1,3600,1.4
472286,472294,472296,8,2,4,1800,1.0
472331,472719,473460,388,741,8,12000,1.52361673414
472399,486292,512345,13893,26053,14,43200,1.53325912563
472415,472429,472698,14,269,1,3600,1.05204460967
472474,472736,473476,262,740,8,12000,1.35405405405
472594,472602,472712,8,110,1,3600,1.07272727273
472723,472744,473497,21,753,8,12000,1.02788844622
472735,472777,473547,42,770,8,12000,1.05454545455
472747,473104,473873,357,769,8,12000,1.46423927178
472781,473214,473986,433,772,8,12000,1.56088082902
472834,472841,476464,7,3623,1,3600,1.00193210047
472849,515056,714705,42207,199649,5,604800,1.21140601756
472881,473181,473182,300,1,4,1800,30.1
472921,504017,527470,31096,23453,2,43200,2.32588581418
472928,472935,473116,7,181,1,3600,1.03867403315
473106,473378,474145,272,767,8,12000,1.35462842243
473216,515045,541699,41829,26654,10,57600,2.56933293314
473227,473473,474224,246,751,8,12000,1.327563249
473269,473277,473278,8,1,4,1800,1.0
473378,474757,481988,1379,7231,4,7200,1.19070667957
473466,473489,474251,23,762,8,12000,1.03018372703
473478,473511,474269,33,758,8,12000,1.04353562005
473500,473560,474315,60,755,8,12000,1.07947019868
473555,473886,474627,331,741,8,12000,1.44669365722
473558,474763,474766,1205,3,4,1800,120.8
473880,474001,474743,121,742,8,12000,1.16307277628
474023,474158,474921,135,763,8,12000,1.17693315858
474154,474236,474998,82,762,8,12000,1.10761154856
474231,474264,475009,33,745,8,12000,1.04429530201
474253,474282,475038,29,756,8,12000,1.03835978836
474276,474328,475079,52,751,8,12000,1.06924101198
474320,474640,475414,320,774,8,12000,1.41343669251
474755,474934,475690,179,756,8,12000,1.23677248677
474756,475012,475774,256,762,8,12000,1.33595800525
474940,475022,475794,82,772,8,12000,1.10621761658
475017,475029,475775,12,746,8,12000,1.01608579088
475018,475052,475817,34,765,8,12000,1.04444444444
475041,475092,475857,51,765,8,12000,1.06666666667
475085,475427,476198,342,771,8,12000,1.44357976654
475175,476211,476217,1036,6,8,1800,104.2
475542,475702,476481,160,779,8,12000,1.2053915276
475695,475787,476555,92,768,8,12000,1.11979166667
475783,475795,476549,12,754,8,12000,1.01591511936
475784,475807,476584,23,777,8,12000,1.0296010296
475796,475830,476585,34,755,8,12000,1.04503311258
475819,475870,476629,51,759,8,12000,1.06719367589
475864,476641,477392,777,751,8,12000,2.03462050599
476155,476162,476317,7,155,1,3600,1.04516129032
476197,476477,483728,280,7251,10,7200,1.0386153634
476313,477404,478175,1091,771,8,12000,2.41504539559
476646,476653,477262,7,609,1,3600,1.01149425287
477106,478187,478928,1081,741,8,12000,2.45883940621
477330,477338,477495,8,157,1,3600,1.05095541401
477400,477412,477526,12,114,1,3600,1.10526315789
477613,477620,478190,7,570,1,3600,1.01228070175
477658,477665,478188,7,523,1,3600,1.01338432122
477838,478940,479703,1102,763,8,12000,2.44429882045
478105,486476,522485,8371,36009,16,36000,1.23246966036
478231,478238,478335,7,97,1,3600,1.07216494845
478352,478359,478468,7,109,1,3600,1.06422018349
478621,479333,480102,712,769,8,12000,1.92587776333
478636,478643,478715,7,72,1,3600,1.09722222222
478687,542350,582098,63663,39748,2,54000,2.6016654926
478750,478756,478804,6,48,1,3600,1.125
478847,478854,481363,7,2509,1,3600,1.00278995616
478939,479715,480481,776,766,8,12000,2.01305483029
479071,479078,479082,7,4,4,60,1.1
479141,479148,479150,7,2,4,60,1.0
479351,483762,484123,4411,361,2,3600,13.2188365651
479477,480114,480860,637,746,8,12000,1.85388739946
479720,480421,481190,701,769,8,12000,1.91157347204
479798,484966,484978,5168,12,4,7200,431.666666667
480120,484523,484729,4403,206,4,3600,22.3737864078
480145,483757,483904,3612,147,8,3600,25.5714285714
480200,486297,486411,6097,114,16,3600,54.4824561404
480266,480494,481241,228,747,8,12000,1.30522088353
480295,483921,484510,3626,589,4,3600,7.15619694397
480418,480871,481639,453,768,8,12000,1.58984375
480495,481201,481950,706,749,8,12000,1.94259012016
480748,483746,586652,2998,102906,1,306000,1.02913338386
481051,481253,489481,202,8228,5,28800,1.02455031599
481202,481376,488675,174,7299,5,28800,1.02383888204
481257,481652,489010,395,7358,5,28800,1.05368306605
481285,483916,484321,2631,405,4,7200,7.4962962963
481420,481962,490455,542,8493,5,28800,1.06381726127
481779,481967,489683,188,7716,5,28800,1.02436495594
481789,484333,484954,2544,621,4,3600,5.09661835749
481890,490923,492098,9033,1175,2,18000,8.68765957447
481940,492111,493190,10171,1079,2,18000,10.4263206673
481962,488687,496770,6725,8083,5,28800,1.83199307188
481993,493773,494721,11780,948,4,18000,13.4261603376
482040,494733,512746,12693,18013,4,18000,1.70465774718
482116,500314,500916,18198,602,8,18000,31.2292358804
482154,500928,501389,18774,461,8,18000,41.7245119306
482401,497370,499352,14969,1982,1,18000,8.55247225025
482467,498143,500105,15676,1962,1,18000,8.98980632008
482557,497380,498984,14823,1604,2,18000,10.2412718204
482596,498996,517001,16400,18005,2,18000,1.91085809497
482642,498138,499175,15496,1037,4,18000,15.9431051109
482718,498798,499527,16080,729,4,18000,23.0576131687
483231,483238,483577,7,339,3,300,1.02064896755
483266,484399,484778,1133,379,2,3600,3.98944591029
483298,484741,484977,1443,236,4,3600,7.11440677966
483340,484989,485136,1649,147,8,3600,12.2176870748
483400,485148,485472,1748,324,4,300,6.3950617284
483840,484135,487762,295,3627,2,3600,1.08133443617
485704,485711,486057,7,346,3,300,1.02023121387
485734,485741,486051,7,310,5,300,1.02258064516
485765,500349,500691,14584,342,6,300,43.6432748538
485795,486062,486369,267,307,7,300,1.86970684039
485825,486162,486465,337,303,8,300,2.11221122112
485856,501097,501427,15241,330,9,300,47.1848484848
485886,501736,502039,15850,303,10,300,53.3102310231
485916,502068,502371,16152,303,11,300,54.3069306931
485946,501207,501531,15261,324,12,300,48.1018518519
486590,488409,489814,1819,1405,4,3600,2.29466192171
486618,515040,544363,28422,29323,14,57600,1.96927326672
486763,499188,499196,12425,8,4,7200,1243.3
486827,499209,499214,12382,5,4,7200,1238.7
486829,499226,499231,12397,5,4,7200,1240.2
486831,499243,499247,12412,4,4,7200,1241.6
486943,515051,541378,28108,26327,8,57600,2.06764918145
487123,487774,488082,651,308,3,300,3.11363636364
487153,499539,499880,12386,341,4,300,37.3225806452
487184,499516,499833,12332,317,5,300,39.9022082019
487214,500645,500971,13431,326,6,300,42.1993865031
487244,489839,490155,2595,316,7,300,9.21202531646
487274,501753,502056,14479,303,8,300,48.7854785479
487305,501406,501724,14101,318,9,300,45.3427672956
487335,502383,502686,15048,303,10,300,50.6633663366
487365,502128,502431,14763,303,11,300,49.7227722772
487396,501792,502116,14396,324,12,300,45.4320987654
487567,488094,488397,527,303,3,300,2.73927392739
487598,499892,500193,12294,301,4,300,41.8438538206
487607,515034,587097,27427,72063,16,72000,1.38059753271
487628,500205,500521,12577,316,5,300,40.8006329114
487658,500703,501006,13045,303,6,300,44.0528052805
487689,499845,500148,12156,303,7,300,41.1188118812
487719,502699,503021,14980,322,8,300,47.5217391304
487749,501439,501741,13690,302,9,300,46.3311258278
487779,502443,502746,14664,303,10,300,49.396039604
487810,502369,502714,14559,345,11,300,43.2
487840,502051,502357,14211,306,12,300,47.4411764706
488046,489022,494600,976,5578,5,28800,1.17497310864
488870,489493,497839,623,8346,5,28800,1.07464653726
489357,492872,493011,3515,139,8,300,26.2877697842
489362,489695,496670,333,6975,5,28800,1.04774193548
489438,489446,489798,8,352,2,1800,1.02272727273
489603,490167,498786,564,8619,5,28800,1.06543682562
489774,489826,489827,52,1,4,1800,5.3
489831,500160,500302,10329,142,8,1800,73.7394366197
489862,501543,501646,11681,103,16,3600,114.40776699
489910,528317,528405,38407,88,32,1800,437.443181818
489942,514854,514933,24912,79,64,1800,316.341772152
490028,490172,494879,144,4707,2,21600,1.03059273423
490083,490467,498670,384,8203,5,28800,1.0468121419
490135,499364,499702,9229,338,2,1800,28.3047337278
490171,490918,498126,747,7208,5,28800,1.10363485017
490371,492877,493761,2506,884,4,3600,3.83484162896
490465,491472,499138,1007,7666,5,28800,1.13135924863
490922,492861,501098,1939,8237,5,28800,1.23540123831
491147,499259,499504,8112,245,4,1800,34.1102040816
491178,501018,501194,9840,176,8,1800,56.9090909091
491211,501659,501776,10448,117,16,1800,90.2991452991
491249,530615,530707,39366,92,32,1800,428.891304348
491268,514944,515019,23676,75,64,1800,316.68
491969,492867,501085,898,8218,5,28800,1.10927232903
492334,543578,714704,51244,171126,4,604800,1.29945186588
492861,493023,501482,162,8459,5,28800,1.01915119991
492873,494612,501593,1739,6981,5,28800,1.24910471279
493673,496682,503850,3009,7168,5,28800,1.41978236607
494392,503748,510981,9356,7233,24,7199,2.29351583022
496642,496782,504213,140,7431,5,28800,1.01883999462
496686,497851,504958,1165,7107,5,28800,1.16392289292
497431,498682,505839,1251,7157,5,28800,1.17479390806
497851,499151,506791,1300,7640,5,28800,1.17015706806
499077,501605,509815,2528,8210,5,28800,1.30791717418
501435,503862,511329,2427,7467,5,28800,1.32503013258
502701,502726,503029,25,303,13,300,1.08250825083
502731,502758,503061,27,303,14,300,1.08910891089
502761,503433,503736,672,303,15,300,3.21782178218
502792,503356,503659,564,303,16,300,2.86138613861
502822,503073,503421,251,348,17,300,1.72126436782
502852,503041,503344,189,303,18,300,1.62376237624
503318,504225,511595,907,7370,5,28800,1.12306648575
503863,504970,512111,1107,7141,5,28800,1.15502030528
504409,505850,513645,1441,7795,5,28800,1.18486209108
504975,506803,513688,1828,6885,5,28800,1.26550472041
505203,505210,505212,7,2,2,3540,1.0
506767,509827,517020,3060,7193,5,28800,1.42541359655
507803,507810,508139,7,329,3,300,1.02127659574
507833,507840,508181,7,341,4,300,1.02052785924
507863,507869,508190,6,321,5,300,1.01869158879
507893,509591,509894,1698,303,6,300,6.60396039604
507924,509184,509486,1260,302,7,300,5.17218543046
508058,508065,508384,7,319,3,300,1.02194357367
508088,508193,508496,105,303,4,300,1.34653465347
508118,508151,508454,33,303,5,300,1.10891089109
508179,509236,509579,1057,343,7,300,4.08163265306
508180,508202,508505,22,303,3,300,1.07260726073
508210,508466,508769,256,303,4,300,1.84488448845
508221,508517,508856,296,339,8,300,1.87315634218
508241,508396,508712,155,316,5,300,1.49050632911
508251,508781,508886,530,105,9,300,6.04761904762
508301,509498,509801,1197,303,7,300,4.9504950495
508320,508867,509171,547,304,8,300,2.79934210526
508331,508898,509219,567,321,8,300,2.76635514019
509315,511341,519492,2026,8151,5,28800,1.24855845908
509770,509777,510707,7,930,3,900,1.00752688172
509786,509818,510755,32,937,3,900,1.03415154749
509800,509813,510746,13,933,4,900,1.0139335477
509816,510758,511551,942,793,4,900,2.18789407314
509840,510719,511546,879,827,3,900,2.06287787183
509891,509906,510839,15,933,7,900,1.01607717042
510283,510851,511512,568,661,10,900,1.85930408472
510313,511503,511532,1190,29,11,900,42.0344827586
510343,510993,511491,650,498,12,900,2.30522088353
510355,510998,511512,643,514,12,900,2.25097276265
511259,511607,520410,348,8803,5,28800,1.03953197773
511346,512123,520285,777,8162,5,28800,1.09519725557
511743,513657,522496,1914,8839,5,28800,1.21654033262
511995,512002,512907,7,905,3,900,1.00773480663
512025,512032,512951,7,919,4,900,1.00761697497
512051,512919,513852,868,933,3,900,1.93033226152
512055,521096,522005,9041,909,5,900,10.9460946095
512081,512715,513648,634,933,4,900,1.679528403
512085,513911,514842,1826,931,6,900,2.96133190118
512112,547544,548457,35432,913,5,900,39.8083242059
512116,541396,542332,29280,936,7,900,32.2820512821
512127,513700,521348,1573,7648,5,28800,1.20567468619
512142,549784,550725,37642,941,6,900,41.0021253985
512146,513707,514635,1561,928,8,900,2.68211206897
512172,548837,549772,36665,935,7,900,40.2139037433
512176,546007,546935,33831,928,9,900,37.4558189655
512203,530743,531682,18540,939,8,900,20.7444089457
512207,512432,513363,225,931,10,900,1.24167561762
512233,546947,547880,34714,933,9,900,38.2068595927
512237,512446,513366,209,920,11,900,1.22717391304
512263,513375,514309,1112,934,10,900,2.19057815846
512267,550629,551550,38362,921,12,900,42.6525515744
512293,513382,514311,1089,929,11,900,2.17222820237
512297,512425,513371,128,946,13,900,1.13530655391
512324,568846,569781,56522,935,12,900,61.4513368984
512328,512358,513271,30,913,14,900,1.03285870756
512354,513389,514316,1035,927,13,900,2.11650485437
512358,513283,514216,925,933,15,900,1.99142550911
512384,568398,569339,56014,941,14,900,60.5260361318
512388,551682,552585,39294,903,16,900,44.5149501661
512415,567447,568387,55032,940,15,900,59.5446808511
512419,530731,531650,18312,919,17,900,20.9260065288
512445,554557,555465,42112,908,16,900,47.3788546256
512449,548732,549673,36283,941,18,900,39.5579171095
512465,512963,513899,498,936,3,900,1.53205128205
512475,531662,532595,19187,933,17,900,21.5648445874
512495,512758,513690,263,932,4,900,1.2821888412
512506,565527,566473,53021,946,18,900,57.0475687104
512525,550737,551670,38212,933,5,900,41.9560557342
512556,550036,550982,37480,946,6,900,40.6194503171
512586,551178,552124,38592,946,7,900,41.7949260042
512616,530750,531680,18134,930,8,900,20.4989247312
512646,547892,548825,35246,933,9,900,38.7770632369
512677,545068,545990,32391,922,10,900,36.1312364425
512886,569376,570299,56490,923,11,900,62.2026002167
512917,569351,570283,56434,932,12,900,61.5515021459
512947,542639,543566,29692,927,13,900,33.0302049622
512977,568420,569361,55443,941,14,900,59.9192348565
513008,567475,568409,54467,934,15,900,59.3158458244
513038,566530,567436,53492,906,16,900,60.0419426049
513068,549685,550617,36617,932,17,900,40.2886266094
513099,566524,567464,53425,940,18,900,57.835106383
513177,533550,534477,20373,927,19,900,22.9773462783
513208,522504,523437,9296,933,20,900,10.9635584137
513212,553575,554509,40363,934,19,900,44.2152034261
513238,561751,562687,48513,936,21,900,52.8301282051
513242,563665,564580,50423,915,20,900,56.1071038251
513268,532614,533527,19346,913,22,900,22.1894852136
513272,562705,563635,49433,930,21,900,54.1537634409
513284,564591,565525,51307,934,19,900,55.9325481799
513299,535446,536364,22147,918,23,900,25.1252723312
513302,561763,562690,48461,927,22,900,53.2772384035
513314,564583,565515,51269,932,20,900,56.0096566524
513329,529673,530603,16344,930,24,900,18.5741935484
513333,552598,553519,39265,921,23,900,43.6330076004
513344,563643,564571,50299,928,21,900,55.2015086207
513359,555477,556410,42118,933,25,900,46.142550911
513363,534494,535423,21131,929,24,900,23.7459634015
513375,562698,563630,49323,932,22,900,53.9216738197
513389,556448,557380,43059,932,26,900,47.2006437768
513393,559854,560794,46461,940,25,900,50.4265957447
513405,560819,561745,47414,926,23,900,52.2030237581
513424,558912,559842,45488,930,26,900,49.911827957
513435,560807,561738,47372,931,24,900,51.8829215897
513466,559866,560801,46400,935,25,900,50.6256684492
513496,558924,559855,45428,931,26,900,49.7948442535
513572,553933,555175,40361,1242,27,1200,33.4967793881
513594,556423,557643,42829,1220,27,1200,36.1057377049
513602,557689,558911,44087,1222,28,1200,37.0777414075
513613,557695,558900,44082,1205,27,1200,37.5825726141
513624,549968,551170,36344,1202,28,1200,31.2362728785
513633,547538,548740,33905,1202,29,1200,29.2071547421
513644,552712,553921,39068,1209,28,1200,33.3143093466
513653,515061,523158,1408,8097,5,28800,1.17389156478
513654,555186,556436,41532,1250,29,1200,34.2256
513663,527101,528305,13438,1204,30,1200,12.1611295681
513674,548752,549956,35078,1204,29,1200,30.134551495
513684,542633,543835,28949,1202,30,1200,25.0840266223
513693,523449,524660,9756,1211,31,1200,9.05615194055
513704,543847,545050,30143,1203,30,1200,26.0565253533
513715,524672,525874,10957,1202,31,1200,10.115640599
513724,528419,529655,14695,1236,32,1200,12.8891585761
513734,525886,527089,12152,1203,31,1200,11.1014131338
513745,536376,537582,22631,1206,32,1200,19.7653399668
513754,538852,540059,25098,1207,33,1200,21.7937033969
513765,537595,538840,23830,1245,32,1200,20.140562249
513775,540072,541316,26297,1244,33,1200,22.1390675241
513784,551477,552699,37693,1222,34,1200,31.8453355155
513795,541390,542621,27595,1231,33,1200,23.4167343623
513806,545062,546310,31256,1248,34,1200,26.0448717949
513826,546322,547526,32496,1204,34,1200,27.9900332226
513967,556222,714716,42255,158494,1,259200,1.26660315217
514406,515067,522161,661,7094,5,28800,1.09317733296
515060,517032,524276,1972,7244,5,28800,1.2722252899
515986,519505,527591,3519,8086,5,28800,1.43519663616
517008,517015,517266,7,251,1,3540,1.02788844622
517379,517387,519424,8,2037,1,3540,1.00392734413
517457,517464,517644,7,180,1,3540,1.03888888889
517506,517619,517883,113,264,1,3540,1.42803030303
517557,517657,518142,100,485,1,3540,1.20618556701
517629,517895,518256,266,361,1,3540,1.73684210526
517678,518154,518666,476,512,1,3540,1.9296875
517727,518268,518748,541,480,1,3540,2.12708333333
517776,518500,519014,724,514,1,3540,2.40856031128
517825,518678,519159,853,481,1,3540,2.77338877339
517874,518760,519266,886,506,1,3540,2.75098814229
517955,522017,522549,4062,532,1,3540,8.63533834586
518153,522174,522439,4021,265,1,3540,16.1735849057
518407,522179,522364,3772,185,1,3540,21.3891891892
518586,522499,522617,3913,118,4,3540,34.1610169492
518637,522376,522498,3739,122,1,3540,31.6475409836
519378,520297,527999,919,7702,5,28800,1.11931965723
520226,520422,527961,196,7539,5,28800,1.02599814299
520302,521360,529743,1058,8383,5,28800,1.1262078015
520421,522511,529421,2090,6910,5,28800,1.3024602026
521623,524288,531454,2665,7166,5,28800,1.37189506001
523082,527603,535520,4521,7917,5,28800,1.57104964002
527572,527973,535555,401,7582,5,28800,1.05288841994
527605,528012,534658,407,6646,5,28800,1.06123984351
527970,529434,534640,1464,5206,5,28800,1.28121398386
528475,529755,537158,1280,7403,5,28800,1.17290287721
529435,529668,529681,233,13,8,6000,18.9230769231
529671,530720,530731,1049,11,8,6000,96.3636363636
529876,530725,530738,849,13,8,6000,66.3076923077
530722,531935,531948,1213,13,8,6000,94.3076923077
531931,532608,532621,677,13,8,6000,53.0769230769
532605,533539,533557,934,18,8,6000,52.8888888889
533506,533545,533569,39,24,8,6000,2.625
533540,534489,534511,949,22,8,6000,44.1363636364
534485,534652,534680,167,28,8,6000,6.96428571429
534605,534692,534721,87,29,8,6000,4.0
534660,534733,534762,73,29,8,6000,3.51724137931
534726,534774,534803,48,29,8,6000,2.65517241379
534738,534816,534847,78,31,8,6000,3.51612903226
534782,534860,534891,78,31,8,6000,3.51612903226
534848,534903,534936,55,33,8,6000,2.66666666667
534903,534948,534980,45,32,8,6000,2.40625
534905,534992,535024,87,32,8,6000,3.71875
534960,535036,535067,76,31,8,6000,3.45161290323
535026,535079,535115,53,36,8,6000,2.47222222222
535081,535127,535161,46,34,8,6000,2.35294117647
535082,535173,535206,91,33,8,6000,3.75757575758
535148,535218,535254,70,36,8,6000,2.94444444444
535203,535266,535300,63,34,8,6000,2.85294117647
535269,535312,535348,43,36,8,6000,2.19444444444
535270,535360,535398,90,38,8,6000,3.36842105263
535325,535411,535450,86,39,8,6000,3.20512820513
535391,535436,535476,45,40,8,6000,2.125
535413,535441,535484,28,43,8,6000,1.6511627907
535447,535463,535499,16,36,8,6000,1.44444444444
535448,535511,535550,63,39,8,6000,2.61538461538
535514,535532,535575,18,43,8,6000,1.41860465116
535515,535562,535604,47,42,8,6000,2.11904761905
535537,535569,535616,32,47,8,6000,1.68085106383
535571,535587,535628,16,41,8,6000,1.39024390244
535572,535617,535656,45,39,8,6000,2.15384615385
535584,535628,535669,44,41,8,6000,2.07317073171
535628,535642,535683,14,41,8,6000,1.34146341463
535636,535668,535672,32,4,5,28800,3.6
535648,535681,535686,33,5,5,28800,3.8
535670,535686,535690,16,4,5,28800,2.0
535682,535693,535697,11,4,5,28800,1.5
535694,535706,535711,12,5,5,28800,1.7
535695,535712,535716,17,4,5,28800,2.1
535707,535719,535724,12,5,5,28800,1.7
535708,535725,535729,17,4,5,28800,2.1
535719,535732,535737,13,5,5,28800,1.8
535731,535739,535745,8,6,5,28800,1.4
535732,535744,535750,12,6,5,28800,1.8
535744,535752,535757,8,5,5,28800,1.3
535756,535764,535771,8,7,5,28800,1.5
535757,535770,535776,13,6,5,28800,1.9
535769,535777,535783,8,6,5,28800,1.4
535769,535782,535788,13,6,5,28800,1.9
535781,535789,535797,8,8,5,28800,1.6
535782,535794,535801,12,7,5,28800,1.9
535794,535801,535808,7,7,5,28800,1.4
535795,535807,535814,12,7,5,28800,1.9
535807,535814,535821,7,7,5,28800,1.4
535819,535826,535833,7,7,5,28800,1.4
535820,535831,535842,11,11,5,28800,2.0
535831,535838,535849,7,11,5,28800,1.63636363636
535832,535844,535851,12,7,5,28800,1.9
535844,535851,535858,7,7,5,28800,1.4
535845,535856,535864,11,8,5,28800,1.9
535856,535864,535872,8,8,5,28800,1.6
535857,535869,535877,12,8,5,28800,2.0
535869,535876,535885,7,9,5,28800,1.6
535870,535882,535890,12,8,5,28800,2.0
535881,535889,535897,8,8,5,28800,1.6
535882,535894,535904,12,10,5,28800,2.2
535894,535901,535909,7,8,5,28800,1.5
535895,535906,535915,11,9,5,28800,2.0
535906,535913,535923,7,10,5,28800,1.7
535907,535920,535929,13,9,5,28800,2.2
535919,535926,535935,7,9,5,28800,1.6
535920,535932,535941,12,9,5,28800,2.1
535931,535939,535949,8,10,5,28800,1.8
535932,535945,535954,13,9,5,28800,2.2
535944,535951,535962,7,11,5,28800,1.63636363636
535945,535957,535967,12,10,5,28800,2.2
535957,535964,535974,7,10,5,28800,1.7
535958,535969,535979,11,10,5,28800,2.1
535969,535976,535987,7,11,5,28800,1.63636363636
535970,535983,535993,13,10,5,28800,2.3
535982,535990,536001,8,11,5,28800,1.72727272727
535994,536002,536013,8,11,5,28800,1.72727272727
535995,536007,536018,12,11,5,28800,2.09090909091
536007,536014,536025,7,11,5,28800,1.63636363636
536008,536019,536031,11,12,5,28800,1.91666666667
536019,536027,536039,8,12,5,28800,1.66666666667
536020,536032,536043,12,11,5,28800,2.09090909091
536032,536039,536050,7,11,5,28800,1.63636363636
536033,536046,536058,13,12,5,28800,2.08333333333
536044,536053,536065,9,12,5,28800,1.75
536057,536065,536077,8,12,5,28800,1.66666666667
536058,536070,536086,12,16,5,28800,1.75
536069,536078,536091,9,13,5,28800,1.69230769231
536070,536083,536096,13,13,5,28800,2.0
536082,536091,536103,9,12,5,28800,1.75
536083,536096,536109,13,13,5,28800,2.0
536094,536104,536117,10,13,5,28800,1.76923076923
536095,536109,536123,14,14,5,28800,2.0
536107,536117,536131,10,14,5,28800,1.71428571429
536119,536129,536145,10,16,5,28800,1.625
536120,536134,536148,14,14,5,28800,2.0
536132,536142,536155,10,13,5,28800,1.76923076923
536133,536147,536162,14,15,5,28800,1.93333333333
536144,536154,536168,10,14,5,28800,1.71428571429
536145,536161,536176,16,15,5,28800,2.06666666667
536157,536168,536182,11,14,5,28800,1.78571428571
536158,536173,536188,15,15,5,28800,2.0
536170,536180,536195,10,15,5,28800,1.66666666667
536182,536192,536207,10,15,5,28800,1.66666666667
536183,536197,536213,14,16,5,28800,1.875
536195,536204,536219,9,15,5,28800,1.6
536196,536210,536225,14,15,5,28800,1.93333333333
536207,536217,536233,10,16,5,28800,1.625
536208,536224,536240,16,16,5,28800,2.0
536220,536231,536248,11,17,5,28800,1.64705882353
536221,536236,536252,15,16,5,28800,1.9375
536232,536243,536259,11,16,5,28800,1.6875
536233,536250,536266,17,16,5,28800,2.0625
536245,536257,536273,12,16,5,28800,1.75
536246,536264,536281,18,17,5,28800,2.05882352941
536257,536269,536287,12,18,5,28800,1.66666666667
536269,536276,536294,7,18,5,28800,1.38888888889
536270,536282,536301,12,19,5,28800,1.63157894737
536281,536290,536307,9,17,5,28800,1.52941176471
536282,536297,536316,15,19,5,28800,1.78947368421
536294,536304,536324,10,20,5,28800,1.5
546804,565217,619257,18413,54040,1,54000,1.34072908956
547034,553939,582894,6905,28955,4,28920,1.23847349335
551204,551211,554207,7,2996,2,7200,1.0023364486
551206,551223,554217,17,2994,2,7200,1.00567802271
551209,551234,554256,25,3022,2,7200,1.00827266711
551212,551246,554143,34,2897,2,7200,1.01173627891
551215,551256,554175,41,2919,2,7200,1.01404590613
551217,551267,554411,50,3144,2,7200,1.01590330789
551220,551278,554213,58,2935,2,7200,1.01976149915
551223,551288,554469,65,3181,2,7200,1.02043382584
551226,551299,554116,73,2817,2,7200,1.02591409301
551229,551310,554328,81,3018,2,7200,1.0268389662
551231,551321,554399,90,3078,2,7200,1.02923976608
551234,551331,554224,97,2893,2,7200,1.03352920843
551237,551342,554389,105,3047,2,7200,1.03446012471
551240,551354,554172,114,2818,2,7200,1.04045422285
551243,551365,554290,122,2925,2,7200,1.04170940171
551246,552717,555766,1471,3049,2,7200,1.48245326337
551248,552723,555695,1475,2972,2,7200,1.49629878869
551251,552728,555838,1477,3110,2,7200,1.47491961415
551254,554128,557075,2874,2947,2,7200,1.97522904649
551637,554155,557222,2518,3067,2,14400,1.82099771764
551639,554184,557185,2545,3001,2,14400,1.84805064978
551641,554191,557212,2550,3021,2,14400,1.84409136048
551643,554219,557256,2576,3037,2,14400,1.84820546592
551645,554226,557438,2581,3212,2,14400,1.80354919054
551647,554233,557320,2586,3087,2,14400,1.83770651118
551649,554240,557518,2591,3278,2,14400,1.79042098841
551651,554268,557182,2617,2914,2,14400,1.89807824296
551653,554302,557209,2649,2907,2,14400,1.91124871001
551655,554341,557389,2686,3048,2,14400,1.8812335958
551657,554401,557375,2744,2974,2,14400,1.92266308003
551659,554411,557559,2752,3148,2,14400,1.87420584498
551661,554423,557166,2762,2743,2,14400,2.00692672257
551663,554481,557494,2818,3013,2,14400,1.93528045138
551665,555248,557892,3583,2644,2,14400,2.35514372163
551667,555253,558515,3586,3262,2,14400,2.09932556714
551669,555258,558350,3589,3092,2,14400,2.1607373868
551671,555850,558763,4179,2913,2,14400,2.43460350154
551673,556429,559473,4756,3044,2,14400,2.56241787122
551675,557087,560140,5412,3053,2,14400,2.77268260727
551677,557178,559914,5501,2736,2,14400,3.0105994152
551679,557195,560206,5516,3011,2,14400,2.83194951843
551681,557202,560300,5521,3098,2,14400,2.78211749516
551683,557221,560315,5538,3094,2,14400,2.78991596639
551685,557228,560128,5543,2900,2,14400,2.91137931034
551687,557235,560324,5548,3089,2,14400,2.79605050178
551689,557268,560082,5579,2814,2,14400,2.98258706468
551690,557332,560222,5642,2890,2,14400,2.95224913495
551692,557388,560283,5696,2895,2,14400,2.96753022453
551694,557403,560484,5709,3081,2,14400,2.852969815
551696,557455,560508,5759,3053,2,14400,2.88634130364
553675,554521,554545,846,24,12,210,36.25
553736,557395,557419,3659,24,22,210,153.458333333
553796,566484,566513,12688,29,32,210,438.517241379
553856,557654,557678,3798,24,42,210,159.25
555705,557506,560484,1801,2978,2,14400,1.60476830087
555769,557529,560357,1760,2828,2,14400,1.62234794908
555841,557577,560597,1736,3020,2,14400,1.57483443709
557078,557904,560900,826,2996,2,14400,1.27570093458
557169,558363,561436,1194,3073,2,14400,1.38854539538
557186,558527,561456,1341,2929,2,14400,1.45783543872
557201,558776,561938,1575,3162,2,14400,1.49810246679
557217,559112,562143,1895,3031,2,14400,1.62520620257
557219,559485,562398,2266,2913,2,14400,1.77789220735
557234,559926,562938,2692,3012,2,14400,1.89375830013
557258,560055,563128,2797,3073,2,14400,1.9101854865
557322,560094,563063,2772,2969,2,14400,1.93364769283
557377,560140,563094,2763,2954,2,14400,1.93534190928
557392,560152,563212,2760,3060,2,14400,1.90196078431
557441,560218,563214,2777,2996,2,14400,1.92690253672
557495,560235,563229,2740,2994,2,14400,1.91516366065
557520,560295,563525,2775,3230,2,14400,1.85913312693
557563,560312,563375,2749,3063,2,14400,1.89748612471
557895,560327,563205,2432,2878,2,14400,1.84503127172
558354,560339,563185,1985,2846,2,14400,1.69747013352
558517,560369,563193,1852,2824,2,14400,1.65580736544
558767,560496,563509,1729,3013,2,14400,1.57384666445
559475,560501,563514,1026,3013,2,14400,1.34052439429
559915,560520,563610,605,3090,2,14400,1.19579288026
560084,560609,563612,525,3003,2,14400,1.17482517483
560127,561449,564413,1322,2964,2,14400,1.44601889339
560142,561469,564597,1327,3128,2,14400,1.42423273657
560209,561950,564934,1741,2984,2,14400,1.58344504021
560225,561956,565003,1731,3047,2,14400,1.56809977027
560286,562154,565184,1868,3030,2,14400,1.61650165017
560301,562410,565391,2109,2981,2,14400,1.70748071117
560316,562950,565997,2634,3047,2,14400,1.8644568428
560331,563075,565997,2744,2922,2,14400,1.93908281999
560359,563106,566187,2747,3081,2,14400,1.89159363843
560486,563140,566032,2654,2892,2,14400,1.91770401107
560488,563203,566229,2715,3026,2,14400,1.89722405816
560509,563210,566244,2701,3034,2,14400,1.89024390244
560600,563217,566162,2617,2945,2,14400,1.88862478778
560902,563224,566105,2322,2881,2,14400,1.80597014925
563217,563521,564938,304,1417,8,6000,1.21453775582
563229,563624,565057,395,1433,8,6000,1.27564549895
563524,564959,566383,1435,1424,8,6000,2.0077247191
563620,565069,566495,1449,1426,8,6000,2.01612903226
564957,566174,567611,1217,1437,8,6000,1.8469032707
565073,566395,567817,1322,1422,8,6000,1.92967651195
566176,566490,567921,314,1431,8,6000,1.21942697414
566396,566507,567936,111,1429,8,6000,1.07767669699
566491,567624,569041,1133,1417,8,6000,1.79957657022
567168,567830,569254,662,1424,8,6000,1.46488764045
567630,567948,569358,318,1410,8,6000,1.22553191489
567830,568982,570428,1152,1446,8,6000,1.79668049793
568559,569054,570490,495,1436,8,6000,1.34470752089
568935,570301,575276,1366,4975,4,7200,1.27457286432
568937,572748,577615,3811,4867,4,7200,1.78302855969
568940,589196,594062,20256,4866,4,7200,5.16276202219
568944,589602,594331,20658,4729,4,7200,5.36836540495
568978,569266,570691,288,1425,8,6000,1.20210526316
569053,569369,570797,316,1428,8,6000,1.22128851541
569263,569792,571233,529,1441,8,6000,1.36710617627
569767,569798,571244,31,1446,8,6000,1.0214384509
569789,570295,571733,506,1438,8,6000,1.35187760779
570065,570310,571744,245,1434,8,6000,1.17085076709
570297,570439,571871,142,1432,8,6000,1.09916201117
570308,570502,571937,194,1435,8,6000,1.13519163763
570435,570704,572139,269,1435,8,6000,1.18745644599
570498,570808,572254,310,1446,8,6000,1.21438450899
570709,570842,572282,133,1440,8,6000,1.09236111111
570814,571244,572682,430,1438,8,6000,1.29902642559
571214,571256,572700,42,1444,8,6000,1.02908587258
571246,571744,573165,498,1421,8,6000,1.35045742435
571523,571755,573207,232,1452,8,6000,1.15977961433
571743,571883,573314,140,1431,8,6000,1.09783368274
571754,571948,573387,194,1439,8,6000,1.13481584434
571881,572151,573584,270,1433,8,6000,1.18841591068
571944,572266,573689,322,1423,8,6000,1.22628250176
572155,572293,573735,138,1442,8,6000,1.09570041609
572270,572695,574124,425,1429,8,6000,1.29741077677
572341,606376,606407,34035,31,52,210,1098.90322581
572401,606340,606364,33939,24,62,210,1415.125
572461,606292,606328,33831,36,72,210,940.75
572521,606249,606279,33728,30,82,210,1125.26666667
572582,606212,606237,33630,25,92,210,1346.2
572642,606165,606200,33523,35,102,210,958.8
572669,572713,574143,44,1430,8,6000,1.03076923077
572691,573178,574608,487,1430,8,6000,1.34055944056
572967,573219,574668,252,1449,8,6000,1.17391304348
573177,573327,574757,150,1430,8,6000,1.1048951049
573220,573401,574832,181,1431,8,6000,1.12648497554
573326,573596,575028,270,1432,8,6000,1.18854748603
573400,573702,575139,302,1437,8,6000,1.21016005567
573599,573749,575208,150,1459,8,6000,1.10281014393
573648,606123,606152,32475,29,112,210,1120.82758621
573705,574137,575589,432,1452,8,6000,1.29752066116
573708,608010,608040,34302,30,122,210,1144.4
573768,619269,619299,45501,30,132,210,1517.7
573829,670805,670835,96976,30,142,210,3233.53333333
573889,670762,670793,96873,31,152,210,3125.93548387
574115,574156,575574,41,1418,8,6000,1.02891396333
574136,574622,576079,486,1457,8,6000,1.33356211393
574423,574683,576137,260,1454,8,6000,1.1788170564
574623,574771,576242,148,1471,8,6000,1.10061182869
574686,574846,576297,160,1451,8,6000,1.11026878015
574771,575043,576480,272,1437,8,6000,1.18928322895
574845,575154,576590,309,1436,8,6000,1.2151810585
575045,575222,576671,177,1449,8,6000,1.12215320911
575150,575588,577022,438,1434,8,6000,1.30543933054
575570,575605,577038,35,1433,8,6000,1.02442428472
575592,576094,577545,502,1451,8,6000,1.34596829773
575868,576152,577611,284,1459,8,6000,1.19465387252
576099,576258,577702,159,1444,8,6000,1.11011080332
576152,576312,577781,160,1469,8,6000,1.10891763104
576258,576494,577978,236,1484,8,6000,1.1590296496
576311,576603,578042,292,1439,8,6000,1.20291869354
576500,576686,578135,186,1449,8,6000,1.12836438923
576605,577036,578484,431,1448,8,6000,1.2976519337
577015,577052,578514,37,1462,8,6000,1.02530779754
577043,594471,601699,17428,7228,24,7199,3.41117874931
577234,577559,578441,325,882,4,3600,1.36848072562
577356,592370,592984,15014,614,3,600,25.4527687296
577387,590261,590905,12874,644,4,600,20.9906832298
577417,591552,592165,14135,613,5,600,24.0587275693
577425,591044,591679,13619,635,3,600,22.4472440945
577447,592179,592795,14732,616,6,600,24.9155844156
577455,590921,591535,13466,614,4,600,22.9315960912
577477,597301,597909,19824,608,7,600,33.6052631579
577480,591777,592387,14297,610,3,600,24.437704918
577485,593063,593695,15578,632,5,600,25.6487341772
577508,598526,599142,21018,616,8,600,35.1201298701
577511,591716,592354,14205,638,4,600,23.2648902821
577516,594339,594955,16823,616,6,600,28.3100649351
577538,592810,593452,15272,642,9,600,24.7881619938
577541,593710,594325,16169,615,5,600,27.2910569106
577546,597881,598512,20335,631,7,600,33.2266244057
577559,577636,580970,77,3334,4,3600,1.02309538092
577568,590699,591304,13131,605,10,600,22.7041322314
577571,598512,599137,20941,625,6,600,34.5056
577576,598559,599207,20983,648,8,600,33.3811728395
577598,594970,595574,17372,604,11,600,29.761589404
577601,597923,598535,20322,612,7,600,34.2058823529
577606,593467,594082,15861,615,9,600,26.7902439024
577629,591319,591934,13690,615,12,600,23.2601626016
577632,599137,599776,21505,639,8,600,34.6541471049
577637,598507,599122,20870,615,10,600,34.9349593496
577659,594097,594713,16438,616,13,600,27.6850649351
577662,598792,599407,21130,615,9,600,35.3577235772
577667,597931,598541,20264,610,11,600,34.2196721311
577689,591951,592564,14262,613,14,600,24.2659053834
577692,598554,599172,20862,618,10,600,34.7572815534
577697,595589,596204,17892,615,12,600,30.0926829268
577719,595355,595972,17636,617,15,600,29.5834683955
577722,598135,598777,20413,642,11,600,32.7959501558
577727,594726,595342,16999,616,13,600,28.5957792208
577750,589082,589721,11332,639,16,600,18.7339593114
577753,597876,598494,20123,618,12,600,33.5614886731
577758,596219,596834,18461,615,14,600,31.0178861789
577780,590375,590980,12595,605,17,600,21.8181818182
577783,597503,598120,19720,617,13,600,32.961102107
577788,596849,597490,19061,641,15,600,30.736349454
577810,592580,593194,14770,614,18,600,25.0553745928
577813,597296,597913,19483,617,14,600,32.5769854133
577818,589739,590354,11921,615,16,600,20.3837398374
577840,591627,592241,13787,614,19,600,23.4543973941
577843,597247,597862,19404,615,15,600,32.5512195122
577848,591001,591611,13153,610,17,600,22.562295082
577871,592255,592872,14384,617,20,600,24.3128038898
577874,595987,596602,18113,615,16,600,30.4520325203
577879,596035,596651,18156,616,18,600,30.474025974
577901,592885,593501,14984,616,21,600,25.3246753247
577904,596665,597281,18761,616,17,600,31.4561688312
577909,593208,593824,15299,616,19,600,25.836038961
577931,604487,605118,26556,631,22,600,43.0855784469
577934,596615,597232,18681,617,18,600,31.2771474878
577939,593840,594456,15901,616,20,600,26.8133116883
577962,606988,607597,29026,609,23,600,48.6617405583
577964,595404,596020,17440,616,19,600,29.3116883117
577969,593517,594131,15548,614,21,600,26.32247557
577992,601718,602329,23726,611,24,600,39.8314238953
577995,594778,595391,16783,613,20,600,28.3784665579
578000,606218,606822,28218,604,22,600,47.7185430464
578022,606345,606976,28323,631,25,600,45.8858954041
578025,594147,594763,16122,616,21,600,27.1720779221
578030,607045,607662,29015,617,23,600,48.0259319287
578052,605465,606077,27413,612,26,600,45.7924836601
578055,607066,607684,29011,618,22,600,47.9433656958
578060,602349,602972,24289,623,24,600,39.9871589085
578083,604858,605482,26775,624,27,600,43.9086538462
578085,607051,607665,28966,614,23,600,48.1758957655
578090,606419,607054,28329,635,25,600,45.6125984252
578113,599790,600410,21677,620,28,600,35.9629032258
578116,606834,607458,28718,624,24,600,47.0224358974
578121,605494,606101,27373,607,26,600,46.0955518946
578143,600424,601041,22281,617,29,600,37.1118314425
578146,606425,607032,28279,607,25,600,47.5881383855
578151,604866,605488,26715,622,27,600,43.9501607717
578173,599187,599806,21014,619,30,600,34.9483037157
578176,605502,606109,27326,607,26,600,46.018121911
578181,604236,604853,26055,617,28,600,43.2285251216
578204,603599,604215,25395,616,31,600,42.2256493506
578206,605131,605749,26925,618,27,600,44.567961165
578211,601054,601674,22843,620,29,600,37.8435483871
578234,601079,601695,22845,616,32,600,38.086038961
578237,604833,605453,26596,620,28,600,43.8967741935
578242,599820,600436,21578,616,30,600,36.0292207792
578264,602946,603560,24682,614,33,600,41.1986970684
578267,604228,604846,25961,618,29,600,43.0080906149
578272,603607,604223,25335,616,31,600,42.1282467532
578294,601687,602300,23393,613,34,600,39.1615008157
578297,600449,601065,22152,616,30,600,36.961038961
578302,601709,602326,23407,617,32,600,38.9367909238
578327,604204,604820,25877,616,31,600,43.0081168831
578332,602978,603585,24646,607,33,600,41.6029654036
578358,602986,603593,24628,607,32,600,41.5733113674
578363,602313,602933,23950,620,34,600,39.6290322581
578388,603573,604192,25185,619,33,600,41.6865912763
578418,602340,602965,23922,625,34,600,39.2752
581726,582911,583705,1185,794,4,3600,2.49244332494
581729,583722,584521,1993,799,4,3600,3.49436795995
581730,584544,585305,2814,761,4,3600,4.69776609724
582474,587116,590678,4642,3562,8,3540,2.30320044919
583398,589973,594803,6575,4830,4,7200,2.36128364389
584925,585322,588361,397,3039,4,21600,1.13063507733
585169,585251,606875,82,21624,1,21600,1.00379208287
586627,619469,651888,32842,32419,1,32400,2.01304790401
587204,619317,648460,32113,29143,16,36000,2.10191126514
589138,619311,670970,30173,51659,16,57600,1.58408021835
591026,619474,714694,28448,95220,1,345600,1.29876076455
591679,591695,591699,16,4,2,3540,2.0
603138,603151,616602,13,13451,5,28800,1.00096647089
603138,603145,617717,7,14572,5,28800,1.00048037332
603149,603159,617324,10,14165,5,28800,1.00070596541
603161,603172,617303,11,14131,5,28800,1.0007784304
603161,603178,615927,17,12749,5,28800,1.00133343792
603183,615940,629703,12757,13763,5,28800,1.92690547119
603184,616615,631120,13431,14505,5,28800,1.9259565667
603465,608057,608308,4592,251,1,3540,19.2948207171
603874,608062,610107,4188,2045,1,3540,3.04792176039
603962,608068,608250,4106,182,1,3540,23.5604395604
604012,608073,608340,4061,267,1,3540,16.2097378277
604060,608079,608568,4019,489,1,3540,9.21881390593
604132,608084,608453,3952,369,1,3540,11.7100271003
604181,608090,608605,3909,515,1,3540,8.59029126214
604232,608095,608582,3863,487,1,3540,8.93223819302
604281,608100,608612,3819,512,1,3540,8.458984375
604329,608106,608590,3777,484,1,3540,8.80371900826
604377,608111,608621,3734,510,1,3540,8.32156862745
604461,608117,608651,3656,534,1,3540,7.84644194757
604660,608122,608394,3462,272,1,3540,13.7279411765
